2.3509887016e-38 
0.0000000000e+00 
0.0000000000e+00 
0.0000000000e+00 
0.0000000000e+00 
0.0000000000e+00 
0.0000000000e+00 
3.5873240687e-43 
0.0000000000e+00 
0.0000000000e+00 
0.0000000000e+00 
0.0000000000e+00 
0.0000000000e+00 
0.0000000000e+00 
0.0000000000e+00 
0.0000000000e+00 
0.0000000000e+00 
0.0000000000e+00 
0.0000000000e+00 
0.0000000000e+00 
0.0000000000e+00 
0.0000000000e+00 
0.0000000000e+00 
0.0000000000e+00 
0.0000000000e+00 
0.0000000000e+00 
0.0000000000e+00 
0.0000000000e+00 
-4.4236203410e-34 
7.1746481373e-42 
0.0000000000e+00 
0.0000000000e+00 
0.0000000000e+00 
0.0000000000e+00 
0.0000000000e+00 
0.0000000000e+00 
0.0000000000e+00 
0.0000000000e+00 
0.0000000000e+00 
0.0000000000e+00 
0.0000000000e+00 
0.0000000000e+00 
0.0000000000e+00 
0.0000000000e+00 
0.0000000000e+00 
0.0000000000e+00 
0.0000000000e+00 
0.0000000000e+00 
0.0000000000e+00 
0.0000000000e+00 
0.0000000000e+00 
0.0000000000e+00 
0.0000000000e+00 
0.0000000000e+00 
0.0000000000e+00 
0.0000000000e+00 
0.0000000000e+00 
0.0000000000e+00 
0.0000000000e+00 
0.0000000000e+00 
-7.2752109892e-10 
-7.9701196800e+08 
-3.6324290769e+16 
5.9862783572e+25 
-7.6703680000e+06 
2.5970962270e-08 
3.8523193359e+01 
-9.9183272944e+25 
-5.5884868792e+30 
-1.8619820476e-03 
-2.2080856365e+15 
6.1409934915e-09 
-1.7607645287e+37 
1.4762817882e-02 
1.9931954475e-16 
-3.8860113980e+26 
-1.9490216409e-37 
-5.6709492213e-08 
7.6589979422e+28 
-1.8329706952e-16 
1.2845538513e+17 
-3.6110843642e-27 
-1.2737255297e-16 
-9.7545214168e+15 
9.7390380205e-09 
-1.6010178808e+20 
-2.1829322059e+27 
6.0325198410e+35 
-8.4367529825e+30 
-3.1078230909e+33 
3.9047773531e-31 
-1.5634996510e+36 
-1.9617525027e-07 
-7.6948415038e-31 
-2.9258194411e+20 
1.1812520679e-03 
-7.5969318093e+11 
1.0332014935e+15 
3.9539720165e-24 
3.4088410278e-25 
-1.3895389182e-25 
4.2614929752e+13 
2.0996748976e+33 
-3.7438941191e-35 
-5.7450902913e+24 
1.1714768873e-30 
-6.1064059846e-03 
-6.4971804899e+21 
-2.3646533408e-13 
2.8858927544e-03 
9.0770786767e+30 
2.6995587717e+20 
7.1459109895e-03 
-3.6779804692e+18 
1.7183459735e-26 
-6.7865637554e-09 
4.7038123385e+19 
3.6117430742e+24 
1.1835637959e-14 
-5.6135486800e+13 
-9.8252547739e+35 
-6.0496684800e+08 
5.3261410263e-33 
-2.5146992821e-10 
-3.4957358818e-29 
-7.8460142590e-20 
-6.1897690299e+37 
9.5064179556e+25 
9.3766607231e-35 
-4.5320552826e+01 
-1.1328614482e-32 
-8.6218705360e-22 
-1.5489472342e-20 
-7.2181748859e+13 
9.3086618185e-01 
5.3545281867e-39 
-2.2368961430e+15 
-2.6035888261e+31 
-5.9075933377e-34 
6.7796389069e+12 
-4.7829341888e+01 
1.3661860130e+15 
-3.4633382623e+19 
-6.5359872580e-01 
7.1885073306e+37 
-6.9159433102e+22 
5.2372316867e-20 
1.1855631984e-23 
1.0167017030e+30 
-5.3760115934e-13 
4.6203900800e+08 
5.4311590266e-23 
5.3324034459e+34 
5.2597956657e+00 
1.4172001424e-19 
3.2185183704e+23 
-1.4817883788e+35 
-3.0178181559e-38 
-6.8810162019e-31 
-6.3324459076e+01 
-3.7458562743e+29 
-3.5097915923e-36 
5.5431131873e+27 
6.9730974735e-37 
2.1910881357e+14 
-3.1775092793e-05 
7.2698809729e-35 
-1.1104950038e+30 
1.1562172747e-10 
2.6265796875e+05 
1.1664001709e-10 
2.5205121273e+14 
-1.9829960351e+30 
7.9270099493e-18 
1.6811035058e-31 
3.0672192835e+17 
-2.4320800768e+10 
-3.1133615387e+28 
-1.4355951910e+35 
2.4690581177e-11 
-2.0921856964e-29 
-1.5733755740e+12 
3.6712383946e-36 
6.3812740841e+13 
1.1117040180e-02 
-7.0372184382e-06 
1.4183876526e+12 
9.8170901015e-30 
-2.2108935088e-35 
-1.3186964216e-20 
-3.5350246094e+04 
9.5266145233e-13 
1.0542683022e+31 
1.9859966309e+37 
-1.3048130582e+23 
-1.4439003738e-28 
6.9860554675e-08 
-2.8001585007e+01 
4.5003863260e-39 
7.5586380759e+12 
1.1732814605e+36 
-4.6892383441e+26 
5.4754961009e+28 
3.1059839272e+29 
-3.2017787716e+25 
2.6229235166e+24 
-2.9120175340e-15 
1.7438046111e+16 
2.3593611264e+10 
-1.1732876828e+23 
8.7456023487e+18 
-1.5396624747e+26 
-2.9515241268e-38 
-9.5852197290e-09 
1.4828152837e+28 
1.5465414075e+34 
-1.0043541685e-35 
4.9029260651e-08 
-4.0911619710e+15 
-4.3546300633e+24 
-3.0212263940e-36 
6.5511014276e+26 
-1.5517350628e-31 
3.7090075000e+06 
-1.2694176310e-18 
1.4181522509e-36 
1.2806765931e-17 
-1.9826477133e+30 
7.1162456047e-37 
2.3618735720e+18 
1.0806296302e-07 
-1.9525162672e+36 
5.2172223702e+23 
5.1979164359e-37 
1.5783138799e-34 
1.6045559570e+04 
-1.2396945500e+18 
-1.6585527583e+15 
6.0607982189e-24 
7.4022797852e+03 
5.8029408927e-39 
1.2831444256e+33 
-4.4386040508e-16 
3.1419502505e+34 
-1.4170020527e+16 
-1.2061091423e+01 
-2.3159846864e-38 
-1.8183252891e-14 
-2.6180583518e-03 
5.1163784375e+05 
1.3236880320e+27 
-4.9229789797e+33 
8.1691624507e+32 
2.9179775800e-19 
-1.0447502894e-37 
-1.2608001671e+21 
1.2331530468e-22 
3.6986256000e+08 
2.4705020028e+33 
2.1749764656e-08 
6.1863036915e-10 
-2.4767952134e-09 
-3.3671780479e-27 
1.0024300501e-26 
-1.2072412774e+13 
-4.0712112284e+35 
4.0920418537e-34 
-7.0544393950e+30 
-4.9165687870e+27 
1.4594270615e-03 
4.6935750731e+33 
-2.8645366470e-23 
1.0918994597e-08 
-3.8985569045e-22 
-5.8628206716e-06 
4.6698482513e+01 
7.4220861424e+27 
1.9584382976e+10 
-3.2705234338e+13 
-3.3203704735e+22 
-6.1718268414e-25 
2.0199635121e+21 
-1.2196447519e+12 
1.2693849219e+05 
-6.5460878338e+14 
-7.5553118109e-21 
7.3031771112e-19 
-9.2221661512e+12 
3.1103115824e+32 
1.3957145627e+19 
5.4919360262e-21 
-1.7570241197e-35 
-1.0772114552e+24 
-3.6335518777e-28 
2.5636714973e-11 
2.2676189499e+33 
-3.6150871147e-32 
-3.6261613000e-35 
8.9304477890e-27 
-8.0778466547e-39 
-1.5736908608e-05 
-1.0204898804e-35 
-1.5487859381e-21 
1.7677265476e-27 
1.0912895594e-18 
-2.6500522399e-25 
-3.1201384591e-32 
6.5264750000e+04 
-1.2554124407e-11 
-9.0059984359e-07 
-7.9325313137e-16 
-1.3717212863e+14 
-1.3703898464e+14 
9.1521204210e+34 
7.5977193750e+05 
-1.8409728364e-04 
2.5436859730e-08 
1.0974826192e+27 
4.7903129690e+33 
-3.4368156504e+15 
-1.1330023408e-03 
1.4717248000e+07 
-5.7210458593e-11 
-9.1668881065e+24 
-1.7583445810e-09 
1.0487953989e+23 
-3.8942380343e-06 
-1.8485249494e+30 
-1.5907307520e+09 
-8.8628857642e+24 
3.8868091404e+20 
1.5460172974e+22 
-7.7266368664e-37 
-3.2137011401e+20 
-3.1628757715e-03 
6.3591125177e-22 
2.6723090432e+10 
-5.4515474995e+31 
5.6611295789e-02 
1.6332133434e-24 
-4.3306650313e-29 
-1.9175965124e+23 
-2.1380650287e-04 
-4.4257708261e-38 
-1.2005688851e-34 
2.6106933115e+27 
-1.1978746875e+05 
-1.0665035207e-13 
-3.1972735997e-06 
2.0014897536e-25 
-5.1178673949e+20 
1.9719268800e+08 
-9.9191314884e-11 
3.9787397416e-14 
-3.0073399234e+32 
-8.4220549994e+21 
-1.4444078750e+06 
5.4940245731e-16 
1.7774755543e-04 
-3.3454650880e+09 
-2.1842570445e+11 
-1.0521838750e+06 
3.7791967890e+37 
6.4504729406e-32 
-5.1211523166e-21 
-2.0416289492e-10 
-4.9587121189e+33 
5.4441179405e-25 
-1.7007000063e-37 
6.4207643612e-37 
-6.9881493800e-06 
1.5824740353e+37 
-1.2190686523e+04 
1.1318226856e-28 
6.2917245197e+36 
1.5874785024e+32 
-4.9039768919e+28 
2.1008719835e-27 
-9.2723291192e+24 
-3.1728394911e-10 
2.3448099575e-24 
-1.0883187171e-24 
-2.9549680710e+01 
5.9749794445e-07 
-6.0164134785e-10 
5.2640114652e-19 
-4.5270114136e+02 
4.9388432617e+03 
-1.2582264661e-31 
1.5480341966e+30 
1.4596822382e-27 
-8.3381958705e-24 
-1.0636507533e-02 
5.2362480394e+25 
-9.9218796946e+27 
-3.1725770166e+31 
-4.7094795745e-26 
2.9828358533e-11 
1.0006679077e+03 
-1.9131795654e+03 
8.1973993750e+05 
-3.6088674098e+14 
2.3083328140e-29 
-1.5591939664e-19 
-5.2921556445e-17 
7.5281835738e+30 
6.4648909000e+35 
-5.7893953252e-37 
-6.5342318700e-36 
-4.2536944834e+26 
1.7871477098e-07 
1.5952595689e-24 
-3.1838816000e+08 
5.9187960000e+07 
7.0716962501e+23 
-2.3280035994e+27 
6.4272972256e+15 
-5.5882547200e+12 
-2.7334349632e+14 
-7.2479266071e+22 
-5.5133537292e+01 
7.1972608000e+09 
6.5675190000e+06 
2.2996315000e+06 
-5.3015700966e+31 
1.4754331955e-32 
-3.6153089878e-28 
4.7787876024e+12 
-7.4453812417e-24 
-5.9942367928e+35 
-5.1617508096e-20 
-2.1718624417e-14 
1.8905989787e+27 
-2.3804187019e+31 
-2.8845496320e+09 
3.3550439122e+22 
-6.6376344535e+12 
-5.2744735662e-12 
1.1199134742e+34 
-1.5984373890e+35 
-3.6048116000e+07 
-2.3478132428e+38 
1.1302658098e-32 
-9.6024895488e+10 
-3.3197630197e-02 
-2.6199837855e-09 
-1.8151579170e-28 
3.1878153170e-23 
8.6060271596e-20 
-1.6107717297e-24 
-1.3030480853e-25 
-4.1737722266e+11 
-1.2358168308e-11 
-2.0868726192e-10 
-1.9984829862e+17 
-3.9559907625e-19 
-2.4751665299e+34 
-3.0465536838e-05 
-6.3579840418e+19 
-7.9609984630e-22 
1.2119527090e+27 
3.8764749017e+36 
-1.2617572800e+08 
-6.2397551164e+16 
5.2772526622e-18 
2.3027869032e-23 
-1.9884237500e+06 
-4.2384663301e+14 
8.3270060042e+25 
4.0863683898e+19 
4.1556225128e-09 
7.7370429269e+24 
-3.3645860851e-02 
-6.6473938467e-30 
-1.8434820829e-15 
-7.5763747099e+27 
9.5821245903e-13 
9.3863915520e+09 
-1.3672096371e-38 
1.4317084105e+32 
1.3273943319e+22 
3.8138453140e+24 
-4.6228228959e-26 
-5.5146271979e+16 
5.8608231912e-16 
5.1505377721e-30 
1.1944680398e+24 
-5.8164280504e-30 
-2.8140267011e-27 
            nan 
8.2735184749e+33 
1.0574310605e+11 
-2.3433323950e-02 
4.4326977704e+15 
-1.2122430000e+07 
-2.8834868272e+31 
-6.5839234065e-10 
-4.4821439158e+21 
-2.8237671881e-28 
-1.8049063643e+33 
3.0489375900e-19 
1.6440162304e+10 
4.5160524547e-02 
-1.1925910958e-27 
-3.6178336994e-38 
5.5069923751e-32 
4.5253793750e+05 
-8.9521668526e+24 
-1.5884333940e-33 
-2.9091964000e+07 
3.4097198806e-13 
2.7678774058e-33 
4.1642070167e+16 
-7.4181047747e+13 
5.2772253418e+02 
-6.2453430309e-28 
3.0600595200e+08 
-1.9420051103e-05 
-1.9174937549e-26 
-1.3244904960e+09 
-6.7441879272e+01 
1.6845385176e-07 
-1.4412995785e-30 
2.1127650029e-07 
-2.4486131010e-17 
9.3130485962e-12 
1.9508511448e+37 
-1.9237663164e+31 
-8.5233833345e-22 
4.8379881434e-08 
-3.8132604629e-08 
4.8277017333e-24 
1.4204990000e+07 
1.8512131913e-29 
2.7807515000e+06 
-2.0927561195e-07 
2.6888826530e+31 
-3.9664993750e+05 
-9.6127966243e+30 
            nan 
-1.2892662600e+28 
-5.1483171819e+19 
5.3342434636e-11 
-4.4667802734e+03 
-2.5644483065e-11 
1.3139429000e-31 
3.3291609725e-04 
-1.3510952542e+31 
-5.5977272081e+26 
5.6472624452e+15 
9.3715364788e+35 
5.1100570355e+34 
3.3433150055e-27 
-1.2360408893e+20 
9.1731605039e+22 
1.4575185109e+28 
-3.8406835941e+33 
1.6411425607e-33 
-2.5775515000e+06 
7.2280569077e+00 
-1.6433310875e-12 
6.9252484375e+04 
5.9726640888e-37 
-1.8302326765e-08 
-3.3549064636e+01 
5.3473409866e+14 
7.9908362240e+09 
-2.9871823508e-24 
2.6433821359e-14 
1.5402815397e-27 
1.7549809358e-27 
-1.4690589354e+15 
-1.8813685928e+30 
5.7677343451e+16 
-1.2258385205e-37 
5.1344442393e+13 
9.3044476562e+04 
-2.8274842010e+11 
2.8535023616e+10 
-3.5878378390e-30 
-9.1271591863e-17 
-1.4328934712e-20 
9.9440187799e+34 
-8.6032654683e+33 
3.6941128201e-05 
7.6359179716e-24 
-2.8650246700e-30 
-6.9925868989e-15 
-7.0815392683e-21 
-3.9197223186e+00 
3.8513592176e+34 
3.9864336016e-37 
-7.0213818909e+24 
7.8243812140e-07 
3.9495670807e+35 
-8.1824109286e-25 
-1.0657449241e-36 
-1.3320832828e+21 
5.5591715819e-30 
-2.1253750833e-23 
9.6201477976e+36 
-8.2261470379e-04 
4.2966077122e-16 
9.9148159578e-23 
-2.4865752500e+06 
-6.1455250912e-29 
-1.1375808819e-17 
4.3236693995e-35 
-4.8862845194e-12 
4.1586845700e+30 
-8.5167834184e+29 
-1.1297410683e-27 
-8.6710854815e+21 
1.0302454914e+27 
4.3005817047e-29 
-5.8193862222e-26 
4.6958436848e+36 
-2.3011227417e+02 
-7.9946457845e-06 
1.4431402957e+38 
6.3157858446e-28 
-8.4007251335e+18 
2.0211134562e+26 
-1.5007517193e-29 
1.4191089418e+12 
-9.2981763007e+33 
1.1689760510e-33 
2.3341459923e-14 
-3.4322167934e-18 
9.7313208087e+14 
4.0283879343e-07 
-8.5376301101e-28 
-1.9767066898e+24 
-2.7688308364e+38 
1.8127738019e-31 
2.0685598281e-14 
5.3846710000e+06 
-1.7181842185e+15 
-7.4744614369e-37 
1.9798613905e-22 
-6.0531994554e+26 
5.6434355429e-06 
-4.6655495888e+25 
-3.0422538259e-16 
-2.2122275622e+30 
-3.5918136671e+18 
-2.4482134721e-33 
3.0487911250e+17 
4.5114751791e-26 
1.1576738286e+27 
-4.0738552000e+07 
3.1594030559e-02 
-6.0726492279e-08 
-6.4175639432e-19 
-9.5909689135e-25 
-3.0382297496e-38 
2.4841650180e+23 
-7.3134096113e-29 
-9.6469484375e+04 
-1.1940811237e-04 
-1.7401197500e+06 
1.4793790127e-27 
-2.3945774428e-31 
-1.8749004448e+13 
-7.9372793966e-18 
-1.2182971947e+17 
-2.1100834164e+17 
1.4243607424e-24 
5.0978933972e+37 
-2.0396661277e+13 
-9.3094133760e+10 
-1.2132780891e-10 
-6.3460647374e-27 
6.3022839985e-13 
5.3355847168e+02 
-4.8609872366e+31 
-4.8284112052e-36 
-1.1424276531e-36 
-1.3398130417e+01 
9.6237562597e-15 
-2.6976410999e+37 
-1.7304015920e-28 
-1.7345343587e+27 
6.8901444653e+37 
-1.9936164515e+19 
-2.4739357971e+18 
-6.4210209530e-04 
9.2590964410e+37 
-1.2429546771e+15 
2.1025151262e+30 
1.1807655851e+32 
-7.3050927734e+03 
2.1273966879e-02 
5.4793352078e-09 
-2.8078597122e+26 
1.4646704128e+10 
1.7871183809e-03 
-4.7099500591e+29 
1.3729997362e-31 
1.2574259610e+11 
-1.4182301349e+22 
9.1483820525e-23 
-2.5973641708e+12 
-2.4113055477e+31 
-4.7811462706e+35 
1.2688805614e+31 
2.1187958874e+32 
5.6191266917e-11 
-1.6980022265e-37 
4.1904030961e-24 
3.2983630831e+35 
-6.7372051755e+33 
-8.3986016638e-16 
7.3432560000e+07 
-3.6398051506e+18 
1.6398931815e+25 
1.0479693937e+22 
3.9063288000e+07 
1.7124872208e+01 
-9.8515321013e-16 
1.5216695197e-21 
-2.2869546907e-29 
4.6606767923e-02 
3.1180461426e+03 
-1.1339619244e-09 
1.3502636250e+06 
-8.1752290726e+00 
6.7229263767e+20 
-1.8568562913e+25 
-7.4479804416e+10 
-7.4677155353e-03 
-4.7414417108e+37 
-8.0069637749e+31 
-3.7387672732e+26 
-6.8635531815e+29 
-3.9108068127e-39 
-7.9133476562e+04 
-1.1759622811e+32 
4.6319867527e+13 
-6.0052498526e-17 
6.6245234715e-37 
1.5408034762e+36 
-5.2694975494e-08 
-5.6118113850e-29 
4.8254501089e-11 
1.9656730736e-28 
-5.0626965711e-39 
-2.7137991944e+32 
-4.2326679741e-37 
-1.0144040094e+21 
5.3184265087e+35 
4.2242435186e+25 
7.7720131979e+22 
1.4200966446e-18 
1.7643794198e+27 
-3.6659304716e-18 
-1.3372347837e+29 
1.2869745869e+11 
-5.4023770035e-20 
6.6163474168e+35 
-6.7078382123e-21 
9.9328377600e+08 
1.9288466065e+38 
6.2203120000e+07 
-1.5318886426e-07 
-4.2350681181e-38 
-1.8997716709e+37 
6.6820505347e-28 
4.7688987500e+05 
-6.0278000000e+07 
-3.0047057955e-31 
3.4491156314e+15 
-4.4870074964e-34 
3.2218240667e-03 
1.9171740221e+12 
-2.4706531931e-08 
2.1374131593e-39 
1.7569005106e-38 
1.0040352779e+17 
-1.7498948445e-24 
-2.4601718244e-37 
2.8200399124e-19 
3.8133556309e-31 
3.7901786352e-35 
3.9781300217e+36 
3.2195489764e-12 
5.8833198569e-16 
-2.5338124689e-39 
-5.1690265401e-09 
2.6676573713e+14 
-5.3141708060e+29 
9.8205833626e+11 
3.0133779907e+02 
1.2618596000e+08 
-3.5915018950e-34 
1.7900540014e-33 
-3.4310063256e+28 
-4.8577875619e+23 
-2.0139528337e-13 
4.4124763127e+16 
-4.5175494063e+18 
3.9270890357e+28 
-1.8999893420e+20 
8.7240775715e-10 
7.7305293082e-16 
1.4989071846e+01 
1.5082775306e-10 
-1.3845092998e+14 
-1.5127715655e-02 
-7.2721701086e+29 
-1.5565611010e-37 
1.8575133022e+36 
-1.4981516250e+06 
3.5191399342e+34 
-4.9966111183e+00 
6.7530476562e+04 
-2.7136983569e-32 
-4.7949728643e-18 
8.2544945000e+06 
-1.0326076295e+21 
1.1911605290e+33 
-1.3439661380e-35 
-4.1958217346e+27 
-3.6191863573e-32 
-1.6915204669e+12 
6.4716416892e+16 
2.6168407540e-34 
6.0094709760e+11 
1.7109003848e+23 
4.6148079616e+10 
3.7693523277e-28 
-3.6676820514e-07 
2.4834185531e+32 
-7.3151665930e+12 
1.7275473593e+26 
3.4045555592e+00 
1.3682668544e+10 
-1.5480282807e+25 
-2.4832973511e+33 
3.8475200083e+17 
-4.4150409495e+37 
-3.8313752500e+06 
4.9041303866e-26 
1.2556295814e+27 
-2.6497430099e-06 
-3.4577306379e-34 
9.1012265166e+29 
-5.5079796152e+33 
1.2360630901e+33 
2.0186867289e-07 
-4.2347842407e+02 
1.5427591999e+31 
-1.2760381000e+07 
-2.2577950497e-24 
-3.1598834903e-04 
2.3579132059e+21 
-1.7570074463e+03 
3.2561586744e+17 
-1.4732738733e+00 
-4.2395449343e+23 
6.7341548148e+17 
-4.2410541871e-35 
8.4907193600e+08 
8.8250314013e-16 
6.0648156508e-22 
1.0713206844e+31 
-1.2799079892e-31 
6.2020684814e+02 
8.4358247553e+20 
-5.9693277039e-31 
2.0634709219e-11 
3.4610362304e+25 
3.9555885315e+01 
-5.7048652800e+08 
-4.9353183986e+13 
            nan 
3.0559760561e-34 
-7.2420387135e+21 
1.7149897766e+02 
-1.6501902592e-37 
-4.9691570713e-21 
-3.1788872594e+20 
-4.1681656000e+07 
1.7019433435e-03 
-2.4717422592e+10 
1.5742176903e-23 
4.7002053061e-15 
4.8273046776e+23 
-4.1480623381e-09 
-1.8058493042e+02 
2.1764352417e+02 
4.9524480517e-08 
7.6169484375e+04 
4.8102782699e-17 
2.6521892156e+30 
-2.9687579824e+34 
-7.9354134641e-07 
3.2380286000e+07 
1.8832642811e-38 
5.6924675578e-15 
-1.8444603098e+25 
-5.1296951824e-06 
-8.6188342089e-35 
-1.9388123183e-03 
-7.3702151683e+34 
-4.1349598184e-19 
-3.4922106315e-17 
-6.1217704321e+15 
1.5513490485e-16 
-1.2592649979e+17 
1.7346547053e+26 
-2.2229713820e-18 
-4.3006193837e+36 
5.2267305553e-02 
-4.4754636788e-26 
3.2576207928e+35 
1.0337606917e+21 
1.7913295020e-14 
-1.9348311304e-25 
-9.2412648021e+24 
-1.0785989834e-16 
-2.4307267310e-08 
1.8513463312e-21 
-3.9923718592e+31 
3.4306695522e+14 
4.7509936878e-25 
1.9698996095e-20 
3.6604026552e+12 
1.1277697024e+11 
-1.4444500000e+05 
-5.6267166138e-01 
-1.1935473597e+17 
1.4290750380e+14 
4.7493472778e-14 
-3.8380184447e-11 
1.4467879856e+38 
-1.0705970008e+19 
-1.3291790992e-06 
8.8980474572e-23 
-1.1581199044e-20 
1.2356572247e+31 
-2.0448133991e+31 
-3.1807826599e-04 
-1.1091071637e-11 
-1.3001541083e-04 
-4.8785537448e-36 
            nan 
6.2160210254e+25 
1.8144946283e+36 
-6.7768432617e+03 
-1.0465442192e-30 
1.7894742551e+25 
3.5966430188e-20 
-1.0958115126e-05 
3.0315703172e+34 
2.9055648176e+24 
-8.1631613429e+31 
1.4256686523e+04 
-3.4309765747e+28 
4.6285607906e+30 
3.2093625946e-32 
1.8847076789e+28 
-4.0294675907e+12 
-2.9322946741e+28 
3.0175772404e-22 
-5.6101202123e+16 
7.3407717908e-31 
-9.8315409213e-25 
-6.3866680502e+24 
-8.1576630000e+06 
-3.2154655910e-19 
-2.3030013652e+32 
1.1599148438e+05 
-1.1455458432e+18 
8.1131899903e+37 
-2.4594506041e-38 
8.1807234389e+24 
9.7439019660e+27 
-3.1498730667e+34 
-3.8963288998e+14 
-9.7070334897e-14 
-3.2108539241e+26 
-6.1864180000e+07 
-7.6587209702e+00 
-8.0787756514e+33 
1.2767683326e+26 
-2.2679241600e+08 
-1.1094026969e+18 
2.5660815625e+14 
-1.0061232328e+33 
1.2701310547e+04 
9.4408157747e-04 
-7.5156550381e+16 
-2.9868678874e-14 
4.5215546976e-20 
6.0034358480e-30 
1.3051512583e-20 
1.5589492186e+16 
1.1846494675e+01 
1.8757621094e+04 
-1.7847412437e-06 
-2.4161291634e-08 
4.3220463937e+14 
1.0257066482e+36 
7.1418752670e+00 
3.4228835044e-11 
-3.5097614273e-06 
2.1145722270e-01 
-8.7741125299e-07 
-1.4450491290e-04 
-9.7829756158e+36 
-9.2991481446e+11 
1.1645744741e-01 
-4.9067446824e-28 
7.2795302734e+03 
-5.9521780014e+00 
6.0201759137e+32 
1.6595185512e-25 
-1.2043785413e-10 
-7.9101750000e+06 
1.4743668458e-31 
3.0579827122e+25 
7.1022189434e-38 
1.7946929851e-15 
1.8892843574e+33 
1.6968005120e+09 
1.5183706112e+10 
8.0847317729e-10 
-2.4944622518e+36 
-7.5995168686e+00 
-3.3681341573e+14 
-1.0422543880e+17 
6.0006239886e-14 
-1.7375117500e+06 
4.3843393750e+05 
6.7795643825e+28 
-1.0234869087e-18 
-4.3611333937e+33 
2.1506793745e-23 
5.7628342744e+27 
-1.6274323158e-21 
1.6085926308e+25 
7.5854878442e+26 
6.8070359230e+00 
-1.8247657829e-09 
-8.7528095703e+03 
-1.9089917402e+28 
-3.3678690152e+37 
-1.6889213952e+10 
-1.8613237935e-21 
-1.6135477842e+35 
9.4030834734e-02 
-1.7699047327e+00 
1.5010545689e-18 
1.8260927264e+31 
-1.1400470432e-33 
3.1934524020e+28 
-3.5552469105e-21 
6.5491128136e+35 
-2.8184587156e+24 
2.4456243598e+33 
-1.4756405830e+01 
-8.1050963274e-08 
-5.5460082482e+30 
-7.6228240639e-25 
-1.4155624277e+23 
1.6276530079e-39 
-1.7324813556e-28 
8.4949785600e+08 
7.2760346709e+33 
-8.0858690588e+26 
-2.9113088783e+19 
-3.7290913222e+20 
5.3997187024e-06 
-3.0495993588e+25 
-4.8074135184e-01 
6.0791719145e-30 
1.6353988800e+08 
1.0211949207e+32 
-1.3171923996e-08 
2.5109590525e-25 
-1.7278544605e-02 
-3.3113147461e+32 
-5.5931820000e+06 
-2.3554342822e+18 
3.6165492804e-36 
-5.4722396851e+01 
-7.1480570151e-31 
4.7502832414e+20 
-1.8072480336e-02 
-5.3677718520e-11 
2.0325356250e+06 
5.1770145290e+15 
8.4010060588e+18 
-2.9160972682e-12 
3.4033506417e-15 
1.1249302813e+38 
4.2921597848e+32 
-1.2218910383e-18 
-1.4593277534e+30 
-1.0135115356e+03 
-3.6753107966e-35 
1.9331823772e+38 
-1.5637418213e+03 
-3.4083408454e-18 
2.1385342279e-06 
-4.8430569882e+11 
3.5046516977e-26 
1.1527433941e-07 
1.4603886898e-31 
7.0936895985e-15 
2.3718514451e+29 
6.4521237149e-24 
-5.9432588748e-22 
9.2744072329e+33 
-3.1567553388e-23 
1.0100887200e+08 
2.4099991855e-26 
-2.1168148445e-34 
-7.2895833056e+33 
3.9953538560e+30 
1.9042073035e-25 
1.2436862946e+02 
-2.3243248463e+00 
1.9809869141e+04 
-1.2405370319e-15 
8.3597371451e-36 
1.4595622583e+22 
-2.2508547772e-05 
-3.4033388931e+37 
-2.3835303214e-27 
1.5834410044e+31 
-2.5547336868e-37 
-5.5275559425e+00 
4.0994128198e+22 
-6.4543186174e-30 
2.4652046157e+26 
-2.5569956309e-12 
-6.7867279166e-37 
-3.4786358980e-35 
5.8255136812e+16 
-1.6603617386e+32 
-3.1979386000e+07 
-1.8004362396e+13 
-2.5670384046e+31 
6.2010474883e-37 
1.9776675841e-24 
2.2677884000e+07 
1.1995236401e-11 
-3.2902768826e+37 
-2.1478083789e+11 
-1.7284281645e-11 
3.7607713021e+28 
5.8502689626e-07 
1.0011934928e+27 
-1.1659887940e-14 
8.4322306793e-04 
2.4888180382e-21 
1.0371185547e+04 
-1.0988758504e-01 
-9.5166562495e+16 
1.5425438961e+22 
9.2924516552e+15 
4.5999675180e-09 
6.2810266609e-28 
1.4414506250e-24 
5.7097663967e-23 
5.7175940272e+37 
-1.6665848701e-09 
-3.8885575002e+29 
1.2412579563e+36 
2.0768252800e+08 
4.1623364477e-11 
3.3446708253e+24 
-2.9764617793e-03 
-1.5037036544e+10 
1.0066205190e-15 
-2.9820742559e+22 
2.8414201416e-29 
9.8214961919e+17 
-3.1486706575e-04 
-3.2089436160e+10 
-1.4400291056e-22 
1.1294605565e+30 
-3.1823818137e-30 
1.4308900161e+33 
7.1749466759e+22 
-1.4452039532e-34 
1.2044965668e+14 
1.7451030284e+34 
-5.5375889471e+21 
1.8185114329e-26 
4.5905590000e+06 
4.1870314273e-17 
-4.9792268086e-09 
-4.7672075033e-01 
-1.6267993603e-18 
8.5641857449e-23 
-2.8154318596e-27 
1.3376965845e-30 
4.7267387487e-13 
1.2190388401e-34 
9.8581609533e+33 
1.1991608280e-27 
2.2991137686e-33 
5.2680133382e+30 
6.3877446833e+32 
4.6706075894e+12 
-2.8290857600e+08 
2.9117246115e-19 
3.6994383191e+24 
5.8909981250e+05 
-3.8872261737e+24 
1.5698295319e-03 
7.4761888832e+30 
2.0291436250e+06 
-1.1471495975e-09 
-3.1464590625e+05 
8.2443185000e+06 
4.6687494894e+29 
1.3854305129e-27 
1.0696296273e+24 
-3.8669549394e-03 
-7.9288449027e-24 
3.9728879055e-32 
4.1309135360e+09 
1.2111364971e+22 
-1.0255489178e-04 
-3.4631252443e+13 
4.5522234390e-38 
1.1134462124e+32 
9.1654964841e+26 
-2.6280225407e+13 
-4.3303849176e-22 
1.1520976303e+14 
4.5699729867e-07 
3.3224166277e+20 
-2.9031177462e-08 
6.0596280138e-29 
2.1192819986e-05 
5.1467554476e+23 
2.2906343079e+02 
1.0935743935e-16 
-8.5218244667e-32 
3.5461839636e-37 
-1.2555388776e+16 
-1.1018292724e+30 
-7.1259793239e+36 
-3.3251749241e-29 
-3.6350568657e+20 
-2.1464366400e+08 
2.2654035346e-29 
2.3778552189e-02 
-2.9832277872e-33 
-1.3182803275e+36 
5.3198068000e+07 
1.0075718125e+06 
-1.5740894810e-07 
-7.1672016373e-39 
-7.1654993399e-38 
5.2632846336e+11 
4.1713576004e+15 
3.1505072684e-07 
6.4466003418e+02 
-1.2370332205e-17 
-5.7495506843e-21 
-2.8366192037e+15 
-9.5214372398e+37 
2.5412301596e-08 
3.1180955000e+06 
4.3309052734e+03 
-2.5769733014e-08 
-3.2734099505e+33 
-1.2490610884e-17 
3.9346374663e-33 
-4.9456866577e+23 
-1.1589771569e-13 
-3.1719731008e-11 
-1.5433725490e-29 
-7.1248259457e-36 
-1.6463735766e+36 
-4.9677228997e-10 
1.2265865336e-38 
2.0648381922e-35 
6.2697603644e+28 
-1.4674284233e-20 
            nan 
-8.1944525357e-15 
3.7458715000e+06 
7.8400457888e-25 
            nan 
1.4307478271e+15 
-2.5106068701e-02 
5.1416552734e+03 
-1.5692818022e+12 
5.8174064636e+01 
1.7582917636e+25 
6.2548893452e+32 
-6.9601125717e+00 
-8.9500672562e+17 
2.1421887701e-12 
-5.4719242188e+04 
-3.3082666050e-05 
1.5236155014e-04 
-6.3486652580e+12 
3.7725659684e+23 
-5.4396106472e-16 
-1.0292290151e-01 
-5.0327112515e+16 
-2.0668019379e-11 
1.7678703553e-12 
-1.0174814730e-23 
2.5708489762e+14 
3.9502711296e+00 
-2.2332051572e-19 
-4.8366902660e-14 
2.3795646840e+26 
-9.2254200022e-20 
1.4246950400e+09 
-6.6130238462e-21 
4.7932792120e-18 
1.1317054940e+29 
-2.6604912861e-30 
4.7134687185e+37 
-2.5611766232e+34 
-7.6854517683e-03 
-5.4116097912e-23 
-2.1500820359e-19 
3.5928662016e+10 
-1.6238229511e-11 
-5.1719936473e-31 
5.3588605887e-28 
1.4721148263e+29 
-8.5683295643e+14 
-1.1623390544e-23 
1.2437473144e-30 
-1.5365162384e-29 
3.4859852023e+29 
3.4704875068e+19 
1.7225516494e-03 
1.8306046783e-12 
-1.7790496875e+05 
9.3461228550e+16 
-1.9022737552e-10 
3.2506140842e-15 
7.2487668159e+29 
1.9425400063e+17 
-7.5879010051e+15 
-2.6599434486e+12 
-1.6518200141e-09 
8.6941147929e+31 
-1.4445569832e-05 
-3.7474915799e+37 
2.6792591360e+09 
1.1599879358e+27 
-1.5189864815e-24 
6.2613491827e-31 
5.3858742599e-27 
-3.5529378802e-02 
1.2634881895e+27 
-1.9171931442e-22 
1.4726712155e+29 
-8.7624559121e+15 
-2.6327128306e-22 
-3.4248001841e-14 
3.6103771914e+13 
3.0253278808e+34 
-4.9463987874e+35 
8.8052547718e+35 
2.5336162205e-13 
-1.5672526960e-28 
-1.3564725760e+09 
-8.5283963342e-35 
-3.3077036133e+03 
9.6884174446e-18 
3.2169922560e+10 
-1.0760533824e+34 
-8.5953214262e-18 
1.2328772829e+13 
-2.6425161133e+03 
-3.8692810824e-33 
-3.2169541583e-37 
-1.8743203254e-03 
6.0728886836e+28 
3.1654367267e+28 
7.2558829561e-03 
8.6310970783e-01 
7.3756418750e+05 
2.4005510000e+07 
-3.5339049186e+19 
-6.9829073240e-16 
-2.1101422151e-33 
9.7481104808e-36 
-1.7895860633e+16 
1.6326003750e+06 
-3.7791178240e+09 
-3.2186587922e-13 
-4.6656915934e-14 
3.9478195106e-19 
5.5435589626e-20 
-6.8921777115e+28 
-8.6314957095e+26 
4.8340504932e-09 
2.6428116566e+14 
-1.0817345000e+07 
6.8806465539e-35 
4.0808780800e+09 
-7.9336239631e+34 
3.0123305109e-13 
-8.4289485713e+37 
3.6422167905e-03 
8.5773676497e+27 
-8.0737311237e-07 
8.2408755569e-31 
3.4570660408e-14 
-1.6300457064e-03 
3.8497661133e+03 
6.8921326979e-11 
6.3833734666e-18 
-4.7186606250e+05 
-3.2527661133e+03 
1.1889867403e+35 
-4.3750667133e-36 
-2.8786698159e-22 
8.3910472691e-02 
8.6404260354e-25 
-1.4502323515e+20 
1.7486944472e+33 
-2.1060311218e-17 
2.5605330031e+20 
2.9779533073e-34 
-7.9536640000e+07 
2.0850960000e+06 
-1.5270436043e+35 
3.4281531536e+36 
-2.2998153467e-26 
-6.5158429157e+16 
-1.9217682927e+36 
1.3720397500e+06 
1.3871010688e-38 
-1.3576570836e-06 
2.3481218499e+12 
-1.4309743224e-38 
-4.0273561995e-32 
-5.6129581220e+13 
-1.0771567867e-34 
5.5031801600e+08 
-5.8889278003e-12 
-9.4665092421e+19 
1.2245619129e-35 
3.2286643950e-18 
-1.5997325804e+12 
1.0599911129e+13 
2.2615561867e+22 
-5.6722768725e-32 
3.0721661155e-38 
-2.7819636736e+10 
1.4737686523e+04 
-3.0992473298e+28 
5.6436476000e+07 
-3.3921417538e-18 
9.1576844487e-38 
1.1265184784e+02 
6.8544481725e-19 
1.6176002083e-24 
6.0581153893e-34 
2.0179271966e+36 
1.1929654330e-01 
3.4002354516e+21 
6.6944432784e-22 
-3.6462097920e+09 
-6.3528874405e-28 
-3.1842352274e-32 
2.8768901757e-05 
-3.4527960211e+17 
4.1705993190e-17 
-2.3767934000e+07 
1.8568698438e+05 
4.1663690240e+09 
-2.1025865326e+33 
3.3105418177e+22 
9.6187832320e+09 
7.9633771520e+09 
-1.1284054580e-07 
-1.5245972182e-32 
-5.8049177909e-08 
-9.1525086441e-35 
1.7397157630e-20 
1.2098949219e+05 
1.1393065018e-35 
-2.1091370835e+28 
-2.0472641252e+18 
1.9479632636e-32 
9.2337117386e+21 
-2.0521268240e-08 
-1.4931438750e+06 
9.8364509887e-24 
-5.4803031687e-13 
1.3240765265e-17 
4.9441643774e-37 
-9.3341229043e+14 
            nan 
2.1878061308e+27 
-1.3368491008e+10 
1.2859930358e-25 
-4.9335315428e-14 
-6.9413128014e+29 
3.1576949156e+24 
3.3819386363e-01 
-1.4604591675e+18 
2.2541875471e+15 
-4.8928800822e-36 
-2.3241439744e+15 
-9.7444759178e+16 
-1.3566385633e-06 
5.2190804309e+19 
-2.4991724816e+15 
2.9387527946e-21 
1.4991918450e+20 
1.5873898438e+05 
1.1435177285e+15 
2.9883781653e-25 
1.6936620236e-18 
-7.7704262871e-27 
4.4699788683e+26 
-8.7566350566e+29 
-3.2569196181e-20 
-1.4277846212e-21 
-4.2473899487e-19 
-2.2286517023e-38 
-6.2135004500e-31 
-5.0826246556e+33 
1.7112317675e+26 
-4.3483583968e-34 
-2.2025561556e+30 
-3.8109023358e+14 
4.7461362415e-38 
-5.3162407258e+15 
4.3676598580e-04 
-2.0374596230e-26 
5.9566505374e-12 
3.7449175678e+35 
-5.0144877486e-31 
8.3203101011e-26 
-1.5374001866e+15 
6.2800832458e-21 
1.4058192570e-24 
            nan 
4.3314935121e+20 
3.9998924732e+00 
-1.8303980808e-18 
1.1221513064e+14 
1.0989685292e+16 
-9.6851655177e+34 
2.0962973808e-38 
-6.3688639790e-35 
-2.3000753635e+13 
4.0748586655e+00 
5.7644224000e+08 
-4.0321350525e-07 
5.9325613845e-24 
-4.3890847305e+26 
9.6179759954e-36 
-9.9128676099e-17 
-4.1271709768e+15 
-1.1932625812e+37 
-1.3334123302e-12 
-4.1693584349e-12 
-8.6296044892e-16 
8.9183620770e-22 
-4.3245834634e-15 
4.0929793750e+05 
-5.9943575924e-24 
2.9773732091e-11 
6.6946564203e-18 
1.1683731966e+36 
-9.0184104280e+13 
-1.4319932480e+22 
2.6308448944e+25 
-4.0914672100e+18 
-2.9010556928e+10 
6.8586418152e+01 
-2.2402554665e+24 
-4.0694880486e+00 
-2.4405881882e+01 
-1.8497822720e+11 
-2.4466171904e-24 
5.0120467675e+36 
9.1578316606e+17 
-1.3631755387e+13 
-9.2058244408e+30 
3.1543298529e-10 
1.7500375106e+17 
-1.0253489646e-36 
-1.5176018850e-27 
-2.1949705505e+02 
2.5818753304e-18 
7.1723933220e+00 
5.0855219570e-17 
6.8935095537e-27 
1.7635454000e+07 
-1.8719408208e+23 
-7.8114492188e+04 
4.6326345728e+10 
-5.3548477440e+09 
2.1499178934e+32 
5.6248318751e-29 
-3.7071657410e+19 
2.7426111563e-15 
-3.5991385410e+35 
4.6137995720e+00 
-3.1970374696e+20 
8.5538835772e-33 
-1.9045216527e-17 
-1.1336966757e+20 
4.0675827102e-21 
-3.3026715811e+16 
-1.3701296102e+26 
6.0247115730e+28 
4.4351812452e-02 
-4.7835067885e+21 
-2.6827359650e-30 
-7.4430537728e+10 
1.7586602993e-19 
-1.1466630157e+18 
-1.1678186779e-20 
7.1626648831e+15 
-1.5417298438e+05 
2.0648379282e-33 
-4.1099136726e-35 
2.1321864777e+16 
7.1460941857e-34 
6.0359060901e+16 
2.4877863234e-16 
1.1932992190e-01 
-5.0416976404e-22 
1.7360342368e+15 
-1.2289327102e+33 
-1.8941868409e+21 
-1.4424687683e-22 
-3.0544666823e-35 
-6.4070133747e-12 
1.0312441390e-07 
3.4526351773e+27 
-3.4041177702e+11 
-2.8278199985e-20 
2.7872727997e+17 
-4.9515817261e+02 
4.1584140575e-08 
5.1539333747e+22 
-1.1542410361e-09 
1.2683322327e+12 
-3.8464550744e-04 
3.8997784967e+15 
2.2218527018e-09 
-4.8656351451e-34 
2.3944849330e+20 
3.7602730717e-13 
-3.6365095391e-24 
2.7957767259e+28 
-7.9562853537e+17 
-3.9426179415e-23 
-3.6131983516e-10 
6.2085266346e+20 
-1.7181517933e-06 
            nan 
3.3619759256e-23 
-1.4628382913e-35 
-3.7530646362e+28 
-4.2278109002e-32 
1.2594159139e-15 
-3.3793596085e-03 
1.2955811523e+04 
-4.3007807617e+03 
3.4584183183e-16 
6.2018223948e+16 
2.3255776764e-35 
2.0078541270e+15 
-3.1025259552e+22 
2.4259348398e+12 
-5.7015710894e+22 
-1.8775983581e+33 
-1.9719774174e+26 
-2.8835561053e+19 
2.1605955505e+02 
-3.3400411626e-17 
-1.6492756992e+12 
-1.5274978504e-10 
-2.0555218936e-37 
-2.5257051237e-21 
2.1097286224e+01 
-1.6454934969e-34 
7.5204085617e-29 
-2.7637291974e+26 
-3.7110345459e+02 
2.1004152832e+10 
-8.1716291267e+35 
-7.9753947958e-24 
1.7991599959e-34 
-4.2754459695e-11 
-3.7925122888e-04 
-7.4168618905e-15 
5.9087908055e+23 
-1.1814768186e-06 
-1.4734933594e+04 
9.4125251948e-28 
-3.3960186411e-03 
6.5325284290e-21 
5.3207333850e-33 
1.3123655317e-15 
-7.6197430873e+14 
-4.7156257770e+28 
3.2855328505e+20 
1.4602684368e-31 
-2.6895403975e+14 
-1.3689450498e-05 
9.2277905212e-31 
-1.1791997696e-35 
1.0560579725e-18 
-7.0501814446e-37 
1.5018214981e-05 
-2.5755574735e+37 
3.2871922279e-14 
-2.7332475259e-33 
-2.8442576957e+16 
-1.0962878837e+34 
3.1143835341e-12 
-2.9314515877e+17 
1.8412848002e-32 
1.0559349219e+05 
7.1604440564e-06 
8.3861227881e-38 
-5.3569188149e+20 
3.7177082896e-01 
4.1241397754e-27 
8.0243256662e-07 
-7.7290531028e+32 
-1.6682691229e+30 
-2.4906732686e+32 
-1.1137628087e+36 
-3.8252704895e-21 
1.9598362036e-14 
-2.1452508981e+33 
1.4660935242e-21 
-2.9895873047e+04 
9.0813358176e-23 
2.5948118210e+01 
6.7985283923e+33 
-6.4804191589e+01 
-4.3569366864e-11 
-6.3042818078e+29 
-1.5938898419e-29 
-1.5580325269e+31 
4.4785123879e+14 
1.7426287019e-22 
-2.1848675757e-08 
3.0564486704e+21 
-4.7873266006e+30 
-5.0479468324e-21 
4.7742770386e+02 
-5.2413311049e+37 
1.6552711202e-07 
-4.3685321067e-14 
2.8125793960e-06 
-4.8449488027e-39 
2.5042173297e+12 
1.4153436428e+23 
-2.8882877402e-25 
1.1701276331e+24 
-4.1418746094e+04 
-1.6858798750e+06 
-2.6307997996e-36 
9.8494464744e+33 
-5.2139495927e-14 
5.8889914135e-24 
5.3994537844e+16 
3.9084849254e-27 
-1.2626863250e-36 
2.9667280182e+36 
-4.9821847226e+25 
2.6171702583e-09 
-6.5370105600e+08 
1.4630745931e+23 
-2.0129487893e-05 
-1.3734431949e+13 
4.5522097960e+29 
-1.2185940774e-19 
1.2656958310e+16 
-6.2096944690e+37 
-7.1584221472e+35 
1.2896787071e-15 
1.0120117189e-08 
1.2372552224e+27 
-6.1978359010e-23 
2.7119252086e-01 
-2.3139214201e-36 
-2.1554897382e-32 
4.3706137749e-14 
3.2161811188e+17 
-9.4473878759e+16 
-1.0260020507e+23 
-6.7775242031e-02 
-4.5649818950e+36 
-6.9413878050e-30 
-1.7967186282e+27 
1.0489630598e-26 
-1.5469344113e+38 
1.2020348669e+30 
-6.5357008361e-33 
2.0166345753e+13 
-7.1156393750e+05 
8.2886386048e-20 
1.7807489304e-34 
-1.2550231746e-16 
-1.1853837961e-36 
-1.5483080409e-02 
-7.1547029412e-10 
-8.6939510000e+06 
1.8704667131e+15 
7.6819816589e+01 
3.9196915200e+09 
3.2860988658e-32 
-7.5191340446e+00 
2.9061993155e-13 
3.6003345920e+09 
1.7504858674e-09 
3.2398266327e-33 
1.8522071654e-09 
2.0691573622e-16 
-2.6535474038e+16 
6.8047488026e-21 
-5.0337640956e-28 
2.8402341309e+03 
-7.4057514460e-36 
-9.6823040448e-29 
-4.0013802431e+15 
2.9113336578e+34 
1.7660531618e-32 
-5.2469099520e+09 
5.3133182531e+19 
-7.6144621444e+36 
2.4262105853e-26 
2.4610663301e+12 
-6.0543871463e-24 
-6.4720701580e-38 
5.7727305591e+31 
-7.0665125665e+36 
-6.9300825708e-03 
2.2888591309e+03 
6.4877238339e+29 
-2.1882811596e+30 
6.1957653186e-34 
-2.5770014882e+19 
-1.1836128472e+32 
-5.6073465871e-09 
-6.4583622656e+10 
-2.2001185615e+38 
-1.3711858797e-13 
3.8888576551e-34 
-1.3629575729e+01 
1.6984927516e+24 
1.7362342631e+27 
7.2724263074e+37 
3.1330129132e-03 
-2.5275887286e-11 
1.2206809570e+04 
4.1785944860e+14 
-9.4185180032e-24 
6.2019319164e+16 
-8.1841610578e-29 
5.5382580466e-11 
7.1344392525e-14 
-1.5964382842e+36 
-7.6678914865e-17 
3.3178236598e+20 
4.4225590000e+06 
-3.8523532291e-33 
-5.9978491087e-14 
-4.0645785502e-29 
-2.7468031160e+15 
-4.4018472216e+14 
-1.4854186702e-05 
7.8144344329e-09 
-6.1595643387e+36 
3.4000205824e+10 
-4.2126840567e-38 
-9.8941938072e-34 
-3.6415954773e+34 
4.2061112415e-16 
3.1492924940e-30 
2.2968311790e-32 
7.5473001999e-16 
1.7841432013e-23 
-8.5750694543e+12 
3.6103724474e-23 
-3.9560073775e+18 
2.1793143679e-10 
-4.2049369600e+09 
-5.3353096247e-11 
-1.2497009266e-05 
5.0626248067e-25 
1.8513017600e+09 
-3.3062987740e+35 
2.5894120325e+12 
5.8054240005e-26 
-1.6268772126e-24 
3.9765145605e+30 
6.3690542618e-08 
8.1926815212e-02 
2.2558329627e-02 
1.7426340511e+36 
4.5574056960e+09 
-1.2013732456e-02 
1.0045674019e+37 
-3.6503846612e-09 
7.0681660524e-09 
-9.7486319827e+29 
-1.7416830000e+07 
-4.5158594746e-12 
2.8604808202e-16 
2.0742456653e+31 
-1.0288815998e+33 
-2.0663344017e+15 
-4.6977829456e-32 
-2.9544562486e+16 
1.7106310138e+17 
9.6460633157e-18 
-1.3612881338e+28 
1.3625854400e+08 
-2.4420415488e+10 
-1.4747768827e-28 
3.3753699200e+08 
            nan 
2.3879688926e-23 
6.7327969198e+12 
-6.2987545013e+01 
3.2377123047e+04 
-2.6877598451e-27 
-2.0016708770e+37 
-4.9946371773e-14 
7.4929408768e-24 
-2.1867277071e-31 
-7.6179321252e+27 
9.6148006618e-02 
1.0604416205e+12 
3.3563214761e+19 
-6.5516758807e-30 
-1.7189451904e+03 
-3.7751812267e+24 
7.1888720671e+31 
-2.2160184383e+00 
1.1702064251e-14 
-1.2307299186e-22 
-8.3352357554e-39 
-1.5057700073e+17 
-4.2703103183e+16 
-3.2984816101e-15 
-2.2445395804e+12 
-8.2783859398e-05 
1.3445095647e-05 
-6.9595694185e-06 
-6.9547776056e+31 
6.4474584178e-06 
6.9410306495e-12 
-6.6599131436e-30 
-8.6576965675e+29 
-3.9378074342e+24 
-4.7610180647e-30 
-2.6134486198e+00 
4.1636200043e-10 
4.3684463203e-23 
6.4670209292e-12 
8.9738076925e-01 
4.2119245417e-35 
1.2941114080e+26 
8.8469375000e+03 
-2.2280232770e-08 
-4.7886770504e-15 
6.2526776758e+27 
-2.8996924502e-27 
2.4239867926e-03 
1.5933423470e-09 
1.8125708224e+15 
1.7379376478e-20 
1.9115582769e+18 
-2.1579206876e+29 
-5.6439379392e-08 
2.5267658528e-24 
1.5669480215e-23 
-8.1872183084e-01 
-4.2553018880e+09 
-5.9095942383e+03 
2.3321239232e+28 
1.1622419693e-09 
-3.3555757999e+00 
4.7191165924e+01 
-2.6344606400e+01 
-7.9461582005e-02 
-6.5033198705e+37 
1.3711393811e-02 
-1.1131400382e+23 
2.2334479372e-13 
5.3800616017e-30 
2.4458503612e+30 
-2.5327636719e+02 
-5.9952477011e-14 
1.0850596862e-27 
1.0951211622e-36 
-4.9608808360e+14 
4.5671427200e+08 
2.4972736218e-16 
-8.9087307453e-01 
8.7304126804e+35 
1.1277298313e+15 
1.4658016660e+32 
-8.3494518569e+15 
-1.5868056430e-19 
-1.5918783927e-20 
6.3100845960e-15 
3.8046239770e-11 
1.4777022469e-17 
1.5290612406e-34 
-9.8793316283e-05 
2.9105006250e+05 
1.3736358960e-04 
-3.7625375571e-16 
-3.0539932818e-33 
-6.8281779503e-19 
-6.6311345100e+00 
-1.5133075436e-21 
-2.4212366950e+12 
2.0331768749e+34 
-3.0805012041e+14 
-7.9097765888e+10 
1.8124734899e+23 
-6.8961197365e+26 
-5.2564291604e-34 
1.0016747196e-27 
7.4466217914e-11 
-1.8770577386e-02 
-2.1686504838e+18 
1.0855580672e+10 
1.8183396033e-20 
-4.2526980825e+25 
-3.1587161676e+34 
7.1760956644e-07 
-3.7805298535e+31 
-3.8089977271e-14 
-2.1532075006e+25 
2.8328647487e+36 
2.1342629919e-33 
1.5285617882e+16 
-7.7129810820e+33 
-1.4025997710e+36 
3.4675738010e+17 
3.0240088201e+18 
-2.8957738656e+31 
-2.6976165771e+00 
-2.9226155005e+32 
-5.5418116972e-05 
-6.2903747559e+00 
-3.6118746882e-12 
-3.0290101698e-35 
7.6607909715e+19 
-6.5927944851e-30 
-6.9269026802e-18 
-6.3308730826e-38 
1.0595890400e+08 
1.1809357896e+17 
-1.2195363534e-13 
-4.3045905260e+28 
7.1224667132e-02 
3.5050881793e+23 
-2.6393712460e-07 
-1.4025358669e-37 
-2.8047706634e-31 
6.9192683839e-22 
4.1044686805e-04 
-7.6457957356e+31 
-7.3235930544e+25 
3.9765574513e-22 
1.7974577600e+08 
-1.5045421402e-16 
7.1235409663e-36 
2.0201994240e+10 
5.1418605835e-06 
-4.0338045786e+24 
2.2093438000e+07 
2.6233416680e-22 
5.5685588976e+13 
2.2896065905e+13 
1.8040788196e+21 
-1.2288514404e+03 
-1.0550948136e-11 
-6.0986106414e-29 
-7.1643141505e+15 
1.8570796986e+24 
-1.7899153754e-02 
2.9830055199e+12 
2.2888668847e+16 
-4.6326754761e+02 
1.1063236808e+31 
-6.3172505773e+26 
-1.9782851637e+18 
-4.0638776788e-09 
-6.2356942892e-01 
9.8275462458e-16 
6.4126755121e-12 
-9.9386203832e+12 
1.1116351000e+07 
1.1501699768e+19 
-2.5921967699e+33 
1.3685509974e-12 
-7.6450398661e-25 
1.2236069888e-01 
-3.0997917566e-27 
-8.7508674693e-23 
-1.2133012720e+25 
1.4131198976e+10 
6.4110844000e+07 
-1.4993885088e-05 
-6.7220797391e+13 
-1.8877346247e-13 
-8.0663825600e-33 
2.2872724583e-26 
-7.7584654336e+10 
-4.9519129974e-37 
-4.8491238823e-23 
1.0719060917e+30 
-2.1480159084e-33 
-9.4053989124e+36 
-5.6121431852e-17 
-8.3343764480e+09 
3.5898278809e+03 
4.7247392665e-09 
1.3909992428e+35 
5.4376941632e-36 
-1.1487817019e-01 
2.0926604730e-26 
1.6269589978e+27 
9.0480072021e+02 
1.8529411633e-39 
3.2071952592e-04 
5.0062403043e+13 
-2.4806977417e+22 
-1.9024289207e+32 
7.6277383878e+34 
            nan 
-2.7283616338e-11 
-1.1507146294e+33 
-3.2593490323e-04 
-1.3144160666e+11 
-4.7783547390e+31 
3.1411995000e+06 
-3.8588889312e-29 
-1.0330076189e+30 
-1.5032497106e-28 
-1.0997346180e-05 
-1.4953262894e-16 
-7.0460282971e-24 
1.7645768383e+30 
8.3073803903e+31 
-7.7063750435e-39 
3.5422547353e+16 
            nan 
4.1360838697e-23 
7.8661200585e-30 
-5.1913371425e+28 
-4.7166990625e+05 
1.7826930897e+20 
2.5788588279e-11 
-2.0041602926e-12 
-6.1550561853e+12 
-7.4245130687e-21 
-1.3524582343e-08 
4.6704387507e+27 
-5.4578483955e-09 
-1.1811252764e+34 
-2.3869334400e+08 
2.3364382117e-16 
-4.1729782186e+35 
-1.4246951011e-23 
-3.8896102400e+09 
2.9462173710e-26 
3.3971971273e-01 
-2.9609736916e+33 
2.0155695687e+17 
-1.2887718912e+10 
1.0682937522e-17 
2.8703946240e+09 
7.6802444612e-12 
-1.2078074688e+29 
2.3940943182e-01 
3.9602560949e+22 
1.0619981913e-03 
3.5149890419e-37 
-9.2742364508e-36 
1.0496695680e+09 
1.0178215237e-27 
-2.4288621083e-37 
3.1063864136e+02 
2.0188086019e-19 
-8.1792117596e+20 
-1.9319801420e-38 
-8.2725287731e-10 
-8.0661476080e-32 
-4.5987580000e+07 
-4.0277227602e+12 
7.8884344000e+07 
-1.1807350120e-06 
-1.3645113848e+18 
3.1832681357e-16 
-2.3909376921e+28 
-8.4383536400e-13 
1.8117807806e-01 
2.3547407327e-32 
-6.1810638248e+21 
5.5950266335e+13 
2.1356325294e-38 
4.4055580997e+18 
-2.5308543651e+33 
8.5112120260e-13 
1.7725858154e+03 
4.6645259857e+01 
1.5202647465e-20 
-1.4202293037e-18 
2.9348985288e-20 
-3.0540135368e+15 
2.6133217483e+38 
-2.6374353978e-18 
4.7140564992e+10 
8.3431355000e+06 
-3.4640540252e-04 
-7.6530495426e-04 
-5.7562286966e-03 
3.1620027585e-05 
5.9889865289e-10 
-5.3131583400e-07 
-1.5673445463e+00 
-4.6877885325e-05 
3.2889152768e-33 
8.1016824717e-34 
8.4872154317e+11 
5.3319289088e-12 
2.4293660289e-26 
-5.0632841192e+20 
5.3377970079e-32 
8.6400649134e+15 
-1.5694022470e-10 
1.8302462400e+08 
1.0618461245e+25 
1.3014397279e+35 
-5.2411607946e-20 
-1.2884028424e+13 
-2.5339066723e-31 
-5.5532909496e+28 
2.5570670080e+09 
1.6188097663e+22 
-1.3282059102e-28 
-9.6297714247e-10 
-2.5732011258e-16 
4.8504086164e-11 
8.7163167902e+27 
-2.2140988609e-24 
-5.2426436608e+10 
4.7953128048e+37 
1.2024295654e+03 
1.7903492526e-26 
-1.6499457965e-34 
5.1808163743e-14 
-3.3173018549e-25 
-1.1673754312e-17 
2.2807397879e-38 
-4.8603209004e-32 
4.2064473033e-01 
3.6825251105e-19 
-2.6045131200e+08 
-6.5839678598e-08 
-2.6281589395e+15 
2.3244976140e-32 
-5.1185612249e+28 
2.7956627356e-13 
2.7730262547e-33 
-3.1195344753e-24 
3.1631984494e+22 
9.5092011135e-19 
1.6099819336e-38 
1.9178698438e+05 
-2.6287185367e-27 
5.7113740350e-33 
-5.7262146002e-25 
1.2697740556e-25 
2.9854781943e+19 
2.8831974586e-09 
-4.5219101900e-12 
1.0255304369e-04 
1.3930698438e+05 
-7.7016384607e+17 
2.1690848371e-05 
1.0059446272e+10 
6.0813355517e+21 
-1.6370041235e+34 
-5.5053350271e+31 
-8.6877833665e+26 
3.1093706373e+26 
3.2052604000e+07 
-2.7261003366e-33 
4.1333718400e-05 
2.9963188385e+14 
5.3238474765e+25 
-1.7910760889e-28 
-9.7455592000e+07 
-3.0438749862e-19 
3.1807423966e-06 
7.6906319053e+11 
4.2697488093e+20 
2.7996878258e-32 
-1.5534326172e-16 
1.5690325483e-07 
-5.0487596417e+13 
2.9676001139e-17 
-1.3282599511e-18 
1.6846046931e-20 
-3.9143300748e+21 
-2.1794940000e+07 
2.6671016693e+01 
7.1700010837e-14 
1.5415295707e-07 
-4.9441743785e-30 
1.7319475073e+31 
1.7232156777e-38 
4.4681187715e+34 
-1.3767778233e+37 
-1.8430051200e+08 
-1.6296528866e+26 
4.5674805657e+17 
1.8539513766e-19 
8.6398006166e-26 
1.7558427601e+17 
3.6746728634e+18 
-2.1744449536e+10 
3.2098521986e-17 
-7.0433206037e+25 
8.9529777527e+01 
7.6991645614e+12 
3.3579260000e+07 
3.6039334822e+13 
-3.6458259254e-37 
4.3649635200e+08 
3.9760871235e+35 
-9.9039999833e-27 
-9.2718943200e-23 
7.1795488231e-25 
-1.9192452262e+24 
-4.9832338452e-25 
8.0926469082e-07 
6.8237630898e+13 
-8.7138926181e+34 
-3.8323514462e+00 
-4.8040012940e-11 
1.8418193764e+32 
-1.1998423379e+32 
2.8076632866e-15 
-8.7184159360e-14 
1.2845498435e+34 
4.4554391446e+27 
-1.3292360114e-35 
3.4865777869e+11 
-9.0285144675e+25 
1.2489097170e-26 
-4.4526334852e-02 
-5.7399734283e-27 
-6.2492924000e+07 
9.7999803020e-20 
8.9443181953e+23 
2.1335307516e+37 
-3.0065163514e-07 
-1.6495949562e-35 
1.7669086680e-11 
1.2053715021e+30 
-1.4351003309e-19 
6.8594232320e+09 
-2.0443064880e+02 
-9.7219064000e+07 
-5.4245193750e+05 
1.3259902999e+16 
-6.4816855328e+28 
1.7160326697e-25 
-2.1719019536e-33 
-6.5347750571e-27 
1.9716782027e-11 
-6.5324322006e-22 
-1.1891399256e-27 
-9.3380654320e-09 
-2.3288098438e+05 
1.2749089014e+12 
1.7825912600e-17 
-2.7344106924e-19 
-1.4461375673e-11 
-1.6731931970e+37 
6.3708312254e+35 
3.2288914732e+17 
1.0167121008e-37 
-1.5211241722e+01 
-2.0156425358e-20 
3.6640782302e-37 
4.5141391746e+25 
-1.1626674657e+19 
-3.6086177826e+01 
5.2849783970e+14 
            nan 
1.2840693373e-14 
6.0022069580e-36 
-2.5996749173e-04 
-5.8152665337e+23 
-1.5512436711e+19 
-3.0716130137e-01 
-8.8997990058e+36 
-4.0748007396e+37 
1.6519102726e-33 
-1.5675097782e-33 
-4.2669511045e-13 
2.2532307617e-11 
2.1332953037e-37 
-5.8987370274e+25 
-5.3177876441e+17 
-3.9710233212e+00 
-2.7290048289e-26 
7.7073605187e-31 
7.2992807617e+03 
1.0521194159e-11 
-5.8145840596e-17 
-1.3575597894e-12 
4.6166215907e-04 
9.0645132065e+00 
-1.1963853668e+16 
-3.1885658535e+18 
-2.3296969604e+02 
-1.4280523594e+16 
-2.0449640759e-30 
8.6606300543e+27 
2.7073981945e-10 
-3.4441466407e+33 
-1.8178311900e-32 
6.8185094278e-04 
-1.0274172334e-30 
1.1428789230e-13 
1.5754785566e+19 
-2.6360752027e-19 
-2.3116726324e-23 
2.9189017795e+36 
7.8030787500e+05 
-4.0856305900e+17 
-6.0755418175e-33 
-1.5361496806e-01 
-5.6963337552e+13 
1.8622575796e+37 
-1.1248350720e+09 
3.7130238748e+35 
4.3049711400e+24 
-1.2461646808e+33 
3.1156003428e+31 
5.0403931469e+26 
-1.6531071782e+36 
-4.4594491861e-26 
-5.8809393717e+19 
-5.8691953415e+35 
-1.4914775870e+34 
-7.3757423780e-11 
-4.7423897330e-29 
1.2563174323e-06 
6.8953243317e-04 
-7.1532637577e+21 
-1.0011193289e+37 
2.5259528167e-29 
-1.3768901926e+35 
-1.5687981847e+27 
6.8769964855e-04 
4.6182588837e-30 
5.9677634949e+20 
-8.1569575967e+14 
1.8939327240e+01 
-1.9217122496e+16 
-3.7748805793e+15 
4.7848972264e+28 
-2.4781385728e+10 
-2.6939059927e+38 
-1.1529631612e-27 
1.7146889113e+20 
2.3833488759e-36 
-1.7689738459e-37 
2.6774753968e+17 
-3.7423756083e+12 
6.6942337024e+11 
8.8421332613e-17 
-6.7147125478e+34 
2.8349469687e-37 
-1.0455252298e+31 
2.3392056924e-24 
3.2823971041e-20 
-1.5944957034e+14 
1.5575962924e-24 
-1.2143408656e-30 
3.6962373266e-12 
5.9503392410e+37 
-8.4401092841e-23 
2.5635302987e-36 
-6.2893326394e-03 
3.2211393042e+15 
-4.2914682617e+03 
-2.0794927242e-23 
-1.2998933709e+11 
-4.3988876844e+28 
-2.9937441878e+36 
4.1208347459e+28 
1.9628944093e+15 
1.1876823877e-15 
-9.8705790781e+17 
1.0025427724e-28 
-7.4412189599e+16 
-2.8670286631e-11 
-3.0002989076e-15 
9.2998334155e+16 
-1.9664425934e+21 
-1.4882241901e+26 
-3.8705020537e-31 
1.5590770359e+35 
-2.9546925953e+22 
-5.5937350419e-32 
-9.3295409360e-30 
-2.9155522560e+10 
-1.5959501435e-37 
7.4240573220e+21 
-1.5998298438e+05 
4.5479933244e+33 
-4.7581016726e+15 
-3.1846676636e+02 
2.3458205624e+25 
-4.0302688831e-06 
1.0916995993e-26 
4.1133273088e+10 
-1.0457976091e+14 
4.3248075906e+33 
-1.4109913506e-18 
1.9841739200e+08 
-1.9088668672e+10 
1.4586787207e-15 
-1.6955150115e-18 
4.0054288384e+10 
-3.0132708561e-26 
1.6080370884e+23 
6.8725044839e-03 
1.7907873034e-23 
1.6468545819e+22 
1.3006494939e-01 
-7.7942218752e+10 
-2.8152240408e-32 
-4.8180407196e-32 
8.2876295517e-32 
1.5887898438e+05 
-4.3871063517e-23 
3.4158736003e-15 
4.9656344923e+15 
2.7563282847e-01 
4.0973811150e+00 
2.8662642765e+32 
7.9070593024e+11 
-6.2644466291e+32 
-9.5702063514e+13 
6.4117513339e-31 
1.0107431740e-16 
4.5654881094e-32 
-2.2441126083e-32 
6.6245571002e+31 
-4.9411154523e-15 
-1.6551142454e+35 
4.6333976655e-08 
-1.2059544027e-01 
9.8210433360e+20 
1.2484865950e+15 
8.8435157863e-08 
-5.1185099067e+32 
3.1411849067e+25 
3.8620934963e+11 
-3.2066004373e+14 
3.4209115000e+06 
9.1601260000e+06 
-6.4893237244e+27 
-2.1923708666e+17 
4.5734774792e+23 
1.0199910819e-20 
1.6235104939e-29 
4.5865539282e-22 
2.2076696875e+05 
5.9308677257e+15 
4.3208705029e-04 
9.4595957734e-09 
1.4432404529e-35 
-5.9578041369e-36 
2.2002235099e+23 
1.3100789835e-35 
-1.8483035903e+33 
9.4115576377e-35 
4.6891614212e+25 
1.2226828924e-11 
-7.3137779957e-34 
8.1202216506e-07 
3.3403863421e+20 
1.9319223998e-09 
-2.1352840511e+17 
-2.8642268836e-28 
1.7346661771e-03 
9.5102291114e-14 
1.6924565915e-11 
1.1651132892e+23 
-2.1481011610e+11 
3.8032371200e+08 
-1.0651904987e-25 
1.2557273102e+02 
1.2547215013e+31 
4.4149571694e-13 
-7.3692685366e-01 
5.1167479143e-08 
-6.2827028025e-09 
4.2232740670e-02 
-2.3149201274e-01 
-6.7882470341e-29 
1.9476609718e-21 
3.8949974014e+18 
4.3181632090e+20 
-3.6009648541e-34 
-3.3884633957e+24 
1.0993388059e-05 
9.0274660065e-33 
1.0398196675e-19 
-1.9644309788e-26 
-2.0940319519e-04 
1.4642186425e+35 
5.2270030213e-31 
6.4571564028e+25 
1.5225828112e+34 
-4.5722095814e-13 
4.6049217901e-38 
1.9629375256e-35 
-1.8977997508e+15 
1.8274608397e-32 
2.6352134556e-30 
2.8423686717e+13 
2.6980663796e-20 
-1.8115112198e+26 
-3.1387676672e+10 
1.2134185309e-15 
-5.8701403354e+34 
-4.2764339555e-36 
-6.5892975545e-24 
1.0742851494e-20 
2.8095582638e-30 
7.5970188985e+16 
-3.2306816241e-24 
4.6849860430e+21 
7.6392214776e-10 
8.0314617037e+11 
5.3257800909e+11 
-1.1307888239e+33 
8.7558492188e+04 
-5.5373408000e+08 
-4.2979172304e-11 
3.6599495422e-18 
9.0748477440e+10 
-1.5545628503e-15 
-2.7422907806e-05 
9.5552945521e+12 
-3.0939262000e+07 
3.4879740000e+07 
3.8289825693e+20 
-1.0339023872e+10 
2.1233794616e-13 
-2.9481303510e-10 
2.9870500929e+26 
1.0346270745e+24 
5.6377171270e-24 
-5.0226937345e+32 
-1.1642958750e+06 
-3.8845986444e-17 
8.1722356368e+32 
-3.7729184896e-06 
1.1438338084e+26 
7.5298827653e+20 
-4.3583248138e+01 
-2.5174223651e-15 
6.9392731867e-35 
3.4108958034e+32 
6.2164904193e-06 
2.1980898438e+05 
-1.0216548961e-11 
2.5536925495e+17 
-1.3551699076e+38 
-3.0925000000e+05 
-2.7031625310e+18 
1.8115584766e-36 
-1.5100163508e+28 
3.9992250000e+04 
1.9888136112e-21 
8.5049955018e-34 
-1.6427890625e+03 
2.1146414697e-15 
7.5665602256e-14 
-8.0123418852e-26 
-1.6608521093e+12 
-1.0988971077e-28 
-1.3814953987e+22 
1.2997479272e-22 
            nan 
2.6288787201e-25 
-1.5879601429e+29 
-3.6669423511e+20 
-5.4586805595e+35 
-9.7830125981e-21 
-1.1698236377e-19 
-6.2385542313e-34 
-3.5144160000e+06 
-3.9931814189e+14 
-1.5634130447e+32 
-1.1773136854e-23 
-6.2214897664e+10 
3.6076989138e+23 
-7.7256972846e-23 
4.0505400000e+05 
-2.1931057044e-32 
3.3403049207e-15 
-3.8445311118e+31 
1.9586848297e-24 
3.2998240000e+06 
-5.6996258477e+29 
2.6083712000e+07 
4.6533342451e-02 
-1.0044962310e+21 
6.1876868107e+34 
-5.7481481797e-09 
-2.6844632626e+00 
1.2373705869e+33 
-2.5056680108e+31 
-4.5221269111e-38 
3.7314066503e-08 
2.4465041861e-26 
-1.1998201903e+30 
1.0641116098e-17 
1.9878124809e-30 
-2.1709136801e-17 
-2.5163141392e-29 
1.8096096621e+19 
6.3175158278e-18 
-1.3818443792e+32 
4.2388697333e-27 
-7.8359867489e+37 
4.0540636432e+23 
4.0350529552e-01 
-1.6650486755e+02 
-2.3395775653e+19 
-2.9218819972e-34 
-4.6128566729e+21 
-3.7785709154e-35 
-2.1435641856e+10 
-7.2746832527e-28 
2.8525857290e-38 
-1.2942414643e+11 
1.6381759298e-34 
1.5949283676e+19 
1.4209463875e-32 
1.7944866705e-37 
3.6882990625e+05 
2.2139972615e-35 
-1.2232042582e+21 
-4.5971824437e-12 
1.7812577600e+08 
-8.3102159018e-21 
-2.8367157224e+20 
-7.3519257600e+09 
4.4330000513e-33 
9.8711061565e+17 
1.7511832386e-35 
-5.3028098456e+35 
-1.3851228498e-10 
1.9580065404e-32 
-2.1155296147e+21 
1.2087827682e+01 
-3.0321917922e-32 
5.0374794777e-31 
1.3271035510e-33 
-5.7933840915e+34 
2.9075328221e-18 
-3.3822247986e-21 
2.7330484162e+14 
7.8723310759e+34 
-2.7590512097e-09 
1.2243270286e-10 
1.4843178313e-38 
1.5090353599e+37 
-6.2057535224e+30 
-5.6445181759e+17 
-1.2667938953e+22 
9.3987559612e+17 
-3.4309233705e+12 
-1.0982358932e+01 
1.1461208761e-01 
6.8329867986e-08 
-8.7343120575e+00 
-1.7276298553e+19 
4.6828920949e-12 
-4.1182815846e+11 
-2.5055141519e+22 
-4.0597595000e+06 
-4.0076063015e+13 
-2.6039737122e-07 
-2.8422881411e+13 
6.9211116838e-09 
3.1568924757e-34 
-3.2008651775e+20 
2.7793182366e+36 
-2.2849974279e+14 
-1.6861282516e+31 
4.4755429884e+13 
1.6541128202e-26 
-8.7743446392e+27 
-3.0949647447e+25 
1.7324118390e-37 
-2.3061688484e+13 
-3.9730154930e-12 
-2.7924763829e-17 
1.2591574376e-13 
-5.1926456320e+09 
-2.2366371094e+04 
1.7872164917e+02 
1.9106759876e+17 
-4.3581665444e+12 
3.0864535716e+12 
1.2481374192e+13 
-4.0708973756e-06 
-2.6099543040e+09 
1.9802106934e+03 
-1.2501825159e-28 
-2.4393863226e-20 
-4.8576896667e+01 
-4.4722758154e-32 
-2.9848737386e+29 
6.7151541489e+21 
-4.3987383180e-10 
2.9240403433e+20 
1.9582950044e-03 
-1.8195328000e+09 
3.0062521859e-34 
-4.1807387174e+25 
1.4633693750e+05 
2.0860157066e-25 
1.0045238127e+26 
-1.4429461444e-03 
-5.6862321248e-15 
-4.4574812709e-27 
1.5093609695e-10 
-2.2742162855e-06 
-6.8501508538e+23 
3.2472454834e+02 
1.0425579134e+23 
-1.3103182937e-05 
2.5359663514e+31 
-6.0640190654e-20 
-3.3120572700e+24 
3.4636642582e-30 
-1.5907937737e+22 
-1.2013477649e-34 
2.1385582920e-13 
4.5457985400e+17 
6.0335142093e-29 
-3.3887728540e-20 
1.3836817137e+27 
-1.6931146957e+12 
-1.8144143684e+25 
-4.3334042951e-14 
-3.7039680058e-34 
-2.8474266131e-15 
3.0011188544e-29 
6.0200463334e+37 
-5.7058307710e-32 
-9.4658764788e-24 
-3.6771805787e+36 
1.0900952589e+33 
-1.6772754685e+21 
1.1860934421e+31 
-8.1559828249e-27 
7.7699603271e+02 
1.0838584321e-21 
-2.4549780520e+17 
-5.1220633600e+09 
-3.4131167944e-12 
4.1756864831e-31 
1.3800878829e-18 
8.3911508322e-01 
4.7157784439e-25 
6.5105100800e+09 
5.2717818329e-31 
-1.2551533603e+25 
1.5145200927e+18 
-2.7450670702e-31 
-7.0507821635e+37 
5.0401069984e-09 
-6.1032164921e-18 
-8.2223482233e+32 
-3.1687505543e-04 
3.6100584243e+11 
2.9478028089e-24 
4.0812937216e+10 
-1.2500095367e-01 
-2.6583526792e+25 
-1.6521952452e+30 
1.2144038010e-05 
3.1315623047e+04 
1.2368249219e+05 
3.9689606523e+22 
-7.2425442426e+21 
-1.0575519636e-38 
-1.1435616064e-20 
-4.8035852611e-02 
-4.0945193200e-13 
-3.4428226172e-06 
1.7058675313e-23 
-7.2222725437e-25 
-1.6723294858e-38 
1.9014391502e-37 
1.3345801830e+11 
1.9038021449e-32 
-1.0711277577e-35 
-1.5788961792e+02 
1.9896754766e+14 
-5.7186479370e+20 
7.4536009355e+21 
2.0929652164e-36 
-4.4248786098e-17 
-5.8713125098e-28 
1.8021847305e+26 
1.6160351083e-24 
-7.9395442009e+00 
-1.3876490046e+22 
7.3436410470e+21 
-2.8404999082e-28 
2.4252637500e+06 
2.4074781112e-32 
3.4753926701e-34 
-1.8918912182e-36 
9.5181484375e+04 
-2.9667317410e+19 
-1.2451927437e+36 
2.9309105228e-28 
-7.5899603598e+36 
8.2971207921e+34 
-4.7133493928e-34 
1.7001763682e-20 
-3.0605469407e-20 
-6.4224376958e-24 
2.3232856611e-11 
6.6967203482e+24 
-3.1883822521e-04 
-2.0606931869e-17 
-2.1660594896e-32 
1.8840954000e+07 
-1.0589399286e+12 
5.4322932000e+07 
3.2189995107e+18 
4.1162833558e-11 
-1.3310000447e-15 
4.1948960534e-24 
2.4905832637e-29 
1.4009149000e+07 
4.4954469955e-29 
4.8381002023e+24 
3.0751393750e+05 
-2.8465757831e-24 
1.0316453552e+02 
1.3279053929e-27 
1.0520276192e-05 
3.6813408000e+08 
-9.3710907389e-23 
4.9015138705e-24 
-3.0025151367e+03 
7.6859286976e-39 
-3.9975374931e-31 
-2.0864196149e+14 
-3.9427035617e+19 
4.0549144407e+21 
-2.8205062263e-03 
-9.6477701682e+28 
-5.2245202285e-35 
3.9264402046e+25 
-1.4253769600e+08 
-1.0121744384e+35 
-3.2892708750e+37 
-8.8381309732e+37 
-2.1252292145e-35 
9.1685306046e+27 
-1.7929913884e-04 
4.5911146170e-23 
-1.2399197225e-08 
-9.4308338916e-09 
-2.9517814685e+22 
4.6338978876e-08 
1.8745707209e-08 
8.2409822695e+27 
1.7625762848e-03 
-8.8071489587e+36 
-3.3769264000e+08 
-3.9270630036e+27 
1.8384220324e+12 
4.8901246094e+04 
-3.4587849057e-27 
1.8154042505e+33 
-2.6252045976e+13 
-9.2344410112e+10 
1.3136560966e+36 
-1.6527776035e+22 
1.4500038103e+33 
1.5363294636e-08 
5.2870504448e+10 
9.6365042168e-08 
1.1817067792e+16 
1.8636911459e-10 
7.1267780566e-10 
-4.4421319342e+34 
2.6010988716e-28 
3.0160784047e-23 
-4.8846475476e-11 
1.0634896028e+15 
-6.6808921351e+19 
-1.8715696875e+05 
-1.2575501504e+14 
-1.4570770785e-02 
2.1664494046e-29 
-1.3149091695e-28 
-6.3651922571e+22 
-1.3080518046e-14 
-3.3849825165e-09 
6.3008297579e+28 
-2.1450529172e-15 
3.1083010627e-37 
3.0275205980e-33 
-1.5477082133e-01 
6.3095118019e-10 
1.2231541512e+31 
-5.2254520115e+11 
8.1071580005e-11 
-3.7954677760e+09 
1.2708641052e+02 
-5.6141369889e+27 
1.1889870061e+31 
-8.1613275136e+10 
3.5546786497e-17 
-1.6731598029e+11 
1.6613247601e+23 
1.4339389095e-39 
1.0910699299e-37 
-6.7533996493e+19 
-3.0675392600e-31 
5.8878290269e-24 
-2.9043456711e+18 
-1.0747994850e-07 
6.1884665489e-01 
2.5517096235e-15 
-4.2178286822e-04 
-7.4311439434e-33 
-6.3876738281e+04 
4.1191255943e-21 
7.1860683276e+13 
8.9890645540e-06 
1.4215406962e-02 
8.3446121835e-07 
8.7000742363e+34 
6.4109542564e-07 
-2.4960025495e+22 
6.4368860745e-21 
2.0637792690e-12 
-6.2418364903e-27 
4.5574442981e-24 
3.8713600197e-14 
-6.2847404480e+01 
-3.6299963091e-24 
-8.9442345779e-04 
3.2139653897e-33 
2.0508358109e+14 
5.2617148105e+32 
2.6163670602e+35 
-6.7238704407e-23 
8.8584676499e-29 
7.3517574251e-09 
1.2934148438e+05 
-2.2076565174e-26 
-7.8325668335e+01 
2.3939336172e-27 
1.3124177880e-18 
2.9488544516e+18 
3.0336776378e+35 
-8.9824290938e+31 
-3.6286797966e-33 
-3.2795278914e-24 
2.7342616448e-18 
3.5972731707e+22 
2.8083165594e+11 
1.0949417761e-10 
-7.7916784668e+02 
4.0107995000e+06 
1.7350948334e+01 
-7.3445538352e+19 
-6.4946935320e-34 
-7.0231321453e+29 
4.2551210057e+32 
-1.3690675583e-16 
-1.2121175638e-29 
-2.6015547265e-31 
7.6202822749e+33 
-2.8436313620e-19 
-6.1916742188e+04 
1.1124215025e-34 
5.2193542093e+18 
-1.3077944904e+20 
-9.2076855469e+03 
5.9338787500e+05 
-3.1388987392e+10 
5.4355269914e+18 
-5.4076944457e-16 
-5.0648212804e+36 
-6.5703268640e+30 
7.8605108533e-11 
-8.7801241075e+28 
-4.1120523266e-23 
-8.9988523027e+33 
-3.3253588867e+03 
-2.6005133889e-28 
2.0478004415e+24 
1.5087673118e-30 
-5.6217301212e+20 
-3.0171590656e+10 
2.1909243515e-05 
-3.0197201154e+23 
-1.3809894391e+25 
-1.5203757114e+38 
-3.9861470214e-06 
3.5072874871e-17 
1.8560734095e+36 
2.3419982587e+26 
1.1034359864e+14 
8.6698790400e+08 
1.7669006295e+12 
-1.8525178613e-10 
-1.9742367546e+33 
1.8131539226e-01 
3.2745164633e-01 
-1.8154072578e+29 
4.6198942629e-35 
2.0378649246e-32 
-5.7459655235e-16 
1.7071771300e+16 
-3.3079226114e-07 
-1.4741035054e-27 
-1.8500140230e-27 
-5.9081042037e-22 
-1.7279491098e-13 
-8.2140387500e+05 
4.1313813627e-17 
1.0848935547e+04 
3.9744312540e+25 
-1.6809735340e-26 
5.7402734621e-16 
4.5132741928e+00 
-3.8059387312e-16 
-7.9077933416e-21 
-1.6913094441e-04 
-1.5078648859e+31 
-5.7210012423e+34 
4.5519540184e-34 
1.6678922687e-09 
1.8021263787e-20 
1.9843235388e-10 
-3.9767846326e-34 
7.3164741821e-08 
1.5533819276e-16 
-1.2910609590e-15 
-2.6927647496e-15 
2.8738922108e-34 
-6.8168699904e+10 
2.0065329832e-19 
9.9570660147e+11 
3.6897619968e+12 
2.6704077655e+29 
2.0474143326e-01 
3.6255461426e+03 
-2.1876807310e-10 
7.1273404360e-01 
-3.3609726309e+23 
-3.0125378902e+18 
3.3281366800e+34 
-3.0691491700e-30 
-5.8853160567e-08 
3.4028089437e-23 
-6.1667047794e-36 
2.6771709952e+11 
-7.1651570579e-06 
-6.8682083677e+14 
1.4079869493e+34 
2.6151745605e+02 
-1.2377898303e+30 
-8.5189752154e+36 
2.4327894300e-12 
-4.0612646912e+10 
-5.3837296545e-21 
-1.5117528229e+14 
2.1069512295e-28 
1.3273983980e-21 
-2.0550984988e+15 
3.0797504294e-34 
-3.9429835265e-12 
-7.9033357636e-09 
6.7645819997e+25 
2.1659493047e-13 
-5.7320238281e+04 
-2.5990453399e-32 
-1.9541008434e-37 
2.1375033355e+27 
-3.9383808028e-16 
4.1324742400e+08 
3.3451154735e+20 
5.6973339888e+28 
7.4195171306e+21 
-5.5746280181e+28 
8.9271897934e-25 
4.4768262997e+26 
2.1731360357e-23 
-9.3549941084e-05 
2.4790379250e+28 
-1.3326231003e+01 
-6.3146485547e+35 
-1.7283222895e-37 
-3.9698976278e-01 
-3.6359305691e+13 
6.4955508709e-01 
3.6447504737e-11 
4.2105283183e-25 
1.8569524625e-29 
-4.4697049942e-26 
-1.3851196455e-24 
-3.2849003894e+18 
3.0084809142e-27 
1.7134305090e-02 
-1.3330914779e+36 
3.0583848273e-15 
-5.1436532811e-10 
3.4685126400e+08 
7.6203695232e-24 
-2.7201219332e+23 
-1.3905907152e-32 
1.0123363789e-27 
1.0423047543e+00 
3.4966891520e+09 
-3.1512188000e+07 
-4.5456987137e+21 
4.8520199089e+20 
2.7727885615e-35 
-3.4829830864e-23 
5.5371128992e-19 
-6.1207956801e+32 
9.9560238917e-34 
-5.0376639435e-37 
8.4115371124e+16 
7.7260501356e+21 
-4.1531205956e-16 
2.2554769245e+33 
-4.5899468631e-21 
-1.7642084282e-16 
-3.9878314209e+02 
6.0560576000e+08 
2.7523781173e-03 
1.7743043415e+14 
-6.0975869270e-21 
9.6541003418e+02 
-6.0344111930e-09 
2.1981976894e+21 
-8.8581573152e-26 
-3.7035088538e-12 
-3.7183077827e+28 
-1.4949248199e-39 
9.6243586457e+33 
1.2181774098e+33 
-7.2485840572e-14 
5.1435433830e-17 
7.6446129773e+18 
7.0776870726e-35 
2.1695202236e+35 
5.7637075237e+23 
3.9080850780e-02 
-2.2384873216e-16 
-4.0641881616e+19 
3.2667100860e+30 
-8.3780367811e+12 
-4.6766499570e-25 
3.8293862893e-26 
5.4125945556e+32 
7.4881119027e+13 
-2.7990877957e+20 
1.3840545410e+21 
-2.0287475855e-14 
-7.4471509927e+22 
4.2321160465e-10 
8.3210286794e-24 
-6.3379619059e+15 
1.0030436800e+08 
-5.0656199501e-19 
-1.6035578597e-29 
-2.2939454974e-27 
1.1965666099e+11 
1.1880198668e-14 
-7.4761810993e-32 
6.5381846503e+33 
6.4640955000e+06 
-2.6493812507e-17 
-1.0929149219e+05 
9.9816507101e-01 
4.0755351632e-19 
-3.6615791748e+28 
-1.2184940255e+37 
-1.2986930400e+08 
4.7737575086e+22 
-2.1869634566e-06 
-3.2403677500e+06 
-2.6400407468e-12 
2.8864400749e+26 
-4.4949705876e-38 
-1.3793955503e+23 
-3.1731233556e+20 
1.3452157235e-28 
4.0893662256e-15 
-2.2118529363e-39 
1.7855955448e+17 
-1.5253577446e-34 
2.6540582581e+37 
7.1615715027e+01 
1.4511316247e-24 
4.5697635954e-17 
7.2936557617e+03 
1.7899051082e-20 
-4.5563434585e-21 
2.0091307090e-13 
1.6941203995e-10 
2.6851164666e+19 
9.2532914664e-10 
2.2613228191e-36 
-1.3273328621e-30 
3.5484221752e+21 
3.5259337207e+23 
9.9513139200e+09 
5.5964119383e-07 
1.6230660796e+17 
6.7419528961e-02 
5.6208257599e+25 
-8.7155465189e-20 
-2.8701344744e-35 
-2.2725916672e+10 
-3.6220432958e-04 
-5.9889515200e-19 
3.9536668783e+23 
9.1901374604e+25 
8.5330160640e+09 
-8.8482551064e-07 
3.3146923351e+22 
-6.7108392277e-25 
9.2697161548e-17 
-2.5477283105e+19 
1.4641966719e+31 
-8.4648602197e+27 
1.9165126539e-21 
4.5855888231e+36 
-1.5285026244e-28 
6.7905948461e-16 
2.3601194992e-17 
-6.1659908295e+01 
5.3912113577e-20 
1.8330491292e-10 
-7.9480006400e+08 
4.6375363988e+21 
1.4365032175e+15 
4.7769202638e-07 
4.2367038312e+17 
-8.9738087359e+18 
-6.2916795000e+06 
3.5960337960e-23 
-1.5042151061e-15 
7.3249712660e+28 
6.6802965136e-35 
8.4244681870e+37 
7.9421091964e+29 
1.8682786305e+25 
1.0829985219e+12 
-2.4790277470e-11 
1.4761391385e+34 
1.2519780000e+08 
6.3422470554e+11 
3.2907998003e+12 
7.2455860674e-02 
4.0830300918e-07 
8.6067746298e-36 
-3.3388547664e+20 
-1.3814012829e+28 
-1.1173150720e+11 
9.6432720091e+19 
3.9545720241e-23 
1.3047479989e+35 
-2.6959355455e-04 
-6.8781630420e-32 
-1.7039487830e-06 
-2.9907083264e+10 
5.5611837981e+19 
1.2623004768e-26 
-5.4908773173e+16 
-2.8061042984e-33 
2.1781119141e+04 
-5.4389593523e-11 
-1.2232677418e+33 
-1.0505074468e+16 
-8.8086696342e-03 
-1.2162786445e-30 
7.1682419777e+00 
-3.1494783322e+25 
-5.6836886892e-31 
-1.4180931603e-11 
-1.0584125000e+07 
4.1861276160e+09 
-1.9190546036e+01 
1.0731397977e+26 
-4.0535013981e-18 
1.1278317400e+21 
-3.2831001124e-26 
1.2731417261e-30 
1.6445931796e-25 
-7.6882579126e-32 
5.7834741892e-04 
-3.7058898926e+03 
-4.7186232320e+09 
3.5280027986e-01 
5.6845297852e+03 
-1.6706066308e-35 
-2.3150626921e-19 
8.7228772463e-04 
4.9008126718e-25 
4.6764638147e+17 
6.9236264615e-31 
1.1533891353e-07 
-4.3577220014e-35 
1.0666854359e-04 
5.2223676367e-37 
-2.6457189233e-04 
3.7444487214e-01 
-1.3249789600e+08 
1.1047938998e+22 
-2.3849699216e+35 
8.5921727859e-36 
-7.6295684814e+02 
4.0935779572e+01 
5.7323056459e-01 
-1.2190671595e+14 
-3.6812990625e+05 
3.3579248271e-09 
7.6998991052e-36 
-7.2322037203e-32 
2.1244301752e-04 
2.7595331192e+01 
-2.9438137365e-24 
3.3502957723e-19 
-3.9738202312e-11 
-1.8192101760e+25 
4.8488384165e+35 
-3.6192536959e-22 
3.4567606272e+10 
-2.7841114085e-14 
-8.1517105000e+06 
-1.5763317347e+00 
2.9901592643e-04 
-2.4893229190e+35 
-3.2824620025e+19 
-2.5363236742e-36 
3.1376000292e+28 
3.7785686016e+10 
3.4520588800e+09 
-3.4649193287e+00 
2.2769063071e-04 
1.6073647482e+28 
1.9299770368e+11 
-1.3856326755e+23 
-5.6616862720e+09 
-1.0841602789e-11 
-8.2537993914e+21 
-6.2688917451e+16 
3.4545558032e+19 
-7.2162295748e+31 
-3.3874984737e+16 
2.8804804459e-30 
-2.4203603745e-35 
-2.2243503549e-25 
1.0749599433e-08 
2.3023424589e-23 
-8.5285641253e-02 
-4.9450472943e+30 
1.0422046556e+12 
-1.1695510476e+33 
-8.6237875491e-28 
-3.4528656000e+08 
2.0727250446e+15 
7.9294878456e-36 
-5.6757059076e+36 
3.5160627555e-25 
-5.8331185324e+22 
2.1996277670e+19 
4.0347089249e+31 
7.7050372314e+02 
8.6048716144e-31 
-5.1152990200e-03 
-2.9560383952e+25 
-6.6793423542e+30 
5.0475070645e+24 
-2.1613578626e+38 
-2.8141000462e+31 
1.5328385629e+26 
-9.6658615282e-21 
2.1529610699e-27 
1.0931035493e-28 
1.9156795261e-08 
-8.5072636416e-30 
7.4751798269e+28 
2.4722233183e+22 
-7.3347543150e-08 
9.1652227813e-22 
7.4472549200e-34 
2.5445574895e-02 
1.1460655742e-33 
1.5992908559e+21 
3.6951845850e-29 
8.9928161678e-20 
-3.5598164686e-05 
-1.1063478713e+24 
5.0874286315e-20 
-2.2753237290e-28 
2.3018452454e+02 
-3.2954405924e-06 
2.8903262677e-26 
8.6546571877e+24 
9.7287350893e-01 
-1.8434495312e+05 
5.2382560511e-08 
6.9032009873e-26 
2.9142735543e+23 
6.0919392011e+30 
1.3958691541e+19 
5.8040644601e+22 
-8.6224960002e+36 
-7.6064161085e+33 
-4.3969281801e-38 
-9.4742541816e-24 
-8.0219021461e+17 
4.0407113826e-14 
-6.2707084788e-35 
-3.9712147500e+06 
1.6603069654e-30 
-2.8616209170e+17 
-9.8900955915e-01 
-9.1740038391e+14 
1.0002717540e-31 
-5.4616391171e+21 
2.4315521240e+02 
-3.1135091782e+00 
-6.4832555644e-29 
-2.6242997503e+16 
-1.3327200454e-10 
4.5818307906e+31 
-3.6200230400e+08 
7.0334449994e-30 
6.9493666623e+20 
-3.3248108544e+10 
2.9603863805e-10 
-2.3956482328e+17 
-1.0894154743e+28 
-3.7067160010e-02 
1.2973162858e+33 
-2.3302843890e-34 
-1.1663014176e+21 
2.2712500266e-16 
2.5898639360e+10 
-3.2875164024e+17 
2.2364805339e-19 
6.6095376785e-13 
-2.4041286097e+33 
9.4626469797e+29 
2.1520369141e+04 
1.2277383240e+35 
4.6328535676e-01 
-3.2567581886e-19 
3.1598990625e+05 
3.1659369141e+04 
1.6042896178e-10 
-4.2529957706e+20 
-3.4897693076e-31 
1.6317324302e+20 
-6.3621365648e+22 
-1.0766793213e+03 
4.9086539244e+32 
5.7113052208e-06 
-1.3255230188e+00 
1.9681172800e+08 
9.3223922948e+19 
5.8207156956e-35 
4.4812554743e+36 
3.8650273063e-30 
-1.5659250381e-29 
-3.0456911034e-38 
-8.3786780682e-13 
-3.4468561520e+21 
9.5436082648e-11 
-1.1682411838e-07 
3.6582048471e+22 
-1.6143913616e-17 
1.0408454884e+16 
3.9162004319e-26 
-1.3606485911e-02 
1.0822927443e-08 
-5.9369181250e+05 
1.4927376640e+09 
-4.1170726049e+24 
-3.2181592498e+25 
4.4559449219e+30 
1.7005633864e+12 
2.2782991740e+23 
2.6085794607e-19 
4.1318099141e+22 
7.3770515961e+37 
8.2346168281e+33 
-7.4626613248e+10 
-3.0561088867e+03 
8.3750728851e+21 
-4.5940847397e+00 
-1.3773213944e+28 
-5.2185601194e+23 
-1.2718859595e-23 
2.8289452634e-38 
-6.3854868821e+24 
5.7561614723e+22 
1.4903123429e-06 
1.7697860177e+37 
-4.9331485730e+26 
-5.8520609187e+19 
-6.9260481768e+27 
-4.9931830890e-31 
6.8455059423e+13 
-3.1438867890e+22 
-2.5676180480e+09 
-1.4466685547e+04 
5.2617161933e+18 
1.1970902041e+26 
1.4200346359e+32 
3.6611305085e+19 
-4.9227091949e-04 
1.1037352072e+34 
1.7756389692e-09 
-3.1812577948e+16 
6.6871655486e-38 
-4.8921041154e+15 
-1.1744616131e-05 
-1.0223757510e+31 
-4.1807869463e+35 
1.5835828004e-25 
-6.1350753531e-03 
5.7458869404e+13 
9.4015121460e+01 
1.3021616254e-31 
8.2395903083e-22 
1.2812516659e-27 
7.6307314885e-06 
1.3187874516e+19 
-8.1646335125e-01 
9.2972934246e-01 
1.9226036631e-25 
2.2352011797e-07 
-6.3181010879e-38 
-8.3375590073e-22 
-3.3419256945e-11 
2.9810092596e-19 
-5.4746834621e-07 
-4.9903481626e+30 
-1.5881707230e-38 
-3.1188301382e+13 
-5.6776033426e-27 
3.4590589700e+25 
-3.1244269867e-13 
9.2283786949e-13 
3.6057588915e-08 
-9.2925270081e+01 
7.6096248125e-36 
8.6560437708e-34 
2.1961052023e-14 
6.1766595071e+23 
-2.7539501935e+33 
8.7174472085e-09 
3.9000750515e-22 
4.5425432984e+17 
-8.7571178087e-10 
-3.2593466422e+33 
-1.2374293213e+03 
1.3439282253e-19 
-4.3280877115e-38 
8.6874497667e-14 
7.3473422852e+03 
1.2714553491e-16 
3.3037493267e-05 
-2.9974327368e-20 
-1.7642105713e+03 
-7.6225738406e+36 
1.9779705328e+36 
-9.6876506817e-09 
3.0334374072e+18 
6.8468367750e-16 
1.5616598673e+29 
3.0600585044e-37 
-9.2066106109e-33 
2.8197930402e+13 
1.1553991186e-07 
-1.7651209661e-10 
7.0463581250e+05 
-1.8052870306e-34 
-9.1343349551e-11 
-4.5411586556e+27 
1.1311846742e-20 
-1.3885923845e+27 
3.3898278783e+24 
1.5127093836e+26 
-1.0856267201e+18 
3.1268078559e-18 
-3.6437030383e+25 
-3.2068478504e-06 
1.3899378339e-13 
1.9512812754e-22 
1.4872643323e+35 
            nan 
-2.0113355000e+06 
9.9035829536e-36 
-1.5385491200e+08 
-3.2514538147e-32 
-3.7366673047e+29 
-6.9372717849e+36 
1.4658711912e-19 
-8.4442559814e+02 
-4.8874900676e-03 
3.5055043339e-30 
9.2952581071e+19 
-7.0573031389e-22 
-1.9498824368e+14 
-1.7887436644e+33 
1.6194684159e-37 
7.2160584299e-23 
8.7915304888e+19 
-1.4868154043e-19 
-8.5211027606e+24 
-1.2230648569e-23 
4.4153709582e+22 
1.8752211705e-02 
5.2128273924e+13 
-7.5202538855e-29 
-1.7461494323e+28 
1.0649862503e-07 
-2.2717751484e+37 
3.3796055504e-05 
6.3602951989e+15 
-5.4836680243e+22 
7.9451037714e+15 
-2.1918951825e-04 
1.0697408840e-31 
1.6317348127e-05 
-6.7134781250e+05 
2.5567317799e-19 
-1.9578099490e+26 
-4.9675809396e-32 
1.7068659388e-15 
9.0806775432e-09 
-3.7767918548e-04 
-1.7288752020e-25 
1.4671582304e+29 
-9.6906841600e+08 
3.8390053049e+37 
-5.3704122368e+10 
-1.6738425047e+27 
6.0183462952e+29 
2.2087781875e+23 
-1.9610927664e-16 
1.8232956000e+07 
3.9604340666e-18 
-6.0657889267e+30 
2.1610339072e-19 
-2.5686017554e+17 
-1.2876419192e-31 
4.4660450658e-04 
-2.3792980788e-16 
1.3031998220e-31 
-6.8193099245e+36 
-9.3235126286e-09 
2.3763717036e-04 
-1.4174895781e-18 
-7.9984874901e-06 
5.5305909691e-37 
1.1446408532e-14 
-7.9653287004e-13 
-7.3659393907e-39 
9.0847791048e-36 
-6.8771336096e+26 
-1.3371673999e+26 
-1.4634579564e-20 
-4.8293112000e+07 
-2.5116621094e+04 
-3.5270323200e+09 
1.9772460957e-23 
7.6187981945e+14 
1.5639463425e+01 
-2.1306204794e-20 
2.2796455140e-38 
7.4430481328e+14 
-3.7570186545e+33 
-9.6919640120e+23 
-1.1517722669e-05 
2.2931022061e+29 
-7.1606541768e-30 
1.2789951693e+11 
6.6341127824e-32 
1.7238440168e+19 
2.5465963151e+12 
-2.3903438568e+01 
-5.2538242188e+04 
1.4339825328e-27 
-1.6175846746e+22 
4.3206971884e-01 
3.6716743979e-35 
-2.6186456766e-37 
-3.2237956475e-05 
-5.0136085289e-17 
-6.7102472005e-32 
-6.8402133636e-21 
-4.7051017761e+01 
-1.4103116020e-20 
1.8163153407e-29 
-1.3378412544e+11 
-5.0228556428e+25 
-6.8965726040e+25 
3.8165329903e-21 
2.0909200309e+33 
1.0429784988e-22 
-6.3197057517e+37 
-7.3177159017e-34 
5.0866688209e-21 
6.3685191907e-30 
-6.8137769832e+28 
5.7724470000e+06 
-4.8707954420e+25 
-5.8794838252e-23 
-1.9836026869e-27 
3.5893446400e+08 
-7.0720100438e+31 
5.4055707393e-13 
3.2275121094e+04 
5.5050841718e+23 
-4.4912384129e+37 
5.4814761763e-34 
1.2199475765e+00 
-7.5344594100e+29 
-1.4105560000e-21 
2.0624266739e-08 
-1.4444622835e-18 
2.1051235731e+35 
-6.3627830000e+06 
-1.2014763184e+03 
-3.2665936294e-25 
2.7823854332e-09 
4.8815038597e-34 
-4.0103637078e-35 
-1.7196301065e-27 
2.9953243358e-35 
-2.2345945488e-14 
4.7658782959e+02 
-3.0315444559e+31 
-5.1481189889e+28 
4.9424679627e-11 
1.4625278012e-34 
1.8271701523e-36 
3.1956987248e+25 
-1.9327558998e-10 
-6.6610302112e-39 
6.2763280235e-18 
-1.4421034082e+37 
-1.3695033652e+16 
1.0232744738e-02 
-1.6162413657e+26 
            nan 
-5.7364368037e+20 
6.3427183122e-31 
-4.8555589406e+28 
3.6935168465e-12 
4.3143272844e-32 
2.9526721539e+20 
3.1599843675e-31 
-1.7918619887e-28 
6.5850620000e+07 
-1.4451399515e+25 
9.1956383374e-38 
-1.5148994125e+35 
-4.4356003743e-38 
-2.5957272000e+08 
3.9851287900e+34 
-2.0006536843e-25 
1.7005433612e-31 
-4.1855568741e-31 
2.2071406095e+15 
-2.6466441341e-05 
2.7496917500e+14 
9.7491618890e+22 
-2.3711323738e-02 
2.2648587711e+26 
2.1580081459e+28 
-2.4805378280e+31 
5.7050475981e+23 
2.2843629122e-03 
1.2590243518e-14 
-1.4434499700e+34 
4.0661058212e-19 
-5.2176122978e-08 
1.0665904788e-37 
2.9766642240e-35 
-4.4634878016e-09 
1.6956626953e+04 
-1.7436520429e-03 
7.3957154715e+23 
2.4445445524e-27 
-1.0116465664e+10 
1.5475565052e+25 
-4.6824664637e+24 
4.4362575833e-37 
5.5709057159e-12 
4.6203988255e+37 
2.5156232151e+33 
1.1221459314e+22 
-9.0309201691e-35 
1.5291187669e-36 
1.2401996210e-33 
-1.3822878767e-27 
4.2106391040e+09 
-7.9193431374e+17 
4.0960056573e-32 
-1.2172997929e-02 
2.4361091863e-34 
-5.2158655222e-36 
2.5564617821e-25 
-3.3718807746e-09 
-9.4684027420e-30 
-1.1017972500e-26 
4.6330852994e+33 
-3.8641386628e-18 
9.2632146429e+28 
-7.4087366435e-27 
6.6524095099e-28 
-8.1489101052e-02 
-6.8101284913e+16 
-5.2607323180e+28 
-2.5011527138e-12 
-3.4943080973e-03 
-5.8326843097e+25 
-6.0608835220e+00 
-1.8138875916e-37 
-1.2719783005e-09 
9.8911777748e-14 
5.9045082204e+27 
-8.3726985892e+25 
3.9093294896e+37 
-6.6472768080e+37 
8.3317542093e+13 
1.2619859324e-10 
-1.7750055235e+29 
-4.1522056343e+34 
6.7962542437e+15 
-1.5229557658e+19 
-2.2511753555e-36 
-6.7822702476e-06 
1.3940324817e+17 
-1.1154194994e+18 
-4.7733723067e+24 
-1.6436010886e-10 
9.2940297570e-23 
9.6255931226e-08 
6.8376069334e-28 
6.4221987728e-09 
-7.3933272942e+30 
-5.3913257812e+04 
-2.8150337015e-14 
1.8499716526e+35 
-5.9975569968e-35 
4.2952132104e+34 
1.9239187035e+36 
-1.8634940792e-30 
-1.8868202323e-22 
-8.7656124853e+36 
7.7774114210e-21 
5.8821917007e-22 
-2.0907892337e-15 
1.8185262918e+24 
-6.5153790566e-13 
-6.2584019200e+08 
-8.3582944657e+33 
-4.8407345044e-25 
-3.9391245821e-10 
-1.4437206148e+16 
-4.2090675206e+16 
-1.2507770842e+28 
1.1279132070e+30 
-9.7601024000e+07 
8.3945953562e+17 
7.9729645092e+35 
-1.2995198976e+10 
-1.7229462634e+13 
-3.1395545889e+33 
-2.9939652386e+29 
7.9872683616e+33 
1.7449229619e-22 
7.4375093085e-39 
6.7897799999e+13 
-2.5943967048e-03 
2.3313835780e+14 
-7.2192152226e-15 
-2.3479208451e-33 
-1.9938936324e+29 
-2.4221346157e+19 
-3.7230555863e+37 
2.9706469868e+16 
-1.3278746000e+30 
2.5964054493e+30 
-2.5401934512e-30 
-8.8693565203e-07 
2.2664548457e-01 
2.1626845681e+17 
1.5412435876e-30 
-2.4676564429e+34 
-5.4845388629e-16 
4.0096541538e-12 
1.5158067944e+38 
6.4481741190e-01 
-2.4210315769e+23 
-1.0690068969e+27 
-1.3443938477e+04 
9.7235006505e-12 
1.9589330371e+12 
-4.5404555320e+18 
8.1214510080e+09 
1.4402318045e-37 
4.9851529262e+36 
6.6576977920e+10 
-6.5906152486e-34 
3.9000736237e+01 
-2.9979353321e+26 
-1.2179767167e-32 
2.5261339745e-30 
-6.5030689828e-18 
-3.0877278008e-24 
-3.2631779070e+28 
1.6881500000e+05 
8.4140680534e-13 
-4.3776412854e+29 
-1.7819565268e-12 
-2.9943265645e-09 
-6.9619813528e+30 
2.4397013476e-06 
2.9087475368e-19 
6.7655102301e-19 
-8.7489171014e+15 
7.1710665530e-35 
-4.0825664569e-18 
-1.4877912236e-08 
2.9347271023e+23 
6.9698460844e+13 
-5.0995877062e+18 
-2.1314875000e+04 
-1.1231016497e+17 
-1.3973805266e+32 
7.1262741089e-01 
-4.5118795242e-06 
-4.1629138156e+31 
1.4800985809e-05 
8.9452395755e+18 
5.4101705025e+36 
2.3683160543e-03 
-3.2724423085e-19 
-1.1216396482e-38 
4.3765121735e-14 
3.2121725711e+27 
-1.4281820171e-10 
-7.2688031203e+34 
2.1527169380e-08 
1.1213391905e-17 
2.9189145103e-39 
-1.0215771805e-11 
1.2398531545e+18 
-7.9270097222e-36 
-5.2722674582e-07 
-1.8652077870e+19 
-7.7747078814e-31 
5.3841135778e-16 
-5.1704542869e-08 
8.2722748403e+34 
5.7109912684e-17 
-1.3021084678e+32 
-2.0916183877e+26 
2.6751301618e-08 
-3.6738654321e-33 
-1.1955884864e-31 
-3.3971566387e+28 
3.3706555278e+21 
-1.9780575900e+14 
5.7124642097e+35 
3.3046073524e-15 
-3.0344388485e+00 
4.3310185191e+24 
-6.9185542554e+12 
-7.9681553218e+31 
-1.5916171272e-16 
5.0906478232e-36 
7.2520138940e+23 
3.3177246094e+04 
-2.7725192261e+02 
7.4337132746e+30 
-1.4368124760e+33 
-2.5823409679e+24 
2.9331703370e+15 
-9.3786718188e+30 
9.4898584184e+14 
1.2836624670e-17 
5.7875045486e-16 
-1.9679194405e+16 
2.0033662000e+07 
1.1705100017e-14 
-2.0562771971e-11 
1.0677491302e+11 
-2.2706748383e-16 
1.7528022367e-09 
1.5640441236e+17 
9.1868740319e-20 
-8.7214793750e+05 
-1.5453525612e-11 
-1.7000876388e+19 
-5.7436153600e+08 
-1.4282815000e+07 
4.2600626924e+21 
-1.8247003341e+11 
-2.0988104865e-02 
-1.5347882892e-21 
9.9714829516e-17 
-7.4469873823e-08 
5.1672593172e-25 
-1.0526679902e+24 
-1.1165798693e+27 
-5.1563115111e+19 
-5.2444226341e-24 
-1.1953958063e+16 
1.4902797271e+13 
1.8727466138e-13 
-3.2989944524e+36 
-1.3593320913e-09 
2.4121463341e-15 
1.5174864769e+01 
-5.7500943587e-29 
-8.5418472009e+31 
7.4115708587e-19 
3.8834816664e+19 
5.1972878484e+15 
5.9408608466e-36 
2.4719267022e+29 
9.8574793750e+05 
1.2805627608e-26 
-9.2648822021e+02 
4.1519006982e-11 
-6.8841273896e-03 
6.5849629082e+13 
-2.0268919087e-35 
1.2860393330e+34 
-7.3044778573e+22 
2.3699298438e+05 
-1.5743439585e+32 
-1.8805246400e+08 
-2.7683254875e+36 
1.4332782960e-08 
-4.4665231078e-38 
-1.4401665434e+11 
-3.3452383462e+36 
2.6752623047e+04 
2.9060659503e-32 
-3.2824672206e-19 
6.4349497355e+33 
3.2546638847e-37 
-5.1125596201e-07 
2.7633421954e-27 
2.4463643605e-24 
8.7898803193e-31 
2.7053926795e-19 
1.4304936860e-35 
1.4108250568e-08 
9.4477345603e+34 
3.7984821333e+17 
-1.3384086748e-22 
-1.8632354038e+12 
2.2452743868e-36 
1.4996452632e+23 
1.4207093519e+33 
-1.8810233154e+03 
-3.3731218427e-02 
6.0230210973e-33 
9.1604972839e+01 
-1.1870609669e-20 
1.3657188800e+08 
4.1576649600e+08 
-3.8136860728e-01 
-8.9966169296e+35 
9.0079302727e-15 
-2.0723159361e+27 
-7.7515542518e-22 
-1.6469692906e+17 
-2.0921945684e+18 
8.8839482645e-12 
-8.0168270555e-20 
1.2703487200e+08 
3.8262301636e+02 
2.0926689601e+14 
2.1131450756e-10 
-1.4867233003e-37 
8.1387524799e+27 
2.4136051630e-38 
4.4371936990e+20 
1.5026693845e+17 
-1.7403375548e-29 
-4.2873188853e-01 
-5.7767443722e+20 
-1.2352943345e+16 
3.9017346560e+09 
1.0559928862e-21 
-2.9406026209e+25 
-1.2850336501e+29 
-2.2828001022e+01 
-4.6400014824e+24 
1.0897524251e-19 
1.6934238574e-28 
-5.3814504936e-11 
-5.4615605248e+13 
-9.5278917971e-17 
-1.4193736377e-25 
3.7181332629e+30 
1.6554423822e+29 
5.0075338483e+21 
-1.3928676488e-15 
-6.4139195000e+06 
-7.5995388430e+22 
1.7468054481e-15 
-6.2056704390e+37 
-1.8774510193e+02 
1.3158701360e-01 
-1.1424346594e-03 
-4.0331650091e+37 
1.8585697863e+26 
-8.0898278731e-15 
-1.2979364326e+26 
-2.0474621384e-19 
4.1297423081e-07 
-3.8554655475e-05 
3.3633266297e+18 
2.9476615680e+09 
3.6271285512e+19 
-1.2127187032e-09 
-1.3600859146e+31 
4.6142268181e+00 
4.0166739268e-07 
-2.9061973314e-11 
7.8943562798e-09 
-7.3197002166e-06 
-7.9808657188e-26 
-1.3477614804e-20 
9.7233266830e+00 
7.0931802935e-17 
-3.2095633524e-14 
3.1307341303e+38 
-1.0740035591e+29 
2.3376343772e-02 
9.4960739438e+27 
-3.5360103607e+01 
1.0484504233e+37 
-1.0924799200e+08 
-5.2824924171e+36 
1.2433476541e-22 
3.5898593386e+35 
-9.5019517536e+33 
1.2651988644e-37 
7.3165623519e+37 
-2.1840572406e-10 
-4.8732765339e-29 
4.5371853414e+30 
2.1585879040e+11 
2.3851781914e-18 
8.8904457130e-08 
-3.7492354870e-14 
-2.8830993750e+05 
-1.5698531115e-06 
2.2892922971e-06 
1.6987888373e-19 
-6.1042010134e+26 
-1.6181664625e-25 
-2.8138821331e-25 
1.5166972986e-36 
-2.9999131337e-02 
-1.7471874982e+30 
-8.5637127794e+25 
-1.7678903713e-31 
-8.5829899210e-19 
7.5540899488e+15 
-2.1998921204e+02 
1.4230334000e+07 
-3.2246733062e-10 
1.5084343822e-24 
-3.5739862349e-28 
1.6114597233e+12 
-7.3233749835e+34 
-3.6071361994e-34 
7.2325068157e-10 
-4.0939526367e+03 
-9.7251299303e-04 
7.7271949419e-14 
-1.2355088443e-01 
-1.0830546238e-08 
3.8568578169e+18 
-1.7444070749e-28 
-2.0254411200e+08 
-6.0059232000e+08 
4.6756028520e-27 
3.6434294159e+18 
2.1610057956e-05 
-1.8639195056e-15 
9.7886642571e-15 
-5.4868757237e+19 
2.3361449494e-12 
1.1592530459e-01 
-1.1155389404e+03 
-1.0868317496e+28 
1.0695836545e+24 
-1.1624977890e-11 
-8.9988366336e+11 
7.2589395606e-10 
-7.1100576563e+11 
1.4435786905e+23 
-2.9761516394e-16 
1.7083888217e+34 
-7.2186557617e+03 
9.1993993750e+05 
1.2899010774e-24 
-2.5058278809e+03 
1.0082162746e+21 
-4.7368673543e+15 
1.4636097094e-35 
-6.2449813518e+30 
7.8775267036e+19 
2.9995507501e+38 
3.0594625333e-35 
5.9592604289e-12 
-1.2559433138e-17 
-1.7634373535e-06 
3.6522718720e+09 
2.4252643328e+10 
-2.3859377390e+27 
2.2328316900e-21 
3.8202935961e-29 
-2.6564515612e-21 
5.5587066143e-34 
2.7151953114e+18 
-1.1301049219e+05 
3.4645057026e+23 
3.0362228490e+12 
-6.0714057617e+03 
-6.2358221470e-16 
-1.5523301960e-26 
8.3851741908e+18 
1.3935231075e+37 
1.5703795227e-34 
7.7337827933e-22 
1.3457067925e-11 
8.9895697021e+02 
-2.0000459200e+08 
-1.8448614702e-24 
-4.8566015629e-33 
8.1991879141e+37 
-1.3612302428e-04 
-2.6043117257e-19 
3.2136833207e-14 
-1.2076082056e+27 
7.6672947912e-38 
-2.7692385069e+18 
5.7372437381e+13 
2.5171580505e+02 
-9.5456577292e-25 
-3.2912996875e+05 
-1.0804141353e-15 
4.1931921260e-06 
2.1950926055e-07 
1.9731698438e+05 
3.9162721395e+22 
2.1280826968e-14 
-1.3928219232e-05 
-1.3320239668e-04 
-2.5582612744e+34 
5.4497346302e-25 
4.0518595777e+29 
1.3792432474e-10 
-6.4676246094e+04 
-1.7570701904e+03 
-3.1844589862e+21 
1.9153146427e-31 
1.3286934886e-09 
-3.6922556674e+28 
1.7519286706e+17 
2.1001822208e+11 
2.4007460454e+11 
6.8054021046e+13 
8.4027027405e+31 
3.7736234000e-21 
-1.3958464657e-29 
9.1683267281e-22 
4.6567947764e-38 
-1.7115999653e+19 
-7.9544037135e-07 
-1.3836281908e+22 
-1.6096561600e+08 
-1.1874852753e+02 
4.9965115000e+06 
1.6867219865e-16 
-1.4310630032e-24 
1.2643516692e-26 
2.9098763152e-20 
1.1233750596e-09 
8.8473599310e-15 
3.6802927159e+14 
-5.3102640221e-25 
1.7610363433e-20 
8.3808380622e-21 
-1.5680285280e-26 
8.2010500821e-12 
1.3152250382e+24 
3.5921180171e+16 
-1.8462955906e+22 
9.2521743883e-32 
1.7919014331e-34 
9.1177759555e+30 
-8.2476034466e-13 
5.0606093055e+14 
-3.9012637500e+06 
4.5279918481e-07 
1.7593137152e+10 
1.5839945084e+14 
2.6786079925e+31 
7.1536118185e-07 
-6.1530851433e-18 
1.1227460368e-25 
1.8818349913e+34 
-2.4821621094e+04 
2.3310530865e+32 
6.9306011202e+33 
4.1482652545e-14 
-3.3845082209e-19 
8.0669136446e+37 
-1.8384598002e+23 
-3.2669248036e+19 
-5.8293768684e+12 
-8.2218260155e+19 
-7.7180477334e-28 
3.8080359809e-03 
-2.9345564243e+20 
8.4224484375e+04 
-6.8868008518e-11 
3.3949459518e+33 
2.5882676691e+13 
1.9433084000e+07 
-2.8470951726e-36 
9.8696197815e-22 
-2.1724063520e-11 
2.3265769515e+38 
2.2974311904e+14 
-2.0484131268e+30 
6.5061520298e+19 
-8.0848699241e+28 
1.8711409534e+33 
1.8872739247e-06 
-1.2135927624e-18 
-5.5580406944e-10 
1.4479032270e+22 
-9.8625881982e+21 
2.6005970710e-08 
-3.9264305807e+13 
7.5877172852e+03 
-7.9301826524e+14 
-1.3135064389e-31 
-2.5116115854e-09 
-4.6246838573e+22 
8.5589141955e+37 
-2.0018205312e-35 
-2.5358241947e-25 
8.6346234088e-27 
-4.3314086855e-14 
-2.2882756198e+11 
1.1551398294e+16 
2.4525316356e-23 
-1.2282889040e+33 
8.5947095219e+15 
-3.5364497399e-29 
1.3287058560e-14 
2.9458897318e-27 
3.3443643588e-06 
1.4694878459e-01 
2.8411566372e+29 
-3.2989273221e-23 
1.2246523719e+17 
4.3876137950e+18 
6.8464382275e+26 
7.3334767616e+10 
-1.7010992616e-24 
6.7597675081e-34 
-1.9149496785e-26 
-7.7106645331e-03 
4.3128826899e-11 
-3.4133638255e-03 
2.6542767334e+02 
1.0166656406e-09 
1.1620709896e+00 
9.1489988328e-13 
7.5671241625e+31 
-1.5492831283e-25 
6.9800159320e+23 
1.9999527609e-29 
1.9455401771e+22 
1.1794889143e+22 
-1.8362352433e+27 
-2.3629539400e+29 
3.0748160082e-28 
-5.8253833327e-16 
1.1513356934e+03 
-5.3477048501e-30 
-7.7420509297e+23 
-2.5261233278e+26 
1.1843816659e-38 
            nan 
1.5217750398e+21 
1.0151252638e+30 
-7.5986520491e-35 
2.5209683676e-18 
-6.8143563987e+30 
-2.2434440907e-03 
-7.3507467245e+19 
-2.0757959639e-38 
-2.7788369605e-18 
-1.3583822874e-03 
1.9832874851e+26 
-1.2718051164e+12 
1.8183837826e-33 
-1.6630361202e-20 
2.5489204548e-18 
4.2669668687e-07 
1.1169205066e+35 
-8.1410854905e-31 
-6.4052238464e+01 
-9.7108272818e+37 
-1.1824368827e+20 
6.3332742453e-01 
-1.6240088170e+33 
1.3989640618e+25 
1.4420694012e+20 
1.9670335323e-35 
-4.9810399627e+29 
-8.4048001591e+33 
4.1148688524e-16 
-6.7948877061e+29 
-7.4832668262e+11 
4.1133000294e-20 
-6.7211357096e+37 
5.4008788543e-31 
-8.5947100588e+15 
3.0763400905e+23 
-3.4404178230e-31 
-2.5157012503e-23 
-5.4294543085e-18 
-8.8101368942e+14 
7.1096195875e+13 
4.5302503768e-26 
4.5882003974e-07 
-2.2887194865e-27 
2.2634759376e-27 
2.8540891647e+01 
-8.0052278825e-13 
-6.7841814249e+36 
-2.7119360934e+13 
2.3044993213e-05 
6.7364183179e+24 
-8.2926807644e+16 
2.1391502039e-22 
-5.1520734427e-20 
3.8794207846e-09 
-8.2632053818e-05 
8.6698870000e+06 
-4.6521671283e-38 
-7.6212899466e+14 
-9.4496828917e+15 
8.1679424521e-21 
7.4346109366e-16 
9.6458468761e-05 
-1.8279720321e-25 
2.1746797819e-27 
-2.8105066724e+27 
-2.2107828856e-15 
-9.8903712093e-24 
1.2196505471e-32 
3.6194066411e-07 
-2.9721572386e-32 
-3.6671010312e-03 
-3.2237666892e+28 
-3.0551621994e-38 
-7.6870381849e+25 
1.1433906739e+20 
3.4022089094e-02 
-1.8635838318e+02 
-2.0282645734e-13 
7.6225594158e-31 
2.6699796875e+05 
3.2615800111e+38 
-2.5375297286e+17 
1.5533044404e-19 
1.0474963257e+28 
-1.0436004250e+11 
-1.7275364049e+13 
3.3788992008e-23 
1.4451980194e-12 
-1.3940273784e-02 
-2.4525768405e-35 
-1.8995373047e+04 
-1.4343746768e-22 
-7.2571065681e-32 
1.1460513768e-17 
-3.2827026338e-37 
4.5601639740e+24 
1.3491726241e+14 
-1.4806805666e-05 
-2.3265645480e+33 
1.7800950330e-13 
-5.8295765428e-17 
-9.0957144064e+10 
1.5620597584e+36 
-1.1406938934e-17 
1.9530123713e-26 
2.0753764385e+18 
-2.0551145554e+01 
-1.3464267200e+08 
4.4478707886e+02 
3.3738810982e+12 
-1.8541779855e+26 
-3.8561117500e+06 
-1.8289579681e+14 
-8.8929290771e+02 
1.0577491959e-31 
-9.5707748161e+29 
-1.7145838992e+32 
3.7319689561e-09 
1.3843916655e+00 
-2.0111514200e-26 
4.7764948949e+20 
8.9754975857e+18 
-1.0913441762e-23 
1.7101442627e-33 
2.1164751034e-36 
1.5883611585e-21 
3.7241678545e-35 
1.0029683496e+20 
2.5252555140e-15 
-2.5979777178e+32 
2.4893637747e-02 
8.3666089647e-17 
3.7955197039e+34 
-3.2366750720e+09 
-2.2437868097e-07 
-1.5296296960e+10 
-3.9930396672e+11 
-2.9969376691e-15 
5.5778128233e-27 
-1.0488727639e-05 
-3.9439188586e-28 
-6.0362606552e-16 
-5.1269398640e-29 
-6.0441325117e+26 
-7.0346861516e+31 
6.0108592734e-03 
5.6183590400e+08 
8.6299888845e+11 
1.4597722839e-05 
6.9685086495e+21 
-6.5687009923e+17 
-4.3342805134e-30 
2.1630549389e+28 
-1.9944708747e+15 
1.5555975722e+18 
4.0201894939e-02 
-2.1349763596e+17 
1.3757381678e-31 
1.5851040339e-21 
-8.9972421427e+11 
-1.4994680839e+36 
-5.8629048899e+23 
-1.6187438806e+28 
-1.7816416857e-06 
2.4265383001e+37 
-7.0461568893e-30 
-3.0061563887e+36 
-1.2303750372e+35 
1.0004386521e+28 
3.7219552796e+26 
-1.1437732684e-33 
2.9337133094e-26 
-2.0081169203e+11 
-3.3002919092e-29 
-2.7281814503e-13 
-3.7547212269e+17 
-2.1083896860e+33 
-1.1410575596e-08 
2.9098391736e-25 
2.0460231721e+12 
1.3006568161e+13 
8.4901797771e-01 
5.4994147153e-29 
-2.9694383407e+25 
7.8406398417e+24 
1.1640690565e+26 
-1.5009450684e+03 
-9.0306725086e+19 
-1.0352802929e-03 
4.5683731203e-20 
1.2913862180e-37 
4.8088993750e+05 
-1.1993781128e-15 
-4.9802700232e-05 
9.7071064669e+27 
7.8486842794e+22 
6.9167809504e-27 
2.6253119717e+13 
-1.3337644658e-17 
3.9950246094e+04 
1.0419122176e+11 
-3.5750704640e+09 
-2.9013303757e+01 
1.2000630929e-23 
2.5550848804e-14 
-7.5364775531e-10 
1.1024549175e-33 
-2.8286859385e+36 
-7.6458625672e-13 
1.7193260646e-05 
1.8100235711e+21 
-1.3882643767e-30 
-9.6017005805e-32 
3.3459140608e+10 
1.4643426083e-33 
-3.7538199003e-13 
4.1910290491e+26 
-1.8286890788e+28 
-5.3110213286e-25 
2.2512379516e-08 
6.5757563057e-31 
-7.7222861081e+24 
1.3769655331e-37 
-5.2825608360e-35 
2.3475252165e-14 
1.2327050418e-01 
-1.6092875200e+08 
-1.0730201621e+16 
-1.0746462219e-31 
-3.6036099460e-34 
-1.9145661445e-10 
-1.4217430958e+12 
9.1224600698e-35 
-7.8148441779e+17 
1.7526778679e+28 
2.0329932977e+25 
-3.5742070237e+14 
8.7270011902e+01 
4.4014476964e-30 
-1.2855299711e+00 
-2.3748643668e-22 
1.8070493066e+28 
2.2143123908e+23 
5.4236751462e+11 
-1.4184645414e+00 
3.7340608000e+09 
-2.5310166162e+30 
4.1373844455e-12 
7.9050264494e-27 
9.3820492175e+28 
6.5291829281e+20 
-3.8215482235e+00 
-1.3030956180e+26 
-8.5954134648e+29 
3.3496418487e-24 
            nan 
-6.8653094521e-33 
2.5680940387e+32 
2.0826313849e+28 
-5.4012896378e-09 
2.4776280103e+36 
-2.5338152715e-39 
-2.6812669796e-21 
-2.1546391787e-13 
-5.6417783303e+18 
1.9429615922e+33 
6.7827345447e-06 
-5.0718161011e+02 
6.5109432730e+11 
-5.9879207148e-10 
-9.1900274965e-21 
3.2855013691e-29 
5.4422238938e-10 
-3.6760734073e-31 
-1.4421156645e+00 
4.3557389287e-35 
-1.9499732880e-03 
-1.7281641655e+16 
3.6183381387e-16 
-3.4784669696e+10 
3.2547095309e-14 
9.9185447603e-26 
-6.7169578176e-35 
-1.7422595311e-10 
-7.5285992718e-11 
-7.1613755000e+06 
-2.5320460117e-17 
-7.6136716790e+24 
-7.9654082596e-37 
-7.3123547464e-36 
2.8134320746e-04 
2.6186155319e+01 
-9.5237491303e+17 
1.5835600148e-32 
5.9139532349e-21 
-1.1164376037e-13 
-1.2439131096e-22 
1.4429120230e-16 
-1.2105285190e-02 
-3.1410927625e+38 
-2.1372570700e-05 
-1.1685298139e-22 
1.1233760742e-03 
5.4534998700e-34 
3.8619516997e+16 
-1.8863428295e-06 
1.0141908191e-02 
1.8867829786e+31 
2.3438732283e-26 
-1.1354040166e+18 
1.7610817338e-07 
-4.3658149471e-34 
4.5350495152e-22 
6.7239407788e+26 
-3.8890217269e-08 
1.7088464871e-16 
-1.7438007026e+19 
-8.1614668733e+20 
6.6729713581e-05 
-4.4340438346e+17 
-1.1590593763e-10 
1.1761264955e-19 
1.7521706189e-27 
-2.0776209257e+30 
2.0275656655e-34 
-6.0599312526e-33 
2.6082922928e-33 
-5.9241525829e-02 
4.4745584334e-38 
4.8538759201e+13 
-1.9893494143e-35 
-9.3837828798e-24 
1.1140598192e-16 
-1.4781662822e-01 
-1.0975712562e+34 
-2.7515488000e+08 
6.7091596065e-06 
-9.3720590641e-14 
5.0608162002e-14 
8.3353717173e-07 
-2.2358453846e+17 
-9.3681929421e+12 
1.5939153795e+14 
-2.9220817538e+29 
2.3319191814e-25 
-1.4316801014e-16 
6.2414915897e-34 
1.2892573548e+25 
-1.5072597944e+32 
-2.9854386180e-20 
-4.9508960000e+08 
1.8232428844e-37 
2.1739640241e-23 
2.6630118264e+38 
-3.0766558997e+20 
9.3285486307e-29 
-5.6389338717e+20 
-5.9716221979e+17 
1.1798618734e-01 
-3.4771306274e-31 
7.4472394037e-17 
-3.2667721051e+38 
1.9243897836e+32 
1.1932329737e+35 
-1.6786095500e-01 
2.1568113607e+13 
-8.2260577807e+21 
-8.6063733324e-03 
1.7818023984e-33 
6.2933804800e+08 
-2.5754630685e-26 
-2.1961930537e+27 
1.2971503338e-06 
-3.2044328676e-21 
-2.0621594368e+38 
2.8735450168e+25 
-1.3481028878e+13 
-1.1472261475e-36 
-3.4105071404e+36 
-3.5985517951e-12 
2.3582873047e+04 
2.1935366000e-35 
-4.0433694321e-25 
2.4422563934e+24 
4.2255796084e-10 
3.9063864136e+02 
1.2790146213e-26 
-9.6833088423e-12 
5.4348197409e-06 
-1.3252076214e-37 
7.3927492188e+04 
3.5088746361e-28 
-1.0262872687e-34 
-8.1069606073e-30 
-2.0307126810e+35 
9.2394802381e+12 
-1.3463849800e-21 
5.3780425319e+36 
2.7738541403e-35 
8.7863028009e-37 
4.3076477173e-13 
-7.7132765569e+26 
1.6417354975e-10 
-4.0766559283e-20 
2.4792566434e+38 
5.2141709761e+25 
-6.2837082655e+17 
6.1671141265e-18 
-1.0369620720e+29 
-7.7430386738e-19 
-3.9180566528e+13 
-4.2684286358e+26 
1.4548060454e+25 
-4.3879744773e+14 
-1.5596149914e-22 
2.3861461760e+16 
1.7485966295e+38 
-6.7384432079e-28 
6.0402678919e-26 
3.3986663330e+37 
2.3921932465e+30 
1.6829769862e+23 
-3.6371635360e-05 
1.5555369568e+02 
8.9314365234e+03 
-9.8368976566e-26 
1.2182937219e+26 
-1.0028723812e-21 
2.4975390876e+23 
-2.3846171139e+15 
1.0023786112e-36 
-8.2437318400e+08 
-4.8322686547e-36 
1.7167469961e-22 
-9.5269035339e+01 
-3.1510408901e-35 
-1.9608598766e-31 
-7.4410367502e+18 
-1.8292357134e-24 
-1.4574872247e+22 
-6.8172953486e+19 
-4.0221988067e-12 
3.8998734237e+29 
1.2780054240e-03 
3.5295823135e+14 
-1.1523665190e+00 
7.5998432617e+03 
-1.7012868564e-26 
2.2537249266e+20 
4.0525008808e-04 
1.3569344143e+13 
-5.7864023040e+09 
7.8539682617e+03 
9.3796437266e-24 
-1.4490686523e+04 
-3.7916054844e-12 
-3.7459795790e-27 
-2.4044172149e+28 
2.9474020386e+02 
-1.5757789740e-08 
8.2110243771e-19 
-4.2375673136e+24 
3.3011716309e+03 
9.5538908532e+23 
3.5114677760e+09 
-1.8457884754e+25 
4.7454055233e-21 
-6.8405316813e+11 
5.2937372368e-12 
5.6893553498e-35 
-3.1440335696e-16 
3.2018075524e-35 
5.8073884136e-33 
-6.3172393750e+05 
-2.3759256487e+25 
-1.6540873047e+04 
1.6367433711e-38 
-5.4269067982e+34 
1.2642917318e+38 
1.3380943798e-02 
4.9497543074e+32 
-6.3114682617e+03 
6.7640052795e+23 
1.5880844082e+22 
-1.4971581076e+37 
5.7757066634e+16 
-6.3392138827e-07 
1.7765762917e+25 
-6.8868081539e-14 
-4.0288680338e+15 
3.6199877331e+37 
-2.4628330489e+30 
3.8274673710e+35 
7.0761315427e-19 
9.1814028094e+32 
-6.1136254682e-15 
7.5520168951e-25 
1.8047220670e-15 
-4.8955017654e-29 
8.8037540055e+23 
8.1654231987e-11 
5.0636498202e+33 
-4.6559541546e-32 
1.2146386707e-22 
