2.3509887016e-38 
0.0000000000e+00 
0.0000000000e+00 
0.0000000000e+00 
0.0000000000e+00 
0.0000000000e+00 
0.0000000000e+00 
3.5873240687e-43 
0.0000000000e+00 
0.0000000000e+00 
0.0000000000e+00 
0.0000000000e+00 
0.0000000000e+00 
0.0000000000e+00 
0.0000000000e+00 
0.0000000000e+00 
0.0000000000e+00 
0.0000000000e+00 
0.0000000000e+00 
0.0000000000e+00 
0.0000000000e+00 
0.0000000000e+00 
0.0000000000e+00 
0.0000000000e+00 
0.0000000000e+00 
0.0000000000e+00 
0.0000000000e+00 
0.0000000000e+00 
-4.4236203410e-34 
7.1746481373e-42 
0.0000000000e+00 
0.0000000000e+00 
0.0000000000e+00 
0.0000000000e+00 
0.0000000000e+00 
0.0000000000e+00 
0.0000000000e+00 
0.0000000000e+00 
0.0000000000e+00 
0.0000000000e+00 
0.0000000000e+00 
0.0000000000e+00 
0.0000000000e+00 
0.0000000000e+00 
0.0000000000e+00 
0.0000000000e+00 
0.0000000000e+00 
0.0000000000e+00 
0.0000000000e+00 
0.0000000000e+00 
0.0000000000e+00 
0.0000000000e+00 
0.0000000000e+00 
0.0000000000e+00 
0.0000000000e+00 
0.0000000000e+00 
0.0000000000e+00 
0.0000000000e+00 
0.0000000000e+00 
0.0000000000e+00 
-4.4809670046e+35 
-6.4603525999e+37 
-1.5675757167e+13 
8.3962476731e+15 
3.9278557709e+27 
-8.6616864284e-23 
-1.7800335192e+16 
-6.6504944640e+09 
-9.6131540228e-11 
1.0283721167e-05 
5.2817718351e+18 
4.5154648019e-37 
-5.8233954691e-27 
4.2899366468e-02 
8.8280898575e+14 
-1.9066565689e+13 
-1.1108563611e+27 
6.4422178150e-22 
2.1846657843e-37 
-4.6379596136e-33 
-5.4663087369e+28 
-2.8842923641e+00 
3.3981644484e+30 
1.4438906509e-37 
1.4381482033e-03 
-2.7559486220e-36 
-3.6118733634e+17 
3.7556684916e-20 
-1.3394564726e-37 
6.8359120395e-23 
-5.1163365482e+33 
1.8743447072e-05 
-3.6334463081e+22 
3.1718653312e-12 
-7.2669422370e-35 
-1.4866462091e+29 
2.2558946444e-23 
5.4061246094e+04 
-3.3616157500e+06 
1.6678588756e-26 
-6.1178794155e-37 
-2.4012984940e-18 
-1.4487120144e-37 
1.1709286573e-32 
1.1326651223e-33 
-2.2807197500e+06 
-2.3120799255e+02 
5.4061473180e-12 
6.6507132371e+14 
-2.6710007881e-36 
-4.3476339306e-27 
-5.7359040203e+26 
1.4164578155e-22 
1.1888515949e-08 
-1.1500317138e+30 
5.6946035475e-02 
-2.6315994533e+20 
-2.2511803928e+20 
-2.7017522708e+12 
2.1620969534e-29 
1.4870125130e-26 
3.2776636722e-35 
-5.5499211997e-12 
3.4580545656e-38 
6.4385645512e-38 
-1.1473314057e-16 
-1.2956439517e-02 
6.0075635601e-14 
2.1490848667e-05 
-3.3081431653e-19 
3.3308309327e+34 
-4.7893319333e-24 
1.6572388319e-23 
-3.0875082589e+38 
1.6429739480e-04 
-2.2689575783e-17 
-8.5717885697e-13 
-9.8682235489e+33 
-2.3463915288e-01 
-1.9959046252e-32 
3.9410448238e-08 
5.0906541217e-14 
-1.8074500119e-08 
-1.3115267761e-09 
3.0987335363e+28 
-1.3201041305e-15 
-2.5861324133e+22 
-1.2692680710e+27 
-9.4681578224e+17 
-5.1652902365e-01 
4.3935513836e-30 
6.0108089260e+28 
5.3535669718e+35 
-3.5740379293e+24 
7.6943333649e-11 
3.0296919867e-02 
-1.0835136194e-14 
1.9183570675e-28 
4.7437201829e-06 
-8.1567570476e-08 
4.2594417317e+17 
-2.0390073630e-08 
-4.6316297464e-09 
-9.5364755392e-01 
-8.3519481600e+08 
2.2010530365e+12 
1.6106211917e+15 
2.0227300411e-04 
3.6124261536e-34 
-3.1293854562e+35 
1.1868523806e-01 
1.4700837888e+10 
4.8083003971e-30 
-1.5208548800e+08 
-1.3673602603e-02 
2.6197201752e-16 
5.9955307385e-09 
4.2771333456e-01 
-5.3765913959e-16 
-4.7264227656e+13 
2.3882688466e+29 
1.2335298554e-37 
9.6256620000e+06 
-6.6831552734e+03 
1.7441944777e-08 
2.1545976379e-30 
1.5405892100e-06 
3.8970539820e+30 
-4.8249593150e-30 
-1.3018910358e-19 
1.2412716877e+30 
-3.2677321959e-10 
9.6149407611e-32 
7.2060807807e+23 
3.8963290093e-29 
6.2120655823e+25 
-4.4009938380e-32 
3.2281549656e-10 
-3.5365106305e-04 
-9.0366939192e-13 
8.8236096781e-04 
1.9414123364e-18 
5.5836799763e-27 
3.1384908612e-21 
-2.3601810610e-12 
-1.0396280413e+32 
-1.1364309016e-12 
4.1820359230e+00 
-7.8081771443e-32 
8.5298476562e+04 
9.3469048961e-14 
4.0591703481e-15 
2.2750616372e-24 
1.0912166595e+01 
-1.3391783342e-11 
-3.5854974322e+35 
-1.1981171126e+36 
-4.8823217722e-25 
1.4996434570e+04 
3.1460249207e-29 
-6.5017159512e-21 
2.4197030534e-38 
-1.0430183506e+12 
-4.7300175608e-22 
2.8829847715e+17 
-4.5357598687e-22 
-8.6483394661e+23 
-4.2078132828e+15 
-4.0004471838e+33 
1.0130435547e+04 
-1.7130728811e-02 
6.0753592368e+29 
-8.8182268641e-35 
-3.0617987779e+22 
-1.4624157045e-35 
4.0982450191e-20 
-3.6153474766e+17 
3.8972318706e-22 
-9.1347196553e+30 
-1.2695962458e+35 
-7.4368642800e-07 
7.3053993410e-11 
9.4132543288e-25 
-2.3915076246e-33 
5.8976365458e-11 
2.7589101374e-36 
-6.5183835750e+12 
-1.4136882170e+15 
3.1234215561e-31 
1.0891357243e-26 
-1.8823368009e-03 
6.9993492998e+21 
4.5256751996e-17 
1.1224532019e+26 
-6.7609459697e-11 
-1.7706830502e+00 
-7.5755916800e+08 
-2.3708977892e-07 
-2.5012187896e-24 
-2.8801223308e-34 
-2.4032661362e-22 
-9.9092608230e+28 
-3.6995689869e+00 
-1.0885465183e+26 
            nan 
-2.7103726836e-30 
1.6190240331e-06 
-8.8680473338e-36 
4.1566414763e-32 
-4.7880594502e-04 
9.5820366039e+15 
-4.5959875510e+24 
1.5240835930e+32 
-1.3876063371e-33 
8.6103023983e-30 
-5.5834779357e+19 
7.0471774961e-05 
1.6152786456e-37 
-3.9100447680e-07 
-5.2631344000e+08 
-1.2369343912e+14 
4.8929609613e+13 
5.5075984746e-17 
-9.1062390000e+06 
-4.3592608089e+16 
-8.4712178407e-14 
1.2732087635e-02 
2.3159455694e-31 
-2.8711651794e-06 
2.0430710856e-21 
5.0574914909e+22 
-1.3003483013e-26 
-3.6074442045e-13 
1.9127880983e-38 
-1.0728921501e+26 
-1.1667943909e-06 
-2.1659476186e-19 
-1.6765845427e+37 
-4.4084852561e-05 
2.1183103060e+19 
-7.2175005103e-16 
9.5654304000e+08 
-8.5603144359e+17 
1.2666349081e-09 
-2.1986585127e+28 
9.0240034618e-20 
2.4969452284e-07 
-2.6884023519e+16 
1.3094847873e-08 
-5.9846194201e-22 
2.1921925396e+16 
-6.7740748109e-25 
2.8030453442e-39 
-1.0919559602e+32 
-1.4253668340e-32 
1.1844465894e+22 
-2.2446012945e-28 
2.1791757884e-36 
-1.1072917033e+18 
-6.1305689732e+17 
9.9746174907e+20 
-1.0438598467e+17 
-1.0670211243e+34 
-2.6424473742e-25 
5.7537368725e-24 
-3.6065061907e+31 
-6.7129067130e-21 
8.0650930139e-25 
-1.9470852238e-17 
-1.0198956330e-34 
8.7026194410e+33 
3.6162219885e-09 
4.0872976115e-09 
-1.9853915305e+38 
2.9650130259e-39 
-4.1394896896e+10 
-3.0434870021e-27 
1.2020150193e+33 
1.0109309273e-33 
-2.3722780449e-25 
1.7678214936e-03 
-2.7624849632e-34 
3.4401913875e+21 
1.1109502885e-22 
1.3111393311e-21 
-2.7564751696e-12 
-3.8687170445e-07 
2.0436124032e-05 
-1.1451971061e+29 
5.8851042674e-18 
-1.4018559924e-10 
1.0619207723e-16 
-4.0470280622e-30 
7.0748370490e-05 
-1.1027784984e+24 
2.2589096875e+05 
-2.5690099209e+32 
-3.4644150469e-16 
-1.4912056600e-24 
3.6600922308e-17 
-2.5725076366e-13 
8.8156528760e+25 
5.3224861794e-22 
1.5128517590e-35 
2.5332588560e-26 
-1.5703218281e-08 
3.2088474348e+27 
1.6011574189e-04 
8.1673199020e-13 
2.6227678172e-03 
-1.6702799517e+34 
-7.0774147407e+23 
-4.2986405069e-26 
-1.5704448794e+25 
-1.2985738599e+26 
-3.3476380522e-32 
-2.0296277904e-27 
3.6530098665e-34 
-2.9183973798e-30 
5.9330032207e-12 
-2.2653073886e-29 
-8.0645718016e+12 
-2.8238452018e-19 
7.1004324881e+37 
1.3725907078e-09 
1.5062789917e+02 
6.3936028164e-04 
2.2047080635e-24 
3.9300798799e-16 
2.9051897600e+08 
8.7081533220e+24 
-1.0741950633e-35 
4.2317077477e+21 
7.9041659832e-01 
3.1110948324e-01 
3.7588816740e+37 
-1.6840785761e+36 
-1.4752958000e+07 
-2.5227331127e+19 
-7.6020394216e+23 
-5.9277043833e-16 
-7.9625564485e+25 
4.3325448471e+36 
-7.6317961077e+17 
2.2501393248e+30 
-1.3499018240e+09 
-4.4920778208e-09 
-1.5924545111e-18 
2.5011435422e+19 
1.0433728691e-37 
2.8667144533e-16 
1.0986050106e+29 
-7.2695843779e-24 
2.8341996124e+17 
-3.7803877145e-02 
-2.1299091210e+12 
-9.7004807720e-38 
-6.1494201658e-13 
1.1166989121e+21 
7.3251465113e-19 
4.0087085299e-38 
1.6375571856e+35 
-5.0242015692e-18 
1.8940602527e+32 
8.9481419391e-25 
4.5632111100e-14 
1.0455595145e-07 
4.6767465770e-02 
2.1965436000e+07 
1.2845215496e+23 
-1.1345237551e+28 
-2.4940538880e+09 
1.4250020608e-10 
3.7917856657e-25 
7.4438335871e-29 
6.2226862271e-37 
-4.5159639558e-04 
-5.4167592960e+10 
-3.9686932079e-36 
2.5834121094e+04 
3.0782076000e+07 
-5.0475305050e+29 
-7.3220774128e-20 
-8.1562878418e+02 
-1.2211864000e+08 
-1.2841278000e+07 
9.5500226750e-31 
2.9302868030e-19 
-7.9792607979e-17 
1.1760489875e+29 
-5.1120955000e+06 
-8.7661193750e+05 
-1.7136080170e-30 
-3.2302076800e+08 
-1.0941168640e+10 
1.1244092160e+09 
-5.6809074681e-27 
-1.9332972224e-39 
-3.8073513468e-29 
-3.0068901833e-03 
-2.3796908883e-30 
2.3850778809e+03 
-1.3809217687e-30 
-9.9999445956e-04 
-5.2529488692e+37 
1.3473057310e+21 
-2.5655036996e-26 
-1.6920413534e-16 
7.6785139660e+22 
5.8334268762e-35 
1.6441304851e+24 
-6.0380171947e+27 
6.4410727646e-05 
-9.0194736002e+14 
-1.1444721935e-28 
-2.9460067303e-22 
-1.3701951000e+07 
2.7141246000e+07 
-2.4549810612e+26 
-1.6088002295e-32 
-1.7288918629e+38 
9.3708521333e-30 
1.2628819778e+33 
-4.4124021770e-06 
-4.5508308827e-24 
4.0623646781e+23 
1.0173961463e-33 
-8.1992245007e-31 
-3.9764694328e+15 
5.1709196318e-25 
-1.4009085590e+32 
-1.2977455300e-23 
-2.5671923200e+09 
-4.3949337503e-09 
3.6622282118e-02 
-1.1929248438e+05 
-2.5727560553e-31 
-9.5442924675e-09 
-4.3133583458e-21 
5.7282201349e+32 
-4.0731681824e+01 
-1.9385206914e-36 
-5.0144294223e+22 
-2.8041650779e-08 
7.2746349521e-32 
-1.5991784381e+31 
-3.6857027402e+37 
-7.9960681218e+14 
7.6692484375e+04 
-2.6772347274e+19 
9.4009352274e+33 
-3.3854984918e-31 
-2.1561140613e+30 
1.5111436187e-35 
3.0635669666e+32 
1.6487350374e+23 
-2.0194176192e-11 
-1.9796750507e-30 
2.5297975439e-25 
-5.2794612445e-36 
6.7727628630e-04 
1.0978657073e-17 
-5.4839043688e+29 
1.2963586368e-12 
-3.2109254599e-01 
-4.8161340500e+25 
-6.3159103498e+18 
-3.1296818012e+28 
-2.0904424960e+09 
-1.5758146425e+15 
-1.2884341507e+30 
-8.1933394321e-38 
-1.6860452888e-29 
-5.7335183956e-03 
-1.0787431115e+25 
4.6389454837e-06 
8.6099285122e+37 
2.4937202454e+02 
5.7592997501e-27 
1.1477535251e+18 
-9.5830130577e-01 
1.7870388583e-28 
-5.1189408560e+22 
-6.5511152000e+07 
6.5485849600e+09 
-5.7646151852e+32 
-1.9888966205e+12 
4.0727920532e+02 
6.2434314728e+01 
1.2983491516e+02 
-1.0284168996e-23 
2.4190191141e+13 
-2.4147532946e+28 
4.7973517252e-32 
-2.9810674508e+31 
1.1467403416e-10 
-2.3784714240e+10 
-6.5296654336e+10 
3.0151726989e+31 
5.3428984813e-28 
2.2259555482e-27 
-4.9634759399e-20 
-2.9341623634e-15 
3.5091243244e-18 
-4.3254333719e-38 
1.4884292916e+16 
1.2491634585e-36 
1.0284294434e+03 
8.6768395704e-06 
5.4683609748e-21 
1.9358210612e+34 
5.3215368826e+19 
6.2906214729e-15 
-4.3739653953e+29 
1.4331582000e+07 
7.6972365933e-36 
-7.2428915467e+24 
-4.2217342239e+12 
2.5935823875e+36 
-1.4580256617e+33 
-2.4114573694e+33 
8.3087000530e-04 
-5.9873533540e-14 
-1.2796217310e-18 
1.7514817538e+30 
4.0894735822e-33 
1.9158781477e-16 
1.6427030136e+17 
-6.3728263855e+01 
-9.1260103428e-32 
-2.3747035000e+06 
-4.8628840218e-39 
-6.2436355657e+14 
3.9128119346e-19 
-1.3543797635e-14 
4.1680560472e-25 
-1.0995316556e+13 
2.7427918877e-12 
4.7002681732e+01 
2.1513266742e-36 
-1.8976050580e-18 
2.9624702000e+07 
-1.4122424386e+27 
-8.5773496667e+14 
1.9104203243e-38 
-1.3114825379e-05 
-4.3107509653e+14 
-3.0440492127e+15 
1.8726486439e+28 
1.3390247799e-09 
-6.7823176384e+00 
-1.9690169096e+00 
-7.6609547250e-03 
3.7193677832e+22 
1.1378840800e+08 
2.8354952645e-31 
1.4485965039e-05 
-8.6791543938e-30 
            nan 
-1.0608273255e+21 
-2.2617559111e+33 
-4.0403230594e+21 
-1.3412717408e-06 
-6.7719028515e-36 
-6.0491816322e-34 
-3.2160964887e+26 
-1.1569553093e-09 
5.5008224642e-09 
1.5805729997e+12 
1.7632341274e-37 
1.0624448776e+01 
6.0081431366e+32 
2.1552445939e-10 
-4.6913133701e-04 
2.5116044500e+38 
-3.3514729180e+23 
5.6899803703e+18 
9.9276537856e+10 
6.6804770049e-11 
-1.3492544981e-17 
-1.0168435547e+04 
-3.7457358179e-13 
1.5396227690e-31 
7.3080392739e+18 
5.2324000688e-10 
-1.8925838384e+37 
3.1918918310e+32 
1.8733344737e-11 
1.4336793344e+30 
2.3223902347e-25 
-2.4771588352e-36 
-1.5435738798e-10 
3.2240628133e+34 
3.9789213867e+03 
-3.1544188000e+07 
-1.2604391461e-29 
3.6359380399e-19 
2.4234333841e-30 
-5.0826246556e+33 
1.2538674481e+29 
-2.7777548879e-02 
1.1133258005e-37 
3.6503545940e-02 
1.0414648925e-35 
-4.1864006042e+01 
8.0949371439e+23 
1.7713043740e+15 
-5.8487322572e+18 
2.0775464129e-18 
-1.4934113945e-09 
-1.3655343121e-19 
-1.1772516415e-24 
-1.3937125295e-36 
-1.2883518511e-14 
3.7760313742e-15 
6.1780801418e-24 
7.1315995644e-12 
-3.4987790625e+05 
-3.0314793022e-16 
-7.1329412911e-39 
2.6130617278e+38 
4.0571754250e+14 
7.9261280596e-02 
1.6491633141e-03 
-2.6028548383e-28 
3.5604286575e+18 
1.7082731351e-18 
-8.6018273533e+34 
2.6399617188e+04 
-5.9253916144e-02 
-2.0022029057e-02 
1.6642558885e-20 
-6.1968644833e+12 
-2.8949581660e+12 
-1.3932715198e-20 
3.1230316702e+30 
-1.1489083590e-05 
-3.4927737727e+14 
-3.1757379460e-33 
-7.6290663856e-05 
-2.8250486802e-13 
9.5115002537e-16 
-9.5624347648e+10 
3.7254835479e-03 
7.7053520032e-28 
1.6590260061e+26 
1.1771784397e+11 
3.3037856276e+12 
3.2963916383e-37 
2.6518390741e-38 
3.7905122153e-03 
4.7026003213e-29 
-2.3648158066e-31 
-3.1949760159e-04 
2.3884321563e-03 
1.3283994675e+01 
6.2168836413e+24 
1.1849805683e+35 
9.6967048017e-17 
3.3984048552e-19 
2.2580711606e-11 
1.9342416415e-37 
-5.4183242188e+04 
-1.1018799245e-01 
3.1596638403e+26 
5.3851974952e-33 
1.6689013817e+34 
-2.9127520582e+23 
-2.6742051079e-34 
6.7347015305e-26 
6.9672045313e+33 
6.1542648000e+07 
-1.6896437027e-10 
1.1228654307e+20 
4.3535443715e+30 
-7.9037651424e-11 
-4.5696299049e-28 
-1.0059748590e-08 
-3.4853276367e+03 
5.9423656250e-31 
-2.6753492754e-09 
-1.3108430884e+17 
-5.6315190000e+06 
3.5759218213e-20 
-8.5156429463e-08 
-1.9445491489e-03 
4.4192076368e+33 
-8.2533863353e-16 
-6.0136826631e-26 
-1.2715700174e+36 
2.3289938354e+02 
-1.9792642146e+38 
-5.5034210521e-24 
-7.1546460031e-39 
1.0147094542e-07 
5.0143502402e-28 
-1.1891531236e+27 
1.1866906055e+15 
4.6325547103e-18 
3.9264298479e-09 
-5.7255640229e-08 
-8.7658270806e-15 
-1.4078081908e+35 
-2.7119241591e-21 
-2.2005295718e+36 
-1.2828565449e-16 
4.0796170989e+15 
-5.1646876239e-20 
-2.4572702072e+37 
3.3013545341e-15 
8.4381905548e-39 
-4.0982855141e-28 
7.8869759660e+36 
1.9205819597e+11 
-2.3607540131e+01 
-4.2635011249e-22 
-1.0290211827e-35 
1.0179118925e-38 
5.0080310000e+06 
2.9148756940e+20 
-2.2538856892e-10 
7.2901004800e+08 
-5.7830040238e+20 
1.9829556549e-34 
1.2694358627e-31 
2.0803992634e-25 
-5.9164269022e-33 
-1.1190466560e+10 
9.2597666662e-04 
-2.0746549730e+37 
-1.4801387861e+24 
-1.4709312879e-08 
-2.2088318045e-13 
-3.5193275275e+30 
6.3027412351e+20 
-2.2576118321e+19 
5.7076080443e+13 
-1.8549203878e-32 
-3.0357365510e-09 
4.5644868094e-12 
-7.4232678928e-24 
-3.8652443245e+33 
3.9844692419e-15 
5.2605750000e+06 
8.9584061005e-20 
6.8550687457e+12 
1.3148456441e-15 
-2.1778576165e-10 
3.5770679824e-03 
-1.4106929543e-33 
1.6655315067e-38 
-1.3118073344e-01 
            nan 
-2.0042861032e-29 
-1.2302560547e+04 
-1.6279325460e-19 
2.1840827383e-34 
4.8094063372e+33 
3.9572726323e+32 
-1.0958311813e-26 
2.5234712166e+11 
-5.6982736396e-07 
-8.5557222366e+00 
-2.4627834523e-39 
3.7009548587e+37 
5.1613200821e-24 
1.5112509000e+07 
-2.6325129438e-03 
4.3466881666e-29 
6.1246553457e+12 
-2.9050504479e+14 
5.7833234375e+04 
3.2630775900e-19 
-8.6977452040e-02 
-1.8237771850e-20 
5.7393822317e-07 
-1.6690260175e+35 
2.0557253846e-36 
-1.0032829000e+07 
1.5157353924e-22 
-2.4113369141e+04 
            nan 
3.7034179200e+08 
-1.1424473087e-05 
3.8742810660e-34 
8.4305628621e+22 
1.5556873688e+25 
-4.5049390625e+05 
-6.9464301397e-19 
1.1289371981e-34 
-2.4130532146e-01 
-5.2381343744e+10 
-1.7595255346e-23 
2.4243348162e-04 
-4.5441644033e-04 
            nan 
6.0045077661e+19 
2.3317373270e-36 
8.2788039395e+21 
-2.6610277883e-17 
-6.0893091840e+09 
5.5526833730e+14 
3.5672304563e+19 
-5.3192850828e+19 
2.3921998116e+14 
-6.5073590000e+06 
8.7886902617e-12 
-9.7315902710e+01 
7.4083277937e-19 
9.8590441729e-36 
-3.4894271443e+18 
1.4668475631e-38 
-2.3178215141e+15 
-3.5248575789e-31 
-6.0120008044e-18 
2.1918767015e-04 
-1.8923916539e+29 
-5.7434423070e-05 
7.4079694565e-21 
-6.7999694149e-34 
4.9360501950e+18 
1.2931458786e+32 
4.1575314200e-23 
9.9563069364e-21 
-1.1430166559e-35 
-7.8454049552e+20 
-3.0460420775e+15 
9.0587394714e+01 
-2.3074200602e-19 
-7.5329359053e+12 
-2.8926263750e+26 
3.8609216309e+03 
-2.2237819660e-37 
-2.5495811254e-32 
-2.8704057965e-27 
1.2415446261e-30 
-1.3214451879e+32 
            nan 
-7.6556101705e-17 
8.5258538060e+23 
1.1344437202e+37 
6.5356393750e+05 
3.8983353085e-14 
7.6353570686e+20 
-2.5411223399e+16 
1.2190286923e-33 
-6.5940743782e+11 
1.8812864304e+01 
-1.3767892638e+14 
-1.9208310172e-02 
-4.2377256526e-36 
1.0297398169e+15 
-2.4586765903e-06 
3.5298892203e-20 
2.0834213867e+03 
2.1709372474e+27 
-2.2273551963e+18 
3.4529532130e+24 
-2.7024296578e-03 
7.3888492188e+04 
-6.7060918706e+24 
4.4462332000e+07 
9.5489774531e-24 
-1.8998464034e+14 
7.0251637396e-08 
-3.3900302157e+34 
-2.7028996875e+05 
1.1444464326e-03 
-9.3228980091e-11 
1.7617811526e+21 
-2.0159797735e-19 
-3.7536584160e+23 
-1.3392283630e+02 
2.3475999780e+35 
7.3615152331e-14 
5.5574057617e+03 
5.1078140800e+08 
-3.5555647163e+31 
-8.6033808278e-20 
-1.1415380326e-35 
1.3683790559e-30 
5.0230835754e+24 
-1.9195619624e-30 
-5.7723171156e-17 
-1.7587980548e+28 
-4.6272981974e-11 
-1.1652129679e-37 
1.3835810125e-01 
4.6342479020e+14 
2.9716013259e-36 
-1.1340853962e-04 
1.6612620051e+25 
-1.5772017241e+00 
3.2417696968e-36 
-1.8703145800e-23 
3.3354570041e-04 
-1.4128195277e+18 
9.2228541972e-29 
-2.8934537188e-31 
-2.6925228032e+11 
-2.0656298438e+05 
-2.3363029511e-16 
-4.4772125325e-14 
4.1761968883e-10 
-6.8775525013e-34 
8.0435094349e-12 
-3.7282614136e+02 
-5.8237850453e-07 
4.9943448163e+25 
5.0150645193e+16 
-3.4714272346e-08 
-2.8107208816e+18 
1.4487930457e-04 
-3.3519528960e+09 
-6.1933459808e-25 
4.5997639221e-35 
            nan 
-5.0872221595e-20 
9.0897123974e+35 
1.1256684247e+36 
9.6228059299e-28 
-6.7586002941e-17 
-6.7332452352e+10 
-5.5498040191e-11 
-1.3011574858e-15 
-1.4456096652e-35 
-1.2023909683e+26 
-1.9216464398e+36 
1.7868910592e+10 
-1.7796027040e+37 
-7.0456670712e-28 
-6.2577628576e-38 
-6.9035380946e+25 
-2.1763838854e+22 
2.8007176585e-28 
-1.3801092791e-05 
-2.2260172718e+12 
            nan 
1.8485486507e+00 
-7.0304062847e-16 
3.3331483603e-01 
-7.2390046384e+13 
-1.9710139769e-19 
5.7651628900e-15 
-1.1353416471e-11 
-4.9686759949e+01 
-5.2395502280e-05 
1.1358423924e-10 
2.7577000873e-28 
2.2706880377e-32 
4.9105242188e+04 
-3.1949048094e+36 
-2.7381517780e-29 
-8.0731584002e-28 
2.8508846202e-23 
7.0773225070e+23 
-1.3742157946e+25 
-1.6943738461e+00 
2.1436265728e-37 
1.2391648187e-33 
-5.3568012501e-22 
4.4044522117e-16 
4.4911446784e-10 
3.2699423567e+35 
-3.3897493930e-39 
-3.0345612944e-18 
-1.2489946505e-27 
3.2576209243e-22 
1.2539448438e+05 
-3.1489586912e-25 
-3.1835634927e+31 
-2.0097188104e+37 
-1.7859747785e-22 
7.6472965120e+09 
1.8163401691e+36 
6.6317187500e+05 
1.7112263184e+03 
1.3383955977e-34 
3.1877897460e-31 
-6.2663308083e+11 
-1.0225075269e-18 
1.0604326263e+14 
-3.3650492501e+30 
-1.0645463178e-08 
1.7155196000e+07 
5.5851380409e-08 
1.0248830394e-21 
-8.3263163031e-10 
-4.1670282733e+15 
-4.7777508636e-25 
-6.4347204195e+35 
7.5488180911e-34 
4.4548178266e-05 
-8.7530255916e+19 
3.0339394560e+09 
-1.2348791385e+36 
2.1894898827e+24 
2.0874317500e+06 
2.6477320002e-30 
-3.9250784932e-32 
3.4885558775e-21 
-2.8691401742e-21 
-1.2206684195e-26 
-1.8121592013e+11 
-3.2493706224e-29 
-2.9517279205e+28 
-1.4298310342e+18 
-3.5024277044e-14 
1.3127371910e+20 
3.9584209907e-29 
5.9165813930e+26 
-9.4923389534e+29 
4.4603180800e+08 
-5.0543519592e-07 
-2.1526128347e+34 
4.9332669005e-03 
9.6155706348e+15 
1.6839222017e+23 
3.4274603240e-03 
-3.8481812035e+21 
1.9598602666e+13 
-2.3458688354e+02 
-2.1925824325e+22 
-1.5591141454e+16 
-1.0546366382e+12 
-1.3611006733e-28 
-3.2974139135e-38 
1.6594899353e-03 
4.6950239146e+17 
-2.7444506624e+10 
4.1942443376e-21 
1.5926729548e-38 
-7.3796586701e+34 
-7.5070486648e-16 
-1.5244034556e-30 
2.2480387674e-20 
1.7533019730e+31 
1.8061729989e+14 
1.6723074048e-17 
8.6073740800e+08 
-5.4073622450e-03 
-2.9304489709e-15 
-3.6106449715e+11 
9.7151204975e+35 
            nan 
-1.3605172729e+02 
3.7244247069e-35 
1.9558602805e-34 
2.4980539460e-20 
-9.1871368640e-14 
-1.3633500391e-28 
-1.0644017610e-25 
1.6138087441e+22 
-1.9674983004e+20 
1.8859846883e+22 
-6.4821311315e+31 
-4.5582416314e-11 
7.2610154152e+00 
-5.1952195168e+00 
-2.2243425600e+08 
9.8967207762e-09 
2.3379116178e-20 
4.8533090766e-33 
2.3686429486e-03 
2.2797038196e+35 
1.4247092188e+05 
2.3059325077e+15 
1.9210321997e+38 
-3.5708693106e+16 
1.2896359201e+34 
2.4842369141e+04 
1.3114749564e-10 
3.8858633856e-28 
1.5251986646e+29 
-1.4204493962e+22 
1.3936787525e+24 
-5.1850794553e+31 
5.4230924254e+16 
-1.2307247360e+09 
4.3192854695e+18 
-2.2720576809e-10 
1.0078700824e+19 
-4.5550303748e+23 
-2.5441844255e-26 
3.6740448254e-39 
5.9385042189e-26 
4.3315080267e-25 
2.4468045852e+38 
-3.7046351433e+00 
1.2796595381e-11 
-5.2534904480e+01 
1.5667807880e-33 
-1.7284629605e-26 
-7.4133281014e+32 
-4.7571811759e-29 
-2.1046825827e-37 
-1.0283999251e+32 
-3.6995475057e-06 
-3.8513778044e-29 
1.9673792013e+21 
-1.2285689434e-14 
            nan 
-1.5570006750e-33 
-2.4492469493e-06 
5.8004151363e-37 
-1.0538094061e-17 
-5.8453147954e+25 
5.3057790927e+31 
2.0460381538e-15 
-2.8305566957e-05 
-7.9130248654e+24 
2.2076371094e+04 
3.8773824642e-21 
5.0572762240e+36 
-1.9297177331e+14 
3.1129839735e-35 
-1.3855475913e+15 
-6.4846711625e-17 
-9.0581855469e+03 
2.4265209019e+21 
-5.3027432254e-17 
-1.9476927052e-16 
-2.9273772037e-34 
-6.2832364344e-26 
2.4200716553e-20 
-2.4114612259e+25 
-1.2406006774e-27 
-3.3048833720e-03 
-3.9980907983e-32 
-5.3225949159e-06 
3.0746712746e-27 
-2.7996176341e-13 
7.5987889414e-36 
-1.3505198876e-04 
6.1305637450e-37 
2.4325677157e-32 
-7.3228809683e-09 
-1.3423628431e-08 
1.3042237495e+31 
1.3351435547e+04 
-6.7702710000e+06 
-4.1916082369e+14 
2.8322022282e-17 
-1.1827710480e+32 
-7.0229576500e+15 
6.8656108626e+37 
1.3142588728e-31 
-2.3376260780e-13 
-7.6704999014e+11 
3.0979564165e-18 
8.6914057230e+21 
-6.4255678959e-24 
-3.3504213206e-03 
3.5284525357e+15 
2.3022476941e+37 
9.1250265600e+08 
-2.8434576721e+17 
2.1250935849e-33 
-4.6729742188e+04 
-7.8402709068e+24 
2.0331222645e-17 
3.2988607640e+15 
-2.8296133982e+33 
1.9750786905e-25 
2.5809027790e+26 
-1.6701568593e-18 
-1.6433747874e-07 
-3.5940923867e+14 
2.5904389156e+25 
9.7502801129e-26 
-1.6641799680e+09 
-6.6569473347e-06 
1.4013160129e-20 
7.6151876669e-28 
-2.8538936615e+01 
-4.7264128375e-12 
-1.3769295926e-36 
5.4106560127e+36 
3.9262427058e+35 
-2.1474838867e+03 
1.5762118423e-21 
1.6966347971e-07 
5.3028880751e+14 
3.3681273048e-11 
-2.3649945358e+19 
5.1276540756e+00 
2.1371687762e-03 
6.0759752997e+35 
-1.6700646281e-01 
1.1007147656e+05 
-3.6846738281e+04 
-1.3368100166e+01 
-1.2677182198e+01 
3.7210513920e+09 
-6.0103581250e+05 
2.2309966414e+18 
2.8645367007e+23 
-4.7991683547e+13 
-9.1096063670e-07 
-1.7424999409e+14 
-3.1030618120e-03 
2.8744639047e-12 
-1.1211941872e+13 
2.5864022561e+36 
-7.3613658641e-33 
-2.0277870739e+19 
2.0229780781e-25 
9.1420394296e+35 
2.6842784610e-37 
1.7804447021e+03 
1.0766925837e-23 
1.7356341553e+02 
7.5923503573e-07 
-6.2032462246e-23 
-3.9361521910e+12 
-6.9396357542e-31 
3.1360134557e+29 
-2.1776592292e+17 
-9.1545378816e+10 
-3.8056693711e-25 
1.9657788715e+37 
1.2275190977e-38 
-2.2312957085e+18 
-7.0552048683e+00 
1.8580346659e-04 
7.0164139256e-12 
-3.5068416124e-38 
1.5264723200e+09 
-1.4447429084e+26 
-1.6374750183e-33 
5.2686012666e-35 
8.0205197019e+31 
8.6733233925e-38 
-2.7291174926e-31 
1.0999006250e-25 
4.6842314987e-06 
-1.9473931476e+18 
-1.5604346081e-19 
-2.7691285748e-24 
-5.6014431103e-14 
-8.0874325687e-25 
5.0250812355e-14 
-6.7621244975e-13 
8.3876829641e+21 
-7.4565861723e-05 
4.3435336021e-16 
-2.3169944261e-25 
-1.5180496481e-35 
-2.6899364558e-38 
1.9136865191e+18 
1.5400812845e-04 
-9.8183294685e-16 
-3.2253913203e-37 
3.0670450688e+10 
-3.4166968401e+22 
7.9627834343e-23 
-2.7014178021e-34 
-6.9645995106e-25 
2.3342056840e+29 
2.0093397325e-05 
-1.9428548969e+25 
1.0867092750e+29 
6.8606484480e+10 
-2.8236428578e-33 
-3.8665103705e-20 
-1.4540972833e-18 
3.6635420079e+14 
-3.2292073472e+10 
-3.8483443632e-07 
-1.0916751783e+26 
2.8819556075e+34 
1.2194507939e+28 
2.4876051229e-36 
-3.9212457836e-02 
-2.0077427994e-20 
2.5363381132e-37 
6.1411576460e+14 
-9.3210962653e+34 
-3.8662016512e-18 
-5.8429694416e-10 
-5.7105981999e-30 
-7.7475304701e+30 
1.0360335843e-18 
6.8186557617e+03 
-1.6492889404e+03 
3.4268949032e+00 
3.8008813712e+27 
7.5979442271e-22 
-1.0163311523e+04 
-2.0126586914e+01 
1.9502964287e+22 
2.1418090820e+01 
2.3248806256e+22 
4.7815032303e-04 
1.4679748535e+01 
3.2189187220e-24 
-2.0423515727e+15 
7.3947113360e+16 
2.8117144169e-08 
3.8443682500e+06 
-1.0684632220e+30 
8.3198730957e+18 
-4.3375715490e-16 
-3.2827545166e+02 
1.0264955521e+01 
1.6757109602e+20 
-5.1834290298e+32 
            nan 
7.7000307200e+08 
5.0761572266e+03 
-1.1250299250e+36 
-1.8448402819e-26 
-1.7328060051e-15 
3.6364293098e+00 
2.4299790665e-36 
-4.6880794431e-22 
-5.7465775048e-16 
-1.1813702062e-02 
3.0755950178e+26 
-9.3520071823e-04 
1.2974563477e+04 
-1.2293816230e+37 
1.1818938477e+04 
-4.3793302774e-01 
6.3097979826e-23 
1.7675537355e+27 
-8.2628551688e+32 
4.3254554340e+19 
1.0309916082e-18 
1.3838374131e+35 
3.0906060823e-38 
-7.6058818919e-18 
-1.9636487783e+20 
7.0522903785e+34 
-6.9515590317e-17 
-1.4333254733e+28 
-5.4000911556e-32 
4.4072716000e+07 
-2.8443296758e-34 
2.0908013150e+29 
-3.3458757812e+04 
-5.8529672970e-05 
9.2125949851e-26 
1.0027973617e+24 
7.3923958733e-16 
1.5559163756e+19 
-2.0997020800e+08 
2.0261481404e-01 
-1.3877346494e-10 
-5.2699470181e+14 
1.4368586279e+32 
-1.0993321120e+36 
-1.2925459405e-30 
4.6827974831e-10 
-9.4103965156e-31 
3.8489069735e+18 
2.5687373371e-20 
5.9342768509e-04 
1.0621670214e+15 
2.4502027964e+30 
-1.9455078896e-16 
2.1620341922e+36 
-2.2774456844e-20 
-9.8709497252e-05 
1.4172660022e+20 
7.9240048226e-38 
1.6525488230e+28 
-4.4848234761e-35 
3.3957369889e+20 
2.5137079387e+38 
1.5107606695e+24 
-1.5736652433e-14 
-4.7377437204e+37 
-1.2375062500e+04 
3.6519321600e+08 
4.5053921756e+36 
2.8868809600e+08 
-1.8817637120e+23 
-1.0181008238e+36 
7.1768943144e-07 
-6.4909777306e+11 
-4.6359622424e-29 
1.2194112597e+20 
-2.4658979062e+12 
-2.2847244257e+30 
-1.6060122250e+22 
-5.5455716344e-37 
-2.2482077406e+33 
-8.7260296905e+13 
8.0407600215e+31 
2.1668742869e+31 
-1.5216867328e+10 
6.9686158563e+19 
5.7390878277e-15 
1.2988908999e-37 
-4.1366380453e-01 
-2.1705981344e-02 
-1.0032772217e+03 
1.2125948438e+05 
6.3308427734e+03 
-6.7767019272e+00 
4.7608113584e-21 
-1.2264468492e+33 
1.0618562191e-17 
-4.8759178639e-18 
-7.8806247938e-25 
-3.1519793750e+05 
3.3485136855e+12 
5.1093216977e-28 
-1.0452425099e+26 
4.7429224651e-05 
1.0457937523e-36 
2.5380202991e-35 
4.7717314544e-08 
-8.4668013733e-04 
5.8895004429e-08 
-4.1165164419e+33 
-2.4788016171e+35 
7.8904687494e+27 
3.4786130826e-36 
-2.5234810769e-11 
7.2871170247e-37 
4.6466933691e+18 
2.0183575429e+12 
4.2311131381e-36 
-6.1254725857e-24 
7.2598016986e+22 
-2.0121397609e+31 
-6.3989677734e+03 
1.6936830004e-20 
-1.5038138108e+15 
1.5425419507e-37 
-1.9802080255e+29 
8.4415537798e+16 
-7.0863654400e+08 
1.2649606203e-20 
-1.6772216320e+09 
5.3669068031e-33 
-1.3740066406e+11 
4.7702193750e+05 
1.6634137630e+00 
-3.4885608700e-33 
-2.3718704635e+23 
-5.5256493960e-27 
1.6667711883e+22 
1.2803395455e-27 
3.3474757155e-23 
-6.0629442560e+10 
2.5863658948e-07 
-5.8670281307e+18 
1.7004077228e-17 
4.0693910464e-09 
-3.8888577153e+21 
5.1626647547e-16 
-1.0444931456e+32 
-2.0870527350e+23 
-8.5873605850e-22 
-1.3549410285e-21 
-1.2803038722e-30 
1.1356139203e+17 
1.6266850992e+13 
1.9177527975e-06 
-1.4977826849e-16 
1.1602822269e-05 
-1.1399348438e+05 
7.2998355843e-22 
4.1120300070e+30 
5.9730920475e-04 
-2.8264823569e-18 
-1.6440388226e-34 
-4.7027915359e+26 
5.9217471804e-40 
-2.3590591757e-30 
3.6654917247e-32 
-3.2778494060e-02 
1.4858319759e+00 
-8.5726412635e-07 
7.6018347168e+02 
8.1218991378e-34 
-1.9971041280e+10 
-3.1673390625e+05 
-8.4585477511e-10 
-6.9079797076e+21 
-2.2714706361e+22 
-7.8219477622e-36 
1.7827351899e-32 
2.7813102722e+01 
-1.0215719839e+37 
1.2225024441e-26 
2.6340329062e+11 
            nan 
2.2535211318e+38 
4.8969496042e-02 
1.3953980990e-02 
-3.0320684955e+25 
1.1451499535e+32 
-6.1460475676e+24 
1.4003918940e-24 
1.9039379358e+00 
-2.0538199774e-36 
-2.4177086958e+32 
2.5797824658e+35 
-1.3710228800e+08 
-1.2499441879e-23 
-2.3956316941e-36 
-5.0367902801e-14 
1.1283869548e+30 
-2.0609883177e+12 
-1.6339740130e+30 
-1.4212684848e-11 
-2.2688534319e-30 
-4.3779533386e+01 
1.6810496875e+05 
5.0621773414e-34 
-3.8424268146e+25 
8.2651604316e-05 
-2.2994834161e-38 
-5.5573103446e+29 
-9.9295340000e+06 
-5.1012167270e+11 
-1.9768992758e-13 
-1.6722452397e-37 
1.0107029099e-19 
2.8833820664e-08 
2.0982343551e-19 
-1.5056958000e+07 
1.3840107446e-12 
-1.2158004811e+21 
-4.4582917250e+32 
-5.7141065084e-34 
-1.8291500854e+02 
1.3878681723e+24 
4.5433846028e-26 
-3.0823496636e-03 
3.0071973049e+21 
8.8764659166e-30 
-1.0526493720e+28 
-5.2200054566e-19 
-2.4955384117e+33 
-2.1046079376e-12 
3.4927276032e+10 
7.2051947021e+02 
-2.1646198623e-36 
3.5571855892e-15 
-1.1263545048e-06 
-1.7943753628e-03 
2.7103877115e-26 
5.9152806383e+19 
-1.5054386686e+25 
-1.1289825481e-20 
2.0338318750e+06 
2.2712082963e-22 
-6.0616837938e-11 
2.4399096094e-27 
8.4079045486e+20 
-2.9961010672e+37 
5.0666919690e+13 
6.4998282711e+17 
9.0273555543e-05 
            nan 
5.0483499451e+31 
-1.0028492000e+08 
-5.4648885271e-04 
5.8032908340e-11 
1.6252171715e+12 
8.2067572021e+02 
2.1899191618e+18 
1.4902989700e-34 
1.2099127079e-31 
8.1527672780e+35 
-1.4559541248e+10 
1.8428113461e+00 
1.1785093102e-33 
2.8796315000e+06 
1.4960999145e+29 
6.1369369023e+37 
-4.8417141661e-03 
-4.0162345886e+01 
-1.5689179301e-01 
8.1837413290e-07 
4.4513542852e-10 
1.2810334865e-14 
1.0070470126e-24 
4.5936220570e+11 
-8.5621767035e-26 
-2.8051765600e-24 
-2.7364941311e-32 
1.7060393122e-36 
3.1776099556e-16 
1.9410419663e-18 
-1.2740531487e+33 
5.0398296874e+34 
1.7327910999e+25 
3.3377765708e+23 
-8.6494649662e-21 
-1.7057341283e+16 
1.9208884555e-36 
1.3922955350e+24 
-8.8614887582e-16 
1.6517631668e-31 
-1.1993663898e+11 
-1.3535420725e-38 
1.1802493595e-02 
1.7854266379e+31 
-8.7187628807e-14 
5.6868238068e+32 
-8.1588545790e-28 
-5.7319173357e-04 
-9.8883646259e+11 
2.6392100379e-02 
-1.1420630016e+10 
-7.1082308914e+24 
-2.5848534643e+35 
6.6808393750e+05 
1.0340624816e-28 
1.4948991807e-25 
1.3337644658e-17 
-9.5009476213e+15 
-6.8026284605e-10 
1.0454169100e+31 
-3.6181008189e-10 
4.9395620125e-25 
-1.3948222000e+07 
1.9955956477e-15 
3.1806709012e-04 
-5.3663625717e+00 
1.9138636588e+22 
-2.0020149795e-17 
4.5018845668e-30 
3.4078828990e-02 
7.8665075015e-30 
2.9614899018e+17 
-8.3092924006e+11 
3.9298785280e+10 
-4.2461056690e-23 
1.9420994236e-24 
-9.7149747323e+29 
4.6775124929e-07 
-5.4226123591e-10 
1.2629523460e-17 
6.2084340000e+07 
-2.1733392267e-13 
-1.1286580177e-11 
3.5116803460e-32 
-1.6256317000e+07 
5.6617773307e-17 
-2.3102284315e-17 
1.8431107138e+27 
5.4736504218e-09 
-5.1424448033e-10 
3.6181004401e-16 
-1.1854636250e+06 
-4.7634140793e+33 
-1.0028602916e-17 
-2.1941267632e-28 
-2.0033095690e+37 
-1.2106168952e+14 
7.0823155816e-35 
-3.5938448661e-08 
5.0556246426e+11 
1.9595260723e+11 
7.2331820533e-09 
-2.3522395000e+06 
-5.2098040207e-36 
1.6960182165e-06 
-6.0732609177e-32 
-2.7028279146e-04 
-5.6011515861e+31 
-3.0148403034e-14 
-1.3908216367e+27 
-3.7072656884e-38 
2.8502171886e+31 
9.9087984443e+26 
1.3100936059e+15 
5.5190222168e+02 
-3.7776726782e+32 
-3.1105058123e-22 
7.5058774272e+33 
-1.3370533487e-21 
2.2664373047e+04 
1.6869892954e-29 
-5.6638024132e-11 
3.4897966309e+03 
1.0767747511e-34 
-6.0293710129e-12 
-2.5464351949e+11 
-9.6109365234e+03 
-1.5477685019e-20 
1.0802579898e+13 
2.0786629039e+37 
-1.0179486784e-13 
3.2192878976e-29 
-7.1704112916e+25 
-1.1876506010e+12 
1.8303839435e-26 
-1.2899120660e-09 
-7.3875199974e-29 
-3.7546722728e-30 
1.5654482922e-05 
1.0287799567e-20 
-4.7428140206e-22 
-2.1771309897e-02 
-1.6139936269e+16 
-1.0180069793e-19 
-3.4756855321e+29 
-9.6213450028e+21 
9.1125687319e+34 
-3.7356258812e+28 
-2.9141123737e-30 
5.3513155191e-18 
1.2399770862e+13 
-5.2687619266e-26 
3.4156345145e-37 
-2.2290935290e-24 
1.3416850663e+30 
8.3476360884e-17 
1.9040636842e-18 
4.2194559828e+13 
-2.6121680374e-09 
3.7423221398e+33 
-1.8800257146e-01 
4.8246168748e+13 
-1.0017436523e+04 
-3.6287978457e-31 
-4.5318822558e-27 
2.3142385254e+11 
2.2000533132e+21 
2.4717349528e+17 
-2.8765236562e+31 
1.0754307004e-04 
6.4992352171e-21 
-3.7931287343e-13 
3.5863736574e+20 
1.3271813141e+28 
5.3529472000e+09 
9.2018446496e+36 
9.4835708830e+21 
6.2172585242e-24 
7.9089077520e-29 
4.4550865707e+21 
-1.3650682068e+02 
-4.1719249917e-16 
            nan 
-9.7288055993e+29 
-1.4048209778e-15 
1.2273945845e+25 
1.2108260475e+18 
-1.3585578813e+38 
-3.2216140362e-38 
6.2649596657e-05 
1.5074390126e+23 
-4.2495846646e+12 
-6.4538665771e+02 
-1.8584647846e+18 
-6.3886018123e+18 
-2.2771782731e+22 
1.7108574864e-38 
-3.8386683490e-16 
-5.1672890352e+19 
-6.7023746669e-02 
-1.5678924143e+17 
7.0383096000e+07 
-8.6946497071e-21 
-7.5481465204e-20 
1.1883818483e-17 
7.8586506240e+09 
-4.1186281123e-06 
2.7056038628e-29 
9.7699284426e-19 
1.5762449270e+38 
6.1703321297e+25 
4.7440411189e+24 
7.9219687905e-05 
-2.5223193891e-25 
-3.9253873589e-12 
7.9093993750e+05 
1.1305091175e-04 
7.5918962322e-19 
2.2630229288e-11 
1.4747927531e-33 
1.2200127097e-25 
-6.6182014180e-24 
-4.7082961086e-30 
1.0503036913e-37 
-3.0963863246e-03 
-3.1885554411e-26 
-8.7371701703e+27 
3.1010463867e+03 
-1.5964065603e-20 
-2.2142254934e+31 
9.8710238934e-01 
1.0774812584e-37 
3.0489205605e-10 
8.9585547110e+27 
-5.5666013992e+34 
-3.6389442271e-35 
1.4653614172e+28 
-1.8130350601e-14 
1.0326108932e+01 
2.5416155000e+06 
1.9905344700e+14 
-2.2710096927e+22 
3.6350903434e-14 
-4.3805241759e+23 
-2.3095957295e-04 
4.0822128955e+18 
-3.9582692190e-34 
-7.2958153117e+14 
-1.8426286488e-06 
2.3172175668e+27 
-2.7888052224e+10 
-4.2307414419e+24 
-1.1942736296e-12 
-4.8634564209e+02 
-1.4314532616e-30 
3.2618363686e-32 
-5.1825910230e-10 
-7.2887345937e-08 
-3.3493385316e-24 
4.2068166733e+00 
-2.6072299722e+26 
3.1048731804e+00 
-7.0708675663e-15 
1.3234381747e+32 
-3.0224223452e-24 
-5.3046274767e-16 
-2.9347219200e+08 
-1.1792600321e-25 
7.4598608564e-17 
-3.9482694830e+21 
8.4645830897e+24 
2.3347567022e-01 
2.4908628979e-11 
1.0248805776e+33 
5.0043612160e+09 
5.8455168167e+35 
8.8594550000e+06 
-2.5058992659e-09 
3.3570689258e-29 
2.2932093558e-15 
-6.5184154676e-21 
1.8900913257e-32 
4.2482452470e+21 
-2.5812013937e+30 
-1.1999748573e+30 
-1.2892153040e-36 
1.1583940819e-31 
-1.6492639215e-22 
-5.1558246094e+04 
6.1031020304e-28 
-2.8006401759e-23 
-3.5186961678e-10 
3.7162440302e+21 
-1.5557576904e+03 
1.3016255980e-04 
1.2716932096e+10 
1.1153788476e+16 
-3.5065642791e+23 
-5.6309160471e-36 
-2.3709088608e+29 
1.5959615000e+07 
1.9441038132e+01 
-2.6696877621e+34 
            nan 
2.5554002380e+02 
1.0473021476e+33 
2.4424550210e+27 
2.5678663838e+37 
-2.6309420783e+15 
4.3903455068e+12 
3.1754646641e-25 
-1.3444374227e+14 
-1.1304368222e-13 
-2.3361451068e+27 
-3.3315882063e-13 
-1.7380650844e+22 
9.4894674523e+30 
6.4563141006e-34 
3.6329754423e-24 
1.3233358750e+06 
1.1947598044e+21 
1.8753221130e+02 
-3.8200196875e+05 
-2.4896548341e+15 
-3.2986449099e-23 
4.6111556240e-10 
-2.3499777679e-09 
4.0130040050e-01 
-1.3398875706e+35 
-3.0706717500e+06 
-6.7468786256e-06 
3.1338277741e+22 
-8.0546333274e+21 
6.1053642824e+23 
-5.0656362438e-10 
-1.7089219549e-18 
3.6902065602e+35 
-1.1079092113e-33 
-8.4689451054e+32 
1.3844467866e-23 
4.0444943828e+36 
1.2981150604e-28 
-6.3996379911e+34 
-1.1635022803e+26 
-4.0369253079e-11 
-9.9969448927e+30 
2.4733095680e-28 
5.1472757951e-20 
-2.3353984882e+33 
3.5321542833e-15 
-7.0229972616e+19 
-2.4719145723e+14 
-2.5441341972e-29 
2.9050085048e+14 
8.9239584768e+10 
-1.2707254958e-27 
-4.0698804653e+20 
3.5490244627e-03 
5.3480169512e-15 
4.6931763200e+08 
9.9486253043e-20 
9.6491628885e-01 
1.7804630383e+19 
4.3900127639e-04 
7.3398376112e-17 
2.2711714606e+31 
2.4254238666e+17 
-9.4353497698e+17 
-4.1718069293e+34 
1.1634542265e+27 
1.9984342158e-01 
-3.7624933779e-20 
4.8981537195e-18 
-6.8005406622e+28 
-1.1987143566e-15 
2.8477481288e+12 
3.8856203804e-32 
2.5468607074e+31 
-1.3904642411e-12 
-5.0166763105e-11 
-5.7373227478e-25 
9.2518632693e+17 
1.0419612950e-09 
-2.2050368259e-15 
-8.9972462996e+20 
-2.3415870427e-36 
2.5720103480e-28 
1.2670704346e+03 
6.8320622444e+00 
8.8002156800e+08 
-1.1989721672e-35 
5.6107726414e-04 
1.8020779918e-21 
-7.5991410016e+13 
-7.0498397407e+23 
-1.3282313769e+19 
            nan 
2.2569555067e+12 
-2.8106696525e-21 
7.6466515625e+04 
-1.4163382430e+26 
-3.6425178638e+23 
6.2905717546e+23 
2.5134744646e-31 
-6.4156250273e+32 
5.1207511120e-08 
-1.3550707016e+12 
-3.6830580689e+19 
-7.4202306521e-22 
-2.7657760000e+06 
8.2367545934e-28 
-2.6942318107e-17 
1.5813361250e+06 
-2.0088552669e-17 
-1.0963399005e-14 
-2.2334221191e+03 
-3.2433564800e+08 
3.5754939010e-09 
9.0770680653e-26 
-2.2624202355e+29 
-2.7096463739e-08 
1.7961481360e-34 
-1.5375950891e+28 
6.5783494495e-18 
1.5661050321e-21 
-6.9628301563e+36 
3.2556762637e+17 
2.3976062582e-38 
-4.2413855481e-18 
3.3221989562e-15 
1.7382191118e-06 
5.1273449486e-08 
2.1977442500e+06 
5.0471784955e-13 
4.1336700928e+10 
-6.1180723200e+08 
-2.9255027220e-14 
3.0645728827e+19 
-2.6120314889e+20 
3.3219968000e+07 
2.3240748856e+27 
-2.7059173584e+00 
2.2877035928e+14 
-9.1042059169e-17 
1.0773946087e-05 
1.0850195444e+37 
2.3505931501e+26 
5.5319822667e+32 
2.5973676311e+13 
-1.7716894945e-05 
1.5162091423e-38 
-2.5110052490e+02 
-1.8976282036e-25 
1.2345450180e-29 
-4.8315944464e-23 
-5.8993203200e+09 
-7.8049503532e-24 
-1.0746438090e+23 
-9.7687723155e-07 
-8.4207350317e-17 
1.3271076156e+27 
-2.9518070804e-32 
-1.8988117966e+25 
-2.2811848421e+30 
-2.4586947449e+17 
9.9175017143e+21 
-3.4219960688e-34 
1.2638575988e-25 
1.2040074493e-09 
-6.2145230345e+24 
-1.2527105753e-07 
-5.0201791525e-01 
-4.7697429393e-24 
-1.1356371942e-05 
9.1672927524e-22 
6.4426723652e+24 
2.4321052559e-25 
2.7836557489e-27 
1.5012742115e+29 
1.2022651030e+36 
-1.0421544810e+23 
-1.8067278750e+06 
3.3137411749e+22 
1.3081202466e+35 
4.4233698845e+00 
5.9953739411e-25 
1.3182809476e-18 
3.0458017280e+09 
-4.6571197563e+12 
-1.2529390513e-27 
3.7405989892e+34 
8.2050083840e+09 
-3.5362437904e+28 
-1.9462446902e+30 
6.8758293152e+01 
6.3308696970e+37 
8.0245132531e+21 
2.6574951512e+20 
7.1499155206e+30 
-1.7101950000e+07 
8.3837839234e+35 
-9.9435435540e+22 
-3.5014307840e+10 
2.5279847814e+32 
-1.9008030158e-19 
-8.1851534014e-13 
5.6313286818e+19 
-7.0189064853e-30 
6.8992257254e+27 
2.5140703354e+32 
1.7459098906e-32 
-2.3886403809e+03 
-1.6587417110e-28 
1.4921506739e-11 
-1.9035774000e+07 
-4.8893755000e+06 
8.2808367822e+37 
1.2646486539e-05 
9.2258115234e+03 
1.2149066075e-30 
-1.5125867135e+13 
-4.8760196875e+05 
3.8431127040e+09 
-6.7201228142e+00 
8.9254973919e+32 
4.2880307617e+03 
2.5510411206e-07 
1.3303296875e+05 
3.9648760299e-32 
-1.7907151317e-08 
1.7003284868e+18 
1.9475744686e+12 
-3.1017310093e+13 
3.7584726151e+34 
-4.7392848561e-36 
-7.4993385537e+36 
-6.6327781493e+35 
4.0999261319e-36 
-1.5382558922e-04 
4.2312442598e+23 
3.5182230175e-02 
-1.5613460887e-17 
1.9492618668e+30 
8.4871200345e-11 
-1.3812165207e-06 
1.9419286909e+36 
1.1928676683e-29 
8.0891427803e+32 
-2.4065846577e-02 
-3.0679585574e+14 
-1.1927017885e+36 
9.3409304100e-05 
-1.1048153066e-18 
2.0266963959e+01 
-4.7224990213e-18 
-5.2545470507e-17 
7.8404387500e+05 
8.4437007989e+24 
-4.7847561291e-06 
9.5951218718e-24 
-1.9620375378e-35 
-2.3257405876e-30 
5.1790456772e+00 
2.2794632507e+33 
-2.8300066656e+24 
-6.2344909668e+02 
-3.7574522197e-02 
-4.9380163584e+11 
8.0579411588e-05 
-3.6443765119e-36 
5.4489128449e-30 
-3.7774781901e+19 
-2.0187971265e+29 
-1.3904630185e-22 
-2.1852946541e-21 
-1.6533504839e-30 
1.4766917758e-21 
-5.6879016512e+21 
-2.0038126409e-01 
4.9963136451e+14 
4.3095047639e+18 
-2.4562706944e-14 
3.5680060483e-38 
1.3496156197e+30 
-8.5128075131e-17 
-3.2614362615e+19 
-1.0432194444e-19 
-2.2225198826e-35 
2.6410458609e-02 
3.0988846333e-07 
1.1334198281e+27 
4.6079527762e+31 
5.1051922689e-09 
5.4602036615e+28 
1.0197823998e-33 
1.1121942906e-22 
7.9841905309e-10 
2.2059277241e+22 
6.4157182617e+03 
1.0831288358e+18 
6.1508180131e-30 
-2.9432378367e-33 
1.6805653006e-12 
2.6442414403e-30 
1.3324826268e-12 
1.3236610419e-10 
-2.9717883203e-21 
-2.3855333123e-34 
-3.8298783589e-10 
-9.9904266978e-23 
2.8990478502e-14 
1.5686436508e-27 
1.1680454246e+11 
-3.6024412314e+23 
-5.9444328426e+31 
-6.0590320640e+09 
1.6054564850e-36 
-3.3841932537e-26 
-2.7305708820e+18 
4.9008471702e-33 
-9.7833523322e+29 
-7.3929578825e-37 
-1.2248821704e+33 
-3.9390377045e+01 
4.6575895183e+12 
-7.7088309069e-08 
-8.3372157124e+31 
5.0796972988e+34 
-8.7956912388e-16 
-2.7380806662e-22 
-1.6905387137e+37 
-1.6285223077e+32 
-1.5311088013e+36 
2.9371157002e+36 
3.7570907930e+26 
1.3513456640e+10 
-3.9116211940e-29 
-6.2320603527e+30 
1.7337909510e+13 
4.5367237926e-01 
-4.1006821963e-34 
-3.0133891105e+13 
-8.6480404384e-19 
1.7718299059e-03 
-3.4583860878e-23 
-5.0025214623e-34 
-5.7990469088e-30 
1.2354290924e-08 
-5.5063228607e+01 
-7.8276426307e+18 
3.5813533827e-07 
3.7825808774e-19 
3.0861363992e+21 
1.5895605805e+13 
-1.4194044894e+30 
-1.0365256991e+12 
9.8487155080e+24 
-4.5744083768e+25 
-2.5730755773e+22 
6.3971437210e+27 
1.3460171200e+08 
2.2328768512e+10 
-1.6277265866e+30 
2.4918710940e-20 
-7.7704003060e+13 
-1.5172529899e-08 
-1.3419173993e-36 
-5.4156184196e+00 
-7.1702361930e-12 
-3.1034664871e-34 
-2.1357045324e+14 
-2.9867463805e-15 
3.5608950914e-23 
1.1166447394e+23 
-5.3286814670e+31 
3.9278179840e+09 
6.4836772442e+36 
6.4760885910e+15 
-8.4421592350e-29 
2.0847340416e+15 
3.2927810834e-29 
-3.0565872182e+29 
-1.8317584818e-06 
3.3375774687e+29 
-8.8370197299e+11 
-1.4031545342e-25 
-4.6484949223e-08 
-4.9834624234e+30 
-3.9734277299e-19 
7.1574222690e+22 
-2.4632619827e+11 
-1.5817870541e+11 
8.3764849679e+26 
-5.9281974792e+01 
-7.0619670337e+26 
-3.8416249651e+11 
-3.0125369449e-05 
8.4218280322e-22 
1.0988283889e-32 
-4.8600426794e-08 
1.7430590267e-19 
-5.5913260000e+06 
1.5503838434e+24 
3.1739402773e-10 
2.8634809423e-03 
-1.4890983557e-08 
3.1354475657e+24 
2.0415798645e-04 
4.6613375006e+20 
4.9324357910e+16 
-5.7691336704e-37 
-1.4439734475e+19 
-5.9611799190e+23 
2.8521397223e+13 
5.7639446993e-08 
-7.1857874829e+26 
-9.9414143584e-10 
1.0989829879e-10 
-1.3143567383e-34 
2.0349319452e-10 
1.6028472204e+16 
-1.6002404710e-37 
-2.4696136825e-03 
8.2690470260e+24 
-8.0971676846e-13 
-1.7183301449e+00 
9.1027971158e-15 
-1.0094345687e+23 
1.2293845412e-12 
5.9100239831e+18 
-4.5406045287e+15 
-1.0706665954e-26 
1.0365141296e-37 
7.8814175892e-20 
9.8701702243e+26 
1.2408639152e-36 
4.3232303154e-11 
1.4778258442e-35 
2.6722087568e-05 
-1.4665697515e-01 
9.6054057342e-18 
8.5658546002e+17 
9.2756406899e-21 
2.2311953362e-03 
-9.8330669995e-11 
2.1341562614e-37 
1.1559828480e+10 
2.7875229929e-34 
1.6433046758e-01 
-2.2546000605e-22 
7.4676960800e-38 
9.5656214400e-35 
-4.6367348821e+31 
2.8647712815e-35 
-1.5306404897e-33 
2.0061370865e-35 
9.1083854849e+34 
-6.6811111310e-07 
-7.2164062517e-32 
-5.0202871996e+16 
-5.1045954275e+21 
-8.4928226477e+33 
2.4117407494e+27 
-7.4445055347e+35 
-1.5864774563e+23 
-1.6795799777e-12 
-1.1041420798e+29 
-1.8772398816e+34 
3.1673460007e+01 
-3.1897488719e-30 
6.0984145115e-21 
-1.4976128623e-25 
1.2326278702e+36 
3.1008695910e+11 
-5.5684442701e+24 
1.2693295390e+24 
-6.5420076388e-34 
-1.2311699338e+31 
2.3363230750e-02 
-1.6987863684e+34 
-4.1395196800e+08 
4.2346920013e+01 
3.4689404682e-09 
-1.4283084199e+15 
4.2744786445e+20 
-4.3093155791e+17 
-2.9207218034e-16 
-2.5266453624e-01 
-5.6983553432e-34 
-8.8158090968e+24 
4.8231037095e+27 
1.0602345496e-19 
1.7128211646e-31 
-9.8587207795e+13 
2.0875000005e+15 
-4.4956151956e+22 
-1.8505831285e+14 
7.1849158400e+08 
-2.6353971555e+18 
1.7264553120e-09 
1.7496243084e-26 
-4.1191266450e-38 
-3.6783526007e+22 
6.9246492188e+04 
9.0517069357e+18 
6.7070041233e-37 
-1.6926454220e+24 
-3.8407722044e+28 
-2.0941115564e+32 
-1.0597682104e-20 
-4.1827089483e+30 
-2.1827698438e+05 
-1.2009337425e+01 
-2.9208127819e+18 
6.3295080952e-21 
4.6298936781e-24 
-2.3050098438e+05 
1.9024628928e-15 
-3.7493933356e+26 
2.2242496911e-21 
-3.9453874855e-30 
4.8648877844e-22 
-9.6806634521e+02 
1.6400076904e+03 
4.9569141978e+19 
-2.0457521094e-11 
7.8046161891e+32 
1.3816040800e-14 
2.8173491582e-31 
-3.8584286349e-25 
9.1803463680e+09 
4.1619704000e+07 
3.7933830261e+01 
1.5322732954e+11 
2.2597794501e-32 
3.3650529329e-19 
            nan 
1.5103277805e-37 
-9.8852981754e+30 
7.2636784615e-20 
2.7627748251e-01 
3.6149497422e-16 
-1.2936923002e+14 
4.8874340839e-25 
2.3721509024e-06 
4.9962803200e+10 
5.7447861347e-28 
1.2540042281e+12 
-6.9778442027e+13 
6.4914162110e-26 
-8.9494936703e+28 
-3.9126732349e+00 
-2.3309523756e-10 
-2.3642646484e+03 
-5.6798153736e-08 
2.7217835081e+20 
-2.2720575421e-10 
5.3302672000e+08 
1.4386152196e-30 
-1.8192689724e-30 
-1.3815281140e+19 
-3.2481340534e-11 
1.2293240422e+11 
1.6841300786e+30 
3.1823023309e+16 
-4.2501591224e-07 
2.8405147552e+01 
-5.0158405429e-06 
8.6190618731e-07 
7.4695927734e+03 
7.3174804082e+34 
5.7043933582e-15 
4.8186366146e-20 
1.1088948438e+05 
-1.5962992382e-25 
-1.7656203359e-02 
-1.7257837500e+06 
-4.0944607971e-19 
3.7921872574e+16 
-2.6125565838e-20 
-9.3078899093e-20 
7.6076015830e-02 
1.5627710339e+25 
9.7634994165e-14 
6.4602506352e+22 
1.1561480346e-24 
1.7900609380e-12 
-4.5831356347e-37 
5.4582693887e-28 
5.8842303693e+11 
4.1337025038e-19 
6.9070786396e+12 
9.2247679684e+28 
5.3227260000e+07 
3.8229707717e+28 
-2.5477750465e-10 
-1.9068615046e-27 
-9.1773187796e+37 
2.0881508925e+12 
-2.9072832604e-06 
1.3479908234e+30 
-1.0586508114e-36 
-2.0917427325e-29 
7.7101529542e+15 
-8.4070302728e-29 
8.2832844750e-11 
-4.6022978560e+09 
4.0534595248e+36 
-6.9607888342e-09 
-9.3989871441e-10 
6.6159056444e-30 
-2.8916346781e+26 
3.0723746615e-34 
2.7967963887e+30 
-1.4871222000e+28 
-3.1608207163e-09 
-4.3952389115e-32 
-1.7975543317e-19 
-1.8659498438e+05 
4.7352475008e-07 
-2.3452873047e+04 
-2.7688510930e-24 
-3.8253708073e-22 
8.6539694989e-39 
-2.2008326625e-14 
-5.6548038265e-04 
5.0839731557e-05 
3.4049001876e-18 
-5.8074870711e-29 
-1.4321502451e-29 
2.1545952169e-22 
2.4930462108e+20 
2.6417117500e+06 
            nan 
-1.0398843926e-38 
-1.5733412271e+32 
7.7082498105e+31 
            nan 
-1.8386645942e+14 
-1.8272152198e+34 
-9.4773562351e-22 
-3.5891105602e+14 
-6.0239144341e+15 
-1.2336483154e+03 
-2.5927898438e+05 
-6.6194964986e+37 
-3.5178236000e+07 
1.7907065240e-23 
5.6346393216e+16 
1.3503280907e+38 
-9.8963394883e+32 
-3.2063099742e-01 
9.4883773858e+24 
-1.7336695635e-07 
9.3806070089e-01 
6.0620338319e-20 
-1.6572684179e-26 
-4.9780304544e-03 
4.4852579428e-09 
-9.5407286426e-04 
1.8749150182e-13 
1.0072292352e+10 
-1.1769996238e+17 
-5.0097200350e-26 
-1.8743027967e-30 
3.2040974498e-01 
-1.6904197693e+02 
-7.3924187745e-05 
1.3928698438e+05 
-2.7854978813e+29 
4.9423833341e-23 
-1.9986477500e+06 
-9.6782409668e+02 
2.3411824562e-11 
-8.8315344306e-18 
-5.9068408398e+13 
-7.2405729280e+10 
4.4192054460e-09 
5.5639726080e+09 
2.6609091449e-13 
2.7191793750e+05 
-2.0480059902e-04 
3.9237225806e-39 
-2.5057535121e-14 
2.4667652615e+31 
3.7857388634e+33 
-1.7649919434e+03 
-1.7197994335e-34 
9.7166746383e-26 
8.2054529837e-10 
-1.8341437112e+12 
2.1825692058e-01 
-2.2183566095e-09 
-2.8571042776e-07 
5.0179580336e+31 
-1.3785609553e-05 
-1.4178356934e+03 
7.7827262482e-23 
4.0165393750e+05 
-2.9921097705e+14 
-2.1991410316e+14 
-4.9993390179e-35 
-1.8681362650e+31 
4.8730590392e-30 
9.5719345703e+03 
-1.7984233010e-29 
-2.4883502142e-27 
-1.2421101474e-12 
-4.3779853332e-14 
-6.8906781416e-16 
9.5502583638e-16 
-7.3938143032e-05 
-1.7474434717e-19 
-7.1246812496e+36 
-2.8381493092e+00 
-2.5185119141e+04 
2.5202277655e+19 
-1.1436663963e+21 
3.8103393750e+05 
-3.0648814268e+33 
-4.8477383098e-04 
8.4226389752e-11 
6.2365946883e-24 
-2.4394089022e+30 
3.0243957491e-30 
-9.6707504272e+01 
-4.2331838608e+00 
1.0763476640e-37 
-1.4031913170e+15 
8.4463913180e-21 
-1.0700165482e-35 
9.3148496451e+19 
2.5781312480e+25 
-4.4968406156e+29 
3.1491876454e+11 
-7.5456618771e+25 
-3.7942094483e+36 
-1.3470407104e+02 
-6.0033230438e+12 
7.4195697114e+28 
4.1332798566e+25 
-4.4850842028e-36 
-2.4980876681e+29 
7.0147490247e-12 
-3.9621275000e+06 
1.6815199000e+20 
-2.7143008839e+14 
2.7037609718e-26 
-3.4208640000e+09 
-5.1858270968e-21 
-8.6254942522e-32 
-2.3536424977e-30 
1.4366904888e-10 
-2.2350010909e-07 
7.8180015630e+18 
7.6876521111e+00 
3.0043276632e+38 
-6.4574046980e+21 
1.0143741612e+32 
-3.6265628388e+17 
-2.4116092244e-27 
-8.5598611200e+08 
6.7838476525e-07 
-3.5623762276e+16 
5.3328761851e-07 
-1.2896918176e+18 
-3.2010878000e+07 
-1.3581580259e-20 
1.6448315368e+21 
-9.0623146798e+33 
-2.0202228490e-37 
-1.1758351895e+18 
4.2426217215e+24 
1.5666808128e+01 
1.4249798969e+26 
-1.0020564586e+20 
4.8863408979e-12 
1.0552444418e-26 
-1.6435485082e+11 
4.3468830072e+24 
-9.8760555289e-11 
2.7892293510e-14 
-1.3966851395e+22 
9.5705028668e+24 
5.3228713695e+30 
-3.7205934525e-02 
3.3315658662e+13 
-1.4664696070e+13 
-1.1013767676e-09 
-2.0141037756e-33 
8.2444800000e+07 
4.4999291937e+20 
3.7786541145e+23 
-7.5630664469e-06 
-5.5248301593e-12 
1.9911429276e-12 
7.9953451859e-06 
3.6555737071e-16 
7.6036621094e+01 
1.5705862400e-29 
-1.9417139034e+33 
-2.0843598524e+35 
-6.2050997618e-28 
1.1079464457e-06 
-1.3071556635e+36 
-2.5716755114e-13 
-2.2301532777e-37 
3.1304295830e+20 
5.1549642487e+21 
2.1876063601e+12 
2.7342526654e-36 
-2.0143705841e-22 
1.9867789003e+24 
1.2962955264e+10 
1.7769857077e-03 
2.7867910202e-09 
-3.1983965698e-08 
1.9470111427e-25 
-3.6545281182e-04 
6.2695246094e+04 
-6.2891899066e-22 
-9.3425526544e-22 
1.0900703125e+03 
-4.5821306073e-17 
-7.1793593293e-10 
2.7997136116e-02 
-8.5361455263e-26 
3.3802121809e-22 
-2.6948191226e-04 
2.3986808396e-17 
-1.5675456000e+07 
-3.1736448000e+07 
7.9382812500e+03 
-9.3686834936e+18 
5.9811564306e+32 
1.0426628219e+36 
-1.5200838852e-11 
2.2653915366e+21 
2.7163468100e-34 
2.0196310288e-05 
-6.6136316000e+07 
2.7503150435e-37 
1.7413916446e-12 
2.0145804406e+36 
-1.4256645478e+26 
5.0965154371e-30 
4.0355751778e+24 
-4.0010114198e+22 
-6.7938867200e+09 
1.6662395537e+28 
-1.0061328160e-10 
-3.6026401367e+03 
5.8034753418e+02 
-1.1033991154e-15 
-1.1369202282e-33 
-3.4406127451e+17 
6.8511617347e-34 
-9.4276175983e+21 
2.2445972177e-38 
-1.1350795682e+30 
-1.4899298809e-11 
-9.3129975531e-17 
4.8735245566e+13 
-8.4104852226e-27 
2.1254889667e-02 
2.1061512728e+30 
-7.8402576575e+19 
-3.8549676355e+20 
-6.6912357283e-34 
9.7523692800e+08 
1.6388298358e-24 
-2.4292895820e-11 
3.9934742528e+10 
2.0486802931e-28 
-2.0296552350e-07 
3.1107441600e-07 
-1.3372591511e+29 
2.7870834395e+27 
-8.9763774957e+15 
-1.0532155389e-13 
-2.6594010327e-10 
-2.3160625503e+38 
1.4697017908e-11 
-2.1683931641e-14 
4.3809886679e-36 
3.8886907541e+32 
-2.5850976817e-03 
-4.8577566147e+00 
1.9365134460e+36 
-1.1514714403e-20 
-1.7359096875e+05 
-3.7476931255e-22 
-3.0576108811e+35 
3.7740902924e-16 
-6.2954392781e+11 
-6.2059857253e-10 
4.6959694779e-19 
3.0546014475e-28 
-3.6607107399e-29 
-1.6203487396e+01 
-6.7397484375e+04 
7.9938876629e-01 
3.4286363752e-16 
7.4401896200e-06 
5.5759978520e-21 
-2.8002538707e-24 
-6.1414787292e+01 
5.3391951676e+25 
-6.1607742188e+04 
-2.2058308618e-36 
2.2083981237e-13 
-1.4031937189e-22 
-2.9219838867e+03 
1.0951008974e-18 
-2.6830733164e-24 
4.3425976519e-14 
-4.2982937069e+24 
-1.8127133052e-26 
-9.8725540916e-21 
7.7980372589e-04 
-3.2115503189e+32 
-1.7230556750e-06 
1.9658250472e-31 
4.5907273093e-35 
8.3204089452e-11 
-5.7504278564e+02 
3.4353346058e-15 
-8.6743990292e-38 
-1.0542007536e+19 
-5.6552809375e+29 
-3.8769448119e-35 
2.9956757914e+11 
3.6755699179e-11 
1.5961294040e-14 
-3.1961326223e-18 
1.1982024960e+09 
-1.0425729426e-13 
-2.7112448805e-38 
2.1118193254e-14 
3.4412968842e-20 
2.0400671293e+12 
-7.8416166912e+10 
-2.7146438400e+08 
-6.1356320202e-07 
2.6372893644e+21 
-3.4649888880e+27 
1.6624478452e+22 
-8.7970394816e-05 
-6.3036789122e-09 
-1.7422990080e+09 
-7.9640860295e+24 
2.8093417847e-30 
-1.4463112045e+23 
-1.8847280000e+06 
6.9249609375e+02 
1.3073900601e-17 
2.7944987360e-24 
3.7123607397e-21 
4.9571641641e-21 
8.4447592448e+10 
-1.1376278053e-07 
            nan 
1.0710260692e+30 
-1.1516784668e+01 
-7.1966171265e-01 
8.4025329554e-16 
-1.9863532477e-15 
3.0855153454e-06 
1.2254857272e-01 
3.3696915375e+19 
-3.4792184817e-32 
3.4552696260e-09 
1.0506287161e+38 
-1.9372436660e-21 
5.9479788754e+15 
8.4421035357e+16 
-1.7852367897e-28 
-1.9033358066e-17 
-2.1847805787e-37 
2.8071928289e-36 
-4.3941869876e-07 
-1.8639905096e+12 
-1.2082298880e+09 
-1.0666235539e-07 
3.9769837054e-28 
-6.7666150461e-12 
3.4167065738e-34 
-1.3849088000e+08 
2.2274466745e+37 
-3.1208007812e+02 
3.2327194804e+32 
5.7689682025e-12 
1.5785677885e+20 
-1.7056659866e+11 
3.0269241348e+32 
6.6469099399e-25 
-3.7834631152e+13 
2.6326161737e-11 
2.4490503129e-03 
1.3509446556e-18 
1.6368330542e-38 
-2.9618278809e+03 
4.7454001646e-31 
-3.7344880279e-18 
6.7238705923e-12 
-1.4530540945e+33 
1.8578450368e+25 
-1.8078977551e-11 
5.6909311563e-02 
-5.0894738281e+04 
-3.9964358069e+28 
-6.7799891815e+25 
-3.4813545271e-19 
-2.3459612425e+34 
-2.5375245023e-34 
2.5822806381e+32 
1.0968606773e-21 
-1.3419542935e+20 
-7.5930847168e+02 
1.2745134026e+26 
-7.0674878709e+15 
-1.0740680144e-20 
-4.5174881657e+21 
4.2675647175e+18 
-1.8362464327e-10 
2.5304838225e-09 
1.3618189098e+31 
-2.7838051963e+29 
-6.3340157772e-12 
-8.4307113699e-14 
-3.1793005728e-11 
-5.6243556167e-27 
-4.0039701284e+36 
-1.6750983846e-19 
9.4267864334e-32 
-6.6403251928e+25 
-1.2195291842e-35 
4.0543022080e+09 
-1.4622151821e-19 
-2.5920526090e+13 
2.3926691028e-06 
-4.2666677475e-32 
-2.2398941724e-07 
-6.1750710000e+06 
-6.2757251449e+34 
5.1351228791e-23 
-6.4789176705e-31 
-3.9323383438e-10 
1.0551196361e-22 
-7.4234440144e+18 
8.5325588597e-22 
-9.5395973206e+01 
-1.8708901886e-13 
-2.7988439151e-37 
-3.7138461750e-10 
3.5856537600e+09 
-7.5699970784e-35 
-7.6347856802e-15 
5.9849919640e+14 
-3.7141433786e-20 
4.8721453679e-23 
-7.4763260203e-35 
1.5013315401e-32 
-1.1542321556e-20 
2.6447056571e-29 
-2.9627651367e+03 
3.7059504232e+25 
1.6730953979e+02 
1.6909763184e+03 
-2.2767818004e-32 
-1.5656064987e+01 
8.4004873641e+17 
-3.7899317741e+00 
1.5272835072e+10 
-1.1565515057e-28 
-1.1696792581e+21 
1.7099140484e+30 
-4.8650197983e+00 
-2.6709914213e+32 
1.2556121308e+26 
-2.6069942927e+12 
1.3713634397e-25 
6.9865854111e+32 
6.7072998711e+21 
8.4445951778e+23 
1.2519876062e+30 
-3.8585397842e-27 
2.8778206908e+14 
-5.8820599437e-31 
2.6331772000e+07 
1.0306943893e+01 
4.3605853504e-20 
-1.7757754360e-13 
-2.9560593426e-23 
2.7740003155e+37 
-2.7982786599e+33 
-1.4353999554e+25 
1.6092051770e-19 
7.4639075454e-21 
2.7626696500e-22 
-9.9613127315e+21 
7.3669507994e-11 
4.5081314722e+13 
2.2619006270e-25 
-4.9315511995e+17 
7.5292860068e+35 
1.3223289082e+25 
-1.3151487647e-37 
1.7593150734e+14 
-1.2441849219e+05 
-1.7355419893e-29 
-7.7146286915e-39 
1.8080076904e+03 
-3.8731129968e+18 
1.7705666178e-37 
7.9341512173e-03 
1.2387079756e-20 
3.5213901824e+11 
-2.1692478185e-05 
9.9056874831e-28 
2.1071822266e-04 
-2.8165796806e-08 
-2.0155836093e-13 
-6.7417165666e-29 
-3.2033777414e-31 
1.5340699520e-06 
2.2801936384e+10 
-5.5968986511e+01 
8.6856253896e+15 
-4.2952985745e+21 
1.5551117500e+06 
2.9274579138e-02 
-8.3003520966e+00 
-9.6214106820e-32 
-4.4411488000e+08 
2.2680516582e-28 
-8.7632204836e-30 
2.6995183104e-37 
-3.0435031160e-38 
-5.1649758190e+36 
-1.6866967187e-38 
-2.0839376131e+24 
-9.0137262684e-35 
-1.4181087615e+26 
-2.1061292787e-29 
4.8762374347e-12 
-2.9201339753e+26 
-1.4701865485e-13 
-4.1882593750e+05 
-2.9015564020e-37 
8.4905286928e-32 
-2.0451812014e-32 
1.0799461262e+20 
-5.6200516094e+36 
3.6597336445e-38 
1.4459235000e+26 
-2.3455060173e+37 
-3.6507139157e-05 
6.8987855704e-17 
1.0996635117e+22 
-4.7371137337e+34 
-2.4489941004e-17 
1.7728662107e-29 
-1.5596809570e+04 
2.2823510355e-33 
9.2759932755e-38 
5.7144806462e-32 
4.6228062601e+13 
3.0398639959e+22 
-1.9896490267e-04 
1.2928733820e-26 
-1.4781556480e+09 
-2.0246346821e-07 
-7.4289594731e+25 
-2.1196559052e-39 
8.9446380800e+08 
2.6621577584e-18 
-1.3912522896e-23 
6.4639124480e+09 
-5.0297278195e+14 
3.1678172444e+19 
-1.1506492671e+29 
3.4717224935e-06 
-5.6184867685e-14 
4.5371128000e+07 
-3.8205865849e-07 
1.8665882100e-13 
-7.9587449852e+33 
-4.8247155935e+31 
-9.9280488632e+20 
1.6011710000e+07 
4.7846066828e+27 
-4.3697836681e+36 
2.8485075638e-29 
-4.2211794062e-21 
2.8949673696e-17 
8.6179823616e+10 
5.1232755633e+28 
-1.0723692831e-03 
3.8826401946e-13 
1.7395704302e-24 
-1.9207181376e-24 
1.0042991603e-28 
-3.3004018614e+37 
1.7502741246e-34 
2.6852713830e-08 
-6.0319134852e-25 
-5.7297460735e-02 
1.1918991573e+30 
-3.7778686267e+18 
9.4644281016e+12 
-3.0807298422e-01 
6.8406609166e-30 
-5.3438224792e+01 
2.4105139892e-04 
2.2226108410e+37 
2.0623809663e-16 
3.8087150305e+33 
9.3801412681e+30 
2.1076740664e-31 
1.4213496875e+05 
2.1328932228e-19 
1.0243010183e-04 
1.3233218106e-25 
-7.1661229265e+34 
-3.3566337463e+26 
-2.0007017156e-05 
7.5462027437e-26 
-4.8765750078e+35 
-8.7813839316e-02 
-4.6147897592e-06 
1.8646203376e-34 
-2.3894407205e-30 
-1.0378689981e+34 
-1.1355486298e+38 
-4.1509770332e+36 
-5.2471814964e-27 
1.1361077010e-11 
1.0593845363e-27 
-9.4728015315e+27 
8.9928475101e-21 
3.4681016812e+12 
2.4317461823e-36 
1.6863851353e-13 
2.9180320276e+33 
-6.9704288829e+12 
7.3798238346e+31 
5.9139434614e+29 
-4.3376422435e+33 
-9.7482787263e-37 
4.9542065844e+20 
1.3502385900e+17 
-1.8707731934e+03 
1.1808380169e+20 
-1.5040924733e+36 
3.8705922255e+33 
2.1478155893e+36 
-2.5330601421e+32 
-2.6116042461e+31 
1.5009463969e+32 
5.6923806824e-07 
-8.6674054688e-30 
7.4211904717e+11 
-2.9538944504e-29 
8.8887392449e+27 
7.1019887744e-17 
3.6164427276e+18 
-4.4148236084e+02 
-1.0781634161e+30 
-3.0771992374e-31 
3.2253952454e-26 
5.2910335835e-11 
4.0679153369e+35 
-1.2948928859e-21 
1.0042775500e-07 
-4.2468117317e-04 
-3.0501046291e+19 
8.8769851914e-08 
7.9492592000e+07 
-5.4981319408e-05 
-4.7729984480e+19 
-1.4947151601e-18 
1.4718149524e-14 
1.6850696875e+05 
3.5652726889e-01 
-2.1278875242e+14 
6.4597186560e+09 
1.3053606056e+16 
-2.0447555542e+02 
-7.2610171638e+20 
-7.9499036208e-38 
            nan 
-1.3258513776e+28 
-1.2516447301e-27 
-1.7065040474e-22 
-3.7529522675e-13 
-3.6754231217e+21 
2.1283749069e-11 
1.0939212497e+13 
5.1125083316e+27 
6.5602062023e-06 
-1.1933886000e+07 
-6.0511137767e-11 
1.9931438772e-38 
-6.3283908367e-01 
-1.5216217613e+38 
7.2278653226e+22 
-3.0570736126e-23 
1.6444644613e-29 
-1.2142057130e-05 
-9.6222571682e+36 
-2.2813283402e+22 
-1.1076152643e-14 
-2.7697205247e+15 
-5.7146872955e+12 
2.2430620447e-04 
-8.9792719598e+32 
-1.0562722857e+12 
-3.7806238475e+29 
-2.5311794295e-28 
4.2267717482e-18 
2.1746951909e-21 
-1.4196734557e-33 
-1.8482857313e+21 
-7.3072472228e+12 
3.5279460949e+35 
-1.0446149760e+09 
1.8828082204e-07 
5.1812437197e+11 
-2.0749468122e-33 
-1.4553324532e-28 
1.1244729736e-32 
-1.0796549820e-15 
5.6485777309e-32 
1.0123076567e+12 
2.2439027200e+09 
4.8109485421e-35 
-7.5949086339e+36 
-6.6809905000e+06 
1.0363626776e+38 
4.7202443966e-05 
9.5031655854e+17 
5.9181505232e+29 
-5.2081221280e-11 
-7.9598025163e-26 
-3.4785070154e+13 
-1.1056205745e+16 
1.4127508621e-04 
2.9315587133e-02 
1.5127895231e+24 
-1.4886718206e+37 
3.8675130770e-27 
-8.5968592173e+27 
5.3488871748e+14 
-4.0723842484e-13 
4.8658394007e-06 
8.8061502094e-36 
1.0963519589e-12 
3.6825571889e-13 
-6.4985910000e+06 
2.7338595828e-04 
3.5368131648e-05 
-4.7015396821e-23 
9.5174787500e+05 
5.8024448051e-22 
-1.2607190609e+00 
-8.4114319814e-23 
-5.2206519336e+15 
5.6784064000e+08 
2.5158362897e+21 
-2.1767561150e+13 
-2.7353901148e-28 
-8.0208071334e+14 
3.0178844404e+30 
1.4591135628e+16 
-7.1936386198e+33 
3.4102738417e-35 
1.5272042906e-38 
-9.0393830585e+24 
1.3203511780e-30 
-9.1312656959e-30 
1.6110015567e-03 
-3.8766627312e+00 
-2.9701790501e+16 
1.1167607930e-20 
-1.1739227666e-37 
-5.6949136962e-08 
-1.2195848336e-27 
-2.7165844894e+19 
2.0409364546e-34 
-8.9141132948e+25 
-5.5010048879e+19 
-2.6624892000e+07 
-1.0010769529e-06 
1.0788545309e-36 
-2.9515691106e-12 
-5.3182640580e+14 
1.3798667844e+22 
1.6748127033e-16 
7.5736389382e-10 
3.0851265971e-17 
6.2006486630e+11 
2.8745207585e+19 
-1.4796233176e+22 
-2.4745871130e-08 
2.6904444273e+12 
-3.0851330735e-07 
-2.4025878255e-29 
-7.1962756865e+16 
-8.7455721670e-17 
2.5840561295e-30 
-1.5006749048e+18 
4.2073997161e+18 
-3.4502996875e+05 
3.0500228499e+26 
2.4791831895e+26 
1.0932189594e+11 
-4.3732933107e-17 
2.2591116249e-06 
-3.2518839908e+24 
1.3449830087e+26 
-1.8084070689e-05 
-9.7434954315e-34 
-1.6071728589e+19 
-2.2558003200e+08 
-3.2592144577e+14 
1.6533824000e+07 
-3.2886532757e+35 
1.2574396607e-28 
-9.8777480174e-29 
-8.1768982700e-26 
-3.0500346383e-21 
4.0487695312e+02 
-4.2438617704e-37 
1.6998742360e+13 
1.2892822269e-05 
-3.1778759418e+24 
-1.7717147857e-37 
-4.8885753765e-33 
-7.7245928566e-14 
-5.9937740326e+01 
-1.6488331674e+11 
-2.8436738407e-28 
1.4224673959e+20 
-1.9211838752e-27 
-1.5051684610e+34 
4.1803547740e-01 
-8.4545278549e+00 
2.0181707200e+08 
7.2716205007e+30 
-7.4258875000e+06 
6.8202478169e+25 
-8.6261314059e-28 
-8.2534391766e+36 
2.7695747917e-07 
-1.0021879375e+06 
4.3706492647e-07 
4.3737023680e+15 
5.5922091663e+21 
-3.6432453990e-01 
-6.1053152280e-14 
-1.5565393865e-01 
1.1430979400e+20 
-6.4957201626e+35 
1.9954903451e+38 
-4.6049583733e+33 
-2.4520716667e+00 
-1.0844305889e+18 
2.0092777170e-35 
1.5757192124e+22 
-9.3122927264e+13 
7.5015667801e+25 
-2.3790541112e+16 
5.6298908380e-24 
-3.9616539478e+00 
7.4525281076e-30 
9.9175173922e-26 
3.2289412388e-07 
1.0496768538e+15 
-2.4543357624e+35 
3.6638964861e-19 
-1.7077479233e-22 
-5.3589983232e+11 
-2.1076288223e+01 
-2.7396112470e+16 
-1.2560087800e+33 
4.3462836005e-14 
-1.4837218600e+28 
1.3232717849e+29 
-3.8429475734e+13 
-5.4606807493e-37 
3.1552211954e-09 
3.8188498944e+11 
3.7395380077e-23 
-3.1915924232e-29 
3.4611367155e-03 
2.2444689349e-27 
-7.2782574138e+25 
-2.3387119616e+11 
-5.1415352046e+32 
            nan 
1.7453643456e+18 
-4.2354464530e-29 
-2.5029319528e-19 
2.2378106000e+07 
7.9414809210e+34 
-1.1378636456e+16 
-6.5043856523e-08 
4.6215390625e+05 
3.6121254952e+19 
9.7008206676e+18 
-2.8109119141e+04 
-7.7117402741e-11 
-2.5645199526e+35 
9.0678594133e+33 
1.9409223751e-04 
-2.6442927492e+14 
-1.5188663129e-30 
3.8826599713e-09 
-2.5999482000e+07 
-5.5997571735e-07 
-9.1543457259e-09 
-2.7451453661e-06 
1.4079757035e-01 
-1.4426137158e+17 
1.1493087813e+35 
7.4947221948e-37 
-1.3480534776e-22 
1.2569708882e-38 
-1.4087306490e-14 
-7.6130712742e+33 
2.5860032431e-13 
-4.3620233436e+21 
2.2064996959e-38 
2.9768500742e-38 
8.2997860751e+23 
1.1041483783e+19 
-7.3424653942e-27 
3.5941895619e-13 
5.9072796145e-38 
-6.6234092451e-34 
-3.4774656408e-18 
-1.6423915000e+06 
2.5108434437e-33 
-2.7962633689e+16 
2.0634095646e-28 
            nan 
-9.1300096018e+20 
-1.9673601855e-05 
-1.5553203821e+00 
4.2946315682e-27 
2.7774692592e+34 
2.7349792309e+20 
-5.8059423742e+16 
9.3352856292e+27 
-1.8290509921e+33 
-5.4555085566e-39 
9.4897549828e-23 
-8.0678967061e-04 
7.2872194323e-06 
3.3288590625e+05 
-4.7266213568e-23 
-4.0233738502e+19 
-2.9476748160e-37 
-1.2719414831e-17 
-1.4108092096e-16 
3.2640373780e-19 
-7.8760067675e+34 
4.7000717768e-19 
-6.9920851594e+27 
-9.1107678327e-36 
-2.5327623679e-11 
-1.7181987795e-28 
2.8777869141e+04 
2.0116987200e+08 
-1.0386499719e+32 
3.5363522580e-25 
-3.0989325724e-17 
-1.5132519629e+11 
-1.1007371252e-19 
-4.4480667189e+26 
-3.9809525475e+18 
-6.0748814352e+13 
3.1058199094e-33 
-3.0588062671e+26 
-2.7747012372e+23 
7.2513187500e+05 
2.6779954254e-08 
-7.6060664627e-28 
1.1802488708e+02 
-2.2319980266e+23 
1.4908319912e-08 
1.4997005183e+27 
1.0990471268e-24 
-5.7283049210e+27 
1.9490947890e-28 
-4.4126754801e-05 
8.5239990845e+12 
1.2486794434e+03 
1.0718583613e-14 
4.0642350912e-01 
2.8915569369e-27 
1.5425208575e+38 
-1.6842913481e+13 
3.6169881284e+22 
-4.9943358328e+27 
1.8194398997e-15 
5.5574494342e+24 
-7.7299971657e-27 
3.9430899026e+17 
2.5967044372e-15 
2.4925949305e-08 
8.5724957444e-07 
7.1622442498e-18 
7.6349484375e+04 
7.4710617600e+08 
1.7720310639e+21 
1.0162284981e-35 
1.6549818156e-06 
-2.1385113125e-10 
8.2553433081e+18 
3.4810747020e-03 
2.5641963959e+01 
-9.5714939099e-24 
3.6901554580e+35 
3.3022499132e+19 
-2.2110070416e-18 
-4.6968172405e+36 
1.2594643587e-38 
-4.7472747350e-18 
-7.2470249408e-32 
1.2757049877e-27 
-1.0154565632e+11 
8.2954542791e-08 
-2.1686159977e+28 
-1.1720252840e-26 
-8.5900527676e-27 
-1.3937814061e-36 
-2.4838516224e-22 
1.2894271488e+10 
-8.5669322430e-23 
-4.3808544647e-29 
-4.8222511153e+20 
1.0578116368e-17 
-2.4254470234e-25 
-1.4120856286e-30 
-1.1884581502e-25 
-4.0141520028e-17 
-3.6000104953e+27 
5.4268784384e-31 
-5.2660422400e+08 
-7.3868761082e+33 
1.5469298017e-28 
3.2628212054e-16 
2.7546555502e-20 
-3.6205099411e-23 
1.1278940160e+10 
-6.9608706854e+35 
4.1568577643e+23 
-3.1464155000e+06 
-1.7965958582e-11 
2.2342571168e-32 
6.8764926222e-24 
-5.0544808703e-37 
1.6883057362e-30 
3.6826386243e-25 
5.0825217966e+12 
1.1302241685e+33 
-5.0908516337e+34 
-7.3882020475e-30 
6.7455776000e+08 
3.4888139675e-21 
-1.1708665379e+31 
-4.5263573755e+25 
-3.9405608884e+18 
-3.1147958373e-32 
3.2143355392e+15 
4.6333023381e+14 
-4.0305364173e+11 
1.5523160357e-07 
-8.6716216582e-23 
2.5658634712e-17 
2.2961400006e-24 
-5.3640324162e-21 
-8.1533192236e-19 
2.7068346091e+38 
-2.3301711426e+03 
-8.0961124434e+12 
1.7776364461e-02 
4.1155832150e-05 
4.5479189304e-38 
1.4720911880e+21 
2.3865236800e+08 
-5.0090990625e+05 
7.6022009287e-27 
-3.9236738202e+28 
8.0600982479e+37 
-4.5116016188e-24 
8.1593130813e-25 
-6.5499489894e+11 
-6.4080678612e-29 
-9.2052122869e-11 
-1.6327362127e-22 
-3.5262554578e+23 
4.4522946615e-23 
6.0239832678e+11 
1.1557972088e-14 
-9.8802035877e-34 
-3.4599433011e+11 
1.5264075482e-03 
3.1472593975e-10 
-1.4759703367e-35 
-5.6145829631e-14 
-1.5623670274e-24 
2.5505750000e+06 
-5.5861107745e+23 
-6.2091250560e+23 
-4.2871004524e-09 
1.2680012910e-18 
-2.9299703444e-16 
-3.0606012778e-26 
3.8901436028e-07 
-1.7138002166e+12 
6.8932788086e+03 
1.4578558720e+09 
2.6840187500e+05 
-2.8817416202e-35 
-8.8717731992e+20 
2.1934187089e-07 
-6.3676994118e+29 
-7.3418836678e+15 
-5.9109929268e+29 
1.0994960803e-17 
-1.2538446875e+05 
1.4258898989e+32 
-1.0730762717e+25 
1.0453637278e-26 
-8.4896885105e+20 
6.3694823507e-25 
-1.9161772216e-03 
2.8614191104e+10 
9.3298497946e+11 
-1.1125011462e-16 
4.1473158988e-29 
-4.4658853477e+17 
-8.6274288633e-35 
1.0713059570e+04 
7.9375962067e-18 
2.1195079499e+38 
-1.9605170247e-38 
-6.5461681224e-03 
-1.5563450999e-23 
3.6177513599e+00 
-4.5091590096e-25 
1.0095869600e+08 
-2.3577954697e-36 
8.2868962833e-38 
3.2737023926e+03 
-1.3266899565e+38 
4.4267278569e-37 
1.6417879040e+10 
4.1745554811e+32 
-2.1597166937e+24 
-8.8876059247e+18 
5.0742030357e+37 
-7.3960779274e-21 
7.3784345610e-24 
-1.0024314413e-13 
1.8581493216e+24 
-1.6626283520e+10 
6.3277646989e-19 
-4.2943478400e+08 
3.0995699179e+35 
-2.2697988811e-26 
2.9884607756e-21 
-2.8175043813e+31 
-7.5387815840e-24 
3.2519119360e+09 
6.2908627093e-02 
-1.4486171627e+33 
-2.8046920559e+34 
-5.5794305235e+18 
1.8223299776e-05 
9.4157181250e+05 
-1.4649441454e+25 
5.1300732109e+11 
4.2128984025e-30 
-1.1102494784e-02 
3.4710659153e+37 
-1.5164345820e+34 
-1.2259541495e-18 
-8.1255297852e+03 
1.7437243346e+34 
-5.5280113069e-17 
4.3195115699e+23 
-2.7373575626e+19 
6.8462797852e+03 
-2.0486016262e-17 
-2.8673314679e+31 
-5.0084376955e-29 
2.6742614971e-30 
-6.0858471734e+20 
6.5419658240e+09 
-1.0954172108e+36 
4.7296463163e-04 
-1.2117400442e+33 
-3.8836281524e+28 
-9.6307320036e+14 
-7.6730151835e+21 
-1.6820482762e+14 
-5.9123372921e-05 
1.6536306286e+27 
1.4281163125e-36 
-2.4802397289e+15 
-3.2295629619e+12 
-2.2748278716e-33 
-3.9117688321e-35 
-4.8046002176e+10 
3.8879296227e-08 
1.9460010240e+09 
1.1277099412e-30 
3.9286575609e+24 
-1.5463910790e+32 
-5.6244373322e+01 
1.3892342454e-24 
-8.8484855369e-03 
-5.1262129098e-02 
-9.1897600410e+11 
6.7396073208e-34 
-6.7983184814e+02 
-6.4352105371e-24 
5.5551996000e+33 
1.6070895312e+05 
2.9943992021e-30 
-1.2684349097e+29 
8.6662916768e-38 
4.4849018120e+28 
-1.9679943323e+00 
8.5109399429e+15 
8.6370922625e-02 
1.7037587456e+10 
1.2617034174e+37 
1.3987766024e-12 
1.5437805004e+31 
-4.6351453389e+11 
-1.2768573000e+07 
3.8494347245e-04 
-2.3566347594e-15 
2.5659709237e+25 
9.2629662433e+12 
2.8944252928e+11 
-9.5442915857e+36 
1.8598393713e-28 
-5.0495699808e-33 
-4.4118819936e+30 
5.9040814772e-12 
-9.4336715826e-39 
-1.6349940291e-09 
5.1381070053e+30 
3.9165018231e+22 
4.8207139540e-15 
1.9614762598e+11 
-8.6009402689e+24 
-4.4208946794e+21 
1.8730011483e+23 
-1.0945209224e+35 
-1.0730907598e+33 
1.6213813296e-06 
-3.0538712097e+26 
4.1305525200e+37 
-8.4982819324e-37 
3.2714119141e+04 
6.1093904729e-14 
8.5428877288e-38 
1.2227182810e-17 
-1.1015022168e-27 
-2.5087336960e+09 
-1.9886060909e-04 
-5.2962797852e+03 
2.7321378586e-16 
1.0713661000e+07 
1.6601897695e-28 
7.5865125597e-23 
-1.8658121614e-35 
5.3043532944e-07 
1.1856556015e-10 
-8.9029339538e-27 
-1.5173833523e+11 
3.4134058042e+33 
3.0533319473e+01 
-7.4285524398e-09 
2.8771539780e-34 
-7.0907898237e+21 
-3.2845397361e-21 
-2.7601365092e+17 
6.5279362025e-04 
-3.2375362555e-32 
-9.4899517159e-20 
3.2721600183e+19 
-1.6825978017e+36 
4.1557967162e+23 
-9.6666989529e-32 
4.0394106788e-14 
-2.4145859177e-29 
5.7625840000e+07 
1.7935155035e-16 
2.4206683752e-26 
-5.3829081284e-22 
-2.7737423615e-29 
-9.1650233153e+31 
4.2511120605e+02 
7.3489125685e+30 
-3.1046156201e+25 
-1.9219215317e+25 
4.4943841690e+11 
8.1819077513e-37 
-1.9007395022e-03 
-5.9308058282e-21 
-4.1678060000e+07 
-6.6519042718e-08 
4.7837127099e-21 
-4.6142024391e+31 
7.6528460938e+04 
-1.2321324597e-27 
            nan 
6.5139259546e-14 
-3.0017851540e-14 
3.4871344566e+00 
1.7113945529e-19 
2.4020044513e-17 
-6.4950050228e+16 
-1.4274351146e-10 
2.0673536284e-28 
4.1689062767e-19 
1.9194739360e+18 
-8.0637289211e-03 
-9.2676104897e-23 
2.7289687437e-12 
-6.7316841523e-06 
-3.6259600470e+35 
-1.9942639250e+27 
-7.3047643049e-39 
7.6589968280e+25 
-6.8022279503e-18 
2.4327388033e-02 
6.7274421613e-26 
-9.0057270205e+14 
5.3994110107e+02 
5.1694019071e-20 
6.6308655622e+28 
5.7245983798e+25 
-4.0787578491e-34 
3.1601499633e+15 
1.7724472247e+20 
1.0293324394e+19 
9.8935200809e+12 
-1.4133227768e+25 
-7.1610263091e-17 
-1.1787421681e-04 
-4.5379437157e+29 
1.2974476250e+06 
-7.2992559814e+02 
-5.1054047852e+03 
8.8907161600e+10 
-3.6779238281e+04 
2.0591653083e-05 
2.7808779851e-02 
1.1672995758e+12 
8.7028095703e+03 
7.3591294836e-08 
-4.9613612521e-33 
-2.0316387527e-03 
-2.6870593750e+05 
1.7813451336e-07 
3.2241525485e+32 
-5.8931799715e+28 
-2.3150094604e+02 
3.8886955261e+01 
-7.0371916518e-03 
2.1463797447e+33 
5.8481204510e-01 
3.1531677936e+37 
3.6136184000e+07 
1.4641281962e-01 
-6.6171453896e-14 
-1.8444725869e-29 
1.7836952000e+08 
3.1778570265e-02 
1.1953720722e-35 
3.4778806270e-19 
8.4838750132e+17 
3.2300764575e-14 
1.3787741911e+32 
-1.0111807621e-23 
1.8697854000e+07 
-9.7197756763e+21 
-3.0155778997e-14 
-1.5622708430e-36 
1.5964989719e-22 
3.1165514613e-11 
-3.4934250668e-29 
4.5098895059e+25 
2.9904570220e+24 
4.3677035086e+20 
-1.2409066281e-21 
-2.5261785715e-20 
7.3380878272e+18 
-1.8958901289e-14 
-9.3823988357e-29 
3.9903897802e-25 
7.6880988586e+35 
7.0472485625e-09 
-3.6989544033e+27 
1.4581848229e-10 
-9.5946142009e+16 
-1.6118513056e+38 
-1.1122486922e-29 
-1.0759103486e-31 
9.7146730695e-05 
4.4645066786e+27 
2.1861263242e-31 
1.5568063505e-09 
2.6980046183e-02 
-1.0397757043e+33 
-8.9701780289e-26 
5.4206615789e+37 
-2.0158890635e-02 
8.4177646679e-38 
-3.8554552395e+15 
7.0408224768e+10 
1.1383246400e+08 
-5.5386991028e+26 
6.1545056579e-39 
7.7293783426e-01 
1.6402569570e+24 
-4.4500632821e-26 
-2.6726803279e-15 
1.1035761371e-34 
1.0677554109e+37 
-1.5078791513e+32 
8.0854251225e+34 
-1.7269814467e-09 
8.1750403447e+33 
-3.3879703144e+32 
-2.2571954075e+21 
-2.9351409161e+38 
7.1806300556e-24 
-2.1806703125e+05 
-1.2050973934e-11 
2.2407502372e+17 
-3.4564877888e+34 
1.9758447329e+12 
-7.8211204676e+34 
6.2438100487e+14 
4.2999694124e-03 
2.7737842516e+13 
2.1676752000e+08 
1.2801545029e+38 
-6.9140520600e-32 
4.7005440349e-33 
-2.8422130101e-12 
-1.8538044388e+34 
7.7267177734e+03 
-1.2842286682e+02 
1.7435267940e+36 
-9.0306608254e-16 
1.4146441947e+19 
-5.1455258298e+21 
1.1496696137e-16 
-5.4681864000e+07 
7.1193662006e-04 
-6.5270297847e-12 
-3.8763759794e-15 
-1.8770973230e-31 
-1.6239278028e-18 
-2.6702179846e-30 
-3.6073736000e+07 
-2.5546334635e+20 
-5.8942061281e+12 
9.7306454332e+29 
-2.1292064996e+24 
8.5523470315e-35 
-3.7670469619e+25 
-2.4453742662e-04 
2.3331765085e-02 
7.8874224640e+09 
4.4826888000e+07 
2.7324984074e+00 
5.6108232643e-11 
-2.2648486335e+32 
-3.6334635520e+09 
-2.7837740458e-16 
7.7862817383e+03 
-9.4570237133e+11 
4.4501567383e+03 
-4.8643642003e-08 
3.9266600000e+05 
-1.2173565627e+35 
-1.3203918934e-02 
3.8242461648e+25 
2.0232097074e-23 
-8.5947030783e-01 
-8.6225274152e+18 
-2.2730373120e+10 
2.2570868989e+21 
5.0397833557e-14 
-4.8899790272e-05 
5.1695360000e+07 
-5.0344116895e-26 
1.0395954240e-20 
-2.6880608850e-11 
-2.6415855573e+26 
-1.5521008481e+38 
-1.0123319706e+11 
-5.7090071120e+29 
1.7359116960e+13 
1.7166495323e-02 
8.2656579871e-30 
1.0480096375e-32 
-3.4796753651e+30 
-1.1197537253e-30 
1.4503694882e+23 
-8.2783436800e+09 
-1.0454250291e+11 
2.1241884679e-04 
8.3907584614e-26 
1.1741616465e+28 
2.7830101317e-06 
3.2153671366e+15 
-1.1612490794e+37 
1.5416934400e+09 
-2.3597949749e+35 
1.6349487305e+01 
-6.7856744529e-14 
-4.6762293750e-32 
1.7849486044e+32 
-7.7995810223e-16 
-1.1451313708e+27 
-1.4377029125e-22 
1.3740851200e+09 
1.9353320625e-35 
6.4488304072e+21 
-8.4637696000e+08 
-3.0879709811e-07 
9.5260795206e-05 
-1.0535889853e+20 
6.2940185547e+01 
3.1308494955e-29 
9.8001675753e-37 
2.7572831047e+15 
-9.8022923112e-10 
-1.9856670720e+09 
3.9800510546e+24 
-4.4553268040e+23 
-6.9473046875e+02 
-4.3529853961e+35 
-1.7066308594e+02 
2.1379833015e-08 
-1.7164576737e-19 
-7.4918080000e+06 
9.5041485793e-10 
-1.8196367684e+17 
-7.2386130550e+24 
6.0362275684e+13 
-8.0726917120e+09 
-2.4373736233e-04 
1.9436896537e-09 
1.2236370980e+24 
2.1334562848e+15 
-2.8782848598e+38 
-3.4241937101e-04 
2.5632816374e+27 
-5.0376708984e+01 
3.3495714888e-05 
1.6991783976e+16 
-1.5581588745e+00 
1.0761313984e+25 
9.7452713463e-33 
-9.2900518212e-07 
-3.9085422264e-33 
1.3879106198e-12 
6.8453252316e-03 
-5.0848600000e+05 
-1.7440525835e+26 
1.3568218971e+34 
-3.5304829188e-38 
-4.8448875120e-14 
-2.1612130352e-16 
-3.7512354275e+26 
2.5231875000e+04 
4.8066520691e-01 
2.3456856939e-18 
1.2443846641e-20 
4.5447016307e-27 
-5.4482800000e+05 
-1.2035826965e-33 
6.0322816142e-29 
-1.1064032000e+09 
-7.5914122482e+16 
2.8597120116e-19 
-2.1931329602e+27 
1.3743225745e+19 
2.0281843086e-14 
-7.4059394554e-39 
4.0613673109e+22 
-5.9857246931e-24 
8.1107875036e+15 
1.4889810979e-01 
3.9824229733e-36 
-6.9659660339e+01 
1.2059969204e-21 
-2.7950254735e-03 
1.3210447693e+02 
-8.9485941552e-21 
-2.7201703112e-09 
-4.0753178610e-07 
-3.0172206961e-32 
-1.3089551582e-19 
-1.2839449249e-26 
-4.1579350012e-23 
5.0930475331e+26 
2.4579360882e-16 
2.0981370000e+07 
-3.8220992995e+17 
-6.7433693619e-34 
-3.4115301509e+31 
            nan 
1.8135218876e-26 
-2.9900734646e+31 
-1.6277455699e+35 
2.7010593750e+05 
9.9161191767e+35 
-2.7836921938e+12 
1.2698864317e+38 
1.6816871696e-24 
-8.8002443354e+30 
6.8066114172e-34 
-6.2310453504e-02 
1.0693419555e-17 
8.1196300685e-02 
1.0866637474e-30 
1.0413809054e+27 
-3.9821015490e-36 
-1.5225726560e-29 
1.4963108763e+34 
-1.0628239852e+12 
1.8698875082e+34 
8.3907836682e+37 
-1.4416644267e-10 
2.0412501066e+13 
3.2934399663e+19 
1.1377044114e-22 
-1.0347949091e-34 
9.5101362153e-20 
-3.6376238804e-30 
3.0538964137e-32 
9.3377579144e-16 
-1.1122493841e+17 
6.7823852987e-06 
-6.2742908646e-09 
-2.8011303202e+37 
-1.5685117759e+25 
4.0935704112e-01 
8.9769072874e-18 
-1.8005970959e-16 
-3.8607231993e+27 
1.9269299597e-21 
-1.7940183234e-14 
-9.2819182691e+21 
1.9883509369e+38 
5.8168453818e+26 
8.8481183679e-19 
-5.6778850386e-15 
-2.1933516676e-14 
3.6705282982e-03 
6.4074555000e+06 
4.6167815712e+23 
-1.7644014406e+25 
3.2272118142e-19 
-3.2253719596e+35 
-6.8188006990e-03 
9.9869182317e+16 
-1.7590733444e-27 
-3.9957537878e-25 
2.5689933168e-22 
1.7480272163e-24 
-6.9877147383e+25 
-5.1055625422e+26 
-3.2456764895e-24 
-1.1899843339e+27 
-6.6690340873e-18 
1.3734119420e-04 
-3.5329101718e+31 
9.6183729056e+26 
-1.3073856000e+09 
7.0437481627e-03 
2.7113208477e-24 
-1.2074203808e+26 
1.9338781336e-13 
-5.4447360068e+35 
2.9673966157e+18 
-9.8774912759e+24 
7.6192978304e-04 
-6.2340341134e-17 
-2.3888917613e+19 
-4.9787282400e-28 
9.6152484375e+04 
-2.5051230372e+12 
-6.3921597791e-18 
-3.7132782284e-25 
-1.6467941459e-03 
1.2210431285e-26 
1.6495781974e+36 
3.1326439489e+24 
8.6765727997e+00 
1.3158086446e-31 
4.1558194340e-24 
-6.4199085367e+19 
-2.9738470459e+02 
3.8230195301e+27 
1.6395186549e+24 
-1.4183550438e+35 
-6.4627444744e-01 
-4.8033810329e+20 
2.3734755412e-33 
3.6952388665e+14 
-6.1159653972e+17 
-7.8689387520e+09 
-1.1216247194e+11 
1.1041319822e-36 
2.0980138209e+22 
5.0817718922e-09 
1.4172166057e+31 
-7.6773731424e+28 
2.6220838043e-28 
-4.5576024524e-33 
7.7814616555e+28 
-8.1408441340e+28 
5.4052040621e-10 
-3.2097792428e-05 
-2.4445193227e-27 
6.8578412756e-03 
-2.2510961059e-14 
-6.3121472168e+02 
1.1510372309e-36 
4.8835681685e+17 
9.6670132803e+26 
-2.2610516648e-24 
-8.8095839217e-13 
-4.8248771667e+01 
-7.4004290771e+02 
-1.1069702643e+22 
9.9168692049e+19 
1.0068254357e-37 
1.0307186523e+04 
-2.9100633443e-14 
-6.3194194265e-32 
9.5727990000e+06 
-5.9443784522e+28 
-5.6100867680e+22 
-1.6555452466e+35 
2.1557756387e+22 
            nan 
-1.6672882654e+17 
-7.2687594701e-18 
1.1274449374e+14 
-1.9547122981e-13 
2.0154121778e+36 
3.2490518528e+10 
1.1105308703e-13 
1.9832709937e+27 
4.7031342436e-35 
1.9444295654e+03 
4.5258682219e-11 
-1.2048308279e+36 
-1.1075742138e-32 
2.9331677500e+06 
1.3621078406e-30 
1.6563522968e-31 
-3.4842371941e+00 
4.2257563534e+23 
1.4402343762e-09 
-3.7837157834e-06 
5.0973393750e+05 
1.2645683771e+34 
-1.5938809604e+26 
2.7796248636e-10 
-1.5151163177e+29 
1.6377118319e-27 
3.3690188903e+28 
7.5996885563e-22 
-8.7607684995e-11 
-2.7736956000e+07 
-5.5605478337e-06 
3.5447338867e+03 
-4.7390447685e+14 
1.0036645457e-02 
5.4883064000e+07 
-6.1466464720e+20 
1.6857888768e+10 
2.4330147426e-04 
-5.9961395375e-37 
-9.2121181250e+05 
3.3684856005e+37 
4.5251883708e+24 
2.9693775053e+11 
-1.4428576022e-32 
-1.9765176736e+31 
-3.0054621558e-17 
-8.1645105000e+06 
5.6061154604e-01 
-4.4724435960e-11 
1.6256407906e-30 
4.0378894909e+12 
-8.1700843589e+16 
-1.7588321956e+24 
1.6076899200e+08 
7.8328513774e-25 
5.6067340169e-14 
2.8557996567e+28 
8.4751567841e+00 
6.3026431467e+28 
3.0268909177e-04 
1.1887870400e+08 
-1.8103696875e+05 
-7.4733775932e-28 
-6.3009921760e+18 
2.0682544726e-35 
-1.7008003948e-30 
-1.8002741087e+32 
-2.0122329604e-21 
4.4255300602e-34 
1.5659792641e+17 
-4.6178136836e-04 
-3.0715250947e+19 
1.1042781233e+38 
6.3223036000e+07 
5.2987852151e+31 
7.5371860313e+15 
-1.5613503000e+07 
1.4657245583e+20 
-7.7734273536e+31 
-1.4281894318e-27 
-2.4102769796e+38 
-5.2410757367e+36 
-1.3153761625e+00 
-1.3128195417e-21 
1.4931500800e-06 
6.7167312664e+18 
3.2076049281e+17 
-8.7856326400e+08 
-2.1086694277e+12 
-6.4966337742e+37 
-5.8791780333e-08 
-8.1785481598e-05 
-3.0453506125e+25 
-1.1614668000e+08 
6.6918141783e-06 
-5.0894793881e+23 
-7.4766520353e-29 
-3.8425902539e+32 
-2.2357127380e+02 
-1.8808357442e+26 
-2.0414345094e+36 
-1.6645663385e+22 
7.5390307617e+03 
2.0175052931e-16 
1.4893432624e-12 
2.4672067774e-12 
-4.8451616118e+30 
2.6539254606e+25 
2.1664246246e+33 
-3.3443430718e+16 
1.8435193924e-03 
-8.5090285154e+21 
4.9428862638e+29 
            nan 
-7.1329497542e+37 
-4.4413928702e+37 
3.4285286195e+11 
1.7065721130e+02 
-1.8150923473e-11 
-4.1495660583e-31 
-4.3552415850e-26 
3.9041954943e-27 
-1.0171449219e+05 
3.4555564325e-34 
4.5330260764e-04 
-3.5693079116e+28 
-7.1305041679e+15 
1.3477231360e+09 
-2.6405244126e+23 
7.0133277007e-33 
-1.1157710766e-24 
-4.6414302826e+01 
-4.3794920950e-30 
-1.1965719908e+28 
1.8029216926e-34 
2.9346412070e-25 
-2.2209571435e+27 
4.2414088425e-31 
3.4478416649e-11 
-9.2549910769e-03 
6.5179953364e+29 
1.3319647274e-36 
7.1393193033e-23 
1.3924493942e-05 
1.5012898438e+05 
-8.1305636002e-08 
5.1678416600e+16 
-2.2448850632e+01 
-2.8208187964e+18 
3.9152982235e+00 
-4.6213684378e-36 
-6.3347383219e-33 
2.1762645379e-30 
-3.1225642942e-06 
3.7839992320e+09 
7.4813247435e+34 
2.1340654790e-01 
-2.4204264623e+29 
-2.4455106258e+00 
4.4051736836e-07 
1.7326303031e-25 
4.1762052506e+11 
-1.2652464525e-13 
-1.6352533130e-25 
1.8334312606e-28 
4.5255704620e-38 
-1.5097919000e+07 
1.6335974363e+34 
3.9675024638e+13 
1.6573518750e+06 
-3.0152533745e-24 
-2.4494819024e+27 
-1.4796910364e-05 
-2.9153440475e+01 
-3.4165431363e+15 
-6.6931786502e-11 
-7.9367863101e+27 
6.6764635290e-24 
1.3161944780e-22 
3.5415667829e+27 
-8.6271397785e+20 
-9.4844520785e+32 
4.8717966046e+19 
-2.4662668800e+09 
5.3961847114e+29 
-6.6359028220e-02 
5.7165685575e-04 
6.4215499727e-29 
3.0065217890e+36 
3.4886367150e-18 
5.4970596778e-24 
-5.4385481619e+31 
-9.6075587500e+05 
-4.1261910838e-36 
-4.7311185530e-27 
1.0151938113e-05 
1.0818533336e+18 
5.4559015668e-21 
8.1670568761e-06 
5.0582542956e+35 
-2.1586501963e-36 
1.9531108188e+12 
-1.1764761806e-01 
-2.7339992210e-36 
-1.0879968870e+11 
-1.3800554666e-12 
-3.3659756280e+19 
-7.5033452544e+10 
-7.0393053875e-07 
1.4849774837e+00 
3.3082357495e+22 
-8.7162468541e-14 
-9.7617269320e+22 
2.1601856782e+14 
8.3573524492e+15 
-2.1114633479e-12 
-2.2924663832e-27 
1.2980012436e-37 
-1.1653272943e+19 
-9.7517407050e+36 
2.5059753205e+22 
-2.9509119987e+00 
1.9780979940e-26 
2.3948396556e-03 
6.2006222848e+10 
-1.6264602938e-19 
-3.1087126160e-28 
-8.9780850848e+32 
-8.1408412353e+13 
1.7351607084e+00 
1.0297279000e+07 
-1.2361186523e+04 
-7.2497115298e+37 
-5.9423821136e+13 
-7.0152957464e-16 
2.1714084582e-18 
-6.6005807590e-12 
6.4296146826e-17 
-1.9034903347e+11 
-4.4754787011e-27 
-2.9239441910e+18 
-5.0732462075e-23 
1.0893468260e-36 
1.3969677963e-27 
6.8602619245e-12 
1.3540773941e+23 
-2.8881441474e+19 
-4.3569025993e+00 
-5.7006475572e-34 
1.2425150694e-33 
-3.3499357500e+06 
-2.2213502000e+07 
6.3472529243e+35 
6.7295098681e+23 
4.3629262529e-12 
2.9020212921e+30 
-2.1015584544e+34 
-1.0658380779e-04 
-2.1610168759e-33 
9.1468604069e-07 
-1.1972233668e-15 
-8.8744479146e-20 
9.1114159927e-32 
-7.0882317793e-09 
6.2451309919e+35 
3.8823629099e-13 
-1.3750903918e-06 
-8.5390836004e+34 
-1.2223082542e+01 
2.3165982920e-32 
-1.2716795526e+15 
7.4562609688e-36 
-1.8141819644e-11 
-2.7385755861e+27 
-2.7087016988e+17 
-4.1356463309e+11 
4.8961718013e-10 
2.9693591309e+03 
-2.6750428825e+23 
-5.2026547369e-23 
1.2662766179e+18 
4.2493625187e-06 
1.6917107627e-02 
-6.6997448704e+10 
7.4829093067e+34 
-2.9334470408e-09 
7.1100393750e+05 
-3.9944391022e+19 
5.4551873588e+20 
4.8069213857e+23 
-1.1751327438e-21 
-9.1831372744e-34 
5.3224086674e+27 
2.0004016831e-28 
8.9734811378e-13 
-2.4278739875e-04 
4.8303277343e+12 
-1.0340133661e+38 
1.1949850785e-21 
2.0544158098e+33 
1.7030614572e-06 
-1.5200730080e+29 
-3.6169794454e+13 
8.9050096599e+12 
2.2277550114e-38 
-6.8919120364e+12 
3.4730337058e-27 
-5.3502119384e-25 
2.2880697388e+16 
-1.5374904836e+32 
9.1137613012e-09 
-3.0441256933e+36 
-3.3481428484e+25 
-9.2909851810e-04 
-2.5675374715e-08 
-1.5627870208e+11 
1.7321494053e+14 
9.4237539656e-35 
6.6312038537e-38 
-4.5363487272e-11 
-1.1381578138e+12 
2.5265130229e-24 
1.9332053760e+09 
-4.1066584814e+15 
2.4238999073e+36 
-3.4087148961e-03 
-5.4394849553e-36 
-1.9215194701e+28 
-2.5077466770e-09 
-1.5670412770e-27 
-1.0972511094e-10 
2.7585749900e+30 
4.3671928277e-26 
-6.6851630080e+09 
-2.1301981012e-10 
6.4895351670e-07 
-9.5478599178e-06 
1.4069411898e-25 
1.6761099650e+22 
-8.1605736341e-05 
3.7664746094e+04 
9.4581970294e-13 
-1.5150558413e+11 
-1.4996733490e-29 
2.3669991853e+38 
1.2321068778e+29 
-8.5326240651e-07 
2.4654886975e-29 
3.3105631969e+17 
-3.1358566124e-29 
3.2302831521e-09 
-3.5672963867e+03 
5.7482170105e+01 
-1.7197195502e-22 
1.0066513244e+36 
1.4514350255e-07 
1.2981930542e+02 
3.1549548355e+22 
-1.2545301123e+38 
-2.2687040749e+22 
-5.5423968910e+24 
5.2013534866e+24 
-1.0621579016e+35 
-1.6803973038e+12 
3.3998621802e-05 
8.2790652112e-10 
-1.9255703040e+09 
7.1858683902e-37 
9.4272421888e+11 
-8.4119691248e+27 
2.5819826873e+37 
-3.8971299395e-32 
2.8754842893e-32 
-3.8854225924e+32 
-1.6368853307e+35 
3.3156034736e-28 
-1.4879092020e+37 
-3.6499244800e+08 
-1.1445785580e-21 
-3.9063216640e+09 
-7.4749509432e+30 
8.0538181612e+33 
-4.7650530471e+18 
-7.3022857192e-26 
1.3767175832e+13 
5.9031195999e+19 
-9.0315325545e-39 
-1.6362059570e+04 
1.4535753305e+24 
            nan 
-5.6487128046e-29 
5.6209031027e-04 
-1.6965748987e-17 
9.7280891454e-32 
5.0483220035e-12 
1.2619929190e-33 
-6.6371154816e-21 
4.7900179203e-28 
1.2624123385e+26 
1.2613529096e-28 
4.1431538074e+11 
1.7650677314e+18 
1.8997886855e-06 
            nan 
6.4802780391e+37 
-1.5400466529e-36 
4.0535965764e+16 
-1.3018989425e+15 
-1.3634372339e+15 
2.5750236172e+26 
1.5776155834e-29 
-9.6084964275e-01 
-3.1834526367e+03 
-1.1912636293e-26 
-7.0123453710e-09 
-2.1392388808e+38 
1.0054228220e-25 
4.1540446358e+23 
-7.9684232749e+17 
7.3247384178e-14 
-5.2330244373e+20 
-2.4788583076e-38 
-1.8895588557e+12 
1.1980486456e-29 
-1.9163471675e-32 
-4.2830481540e-18 
-2.3927919899e-34 
5.1260627040e+29 
2.4748572017e+12 
-8.0514542101e-16 
9.8607608000e+07 
2.2067831651e-06 
-2.0908831060e-01 
-1.6270649758e-11 
-1.0102380606e+26 
-1.9222577563e-14 
2.1687673496e+28 
3.3946403809e+03 
3.5738402663e+22 
1.2886478855e+36 
-7.2908742328e+12 
8.3594202688e-18 
3.6288855232e+30 
-9.2468178486e+26 
-2.7870476370e+12 
8.9736558818e+21 
4.0702507148e-27 
7.6498822021e+02 
2.1011077467e-14 
-3.5829074661e-23 
-7.1850056923e+16 
-2.7903541381e+16 
4.9412196875e+05 
-1.5599139226e+11 
1.4773653448e-01 
4.9063760620e-22 
-1.8349745687e-06 
-1.2650805678e+26 
-4.7134057617e+03 
-4.9185237003e-05 
6.0912137464e-27 
4.2111200855e-06 
3.3831607738e-08 
5.1631301324e+18 
-2.9242712117e-05 
-4.2265107399e-29 
-2.0391623047e+04 
-1.1099099368e-01 
4.1595523235e+19 
3.9029893587e-20 
-1.6569541162e-22 
8.6963593750e+05 
-5.9122098483e+22 
-5.4399732000e+22 
1.1007401422e-34 
-9.7539890599e-20 
-4.0505432605e-30 
9.7772776299e+14 
5.8235846396e+17 
9.4627752866e+22 
1.2438614608e-37 
-2.4390051975e+16 
6.1055368185e-01 
-5.1953958984e+27 
-2.4346517031e-14 
-1.9398571980e+17 
4.6910596724e-26 
2.3551928212e-37 
4.9043725145e-27 
2.0688544918e-38 
1.2879371279e+14 
-2.3692499782e-29 
3.8161644103e-19 
-1.3387213321e+35 
1.4712237332e+15 
1.9052778632e-34 
3.8218927270e-26 
-6.3170251805e-27 
-2.7484396756e-19 
2.3537550666e-36 
1.2708711636e-36 
-2.7591789313e-33 
-8.3212137329e-35 
1.0663475820e-26 
3.5000798106e-01 
-9.2288115234e+03 
4.4914328909e-23 
2.3951429786e-34 
-6.4742732048e+00 
1.9856947660e+00 
-9.0101375463e-06 
8.2715654389e+23 
-1.3724130469e-31 
7.0367807150e-01 
5.2388247785e-25 
1.7718135816e+29 
-8.3988257272e+18 
-2.0364856014e+36 
2.1988696025e+28 
1.4987086004e+13 
1.9949451539e+38 
-1.2340368754e+20 
1.4618037567e-20 
-1.4403894226e-37 
9.4409922612e+27 
-2.8791860465e-22 
1.0627799829e-35 
2.9367161181e+18 
-7.3730875000e+06 
5.3048420341e-06 
1.4259504000e+08 
8.8909382427e-23 
-6.6095779292e+24 
-4.8531995307e+35 
-1.2991287379e+26 
-5.1956942561e+25 
-7.6234484375e+04 
-1.6036109814e-16 
-2.2749352013e+24 
2.0433409303e+18 
-1.5439357153e-18 
-7.4690807017e+29 
-3.3252026367e+03 
-3.7326153318e+11 
8.9201752146e+12 
7.3141262980e-28 
1.2347967700e-12 
1.1609886587e-01 
-2.4720074926e+33 
-2.3054864609e-20 
-2.1768298097e-07 
-1.7824071345e+24 
2.8369141888e-13 
8.8626508219e+35 
1.4365555932e-22 
-3.9329095459e+02 
-1.4500471934e-06 
2.9336457708e-09 
-7.3220492800e+08 
-1.5672218767e+33 
3.0309546647e-24 
1.4503721821e+30 
-4.4038049877e-02 
-2.0679053515e+35 
1.4754505950e-10 
-1.9115927591e-11 
-7.9970906090e-37 
-2.5228838502e+11 
-6.5852063001e+20 
7.8054999040e+09 
-6.6371901875e-25 
-1.7083529425e-34 
-2.9566171665e-34 
-6.2756385685e-18 
1.0408607625e+25 
5.9122573181e-35 
-6.0465894651e-19 
7.4437172852e+03 
5.3082836992e+10 
4.9672928179e+18 
-4.7290827504e-11 
-2.5362870795e+30 
-2.9741871995e+18 
4.3438221838e+36 
2.9385084000e+07 
-3.1188628275e+11 
7.6371762178e-32 
-9.8815376683e+35 
1.0013602863e+18 
-8.9123132984e+27 
4.1392013244e-14 
2.7642068668e+18 
-5.6566840470e+29 
-7.6307382036e+14 
-9.1884017325e+27 
-2.3910522974e-22 
2.4788383684e+32 
2.0897863876e-38 
8.9681850638e+19 
-6.2979132147e-28 
8.9480262250e-03 
4.0744052967e-04 
-2.8051885314e+25 
1.2586797500e+06 
-2.8994503509e-07 
1.0413672448e-18 
-1.1176069478e-33 
-3.4351900207e+34 
4.5668565658e-28 
6.0889655080e+28 
-1.5424890021e-26 
-7.0867605209e+00 
4.3974344114e-17 
-3.4563475200e+08 
-1.1902099007e+28 
-1.0233865967e+03 
2.8860799167e-11 
9.0969455242e-01 
1.1105414887e-04 
2.5508576388e-33 
-2.0592645961e+30 
-5.6001967992e+28 
3.6500294861e+11 
1.1448071152e-16 
-9.3462856712e+35 
-9.5442327044e+14 
3.1782307288e-33 
-6.3826335248e-26 
6.4951644324e+12 
-1.2220144479e-33 
-3.5705119699e+34 
-1.4282554940e+35 
-8.3907883048e-35 
-1.1383971040e+14 
1.9137868056e-29 
3.9883667937e+29 
1.0407733154e+03 
-1.2944029808e+01 
6.4762793750e+05 
2.0417508919e-35 
-1.0037273217e-18 
8.8459156967e-36 
2.0950957674e-38 
8.0202663961e+34 
2.1742398739e+00 
1.8542884864e+10 
1.3716307068e+02 
8.0457203571e-22 
3.6582162722e+37 
-1.3254211936e-34 
1.9359135078e+22 
4.4315191635e+20 
9.7140214167e-32 
9.1630583329e-12 
2.2090396347e+17 
2.5774659263e+29 
-7.0488657412e+34 
-4.0250650214e+30 
-6.7745625776e-10 
-1.2595971525e-16 
-3.7031082227e+34 
-1.6077673961e-26 
9.6480379247e+17 
6.6198532368e-18 
-4.7390059520e+09 
3.3912012441e-05 
1.5347422159e-14 
-1.0005038376e-19 
-3.8037341284e-35 
-3.4391810814e+26 
-1.7300765440e+09 
-7.6325373650e+00 
2.7065751402e+18 
9.2110772343e-09 
1.9036461622e+23 
-3.8912536846e+16 
-1.4461242929e+26 
1.4628218412e+00 
3.3666560007e-24 
5.1722071806e+22 
1.0558461398e-01 
3.0016316287e+35 
-6.7233269834e-15 
2.7472594186e-33 
6.8560315000e+06 
-1.9388794434e+23 
3.0233661256e+29 
2.6972699386e+31 
5.1997448008e+23 
9.2239199259e-35 
-1.0824264344e-28 
-2.7340375963e-23 
-9.2677229230e+21 
-2.7801373047e+04 
-6.7697700311e+24 
-1.5628186523e+04 
-3.1170980164e+15 
-7.6805719554e+18 
6.3020746094e+04 
-1.2658348846e+02 
-1.1913190543e+21 
2.3946561491e-26 
8.1310787937e-04 
-2.9857535888e-10 
1.8397195963e-03 
1.5379099239e-07 
-1.1335630608e-20 
-6.1213746094e+04 
3.4816526834e+35 
1.5494945771e-08 
-4.4355933962e+12 
-3.0451489009e-21 
-6.8127582697e-19 
3.3100038417e-14 
3.6901784760e-22 
-2.3535673937e+34 
-3.6683318728e-35 
2.9800396800e+10 
6.2005611420e+01 
-1.7835384862e-12 
-9.2405721963e-10 
2.0310978309e-35 
-1.1436019908e-24 
-6.8700018198e-31 
5.1631932063e-10 
1.5818654619e-17 
-3.5129907872e-08 
3.1266007561e-09 
1.4428845271e-11 
-5.0014590327e+36 
2.9966883659e+00 
7.9580568823e-29 
6.6294954276e+14 
1.8432889763e-12 
5.3031898665e-32 
2.7888829910e+14 
2.9500304995e+16 
-9.3303155945e+23 
1.0669824045e+17 
4.8044307150e+23 
-3.4055867664e-14 
-9.3560732993e-28 
2.8143361265e-22 
-7.9761261142e-17 
-1.5095818010e-15 
-4.7796290907e-33 
1.4348559570e+04 
-1.1879434764e+30 
4.9075502157e-01 
8.5748727563e-11 
-1.1003807595e-04 
6.2486611606e+16 
4.4135553425e+19 
1.3697912804e-09 
-9.3521493673e-01 
-8.2905615234e+03 
-4.3823111621e-25 
-3.0009489007e-20 
-1.1242956025e-33 
8.9036492188e+04 
-8.8879832765e-04 
-2.5479120389e+16 
1.2290736783e+12 
-2.5807769600e+08 
-5.1559832324e+37 
5.3539233302e-37 
-1.6077062500e+04 
1.8869333941e-20 
-1.0847811501e+38 
1.1277812500e+04 
1.5606587491e-25 
1.4030420226e+35 
9.6659210690e+18 
-1.4981869223e-30 
-1.0652197266e+02 
-9.8156160490e+33 
-3.2379236011e-12 
