2.3509887016e-38 
0.0000000000e+00 
0.0000000000e+00 
0.0000000000e+00 
0.0000000000e+00 
0.0000000000e+00 
0.0000000000e+00 
3.5873240687e-43 
0.0000000000e+00 
0.0000000000e+00 
0.0000000000e+00 
0.0000000000e+00 
0.0000000000e+00 
0.0000000000e+00 
0.0000000000e+00 
0.0000000000e+00 
0.0000000000e+00 
0.0000000000e+00 
0.0000000000e+00 
0.0000000000e+00 
0.0000000000e+00 
0.0000000000e+00 
0.0000000000e+00 
0.0000000000e+00 
0.0000000000e+00 
0.0000000000e+00 
0.0000000000e+00 
0.0000000000e+00 
-4.4236203410e-34 
7.1746481373e-42 
0.0000000000e+00 
0.0000000000e+00 
0.0000000000e+00 
0.0000000000e+00 
0.0000000000e+00 
0.0000000000e+00 
0.0000000000e+00 
0.0000000000e+00 
0.0000000000e+00 
0.0000000000e+00 
0.0000000000e+00 
0.0000000000e+00 
0.0000000000e+00 
0.0000000000e+00 
0.0000000000e+00 
0.0000000000e+00 
0.0000000000e+00 
0.0000000000e+00 
0.0000000000e+00 
0.0000000000e+00 
0.0000000000e+00 
0.0000000000e+00 
0.0000000000e+00 
0.0000000000e+00 
0.0000000000e+00 
0.0000000000e+00 
0.0000000000e+00 
0.0000000000e+00 
0.0000000000e+00 
0.0000000000e+00 
3.5166963005e+30 
3.6744643162e-21 
-9.6983311533e+19 
1.6653795635e+29 
2.2819231985e+38 
1.5791854453e+13 
1.9705158881e+20 
-6.9633461323e-12 
-1.7326327395e-07 
-2.2322528415e-14 
-2.9254904205e-25 
-1.7056359477e+26 
1.1554562965e+37 
-1.4348092476e+35 
-4.3009567261e+02 
-2.9066312313e+00 
7.5978433228e-35 
-1.0340893072e-11 
-1.9536058967e-25 
6.1325694507e-30 
-5.6077234447e-02 
-3.3221899353e-14 
-1.0221756592e+03 
-1.1120475336e+32 
-5.7458283773e+35 
1.6004869865e-32 
-2.2177597880e-01 
-4.2500889274e-16 
-2.6395438639e-29 
-1.3377420937e-20 
-3.1951252755e-09 
2.6069364267e-37 
-5.6099656831e-06 
8.8411686032e-18 
-1.2842889946e-11 
1.8753699500e-28 
8.1890274957e+20 
1.1916872060e+19 
-3.9906001350e-35 
-6.8308127284e+25 
-7.5539086822e-25 
-4.7627018315e-36 
2.5578163922e-14 
-1.4153608952e-08 
-2.0599823620e-04 
-7.4170436247e-36 
-2.8124712802e+38 
4.8427472784e+27 
-7.1196622883e+22 
2.2055380818e+19 
5.8978339795e-34 
1.8188531768e-39 
3.5838578125e+05 
-3.2471449375e+00 
6.1533895057e-28 
-2.7535446277e+18 
-6.2019564211e-02 
7.1882747150e-12 
-4.4261410000e+06 
3.4022733604e-30 
4.5322236632e-13 
1.3658265138e-23 
-8.7359687062e+24 
-1.7331596034e+13 
-2.6071694752e-32 
3.7008881068e+17 
-3.3996118420e-11 
            nan 
-8.5470533593e+35 
-2.2482744811e+29 
-1.4671657692e-21 
-1.1693575885e+17 
-1.2749010352e-25 
7.0089632572e-22 
-5.4265873695e+12 
1.3583362073e+33 
6.4114947751e-23 
3.1437896210e-23 
4.6258337562e+33 
-8.0276177814e+20 
4.2823581412e+26 
-1.0832326374e-15 
2.0941813192e-36 
1.2451768795e-25 
2.4703149240e-34 
-1.2237785894e-32 
2.1407737600e+09 
6.1091459356e-03 
2.2852719383e+20 
9.1997632980e+00 
1.8328552218e-11 
-1.3172089452e+27 
-7.1020495040e-10 
-2.7224079373e+26 
-7.2957591856e-28 
1.3076638323e-30 
1.4840027317e-19 
2.0733699840e+09 
1.5214447021e+03 
-4.9629086304e+02 
1.7616996217e-07 
8.6284860129e+12 
1.4352398527e+35 
-8.4008368750e+05 
-6.5818890435e+26 
1.3589625085e-11 
-8.4411568750e+05 
-2.5159286175e+30 
-1.4916214850e+13 
-2.3926628663e+19 
1.0109373182e-01 
7.3063272153e-21 
-6.6151082592e-39 
-9.6639344640e+10 
-2.2024507412e+20 
4.6082867820e-19 
-2.1607019043e+03 
2.9398978807e-09 
2.0228369640e-32 
3.4600462805e+20 
7.3259141808e-11 
2.3971130015e-17 
2.6759206912e+35 
-5.1534312734e+29 
3.5390275155e-09 
4.5155705889e-13 
6.9131309509e+01 
-3.0578094826e+16 
1.0810855800e-31 
-1.1761916000e+08 
6.1119519168e-11 
1.1538527317e+29 
-1.1343574668e-33 
5.5980887136e-37 
5.0632061005e+01 
2.4602723358e-18 
-3.1130979926e+14 
6.1924718780e-38 
-2.2922439383e-27 
-3.4636800192e+32 
-2.1059887111e-01 
-9.6798329852e-26 
6.7567471248e-36 
6.2453978125e-33 
-6.7873497009e+01 
-1.4941575398e-27 
1.5764455930e-27 
4.8362680054e+02 
-9.9244853941e-37 
-4.8822257408e-14 
-1.4948422874e+38 
-1.2113990728e-26 
2.9310615234e+04 
-2.3524076741e-24 
6.0651611504e-30 
3.7202413660e-04 
8.5877800302e-06 
-7.9109788756e-22 
-4.0069452545e+24 
2.4467379684e-36 
8.5661102806e-29 
3.8027783376e-06 
1.5138823242e+03 
9.4449283949e-09 
-2.6748916134e-03 
1.8671930119e+28 
5.0265478153e-20 
-4.3675331544e+29 
-2.9708994229e-34 
-7.4747575000e+05 
-6.6677522643e-22 
3.4244533163e-04 
-9.6900002973e-06 
1.2300974990e-14 
-1.7834659790e-26 
-3.1898610438e+16 
6.0873325137e+28 
-5.5142204645e+15 
3.0119771957e+00 
-4.1640427132e-19 
3.0393693395e+33 
4.7236808464e+33 
2.5615908263e-27 
-1.1840877123e-02 
8.9352701995e-36 
-4.8267273814e-04 
1.4427336447e+31 
-1.3705789000e+07 
-2.2475032500e+06 
2.0620523617e-26 
-1.2890491234e-05 
-1.1492435910e+16 
-4.9074404907e+02 
-4.1655683349e-23 
-2.9328693466e-36 
1.3717805780e-09 
-5.3852308542e-02 
-2.2095194112e+10 
5.4420155850e+27 
-5.3953261414e-08 
-4.6091306955e-02 
-4.4740908897e+24 
5.5973809814e+02 
7.9875587500e+05 
5.9142454822e-11 
5.7170447565e+11 
-7.6641194648e+34 
-1.2361058814e+18 
-2.3590270403e+12 
-2.3561934626e-08 
7.5587649536e+13 
7.6199884686e-30 
2.8937080164e+16 
3.4950098991e+00 
2.3322862192e-33 
7.7942158229e+28 
-3.8352923268e-12 
4.0467393256e+14 
-4.6181697163e-20 
-8.8576652527e+01 
2.3625322800e-35 
6.9779702017e-07 
8.7246492188e+04 
1.9836543128e-02 
-7.5466625392e-02 
-1.6586798578e-38 
-8.6131872891e+12 
-2.8421536087e-21 
-2.2261857288e-11 
-5.0588874875e-22 
6.1060669033e-25 
3.3813337997e+13 
3.4025975236e-18 
9.9832889783e-29 
2.4228577865e+20 
1.9168100000e+05 
1.7819029037e+16 
1.0499123200e+08 
-4.9415368609e+23 
-1.4775811571e-28 
-1.1313844990e+35 
1.5337600708e+00 
-2.0591289110e-24 
2.3782200286e+14 
1.7858408230e+23 
6.9176386709e-18 
8.0081180573e+30 
2.6349908921e-09 
3.5581895129e+27 
-3.0595643397e+28 
-2.9700047121e-21 
-3.4213078334e-13 
-5.5992520897e+27 
-7.4212856000e+07 
-1.8533530800e-28 
-8.4831754066e-08 
3.2032128000e+07 
-3.0396904549e-08 
-2.2474210709e-04 
-1.0485290527e+01 
8.1192448000e+07 
-8.8246228884e+35 
2.5153201055e+34 
-5.4062552431e+18 
8.8979057011e-08 
-6.7218937874e+00 
-5.0697422012e-06 
1.4962301562e+05 
-8.1572336640e+09 
1.4417923463e+19 
-1.0312150417e+13 
5.0913406819e+33 
9.6040452102e+29 
1.9219844432e+13 
-1.9881699613e-19 
-5.5684955321e-38 
6.5165535369e-38 
3.9088896000e+07 
7.3670240000e+08 
-1.2307428016e+13 
-3.3209119241e+19 
-1.9957700648e+28 
-2.5972204110e+14 
-9.3657989055e-05 
-4.3572079278e-10 
1.9413498586e-12 
2.4130208942e-10 
-7.1617505223e+34 
-1.7127819887e+21 
2.4253200258e-17 
-1.4901945859e+34 
-1.1602009181e-05 
-3.7620393310e-30 
-3.5815327915e+37 
-1.3398513794e+00 
1.7633370351e-34 
-1.0831168000e+07 
-1.5365640595e+30 
-4.5854611175e-36 
1.1043609925e-24 
-1.9135635969e-32 
9.5202395460e-04 
-9.0743160763e-18 
-2.9301472756e+13 
-8.7482945643e-36 
4.2316991802e+32 
1.5563007821e+35 
7.5791587538e-30 
-2.2299147207e-36 
-5.3541873043e-25 
1.2743594600e-20 
-1.2621007841e-36 
7.2166812420e-01 
-2.3967403412e+01 
-3.0505866163e+22 
-7.2466299072e-18 
1.5957750579e+11 
2.7380401944e-28 
5.6818727720e+30 
4.7731313666e-28 
-7.5258038740e+17 
8.9391723418e-19 
-3.1381407380e-01 
-1.1417636624e+29 
-6.6944323754e+24 
-1.5356020206e+38 
5.8444171631e+22 
3.9753060201e-25 
1.5147265978e-02 
-2.2563562636e-32 
2.3384310157e+32 
-1.6264815629e-01 
2.2336398926e+03 
-9.1830453896e-24 
9.2956248920e-08 
3.9866149544e+31 
-1.4305676493e+12 
6.1551723520e+09 
2.6458673474e-08 
1.6777371956e-30 
1.3281052492e+17 
-1.3239299604e+13 
7.9972570522e+34 
-8.2399937026e-37 
-4.3384787507e+16 
-5.0582515200e+08 
1.4991814656e+10 
4.8159205914e-01 
-4.6419424140e-38 
-2.0884014838e-32 
1.3047811515e-36 
2.3018337891e-32 
2.4357909988e+22 
5.0970683984e+32 
-4.5239709577e-24 
-6.2041676800e+08 
-3.1232035699e-22 
-3.7585997353e-38 
-5.3028332552e+17 
1.6732929518e+15 
-2.5484169086e-18 
-2.9089993342e-21 
5.7125549246e+17 
1.6423556977e-15 
-5.6961575000e+06 
2.0284411585e+31 
1.8338973859e-06 
-2.1962810463e-15 
5.3217966908e-36 
1.7951861730e-32 
4.7046963395e+31 
1.3845529405e-14 
-1.8794548035e+01 
2.3297348496e+30 
1.4975641769e-17 
3.4147568082e+25 
-7.5106730423e-31 
6.8788512967e+15 
-6.5531209769e+15 
-1.4788057617e+04 
-1.0900037500e-29 
6.6379443683e-15 
7.3641215138e+18 
1.6446296505e+28 
3.0365960443e+33 
4.2916848491e-25 
5.5465013456e+22 
2.5211172154e+18 
2.3360561574e+36 
-3.3730032760e-18 
2.8091331786e-22 
9.4135188543e-29 
3.0304561835e-23 
3.5057992554e+02 
-1.3967687670e-38 
-2.5765775876e+34 
-2.7715041902e-28 
-1.8206729830e+11 
1.3416617863e+35 
-5.0965630251e+29 
-9.7762067200e+08 
-5.0064157681e-11 
9.5912460938e+04 
-3.2075180054e+02 
-5.0001644766e-24 
4.3956012808e+32 
1.4502877052e-22 
2.8643183759e-04 
-5.4034241039e-27 
-2.2873910051e+19 
-1.6142861708e+36 
-7.2032831797e-33 
1.1464422569e-03 
-6.0362484393e-34 
1.1868975830e+03 
-5.6399807930e+00 
-1.7655401687e-34 
1.3265334783e-22 
5.0717802819e+27 
2.1845099651e-18 
1.4106414395e+30 
4.4998690000e+06 
-4.5146226562e+04 
1.6590923937e+29 
4.5439375795e-23 
2.3536071935e+32 
4.8292912443e+19 
-4.0939639199e-27 
-6.9294974806e-27 
-1.0571939157e-10 
1.4674386706e-10 
-4.6048714567e-17 
-6.2482064806e+33 
-6.2797099355e+14 
-2.7724364800e+08 
-1.9582122280e-25 
-9.4410772066e-18 
-2.9101051950e-06 
-7.3271524906e-01 
2.1625501770e+27 
-3.1762557437e-24 
2.1785963087e-20 
2.5962974430e+23 
2.2920601354e-30 
9.4955040259e+23 
4.7644519972e-37 
-9.3851059675e-01 
4.7191262495e+12 
2.0063100815e+01 
-6.3524378597e+32 
-1.5540827751e+01 
9.1308241024e-34 
-1.3409543001e-26 
3.9005684580e-16 
7.9757427346e+26 
-1.6514902621e-19 
-1.0786782851e-31 
1.1785195655e-29 
-4.0224879605e+21 
-7.5844662487e+28 
2.3429576760e+14 
-3.3967305167e-33 
9.7568933120e-34 
-2.4082592094e-38 
-2.2720447745e-09 
9.0258506424e+23 
-2.9848392692e-37 
8.4918104112e-03 
1.1669073948e-26 
-5.6550615334e+25 
-7.2346442956e+29 
2.6410114488e+20 
-8.2164282930e+18 
8.3816933403e-27 
3.5562573127e+22 
1.0053852042e-28 
-7.2499443899e+14 
-1.5257108701e+27 
-1.3029934933e-13 
3.4665035002e-30 
2.3400980635e+22 
6.5296028310e+37 
-5.0375478039e-37 
-7.8286847127e-25 
1.8598847948e-18 
2.8063445727e+38 
4.2630159279e+21 
-1.1936044186e-15 
-6.8497314942e-22 
6.9432985761e+37 
-2.1489947510e-38 
1.6947047983e-31 
-1.2628026233e-29 
-7.6842460938e+04 
4.0515351490e-11 
-6.2118398649e-17 
5.9126633406e-01 
1.3179251589e+12 
-1.3348433859e+34 
2.6188241711e-33 
8.3482982236e+34 
8.7094444800e+08 
-3.7710162401e+28 
3.1120399783e+21 
8.0837395200e+08 
1.7129242111e-27 
-1.8883432150e+00 
1.5065086481e-21 
1.0894068408e-38 
3.9500181555e+29 
-1.0072288157e-14 
4.0453772106e-16 
3.5968431895e+21 
-4.4050992022e+24 
-7.8890164064e-19 
-5.3813376982e+17 
-1.0051288008e-13 
1.7230193581e-26 
1.4351292432e+13 
-5.5176895840e+37 
1.1321935470e-32 
-2.1656535175e+19 
4.3105734375e+04 
-1.4176183594e+04 
-7.0541093851e-28 
-5.6849344311e-30 
-8.7192701191e-24 
-3.9472333984e+03 
3.8769587449e+16 
-3.1915455283e+12 
-3.1217489243e+00 
-2.4957336657e+34 
-9.4915530644e-04 
6.2436575237e+16 
-2.4264189565e+28 
-9.9394012451e+01 
3.6599619985e+24 
-7.4238055926e+36 
7.2799128247e-05 
8.8810028076e+01 
2.0688261255e+19 
-3.0994924286e-26 
-1.1646693565e-06 
1.3144313959e+24 
2.1545065243e+22 
5.0148395060e-15 
-2.7259573862e+19 
2.4129240046e-06 
2.6439020447e-14 
6.4843242610e+20 
8.1621193914e-19 
-4.6570892800e+08 
1.0308666970e-04 
1.3698714636e-30 
8.8553085938e+03 
-2.9853580034e-34 
1.6920998620e+16 
8.8852960000e+07 
-1.2003692840e+37 
1.2501498878e+30 
7.7424227585e+30 
-1.6763475053e-09 
3.5110978518e-34 
-4.8378976666e+11 
-1.6210419764e-18 
-2.0690214952e+26 
3.3665681354e-10 
-9.1140253585e+23 
8.7976551948e+24 
-9.6886234126e-18 
-6.5947254044e-27 
8.7144121738e+31 
1.0633589626e-34 
1.7519155502e+01 
-1.4884894736e-14 
1.5487259874e+22 
-2.5538676000e+07 
1.3513492815e-35 
7.7425838080e+09 
8.2534297457e-15 
1.4993468721e+28 
-7.2461439383e+25 
7.2733284106e+29 
-2.0457277691e-16 
7.4222886209e+33 
2.1155519922e+13 
3.0626047019e+18 
2.4477972555e-27 
-3.0123377243e+14 
1.6086807251e+02 
7.7243159785e-12 
8.4983914853e+37 
-1.5808191733e-07 
-5.5451157095e-05 
2.1297470666e-03 
5.8920122683e-02 
-3.1758128580e+26 
-4.2638539526e-06 
5.1137144422e+11 
1.6257053920e-27 
-5.6085760108e-31 
5.0064592238e-28 
1.9339140367e+26 
-2.6945267306e-13 
-3.1954581250e+05 
-2.0872351477e+33 
-8.6780603324e-17 
5.7508264035e-06 
-1.1997981844e-35 
1.6331955743e-28 
2.6327741235e+11 
-1.1701606750e+02 
-1.5958303519e+18 
-3.8123579255e-25 
-5.4324929495e+12 
-1.1971430823e-29 
-2.3055106901e+36 
2.9552413901e+11 
3.1229600906e+01 
5.9483794567e+19 
-1.2418960296e-06 
-1.3123599849e+17 
7.0609435671e+29 
-5.0705415561e-11 
3.2215392680e-17 
2.2602536774e-04 
-1.4729559325e-21 
-2.4651890000e+07 
1.9656163988e-15 
-8.1897312775e-03 
1.0770706348e-17 
9.1303472900e+02 
-1.4219909784e+22 
2.1607596734e-30 
-1.1286980704e+26 
-5.5578342438e+01 
1.6912213302e-20 
1.5881441007e-28 
-3.0037758820e+18 
-2.7846012163e-09 
1.3485070005e+35 
2.6038098137e-35 
-5.3252734389e-14 
-2.1550511446e+23 
1.7741752349e-18 
1.7401520307e-16 
1.0909415071e+28 
-2.1900154024e-05 
-1.6455644072e-05 
-5.4202937225e+35 
-7.2623843265e-35 
2.1388789745e-31 
1.2737417024e-11 
-9.7579412911e+37 
-1.3119612436e+19 
1.0802555664e+04 
7.2503214080e+10 
-4.1571982500e+06 
4.1182892253e+24 
1.5555904026e+35 
-1.6644522470e+19 
1.8308644369e+28 
1.5379000885e-18 
-1.9125470881e-32 
-1.8426690424e-35 
7.5312596437e-11 
1.9053703533e-21 
5.7051010241e-29 
-4.0159350517e+33 
-4.1196842067e+35 
-6.4877871759e+13 
6.8427480215e+30 
1.9650618196e-04 
3.9135186944e+10 
-3.2161663865e-29 
2.6194799985e-36 
1.1768094850e-24 
-1.8724117850e-38 
-3.6951962250e-19 
6.7898081388e-39 
-1.9838801026e-01 
-1.2998198680e-33 
-2.9483392448e+29 
-2.0184178000e+07 
-6.3116169381e-24 
-9.5037262782e-11 
-7.6153900438e-22 
2.1406228637e-18 
3.3273527548e-20 
-1.0745920838e-23 
2.9860014029e-33 
1.1545766154e+33 
2.6077157410e+37 
-2.2766188579e-07 
4.4124405317e-36 
7.1145920000e+07 
-7.9685635865e-02 
2.0153487500e+05 
8.9471494648e-18 
-7.4129237167e-16 
6.1395866310e-17 
2.6339518593e+23 
6.0948492520e+26 
1.4796207844e+21 
-1.1510960252e-31 
4.4697541873e-29 
7.7524199218e-15 
-6.9589585830e-12 
3.9907968000e+09 
-2.2038494877e-31 
5.3104115756e+30 
-1.9842834718e-06 
-1.6747699894e-09 
-2.3485433961e-18 
4.5977255000e+06 
-2.0636691062e-30 
3.1744753278e+23 
-2.1596720941e+15 
-9.5579347354e+11 
-5.4278562148e+25 
-4.2383389604e+22 
1.4405204257e+25 
-9.9932321434e+26 
3.6055757368e+23 
2.3982379080e+25 
-2.0662201871e+33 
-1.0822341912e-09 
-1.0897488316e+15 
3.6016841261e+37 
3.7983828790e-38 
-5.2011821124e-31 
-8.1757166897e-18 
-1.5172704928e+13 
-2.1238002676e-11 
1.3549818156e-08 
3.6229944352e+24 
-7.1727660886e+28 
-1.3238498659e-27 
-2.8509625216e-10 
1.1975235896e+20 
1.9851956807e+34 
1.6481636375e+21 
5.6345719132e+36 
1.1052475000e+07 
-6.9798301697e+01 
-9.5049033626e+24 
-9.0825900800e+08 
-1.1772433885e-13 
3.5072471414e+14 
1.7390188771e+31 
2.6833154571e+28 
2.2336100352e+10 
-3.3372678442e+23 
6.0796491096e+36 
2.3996331947e-05 
-1.6213432617e+04 
1.2909306184e+12 
1.2787115785e-23 
1.5434542438e-03 
1.6115492188e+05 
3.3489352102e-31 
-1.5643189355e-32 
-1.9174890933e-23 
8.4680254926e+21 
-2.2548746209e-38 
1.6481709056e+10 
-1.5844703020e-34 
5.1532320517e+21 
-1.6192766300e-21 
1.2189665576e-03 
6.2803614241e+25 
-3.5549518235e-20 
8.7400702743e-32 
1.6301880287e+18 
4.0821057321e+32 
-1.7930230422e-37 
6.4622976000e+08 
2.2552759186e+14 
-3.8025321547e+21 
-1.9600396780e+12 
4.0050249604e+30 
2.9039126992e-15 
3.6194961382e+36 
-6.0099773407e+00 
3.1023225236e+15 
-5.3977919356e-11 
1.9510367188e+04 
-1.3965675000e+06 
-2.6778525940e+26 
1.3784676578e-36 
-1.2654403816e+30 
2.6128690947e-31 
6.5825938450e-12 
-7.4760812160e+21 
-3.3695252245e+34 
-9.3512576820e+37 
1.1291849727e+18 
-1.0464130895e-08 
2.1515849719e+29 
5.0513526695e-10 
2.2912179172e-30 
-1.0603947688e+21 
-2.3601624937e-35 
3.9294979168e+21 
-4.4964852370e+24 
1.0115537557e-33 
-2.2262567520e+01 
3.2364685312e+10 
4.5190397174e-34 
-7.6116415442e+16 
-1.0029451622e+34 
-1.6507183313e+00 
-2.9303649541e+19 
-2.6807336674e-27 
5.5316995398e-16 
1.7318988368e-23 
5.4402804000e+07 
1.0710040922e-17 
1.0595849653e+22 
-8.8999368986e-10 
1.0993200800e+08 
4.7212019563e-01 
-3.4623660070e-32 
3.0353000325e+35 
9.9716338666e-26 
1.2058503519e-18 
-3.0095173683e-36 
-6.2136088789e+13 
-1.8701494018e+36 
-2.5743493746e+14 
4.2374951360e+17 
-1.5899222757e-29 
-6.7279246099e+31 
-2.2272558545e-20 
-1.6201773014e+25 
-1.3671007035e-11 
-7.4059654103e+12 
-4.7770294298e-20 
-7.1400456864e-23 
9.6415967627e+35 
1.1500875715e-15 
1.1548026298e+27 
5.6749855255e+34 
-9.1727587500e+05 
1.0003086689e+30 
9.6744161432e+25 
-4.2106615235e+12 
3.8403905246e+25 
-2.0651293440e+09 
7.9686120061e+19 
-1.5419583000e+07 
-4.8424948475e-24 
-3.9847408295e+01 
2.5907342941e+25 
2.4312270434e+30 
-9.5756684004e-07 
-3.1022115432e-10 
3.1351349885e-24 
5.2453911944e+18 
-4.3299474584e-16 
1.7558553452e+31 
4.0354952489e-33 
-1.2937148898e+30 
3.4836568426e-25 
6.5163611407e+31 
-1.2904719281e+32 
-5.7324794497e+17 
-1.6370161772e+00 
1.5432592842e+32 
4.0448885907e-10 
5.3645388786e+17 
-1.6015456137e-19 
-1.1728433053e-22 
-7.3735700840e+28 
-1.6168587099e-26 
-1.9976050680e-05 
-1.2881953757e+33 
-9.4200100364e+16 
1.9945432663e+01 
4.3036189079e+00 
3.2084321617e+27 
-1.6234071534e+22 
4.6575001600e+08 
4.5019597663e-24 
5.4047360839e-20 
5.3671648608e-36 
-8.2637112513e+19 
7.6456820965e+29 
1.4902259103e-31 
-8.3237171173e-02 
-3.3425862336e-29 
4.6743011981e-38 
-6.0009530261e+30 
2.2268500000e+05 
4.9444344769e+20 
2.5398640640e+09 
1.0918482594e+33 
6.1643371582e+00 
-6.9240381365e+18 
2.3286136701e+25 
1.2812739853e+29 
1.2439046062e+12 
1.6861033630e+02 
8.6307805900e+16 
-1.7853633881e+01 
3.6052756070e+11 
-1.7264880674e+18 
1.2803115979e-34 
2.2352782544e-03 
-1.0479500176e+30 
-5.4346156450e-33 
-2.6790260296e-29 
4.3225275000e+06 
6.7904466944e+10 
-1.6161987113e+32 
2.1905846358e+20 
-1.1962591670e-02 
5.5848100640e+14 
1.9353745620e+23 
-7.8541524916e-31 
2.7502129805e-13 
1.5881996992e+34 
2.4535431375e+27 
-2.7836543795e+11 
6.1852921442e-19 
4.0079043263e+18 
4.1072332915e+30 
-2.7322287256e+27 
-7.8671003902e-14 
-1.2664925775e-09 
1.3058940835e+18 
6.9074088524e+37 
-2.0833371094e+04 
1.8490716177e-37 
-6.1910062232e+33 
2.0707119236e-20 
-1.5477775941e-38 
8.1594137870e-18 
3.9309773831e+23 
6.6837075567e-29 
1.2006556176e-37 
1.1656316170e+30 
-9.1554906359e-23 
-2.2429721584e-33 
-1.4337177839e+28 
9.1787303259e+27 
-9.2798908048e+20 
-2.1637140743e+25 
-6.6603427734e+03 
4.3800070556e-29 
7.0792631451e-16 
-5.7733488579e-18 
4.8245850047e+18 
1.5105604703e+37 
-4.5617390625e+05 
-4.3310311311e-16 
-1.1344397117e+27 
-1.8136931193e-11 
1.3912237102e-27 
1.8533648644e-34 
-1.7237833678e-14 
-6.2911212572e-30 
-6.6210551778e-27 
3.3265927278e+24 
4.3119668255e+32 
-3.7513533235e-01 
-1.9377598903e-07 
1.9639627807e+34 
1.7599655261e+15 
4.1017405168e-26 
-1.2225147807e-38 
5.9876347223e-05 
-4.1028701782e+02 
-1.6247974789e+12 
6.2223473986e-13 
1.6117182720e+09 
-2.3502120960e+10 
-6.4134889026e-30 
6.1949629041e-31 
-1.1233313809e-27 
3.3042000739e+22 
-6.9584896597e-27 
-1.5021250860e-35 
-4.6988428174e+33 
6.6004162054e-37 
-2.9915366340e+16 
-1.0732809740e+16 
2.1810054804e+27 
-3.9847177845e-36 
-2.6004117899e-06 
3.9919599891e-02 
6.6496474644e+12 
4.0328734375e+04 
1.2057233259e-29 
7.3798526553e+32 
-1.7209796375e-20 
-8.3324526757e-35 
1.0039750664e+34 
1.5620721672e-19 
-8.2035746854e+21 
-1.7500740343e-23 
-7.8596535796e+34 
-1.4111381355e-36 
2.1801199019e+18 
9.4993812038e+17 
3.8030100716e-22 
8.8878574229e-39 
1.0540755269e-29 
2.2384446767e-38 
7.5957415000e+06 
5.8873424736e+25 
1.7171206898e+13 
-7.2222218250e-07 
8.3552425156e+19 
-1.8175816006e+28 
2.9969211524e-37 
6.4712560012e+16 
-6.7859496091e+22 
-4.6356373399e+19 
1.0240767670e+02 
-7.4921286952e-09 
-2.1800993864e-19 
-3.8565560320e+11 
2.0402697859e-25 
-6.1220314759e-25 
-1.2201869846e-29 
4.3697084826e+12 
1.1760984710e-13 
-4.4916518912e+10 
8.0807473212e+17 
-5.6393021345e-01 
-2.6018537622e-15 
1.7767251730e+00 
-2.0525415226e-33 
2.6099951782e-16 
-7.8126735360e+10 
-1.4773864077e-10 
-6.3753138176e+10 
-3.4119175680e+09 
3.2571526113e-31 
2.1516619157e+23 
1.1997134271e+30 
-1.1543448083e-02 
9.3142092923e-24 
-2.6253497601e+00 
            nan 
1.0009134400e+08 
1.7854992680e-25 
-2.0975067213e+18 
-2.4680388378e-05 
-1.2110919640e-27 
-1.4067476319e-22 
-2.1889407536e-37 
-1.3124083168e-17 
3.6002133179e+02 
-4.8437380425e+22 
-5.3499492834e+21 
-9.6626880918e+35 
-8.9222253617e+32 
-8.3185075370e+32 
-1.5767782974e-27 
-2.1055773832e-03 
-4.0244664702e+32 
5.7102142043e-36 
-1.0144322180e+15 
1.7806383514e+11 
-5.4049722335e+13 
-1.2877783320e-06 
-1.6822399795e+11 
5.0552545214e+13 
-1.8260538790e+16 
5.8057136339e+32 
7.3763620853e-01 
3.5923692000e+07 
-6.0610139440e-19 
-2.6783328888e-09 
-2.3428985531e-13 
-5.0474867098e+11 
1.5261068927e-34 
-2.6341655524e-09 
1.5934271349e-21 
-2.8082198789e-09 
1.6978513377e-16 
4.5660581250e+05 
-4.9693890105e-06 
1.4071936896e+15 
-1.4716927842e-30 
-2.1487323940e-01 
1.1004258937e+20 
-1.2162541583e-33 
-4.4326385091e+12 
3.6920675815e+21 
-1.1205765759e+13 
-6.7333290732e-36 
-1.7417215054e+28 
-5.6692205158e+13 
-1.6590523000e+07 
3.0745883617e-09 
-1.6982885687e-26 
-1.9489007360e+09 
-5.2953936269e-36 
3.3118021099e-37 
-8.3029192339e-16 
5.3189846767e-06 
2.3582147723e-14 
-7.4639467958e-28 
4.2102133179e+02 
-2.3361472293e-25 
-2.3634889933e+12 
1.2366572027e-30 
-3.3525570679e+02 
1.0685689545e+02 
1.1757785747e-21 
-1.7199761755e+17 
2.2120596148e+27 
5.6349864402e-35 
-2.9341622857e-33 
1.2740154779e+15 
            nan 
1.5752908161e-33 
4.7458298102e+14 
-1.9465635317e+17 
1.3616066592e+34 
-4.5503491532e+24 
6.1968546361e-02 
1.2567325295e+15 
-3.9286867500e+06 
-5.0081844086e+28 
-1.2080021879e-33 
9.2400942325e-24 
-1.7745712539e-03 
1.7448598862e+01 
-3.1035768228e-29 
-1.7292957716e-38 
-5.5221707296e-22 
-3.2313771641e+15 
3.0981281793e+37 
1.2350694677e+26 
-1.8936793779e-23 
-3.7531763056e+22 
9.6588460938e+04 
1.2434771095e-11 
4.7910543417e-21 
9.3825468228e-12 
3.1945896107e-26 
-3.5278112117e-22 
2.9569689397e+22 
5.2315276116e-03 
-3.5104870605e+02 
-1.0128629706e-12 
-1.0996448886e+19 
1.1303808594e+04 
2.9135612643e-28 
-3.6687861760e+09 
8.4317482621e+14 
-2.1763483836e-29 
-7.7121396316e-05 
3.2928126430e-31 
-2.7119657025e-03 
1.6768715000e+06 
3.1387555315e-13 
-5.8952922821e+00 
-2.5113841711e-33 
4.3557644660e+22 
9.8006695936e+10 
-2.3358567904e+17 
-6.5086915129e-06 
-1.7726523918e+22 
-2.3944966495e-02 
1.7376900940e+25 
-4.5038828000e+07 
1.4664753512e+23 
-1.3837925089e+12 
2.4970743610e-25 
-4.4500778538e+29 
-6.3884409472e+33 
-1.5852681080e-30 
6.0761499299e-06 
-7.6861007462e+11 
-2.2604678276e-27 
-7.4592167969e+03 
6.0882147082e+12 
-4.1629298617e+26 
2.5846151594e-15 
1.4020100355e+32 
-2.7280143738e+01 
-1.6785796019e-30 
2.3691444310e-22 
-3.0428090946e+17 
-8.2255196160e+09 
-4.7534647390e+22 
2.4202080333e+36 
-4.2680532490e-35 
-5.1600262257e-11 
-4.0865572541e-33 
1.1618723674e+36 
-2.8675098949e-18 
-2.9324225540e-33 
3.6020887251e-07 
7.6541918613e-35 
-2.8885120975e+13 
5.8471123166e-34 
6.4060103662e-28 
-4.0338910185e-03 
-1.8403807184e+30 
-6.0260748723e-15 
6.4363668207e-04 
9.2810621750e+17 
-3.2638184690e-12 
            nan 
8.6655831178e-27 
-6.6964021850e-18 
4.8370455625e-04 
5.8605349623e-03 
5.4199971236e+23 
-2.7889108936e-31 
-8.8735074706e-34 
2.6769033212e-08 
-7.5597708649e-11 
-2.7081836015e-02 
-5.2754858172e+19 
-7.4140428800e+08 
3.9262542500e+06 
1.1645792716e-35 
-3.5567511798e+12 
-3.4836428770e-21 
-6.2859178973e-10 
1.2619843686e+14 
-5.0430777210e-24 
4.1536465000e+06 
-3.3405509126e-18 
-2.8825507576e+37 
-2.9396547470e-03 
7.0889254414e-35 
-2.4755464983e-04 
8.1406259985e+31 
-7.2650228342e+21 
2.5557848064e+10 
1.1097810311e-35 
1.6811532800e+09 
-2.2449040000e+08 
-1.9604488699e-08 
1.3066760797e+32 
2.4735766912e-34 
3.3728282344e+29 
-8.7198529647e-12 
-3.9130077652e+27 
4.7308704932e-27 
-2.9428018460e+34 
5.8418168306e-13 
1.3748164994e-33 
-3.5358267779e+32 
-2.1482480101e-14 
2.1346144305e-18 
-9.3793848583e+28 
1.4120727725e+15 
8.4719876178e+12 
-1.9314115684e-32 
8.4232432501e-19 
9.0306106567e+01 
-1.8335612055e-38 
-1.8524228358e+33 
2.0323254427e+22 
8.3318207910e-39 
8.5099940160e+25 
5.1187410355e+00 
-3.2196260989e-02 
-7.6688573641e-27 
-7.1101730000e+06 
-5.6496620260e+36 
2.7314296517e-25 
4.4480935038e-23 
-2.8035129067e+28 
4.7506138726e+11 
4.1715373378e-09 
-7.1418493470e-32 
5.7417236742e+14 
2.0958553113e-16 
3.0373206362e-02 
-1.0233321172e-33 
-1.9478867762e-03 
4.3414721281e+15 
-4.1118531504e-16 
9.6103627584e-05 
6.4521132782e+14 
-8.1994590756e-26 
4.3351288781e-08 
-4.6892348695e-36 
-4.5181348275e+17 
-4.8957435411e-31 
7.8316801828e-15 
-2.4706300799e+23 
6.3850836929e-30 
-1.8905313520e-28 
-1.6455269362e-18 
8.2674758716e+36 
1.0038501932e-23 
1.5743762720e-18 
-1.9271808108e-11 
6.0266033700e-13 
-1.2744285815e-25 
7.0963976307e-29 
-4.2475772943e-07 
-4.1533729581e-12 
1.3343582424e-13 
1.0980154291e+34 
1.1773232684e+23 
-1.5966720931e+31 
2.9279224425e-28 
8.0530432519e+29 
-9.7000955805e-17 
-1.9170413208e+02 
8.6791619628e+34 
-1.9738205566e+03 
1.8326802500e+06 
-3.0838890234e-04 
-1.3724632542e-09 
-4.3910357666e+02 
-2.9791968105e-25 
1.2343191168e-18 
-1.1859318224e+14 
-2.7875478002e+22 
3.5819750458e+29 
3.3883309216e-27 
7.9563944100e+12 
7.2588978692e-15 
3.1978012524e-18 
-4.1852531857e-11 
-1.2185859792e-21 
2.4659303481e-26 
-1.1979284696e-02 
1.3255169226e+31 
-4.8829845428e+01 
7.0928609165e+22 
-1.1996900721e-21 
-1.5432918486e+25 
1.6323997887e+36 
6.9856288610e-04 
4.6586821361e+20 
2.2439433102e-36 
1.3524029119e-10 
1.0266720200e-12 
6.0666560030e-30 
1.3897250084e-14 
-4.7537310893e-11 
-4.2598470826e+21 
1.3259472325e-02 
4.1879435829e+18 
-2.2444128244e-21 
1.9449122313e-09 
7.3544308421e-09 
3.2895190387e-18 
1.6981386407e-15 
1.0236801580e-02 
2.9594985052e-34 
4.4847933440e+09 
-7.8341661879e-36 
4.2926858397e-26 
-1.9374370950e-14 
-2.0803345547e+37 
3.9258287726e-22 
-1.5381366784e+10 
-1.6448555008e+10 
-6.1503181458e+01 
6.7483665620e-28 
1.2544983864e+01 
6.0116033144e-15 
-1.1755143404e+00 
1.6172877482e-09 
-1.2087901210e-12 
2.8062775231e-37 
2.3185356536e-32 
-7.6486496111e-20 
1.0062101742e+13 
-4.3267734241e+37 
-1.0482265625e+03 
1.2018811523e+04 
2.9980256962e-31 
1.0111756842e+29 
-1.6406563933e-18 
1.7369597295e-30 
-8.2203544575e-19 
-1.8328500505e+36 
7.9645521619e+34 
-1.1591225634e+33 
1.7223693750e+05 
-3.4394984375e+05 
8.7314957464e+31 
-1.0473402367e+27 
-1.5203713309e+26 
1.4451665920e+10 
-5.3999301147e+30 
-7.2086165055e-21 
-8.2925667245e+18 
-8.7693380335e-10 
-2.0681629564e-07 
2.1483668292e-38 
9.7311006475e-11 
-1.9267819758e-26 
9.4615894639e-29 
4.3132722567e-06 
2.4109745027e-06 
-2.1374159835e+29 
3.5630513297e-12 
-4.1690005109e-23 
-2.9086055399e+16 
-4.1680311586e-23 
2.6746719233e-29 
1.6465061721e+21 
-3.9907345000e+06 
-1.4736987916e-38 
-2.1889202040e+16 
-6.4285685102e+18 
-8.7864486400e+08 
-5.2532878048e-10 
-2.6690119976e-14 
-1.9768202678e-19 
2.7744693654e-08 
-5.7053857652e+17 
-1.5312056641e+04 
-5.2772462102e-17 
3.3744143688e-23 
-9.1296355920e+19 
2.5556421679e-26 
-6.1950738717e+30 
-1.8893055300e+22 
4.3564119339e+00 
-1.9133753856e-19 
-9.9961505792e-29 
-2.7571353482e+29 
-4.7579817574e+12 
1.4299309514e-09 
3.5302930667e-25 
-5.3199215472e-05 
-1.2860727296e+11 
7.1743678777e-39 
2.3119920996e-15 
-1.9857023696e+34 
-5.0962473443e+30 
-6.2501823419e+36 
1.1312190259e+11 
2.4536694556e-32 
-1.6095759929e-04 
6.9546008832e+16 
-2.3520556092e-01 
1.1687403725e-38 
-1.5538440370e-15 
5.3281519821e-12 
-3.1850413710e-18 
-6.1372032683e-29 
3.9592443191e-25 
4.6274179186e-18 
1.8156087225e-37 
2.1978112695e+15 
-7.0598837586e+22 
-9.9673890854e-33 
-5.2102462350e-17 
-2.2948692188e+05 
-8.0435795499e-18 
-2.2243092188e+05 
1.8109282774e-15 
2.3359524663e+33 
2.2970329805e-10 
1.3995309304e-21 
-6.9289646215e+31 
2.7042921057e-14 
3.8962640803e-24 
-1.4130594422e+30 
2.0004213397e-08 
1.9531224098e-04 
-2.1036633342e-36 
-2.3275211092e-08 
2.7363391553e-08 
-5.1986178732e-05 
6.9682355200e+08 
-1.3024855500e-11 
-6.9130353074e-20 
-1.6259941731e-06 
-2.9834552828e-22 
-1.7327595156e+38 
-3.4233422954e+20 
9.1597660160e+09 
-3.4177771542e+30 
1.3631833157e-14 
-7.7640917969e+03 
4.8224780288e+10 
1.2615440710e-17 
-5.8349905885e-05 
-2.3846332894e-12 
-1.8304388147e+30 
5.9992728319e+33 
-2.3080912984e+26 
-4.6780757805e-36 
-2.5056192004e+30 
-2.4629266739e+01 
1.5770037162e+31 
-2.2739528200e+38 
-6.4934987287e+33 
3.0140509051e-38 
-1.8630507293e-12 
-5.7881028972e+30 
-3.1056711426e+03 
-9.7766726871e-24 
2.0967786037e-15 
2.7928442000e+07 
-4.2735803872e-02 
-2.5829576571e+21 
-5.8140115161e-32 
-1.1404314115e-32 
-1.7858996790e-23 
-1.9014036056e+27 
-4.9588607788e+01 
3.6853158111e-20 
5.8843207416e-22 
8.9612209557e+35 
-4.1213009319e-23 
-5.7220281622e+15 
1.0007576634e-07 
1.7163119141e+04 
6.4055077703e-14 
-2.3937983704e+02 
-5.7427979375e+26 
-3.3582902791e-20 
-2.2883352500e+06 
-1.8835331442e+31 
4.0168820013e-22 
-1.9261758258e-13 
3.6286216303e-35 
1.8223722442e+22 
2.6603804671e-21 
-1.1415300891e-02 
3.7615040569e-19 
-1.4221029732e-25 
1.5353797950e+23 
-2.3454096875e+05 
-1.4995541150e-19 
-9.2655194404e-22 
-1.1925757574e-18 
6.6849586094e+36 
4.6485092504e+23 
-9.5114208758e-02 
9.1132654991e-22 
1.4000692293e+26 
1.4593595551e-21 
1.0424761053e-36 
1.8623182857e+24 
2.5755125296e+18 
-4.1141316277e+37 
3.4278250203e+33 
1.7389046400e+08 
6.3661799201e-27 
2.5736777622e-22 
-1.5108916485e+15 
2.4930872014e+27 
1.7520824848e+35 
2.6621452332e+01 
8.7185371282e-39 
-9.1095846901e-31 
-7.8328533173e+00 
-1.4291624539e-03 
6.0286303447e-25 
-3.8875825302e-12 
1.9083823242e+03 
2.6989132123e-30 
2.2113924529e-14 
-1.2734873547e-14 
-1.4712557319e-34 
6.4706238679e+17 
4.5057552248e-20 
-2.9960980857e-36 
1.0903847656e+05 
-8.2710528204e-07 
6.6147580207e+37 
2.3644180260e-17 
-6.5907997016e+34 
-2.3880742083e-14 
5.1110706490e-21 
-1.4984302371e+22 
-2.4561883038e-05 
2.0603633288e+17 
-1.6023505432e+37 
1.2703479391e+21 
2.0890997642e-33 
2.8978704774e-24 
7.8478380000e+06 
6.3360734375e+04 
7.6558369923e+36 
-3.6949803217e-08 
5.5780022528e-13 
-7.9322100348e+18 
-1.7988578602e+38 
-7.5981300791e-34 
1.7762669149e+28 
-6.8328542709e+00 
-1.5688779684e+19 
6.6241471447e+12 
1.6696363490e-22 
2.8821372000e+07 
-9.3713268638e-02 
1.9292523861e+00 
-5.2792764055e+20 
-2.9603852034e-22 
5.7999589219e-33 
-7.3576511568e-06 
3.2012254654e+20 
-3.9035608070e-23 
-1.7769982905e+38 
-5.1734668887e-06 
1.8846716071e+36 
6.1213860972e-33 
5.9220483527e-03 
4.5785844000e+07 
4.3517662330e-16 
-1.0373245279e+15 
2.7212410000e+07 
1.7416687155e-27 
-2.8373790228e+12 
-1.8329782104e+02 
1.3397362707e+20 
-2.1900201652e-09 
1.0579460420e+20 
-1.5176137138e+21 
-6.7387011526e-09 
-1.7870239323e-28 
2.6167483156e-05 
-2.9316748435e-25 
-7.0854484375e+04 
7.9047023357e-19 
2.4917094379e-06 
-1.6245479947e-15 
-4.7670192702e+33 
-2.2641361546e+29 
2.7266907637e-05 
-6.6598781250e+05 
-3.8778134349e-12 
7.5430568960e-29 
-1.0702781600e+33 
2.9971443200e+08 
-7.4210565580e+14 
-8.4965171937e+27 
-4.0728178562e-24 
-1.6359699657e-04 
1.2196429760e+33 
-3.4874221310e-03 
-7.2194505318e-23 
1.1103358681e+13 
3.4711503957e+26 
9.0352447621e+27 
2.1619635564e+20 
9.3489853378e-26 
-3.3333850506e+33 
-6.0834682336e-39 
1.8409857178e+02 
2.4560137515e-19 
-2.6715115234e+04 
1.5774403002e+13 
-2.5323196318e-10 
-5.9341558549e-32 
-7.3160203174e-03 
-9.0411928418e-33 
5.6556575938e+24 
-1.0720030753e+13 
-1.1993303614e+17 
1.0088452836e-03 
-1.7950305482e-03 
8.8680416000e+08 
1.8362608504e+30 
9.0310772359e+31 
-1.3709728420e-01 
2.3406315585e-23 
-6.7800395411e+26 
1.2520986665e+36 
-1.7799830499e+38 
7.9452211200e+09 
8.4814358841e+18 
6.3950218766e-27 
3.1512237278e-29 
-3.6908103736e+20 
3.9240883780e-04 
7.5969138471e-37 
-9.1345360000e+07 
-1.2221707260e+19 
1.7910091471e+15 
-2.0585069986e+27 
-3.8868371412e-13 
-4.7427732182e-18 
1.0447974564e+31 
-5.4240455627e+01 
-1.9644026906e-05 
5.9559337891e+33 
4.6488945359e-39 
6.4493438669e-21 
4.8149881798e-26 
1.1765562000e+07 
-5.2603830061e+36 
1.0443211262e+17 
5.8389216522e-36 
1.0614511848e-04 
-3.9854830149e-21 
1.0586445312e+05 
5.4212259562e-32 
-1.1112054061e-23 
1.1542152500e+06 
1.2689250400e+08 
3.8397052002e+02 
-1.1112029664e-02 
-1.8240559461e+17 
5.4811471334e-11 
-5.7741960209e+36 
-1.1664068697e-35 
9.4013975794e+27 
-1.7492432272e-37 
5.7827193434e+24 
5.2214062407e-07 
3.0328179321e-21 
4.3951695554e+21 
-1.6687702999e+12 
3.9903492296e+32 
-3.6353213437e-37 
4.5461368698e-29 
-4.4975377508e+14 
-3.7492237926e+11 
1.6752492188e+05 
1.9552496736e+17 
-2.7071353088e-06 
1.2447169816e+19 
1.2133369990e-24 
-4.3251242940e-15 
1.5333574749e-26 
3.8403623392e-08 
-3.2282825718e-11 
-3.0746242857e+31 
-1.1341884000e+07 
3.8821260800e+08 
-8.3978823386e-04 
-7.5375041962e+00 
-1.4228558710e-17 
5.7970406693e+35 
-1.0770809174e+01 
-7.7579537927e+14 
-1.5581714521e-13 
5.9061600330e+35 
5.8966931407e+13 
-1.1375659737e+25 
-2.1635737340e+21 
-9.8051160000e+06 
4.5457915704e-17 
2.1988211978e-20 
-1.3535866880e+10 
5.3070111759e-36 
1.0099703464e-32 
1.5384097315e+18 
-1.4075595000e+06 
2.2206093750e+05 
3.0429805969e-30 
2.5647437474e+33 
-1.7073952983e-38 
8.9891417625e-37 
1.0671285364e+18 
4.3224687206e+19 
6.4860700279e+13 
-9.4153388581e-30 
-1.3944514649e-05 
2.1598927677e-02 
-5.2756143617e+14 
-1.3733695764e+29 
1.2591758013e-14 
-3.3089968116e-29 
-8.8208389853e-18 
-3.9079667043e-31 
-8.1769569643e-17 
5.0201234615e+31 
1.3029219408e-28 
3.8040803613e+28 
2.1257588119e-31 
-5.2562594103e+13 
-2.8843838501e+31 
-5.8612029391e+28 
1.1521950617e-20 
5.7998873293e+15 
1.4300703450e-25 
4.4483407607e-17 
-2.1278627342e-17 
7.5695592000e+07 
2.2524614552e-12 
1.5821071824e+19 
2.2825156047e-33 
5.6293413536e-31 
8.3625036726e-22 
-1.1736195536e-38 
-2.4085054016e+02 
2.4112176895e+01 
-2.9744012863e-04 
1.1018730722e-38 
3.9879064600e+36 
5.7936798995e-35 
5.2627676439e-08 
1.2626684221e+20 
-1.6534419246e+33 
-9.7743796478e-38 
9.6828671011e+22 
-1.9371150118e+21 
-2.4883010503e-21 
5.0886843953e-26 
4.4408825422e+25 
1.2722174703e-10 
-5.2139480731e+23 
2.0014622243e-16 
8.3625116275e-33 
-2.1347992642e+38 
1.3728589647e+35 
-2.6496590625e+05 
9.0169451479e+12 
-2.9498072500e+06 
6.8337129733e-08 
-7.3340209961e+02 
2.4135564672e-05 
-4.4656804080e+26 
-3.9515694957e+20 
-3.4582222069e-13 
-2.3247921047e-31 
1.1427297867e-23 
9.1099004928e+11 
1.1564776059e-25 
-9.7142459361e-32 
2.1148119141e+04 
-1.8787158583e-14 
8.1188511658e-17 
-1.4102672179e+12 
-1.3528297925e-37 
-1.1463570031e+33 
2.7613396736e-29 
-1.5523900000e+07 
-1.4576512338e+15 
2.5557362449e-08 
-5.6683427890e-15 
4.3013711670e-35 
4.8176872614e+29 
1.0191971523e-04 
1.7900749207e+01 
1.0624047840e+33 
-2.6292380581e-36 
3.8798300716e-31 
3.1611990000e+06 
-8.4417320670e+37 
-4.8424306475e+23 
1.6825979431e-36 
-2.5285773230e+12 
-1.1519880256e+27 
-1.3026460266e+02 
-2.9895124928e+35 
-2.4463761861e-07 
4.9362320000e+08 
3.2784847968e+29 
-1.4191766719e-21 
-5.7472738281e+04 
-4.2634262354e-04 
9.5275300759e+17 
4.5887185843e-04 
1.1127970290e-12 
1.9742879182e+25 
5.8034719879e-14 
-1.1973118389e-27 
1.5329232486e+11 
9.3336450159e+34 
1.4328811915e-07 
1.2196610590e-30 
-5.0811834179e-20 
-2.0804136960e+10 
5.7745027835e-14 
9.1894180183e+18 
-1.1287106934e+03 
1.7514788049e+15 
-3.1757037071e+21 
-8.7676159668e+02 
-1.3325928702e-30 
1.6850108476e-16 
4.1762552000e+07 
5.2153470431e-10 
-9.5572216243e+28 
1.8022310752e-28 
2.1690169426e+12 
2.3609429654e-38 
1.4807297280e-17 
3.7492092452e+31 
3.5697702285e+16 
-1.0858669084e+19 
9.8090992271e+12 
1.5160301272e-31 
1.2916767861e+15 
4.2106347791e+24 
-5.0684214359e-38 
-6.6622524139e-16 
-2.6552616777e-16 
6.8721286390e+26 
4.1400173668e-24 
-1.0182807066e+38 
-1.8208911536e+35 
-4.3286175295e-26 
1.4178860773e+18 
-1.1239615000e+07 
1.3949572109e-02 
-3.9502009532e-26 
3.5840640944e+16 
-9.0290681716e+21 
7.1666460914e+22 
-2.3557877279e-29 
1.1122448106e+27 
-5.6125197178e-18 
3.1553805120e-24 
4.5291723121e-24 
-2.0636696704e-32 
6.4478562810e-37 
2.7456171115e+35 
-1.0745870250e-18 
-2.3940021522e-36 
4.1551638906e-24 
-2.5968882255e-05 
-7.7995622400e+08 
1.2451905060e+02 
-5.6118099578e+21 
4.8816778397e-10 
-9.8585434143e-27 
9.7537303432e+32 
3.3464904813e+25 
1.9242110596e+03 
-1.1927803789e+24 
1.0878182709e-29 
4.2286096530e-20 
-4.5748245239e+02 
5.0704045149e+29 
1.6093613580e-02 
-8.1686102134e+31 
-2.1652709566e+29 
8.8516635010e+21 
5.0367761729e+31 
-7.0220536882e+17 
6.2258593515e-34 
-3.4283674542e-29 
-2.7344210839e-18 
7.7754366370e-39 
1.5417664656e-07 
-5.1267505912e+18 
5.7275771798e+32 
-1.7777856751e+29 
-3.6162819015e-06 
-3.3793043473e+32 
3.1921828462e-12 
-2.6925585189e-05 
-7.0487667200e+08 
4.7577350775e+37 
6.3559642845e-37 
5.3891660987e-37 
-1.6802186812e-12 
2.2730613139e+30 
1.6338103125e+05 
2.7962614695e-05 
-4.9387349259e+28 
1.4644431360e+09 
2.9289914528e-04 
8.1769290000e+06 
-1.3826843581e+14 
-8.7057930309e-11 
-3.8439390011e+37 
-1.9856256099e+26 
-1.6231271499e-16 
3.4904688113e+16 
-5.1947513580e+01 
-3.5595752040e-11 
5.9040320623e-17 
-4.5608961955e-05 
-7.3586127667e+11 
-1.3329529808e-13 
-7.9485919174e+24 
3.9935249229e-20 
2.8415594765e-21 
-1.1706055142e-02 
2.0927445314e-33 
-6.8692368949e+13 
4.9664006233e+00 
-4.4546820000e+07 
-6.9483356667e+24 
-9.5691384734e+33 
8.8449945906e-04 
-3.8832667470e-01 
-2.3438624967e-34 
-8.7442100494e-07 
1.0644631173e-27 
3.6057856679e-01 
2.5152806285e-20 
-9.5417255657e-16 
5.6714835871e-14 
4.1852341114e+18 
2.0258985596e+03 
3.6601039360e+09 
5.2032840139e-32 
1.0996711424e+12 
-7.0697072876e+25 
-3.2841453309e-23 
2.0420569756e+18 
2.7447310628e+14 
1.4975343540e+24 
6.0567728610e-10 
-7.7648812975e+20 
5.4612651142e-24 
-2.7600956373e+31 
-6.2237580812e+16 
-3.1449358949e+29 
-7.8370037760e+10 
-8.7893349888e+30 
1.2022282950e+30 
1.9909107613e-35 
2.1714373047e+04 
-3.2557635374e+17 
-6.5442318045e-25 
-7.2941522859e-27 
-6.0021208484e+31 
-1.0664933657e+35 
-1.6794721048e+23 
-3.6833395001e-08 
-4.5671813177e+32 
-5.2649846909e+27 
7.1707492188e+04 
-9.6053287546e-10 
-2.3153077278e+36 
1.8830696875e+05 
-1.1979772490e+28 
-1.1997739008e+10 
3.4751651450e+26 
1.8405997500e+06 
-3.3622708236e+18 
4.2935129110e-26 
-2.8218395502e-12 
1.4954577576e-09 
-2.6210828129e+27 
-1.1211964702e-35 
-2.4836430588e+27 
-2.2371470541e+11 
5.2244567996e-06 
6.9171650579e-26 
1.2388077500e+06 
-5.4143587500e+05 
6.1060094850e-31 
-9.3131411912e-29 
1.4920611264e-37 
3.2756854784e+10 
-3.9053164881e+36 
5.1904815285e-15 
-1.9374456963e+13 
-6.2535074717e-24 
3.6554498560e+09 
-2.8858132897e-11 
-1.4087468970e-35 
-5.1401674028e-08 
5.2542594494e-04 
-2.8010362000e+07 
2.0404457818e-22 
1.7678881587e+11 
-2.6044956664e-13 
-9.7295179587e-32 
-1.2886670586e-16 
-1.9008539458e+29 
1.1374454878e-36 
-5.6214398435e+13 
-4.5013990998e-01 
-4.1239081684e-19 
1.1636765696e+10 
-5.5291245596e-16 
1.4567338436e-25 
-1.2559347656e+05 
-1.1947278785e-36 
4.2686980930e-14 
-7.6521050290e+36 
8.2666343080e-20 
-1.8972102918e+27 
2.8885714502e-15 
-2.3092078597e-11 
-3.3278831499e+34 
4.9392273383e-24 
-1.4787272857e-25 
1.2946476250e+06 
2.1666814803e+28 
-1.1561691027e-26 
-1.6745964050e+01 
-4.1992149763e+25 
1.5276973740e-17 
-3.3860628035e-19 
2.7835837801e-11 
7.7422075748e-35 
5.9058974126e-23 
-2.2391801646e+21 
-1.0232101755e-17 
3.2684367270e-29 
-1.2619721600e+08 
4.4588633772e+36 
1.0367089352e-21 
3.4229202792e-15 
2.0627643596e+26 
5.7278379798e-02 
-4.8091203673e+24 
2.3528280258e+00 
-2.3061280663e-10 
7.1486494342e-28 
-2.6130398493e+15 
1.9816693750e+05 
-4.5181936002e-05 
2.8286968164e-30 
1.8785929680e+00 
1.1785923969e-26 
1.3370693142e-26 
3.2115196267e-33 
7.7625253745e+23 
2.2568979399e+16 
-1.8411514327e-26 
3.0579965096e-04 
-4.8449985928e+25 
1.1204616428e-35 
-3.7880011761e+18 
-2.4418128069e+24 
-3.9689359664e-29 
-6.2615498352e+19 
1.6226870271e+26 
-7.3238503263e-37 
-9.8198489271e-13 
-1.7449459742e-28 
-4.6653364134e+17 
3.0783526599e-02 
-1.3064731715e-24 
-5.5610949632e+10 
-7.6181348328e+28 
1.0410755750e-29 
4.3242187500e+05 
7.7959270983e-12 
1.3761901583e+23 
-7.6477350224e-34 
-1.9890124974e+33 
2.7833785013e+19 
-1.8888781188e+28 
-3.4528574236e+28 
1.1077732103e-25 
9.5779916586e-26 
-2.1411743410e+16 
-6.7224230338e-27 
-2.2921340519e+23 
4.1409180970e+33 
-1.1786683594e+04 
-3.3578409984e+10 
-5.5995769501e+00 
-1.7629384227e+37 
-1.2716573477e-01 
2.8494261742e-22 
-2.9198067837e+20 
-6.6497777845e-37 
9.4574401528e+37 
-8.5712270284e-38 
5.8169405440e+09 
7.9262602006e+33 
-3.3314869960e-12 
-5.1827762282e+21 
6.8145861785e-38 
-1.5110031391e-36 
1.9580057058e-29 
1.5115769202e-05 
1.8179031040e+12 
-2.2156722978e+23 
-4.3956681415e-35 
-2.5970085144e+01 
3.2842343725e+30 
1.2905004919e+20 
-1.1937398358e+35 
-3.2856500826e+33 
4.8748590625e+05 
-4.2768299103e+01 
3.6316581069e+11 
1.1095773822e-12 
-3.3384922493e-37 
5.7757105000e+06 
-6.4411254108e-09 
-1.7506289751e-08 
9.2505576000e+07 
-3.2640459077e-29 
-7.3927758078e-33 
1.2015876399e+32 
-3.5854602629e-06 
-3.8580666368e+11 
-3.4977191684e-28 
-5.4296793678e-05 
2.5461633047e-16 
4.1174879670e-01 
8.5254924898e-07 
6.8077077524e+36 
1.1294068212e+20 
1.5409044800e+08 
-7.6088884415e-23 
3.8054412626e-31 
3.6518468497e+28 
1.4023027795e+38 
-1.7326838938e+15 
-3.5319468138e+16 
7.6506600000e+07 
-6.3639672852e+03 
5.5936076084e-12 
1.8702481490e+12 
-1.8498663223e-07 
-1.3471791847e-17 
-2.5725783242e+28 
-4.2584619154e-33 
-4.2847898255e+24 
1.0539269485e-18 
7.8321839128e-31 
3.9575192500e+06 
-3.0496678400e+09 
3.5745405529e-31 
5.6648472534e-14 
-8.2457231075e-30 
1.5461453616e-38 
3.6447142595e-26 
-1.3946308841e+19 
-2.2998496875e+05 
4.2520362139e+33 
-4.3526211632e+32 
1.9531304929e-07 
-2.0512925984e+18 
1.9259346895e-10 
4.9538577684e-08 
-1.4593002126e+29 
3.1989046444e+13 
7.7670585010e+37 
-4.1132929318e-35 
1.1625569130e-07 
5.8155635304e+16 
-1.1947911071e-21 
1.6885338010e-20 
-2.4190662771e-06 
-1.2316122097e-17 
-4.6052312977e-26 
-4.8151028303e-11 
4.4839297748e-13 
3.5034386988e-29 
2.9239339106e+21 
-5.0849992227e-36 
3.2613276894e-18 
8.9186727832e+33 
5.4634502158e-03 
9.6635263327e+18 
-5.9108379956e+20 
-7.8184543127e+15 
3.0475309825e-30 
-1.5435782742e+34 
-8.4996959869e+14 
-1.1846705016e-37 
6.2111656129e+14 
-4.1487322317e+11 
-5.5110286272e-17 
7.0996378832e-21 
-3.1049926400e+08 
1.0186650135e-10 
4.2445556000e+07 
1.5594874640e-05 
7.8952172852e+03 
-8.6818002787e-10 
2.1096341687e-11 
6.7184963425e+32 
4.5530701784e+35 
2.8756798690e-21 
-1.1061066247e-36 
-1.6570182009e+13 
8.6953945989e+12 
1.0855747656e+05 
8.8828610348e+33 
2.7372335923e+11 
9.6772750659e+19 
-3.3330071482e-21 
6.2198915386e+19 
-1.6901815976e+27 
6.5019967188e-10 
-2.4879153392e-28 
4.8371084800e+08 
-1.4964992292e-36 
2.1212958984e+03 
4.2005452585e+31 
-7.5869281950e+14 
1.8066704252e+26 
1.9779674112e+10 
6.4791124314e-03 
8.5623206387e-15 
1.0246201909e-23 
-2.6855787500e+05 
-3.0004400742e-07 
-1.1728642796e+26 
4.6042442971e-26 
4.9836530011e+19 
-2.4398319423e-01 
-9.9731595264e+10 
1.3384489126e+24 
-2.8288882474e-36 
-9.9332057662e+21 
-4.4404348834e+20 
1.1311442944e+10 
-1.2757975695e+12 
3.4051324747e-06 
-9.9621442028e+34 
2.0356393750e+06 
-3.4022569359e-26 
-4.3507172523e+36 
1.3177439825e-12 
5.2767734552e+18 
8.5231260164e-04 
2.9834159068e-04 
-4.0412560645e-17 
-1.9517244282e-30 
1.1313924570e-27 
2.6261941010e-15 
6.1465020573e-11 
-5.5834592000e+08 
-1.0772914595e+29 
8.8355087594e-29 
2.3163686635e+30 
1.3744267166e-36 
1.8981147605e-06 
-2.1775283813e+02 
4.8686258467e+27 
-3.3867013949e+34 
3.0651412999e-06 
-2.4610774669e-26 
-1.4116739584e-38 
-5.5691183002e-13 
6.4995879677e+15 
-2.2591949081e-37 
-1.3086203462e-29 
-5.6636656238e+31 
7.3626155567e+20 
-2.2523012757e-01 
-1.6745422592e-24 
1.4259253867e-34 
-6.8711492281e+36 
3.9832408424e+31 
1.4991329192e-38 
-1.5006453718e-28 
3.3911268036e+38 
2.6380407972e-23 
-4.0237413401e-25 
1.2044916383e-34 
-8.8164013268e+29 
-2.5393321558e+28 
-4.0278663168e+10 
9.3045473477e-06 
6.2344915137e+18 
-1.0056054788e-33 
-1.4991710229e+27 
-1.1738422302e-33 
5.6948301100e+17 
6.0767062667e-15 
-2.0912615866e+15 
-8.5932686990e-34 
9.9640138415e-16 
1.6718023970e-21 
-1.8128115677e+27 
3.1204713004e-31 
4.6658882765e+11 
1.6444268907e-12 
6.8316269471e-23 
2.9407602000e+07 
2.5252121574e-11 
-6.0617012823e+19 
-6.4342663915e+26 
1.3087801094e-20 
-2.4770096096e+26 
1.5253780475e-19 
4.8505353122e-23 
2.3556619268e+37 
-1.2805199159e-21 
2.6498318476e+35 
-2.9440643604e+16 
-2.9933908834e-24 
-7.1752770392e-11 
3.0778097157e-34 
-3.6927257483e-36 
5.2226615916e-30 
-1.1265632751e+31 
2.9166222500e+06 
1.3411435413e+33 
1.1280893254e+34 
-2.5115335972e-19 
-5.9640884354e-18 
2.1340401218e-37 
-1.1899311012e+21 
-6.0963571192e+18 
2.2766747861e-05 
-1.7720009869e-37 
2.9004250468e-33 
1.7179913120e-03 
5.7966270672e-11 
-2.3665612872e-11 
-1.9034487500e+05 
1.0740970177e+27 
3.9611658221e+21 
1.4344700701e+23 
-1.7541974073e+27 
3.1555202174e+23 
-9.0120881232e+19 
2.1075973175e+17 
-6.5620507611e+19 
-1.5382980928e-03 
-7.2182301665e-04 
1.8586546192e+28 
1.6604857851e-35 
-5.2937150453e-16 
1.5684666180e-35 
-1.9575671596e+20 
-2.1298382500e+06 
6.2952636881e-07 
-3.6369125482e+35 
-7.2209440169e-15 
-1.2824702212e+26 
-3.7175655212e+29 
7.9885389935e-25 
3.6714895790e-35 
-1.9904504320e+09 
1.8001580328e+25 
-9.5110920029e-07 
-3.5155684375e+36 
4.5988159488e+10 
-7.0789453125e+04 
-1.6922243302e+17 
-2.8238999818e-17 
8.0072585791e-21 
-3.4313334509e-13 
-8.7743558293e-20 
-9.5973185298e+27 
6.9875030206e-09 
-6.3172393075e+20 
2.5308728226e+24 
-1.3373297092e+36 
3.0876555674e+11 
1.8239648903e-18 
-4.7362681942e+23 
-3.9768079703e-39 
5.7213954687e-23 
-6.2573386311e-33 
-2.5103407288e+02 
-2.5888492098e+23 
-2.7531489730e-02 
4.3073752773e-19 
2.2114564886e-14 
-2.6558074316e-13 
1.6828393562e+22 
-1.8665583411e+11 
1.0127082352e+23 
-4.9257053375e+01 
4.1145218750e+04 
-5.1739404658e-36 
-4.8138531266e-36 
1.9266493855e-24 
2.2613775908e+16 
-5.7938671764e-19 
5.2612668309e+32 
3.4364709698e+37 
8.6057318400e+08 
1.9906459229e+20 
-5.1958032321e-10 
-5.0445835839e-21 
-1.2205304800e+08 
9.1773060262e-09 
1.6342255859e+03 
-6.5961596027e+12 
-3.3025877501e-27 
4.3936088665e-16 
1.5954305654e-09 
9.9830623442e+29 
8.5356543963e+27 
2.5321410908e+17 
-2.8964519597e+29 
-1.6424591857e+38 
-2.7984287221e+25 
-5.7556128648e-18 
-2.1067200109e+21 
-8.1364879395e+21 
-1.4181056641e+04 
2.6223568456e-11 
9.6423498526e-13 
-5.4958786560e+09 
-4.1956284363e+30 
-3.8331096642e+31 
-6.3918014219e-14 
-3.9020048355e+30 
6.6408685874e-18 
-3.8827162236e-02 
3.0055114846e-25 
-3.2516694400e+08 
3.8005404690e-07 
-1.2848092514e-25 
-2.8790557898e-22 
-2.8106651093e-30 
-1.8834241928e-05 
-1.1998481750e+02 
8.2693398681e+24 
-5.3988626766e+18 
4.1934061357e+33 
6.8021979090e+37 
3.3826013970e+37 
5.7526116156e+31 
4.1258542673e+27 
1.0484035866e-38 
-4.3170372638e-19 
5.8006033379e+37 
-2.0825347239e+22 
1.2998738783e-31 
1.6690538330e+03 
7.3215879738e+29 
-2.7556933515e-13 
3.9244373482e-22 
1.9341092377e+34 
-1.2501798601e-24 
-3.3700581250e+05 
1.0946714610e-04 
-2.8089492844e-05 
1.3461087531e-28 
-1.9211292267e+01 
-5.8938884970e-35 
-1.1616897465e+36 
-6.1365028614e-07 
8.9178513185e+14 
-3.2736863281e+04 
3.7078406400e+08 
4.7299156202e+30 
4.8071527629e+11 
5.3641102624e+26 
1.2704214477e-37 
4.9476186287e+33 
4.1016945243e-01 
-5.4132493937e-16 
1.5981648045e-29 
1.3237768539e-26 
3.3873965974e+25 
-2.1850401696e-11 
-5.6424843444e+13 
-1.0958102143e-38 
-9.4885110880e-10 
-3.6381379382e-29 
-1.6288187000e+07 
5.4256295000e+06 
4.0556561135e-35 
-5.9443650488e+25 
4.5195836005e-21 
9.3459921118e-06 
7.9640546799e+21 
1.4279558300e+16 
-1.4079603271e+03 
-6.0947522421e-35 
4.1294716577e+35 
-3.5750369280e+09 
1.9195316994e-13 
2.2768748326e+28 
-9.1372441888e+25 
-7.6829056000e+08 
1.0095067425e-34 
-7.2225251883e+24 
-1.0602366297e-22 
4.1967769600e+09 
-2.8558867188e+04 
8.8378204772e-29 
-1.6717988539e+31 
2.5501866809e-20 
2.0060225386e-14 
-5.8828969784e-28 
-5.6088043520e+10 
1.3475257600e+09 
-1.1573861837e+00 
-1.2727642356e+31 
-7.5622058622e-16 
3.1584423043e+32 
-5.2825836560e-15 
9.8269662616e-22 
-2.6056072815e+34 
-2.1221432548e-35 
-1.8793292104e+13 
4.9521192685e-38 
-4.7832606982e-16 
3.6841393109e-14 
3.1865577999e-17 
1.9139164240e+32 
6.9541140890e+13 
2.5123649597e+01 
6.9395494924e+31 
3.4627225911e+13 
-3.8307413459e-02 
1.9076522700e-35 
3.2045431914e+32 
1.3174283871e+36 
5.7070526239e-34 
-4.2194012173e-11 
-8.5952410243e-31 
-2.3797140121e+00 
3.0270509610e-15 
-2.9873782000e+07 
3.0578450806e-35 
-1.8666870784e+10 
1.8647069931e+00 
3.7853425636e-36 
-1.5780263079e+34 
-1.1162447671e-16 
-3.4851680084e-06 
-1.6046779782e-16 
2.9025278494e+25 
-1.3881957543e+34 
-2.2336722331e+14 
-6.4439456910e-03 
-2.9711367406e+13 
2.7528683886e+32 
1.8342930460e-15 
4.4410770082e+31 
-1.5347419665e+32 
-2.9461225495e-03 
-4.4893171216e-30 
-1.4831714907e-05 
2.3125451207e-06 
8.9060414362e+18 
-2.5027777228e+36 
-6.6242468750e+04 
2.2120124264e-22 
1.8571633667e+29 
2.4772155029e-06 
-1.0847835319e-28 
-5.9282272424e-09 
-5.4325544044e+33 
4.8699366533e+33 
-8.0225566478e-25 
2.6322151534e-03 
-1.6568650142e+21 
1.0997374433e+36 
-1.1725332839e+32 
3.1563777200e-12 
-2.1420289356e+21 
5.5209521839e+28 
2.5176958154e+37 
-1.3863811523e+04 
2.8785582355e-38 
-1.1974619642e+21 
-8.7235590776e+15 
-6.0992989647e-18 
-4.7508068383e-04 
1.0409950679e-11 
-3.8682071821e-28 
-2.0875941679e-25 
1.8686716146e-33 
-9.4170988784e+21 
-6.5027702784e+10 
9.5472205430e-05 
-8.9098830358e-07 
2.1659811840e+09 
8.1512400000e+05 
-2.6332888647e-10 
-3.6969570424e-29 
-7.3077138273e+31 
-5.6206397403e-07 
-1.0643948175e+14 
9.9187251180e-05 
1.5992240000e+06 
3.2542596830e-36 
-1.3191810291e-37 
-1.8531270268e-13 
-9.7198229956e-36 
-1.2459022618e-26 
-2.1347379287e+23 
4.6882111833e+22 
7.9629687500e+03 
1.1232561887e+26 
1.3334054865e-35 
-4.6327922436e+17 
-2.1572960000e+06 
3.2889009505e-34 
4.7643885568e+10 
5.9389913620e-19 
-9.7108400000e+05 
1.7474822316e-13 
-1.7693563702e-17 
5.3003669504e+10 
-5.0126804126e-05 
-3.0132765979e-21 
-4.2594832220e+12 
1.8383911133e+01 
-1.2344143861e+34 
-1.2524235812e+36 
7.8156562500e+03 
-1.9543167554e-36 
            nan 
5.4727355034e-37 
2.2545315459e+25 
-4.1007812500e+03 
-2.6646840628e-34 
-9.4166428127e-14 
1.0342121718e+37 
-2.8984538945e-18 
-1.3033068886e+27 
-2.0597774087e+20 
1.6320838400e+09 
-4.4949351194e-28 
4.8203246094e+04 
9.3023742544e+35 
5.9215123765e-03 
3.3571135447e-24 
-4.5882702690e+18 
-1.5389511534e+38 
1.3586240768e+01 
-6.9382963426e+28 
-1.4650893863e-03 
-4.3753262524e+34 
5.6003645440e+10 
1.4290297060e+15 
-2.7765904630e+31 
-8.8084457653e+36 
-1.0440121405e-03 
-1.0405269677e-06 
-2.1886167815e-04 
4.8175972352e+11 
-1.2782094115e+17 
1.8750067340e+29 
1.5524011709e+20 
1.8546465071e-05 
-7.1784190356e+20 
-1.4705812398e+25 
1.1291445300e+33 
5.3005898315e+21 
9.4497547252e-04 
-6.6256928837e-15 
-1.3209782271e+38 
2.8153862144e+10 
-2.9172377846e+12 
-1.2763361460e+36 
-2.1991905280e+10 
-8.9697870000e+06 
1.0496628657e-26 
1.8048331050e-35 
-1.6080602952e+31 
3.1400564835e+37 
-4.5301132800e+08 
4.5812527276e+28 
-7.4607683625e+15 
4.7060292969e+03 
6.3864882913e+27 
-3.4547427994e+22 
1.2342401406e-11 
-3.5130946174e+36 
-2.6621258401e+36 
6.9702094218e-31 
-2.7329860728e-28 
1.1674481470e-15 
1.4393489067e-08 
3.0282773967e+33 
-2.7414876914e+14 
-3.1795438882e-31 
1.5432055150e-15 
-1.1496093790e-13 
-1.0773483276e+02 
5.7011691254e-36 
3.3523896484e+03 
-2.7962769456e-27 
1.3576722973e+13 
-1.5224443547e-24 
4.7649998496e-29 
2.9608888729e+22 
-1.1694546156e-13 
8.3003848686e+32 
-1.2295353202e+16 
-8.6069196782e-33 
-8.0655131459e+23 
-1.8986873651e+11 
-1.9279968000e+08 
-5.9482352000e+07 
6.0049662925e+24 
-4.7659765929e+28 
-7.9270725667e+18 
1.6166559538e-37 
2.2211135112e-13 
-1.3379974170e-30 
-1.2408898355e+11 
-7.4276212958e-10 
-5.7984365412e-05 
-4.4668760650e-25 
-2.5731295312e+05 
1.2052717533e-32 
1.3663567673e-11 
-2.9096002204e+27 
-4.9915410735e+20 
-1.5798566796e-19 
-1.6360073641e-04 
2.5808224405e-28 
2.2293986998e-23 
-4.1238838490e+23 
6.0853309440e+10 
3.0338166292e+13 
-2.4763600223e+20 
1.0912265500e+17 
-4.0794237139e-35 
8.0470001932e-15 
5.8380702367e-29 
-2.4908181280e-02 
-5.8588379577e-15 
6.3243421305e-35 
3.0654373526e-24 
-4.2042242188e+04 
            nan 
-2.0999124935e+24 
-4.0180262654e+19 
-8.3381599899e+34 
-1.2684642833e-12 
-3.6274609255e+34 
-1.8863711846e+12 
-1.0210400869e-33 
1.0624048072e+27 
-6.9278185619e-12 
1.1236453908e+12 
-1.0190643203e+25 
-5.7326904087e-26 
-8.7888561312e-25 
1.9187464284e-35 
1.3392452689e-32 
1.9422213851e+30 
4.4797730633e+24 
7.6796510715e-34 
1.3650025472e-36 
1.6336091699e-20 
-3.2625394752e+35 
3.0500833862e+29 
-1.1912985327e-23 
-3.0710500507e+18 
-9.6563708212e-05 
-2.8767732438e-03 
-1.2606917880e-02 
3.3730589863e+22 
7.7258897144e+15 
-3.1571667493e-17 
-2.6398787766e+23 
-1.7304987337e-17 
-3.3122067261e+02 
1.0672955540e-20 
8.2550462821e-07 
-2.5976647253e+16 
4.7661182976e+10 
6.3707060240e-29 
2.2032395914e-14 
-1.7761826773e+30 
2.0233217562e+24 
-6.3091289744e+17 
3.4232896536e+35 
4.4983056569e-07 
3.4137648926e+03 
-3.3678335096e+14 
-2.6538518824e-32 
-2.8665956051e-33 
-2.1667082979e+24 
3.0844054777e-07 
9.3902929346e+27 
8.0154127360e+09 
3.7123750000e+04 
1.0902320000e+06 
1.2125145661e+12 
5.5019422976e+29 
5.7252536792e+37 
5.0960912718e-34 
-1.4335763799e-20 
-3.4695148470e+13 
-2.4653204500e+32 
-1.4187170342e-26 
1.5470515847e-35 
3.9387303479e+24 
-7.4081399120e+19 
2.2663726750e+38 
3.3432850066e+17 
-4.1823232000e+08 
-1.0259935099e-34 
-3.4465638275e-18 
1.0233858407e+18 
-5.5668574362e+14 
2.4792276461e+25 
1.1928005617e-29 
3.3076091309e+03 
1.8843624331e+24 
7.4556275820e-08 
            nan 
3.6115177988e+37 
3.5696403809e+03 
-7.7105246632e-09 
2.7601270784e+10 
-2.9312428435e-24 
2.9552146994e-25 
1.5455432073e-13 
1.4170819622e-23 
-1.8028880000e+06 
2.8015781250e+03 
-2.7667290681e-10 
-1.0630528186e-17 
-7.3373637001e+28 
-9.0955600000e+05 
-4.9769182711e-20 
-2.9309623047e+04 
-8.4949699402e+01 
8.0466734080e+09 
-3.0657071345e-30 
-4.2744605262e+37 
-2.9088157500e+06 
4.5497696277e-08 
9.3622228341e+28 
-3.1551638678e+27 
3.6929473278e-19 
-4.9854809115e-29 
-2.6706787339e-24 
-8.7360029123e-40 
2.1252421120e+09 
-1.0653965683e+15 
-1.7088953817e-18 
2.1458003656e-35 
1.8120797729e+02 
-1.7486503740e+29 
2.5200413612e+34 
5.6592033386e+01 
3.3556868227e-35 
-6.8857101859e-31 
-3.1008257073e-10 
-1.3531289866e-08 
-6.2960595470e+19 
1.4380508503e-12 
-3.1939889304e-03 
-1.0879162848e-10 
-3.3735894369e-19 
-8.8374592690e-27 
-8.5336465466e+24 
1.6427988425e-35 
1.2536824627e+11 
2.1839303201e-35 
-2.0116119691e-21 
2.4513208320e+10 
3.3500521801e-11 
-4.4168028051e+17 
-3.2131370642e+21 
-3.5185303032e+36 
-4.1006867342e-24 
-9.7224465571e-04 
-8.1268599378e+26 
4.7556443214e+00 
-7.3643382015e+36 
-1.9745318176e+34 
-2.9350773926e+03 
2.4372759148e+17 
6.8427465083e-11 
-7.7937242168e-05 
-1.1804771506e+30 
-2.3725917705e+28 
2.8664984141e+28 
2.8800116545e+22 
-1.2817196846e+01 
2.5726121482e+27 
-5.6784120714e-33 
-4.0230020881e-02 
-6.1692646705e-04 
-1.2407864449e-13 
2.2774189916e+13 
1.2949774973e-03 
-1.3881229499e-09 
3.2275731317e+13 
5.7149635910e-29 
-7.1659042969e+03 
6.1939042062e-03 
-6.4843091318e+19 
1.1787319593e-18 
-5.1570470400e+08 
2.3454862230e-07 
-1.0808203934e-15 
-1.2121603455e+27 
1.2405385007e-25 
1.3211775387e-24 
1.0817916521e+23 
8.4856924740e-30 
7.8536064983e+18 
1.2494927036e+13 
1.8019518193e-16 
-8.4281396994e-05 
5.8539188467e-03 
6.7030359080e+23 
-3.7872247169e-28 
-7.6415358308e-07 
-1.9235828208e-11 
-2.0154242205e+35 
3.0967862864e+20 
3.2997523479e-29 
6.9776774581e-07 
1.0147570647e+12 
4.3035406845e+36 
1.4170385742e+03 
6.4382127815e-27 
1.6415119583e+35 
1.3754058273e-05 
2.9218269043e+03 
-1.0131268756e-14 
-4.1678070013e-26 
1.5284006368e+30 
-2.3652359848e+37 
-2.7101935143e-37 
-6.0703125863e+23 
2.5808115234e+04 
1.6987115234e+04 
6.3347399680e+09 
1.8591820510e+24 
-9.4264667154e-18 
7.6783599923e-08 
-1.9452720323e-07 
1.5430982225e-02 
1.9716794498e-32 
1.7741967835e-35 
1.3612230917e-12 
3.3101759112e-09 
8.0458539074e+18 
-6.0310524562e+36 
-2.1524185456e-07 
3.5170921683e-01 
4.5945840000e+08 
1.7034607446e+27 
-1.3723230553e-14 
-1.6426651460e+28 
9.0482948851e+34 
-2.9328706438e-20 
-1.2895095658e-08 
7.2010310134e-16 
-9.1403325207e+19 
-1.6215810319e-03 
-6.8882692543e-38 
-1.1650435677e+15 
1.5015425975e-24 
5.4677816501e-14 
-2.1018667221e+01 
-2.0076623668e-27 
-1.9259368798e-31 
1.1431009473e-14 
-1.8299210817e-02 
-1.1139429840e-29 
3.5391724000e+07 
-3.2320723366e-25 
2.7540598000e+07 
-3.2457745430e+18 
4.7443337600e+08 
1.5352635000e+07 
8.1196856627e-05 
4.9895821576e-05 
2.1186066163e-16 
6.4679253877e-24 
5.3512790400e+08 
1.7837764800e+08 
1.1189490307e-10 
-1.8057112188e-33 
-7.3108841808e-22 
7.4663594365e-02 
3.1173692648e-30 
1.1456256180e-37 
1.9570974786e+14 
2.5318695232e+24 
-4.7540775000e+06 
-2.4977337149e+27 
1.1331947614e-13 
-4.9984897444e+27 
-2.1913470150e-08 
1.9767041692e-07 
-2.9878449975e-12 
-1.6323918152e+02 
-4.3832971107e-12 
-2.7035565678e+22 
-3.6483699211e-36 
-6.7844770826e-31 
1.6179069388e-15 
3.7412595560e+37 
-1.1763939401e-03 
-6.6737969932e-18 
-6.0576862053e-32 
-9.6344433725e-02 
-1.8436926652e-08 
5.1252823606e-28 
5.6498122153e-11 
4.3164813319e+24 
-3.9205069746e-10 
1.1028981861e+24 
9.8010882048e+10 
9.3444446618e+11 
8.1034355243e+26 
2.6890649679e-05 
4.7058147772e+30 
-3.8321863940e-06 
-2.3115550066e+36 
-4.0023935745e+22 
-7.0460460938e+04 
-2.3669227153e+25 
2.3980975781e-31 
-2.1790349293e+22 
7.5054976659e+24 
4.8557230469e+04 
-3.6308189717e-38 
-6.5907692494e-30 
3.6106175616e+22 
5.2606901590e-05 
1.2091439200e+08 
-6.5714275184e+32 
-1.1001794975e+21 
-2.5937346257e-37 
-5.6428879499e-01 
5.5150437690e-21 
-1.0309789045e+28 
1.6295436222e+13 
-5.3935058752e-22 
-7.5065568890e-39 
5.6627483634e+37 
-3.1054748688e-03 
-1.0146613131e+27 
1.5300528206e-11 
4.8398176590e+22 
3.1330804973e-07 
-2.0884443565e+15 
-2.6488243226e-14 
1.1307590285e-05 
1.5825861171e-19 
5.7209667830e-06 
4.5542589019e+37 
-1.4885628221e+20 
1.1336466670e-01 
1.0726189499e+32 
8.4190614656e+15 
-1.8776062864e-20 
-2.5635171399e-31 
-3.1344550733e+25 
-2.8306960303e-05 
1.0766945058e-28 
-3.2279748608e+10 
1.0335338496e+11 
6.1558846909e-09 
-4.6489122069e-18 
-7.6166042874e-14 
-9.6153143971e+17 
2.0760222872e-27 
2.1450995395e-26 
8.3659468750e+04 
7.9137491026e-23 
-4.0598897613e-05 
1.9594815209e+14 
6.4938935573e+35 
-2.3027533914e-26 
2.5984694289e+26 
-2.0097072951e-28 
2.1935895144e-14 
-3.4401575338e-11 
-4.0742053152e-17 
-4.6143743921e-31 
4.6948612426e-30 
5.9084926906e-37 
-4.6416740090e+30 
9.8797883848e+33 
1.8755344442e+20 
2.2493470438e+17 
1.6853621357e+37 
1.1813894439e+20 
-7.0125132800e+09 
6.1897426627e+36 
-1.1082771988e+12 
-4.0126383066e+20 
1.8372942057e-10 
-2.6624135971e+01 
-9.5596170901e+22 
-1.0393324921e+30 
-7.2519895728e+16 
2.5045859481e-28 
-8.7473435443e+11 
6.0721572607e+23 
-2.4118512583e+13 
-2.8931687093e+26 
6.8869546217e-22 
2.0992842720e+30 
1.0716589116e-25 
2.2494900972e-02 
-1.0731569568e+16 
-1.8024118403e+22 
-1.8862935839e-28 
3.3813410611e+11 
2.8133432929e+22 
-6.6090988184e-06 
-2.0888955688e+02 
-3.1594148524e-35 
3.5534361814e-05 
-8.8416539133e-02 
5.2789319923e-27 
6.2856087522e-12 
-5.5837199476e-31 
-2.0943568069e+26 
2.9048208526e-29 
-4.8588703667e-37 
-6.6752393747e-23 
-8.0771734190e-08 
2.8583045569e-31 
-4.2277156174e-22 
1.4327218579e+34 
-1.3696542259e+16 
-5.5753644849e-28 
-1.8026345968e+00 
1.1152836725e+36 
-1.6991103886e-34 
-7.4415430415e-12 
2.4995563030e+00 
1.4001155853e+01 
-1.9856449400e-22 
7.6772607827e-07 
6.6231939185e+35 
1.1237603730e-12 
8.6137534100e-36 
3.9680670825e-19 
1.0395388800e+08 
3.9592699117e-22 
1.5884220000e+07 
3.0506389254e+29 
2.8139599584e+36 
1.0347064584e-02 
1.5882010598e+15 
-2.6943300022e-12 
1.2318817966e-08 
-2.8452861309e-01 
-1.2887404992e+21 
1.2577110439e+14 
1.1114681244e+01 
-9.9774335938e+03 
-2.2247212172e+20 
-6.4999012351e+27 
7.6616690494e-03 
9.2426108722e-07 
            nan 
1.2310300446e+02 
2.7816556068e+38 
-7.9564483907e+16 
1.7074573601e+30 
-9.5090417975e-33 
4.8011738281e+04 
4.1788607673e-22 
1.6437882558e-02 
-1.6071419552e-28 
1.2747646104e+27 
-2.3538869141e+04 
6.7002735002e+11 
2.6892141148e-27 
2.2545802494e-05 
-7.8014285777e-20 
-2.3181505597e+31 
3.4416468012e-16 
-3.4316523083e-28 
-2.3556955564e+27 
-3.5804952495e-03 
-6.6155087552e-05 
-1.0392608996e-09 
-3.5096364703e-10 
5.1585133187e-03 
-3.7491497439e-29 
-2.2975215616e+10 
-2.4099231395e-32 
-2.2219307557e-12 
4.9110981822e-01 
2.7850947556e-28 
1.8818711056e+19 
4.9278180430e-24 
3.9476152509e-02 
4.8373523936e-11 
2.7603140260e-11 
-1.3970006866e-17 
1.4545718408e-08 
2.3031307493e-36 
7.4981302023e-01 
3.3366312656e-19 
1.2170699293e+16 
9.9152650535e-08 
-4.4796668000e+07 
-1.0944344054e+29 
2.6910166057e-32 
1.7847998521e-15 
-7.2259283359e+26 
-2.8635794748e-22 
9.3497836590e-01 
-2.5482595533e+11 
-1.4926908382e+29 
1.1900273941e-27 
7.7783690240e+09 
-5.2085129216e+10 
1.9741531961e+28 
-3.1325981809e-09 
1.0985700197e-13 
-2.3928965012e+34 
1.0546064022e-11 
-1.4815304894e-05 
-1.2709312500e+04 
7.7832075635e+31 
5.8082841003e+29 
-7.0510834178e-17 
-1.0363669051e+23 
-1.5068584353e-25 
4.5666676143e+18 
3.3321268165e-33 
5.0147920621e-36 
1.0101119239e+29 
1.2198121966e+29 
-5.0770898156e-28 
8.7321731072e+10 
3.9887932957e-08 
4.3573388432e-23 
-1.6662397766e+02 
3.9452882242e-17 
-4.8176656264e-07 
-2.8145124088e-04 
-3.8024708629e-01 
-1.8969734528e+16 
6.4733720132e+26 
-4.0777652624e-15 
-1.0584485786e-21 
-1.8534281612e-29 
-5.0057245558e-32 
1.5712428607e+33 
            nan 
7.1675178374e+34 
-2.2047295491e+17 
3.1073873047e+04 
5.8861641360e-24 
-6.3731793489e-05 
-5.1478109668e+19 
3.4521143807e-35 
8.8161479381e-34 
5.6952676578e+37 
1.8002327493e-34 
2.8391030784e+11 
1.0281409920e+09 
-6.2495959657e-28 
2.8848844356e+16 
8.7803985562e-25 
1.2122213494e-32 
-4.8067464828e+30 
3.1123134871e-32 
-3.0328369576e-06 
-1.1841562397e-08 
5.7926227950e+23 
2.8503066702e+36 
2.4009012405e-18 
-1.0421936758e-19 
-6.8464816099e+17 
9.5573028564e+02 
2.6430212807e+38 
2.6243416719e+12 
-2.5173908605e+28 
1.0670618295e-32 
4.9073609397e+28 
4.6376397226e+24 
3.9551608277e-30 
1.5080394355e-35 
3.7853782515e+34 
4.7508661862e+11 
-8.8961683022e+25 
2.8158659789e+11 
-1.3510164559e-27 
5.3128329514e-10 
2.5124229086e-11 
-5.7358983364e+23 
2.2423818398e-32 
1.8109660149e+00 
-7.4009183900e+22 
2.5475274015e-05 
2.2773790818e-22 
7.9585646018e-32 
2.4609019944e+35 
1.9395180088e-21 
9.3295392601e+30 
-5.0120951192e-16 
-3.2831619075e-17 
4.3658693033e+18 
1.1879995632e-26 
-3.6773524181e-24 
-1.7122161865e+02 
1.4514684586e-15 
1.2056301569e+20 
-3.1697385297e-19 
9.1538270625e-29 
7.9532808523e+15 
1.7737716936e-21 
2.7485498507e+13 
2.2775865234e+04 
6.0716521561e-24 
-2.2699832697e-27 
-1.9277085179e-17 
5.1610425085e+25 
1.8579830126e+24 
-1.6130858285e-25 
-3.1222741534e+19 
3.6455183758e+21 
-1.8026490673e+36 
-3.0676998144e+10 
3.5005164000e+07 
4.0680438123e-16 
1.1618109556e-20 
-4.8975209211e-05 
2.1616100239e+21 
-1.9031913750e+06 
-1.1180025600e+09 
-2.4730579555e-01 
-6.4894251077e+26 
2.5939131051e-11 
-2.9468375724e-03 
1.3148648779e+20 
9.7445476932e-29 
-5.9331868611e-28 
-4.1608575487e-36 
3.1763406052e-38 
1.4610248772e-25 
-8.0011276279e-22 
2.5284365712e-09 
-7.6416022479e-33 
-4.5178849280e+09 
1.0046898424e-08 
-3.5517711645e+21 
9.3718466655e-28 
2.2791567445e-01 
9.6655715942e+01 
2.4819424438e+02 
1.6677272111e+17 
-2.7567676852e-07 
6.9966162700e+27 
6.4140743552e-29 
2.4990829435e+33 
-1.7217960334e+25 
5.7381693909e+35 
-6.8956254574e-26 
-3.8236463787e-31 
-2.7994738000e+07 
-8.3043556250e+05 
-9.0158284145e+13 
-4.7480464375e-31 
-8.7493030004e-22 
-8.3606881447e+24 
2.4699881332e+25 
-1.0913990050e+14 
2.7933086697e+23 
-4.7311843237e-32 
9.5648649553e+18 
2.6223098833e-19 
1.1413951611e+12 
1.9793447876e+02 
-7.0319308585e+29 
-2.7259058612e+32 
-4.1851514741e+32 
-4.8800206101e+29 
-1.9167711068e+12 
1.1449269813e-24 
-5.3813230469e+04 
-2.4599692188e+05 
1.7663745157e-36 
3.1770037837e+22 
6.0899038086e+03 
5.3056936711e-02 
-2.1925293581e-08 
2.8221569080e+14 
-1.6951440835e+12 
-2.4773644507e-12 
-1.3948257658e-36 
-6.1311414455e+24 
-5.8738136696e-14 
2.8213392179e+12 
-1.7789693178e-26 
-2.1139760971e+01 
1.5058064479e+31 
2.6743762970e+01 
2.3339514883e-05 
3.0968819044e+35 
-4.1825781250e+05 
-4.3897778125e+05 
3.7572399036e+22 
1.4393134978e-18 
-3.0957658511e-34 
-2.4729731529e+38 
-1.0606011180e-08 
-6.0012751292e+29 
-8.1849259138e-01 
9.3752614912e+10 
-4.4826065602e-12 
1.0113459587e+01 
1.0658833725e+20 
-6.5280495461e+25 
-2.9861876830e+34 
-5.7528026787e-08 
1.9470867188e+04 
7.4829468750e+04 
2.4262669457e-25 
1.9284095028e-33 
-4.0238967685e+12 
4.8681895714e-04 
9.1727264619e-15 
1.4846261591e-02 
-4.3708800468e-11 
-1.8897606400e+08 
6.0884831437e+12 
-1.7352833235e+22 
5.9725262930e-12 
1.7249270321e+36 
-5.0195728108e-14 
-3.1446617311e-37 
1.2289430159e+37 
-1.8359447966e-26 
-3.0782851827e-19 
6.0231236488e-27 
-1.4731932606e-04 
-2.2782083535e-35 
-1.1070687911e+20 
1.3366402658e+36 
-3.2805584319e+14 
-1.5944598072e+32 
3.4971086977e-37 
3.3710644793e-37 
2.9099777769e+31 
-3.2200896765e+18 
-1.5495508480e-25 
-1.7439994643e-34 
6.5257161544e-23 
-5.3933162500e+05 
-1.4403751746e+34 
-3.7241506062e-15 
2.5838960792e+37 
5.6752266742e-24 
-2.4013658493e-14 
-1.8192583665e+30 
3.0844139274e+17 
8.0130388428e-38 
-6.0859816585e-05 
7.3468884166e+34 
-5.0630319087e-17 
1.1856990175e+13 
-1.3469198080e+09 
-6.8452873494e-27 
3.2017947711e+32 
4.6596510948e+28 
-7.2772514112e+32 
-1.0421588263e-26 
-5.9313213348e+01 
-4.8442171163e-08 
2.3126202122e+12 
3.3573394281e+15 
2.0567408204e-01 
-1.1509151676e-07 
-3.6676295300e+22 
2.4145116462e-10 
7.9937530681e-03 
2.9582704883e-04 
-2.1509679194e-38 
7.6800798894e-20 
4.9271234375e+04 
3.0964839458e-01 
2.0464195030e-19 
-5.5405011998e+23 
-1.0708120201e-24 
3.7497421727e-03 
3.0734650791e-02 
-5.6384853087e-04 
2.0314309904e-19 
1.6339198669e-24 
-1.2916657469e-26 
2.3846546170e-38 
3.2714657650e-09 
8.9305530082e-08 
3.3192470310e-20 
-6.3224989499e+15 
-1.9731633365e-02 
-1.5749610505e+37 
5.2321682550e-15 
-4.6537882768e+28 
8.8290698904e-32 
1.3183929542e-33 
-3.1806968184e+15 
9.9442638657e-07 
-4.4878312622e-08 
-9.7352482419e-16 
1.6059392747e+16 
-1.0505160475e-07 
1.0692925521e-18 
1.6667948871e-18 
-4.7934650942e-29 
-4.7598452103e+18 
7.8805740769e+37 
-2.5461707395e-12 
-3.9450622397e+30 
-2.0983073386e+24 
3.4055963419e-30 
5.9235452603e+27 
1.7653910087e+33 
4.8207590842e-37 
1.8398332214e+02 
-2.0885104762e+30 
1.4237007426e-37 
1.5920386841e+26 
2.6690169843e+33 
1.8349029327e+13 
2.7295245407e+38 
2.7922450546e+22 
-1.6490544794e+35 
-8.8756768546e-35 
1.2562833920e+09 
-7.0996942210e-27 
-1.6471060757e-19 
-4.0675665000e+06 
-2.6722916414e-12 
-1.0025544531e+05 
-1.0945078776e-21 
1.4244875642e-31 
-2.8131385593e+23 
-1.3773062878e-20 
8.9432133673e-34 
2.2845953205e-38 
-1.9967255040e+09 
4.6862264472e+17 
3.1055790800e-32 
-1.5715107095e+16 
1.2426902518e+19 
-2.1002497874e-07 
1.1590134699e+33 
-2.3534078332e-12 
-2.7783801926e-08 
-1.5322905714e-25 
1.1132467374e+24 
-1.4130473600e+08 
-1.1391869440e+09 
5.3854156963e-32 
-3.5970489502e+02 
4.2878757911e-27 
6.7133162500e+05 
9.4158453125e+04 
2.9970197833e+27 
-7.7622285902e+30 
3.5665853728e+18 
1.7204439895e-21 
2.7185161061e-37 
-1.3228162341e-17 
-2.6473183644e-20 
-1.7757379266e-34 
-6.9478589649e-20 
-1.5764134521e+03 
-4.0816643277e+11 
4.9349442317e-18 
3.8034631838e+23 
-1.3126634521e+03 
-9.3899224000e+07 
5.7857492587e-36 
-1.3508155000e+07 
6.4733303152e-03 
7.4196349996e-28 
-1.5052883327e-01 
7.4995492756e-38 
-1.7953946261e+19 
-2.6114449644e-38 
-2.3835260480e-13 
-3.6625063057e-19 
1.0569512704e-31 
1.3710534574e-07 
7.9998817455e-06 
2.2618241228e+21 
-1.4655781598e+32 
1.6108103461e-27 
-2.2394987408e+26 
-9.3460952000e+07 
1.6571011592e-34 
-1.3575187456e+10 
-3.3966394043e+03 
4.3027495000e+06 
-1.4079459424e+18 
-3.3072838187e-01 
5.3198946500e-17 
-1.7857748346e-33 
3.8941424259e+15 
1.3850139711e+36 
2.8452243831e-33 
-4.4091447317e+33 
-5.5727738362e+25 
1.0821017638e-20 
-6.5069625344e+10 
9.1449852914e-26 
-3.5747644043e+03 
5.0325338393e+37 
1.3201665316e-09 
7.3173578241e-31 
-3.8788457317e-22 
-5.9370342255e+01 
-1.4100106955e+00 
6.8286215975e-30 
2.4494420418e-15 
-1.9298489250e-31 
-1.3273374336e+35 
9.9926626674e-36 
4.1029754510e-16 
8.7173901498e-02 
9.6614422607e+02 
3.0295986217e-03 
4.7567924857e-01 
-1.5670884388e-23 
1.9887460470e+00 
1.6607002153e-31 
-9.8228485107e+02 
2.1755063769e+16 
1.1765097360e-12 
1.2417935005e+17 
-1.4397384973e-07 
1.6132063174e-29 
-3.4762592879e+15 
-2.2318485070e+26 
-2.0145338778e+11 
-8.4134554645e+34 
8.9987445392e-14 
4.3942570452e-17 
8.3709404908e-20 
5.0498670949e+24 
-6.3381680182e-37 
-9.6692067953e-19 
6.2195467459e+23 
9.0703076172e+03 
9.0489366000e-10 
2.8696142684e-10 
-2.0466410801e+17 
3.1311511552e+11 
6.0083646464e+10 
-3.6898183464e+31 
-5.5241074206e+32 
3.4018490994e+38 
1.9235671638e+13 
-3.1359633810e+21 
-4.4026966835e+11 
-3.5872493171e-25 
-1.4487878536e-31 
-4.7688780148e+28 
4.2211615541e+30 
2.8308807022e+18 
1.6629704823e+37 
1.0074351922e+28 
1.4364644585e-07 
-1.2180670048e+38 
-3.8796485971e+23 
-9.9872500877e+21 
1.6800857574e-26 
2.9741649681e-13 
3.1503045158e+25 
-2.8262384271e+12 
1.1388421431e-32 
4.3541070379e-23 
-5.1228806760e-15 
3.5918933105e+02 
-3.3421840365e-23 
3.0945145289e-23 
3.0458479642e-24 
1.3258376627e+22 
-1.3087804000e+07 
9.9172712448e+10 
7.1959751078e+34 
-1.3472952320e+10 
-8.5111303711e+02 
-3.7173562517e-30 
1.5804893255e+38 
-4.8293769696e+30 
-4.4754586714e-28 
4.1740562301e-04 
-7.2478341212e+24 
-2.6924179110e-05 
1.9732341502e-36 
-6.8897487143e-32 
2.7846851771e+23 
1.8216227327e+22 
2.7578017498e+22 
-1.8963358527e-19 
1.7353056679e+37 
-1.9406710231e+36 
5.8364589580e+33 
-9.7713656678e-35 
5.7932120064e+11 
-1.8286572995e+12 
-6.5107677796e+19 
-5.8908582528e-24 
-1.7932264831e-13 
-1.5383372307e+00 
4.9786096000e+07 
-3.4342097429e+28 
6.8973114014e+01 
8.0132344953e-16 
-7.0470921233e-22 
8.9727247400e+23 
1.0486188059e-35 
6.9162795008e+11 
-1.0137186983e+37 
-1.1737433344e-29 
1.6681192622e-21 
1.7610249329e+02 
-4.9716653045e+33 
4.4650804334e+33 
6.2877728868e+28 
-3.2077108487e-31 
4.1440227176e+30 
-4.1423861300e-35 
1.9760988679e-10 
1.0072333367e-07 
4.5712329921e-08 
-3.4307228065e+27 
1.5036104000e+08 
6.8800003078e+16 
-2.3698926502e-11 
-1.6667990955e+15 
-1.5535089881e-09 
-6.2011153979e-26 
2.1605654911e-04 
-1.3691914534e-17 
4.1691748707e+35 
4.0793332000e+07 
-6.5330992332e-29 
1.5466922533e-17 
8.2249776556e+19 
-4.0813762397e-22 
2.4164356205e-07 
-5.4159020528e-20 
-3.4557217407e+02 
-2.6971319152e-30 
-1.2240536690e+01 
3.3993244331e-10 
8.6359736475e-16 
9.2348417596e-14 
6.1032522470e-02 
2.1956820941e-32 
5.7634948815e-31 
2.3734553582e-26 
1.2643674175e-33 
1.9077450119e+29 
9.1833942751e+16 
-8.7712651700e+19 
7.5311234417e+12 
4.8709052734e+03 
8.8623519897e+01 
-1.0511705204e+30 
-3.8473067520e+09 
1.1674777979e+31 
1.8443629961e-04 
-2.4912257195e+00 
-2.6197961986e-13 
-7.4084052734e+03 
4.6912921593e-20 
-2.8604314473e-09 
-1.6779574258e-11 
-3.8692613120e+09 
1.0723148175e+23 
-3.8203794154e-33 
-5.8014472870e-07 
-2.4889090865e-33 
-5.5340081105e+28 
7.6114052734e+03 
-5.3555181912e-20 
-1.3061703066e-04 
-2.4899503776e-30 
7.8882420971e+23 
-1.4958990699e-35 
9.3271605717e-11 
2.6056911602e+16 
8.0851131515e-31 
-7.7273900800e+08 
-6.6275051190e+35 
8.7930795511e+21 
-5.2359060937e+22 
1.6269062403e-15 
1.6617018352e-29 
-3.7170136125e-07 
-6.2520177111e+32 
-2.3271097500e+14 
-1.7010080286e+26 
-4.2550724932e-23 
8.1964486837e-01 
-2.9544836629e-12 
-7.5256492188e+04 
-5.2548144567e+22 
2.4191368686e+34 
4.6654069497e-12 
-6.3498964135e-26 
-4.3525047395e+17 
8.0536111113e-10 
-1.2658884645e+38 
2.0121482234e+29 
-1.6235457776e-32 
4.2667236328e+01 
-6.7276705522e-06 
5.8914000000e+05 
-2.7081310285e-14 
2.2534980491e-32 
9.7687155008e-01 
-1.3575391955e-21 
-2.6818141895e+33 
1.2019104958e+01 
1.5290591992e+30 
-5.6325067836e+37 
7.5130422582e+22 
-1.3185826339e+24 
1.1492593802e+29 
1.5576260292e-30 
-3.9666100415e-23 
2.5386372248e+14 
5.7347997628e+19 
-2.7138628906e+04 
3.1179614935e+24 
2.2959235311e-01 
7.5231948783e-31 
-2.1308911133e+03 
-4.3205457926e-01 
-1.0713693714e+26 
-9.1129732419e-24 
3.1063573260e-05 
5.6148941630e-15 
-7.5796387121e+17 
-9.2426791787e-02 
1.0897314453e+04 
1.7920558078e+26 
-5.6309360945e-22 
-4.5662221631e+13 
7.7521008137e-38 
1.8480628898e+26 
9.4384549164e-22 
2.5634397710e+32 
9.2290747527e-13 
9.8685593030e+35 
5.0322072680e-32 
-9.7574658633e-37 
-3.5750454147e+15 
6.8218182288e+28 
-2.0347865600e+09 
-6.2304008000e+07 
1.3711213251e-04 
-1.3897477330e+19 
-1.7676926856e+25 
-4.7037545828e+24 
9.6295430671e+19 
4.0738336311e+34 
-2.6102580231e-15 
6.8429190092e-10 
2.7659880859e+04 
-3.4783201591e+13 
-1.5967413760e+24 
-6.8111787321e-09 
8.7303955731e-11 
2.8675351973e+23 
3.4216939178e-12 
-8.3851253986e-01 
-2.7565799713e+01 
-3.0982206250e+05 
4.2564177183e-10 
-4.6156928710e+22 
2.1033947591e-29 
-1.3601674377e+17 
1.5385033638e+35 
-1.6600944946e-05 
-5.2858388036e-15 
-1.0775242506e-29 
8.0933493805e-22 
-1.0778287294e+25 
-1.7643836141e-01 
7.8710904331e-21 
-2.3295816255e-38 
3.8250883318e+12 
-1.3330796970e-12 
1.9973530385e-08 
8.2963386615e+33 
-9.7181350611e-07 
-2.7306399282e-21 
3.4137129957e-20 
-3.9164516690e+28 
-1.0119570923e+03 
-1.0187506688e+10 
8.8043983851e-05 
1.0300250236e-10 
4.9076335567e+36 
-5.4562623639e+14 
2.7083509229e-33 
9.4051784835e+17 
-2.1881600082e+12 
-9.1688204919e-23 
1.2867547955e+11 
-8.9663444669e-07 
1.7507411937e-27 
7.2395700546e-12 
-1.9999232000e+08 
8.5962263618e-19 
6.2768936157e-01 
-2.1822065391e-36 
1.2047937321e-20 
-3.3076200000e+05 
2.0760523427e-16 
1.0029656344e-31 
-1.3653923278e+21 
4.8593352758e+17 
-5.2425256426e-20 
1.1403796501e+30 
-5.0104299576e+18 
2.3921729796e-16 
-3.6802776104e-11 
-3.0791745921e-36 
4.3004659621e-13 
-8.1512098693e+12 
3.0128689644e+12 
6.7795697021e+02 
-6.3850307617e+03 
2.1774627497e+24 
-6.0434576124e-02 
-1.1443449219e+05 
-1.6279469464e+28 
-5.2787450941e-33 
1.1475055919e+37 
1.4233118409e-26 
-6.6872711578e+11 
-1.8745488782e+14 
8.5076317447e-16 
-2.9074902841e-07 
4.5580365917e+30 
-5.6958433841e-36 
-1.1761057503e+30 
1.9961211916e-34 
-8.1076709924e-24 
2.4239005028e-38 
-3.7837446917e+18 
3.5275303269e-37 
-2.2863723267e+24 
6.5320159368e-34 
-1.2038295503e-33 
-3.5189746865e+27 
-1.5279746177e+26 
            nan 
-9.5150576000e+07 
-2.2111694979e-29 
-1.0242648438e+05 
6.6728557782e+21 
-1.4763916620e-15 
-4.2002888524e+13 
7.1610246659e+25 
1.5658109494e-30 
8.7798105469e+03 
-5.3271380362e-11 
1.2974422328e+24 
1.0669506546e+33 
1.5382750629e-09 
2.2300776367e+03 
1.5929782104e+02 
-1.2696529454e-27 
-3.2731940394e+15 
1.2431723428e-09 
1.4708332705e+29 
5.7965144709e+20 
1.3633695312e+05 
-1.0877255440e+01 
-5.7217434662e-29 
-5.0154282617e-32 
6.4877114262e-32 
4.9013636530e-33 
-3.5008943227e+13 
4.5166592407e+02 
2.3223479819e+35 
-4.1794799962e-16 
1.3816232880e-10 
-1.6155768348e+23 
-4.8760968394e+14 
1.3023921846e-14 
            nan 
1.2436353321e-29 
4.4701218605e+00 
1.2956115927e+12 
-2.2440442985e+19 
-9.5891685163e-15 
-3.7111347914e+29 
-4.9372218327e-34 
-1.1917309570e+04 
2.8572479938e-09 
-1.3288701600e+08 
2.7868213850e+26 
-3.9091459390e+20 
1.4602954305e+16 
2.5550391456e-06 
3.0063196800e+08 
6.8057463564e+32 
-7.4185077613e+21 
-5.1436729663e+14 
1.8524308104e-38 
4.9558391571e+00 
-7.3102992028e-03 
-1.0873027442e+30 
1.8092272640e+09 
-2.4998569574e+11 
-8.4212756480e+09 
-4.4085402960e+29 
2.6837829461e-25 
2.5956198992e-20 
1.0471071752e-17 
1.0156491852e+02 
9.3236422246e+11 
4.4139895957e+34 
            nan 
1.9137136193e-32 
-4.8873122418e-27 
3.0913617188e+04 
3.2776767079e+19 
2.5708245811e+11 
1.8615834415e-02 
-1.9403497472e+10 
1.8421829053e+33 
-1.6513714388e+15 
3.0966056537e+14 
8.1474802177e-17 
9.2402860261e-32 
-2.5250590988e+21 
3.5511547399e-26 
-2.4789689866e+34 
-6.8592368080e-16 
3.4172963663e-30 
-1.3393531553e-03 
4.6316079193e-16 
1.6156095266e-01 
-2.0252011520e+09 
-7.3902204851e-35 
3.4794911326e+17 
-1.0079998907e+21 
-3.6558794186e-12 
2.2799623300e-10 
2.4821860587e-29 
6.1347528427e-37 
-6.9879995532e+22 
-1.9860909792e-12 
9.7173801623e-04 
-9.6218883311e-37 
6.9178074598e-02 
7.3235617909e-25 
-1.0472044700e-25 
1.8892954104e-03 
-1.9466745600e+08 
2.8518428938e-12 
-3.0646408385e-20 
-8.5001529013e-36 
2.6792224031e+24 
-4.5067891442e-16 
1.2852748751e-38 
1.2062802315e+01 
2.0120780846e-06 
-3.6569969654e+00 
-3.6684075736e-25 
-5.2942502625e+12 
-7.2308813515e-07 
-3.0790410772e-29 
-2.3550156616e-11 
2.0202979885e+37 
9.6757181250e+05 
-9.1087180879e-16 
1.3712398635e+38 
-3.1640586387e+25 
-3.1954627239e-21 
4.3793625880e+28 
7.9139167442e-10 
            nan 
-3.8091673815e-08 
            nan 
6.7508929560e-17 
-8.9596714113e+36 
3.3167674148e-37 
1.3286004543e+34 
-2.8655075002e-03 
-1.2652632090e+27 
1.3025208953e+36 
-9.0885181250e+05 
-1.0471193912e-09 
-1.4355267824e+34 
-9.5679072826e+37 
7.2966223214e-35 
1.3765417244e-39 
3.2198308102e+17 
-9.0266771396e-34 
-2.1072788800e+08 
4.6170212973e+37 
9.4305890000e+06 
-3.0769723993e+28 
1.7013908426e+16 
2.7792190625e+05 
-6.1306206937e-37 
-2.3138227492e+17 
9.6554091840e-37 
-1.5716704604e-09 
-1.8505323579e+17 
-7.1449322966e-14 
-5.8371459961e+02 
-1.7707869141e+04 
-7.9116197303e-03 
-1.0951726331e-10 
-9.8237659984e+23 
9.3139115631e-29 
3.4505313806e-07 
2.0002021348e+25 
7.4363973820e-17 
2.4310529196e-29 
7.5888753265e-38 
-1.1829443596e+32 
-2.5473340303e+14 
6.3934872431e+15 
-2.3840377336e+17 
1.2997659146e-34 
9.6242194904e+27 
2.4022687416e+13 
9.4867534637e+00 
-2.3448270258e-27 
4.5216251010e-07 
-6.6710205749e+25 
-4.3656114015e-38 
-6.9979056919e+34 
-1.1585068204e+13 
-4.4165742188e+04 
3.1312895618e-17 
-1.3743326486e+22 
9.4557026737e-36 
9.7800706124e+32 
2.2648158552e-28 
-1.2391791992e+03 
-1.5531131902e+14 
-2.7426839004e-27 
1.4654139022e-06 
-1.1114761556e-08 
3.9930513586e+34 
1.9943523200e+08 
6.1769201754e+22 
-1.2001393468e+32 
-5.6350033993e-38 
-4.4032482392e-27 
4.2898880804e-23 
-9.9782168865e-01 
-1.1830875156e+23 
-1.1061814809e+30 
1.2367234802e+02 
-6.5168139982e-12 
-5.2662206464e+11 
-6.8438038230e-02 
-1.1996934456e+27 
-1.8819223563e+29 
1.0347028210e-32 
-7.9976637399e+12 
2.0416898069e-30 
8.3268793600e+08 
-1.9927198184e-13 
1.2525347181e-35 
-5.5320381250e+05 
1.7352645045e-06 
7.4559702459e+34 
1.4999703126e-05 
2.7271645263e-32 
2.5923778702e+23 
1.5839536900e-06 
-4.4166328320e+09 
1.2816618780e+17 
2.5846805067e-18 
8.1610539434e+31 
9.3828736703e-22 
7.3726255949e-15 
6.3579780329e-11 
5.5493360970e+33 
-8.3360987446e-07 
-3.0255659351e-38 
-8.3021978317e+33 
-1.7468638420e+00 
3.2304870605e+02 
-3.9795916528e-03 
3.4154611058e-05 
-1.0717569744e-31 
-3.3392775094e-17 
3.7673299147e-08 
-1.3783795738e-15 
-5.2380781621e-02 
2.8879732836e+35 
7.3892547876e+23 
1.9430938351e+34 
8.5062136627e+12 
-5.6452099713e-27 
-3.0058909510e-33 
-1.3488675114e-20 
1.0246478232e+35 
-2.5112144193e+38 
9.7039381463e+30 
6.4293335196e-13 
-3.4638091506e-07 
-1.6190270086e+26 
7.0737078518e+12 
6.6938888270e+22 
-1.0995323777e-31 
-2.0871986346e-16 
-3.6437494930e+34 
-3.7007860086e+29 
-3.3563981906e+12 
-6.3507692000e+07 
-2.3490166000e+07 
7.3390768750e+05 
1.2752954989e+34 
6.9151615901e+31 
1.2190751948e+34 
5.1906040121e-38 
6.3019579674e-23 
1.7269267855e+16 
2.7947353273e+32 
8.3919699693e-36 
-2.9483083507e-29 
1.1774379300e+23 
5.0593702615e+33 
-1.0495065084e-07 
8.6669320813e+15 
-6.9592493739e+32 
-1.8219936293e-34 
-8.1120419840e+10 
-1.3126203557e-03 
-1.1265531383e+27 
1.8095551220e-32 
-2.4547091972e-20 
2.4696764230e-23 
-3.1313654448e+13 
6.4792314851e-14 
-5.0627127494e-16 
2.2093538140e-14 
5.0190201487e-20 
1.8664137471e-33 
-6.2113162785e-27 
2.0558795118e+16 
-1.2329077519e-29 
3.1747663304e-37 
7.7938992955e-20 
-1.0138246094e+05 
3.7935314563e-19 
2.0328607017e+14 
-1.5846943551e+24 
-3.9387949226e+34 
5.1095191363e-24 
1.1026955531e-29 
-2.4180204053e+31 
-2.6846381700e-17 
3.4629863860e+32 
-1.6529091200e+08 
2.3784406575e+32 
-3.1457706753e-15 
1.1126251309e-10 
3.5668196418e-36 
2.4333758681e-32 
-3.8466107188e-32 
-8.1879094243e-02 
4.4429480239e+37 
1.0206627902e+19 
3.9410377502e+01 
-3.1521455385e-03 
2.8438545000e+06 
1.8150993588e+18 
-9.1957221358e-16 
4.1804008000e+07 
1.1991124871e-26 
-5.9002290072e-05 
1.2658952500e+06 
6.8228885652e-08 
-1.0635483309e-22 
-1.3083583639e+19 
-2.6473611724e+20 
-1.2877051200e+08 
1.6872254566e-37 
3.3058681660e-12 
1.0368098913e-07 
5.4700979897e-24 
-3.6172981250e+05 
-3.8850140527e-07 
1.3604948239e-27 
1.6600845698e-10 
6.2605101148e-32 
8.1320145007e+33 
2.9916733667e+33 
4.2376403224e-17 
-8.8612034917e-02 
6.3924693444e+18 
-7.1941082317e+11 
-2.3682182604e-36 
-1.2190599591e-05 
6.9936570817e+34 
-4.4758581250e+05 
6.0271783476e-25 
2.1286879928e-05 
1.0329289734e-01 
-2.2846716111e-18 
4.4781834987e-23 
3.3247117981e-29 
-2.1455557251e+02 
1.1337439010e+38 
2.9913036268e+19 
-3.1258915048e-30 
1.2203673518e+13 
1.1327674741e+21 
1.1735403069e+12 
2.1438118268e+27 
1.0949192500e+06 
2.5338239537e-17 
-2.3755603539e-32 
6.3110296154e-22 
-2.8119751513e+28 
4.9779867570e-28 
-4.4804130000e+06 
3.7254695424e-16 
-1.0194305780e-32 
-3.2165743411e-02 
1.3742235085e+19 
1.5805373550e-04 
-1.0438194797e-16 
-7.8418826818e+27 
1.9538943049e+33 
-2.5878646557e-17 
-3.3956566139e+12 
-1.6408501565e-38 
1.1581382044e-37 
4.3840003468e+21 
-7.9363479560e-25 
8.9942584934e+29 
-2.5083170785e-16 
6.3800288795e-35 
-5.4581858218e-02 
7.6110201561e+35 
3.2717903377e-04 
-9.6415543756e+34 
-1.3821475022e-06 
-1.5066715237e-11 
            nan 
4.3539188909e+22 
-9.9858896000e+07 
-1.5776508112e-17 
-3.6952566054e-35 
-7.2390603885e+25 
2.5867677903e+19 
-7.7081907079e-08 
1.2927405351e-06 
2.4618185962e-11 
-4.6748017419e-38 
-1.4116755128e-01 
5.6187882294e+17 
1.2120494793e-24 
8.7718420310e-14 
-8.5140069132e-05 
2.0343078604e-38 
1.9729683399e+00 
-6.9981065117e-22 
1.0402825575e+38 
1.9447744509e-24 
2.1964890625e+05 
7.8676187992e-01 
3.0429899717e-36 
-2.4859030964e-04 
-1.5858873510e+35 
-8.2657674260e+20 
-6.0469721474e+29 
-5.3181044637e-12 
-8.8324320316e-01 
-4.4935043642e-13 
1.0087769894e+33 
1.3531145571e-18 
-1.5704416728e-04 
-3.2551332681e-34 
3.4263823181e-02 
8.0840518690e+15 
9.2473371183e-09 
1.6145011994e-09 
3.1140594307e+25 
-9.4165131450e-03 
1.6852880865e-19 
1.1904300456e+14 
9.1899017017e-39 
-1.7738687500e+05 
1.3010270776e+29 
-1.1090426275e+34 
4.4917650328e-12 
4.8394856825e+13 
3.7480274684e-28 
2.8970374922e+12 
8.8824630371e+33 
2.4710113281e+04 
-3.6065308967e-21 
2.9709284147e+11 
3.0200806924e-37 
6.0844301473e+28 
-5.1890979004e+02 
6.0082936239e+25 
-2.9892308002e+14 
1.8044724603e-09 
-2.8268985116e+17 
7.3068855801e-31 
-1.0925004026e-03 
-3.2060771942e+01 
-6.7446902230e-11 
5.3868671301e-08 
1.0806503973e-32 
-6.1047812110e-32 
7.5100546722e-18 
-1.1324432853e+21 
9.5105576172e+03 
-1.3192444000e+08 
-6.6455968506e-10 
1.4180571143e-27 
-2.7685416336e-32 
3.5301240814e+31 
-6.0209209442e+01 
-8.3542097444e+18 
-1.0788504497e+21 
-2.2946176159e-06 
4.5946331024e+00 
-6.6578476590e-31 
-1.4996638462e+26 
-2.1529465608e-22 
-7.4026675792e-24 
3.2639388792e-07 
-1.9975925342e-25 
1.0206615040e+09 
5.2412778978e-12 
-2.6400624394e-21 
-7.5528335713e+29 
-1.2438740869e-18 
8.6252120000e+06 
-2.1765838725e+18 
2.1383977693e+37 
-2.2984201763e+22 
-2.1817533471e+23 
2.3432835473e+32 
-1.6346089542e-02 
1.1093923002e-10 
7.1683581250e+05 
7.9925747916e+33 
-1.2964761963e+03 
-1.4765047156e+21 
-4.7945068218e-03 
7.3877117478e-28 
5.4504409244e+29 
-1.9538953126e+36 
-2.0703849127e-35 
-3.7198678457e-37 
-8.1142989455e+12 
1.0590010152e+18 
-7.9250372314e+02 
-3.4145497346e+15 
5.5724514794e+28 
-1.4704805958e+32 
1.0790698242e+03 
7.4667087756e-04 
-2.5907649942e-23 
-7.8700635750e+11 
-1.4134078464e+10 
3.9619341897e+15 
5.5507813896e+29 
-1.1810467981e-07 
2.9267318903e-26 
1.8986132671e-17 
1.5942678978e-18 
1.6319652574e-10 
2.0010676480e+09 
1.1373551215e+16 
3.5349946880e+09 
2.3058465161e+13 
-1.0734244223e-11 
2.0067957146e+11 
1.1792967995e-33 
-9.7803588663e+15 
-3.4790696550e+11 
-9.2221264254e+36 
3.5159144402e+00 
-9.9986495053e+17 
5.7045425490e+30 
1.6190184570e+04 
7.1775482876e-31 
4.4584045657e-12 
1.6859050989e+00 
-9.9674951986e+33 
-3.8303900524e-13 
-1.9453837234e+31 
-4.3148682453e-03 
-6.2052740505e+21 
2.8034351053e+17 
1.8097264743e+24 
-7.3716368750e+05 
-1.2815750922e-19 
1.3945563454e-11 
2.5189831466e+25 
-1.4151711719e+13 
1.1173604990e-20 
1.1729503870e+00 
-3.3462729871e-38 
-2.2896391005e-33 
-3.7443154907e+02 
1.7848566592e-12 
-2.4301498767e-30 
7.8974101566e+35 
2.2484168325e-29 
-8.7792606243e-25 
7.7845673633e+31 
3.8461901855e+02 
-1.0935307882e+36 
2.6387926771e-17 
-1.8964968419e-22 
-1.0969683528e-01 
-3.4747015784e+25 
3.4330210939e+21 
-1.2346850493e+35 
-3.3788052905e+37 
3.0142710769e+25 
-5.7824643591e-05 
1.3693173275e+22 
-1.5211834489e+28 
-6.3997189743e+18 
-7.7612194840e+19 
1.4579183200e+35 
8.1491085309e-29 
1.4875863208e-08 
-3.1239956587e+27 
2.5524132252e+00 
-7.5336517202e-25 
9.4402740224e+10 
4.5859430323e-26 
1.5843850540e-17 
6.3885860957e+32 
-2.3606568875e-19 
-4.0737648926e+03 
-3.9023008943e-01 
-2.5744477220e-23 
2.4237072617e-34 
1.2820315602e-20 
-1.8908075077e-15 
8.3737999174e-12 
2.8443182736e+19 
-2.3077614466e-35 
-2.4177052735e+15 
-1.8690043463e+32 
-9.3713363647e+01 
-8.2169834059e-04 
-1.3087715242e-30 
-8.3671648939e-23 
7.8492499755e-16 
7.4691548025e+34 
-9.0571628320e-18 
-2.4057152271e+00 
1.2851667062e+14 
-2.6116878105e-10 
4.0862826197e+15 
-8.2403288678e+12 
6.1732537398e-27 
7.1290731889e+12 
8.7427792241e+13 
2.8684947134e+26 
-6.1769086279e+29 
1.1951378253e+21 
6.9405491807e+25 
1.6613383814e+31 
3.1303931579e+24 
2.5664436568e+13 
-7.3333130440e-30 
-3.0255303421e-38 
-2.2491165930e+18 
-1.0693980713e+03 
1.9243606770e+21 
-6.8913554741e-38 
3.6123026624e-32 
-4.6998394142e-31 
-4.1461697525e-35 
-9.8395974628e+20 
7.8640113831e+01 
4.5067940610e+33 
4.2951411872e-10 
-1.5860953927e-28 
-5.6074807804e+13 
-5.3449964653e+35 
1.5180549860e-34 
5.9163376000e+07 
-3.3051315887e-32 
4.1959088981e-11 
-3.2375021360e+30 
1.1728261826e+15 
-6.3545768224e+21 
-2.7753832297e+31 
2.5952406269e+19 
3.3205715593e+22 
3.1405137319e+19 
-7.1972677381e+17 
8.7586199798e+32 
3.5735304144e+35 
-5.6335185465e+23 
5.9389043947e+23 
6.8343919933e-12 
4.2510036992e+10 
-7.3233835662e-10 
5.3003586839e+26 
4.8024365150e-18 
-8.1244891357e+02 
-3.5666457395e+11 
-1.5640877452e-31 
6.6873187259e+31 
-1.8311188747e-14 
1.2214217954e+23 
-3.5483211924e-09 
            nan 
6.7488822577e+16 
1.1045553256e-03 
2.2791110155e-07 
-4.3382800511e+23 
8.0269595439e+28 
-2.5975182240e+17 
2.5949536964e-10 
1.5927512070e+21 
1.1566308170e+20 
-4.2492384942e+35 
-1.0582354603e-29 
-2.7084261326e-28 
9.1615155339e-02 
-1.0876920320e+09 
1.3320743143e+17 
-1.1857524041e+31 
1.0565649235e+19 
-1.5330171008e-21 
-9.1459453125e+04 
-9.2601183100e+34 
-1.5209431641e+04 
3.7241456401e-21 
-1.6293664551e+03 
4.9916815063e-20 
3.8793383924e-14 
5.4971784069e-11 
-1.3865355916e+32 
-1.0405801165e+11 
2.0975230261e-32 
-1.8217522112e+22 
2.5836129446e-24 
-5.8232158203e+03 
-1.2575817891e-05 
7.0129407648e+37 
-3.9302923843e-24 
7.3385716281e-35 
2.8332032268e-32 
1.6801871812e+28 
3.9324708632e-04 
-1.0335566016e-20 
-1.0925434862e-10 
-6.6758645785e-32 
1.0538369402e+26 
1.3651776541e+38 
-3.6440428033e-26 
-6.3978477972e-15 
-2.4483336569e-14 
1.1990495771e-01 
-2.5848829952e+10 
3.1616649884e-19 
-7.2119788074e-34 
2.1811101760e-04 
-1.3353526497e+37 
3.3583205512e+24 
1.0982964330e+13 
-1.1246880867e+21 
2.9261334021e-31 
-6.6579978864e-08 
5.3783153402e-37 
-3.6900252554e+22 
1.2582090755e-36 
3.8238120293e-30 
9.1812099599e+37 
4.9356463849e+30 
5.5122860000e+06 
3.5162223386e+22 
-5.0807607096e-38 
2.5923757319e-33 
-7.8068023296e+10 
-2.7824973964e-32 
1.4800941224e-17 
-3.3121081697e+21 
8.1520766369e+26 
-2.4749773729e-05 
8.2438034769e-20 
-7.2320757090e-31 
-9.3001702400e+08 
-2.1244833984e+03 
2.9396884143e-02 
2.4935241072e-07 
-2.4546498672e+23 
-5.6949667969e+03 
1.9186447292e-27 
-8.3581449054e-12 
-5.0566760016e+21 
3.0211380619e-10 
1.5460602299e-04 
-5.4546036843e+37 
-5.1651783545e-11 
8.4013410000e+06 
-2.1276727676e+01 
3.6447221109e-12 
9.2838491973e-18 
-5.5499758435e-12 
9.4394070430e+30 
-2.3911981583e+01 
-2.8762826752e+10 
2.4196294843e-30 
-2.8327314914e-16 
-2.0032965112e-03 
6.4463735236e+32 
1.9003772778e-08 
-1.3184909714e-35 
-8.8975285543e-17 
1.5099697981e+17 
-2.8872704076e-15 
-1.5036761034e+15 
2.5270693750e+05 
1.4974544525e+01 
1.7688661788e+35 
-2.1332045019e-09 
-7.4256384867e-20 
4.3833575718e-29 
6.5131111854e+22 
-3.2340976368e-28 
2.6909524648e-20 
1.5041886246e+38 
7.6390781250e+05 
-1.0301549829e-20 
-3.1900091507e-38 
1.8276469039e-19 
1.1317092000e+08 
-2.5540434797e+30 
3.3586004088e-15 
-1.1441127375e+30 
-5.0325820669e-17 
-5.0829110000e+06 
1.3681265407e+30 
-5.4484598339e-02 
1.7596668984e-23 
2.5840503364e-22 
-8.4821429934e+36 
5.4253512445e-17 
-1.1265930897e-11 
8.4132398450e+37 
7.8298565203e-35 
-2.7022996471e-13 
3.6773296542e+26 
2.2908294256e+29 
1.5715962153e-31 
2.4409142185e+37 
-1.2802078926e+34 
-9.2478782285e-36 
3.9964098164e-07 
1.2059675093e+14 
-5.9112879036e-09 
2.1491222479e-19 
1.9816295803e-01 
-6.1513207966e-24 
3.2911873404e-07 
-5.4953602375e-04 
-4.8653651968e+10 
-9.0006619692e-01 
-2.3721230830e-24 
1.3092227041e+26 
2.5296523737e+31 
-3.6618457005e+34 
6.5507749067e+31 
-2.6688300682e-33 
-1.3787669465e-30 
3.4300307039e-09 
-1.3852635742e-36 
5.5338650942e-01 
3.4665973664e-19 
-1.4511997718e+35 
5.5677527523e+13 
-2.2643570574e-08 
-4.3257737160e+00 
-3.0924195424e-02 
1.0183955500e+14 
-1.2893445325e+11 
1.1280621482e-20 
9.2305046614e+30 
-4.2535098684e+27 
-6.4889212032e-15 
7.6743620435e+26 
1.5657383410e+31 
1.9118102048e-20 
-4.8976219759e-26 
-8.0066775000e+05 
1.7534839683e-13 
3.1592115760e-02 
1.2872864078e+28 
-3.3663859129e-28 
4.4015300274e-01 
5.6772917828e+15 
6.8138647461e+02 
3.3790621430e-29 
2.5699149511e+21 
5.3590017594e-27 
-2.2050404869e+20 
-1.0472164203e+32 
-1.4543783184e+17 
2.1773031450e+27 
6.2692278665e+13 
1.6191398222e-10 
2.1434673135e-35 
3.2476114861e+20 
4.5789095000e+06 
6.6586033398e-18 
-1.1001506396e+32 
7.8475108541e-37 
1.8819705173e+23 
-1.6010848094e-38 
-1.7109635401e-16 
6.0744568127e+36 
4.8118137146e-30 
-2.1982860613e+23 
5.5454668213e+14 
-2.2028860680e-10 
9.8071904654e-22 
-2.3037707099e-32 
-4.2972932034e-27 
-1.3891517252e+30 
-5.2833020176e+14 
-6.0955694626e-21 
-2.2898365125e+21 
-3.0931045037e+35 
2.1668355113e+12 
1.6103892188e+05 
-4.8720124387e+18 
1.0340296800e+08 
1.9897817612e+01 
6.5007559642e-23 
-6.2241730469e+04 
3.3550699641e-07 
2.1487767040e+09 
-1.1208789510e-04 
9.8732218918e+18 
9.6369337085e-23 
-1.5826041199e-25 
6.4756209070e-20 
-3.2620280108e+28 
2.1989782323e+11 
-2.8254238060e-08 
-3.7932776000e+07 
-7.5105505903e+13 
1.8260382789e-11 
2.1527329102e+03 
-2.7273498063e-17 
5.6717962500e+05 
-6.3014915425e+22 
5.0455808000e+09 
-1.4152766338e+19 
-6.0744565093e+28 
-2.5074638315e-36 
1.0885545961e+34 
1.1456135326e-05 
-6.8494301418e+27 
1.6867238400e+09 
1.3339751250e+06 
3.4017868069e-35 
3.7483414782e+31 
1.2989279257e+16 
-3.4580799667e+24 
-2.1391483188e-34 
-2.5549257500e+06 
-3.3194520354e+34 
-2.3911749632e+21 
-6.8530752437e+17 
-1.6203986481e-02 
1.5624947141e+16 
-1.5929511862e+16 
2.0166521534e-30 
3.6128634806e-11 
2.8473902820e-22 
4.4955427200e+08 
2.2653205313e-16 
4.4007904040e-33 
-1.0993210330e-14 
-1.2796567070e-28 
-9.4659160000e+06 
6.5588113365e+24 
7.3179716410e-14 
1.5335514738e-27 
-2.9313201085e-02 
-1.7250449623e-34 
4.8277878761e+00 
4.9832769999e-22 
-4.6383755166e+13 
-1.2566227569e-21 
-6.7304377898e+22 
9.3758991281e+33 
1.7120968532e-10 
2.3961731791e-01 
1.8797192866e-30 
7.8674704664e-30 
8.6119788052e+12 
1.2531836363e-20 
-1.1268362632e-10 
-5.5874145558e+25 
-1.6364350847e-11 
-9.3095501250e+29 
-9.8627464901e-31 
-6.2835921514e-38 
1.4645163311e+17 
1.8948393692e+37 
1.7312382000e+07 
4.3410105718e-05 
-3.3563768320e+09 
-2.9579376853e+37 
3.4718568144e+34 
-5.9980098666e-10 
2.4947517317e+34 
5.3143520209e+32 
-1.3333210415e+35 
1.2873640317e+27 
-2.3002439900e+24 
