2.3509887016e-38 
0.0000000000e+00 
0.0000000000e+00 
0.0000000000e+00 
0.0000000000e+00 
0.0000000000e+00 
0.0000000000e+00 
3.5873240687e-43 
0.0000000000e+00 
0.0000000000e+00 
0.0000000000e+00 
0.0000000000e+00 
0.0000000000e+00 
0.0000000000e+00 
0.0000000000e+00 
0.0000000000e+00 
0.0000000000e+00 
0.0000000000e+00 
0.0000000000e+00 
0.0000000000e+00 
0.0000000000e+00 
0.0000000000e+00 
0.0000000000e+00 
0.0000000000e+00 
0.0000000000e+00 
0.0000000000e+00 
0.0000000000e+00 
0.0000000000e+00 
-4.4236203410e-34 
7.1746481373e-42 
0.0000000000e+00 
0.0000000000e+00 
0.0000000000e+00 
0.0000000000e+00 
0.0000000000e+00 
0.0000000000e+00 
0.0000000000e+00 
0.0000000000e+00 
0.0000000000e+00 
0.0000000000e+00 
0.0000000000e+00 
0.0000000000e+00 
0.0000000000e+00 
0.0000000000e+00 
0.0000000000e+00 
0.0000000000e+00 
0.0000000000e+00 
0.0000000000e+00 
0.0000000000e+00 
0.0000000000e+00 
0.0000000000e+00 
0.0000000000e+00 
0.0000000000e+00 
0.0000000000e+00 
0.0000000000e+00 
0.0000000000e+00 
0.0000000000e+00 
0.0000000000e+00 
0.0000000000e+00 
0.0000000000e+00 
-1.3561953862e+38 
-1.6006085873e+00 
-4.7787051332e+18 
-1.8933131900e-16 
7.9936684139e-38 
2.0553055231e-20 
-9.0058261605e+31 
1.5761269064e+12 
3.4649064318e-15 
-1.4347977600e+08 
7.1095350000e+06 
-4.1384928790e-35 
-2.2929260087e+27 
7.3556934514e-26 
1.9531326904e+03 
2.0398152385e+21 
3.1580472374e-28 
-5.8343316711e-36 
-2.0615004673e-26 
-1.0892264404e+03 
-1.2480419963e+24 
2.1485656474e+12 
5.4885688521e-31 
-6.5331857727e+28 
1.6662559394e-14 
-2.5910700847e-38 
-2.3966901467e-17 
1.0634818468e-31 
1.2445160564e-06 
5.4729057617e+03 
-2.8647288928e+18 
-1.5273393868e-27 
-5.7598573933e-16 
5.0357873552e-03 
-3.1637311768e+38 
-1.0838046908e+21 
-2.4614460803e-28 
-2.0496012091e+15 
-3.3283841610e+00 
2.0991423027e-23 
6.5008604900e-28 
-4.7729888420e-36 
-1.3174335000e+07 
-8.7272834207e-05 
-4.9549396348e-28 
-2.0385455915e-16 
-8.5514152527e+01 
3.1285232921e+25 
1.2371061899e+14 
7.7886898377e-38 
-2.2253538132e+01 
-1.7439977351e+19 
1.8242765357e+17 
8.8617464000e+07 
-2.6679866880e+09 
1.1460269850e-32 
-2.6463534946e+28 
-1.6191077120e+09 
-3.2151601449e-25 
-7.6836379037e-08 
8.2670741354e-19 
-2.2026997219e-33 
6.5015488350e+16 
6.5218395090e+34 
-6.6748320146e-36 
-1.3583368263e+33 
-2.4603445073e-17 
6.3308036130e-24 
6.8654619767e-09 
-2.9859346151e-01 
-3.2700226719e-35 
-5.0657682942e-26 
-1.7101480582e+27 
5.8296623275e+18 
2.8573774893e+17 
-1.1267184525e-34 
4.0433229152e+35 
-1.4179920349e+32 
-3.7175041199e+01 
-3.3063108276e-05 
-2.2375662026e-38 
-2.6522409542e+37 
1.1327356830e-08 
-6.4441475283e+24 
2.8384195283e-26 
-1.6998907881e-07 
3.0820333267e+37 
3.4024397210e+11 
5.8382174095e-11 
-3.0596034776e-05 
-1.2492593373e+24 
-7.1949401503e+36 
9.5356127319e-20 
-7.5373567452e-29 
-1.6437245126e+24 
-1.9647711888e-02 
8.6052382997e-09 
-2.3294712144e-35 
-4.2219784372e+13 
-4.7655660641e-32 
6.2630429614e+22 
-1.0818232805e-15 
-5.1451686400e+08 
-1.9081742721e-05 
-2.3569694519e+01 
5.8806583365e+19 
1.9289828197e-04 
-7.6101804366e+34 
2.4247680686e-12 
4.3687596032e+10 
-4.4918031360e+09 
-1.8364097489e-30 
-9.6336881879e-35 
-1.2397046589e-07 
2.6326218912e-37 
-1.0458509249e+18 
9.1686364613e-05 
-9.5836772919e+00 
-6.6953113302e-36 
5.3570553600e+08 
7.8463656009e-37 
3.1075761380e+26 
-4.9752622999e-07 
9.1299966143e-16 
7.4329067717e-35 
7.7094724402e-03 
5.7751433351e-36 
1.2061925376e+11 
3.4339046780e+29 
5.0977672285e+28 
-1.8863375957e-34 
-1.9243626263e+33 
-1.0268137698e+14 
-3.9191679606e-33 
4.9616742188e+04 
1.8967953945e+24 
2.8132199375e-20 
3.0648476942e-38 
7.3015078428e-09 
1.0070810110e+17 
-6.1963659668e+02 
8.1684301250e-13 
-2.3271318400e+08 
-6.8152064614e-07 
6.9410045997e-38 
3.0273932911e-35 
-2.0657006287e+23 
1.9687375893e-27 
-5.9385763840e+09 
-2.4287578526e-06 
-1.5701097517e+37 
-5.3865550075e-34 
8.4374415431e+33 
3.1529349108e+27 
3.5257109581e+30 
1.2538231369e+19 
-2.5344421474e-26 
-1.4424264009e-05 
2.7274148306e-04 
-7.7577443471e-37 
-2.2990174209e-09 
1.6095953644e-14 
-2.4640666238e+22 
3.6259030832e+26 
-1.3892996695e-22 
-3.5045382646e+26 
1.0701928348e-18 
-2.3275867345e-10 
6.8712419640e-24 
-2.3267222400e+08 
-6.5245091548e+25 
-1.1951636418e+19 
3.3859631222e+20 
-3.1420224722e-34 
-5.2125146613e-03 
-1.5932868540e-34 
-2.7708841799e-07 
5.0230398178e+00 
9.2306854699e-33 
4.7348001075e-09 
1.7363923689e-05 
-6.0890002115e+34 
2.1662614813e-07 
-2.9841507785e-03 
-2.4076605332e-22 
-1.6123242080e-24 
-5.4041873469e+30 
4.9964159806e-28 
3.7352240532e-17 
-8.3206592266e+12 
-3.2827922590e-31 
-1.0485914564e-28 
7.1628071368e-02 
3.2728800816e-14 
-3.6818787865e+29 
-1.1348178121e-14 
-4.6809560793e+36 
-5.1201849838e-20 
1.8782227471e-06 
1.4658519958e+13 
1.2627375724e-20 
4.6348890020e-32 
1.6924195466e-19 
1.3315101178e-22 
6.0207934437e-34 
-5.1762385056e-36 
1.7832815134e-27 
-2.6416419074e-02 
2.6976663802e+25 
9.6966259181e-02 
6.0969972537e-07 
-4.4745145367e-09 
-6.1310052566e+23 
-1.0875994669e+37 
9.4879055723e-09 
-4.6941487290e+22 
-2.4200664318e+13 
-1.4838993549e-02 
8.1883072853e-03 
5.0719411405e+11 
-5.5424062500e+03 
9.5104003906e+01 
-3.7767834302e+26 
4.1822029296e+14 
2.5588956554e-37 
-1.9460525513e+00 
1.2052192577e-11 
5.4469011200e+08 
1.3849308498e-36 
-4.2396960162e+13 
-4.3529208210e-32 
3.5240506880e+09 
1.2648264286e+31 
1.2278685016e-33 
4.2289495468e-02 
2.3737179869e-35 
-8.0249786204e+12 
3.2613336907e+30 
-4.2827649160e+18 
-1.3487351680e-07 
2.8548308180e-24 
-4.0666253597e+14 
-4.5230475181e-15 
1.2805219103e-18 
-1.4066178777e-12 
-2.9635399806e-19 
1.3596969111e-29 
1.8977905273e+01 
-6.8299854661e-10 
-3.5911026868e+13 
-2.3848057212e+37 
-1.0113541932e-26 
4.7400941982e+34 
2.1860447693e+02 
-1.1902078681e+18 
1.1188374997e-36 
-1.5113233424e+37 
-7.2566884534e+30 
-5.2175451113e-20 
1.1253166554e-38 
-1.2788391113e+01 
-8.5151135479e-22 
2.6332766170e-32 
-5.7872509640e-30 
-4.2968357361e-23 
-7.6510988109e-25 
-4.4620666504e+00 
6.1597720021e+17 
-1.7809960991e-04 
-1.9818981692e-34 
-1.0323450324e-23 
6.7246437538e-06 
-6.6384005702e+27 
1.2821555200e+08 
-1.2940311432e-01 
6.4605046646e-07 
1.4673545957e-03 
-1.3695621490e-01 
7.8637540923e-10 
7.0395201176e+15 
-7.7976305661e+25 
-1.1231202315e+19 
-4.3970690977e-10 
1.2685072380e-20 
2.2325531582e-28 
-1.4430104164e-31 
-2.4933792481e+12 
-1.0059337390e-35 
-5.0385660150e+12 
2.2767914319e+36 
-5.3437330820e-15 
3.5242256629e+27 
-3.2706883492e-38 
-1.1600247429e-09 
3.9442184057e-14 
-5.6831113994e-02 
4.8725113279e-34 
1.8769724993e-03 
-3.8252341309e+03 
7.8560662076e+36 
-2.6213795579e-08 
5.1771664882e-16 
-7.2948843816e-16 
2.0145129417e-29 
-2.6974433051e+14 
1.8184619402e+19 
-4.8757068444e-36 
-1.4300929136e+24 
6.0762629509e+00 
-9.7785540771e+02 
2.2699293028e-37 
1.0976186523e+04 
-5.1586746094e+04 
2.5277975707e-18 
5.4160839837e+17 
-3.5184391259e-15 
3.4647899099e+34 
-2.7574432645e-26 
-1.0897507586e+31 
-1.3463003551e+20 
-2.1241161318e+13 
-6.4281260848e-07 
-8.7601944070e-34 
-4.1304339538e-04 
-1.0116824712e+37 
-2.2275038988e-38 
-3.1916520899e-25 
4.7706044304e+24 
8.5346059799e+00 
9.7089761496e-01 
-6.5127469548e+12 
3.6847747079e+31 
-4.5612904429e-01 
-7.8817992509e-35 
-5.1203907539e+15 
-1.4778140124e+31 
2.3378727958e-02 
2.8082341309e+03 
-2.5350682068e+02 
8.3855925736e-19 
-6.1231262720e+09 
-3.9162941011e-13 
-2.0346993745e+30 
3.7919189159e+14 
-1.0914713471e+30 
-3.9739502589e+28 
-2.4647043645e-01 
-6.2402632136e+35 
3.3217375109e+12 
-1.4332670157e+33 
-2.3719873047e+04 
-1.0138200365e-13 
-9.7466083195e+33 
2.8905209823e-11 
2.2500506876e+24 
6.7118958214e-06 
1.8241721966e+30 
-3.8043791398e-24 
-1.2349061329e-08 
1.0916706281e+16 
-2.0794523345e-23 
1.0203710327e+03 
-1.8581418527e-36 
1.5550764799e+00 
-4.5294395782e-23 
-1.1968937906e-04 
-3.7881742188e+04 
6.7806505029e-22 
6.7558486794e-37 
-1.9855831146e+01 
1.1472928496e+26 
-3.8134393825e-37 
-1.5890841421e-10 
2.2211180557e+37 
1.7736064764e+15 
-6.3221403878e-19 
-2.9860244831e-04 
-5.8324735952e+37 
-1.6001726464e+10 
-3.7378416016e+34 
-2.4817330829e+26 
-2.6903515000e+06 
-8.8207624117e-38 
-4.9216827163e+13 
-8.7799442182e-32 
3.7962520682e+15 
-3.4351090744e-22 
4.6338814172e-06 
-4.5407398273e-30 
3.8193432859e+28 
5.5221933508e-30 
6.2560004919e-13 
5.3136046827e+36 
-1.4027809570e+04 
-1.6147776814e-14 
1.1267192476e+35 
-6.2201750417e-09 
8.7240860369e-11 
4.3251755016e-35 
1.0931578776e-32 
-7.6510302734e+03 
1.1882938027e+14 
1.0381541214e+38 
-2.9005252577e-31 
8.6289659862e-08 
6.0357187500e+05 
2.4710841465e+26 
-3.3066690704e+19 
7.4940291578e-22 
1.9716378301e-02 
6.2790210261e-36 
1.3666111627e-16 
1.7991369600e+08 
2.2095133284e-38 
7.3528485315e-20 
-1.3511084057e+37 
3.0964320000e+08 
1.2032653699e-27 
3.5387904783e-31 
-6.0942461714e-03 
-1.9992814487e-05 
1.2295469284e+01 
-4.6711801600e+08 
2.3066905314e-27 
2.3222704888e+37 
-2.3739838507e-34 
7.2189545233e+36 
-8.8747401355e-13 
1.4448482102e+22 
-3.4836935167e-16 
1.0049741686e-29 
1.2036643163e+15 
1.6737367491e+12 
-9.5869424000e+07 
-8.0043901107e-05 
-1.5559610202e+22 
4.0706949579e+34 
6.2173250792e+16 
2.8270193735e-34 
3.8724751183e-10 
-4.5878022909e-01 
1.1150651469e+23 
1.4569058695e-23 
-1.5928624000e+08 
-4.4156083966e-18 
8.0713497969e+12 
1.5518064463e-16 
-1.4229432325e+28 
-1.5488548699e+34 
-2.1265776367e+03 
-4.7248382554e+20 
-4.2996265830e-26 
3.3835308516e+25 
4.9259519503e+19 
1.1750212545e-35 
8.0459930107e-37 
-8.3156779008e+10 
-8.8620060978e-07 
4.2692359748e-17 
-3.6200850886e+37 
-1.1693863352e-32 
2.0962779865e+36 
-3.0574550200e+24 
7.1817386150e-01 
-3.2006983757e+00 
-7.9687261972e-27 
7.7930550000e+06 
1.1003485996e-38 
-1.7680692573e-15 
-3.2950614753e+12 
-3.0079833744e+23 
-7.3130090260e+22 
7.8131951754e+34 
1.3075444134e-28 
8.3391446535e+24 
-1.2922583148e-02 
1.4345890557e-18 
-5.1735504764e-19 
2.1110280950e-13 
-3.0851825664e+11 
2.0953455152e-23 
1.9782850263e+18 
-2.0608719176e-09 
1.5316621284e-04 
-2.6667790135e+26 
8.6407395839e-22 
2.4153961031e-14 
-2.0098324051e+32 
-4.0204130374e-24 
-6.9934969031e-27 
2.8163099874e-28 
-2.2207713633e+22 
1.1197624728e-02 
2.5859242450e+19 
1.3768433892e-35 
8.9519849773e-36 
-1.2875571659e+13 
2.2007909954e+18 
-6.2022252745e-21 
-1.5267006409e-11 
-1.4933669123e-37 
-8.2554484375e+04 
4.0030186120e+16 
1.9623792171e+00 
-7.1274398579e-06 
-4.9142238889e-11 
-1.7641470453e-38 
-5.2800255615e+15 
-1.6792020855e+19 
-1.8539959720e-17 
2.1781260316e+30 
-2.1567630541e+11 
-1.6759599360e+09 
-3.2229912500e+06 
2.2691080263e-32 
-1.5546872052e+21 
-7.1933091911e+37 
-1.8302971610e-38 
5.5006709835e+14 
-3.2417972224e+11 
1.8858947379e+11 
1.9847699019e-32 
-5.3688901632e+10 
1.1345019283e+31 
-5.5916732788e+01 
1.5715042917e-30 
-1.4774367232e+10 
6.0170070315e-11 
-3.2041880050e-29 
-4.4719072321e-05 
3.0007734895e-01 
-1.1043560145e-17 
-2.6686241627e+00 
4.5260462141e-23 
-6.2605832382e+15 
5.9329903983e-16 
-1.0307259604e+19 
-5.1864544940e-19 
1.3741177972e-03 
-1.4094608147e-08 
1.2772204496e+38 
-8.5209893823e+26 
9.0597566853e-24 
-1.2006635686e-08 
1.4428799612e+20 
8.2027789031e-23 
2.4431605339e+00 
2.2938437120e-28 
-1.4043396663e-29 
3.7261196814e+14 
-4.0103641812e+30 
2.5179619887e+21 
2.7500183944e+37 
-1.3728590637e+35 
2.0808862451e-20 
-9.4016537070e-02 
5.3904665721e-20 
4.8722974956e-02 
9.9457320175e-05 
5.3222485974e-08 
3.0373517745e-22 
1.5217496875e+05 
2.2261995652e+32 
4.7212010505e-14 
-8.9939713735e+29 
-1.2375226016e-31 
1.7149248143e+12 
2.3522504489e-04 
-3.3010121117e-37 
3.2916102409e+00 
-8.4262229340e-22 
-1.0487836896e+23 
1.0318740430e-24 
-1.8334835052e+01 
-1.1699376628e-02 
-3.4154537715e+16 
-2.2803096875e+05 
-1.3169969257e-27 
-5.3834514432e+11 
-2.6045287959e-03 
-3.8454008000e+07 
2.6101513880e+33 
2.6298491539e-28 
8.7948889600e+08 
9.9331302490e+13 
8.3476466324e-21 
-2.5103764329e-21 
1.7203577934e-34 
1.1881766841e-02 
-9.0350340962e-18 
-4.7065694291e+26 
-2.2965524292e+02 
-2.4080928802e+01 
-4.2636024000e+07 
1.9418696875e+05 
2.6401322392e+23 
2.4224672244e+35 
-1.8607573021e+23 
-1.0504677398e+17 
2.7806452405e-30 
-1.7777609401e-38 
2.4524128388e-12 
-1.7409687702e+37 
2.2285398585e-19 
7.4442922444e+28 
2.5786443419e+14 
-3.0778315652e-39 
1.1032643174e+11 
-1.3730658509e-24 
-8.2065590000e+06 
-1.7809860439e-14 
-1.1457692772e-29 
-1.8087687372e+33 
-8.7999824533e-18 
-6.4982758195e+11 
-1.7287113587e-04 
6.1127038964e-15 
-1.0042068395e+20 
1.5894426704e+17 
-3.1771793750e+05 
5.7843923569e+00 
4.1728887055e+25 
8.7438501837e-38 
2.2967979908e+00 
7.3703188148e-34 
-1.3110434570e+04 
4.3777629476e-26 
-5.8595615931e+35 
            nan 
3.9802679778e+37 
-2.6395553377e-17 
-3.2404725251e-29 
2.4156874365e-20 
1.9934028793e-32 
2.4306207771e+16 
7.0454552628e+31 
4.8783256876e+22 
-7.3052647265e-10 
-2.8062714390e-34 
-1.2512231871e+16 
1.0510353933e-37 
1.6379592000e+08 
-1.3655059570e+04 
-1.1188331635e-25 
-8.6243184742e-16 
-9.8054977134e-03 
-1.9715070084e-04 
8.4862209857e-02 
-8.0446145814e-37 
-8.7431343170e+31 
-2.4556074050e-32 
-3.9808001709e+02 
-3.7398369750e-04 
6.3774772326e-28 
3.9310783339e-31 
-2.3093643770e+32 
6.3640103937e+36 
-5.1541464177e-23 
8.4828166229e+37 
-1.5678375727e+29 
-1.9205208868e-02 
9.9842785448e+16 
1.8545357500e+06 
-3.0792450924e+23 
-5.8375228137e-31 
8.3113949056e-10 
6.5627298532e-26 
2.1866445511e+38 
-9.8189754849e-35 
-5.3151260701e+18 
-9.0624325565e+35 
-1.2451376327e-29 
3.1968793164e+25 
5.4372124443e-30 
-1.4992607727e-27 
7.3346453877e+36 
2.0893174188e-22 
-2.8261056689e-11 
-8.4271292391e+37 
-1.1383413800e+32 
-1.0274615891e-19 
-1.0018937448e-13 
1.3153736786e+26 
3.2090928326e+29 
-8.7952239687e+29 
-3.9740924729e-18 
2.3199311633e-38 
8.1110270299e-18 
2.4302174617e-21 
-3.6674199552e+10 
5.5034687731e+26 
-9.5047253418e+02 
8.4946540000e+06 
-9.2447565391e-36 
5.0031325348e+12 
9.2157235581e-25 
-1.4716879621e+30 
4.3325439276e-20 
-1.8821163404e+38 
-8.1149732282e-28 
-1.3034448438e+05 
2.6013726711e-06 
5.0863686590e-17 
2.8661416445e-21 
-1.5915383062e-34 
-3.3959160000e+07 
-5.6783019318e-06 
8.9001436062e+32 
1.8689005336e-20 
-9.2694693912e-26 
1.6357168386e+25 
-7.4415809886e-13 
6.0109611511e+01 
-3.9996135666e+31 
3.2448527199e-10 
1.0564468801e-01 
-9.8567038975e-09 
-1.8181276973e-03 
-4.2147615886e-07 
-1.6182427147e+31 
-4.8909715200e+08 
-2.4680312103e+27 
1.8568344085e-10 
2.3860776367e+03 
2.4919835000e+06 
1.6102708875e+36 
4.2569252504e-32 
-2.9354844173e-06 
-4.3000995914e-26 
1.0270185600e+09 
2.2592191942e-15 
-1.3044658351e+17 
5.1813620000e+07 
-4.7083945004e-33 
1.7774120569e+00 
-4.6702210412e-17 
-1.4386945384e-34 
            nan 
6.6504468750e+04 
5.3918873983e-27 
-1.1109219962e-14 
1.0984697438e-27 
-1.0205868792e+16 
2.2956146240e+02 
-8.3356788966e+37 
-1.0943394816e+10 
-5.7789604512e-18 
3.7543397753e-13 
-1.6350150913e+23 
-1.5693036250e+06 
-1.8435231676e-24 
-1.0120641759e-22 
-6.8774374995e-06 
4.2949408371e-38 
-9.4638563588e+30 
2.9682150071e-08 
-4.0681348626e-31 
4.7276209614e-08 
-1.2649345460e-10 
4.4626482636e-25 
-2.3668596327e-07 
9.6684253892e-15 
2.9586745380e-12 
4.6139729250e-18 
6.6864847782e+13 
1.8227139640e-34 
-5.0798570140e+20 
2.9543819910e-36 
-1.4472252471e-14 
-1.3314000510e-12 
-2.4702394452e+17 
8.3019508932e-33 
1.0396783512e+21 
-5.2268242360e-21 
-2.2322139538e-28 
-3.3243544945e+12 
2.0687506540e-16 
1.0478844108e+23 
-6.2264087574e-35 
-3.0623793288e-16 
1.1994102388e+33 
-1.4410603356e-34 
2.6876693185e+13 
-1.0023278566e+18 
1.0127433633e+23 
1.7477828841e+26 
4.9246488860e-37 
7.3041692110e-19 
-1.0549281934e-11 
6.3695172980e-16 
7.8043863040e+09 
8.5026371721e-08 
2.4091822461e+35 
-2.9473763328e+10 
-1.2187006976e+10 
-8.8800277710e+01 
7.0984056219e-03 
5.0330742188e+04 
1.8493255152e+37 
-2.0813371094e+04 
-2.2763925504e+10 
4.9391043451e+14 
4.9171141126e+14 
-1.7888081610e-33 
1.3643163747e-13 
7.8375836637e-13 
3.6031759798e-09 
8.6599696503e+30 
2.8255210082e+15 
1.8048031720e+27 
-1.4433926468e+22 
2.1259869606e-33 
2.8583613208e-38 
-6.8617194439e+13 
-5.1376177336e+14 
-9.1530303069e+33 
-1.0641789147e-22 
-1.2616764144e-21 
2.5188757504e+10 
-1.6936806247e+16 
-4.9266554666e+27 
-4.1274848298e-38 
-1.7404742578e-32 
-1.5882166187e-24 
3.1282284279e+34 
1.6906644305e-05 
6.6367934821e-18 
-3.4554827835e-06 
1.3494662563e-17 
1.1438044434e+03 
-1.0409085186e-15 
-3.9114486650e-10 
-5.9799819145e-31 
2.5858177320e-23 
1.5690089334e+21 
-1.9285406210e+37 
1.0558153534e+02 
1.1137989731e-07 
-4.7972189350e-05 
-2.6394722983e-02 
-2.3230162915e-03 
6.0898825436e-27 
1.1779452038e+17 
8.8889289679e-37 
1.6956585463e+30 
4.0798355697e-16 
-2.8798103436e+22 
-4.6364445574e+22 
-5.7978237322e-08 
-3.0084650765e-22 
1.1910086306e-36 
1.0946728690e+13 
6.2508988609e+24 
2.2822294402e-11 
5.6244668136e-31 
-5.1593107160e-15 
4.1529851077e+21 
3.0254855680e+09 
-3.6561773732e-36 
-3.3633491354e+11 
8.5914395369e-36 
3.4344968536e-10 
-1.0578015683e+17 
1.2488280830e-38 
4.9119153189e-11 
-1.4499026979e-12 
-7.4372844887e+25 
-1.2882924450e-19 
-1.0374533642e+38 
6.3123117844e-12 
-6.4256655552e-12 
-6.0585346183e-35 
-1.9459700000e+05 
6.0858251891e-32 
-8.5185636342e-21 
5.4075611843e-05 
6.9370544626e-30 
4.6068157644e-06 
-2.3985519122e-34 
2.0656845271e-16 
-1.1147835645e-26 
-7.9053207397e+01 
-3.1386165236e-22 
3.8251926989e-20 
2.8055566336e+10 
-1.2470490904e-19 
2.0308977476e+25 
7.3492567587e-09 
3.3942437670e-15 
6.2464955000e+06 
2.1722964614e-14 
-3.5798360477e-04 
-1.7111716815e-32 
-6.6094570337e-21 
-3.2685495976e-10 
-3.8984478332e-29 
-8.8288292849e+33 
-4.3089100718e-01 
-7.8753889876e-28 
4.7518940238e+28 
-4.2769066230e+14 
-4.7021721135e+36 
-1.0498317033e-20 
-8.6271816357e-09 
2.3235142638e+33 
-1.2846783000e+07 
-2.4614776340e+14 
-4.7968935936e+10 
-5.1630692024e-27 
2.4586795917e-05 
5.7742897987e-32 
3.6092280931e+16 
-9.1685820932e-27 
2.1400724965e+25 
1.4009084623e+32 
-6.6089440918e+02 
-1.6834551236e-28 
-5.7289220142e+16 
-1.1405598985e-34 
-2.6881318308e+34 
-6.2764934105e+33 
3.2922432139e+20 
-5.5506124868e-19 
5.9634127059e+29 
-1.4943964247e+30 
-4.4978196224e-21 
-1.1810559587e-36 
-6.0985698269e-08 
-5.1088341092e+36 
1.4135832754e-25 
7.8822428297e+26 
8.2000480652e+01 
-1.5959522683e-15 
3.8043313714e+14 
-3.7748412050e-32 
-8.8854519025e-26 
8.2326265990e+15 
-7.6870254592e+11 
3.4723097600e+09 
-6.6995607430e+18 
-1.9281582726e-15 
-8.1930519138e-17 
-4.0093170742e+15 
-1.2373644395e+30 
1.1749138184e+03 
8.9362488787e-18 
2.0627503102e-20 
-1.4249845881e-27 
7.0258560911e+23 
1.0095261037e-01 
-3.7061240197e+20 
1.6927729479e+38 
1.7991104256e+19 
-9.0656221103e-16 
2.3303155712e+10 
8.3344778561e-13 
1.4812688819e+19 
1.2647102992e+32 
1.4906797409e+01 
5.6020013988e-02 
8.0242523381e-07 
-8.7184584313e-37 
9.9750060224e+26 
-2.5312493778e+14 
1.7137136934e+23 
4.3773674011e+01 
-1.0134294101e-22 
2.2058539123e+34 
-3.0675707967e-04 
1.5490763974e-24 
-6.8540857174e-03 
2.7709335138e+38 
-7.9187739104e-16 
-4.4258394221e-23 
1.5630663111e-30 
-1.6279675208e-07 
3.5775681334e+31 
6.2140004246e+36 
-2.4714070530e+31 
1.6091551106e-13 
5.1983323097e+00 
-2.5598038714e-26 
1.8939597408e-14 
-1.2490796389e-30 
1.2412464800e+08 
1.3097763555e-29 
7.2356161583e+20 
8.4125631100e+26 
-5.4293409300e+12 
1.1956171200e+08 
8.1277107016e+26 
1.6846329917e+30 
-5.2343758461e+28 
-1.8936237500e+06 
-5.2815030000e+06 
-1.8823500723e-02 
3.2794079550e+20 
-1.5459294434e+03 
-5.7606960754e+26 
-9.2390592000e+08 
            nan 
-7.1410978755e-34 
1.0904163264e+25 
-1.9322125912e+00 
-4.1261868319e-04 
4.0813373305e-28 
9.1230716964e-15 
-7.8034485248e+10 
-1.2567527771e+02 
1.6562941472e-38 
-2.0327009318e-16 
-2.4919496875e+05 
-5.8987772888e-08 
-8.9805096416e-26 
3.8524563252e-29 
-6.9530201196e-21 
-9.6477087936e-05 
2.7662202390e-11 
-3.0362925946e-38 
-3.3804030538e-13 
1.0827822278e+24 
-4.3677235051e+15 
-6.0574622736e-32 
3.5745061156e-29 
-2.9521276000e+07 
-1.0416796004e-31 
-2.6860866459e-18 
3.1008987378e-08 
5.3164200968e+23 
-6.3054273382e-25 
-9.9560043335e+01 
-2.9700634182e+13 
1.4753896875e+05 
5.1723510255e+23 
1.3249113233e+32 
2.3699350400e+08 
5.9577272534e-34 
-1.5787700986e+20 
-2.1355213749e+23 
8.5276995378e-05 
            nan 
-6.9191785634e-09 
-8.4140516776e-08 
5.7351052823e-30 
-1.5175627661e-32 
-1.9697049132e-32 
-3.1489245239e-11 
8.0754942670e-37 
-4.2323963165e+01 
-1.0622707277e-13 
7.8718346199e+12 
1.1168269167e-37 
2.4130181120e+09 
-1.7959035176e-05 
-3.1464683289e-12 
1.6438147501e-13 
3.3291627340e-33 
-1.4479505372e-09 
-2.6249157314e+37 
-3.4298557893e-25 
2.9953995965e+24 
5.2467997087e-23 
-2.6157101795e+36 
-3.1751092911e+01 
-9.2833673380e+12 
1.1667069979e-02 
1.1023341663e-13 
1.4244312728e-15 
1.9181358658e-33 
1.2444442227e-29 
2.4265051745e+20 
-3.6983020276e-27 
-2.4055930000e+07 
-2.7206619141e+04 
1.7048735917e-01 
-1.2655953876e+33 
1.5589184886e-36 
1.0105193481e+03 
9.0053091253e-30 
9.9888521066e-11 
-1.1957184556e-33 
-1.8123609280e-08 
-1.7403796250e+21 
-1.7565467321e+15 
-3.6794558963e-14 
1.9748004872e+37 
8.2261393877e-12 
-2.0671610000e+07 
-3.6026526429e-27 
2.0935419468e-13 
1.2470015873e-15 
6.1331552895e-21 
-1.2763566657e+18 
-6.8589014221e+11 
-1.7478895312e+05 
3.9670154572e+01 
-1.7416113988e-02 
9.4156803127e-23 
1.1576779067e+32 
3.5191916395e-03 
3.4269905629e+20 
-3.8579412953e+35 
7.5595052126e+35 
1.3604309570e+04 
-3.9184316236e+13 
-7.6715328782e-37 
-7.1956761774e+28 
2.4993014399e+33 
-9.5681460943e-32 
-6.4649943224e-16 
-3.9541809238e-38 
-8.1105934143e+01 
-8.6884137023e-20 
-6.9080663353e+14 
2.2630495312e+05 
1.2123227019e+15 
-5.2551916269e-14 
-3.0758571180e+29 
3.4683014510e+28 
4.1793772000e+07 
-1.5285108380e+29 
-6.1225239183e-22 
5.2795865457e-09 
2.0433693626e-10 
-7.8456413202e-36 
-3.6498422400e+08 
2.5598586653e-34 
-7.0698173901e-29 
2.3418363200e+08 
1.6241882169e-21 
2.7923730290e-14 
-3.8924307661e+12 
4.6071894509e-29 
-6.4895812813e-28 
-3.1549016419e-22 
3.3081265428e-05 
4.5910632038e+11 
4.7759165162e+24 
2.8846798727e-07 
1.5608636619e+33 
7.5323968206e-18 
-1.1338899852e+30 
-4.8681259184e+34 
-9.2568332777e+24 
-1.3037694660e+24 
1.2041688366e-34 
5.5807402532e-05 
6.2441052160e+09 
1.1715851268e-30 
1.2641260606e-30 
-3.7356243867e-21 
3.3896411769e-03 
-3.3275154807e-34 
7.4315307692e-31 
7.1059330439e+33 
-1.8927494121e-12 
7.7604181570e-06 
-4.7211454844e-31 
1.9305091990e-38 
-1.5794007160e+24 
5.3163504127e-16 
3.4048236084e+02 
-3.5278089903e-19 
5.5754501016e-10 
-1.0669545488e-13 
-4.8386993750e+05 
1.0362404209e+12 
5.5875779264e-13 
-8.8962073677e+14 
-3.1695359945e-01 
-3.2603336570e+38 
-3.4178791626e-15 
5.8247576974e-30 
-3.4391238193e-36 
1.4032483840e+09 
2.2689885001e-35 
-2.6846367914e-22 
1.4670973582e+36 
-1.1391128000e+08 
2.0274317706e-13 
-4.2618613443e-20 
4.1619402260e+12 
-2.0550996460e+12 
3.6448236084e+02 
3.5254691817e-16 
1.0694919154e-02 
-9.5067153117e-17 
-7.7828576237e+15 
6.3355624676e-01 
-1.0232984000e+08 
9.0726734542e+16 
-1.1909272000e+08 
3.3590043895e-03 
-4.9439742188e+04 
1.1660836233e-17 
3.4985552919e+28 
1.2976754524e+12 
4.4651976537e+14 
-3.8631951611e-05 
-1.7282426230e+38 
-1.3743001600e+11 
5.1007757387e+31 
-5.6481676438e-05 
-1.6269799514e-21 
1.6603061011e-20 
-9.2704634754e+28 
9.6126610735e-34 
-3.0671658768e+36 
2.1648314441e+31 
4.1784672852e+03 
3.2823536793e-15 
1.5646570622e-21 
-1.1454660721e-33 
2.6544790935e+27 
6.9879591003e-09 
-9.5764158000e-16 
-9.5416028988e+35 
3.8889055364e-26 
8.9310042651e-14 
2.9629268101e-04 
8.6669544082e+36 
1.3579639711e+35 
-5.3428759940e+28 
-5.1139812714e-17 
8.8162202835e+00 
3.9321280190e+21 
2.0950578619e-03 
1.6577642718e+25 
1.3561636963e+03 
2.8227893016e+16 
-4.8783341496e+17 
2.2583685977e+33 
-1.5273868203e+29 
-6.7780297852e+03 
5.6066048881e+26 
-2.2077775139e-28 
-8.2246375211e+36 
-1.4342464216e-36 
2.5652762114e-14 
8.9395111111e-32 
2.0004819222e-26 
-3.1916969008e+14 
-4.3050697233e-26 
3.6003021417e-28 
3.9648559991e-09 
-6.6640302734e+03 
4.4106297775e-20 
2.7417525924e-18 
7.6454583905e-05 
5.7410090497e-37 
-1.2222026325e+36 
2.2859388000e+07 
-2.2338465792e+10 
-8.8627079562e-16 
8.0888387500e+05 
-4.7321350601e-15 
-3.1947363851e+33 
-6.4622339055e-14 
5.9328563459e-31 
-4.6139592476e+27 
-7.8410939750e-06 
2.4516492752e-20 
1.3304370938e-08 
3.7844964713e+28 
1.8328914289e-22 
-9.5676988579e-22 
6.0904265165e+35 
2.6798647065e+22 
-1.8212574345e-21 
-1.2483179421e-11 
8.0499033457e-17 
-3.3312344706e+38 
-1.6656951198e+38 
1.6011424377e+23 
-3.5662150087e+37 
-2.4468391541e+36 
-1.8550298379e-25 
9.1329313522e-38 
-5.3181461299e+11 
-4.9037668778e-32 
5.8838670120e-19 
-3.4393343809e-34 
-1.1050957500e+06 
3.3013705979e-04 
-1.2692849168e+30 
1.0006274645e-13 
7.5257633692e-28 
8.8269652698e-10 
1.1926371497e-19 
-2.2266678300e+37 
-1.6894026361e-28 
-3.6303863525e+00 
1.8171452891e-34 
-4.9105862714e+32 
2.7829370880e+09 
-2.4444358834e+23 
-4.3302506324e-36 
-6.9203979453e-39 
4.6074909268e+14 
8.3316332800e+08 
-5.9554693168e-19 
-4.5833525319e-30 
-5.3137006432e+23 
-1.4520021511e-20 
-1.1104013675e-22 
6.3882391304e-21 
6.7230759722e-29 
-8.1502960305e-14 
5.0407915506e-31 
-5.5184382520e-26 
-1.3628517493e+16 
-5.9578936604e+24 
3.5450429513e+31 
1.6609790606e+34 
-3.8319988909e-17 
-9.8717637161e-23 
3.9271449999e-37 
1.2641304500e+31 
5.9194539244e+34 
7.8471184341e+20 
-2.1590456009e+01 
2.4549777663e-05 
-1.5427581203e-18 
-2.1867581073e+23 
3.0725912238e+28 
2.3963568704e+36 
-5.4516757812e+04 
6.2552410083e-13 
-5.9776384000e+09 
3.5443199004e-37 
2.3171306512e+23 
-3.1231030708e+21 
-1.0401176964e+36 
1.2007799588e+27 
7.4389379072e+27 
-1.0262205588e-35 
-1.0720212985e+29 
1.0494881696e+36 
1.4889887840e+38 
-7.2503387279e+25 
-7.7704724390e-04 
4.6022906902e+37 
-5.5754669815e-14 
-1.8672181205e-29 
-8.8770354201e-29 
-4.8253948460e-28 
9.8294419334e-37 
7.6149603658e-14 
-3.0441885349e-31 
-1.1324987614e-09 
4.9854960317e+15 
-4.2156425524e+37 
-3.9176182747e+00 
-1.1432630750e-18 
5.1725475840e+10 
-2.4329632696e-32 
-4.8835322266e+03 
1.9629275534e+33 
5.7796027977e-04 
-1.8540120800e-04 
-1.7711785879e-23 
4.0683784000e+07 
-3.1314676652e-39 
-2.7743762499e+18 
-2.3302100433e-22 
-4.8408649746e-26 
-1.2266450781e+05 
-1.1618650352e-15 
-2.8085716992e+10 
8.8158273048e-19 
-5.3993908134e+22 
1.1091530323e-02 
-1.1787143329e-36 
2.1307789807e+27 
4.5028250082e+21 
4.5599559684e-08 
1.0672806948e-01 
-5.1524155000e+06 
-3.8854845771e+15 
8.1732021731e-15 
3.0423196282e-19 
8.4879489970e-34 
3.3841861519e+17 
3.2026745118e+18 
-1.2666109683e+36 
-6.2063448710e-16 
-2.3882930252e+29 
4.7779486084e+02 
-3.9277106241e+32 
-1.0477016324e-20 
-1.5221885935e-33 
-2.9453984500e+35 
-5.3655284481e+26 
5.8937809784e-17 
-1.6482685262e+14 
1.1748685421e-36 
1.4583812605e-29 
3.2328109289e-35 
-1.3749647360e+10 
4.7735403670e+35 
-1.0595418247e-14 
-4.8445440272e+33 
-1.2221126646e-20 
-1.7598557500e+37 
-2.1340038885e-17 
3.1078878213e+38 
-6.9024741554e+31 
-4.4264811329e+29 
2.7164213867e+03 
-9.1258865375e-27 
4.3569823902e-05 
5.2338825626e+11 
-2.1095707350e-28 
-3.6975977375e+25 
-1.6428540800e+08 
-6.9722350116e-10 
3.5908870996e+13 
-2.4270404344e-14 
2.3929968449e-27 
1.1850038465e+20 
-2.7205871094e+04 
-1.3252605029e+37 
-1.0299597296e+32 
-1.8842253941e+36 
-1.8693116482e+25 
5.2149207175e-10 
3.6938367350e-29 
7.3864310547e-22 
-1.5069168183e-36 
-4.6986273444e-27 
1.3363527917e+26 
-2.3200849378e+32 
-2.5145587642e-05 
8.0636582992e+18 
1.7641867005e+16 
1.9886168213e+03 
1.5311268919e-09 
2.7439435144e-05 
1.8572226247e-25 
-8.0733799722e-19 
-4.2186850696e+30 
1.6676555388e-03 
5.0714129857e+30 
-1.0125836513e-36 
4.9352359270e-27 
-7.9936581850e-01 
3.0171240102e-25 
1.2322273174e+34 
6.4738407125e+16 
1.8906344604e+02 
2.7366587892e+13 
5.1491961512e-28 
1.3023063875e-32 
8.7150863647e+01 
1.3715457366e-36 
-7.0534052734e+03 
-1.2414648438e+05 
1.1946267443e+11 
-6.7609837279e-03 
-1.0524741685e+20 
-2.6171679674e+19 
6.4674380760e-14 
1.1078714494e-15 
-6.5980643171e-08 
-1.0878949796e+20 
2.3845921765e-11 
5.4335834676e+25 
4.1748635000e+06 
-2.4695540778e-03 
-5.8343086080e+09 
-6.1620879439e+33 
-4.3245987639e+24 
-4.4366750717e+00 
-1.7087448431e-16 
-5.1178786156e-17 
-2.1201761117e+15 
3.7013912201e+01 
-6.5535636902e+01 
2.8166606920e+14 
1.6222193182e+18 
6.6443150037e+22 
2.9744155853e+12 
2.4205252887e+14 
4.5361628532e+00 
7.1340744805e-33 
5.5494200048e-23 
-4.3990369886e-02 
5.0154592037e+35 
8.4830592894e-22 
-4.8703161572e-22 
3.9143263630e-10 
-1.1566633160e+27 
-2.0636078899e+11 
-5.2816283225e+14 
7.1463878267e-03 
3.4588002608e+34 
-4.0539302826e+01 
-2.3855733161e-04 
-1.3705791000e+07 
5.6933276975e+13 
9.2338705165e-29 
1.4075475811e-12 
7.6009682074e-16 
9.9070496221e+29 
-5.1585763693e-01 
-2.0436629406e+26 
3.1781715418e-38 
-1.9195604182e-05 
7.6602990739e-03 
6.6774952960e+09 
1.1718414724e-01 
7.1295372800e+08 
9.0361589739e-12 
4.0037588178e-07 
8.1037071856e+17 
1.3253317448e+19 
4.4790798309e+17 
3.5167321895e-28 
2.0026312622e-16 
5.8754064384e+10 
-1.1647649584e-15 
3.3696803840e+09 
1.3622717045e-31 
-2.1681735229e+02 
-8.5855308973e-11 
-7.9640074091e-07 
-1.1322404110e+13 
-5.3137684869e+34 
7.9569761890e-10 
5.1270972734e-21 
-6.0207352000e+07 
2.6244385292e-18 
-2.2962203979e+02 
-3.8832606515e-04 
3.0471283016e+14 
-5.8756274035e-32 
-1.1209887937e-31 
-8.1453659356e-32 
5.2816970219e-23 
-3.3838127136e+01 
-8.2154278061e-05 
-9.3209800009e-36 
-2.0424873916e-15 
1.4762282074e+38 
4.3761628866e-01 
9.7325468573e-08 
6.7869057105e+15 
-1.7495837338e-28 
-1.8828667214e+33 
-3.2937210015e+19 
1.4315870972e+20 
-1.4854795520e+09 
-9.9999412734e-17 
4.0167021260e+29 
-6.0009891516e-25 
3.5560298196e-12 
1.0240489631e-15 
1.2441966683e-01 
-4.7273057699e-01 
4.7469981022e-33 
-6.7979985790e-13 
-4.4294641780e-35 
4.3926745198e+31 
1.3158738892e-16 
-1.4121791030e-25 
5.9821453642e+25 
3.3618758888e-09 
-3.2971701246e-25 
4.7062621871e+24 
4.7036196189e+23 
-5.2573384658e-27 
-1.1343716830e-01 
4.1843502045e+01 
-1.9161004800e+09 
-1.4213192078e-37 
-1.7214786153e-23 
4.9505646120e-34 
-4.8321121410e-11 
1.0544243878e-06 
4.0443744803e+32 
-8.0799840096e+36 
-5.3853047568e+29 
1.9196921547e+17 
6.9553935763e-16 
-5.2795854807e-34 
8.2708155000e+06 
-5.4342525482e+01 
-3.7698946308e+30 
-8.9041708800e+08 
-4.3516535759e+00 
2.0616326323e-25 
1.7235448983e-33 
-4.8759242181e-27 
-3.5861091309e+03 
-2.3871748676e+14 
-3.1703942856e-12 
-7.8525165232e-29 
-5.4184957207e+28 
-6.0528563600e-15 
8.8097193750e+05 
-9.9173551316e-11 
3.4024552248e+19 
-1.7577070883e+24 
2.9416243930e+19 
1.1774080842e-11 
-2.1199477169e+36 
8.2465027192e+37 
7.7711723725e+12 
-1.9987098438e+05 
1.6968532179e-07 
-1.5425106712e+29 
-1.9375347414e+14 
1.2497403373e-31 
-1.5028654598e-02 
9.1398172364e-10 
2.2537142526e+33 
9.2935788691e+27 
2.3932004800e+08 
-8.2186576909e+22 
8.1283714914e-24 
1.7696993455e+25 
1.0700621605e+01 
-4.6003289851e+35 
-4.8224367179e-21 
-1.9913085766e+19 
2.2794053463e-29 
-6.5073555200e+08 
2.2830682868e+33 
2.2449379710e+37 
9.2244128780e-08 
-5.9598143443e+32 
3.3770312439e-04 
3.8090012160e+09 
7.9202123599e-20 
-1.6680693379e+26 
6.1828691376e-27 
-1.0689278400e+08 
1.8876978973e-12 
1.4852806017e+37 
-1.0379748438e+05 
4.6669257277e-23 
8.5355711388e-10 
-2.0650329979e+37 
4.5628299028e-16 
5.5902213718e-31 
-3.5903300159e-03 
-8.4032732664e-23 
-3.8666311696e-29 
8.7025020295e+21 
-3.5544924527e+14 
-1.2066205753e-36 
5.1504944260e+21 
-8.5588448000e+07 
-2.6797005503e-08 
-1.2004130402e+19 
-5.0829047852e+03 
-3.8040651730e+32 
-5.6228341647e-36 
-7.5609665681e-32 
-1.2393396786e-25 
6.0211033482e-27 
-9.4707099778e+15 
-1.8612969891e+18 
-4.6682476269e+23 
-1.0756736148e-35 
-1.6983297729e+02 
2.6173724299e-10 
-1.2447493991e-19 
3.3206321545e+14 
2.2218881767e-27 
4.8675220480e+09 
2.5151743738e-26 
-2.1853722023e-21 
1.6414264693e+28 
1.9617674255e+02 
4.5620246094e+04 
-6.7513282411e-03 
7.7479198406e+22 
-9.1789385350e+33 
-1.3925741096e+25 
5.6876236771e+19 
-3.9653076396e-26 
2.7463815117e-14 
-5.2362692526e+12 
-1.2585060762e+11 
-8.7080643499e-24 
-4.0532944355e+13 
-3.8294097752e-22 
-7.6262179558e+37 
-9.8142093312e+11 
-7.9455986622e-19 
-1.1119018744e-29 
3.4639865343e-26 
1.5485944999e-18 
1.1264734132e+24 
-1.5256117543e-21 
-3.6962769236e-20 
-2.6120087950e+20 
7.4496334785e+34 
-1.1414668110e-17 
-7.2671625749e-24 
3.5113473511e+02 
1.4331023868e-10 
1.8687011195e-31 
            nan 
2.4579055455e-22 
-8.9428509521e+02 
6.9127053843e-33 
-8.8106128140e+37 
4.5376196875e+05 
5.1519396875e+05 
-1.1947424355e-04 
-8.5066061996e-14 
-1.7760403593e+28 
9.8040338514e-08 
-3.3198091014e-23 
-3.7745968796e-23 
-2.4497139394e-15 
2.5385012238e-23 
-3.3659491200e+08 
-1.3653439205e-34 
-5.2619593750e+05 
-3.7881619930e+00 
-1.6254478750e+06 
7.0573353861e+12 
-1.2256410083e+32 
-3.6559792989e-06 
-2.8732469532e+15 
8.2469368000e+07 
1.8449624576e+23 
-3.1928781884e-21 
4.6887510370e+14 
-2.9052184546e+27 
-1.4076765183e-05 
1.2823561430e+00 
1.6024790069e+38 
4.8175574262e-34 
2.5948050444e+20 
-3.3767191939e+38 
3.6945520073e+14 
-4.1166352841e+33 
-6.7732516066e-19 
2.2207714166e+36 
-9.6713036587e+23 
-4.6078912914e-02 
1.4909777994e-36 
4.8877986099e-31 
-9.8461483217e+30 
2.7636916193e-12 
1.3802946704e-33 
1.8237549237e+38 
-5.8120004833e-02 
1.7111013484e-17 
-8.8147889220e+30 
8.2335162688e-08 
1.4133603476e+23 
-1.9277091324e-01 
2.0988132523e-19 
5.0073815316e-08 
4.4252544578e+14 
1.1889342000e+07 
-2.9869600768e+10 
-1.8719528150e-09 
2.1715381990e-06 
4.6284747540e-23 
-4.6469036046e+21 
1.3961715158e-03 
-4.3022880272e-23 
5.6300237909e-12 
1.2792179768e-04 
2.5096393019e-18 
-8.0037841969e-36 
6.4999098062e+29 
-2.8184315562e-01 
9.7198894845e-32 
3.0610817877e+36 
3.3927932000e+07 
-2.7004706804e-10 
4.0320635535e+34 
5.4656601293e+11 
1.4408385277e+01 
6.2015760792e+30 
-5.1888211609e-12 
-1.2022479204e-03 
1.0430186516e+18 
-1.9272490172e-03 
-3.0749672900e-27 
2.3249373047e+04 
-1.3935889548e-24 
7.9430003953e-26 
9.3896771531e+34 
1.3522899224e+34 
-2.9695589910e-04 
1.5539443647e-12 
5.0730196875e+05 
1.6915424494e-03 
1.3566196480e+09 
-3.1296320302e+18 
4.7729182243e+00 
-3.9597126842e-01 
-3.9788791706e-10 
-2.8201004582e-28 
-2.8565270684e-30 
3.2193560875e+16 
1.4350654292e-34 
4.0307741682e+18 
1.1514069610e+36 
2.4401085739e-06 
-2.1954550198e-14 
-2.9485790720e+09 
-2.0900123091e-19 
3.0115839951e+17 
-1.0097253760e+09 
3.3411899530e+33 
1.7089390539e-35 
3.3229976992e-08 
-1.7891020609e-10 
3.1472966309e+03 
-2.2440136822e-15 
-4.4131429856e+14 
2.6828428557e+35 
-3.4073473843e+11 
2.1460308957e+36 
-7.8007065976e+27 
-5.3002182617e+03 
-2.8002245424e-18 
1.5099343784e-15 
6.4971666935e-10 
1.0744558881e+18 
-1.4242772760e-11 
-1.6575067996e+16 
3.2239816701e-38 
-7.4392519311e+12 
1.4553168640e+09 
1.5653258324e+01 
-2.8337010960e-08 
-1.1585826542e-05 
-1.9900298438e+05 
-1.2680545401e+34 
1.8784542138e-17 
1.4207922339e-10 
5.7119994101e+19 
-4.0855102560e-32 
5.3961574576e-22 
-1.3820052146e+32 
-5.6958427734e+03 
2.8652593750e+05 
2.3877370413e+24 
-8.1909808796e-04 
-1.7664434766e+37 
-3.8621472276e-32 
-5.3586826508e-30 
-4.0328733623e-02 
-4.2965498567e-01 
9.9524192481e+22 
-8.2671695177e+16 
1.0208257974e-36 
-6.2517339750e+11 
5.1260674646e+21 
5.5195094405e+31 
-3.8708785723e-05 
6.8895434046e-36 
4.6710049162e-08 
1.0510295368e+12 
-1.4532462800e-37 
8.6550626959e+12 
-1.6294566970e-22 
3.7277925049e-20 
-3.3627604067e-21 
-2.5898636178e-34 
5.7507337912e+30 
-2.5648947591e-27 
3.8279102464e+11 
            nan 
1.3266187038e-09 
6.0255325674e+25 
3.4692246853e-09 
-1.4642174040e+22 
-4.9909863264e-06 
8.1825623056e-04 
2.5686753935e+12 
1.6462520406e+36 
2.2803303998e-23 
-4.8060036442e+14 
2.0513202062e+28 
-1.0150603638e-13 
-2.4201752144e-20 
-5.5160634721e+27 
1.7908036597e+15 
4.8755023272e-06 
-2.8716693953e-11 
-8.8178849810e+30 
1.3135046197e-34 
4.8862596875e+05 
2.6705642732e+36 
1.2153402041e-20 
3.4161228251e+13 
-3.4435276757e-04 
-1.7259270416e+19 
-4.3748175813e-05 
-4.2042143204e-31 
-6.1861032248e-01 
-8.8010534689e+18 
1.3384807205e-37 
-2.8087047394e-03 
5.5314419200e+08 
7.6485371062e+22 
-1.0181322972e+35 
-1.6141164013e-24 
3.7388792711e-30 
-9.9261963235e-38 
-2.6410232786e-35 
2.8484459723e-33 
-8.9868122232e-29 
3.2093507464e+16 
3.9732942177e-22 
2.2185766326e-25 
2.2733612061e+00 
-2.3803021759e-04 
-6.3987712000e+09 
1.0501542091e+37 
-1.4928647157e+28 
2.0871476800e+08 
-4.1312911425e-10 
2.3765946209e-17 
1.5244223083e-33 
-1.3863101562e+05 
2.0771202000e+07 
2.0166195172e-33 
1.2053373312e-30 
6.0425411341e-09 
-6.6125720351e-12 
1.0088443286e-30 
3.3355476067e+29 
6.3225452800e+08 
-2.2207629714e-20 
1.7484764214e-07 
-1.2913850969e-36 
5.1886753906e+04 
6.3106122975e-13 
-1.3034285046e-02 
-1.4816623413e-25 
-3.3870098012e-17 
-4.8333236485e+24 
-8.4671440742e+25 
-1.3407484837e+33 
-2.4666740137e+34 
2.5627102689e+30 
-1.2712063477e+04 
-8.4342701685e+37 
1.9632502224e+34 
2.6726833219e+14 
-2.0523169637e-01 
9.8111831665e+01 
-4.5234862966e-08 
-2.6756578004e+26 
-6.6622512641e+15 
5.7045363232e-19 
3.3439884770e-24 
-1.5013557064e-09 
5.1316690159e+16 
1.2967051562e+05 
8.5156350353e+34 
3.0901411133e+03 
4.4284127353e+20 
-4.3983646393e+01 
-8.5021352133e-20 
-1.2358063769e-38 
-8.4272053975e+26 
1.9080657193e-13 
-1.6114696358e+27 
-4.7057355902e+22 
-7.3919033995e-26 
2.3880719174e-17 
-2.4728017637e-22 
-2.0357325745e+02 
-6.1159915924e+01 
-1.4873911701e-27 
-3.2206722000e+07 
2.0110296320e+09 
8.9953691968e+17 
-2.8445525136e+20 
2.4526926198e-32 
-1.4059188477e+04 
-7.1004884745e-27 
-6.1279486374e-08 
-1.0470808484e-02 
4.6835940602e+36 
-4.1011813294e-16 
1.5966678325e-37 
-1.2678472283e-23 
-1.1772110596e+03 
-9.5085093303e-29 
3.1982772948e-18 
1.4214699876e-36 
-4.5994976572e+15 
4.3599018328e+13 
-8.4253417969e+01 
-3.3903360000e+07 
2.4418690761e-23 
3.0707824250e-16 
-5.2952158818e-15 
-4.3636224000e+10 
-1.3888609886e+01 
-2.4607231515e+22 
-1.2033357228e-18 
2.5421611170e+38 
-1.0791166400e+08 
-1.1371849219e+05 
2.2190290790e+15 
1.3872152520e+17 
-5.1650789193e-30 
1.1189670304e-14 
-2.0607754259e-14 
1.5539739783e+19 
1.3169964251e-11 
-2.1318939980e-03 
7.9118121747e-28 
7.9129508123e+30 
8.1917095045e+35 
1.7507123047e+04 
-3.3483637225e-29 
1.6344659364e-33 
1.8533800542e-01 
1.8980058934e+21 
7.7025599229e+21 
1.0217110927e+36 
-2.3183157752e+26 
-1.9344841788e+33 
-2.8015742000e+07 
1.5983214378e+01 
4.3351446400e+08 
-3.2734263226e-16 
4.5636496358e-23 
-1.7540466671e-20 
4.0292527724e+23 
-5.0321072043e-14 
3.3643968456e-34 
5.0372089347e+37 
-8.0771138902e+35 
6.8107906372e-06 
-1.9305697112e+25 
-1.6357264404e+03 
6.5133097012e-28 
1.7054592504e+16 
-7.2948391307e-19 
8.7159779255e+21 
8.0543893576e-01 
1.3686586975e-08 
-1.1361961460e+33 
2.2313398958e-12 
5.9821868490e-05 
-6.3638387213e+19 
1.3270373264e-19 
2.6838081757e-10 
3.9023495867e-28 
1.9903607300e-13 
-1.6535741099e-29 
-2.9028463364e+00 
1.7296714407e-22 
-3.9122270436e-21 
1.7461427495e+36 
-9.7253159121e+27 
2.8633948416e-02 
-1.9069430542e+02 
2.3793521775e+26 
-1.4637088763e-10 
-2.4560255042e-05 
2.3674203447e-29 
8.4003338041e+27 
-2.0604798000e+07 
2.0086905067e+29 
1.8470017551e+22 
4.7887202386e+12 
1.5232191000e+07 
4.5015544070e-10 
-1.7524543444e-20 
6.9433337600e+08 
1.1120392960e+09 
-1.6748615391e+21 
-3.9122457886e+02 
8.0817863464e+01 
8.0711828332e-07 
9.5704128510e-17 
-3.1387987476e+12 
1.0378282786e-35 
-2.5728160569e-33 
1.5176072693e+02 
1.1640018371e-18 
4.6419771908e-16 
7.3740691200e+08 
-1.0100936523e+04 
-3.8873589135e-13 
8.7541790771e+02 
-2.0858274460e+01 
-3.0641910590e-19 
6.3455744294e-14 
-3.4871746487e+36 
2.2863819119e+34 
4.2775900267e+26 
1.3331577600e+09 
1.0796102053e-20 
2.6654430724e+13 
7.0184687055e-12 
1.1679855379e-04 
-3.6238996875e+05 
-6.1986593829e-19 
8.3363967943e-22 
5.7055665013e-23 
1.3119637035e-02 
1.9035858154e+03 
9.9433444209e-27 
-4.5348521240e-29 
-6.7742447404e-19 
1.7893951876e-09 
7.4291609213e+34 
6.0794190809e+24 
1.9989133835e+01 
4.8990859144e-23 
1.3957944941e+14 
1.7582583631e-28 
-3.0638660287e+20 
-4.8910680080e+27 
-5.5738850328e+22 
1.2274214945e-36 
1.4041328450e-25 
1.1620755084e+36 
7.3715681579e-22 
1.3026308979e+19 
6.6454107873e-03 
1.9712496913e-10 
4.1773460778e+29 
5.4179927479e+32 
-1.3873537982e-24 
3.9441344102e+11 
4.8395627378e-26 
4.4661544083e+34 
4.9034286293e-32 
3.3513688094e+28 
8.2171483159e-12 
3.4191836343e-32 
-2.9247197500e+06 
3.8352773310e-29 
3.0332798000e+07 
-1.2513535800e-20 
3.2148081177e-22 
-2.6405160418e+36 
-4.4304083617e-34 
7.6323763991e-27 
-2.5870110453e+36 
-6.2903559410e-06 
-1.0769766190e-09 
-1.0456420649e+29 
1.6742466357e-30 
-1.3158178725e-17 
1.2375308815e-33 
1.5216273611e-31 
-3.1352436948e+32 
6.7244402430e+15 
9.6148776165e+26 
1.6433943167e-21 
3.1593215226e-06 
-1.8941337613e+14 
-2.0954868887e-05 
-7.2190583533e+24 
-1.9273391375e+27 
5.5329875593e-16 
4.8848915682e+18 
4.2075121271e-27 
1.8471309662e+01 
-5.5855444306e-25 
1.1492671259e-09 
4.7609648000e+08 
7.4495822393e+31 
-8.5634928215e-29 
1.7187398319e-16 
9.9426241745e-34 
1.1349200957e+31 
-8.4462745433e-19 
-4.3772796595e-16 
-2.1567989839e+28 
1.4063815904e-37 
-1.7874609715e+38 
3.2635994092e-24 
-4.9427118078e+27 
-1.6715034779e-14 
8.4088689789e-08 
1.6123705704e-09 
3.5907264578e+13 
-1.0790719000e+07 
-5.4988288414e+28 
-9.9957096609e-06 
-1.5929494260e-21 
8.6297059318e-28 
-9.7662759824e-11 
-1.6002521761e-06 
3.7625272274e+00 
7.0529079267e-14 
1.5625685363e-31 
-1.2505372379e+36 
9.9267382867e-32 
4.8605534434e-01 
-1.4977866077e-37 
2.2140050473e+12 
1.4630098438e+05 
-2.3069217435e-13 
2.7372115631e-27 
2.3060742417e+16 
4.8884096224e-20 
-1.4284132719e+00 
6.3210202568e+33 
1.1124061523e+04 
1.7226116318e+16 
2.4652673024e-13 
-1.2757533501e-23 
-2.3615858779e+17 
-3.3446083639e-23 
4.0666881604e-25 
-3.3809125412e-34 
2.5884737062e-11 
-4.1756722732e+34 
-1.4658314941e+22 
-2.1318553016e-02 
3.1724317500e+06 
-2.0038798750e+06 
-1.6140822172e+00 
1.2629665322e+35 
8.1850694503e+27 
1.1076161516e-10 
-3.3969990556e+36 
-1.6599834806e+28 
5.4902915391e-32 
-1.2942730138e-15 
1.3834764796e+29 
-7.2784717195e-03 
7.2639114240e+09 
-3.6378510393e+26 
5.2808552876e-25 
9.4964525564e-39 
1.8965627049e+31 
4.9768233757e-37 
2.3997904341e-37 
2.7419342848e+10 
3.0152184832e-22 
2.3004809527e+14 
2.7264448301e+28 
-1.4008862429e-12 
-1.7794148864e-17 
4.9174246094e+04 
-1.7866468799e+36 
1.8186958750e+06 
1.8909925991e+18 
3.2529904318e-27 
-1.1805771291e-01 
-4.8350019953e-19 
-2.3474818121e-38 
2.1567012787e+01 
-2.6257097600e+08 
1.5074475567e-22 
-1.2816847036e-36 
1.3574083697e-11 
6.1034238281e+04 
-6.6704203864e+19 
3.7982086990e+21 
2.0896472157e+15 
-2.0954031033e-20 
3.4609981717e+18 
1.4072268893e+19 
-3.1053495812e-29 
-6.9737877391e+18 
3.5331465681e+37 
7.5309330327e-08 
-7.9383587500e+05 
4.5589284897e+00 
5.4388427734e+03 
-1.1666879000e+07 
3.9714198842e-22 
8.1161007815e+34 
2.2002496256e-29 
-2.7565633374e+30 
4.5066892809e+31 
-1.1947897220e+17 
-2.8440261135e-33 
-4.9515369411e+32 
-1.6508390792e-12 
2.8339772619e+16 
-8.0533459284e-22 
1.7565678750e+06 
1.7310109860e-18 
1.6897543101e-03 
5.3152736220e-15 
-1.3089410192e+17 
-1.0517903906e-16 
1.0881949219e+05 
-2.7669554470e-07 
-2.7449841309e+03 
-1.4745963232e-38 
-1.3522451067e+20 
-6.8752391463e+23 
-1.2576310165e-13 
1.8808878750e+06 
-5.4631502549e+24 
-8.8252241071e-09 
-2.9210077976e+26 
-2.4589363483e+22 
-1.0308212626e+23 
1.1930158750e+06 
-2.4483743649e-30 
3.5508502415e-22 
-8.8900749615e-33 
2.5757182400e+08 
1.3818014204e-23 
-1.0252481104e-38 
1.8207435200e+08 
8.4125502605e-20 
-2.0112594831e+17 
2.3435039509e-07 
4.1369879101e-18 
2.3075045172e+31 
1.2768174538e-11 
4.7642620263e-19 
2.2067578434e+28 
-1.5857727918e+38 
8.2631535258e-30 
2.4160007254e+32 
-2.1518774500e-30 
1.3085149219e+05 
6.5697903192e-32 
-7.3021478271e+02 
-2.6342304280e+37 
-6.3569553858e-18 
4.0550661095e+13 
2.0874772193e-24 
1.3487050186e-16 
-1.2802622298e-21 
3.3417000049e-29 
-1.8646055306e-22 
-4.0062154765e+18 
1.4327211642e-25 
-3.2992347415e+34 
-1.1676250957e-02 
2.5053212047e-01 
-1.3831081841e+15 
2.0206382692e+19 
5.3754564375e-02 
4.2916600095e+37 
7.7027545711e+13 
-1.5955862328e+38 
-1.8219555204e-04 
-2.5949653854e+14 
7.7266407875e-21 
1.7687910781e+29 
1.5691072521e-24 
-9.9577572098e+25 
5.6201253386e+16 
4.0809056000e+08 
3.8650628045e-20 
-2.3101414554e-03 
-5.7989089086e-09 
-6.8157648128e+37 
7.0750385000e+06 
4.8154819200e+08 
2.6923968107e-04 
-9.2608374747e+15 
-1.4435950391e-07 
-3.0964842439e-01 
4.7648752819e+34 
1.2660596371e+00 
-7.8613487094e+18 
-1.2043994726e+11 
3.2496634870e+38 
5.3262973476e-36 
1.2539121628e+01 
-3.1094977526e+23 
-3.4105879030e-15 
-1.0037813069e-14 
-1.0507110167e+35 
-1.5494163730e-09 
8.2816862522e-32 
-5.3095995000e+06 
3.1888012800e+09 
9.9557870404e+13 
-1.2703849219e+05 
1.0931784408e+22 
8.1650235000e+06 
3.8483784499e+11 
-1.0683025721e-05 
2.8831013274e+11 
-3.8525576622e-30 
3.1505028183e+26 
7.2724611072e+11 
4.0849022510e+35 
4.9198615763e+23 
1.8589397736e+18 
2.1170331173e-31 
-5.8897606400e+08 
1.5740288549e+28 
1.0620583929e+33 
-1.4108370245e-01 
-3.8807597984e+35 
2.5817034766e-02 
-1.4452237548e-30 
6.5670437219e-39 
1.8349843022e+13 
-5.0725307617e+03 
-7.3204275395e-05 
-7.0389894419e-37 
-3.9703441871e-05 
-7.8150777041e-20 
-1.1511331840e+10 
-2.6165348800e+08 
1.8380719180e-17 
1.6558923775e+21 
1.1607496075e-09 
8.7941059610e-04 
3.2635446429e-11 
-4.2936387779e-09 
-1.6976193590e-18 
-1.7650835105e-07 
-8.8875192404e-01 
-7.1033407398e-31 
1.6212091882e-28 
7.1741364388e-30 
-1.9180349850e-23 
5.3557111074e-23 
-9.3407562957e+11 
5.1854386790e+11 
-2.1345408630e+02 
1.2694398220e-26 
1.8969031384e+31 
1.4520260975e-16 
1.4449678750e+06 
1.1891506091e-07 
5.3717944036e-22 
2.8665736455e+33 
8.6113020116e+36 
-2.0516107213e-07 
1.9338266042e+30 
2.0824144640e+09 
-5.2346655866e-04 
6.7131018626e-12 
2.4512647521e+16 
-3.2137117500e+06 
4.9145399362e-24 
5.3308389170e-07 
-1.4551978964e-37 
-2.8717164015e+38 
8.9345632000e+08 
-2.3037696875e+05 
-1.4974055544e+29 
1.2259779498e-02 
8.5898162775e-22 
-7.5855839776e+16 
-2.0013744429e+34 
-1.2893825270e+13 
1.0563050100e-16 
8.3875858938e+28 
-3.1617605626e+21 
3.6819572449e+01 
-6.9159437778e-18 
3.5177584587e-13 
-1.4796129963e+25 
-7.6252502321e-38 
5.5848789344e+13 
3.1966238550e-27 
1.2503339855e+33 
-3.1574975032e+18 
8.3405981250e+05 
-1.5562880545e-34 
5.5570498500e+35 
1.4831988659e+38 
2.0025155932e-37 
-1.4834587681e-36 
1.3133550370e+33 
3.3584092968e-37 
-1.8159924399e+38 
6.8498256107e-27 
4.1602246246e+11 
9.0942912594e+14 
-2.4704736441e-19 
-9.5558151513e+22 
-1.8331468364e-25 
-6.8388024133e-09 
-1.9986782783e+16 
7.7145575506e+16 
-1.3065277599e-02 
-1.6813085164e-24 
-2.7939082705e+14 
1.4577369814e-18 
2.6287928091e+36 
-4.7155296556e-07 
-6.7505679360e+09 
-8.8364680551e-07 
-8.2460555628e-35 
9.9523305893e+00 
8.8535681662e-24 
5.1881573881e-07 
-1.4522798750e+06 
6.2317079275e-10 
-5.3048006959e-11 
-5.9442358179e-05 
-1.8237059812e-13 
1.0263449599e-19 
-6.6976315600e-31 
-4.2013819090e-09 
1.3324179977e-32 
-6.1823364543e-37 
-1.6813500552e-03 
-6.1455874748e-19 
1.0274402167e-29 
3.6562428834e-29 
2.2519965371e+30 
-6.7915206448e-31 
1.7624982362e-08 
-1.4108708527e+15 
9.6828393750e+05 
5.8152760115e+11 
-9.1357415771e+02 
8.6413187145e+22 
6.4153186977e-02 
1.7951772013e-10 
1.5888594389e+00 
-3.2219071623e-29 
1.0236514369e-20 
1.6610555065e-07 
-5.2544117939e+17 
-3.2602158602e-21 
4.9160539752e+26 
5.8142656151e-36 
2.3401997649e+30 
-2.7372571839e-37 
9.7895188423e+20 
-3.2494160729e+34 
7.0607635520e+32 
-8.8390226070e+35 
-8.1642201393e-21 
-3.0565758000e+07 
2.2583668336e+34 
1.5012145600e+08 
7.8654614044e-19 
-1.2302988353e-06 
-1.7999298374e+27 
-4.9626332755e-18 
-8.5504862148e-34 
-6.6901395175e-25 
2.1349435804e+18 
-2.9861292314e+26 
5.5697382470e-12 
-1.2419161479e+33 
1.5543852559e+38 
-2.5632158808e+38 
7.9505488564e-13 
2.5150358762e+14 
-4.1838340792e-08 
-3.0418371094e+04 
-3.1006308913e+32 
6.0628685843e-24 
2.9574669813e+38 
-5.0110209452e+29 
2.8325371094e+04 
-1.6107439933e-06 
4.4010989158e+12 
1.5610050918e-16 
9.0101839362e-17 
2.9539868867e-24 
6.5914768059e-18 
-2.6028300609e-13 
-2.2317969553e-25 
9.3434425071e-03 
-7.3163118518e-35 
9.8060576238e-19 
8.9615938487e-04 
-4.1223329306e-01 
2.0206145090e-10 
1.2247408774e+27 
-1.1162353982e+24 
-5.0909477493e-33 
-8.3058022400e+09 
1.3568906126e+25 
-1.0038920792e-20 
1.3470321021e+20 
1.6454641095e-34 
-1.0212482527e+18 
1.9231004690e+17 
-3.4228840054e+35 
1.2310700684e+03 
2.3533054600e-30 
2.9096186571e-10 
9.5948407217e-22 
3.7781925856e+23 
-1.6978949272e+15 
-1.8174094745e+21 
-1.2129038750e+06 
4.1761681029e+36 
-6.4667807617e+03 
-3.7405830742e+36 
-4.9039009595e+36 
-9.7663550223e-19 
1.2003082391e+21 
-4.4595432896e+30 
-7.5259468992e-21 
-1.9345967536e-11 
-1.3845505600e-04 
2.3318846130e+02 
6.4943444158e-05 
-2.4696524974e+34 
2.0488116308e-16 
1.4477252986e-25 
-5.4008846746e-06 
6.8840402365e-01 
3.3605245408e-03 
2.2268340249e+34 
4.3266059341e-26 
6.2555813925e+37 
2.8449411011e+02 
-2.4798569520e+37 
-7.4201003954e-22 
1.3043439029e+14 
-2.8906320046e-11 
-3.9201850387e-34 
-7.8081023432e+22 
2.6898234920e+29 
1.0049623411e-19 
-1.0286455398e-20 
8.0101324584e-26 
3.8956663619e+29 
5.3586069274e+16 
-3.4740549101e+22 
-1.8629353645e+17 
4.0947338811e+32 
-4.7299990400e+08 
-8.5760732160e+09 
-1.2207436857e+13 
1.7845652110e-05 
5.3088612352e+10 
-5.5880629836e-39 
-6.1454151680e+10 
-1.5565840000e+06 
-1.4223106715e+27 
-7.6059200000e+06 
1.5043723264e+10 
1.1729150240e+18 
6.0708312988e+00 
-3.6570355633e-09 
-1.9636001587e+00 
2.0172891805e+28 
-1.6271251763e+31 
2.4384086908e+25 
1.1238270566e+11 
-1.9118033379e-07 
-1.6067132103e+21 
2.6264396104e+13 
9.0208115234e+03 
1.5084788396e-32 
-2.1511294000e+07 
-2.1707347121e+36 
9.0395531648e-20 
-1.6581153117e-09 
-1.4273680767e+31 
1.3524416000e+07 
7.2421839612e-35 
2.2167881415e+34 
5.2742411841e+22 
2.8074663471e-23 
-4.7884588800e-29 
2.6035550118e+24 
-1.8104370117e+01 
2.1974713631e+12 
1.4298349831e-14 
-2.6766840920e+17 
4.4187781527e-20 
3.0943252966e-37 
-3.2765340289e+38 
-3.0138352724e-34 
-1.8744076793e-16 
-1.3694442487e-06 
6.8813120877e-38 
-3.8115523200e+08 
-1.1739319239e-10 
-7.0712091895e-32 
8.1573861837e-01 
1.1638140237e-36 
-6.6010640862e+14 
-5.2540603367e+13 
2.9525184631e-01 
2.5295434723e-31 
-1.3516894531e+02 
-1.9585882761e+28 
-1.4685283531e-06 
-2.4640275290e+25 
5.9954174958e-09 
-8.7779141394e-32 
-5.4541544879e+16 
-4.4543579896e+23 
3.5364818712e-11 
4.9240961308e-10 
-8.0529748482e-20 
1.1442480734e-16 
2.8354026933e+27 
5.2573184721e+14 
3.4603744507e+01 
-5.1411885814e+32 
1.3005454186e-36 
-3.8306472145e+28 
1.3724114718e-30 
4.5648984346e+26 
-3.9001380100e-36 
1.3780933728e-07 
-1.3313898438e+05 
-1.0739080556e-32 
-3.3565667634e+17 
-5.1274104118e+00 
-9.9106971307e+27 
-6.0343878431e-05 
-4.2113478328e+32 
5.9506413269e-36 
1.5315766136e+15 
-4.3807006913e-29 
-1.9010893482e-07 
-1.4551714598e+36 
-3.7817687736e+12 
-1.2490832896e+10 
1.8901178173e+24 
-1.5364005640e-37 
5.9606370202e-29 
5.3770438609e+35 
2.0115266844e+30 
-1.7031350505e-35 
-1.6262531815e+16 
6.2854967382e+23 
-5.8128114790e-02 
-3.0463433007e-28 
5.3385577450e-36 
-3.7406677007e+31 
-7.8856387602e+30 
-2.1362774681e+28 
1.3641116907e-19 
1.6443747194e-23 
3.4061631130e+16 
2.1418174179e+29 
-2.5279025241e-21 
-2.6197095219e+11 
-7.2703676838e+23 
-3.3418278458e+20 
-2.0000706992e-20 
-2.7430159819e+22 
-2.2778191487e-04 
-6.0860944981e+29 
2.6117853540e-12 
3.6705562919e+18 
-2.4332118034e+00 
1.8539157834e+27 
-6.9002579149e+11 
-4.2129904108e-29 
-2.4831695235e+29 
-4.6261314189e+34 
-7.7340144000e+07 
-2.4039322616e-11 
2.1086778880e+09 
1.0323805798e+11 
-6.3690274168e+32 
-3.1587866903e+28 
1.8179500062e+35 
-1.7333433717e+33 
5.8431985526e+17 
-3.9923363772e+30 
-2.7300599364e+23 
5.6561752555e+24 
3.8035819725e+11 
-4.6918455610e-07 
-5.3040481567e+12 
-2.5466584522e-38 
-5.3476174734e-24 
1.4813544842e+25 
-6.9450253637e-16 
-2.7777134552e-36 
-2.0054436254e+21 
-5.9671690688e-03 
-5.6788603971e-15 
-1.7991650215e+16 
-1.1413620412e-01 
-6.6658600079e-21 
1.0915224897e+23 
-5.6202432000e+08 
-6.9371570659e+22 
5.1135041559e+30 
-3.9170313132e+14 
-5.4768869773e-30 
2.4959624081e-17 
6.1899148057e-26 
-3.1600810194e-28 
5.9336309853e-22 
4.5408082769e-06 
5.6828116337e+12 
-1.7760475557e-24 
1.1582611892e+33 
-1.7152253844e-28 
1.0111159086e+00 
6.0416055931e-05 
8.4440024610e+18 
2.7083310472e+14 
-3.9163020915e-07 
-6.0252200456e-06 
2.2132431210e+26 
7.0006787500e+05 
-5.9084791167e+29 
1.4673509213e-05 
5.8411432987e-27 
2.3167269287e+31 
1.5115293278e-35 
-5.8568427686e-31 
7.3505714280e-34 
7.0220957800e-39 
-3.3017267055e-22 
5.9640415451e+26 
9.0277750000e+06 
-2.5017250098e-36 
-1.7440969532e-04 
-2.2638557766e-06 
1.0563395912e+12 
-1.5017095056e+38 
2.6110143856e+18 
-5.5295727440e-21 
-4.4343281958e+19 
1.6171624117e+26 
1.6692732573e+00 
-6.1146687412e-24 
9.8777117361e+22 
7.0776279942e-25 
7.8298713427e+27 
6.0769829578e+24 
1.5211477355e-22 
-2.0754358272e+11 
-3.2588040829e+00 
2.4745537989e-38 
-2.5075698438e+05 
4.3344668132e-13 
-8.1518081174e-10 
-7.7531491414e+33 
-5.9074395915e-21 
2.6288112217e+37 
-4.4487603009e-04 
1.8859957870e-29 
-3.2549005431e+27 
-5.5131096313e+19 
7.8178180347e-36 
1.6016225324e-36 
1.1727183034e-31 
-4.2377796490e-06 
5.3171562500e+03 
6.2924987373e+33 
7.3326371694e-17 
-1.8136581165e-21 
2.8746702194e+01 
5.6751761683e+34 
-7.6592335245e-04 
5.9811957633e-14 
5.7020825474e+37 
1.3842032330e+23 
-7.9459003299e+26 
3.5085597500e+06 
3.9756262400e+09 
-3.4100351335e+25 
-1.5212593600e-02 
1.2902567936e+11 
1.3522449307e+20 
2.0861549025e-30 
-4.5229646942e-17 
-2.8973536996e-15 
8.9683021751e-14 
1.6445275136e+10 
-7.0122174400e+16 
-1.2965933029e-38 
1.9215769022e-38 
-3.7462177280e+09 
-6.2642533144e+19 
1.6584022669e-03 
-1.1164462773e-13 
-1.2775695230e+23 
6.0911403169e-17 
4.7983507775e+16 
2.2170132828e-17 
-1.0772078750e+06 
-2.4327181224e-18 
3.4728293917e-13 
9.0253186566e+18 
-1.4166180181e+32 
-1.6160186523e+04 
1.9262259363e-14 
5.2802723074e+17 
1.2406609579e-21 
1.5407725822e-13 
-1.8232081123e-10 
-1.5713498438e+05 
-1.5719483755e+24 
1.4435781071e+20 
-3.0187745120e+30 
3.4848384857e+01 
1.5090080878e-12 
-2.5636698438e+05 
2.1027677500e+06 
1.4301954769e-02 
-1.8609917467e-26 
-6.1853506783e-24 
1.4226853943e+02 
9.5155630112e+00 
6.9138470068e-30 
4.2136257049e-13 
5.6819613092e-03 
1.1621735404e-35 
-3.1363877386e+27 
4.4761948718e+20 
-5.2027460188e-02 
2.2927341227e+33 
-6.5600982587e+16 
1.2994319974e+11 
3.4425931538e-18 
-4.5364273152e+10 
3.1147565702e+35 
6.8331649527e-03 
1.5131836335e-05 
-1.4831795044e+13 
6.5442406400e+10 
-3.4012369506e-31 
-5.7919246423e+27 
6.4203653253e-35 
-1.7187012574e+17 
-1.6670482269e-12 
-4.5133659295e+19 
5.2840212206e-09 
-3.4906048584e+02 
1.2568329081e-13 
-8.8749217373e-34 
2.3913226954e-08 
-1.1850014111e-24 
-4.3065848038e+33 
2.2312494492e-34 
-1.8970934223e-31 
3.9848097351e-19 
1.3369533583e+14 
2.6650928000e+08 
5.9040864735e+36 
-2.9012780443e-29 
-7.3061720116e+32 
2.3009758365e-07 
-1.0445526549e-23 
5.1117013912e+33 
-6.6874387153e+20 
-4.9996670532e+02 
7.3643094704e+13 
-1.2509456804e-09 
-1.1987961221e+27 
3.6061742162e-16 
4.9078243633e-24 
-3.6179096592e-17 
3.6199333408e-05 
7.9104116885e-25 
-4.1525224688e-23 
-2.6087726400e+08 
8.8369222358e-03 
8.3759564063e+12 
8.3666493676e-33 
-6.3683872906e+30 
-6.4565608360e+22 
1.1369757885e-05 
-2.7095901983e+32 
9.3498175460e-16 
-9.4430177723e-17 
-2.3461544602e+35 
1.7752429183e-17 
3.2600702980e-05 
5.2200724789e-17 
5.7139827732e-06 
-1.6374158165e-27 
-2.8053019386e+18 
-9.9021845703e+03 
-1.5430488742e-18 
-4.2147172852e+03 
-5.5393345034e-30 
4.2123383970e-31 
-2.5543895124e-11 
-4.2722669363e+12 
7.1052708392e+27 
-5.8980287119e+12 
9.1705973778e+26 
1.1930014516e+24 
-4.1141513851e-29 
-2.0545343426e+33 
1.4750228567e-15 
-3.4362929326e-18 
-1.3791424036e+00 
-1.8853073469e+22 
3.3891983032e+02 
2.9815006698e+17 
4.5427863535e-29 
-1.8977940648e+28 
-2.8776643200e+08 
3.2962552674e+34 
9.2849345703e+03 
2.2719833984e+03 
-4.3757694350e+34 
-1.2613111369e-17 
1.2956436890e-24 
1.0344281062e+26 
1.3705326606e-15 
-1.5792546985e+25 
-6.0141679411e+11 
1.5136419952e+17 
8.5024166830e+32 
-1.5975603815e-14 
1.5229711129e-28 
3.9492764252e+27 
-1.8080874864e+35 
1.3082059570e+04 
-2.1691158796e+19 
7.2698650183e-04 
2.2848402671e-21 
-4.6030653067e-08 
9.3746234675e-34 
-5.9321981250e+05 
-4.4029540483e-33 
-3.2655893240e-18 
1.1477022933e+13 
5.6586797381e-38 
1.6721270696e+14 
-3.5569093089e+26 
1.1737293951e+31 
5.3841388517e+27 
4.0631967783e+31 
-2.8933254524e+32 
-2.8252181458e-37 
7.3446548729e-15 
-8.2569351260e+17 
3.2699526367e+03 
2.3674842939e-36 
1.2879019560e-25 
-2.2167149347e+36 
-1.2950804873e-08 
1.2342499528e+14 
6.7764106559e+13 
3.1428621094e+04 
-7.4090638935e-16 
5.8770208285e+24 
9.3542560935e-02 
5.3556032099e-18 
6.2667429073e-35 
2.7225661268e+23 
1.7737071086e-15 
5.8562720369e-05 
-4.2581372803e+14 
3.0755452000e+07 
1.7750037368e-03 
2.7909506180e+19 
-5.5802267696e-08 
7.9895302734e+03 
4.3948053627e+33 
-2.6234044234e-13 
-1.1227485822e-18 
-1.3714448843e+21 
8.2215763086e-07 
1.6179896714e+29 
7.1853175472e+13 
-8.3276488452e-38 
-2.0871960014e-21 
2.8488780372e-03 
2.1603996556e+26 
4.1528511819e+22 
-3.1429648661e+34 
-9.9935312018e+20 
5.0185162853e+29 
-7.1802225865e+20 
6.1226808161e-31 
-2.1567996800e+08 
-5.2904383389e-31 
-3.4405534269e+25 
2.1287222744e-13 
-3.7243987191e-13 
-2.1571355000e+06 
1.6689782669e-33 
-7.4035025920e+09 
-5.2180051593e+33 
1.5925616185e+38 
-9.4116461204e-18 
-1.7636963725e-01 
-4.6054689438e+37 
2.9590074279e-16 
2.3476317510e-39 
3.2127047889e-03 
1.9214855058e-16 
-9.3729562475e+35 
-1.3890900149e-12 
-7.6926942138e-26 
3.1290816817e-21 
8.9306770312e-11 
-7.0893110000e+06 
4.0185895614e+29 
-1.0685353118e-05 
6.3527826569e-05 
-5.6768911360e+09 
5.7981614717e-35 
-7.4995103132e-25 
-1.8749509707e+38 
-4.9922802734e+03 
-1.1630668680e+25 
-2.1237597030e-35 
-7.3714061082e+19 
-4.4861913407e-37 
-1.4851743714e+27 
1.5973004408e+28 
2.7674837151e-27 
2.3374566426e-37 
-1.5338884612e+38 
-7.1129438675e-34 
7.4934066872e+12 
-5.3895111901e+13 
-2.4240052799e-28 
-5.8109398327e-17 
5.5542713165e+01 
1.2638720799e-11 
2.4170584977e-01 
9.6198232791e+36 
1.4032680440e-07 
1.6571203298e-09 
-1.1066148634e-32 
3.2048331313e-27 
6.0603313946e-39 
-1.3424064512e+10 
5.4142608569e-15 
-1.0062096828e-28 
-1.0610966231e+28 
3.1016322159e+22 
-2.6942273162e+23 
1.8405776486e+36 
2.8964698341e+22 
-3.8300439323e-18 
-1.9353589122e-27 
8.0601228092e-07 
1.1349691870e-20 
5.7797790977e+14 
-5.1269838889e-17 
3.8881253204e-06 
-2.5204564881e+26 
-5.7682241243e-27 
7.5988353757e-34 
5.5736997693e-33 
4.7425825800e+13 
2.9989923351e-03 
-9.3859033379e-24 
-3.3360310272e+10 
-8.5639869972e+19 
3.2642326355e+01 
1.0369392006e-23 
-2.6907922471e+26 
1.5177176681e-37 
-1.0954603395e+28 
4.3061195246e-24 
1.2454346293e-16 
-4.3135160422e-23 
4.8193810772e-20 
1.5243565594e+22 
3.0268503994e-17 
4.1768725539e-24 
2.8451896756e-23 
3.7391928726e-38 
-2.0822241709e-07 
7.3744818845e-13 
1.6898290413e+20 
2.6832334170e+25 
1.1110381568e+10 
2.6473080422e+11 
-2.3148710745e-37 
3.2706829834e+02 
-1.4962434847e-08 
8.1827083059e+11 
7.1640995840e+09 
-1.5069928678e-32 
-3.3754243400e+12 
-4.6848048250e+35 
3.3763587575e+25 
-6.8289677734e+03 
-3.8408666642e-15 
-1.0831852027e+25 
3.9733733878e-38 
3.1704757599e-24 
-1.2350729814e-11 
-3.1413186832e+36 
-3.1683152914e-01 
5.4761874676e-01 
7.0755543351e-13 
1.8153890286e-28 
-1.9926724160e-10 
-4.0346502001e-17 
-7.1313186467e-09 
9.9261144970e-24 
4.6606072172e-17 
2.9119795383e-18 
-2.0313138593e-30 
3.8502658452e+37 
6.6331520081e+01 
6.3123685122e-01 
-3.8444853406e-36 
-1.1261141743e+30 
-4.4819416627e+30 
1.4410862591e-29 
-1.4609905481e+00 
-1.0133952031e+21 
1.4669025543e-12 
3.1248637232e+19 
-5.1570848921e+34 
4.1379741154e-28 
-8.5419422515e+33 
-9.0303327627e-38 
4.3885291305e+35 
4.1041248322e+01 
9.7220512107e-03 
1.2231645174e-02 
-2.9472946977e-27 
-2.3240119141e+04 
1.3641396480e+09 
-1.1237823771e-19 
-5.7782800912e+23 
-4.8772085458e-02 
-6.9973575596e-36 
9.2570275105e-21 
1.4000076250e+06 
-2.2852500800e+08 
1.5721425346e-34 
2.4932063877e+19 
5.9287517768e-34 
3.2973170280e+00 
-5.2190674049e+23 
-2.6446786560e+10 
-1.4685488000e+08 
6.5052394027e-11 
-2.1480390656e+11 
4.5137933440e-28 
-1.9188586218e+18 
3.0974253431e+38 
5.4933121428e-03 
-5.8009459698e-33 
-3.8170194680e-14 
3.0527973229e+14 
9.5279592000e+07 
-1.5384455885e-33 
-1.2524149546e+17 
-3.4147662973e-06 
-2.7289513663e+25 
1.0321904433e+35 
-1.4447865491e+36 
3.6611555785e+28 
-4.4253935643e+20 
-5.9398971248e-18 
-1.7033628362e+24 
-2.0298603835e-13 
-1.8299022583e-36 
-9.2937580000e+06 
5.1011476042e+31 
2.8346555333e+24 
2.5855164573e+14 
9.0311159226e-20 
9.8771747984e+30 
4.9312822124e+36 
3.8481760581e-38 
-4.3464815415e-16 
-3.6186430706e-16 
7.0007443092e-34 
-3.1042325497e+00 
4.7938082886e+02 
8.1055780464e+21 
-1.3317733137e+27 
-1.0268119375e+06 
4.9979132000e+07 
3.9748317500e+06 
3.6521855753e-16 
4.4564774652e-32 
8.2776937990e+26 
1.5980734000e+07 
-9.2171602594e-35 
2.5070762604e-06 
8.2090532781e+37 
4.6961690506e-31 
-3.8486858881e+21 
-5.7888876283e-30 
-1.3691372875e+38 
-6.5767270102e-14 
3.9283375512e-33 
-1.0542729290e+24 
9.4979216398e+32 
3.4080649414e-10 
4.4050043581e+15 
1.9726892165e+14 
-5.9192199707e+00 
3.5620527342e-05 
-4.9446725825e-08 
1.9727947417e-20 
-4.8299133778e-03 
7.8316939705e-28 
-2.0313532190e+30 
-2.2271973916e-33 
4.4780784647e+29 
1.3494139404e+03 
2.9984008280e-26 
1.0239284497e+19 
1.0318864502e-35 
-2.0584030149e-32 
-2.8020714062e-24 
-4.5140690362e-20 
-1.5124025986e-30 
7.8792491695e-04 
9.3953558462e-06 
9.3448977585e+18 
2.1023430263e+17 
-1.6541182400e+08 
-3.6896901292e-05 
1.5963120014e-35 
3.2917341309e+03 
4.0077732244e-09 
-1.0462053268e-07 
4.8108709841e-36 
-1.1201805939e-36 
-4.9936468092e-25 
-7.0470915196e+19 
-7.9833256850e-29 
-4.2155932980e-36 
-5.0041371491e-38 
8.3397398621e+16 
-1.0225925114e+31 
1.5418458589e+38 
5.3805262081e-36 
1.3061425090e-01 
-8.3968855911e+26 
-6.5694609528e-22 
-2.0341292329e+20 
9.2665731586e+24 
1.0960571008e+33 
3.7475622118e-37 
1.1264569272e+14 
3.0763967152e-27 
2.9220322586e-14 
-1.0342968843e-10 
-3.3683387856e-37 
-2.3673886346e-30 
1.6529955491e-22 
2.1054833984e+03 
2.9696814716e-02 
-6.0822869511e-32 
2.0895932088e+12 
-8.0355004769e-17 
-3.1110222075e-15 
3.7542653786e-07 
-3.8286296876e-12 
-9.2368726730e+00 
1.6802440544e+14 
-3.7332819346e+29 
-6.8730023968e-35 
-6.6947135241e-27 
5.3943774403e-35 
-8.1624287652e+25 
1.4811019674e+11 
-3.4111852880e+25 
6.3052675990e-17 
-1.2676130743e+18 
4.0943279266e+00 
-6.3901160805e-16 
-1.0217983076e+30 
-5.5181323378e-14 
2.4487845600e-02 
5.7095523788e-25 
1.5978147448e-18 
-9.0216215956e-34 
2.8768453648e-33 
-2.9718776303e-17 
-4.2521027715e+24 
1.2892721016e-13 
8.3314223576e-11 
-1.6687460359e-26 
7.4471509927e+22 
5.9139836556e+36 
-5.3242090819e-20 
3.0296670532e+02 
-2.8966965716e-34 
3.1460846162e+31 
8.0826318083e-08 
-1.4979397500e+24 
3.7700461426e+03 
-6.3918877400e-19 
-7.2537172852e+03 
3.2139428240e-36 
2.4921047484e-29 
-1.3287535135e-11 
-1.1424122282e-12 
-3.8872464211e-04 
-3.1649742279e-19 
-4.5553010750e-06 
-8.9670794159e-30 
-2.3611688614e+01 
4.0218186323e-28 
1.0127958842e-02 
6.6115888470e-27 
-7.4329969633e-32 
2.2974766771e+35 
2.0708575823e-17 
-2.4642940000e+07 
-1.1052358810e-21 
6.8186939309e+22 
-3.4001224947e-08 
1.3063866647e+18 
6.4634332193e-24 
-4.5012443542e+01 
5.7996468224e+10 
-7.4235717573e-10 
-1.3315203273e+31 
6.3497273004e-06 
-1.4504087448e+01 
-9.9153026938e-02 
-3.3894435869e-11 
-8.2201905361e+23 
3.7072367436e-20 
-1.1553556722e-10 
1.1751816291e+35 
-2.1567172147e+20 
-2.8090158675e+37 
8.9385330998e-32 
8.8785991669e+00 
-5.2821472168e+02 
-1.0082862008e-13 
-3.5310779642e+26 
-3.2748138262e-32 
4.3520403779e-06 
-6.7061910158e-06 
1.5113759693e+23 
-9.3597967424e+15 
4.3092436387e-33 
8.4625795002e+35 
7.1707424000e+08 
-5.0778190625e+05 
-5.1479542890e-05 
1.4487736344e-08 
-5.3596772831e-25 
2.9957110400e+08 
-2.8017677251e+14 
1.3796706440e-22 
6.1643128414e-37 
-5.8143996450e-22 
-2.2670961562e-28 
7.5744061689e-08 
-2.4750164166e-18 
-1.8416834059e+19 
5.8137489067e+16 
-1.1792420753e+14 
-2.5560957511e-05 
-2.8418706637e+11 
7.7453693255e-16 
-9.0273095993e-20 
-3.5072768682e+26 
1.5754125584e+17 
-7.5013942117e-26 
9.5059335938e+03 
8.4541909975e+21 
8.4844622898e+18 
-1.1431883927e-27 
3.8812245613e-37 
-4.1193924861e+32 
1.8915647268e-01 
4.7622328303e-10 
5.1691176960e+09 
6.8428544082e+12 
2.2616422055e+22 
-7.7351074033e+34 
9.9796150510e-11 
1.9748643845e+29 
2.3455118321e+28 
-1.9590651323e-09 
-8.6832735981e-36 
-1.5305179922e+13 
-5.6714098388e+19 
1.6547937600e+08 
8.3752162539e-08 
-2.7052486917e-09 
-4.7385821711e-35 
-4.1404896696e-33 
4.4856689706e-14 
2.9784474676e-22 
-5.3269541683e+11 
1.9470049765e+14 
2.4604920970e+32 
7.8847253418e+02 
4.6472482905e-37 
-1.1732648438e+05 
-3.7303200529e-09 
-1.7063673826e-27 
4.4012824343e+30 
2.7447419735e-16 
-1.1812719365e-15 
-3.2769017600e+08 
-5.4067619324e+01 
2.1751171991e+15 
-6.2008324048e+16 
6.7420745087e+36 
-2.2586492000e+07 
4.7786552734e+03 
-2.1656087536e+17 
-4.8473853198e-33 
-5.0267755485e-19 
-1.7543513309e-07 
4.1844963074e+01 
-1.3799534154e+20 
6.7750846464e+10 
-3.9369325212e-19 
-1.0361829376e+10 
1.8392777600e+08 
4.3455131373e+28 
-5.5947841383e-18 
2.3112188800e+08 
8.2957831650e+30 
-1.1960043253e+34 
1.3793186453e+19 
5.4430856377e+22 
-1.1054997880e+19 
2.2670861716e-11 
7.2248529015e+37 
-4.0174608691e+17 
-9.2858257114e+30 
-1.3305461761e+23 
-7.2027285956e+36 
-3.1236152277e+18 
-3.3391755181e-18 
-9.3953987500e+05 
1.1662280499e-25 
-1.4117042176e+10 
-2.0868022272e+11 
1.5226638184e+03 
5.9446087455e-18 
1.3197923552e-20 
-7.4658414032e-20 
-4.6996817569e-23 
1.6754669988e+27 
1.1435951477e-35 
-5.9739149391e-12 
-8.7969288230e-02 
-1.5035765274e-25 
-2.4916264407e+26 
-1.7186745970e+20 
4.0325776367e+03 
-1.6151340446e+27 
-5.9112224000e+08 
-1.0860267438e+12 
8.7355847221e-16 
-3.4686872500e+06 
7.5374576640e+09 
3.9352558080e+09 
2.9381790625e+05 
-1.3044298640e-23 
-3.3629414076e+15 
-8.3926675143e-04 
-2.4392915801e-14 
-7.0999459122e-32 
2.4636489728e+12 
2.2916190175e+13 
-7.0589462888e-25 
-7.6208612882e-04 
-4.5194569262e-27 
-5.5863575357e+35 
-2.9080145126e-20 
-1.7477418213e+03 
-1.1711618695e+36 
6.3046127494e-38 
1.0719590485e-25 
1.7653556168e-01 
4.6425957105e-35 
-5.0283055814e+15 
2.9185227006e-28 
-2.9262999552e+10 
-9.9059202139e-14 
-5.0284294770e+29 
7.2080549521e-32 
-3.8263381631e-18 
-9.1013987500e+05 
-3.3912008803e-05 
5.3629198860e-09 
5.7717402690e-31 
-1.1509695027e+35 
-4.0771955412e-25 
-3.3318163514e-38 
1.1777036667e+01 
-2.0639208589e-33 
-2.8311397552e+01 
2.7455487043e+19 
1.1993310106e+33 
1.8640411706e-18 
2.1929166913e-22 
-9.5151030096e+33 
3.4381263981e+30 
8.4997165203e-01 
1.2357029937e-14 
-3.9934198770e+30 
2.9207271963e+36 
-7.9774281256e-14 
1.3271544611e+25 
-1.1066815853e+00 
-2.1675879841e-11 
4.3761452800e+08 
-3.4898179770e-01 
9.5580661297e-01 
-1.6426759366e+29 
1.5231138229e+01 
3.7731742515e+11 
-6.2408132553e+00 
-5.0265205331e-09 
-4.2642573865e+18 
1.6529869732e+38 
3.8262616883e+12 
-4.1536329931e-09 
1.0149834967e+38 
-3.1332262299e+38 
5.9655368328e-01 
-2.1834473726e-31 
1.3865645968e-27 
7.2034008554e-06 
6.2089810493e-15 
1.4477922659e+27 
1.8872668490e+20 
-1.9696791283e-28 
-3.9421068317e-36 
-5.4175297700e+12 
3.3631842970e-12 
1.3805052800e+08 
-1.9224200566e+31 
-1.1139541051e+35 
6.8678124104e+18 
            nan 
-1.7004500360e+34 
3.8668263036e-10 
-2.3603009196e+38 
9.7000534468e+14 
-8.4764531039e-07 
1.4986382582e-25 
2.2870697270e-32 
7.7471468749e+12 
5.2948904037e+00 
1.9180423214e-24 
-3.7625405383e-32 
-1.8980494268e+29 
6.9694681239e-35 
3.5229786112e+10 
-6.4675417600e+08 
3.4844130500e-31 
6.5826552000e+07 
9.5873590908e-05 
2.7708548345e-08 
-2.0661004288e+10 
9.7202309120e+09 
2.6376564526e-29 
-3.3687454410e-13 
9.9028122747e-32 
-1.3573552611e+37 
-5.1283327128e-20 
3.8171459645e-28 
1.3554220940e+36 
6.3809935000e+33 
1.6621972480e+09 
-3.2763850689e-01 
5.2365439304e+33 
-6.7568152555e-29 
2.3794222148e-09 
5.3277663568e-36 
-3.2142530954e-28 
-8.4022956917e+13 
-3.5764100906e-18 
-3.1147401155e+27 
-3.9511478110e+19 
2.6641719818e+01 
1.4178285655e+15 
-6.7263195093e-39 
-2.3203345447e+30 
-8.3576367160e-07 
7.7191034721e-32 
            nan 
-1.7562618256e+01 
-1.3937650382e+14 
-7.9421527948e-13 
-2.9723190664e-07 
-1.8789414155e-38 
3.2746924532e+28 
2.9437459625e-34 
-3.0775103687e+17 
2.2778711824e+32 
1.0937935803e+29 
-4.2952848269e-34 
2.2698168870e+26 
1.7240929478e-16 
1.1033390879e+16 
3.0372127268e+22 
4.9957267761e+01 
3.4642745789e+17 
-2.3872008192e+10 
1.6314759165e+33 
4.2976716355e+33 
-5.2927567806e+26 
1.1134629888e+10 
-1.3395531137e+13 
-1.3138324486e+34 
6.0239859975e-12 
1.2372617722e+01 
2.2757994320e+37 
-1.5540625292e-14 
4.1317998936e+21 
1.5401271991e+32 
1.6557218991e+28 
-1.4751774761e-28 
1.6530477590e-38 
1.7207969120e+29 
1.9264685398e-04 
-3.2827766113e-12 
7.8087460363e-22 
-3.7110537790e+18 
3.9847164000e+07 
-1.3897148987e-09 
2.6610646184e+35 
-9.9121987500e+05 
-9.7644140000e+06 
-8.0397098681e-22 
2.9239339483e-07 
3.7535121677e-09 
-6.7124131601e-04 
-3.7062154040e-33 
1.2221523432e-36 
-4.1001202483e+11 
-7.5506988821e-34 
1.1534661462e-04 
2.3480561342e+35 
3.0901781135e+12 
-5.4943907840e+11 
2.5072383059e-10 
-5.5668275296e-30 
1.9903825684e+03 
-3.0035013632e+10 
-3.5935044177e-21 
5.1070010662e-01 
8.6341115948e+17 
-1.5109926395e+19 
5.6382167890e+37 
5.8991866038e-18 
-1.1858567947e-11 
2.1442172000e+07 
-3.1995090431e+37 
-3.1325933173e+37 
1.9997563109e+22 
1.6678586440e+19 
-5.5518381298e-02 
3.0866716370e+18 
2.2810868452e+19 
2.0556202761e+18 
-2.6996728033e-02 
9.1184484375e+04 
3.8432035903e+30 
1.8771887015e+31 
-1.4611431633e-21 
5.1051874821e-31 
-2.4416714530e+18 
-4.3178594201e+32 
1.2946636250e+06 
-4.7006213530e-31 
-1.4700585692e+20 
-3.5260642118e+16 
1.6333037875e-28 
-6.5063054535e-06 
-1.5538782911e-34 
3.9563163719e+31 
-4.3624736060e-27 
-8.1289197737e-18 
-9.7015280000e+07 
2.9362723117e-28 
1.9004217552e-14 
-3.5506434441e+00 
9.0233886474e+12 
-2.2975496875e+05 
-3.8317090944e-30 
2.2472112607e+34 
-1.3452205893e-25 
1.0564689001e-04 
-3.0052546312e+26 
1.6315210901e-12 
-1.7348381877e-01 
1.5988220582e-28 
9.4023403356e-30 
6.1562102408e-30 
3.3644286666e-33 
7.3327030000e+06 
-6.0259820528e+17 
3.6180244399e-31 
-2.0917383168e+10 
-1.0894718839e-25 
2.0067119923e+11 
4.5854848969e+16 
-1.6165997982e+00 
-1.7504696875e+05 
-7.0684766634e-13 
4.7179470745e+37 
-6.0980982604e-20 
8.0230524013e-17 
-1.9360239094e-04 
2.6704926859e-04 
-1.4174649057e+12 
2.2406574714e-28 
2.4678679213e-33 
7.2485104640e+09 
2.2151366358e-33 
-1.1912795880e-20 
3.3725944813e-03 
1.0487487000e+07 
-3.7334012800e+08 
6.9683527321e-27 
9.2124647706e-21 
5.0149308391e-19 
-7.7250160401e+30 
-1.4724055979e-22 
-2.4212905458e-08 
-4.3816058065e+29 
4.7133213940e-31 
2.3560572076e-29 
-4.3057347781e-14 
3.8809138773e-31 
1.2758872700e+25 
1.9280478274e-17 
1.5015628847e+21 
5.8871460663e+35 
-1.2216629200e-32 
-1.9245973630e-13 
9.0468940932e-13 
-4.9276853765e-36 
1.4051435547e+04 
-8.5383603814e+12 
7.7746854812e-28 
-2.1514166151e-38 
-1.1329454660e-23 
-2.2471518461e-13 
5.9981791548e-32 
1.2065103441e+17 
-7.6949857666e+34 
-8.4412202835e+00 
9.8440516160e-30 
4.6933240000e+07 
5.0431778654e-03 
1.3782284401e-26 
-7.2523754972e-33 
-1.0074520983e+29 
-8.2295452960e-30 
4.4472030318e+34 
3.7405466293e+37 
-1.4188254706e+29 
-1.2353950328e-11 
2.3267423063e+19 
-1.1214064360e+00 
-1.3853521035e-28 
9.8517196563e+30 
9.3979758907e+20 
-1.5340579832e-20 
1.6834499006e+33 
2.2345024090e-22 
2.6900788924e+16 
6.3280166983e-35 
4.5624635610e-18 
3.6021762280e+36 
-9.2497920000e+08 
-3.9312339849e+37 
-6.5579201331e+11 
-2.5366129553e-15 
-3.8020513954e+20 
1.4400313477e+04 
-2.3888397667e-32 
-5.4719958931e-15 
6.2887896709e+35 
-2.8303230528e-13 
6.9408719428e-03 
-8.1682932640e-10 
2.2507927315e-34 
3.6695332016e+22 
-1.0754901590e-35 
4.8768823035e-03 
-6.3736421691e-37 
6.5610128641e-01 
5.8417508626e-06 
-8.7446416370e-38 
-3.0381347840e+09 
1.2392941302e+16 
-4.9368006576e-20 
3.5647740364e+00 
4.7131043175e-06 
-2.6945384812e-10 
4.8655364219e-33 
3.1422555742e+28 
2.2680356640e-30 
4.4952702522e+00 
-1.8168736440e-14 
-5.4611204000e+07 
-4.9069219689e+32 
8.1798000000e+05 
2.2419666740e-22 
1.4390860596e+03 
5.6068829508e-06 
-2.1333503125e+05 
-3.2368891003e+13 
2.5161233521e+02 
-9.5039998939e-37 
-1.6253328229e-32 
3.0903770284e+13 
1.4681832990e+15 
-1.2250342482e-23 
3.6807922879e-04 
-2.5623790988e+29 
2.1764548734e+21 
-9.3019342222e-25 
1.7170796280e-31 
-1.6238606208e-26 
-3.2084083187e+34 
7.3333125692e-22 
-5.8788412500e+05 
-1.9116752000e+08 
2.2223313706e+25 
-7.2216111400e-14 
2.4454147919e+14 
6.8847688661e-10 
4.2014254865e+35 
8.6457152000e+08 
-7.9813015461e-01 
-1.0745863893e-31 
4.7400748917e+18 
1.0451810890e+37 
2.4528079742e-20 
-4.5017735952e-23 
1.2808982578e-26 
-1.1416955566e+03 
9.0846142236e+36 
-1.7592263314e-32 
3.7204164194e-09 
1.0490013806e-12 
-1.9334132162e-07 
3.0188169713e-20 
1.3680990890e-19 
-5.3261572266e+03 
1.9763767814e+27 
2.1063413100e+35 
1.0677471476e-25 
-2.0068013774e-17 
2.3748076637e-04 
1.4290042424e-18 
-5.8303642772e-34 
1.4536999936e+10 
-3.8375247955e+01 
-1.7555593645e-09 
1.5898846167e+12 
-5.6973482314e+30 
3.0566596985e-01 
-7.8289743384e-20 
9.0455156169e-05 
7.3521957088e+27 
1.6703962804e-32 
1.3802108765e+00 
-1.8893473452e-09 
4.9343887476e+23 
1.8467984086e-10 
-6.8444846587e-31 
7.9056041594e-35 
-5.4584360192e-21 
6.2564212799e+01 
-3.2150914000e+07 
-1.2694679509e-11 
3.4784984043e+37 
-3.3733524560e-06 
1.3500400902e+34 
-1.3437199351e-31 
6.2500678244e-11 
1.8735510821e-04 
-1.3015576877e-14 
-3.5515140000e+07 
-3.0211549278e-38 
1.1132072886e+14 
-1.3158301562e+05 
9.2592173349e-14 
4.7076960071e+22 
-5.5006850535e+34 
2.6162466600e+24 
1.3741235019e+33 
-1.6575046627e+24 
-4.6877192383e+03 
-4.1557317587e-08 
-2.3767658949e+34 
-1.1662709935e-24 
2.5498561111e+37 
3.6542818425e+24 
2.6097005442e-34 
2.4946602076e-11 
-1.2591144695e+29 
-1.8260056895e+19 
-3.9942232897e+37 
2.4494804620e-06 
6.8619647952e+17 
4.7349724101e+20 
3.5548005323e+18 
-3.8537841647e-06 
2.0690959875e-31 
9.8354569659e+20 
-1.8197971485e-06 
1.0458687232e+18 
7.3911562858e+33 
2.1973188231e-32 
-4.4957995660e-10 
2.5560198403e+36 
-4.3890441884e-04 
2.0223325182e-29 
-1.4952107868e+12 
-2.4813832837e-16 
-2.6093920256e+11 
4.0369966285e+11 
2.3750615340e+22 
6.8342467102e-14 
-2.6169024509e-31 
-2.1276227867e+33 
-4.0889967706e+13 
5.0201194834e+36 
-3.5157713602e-34 
-1.0064804688e+03 
-3.0548303301e+18 
9.3824355071e+27 
6.7883829297e+27 
-5.1627182529e-09 
-2.4264473976e-26 
-3.1266324186e+38 
-2.4613058258e-09 
-3.2893927078e+27 
3.4147838288e+19 
-1.9963339967e+35 
-1.3698541812e+20 
1.3858896723e-24 
5.9828708094e-31 
6.2736893733e+28 
5.2230872472e+14 
9.2062047590e+26 
1.0304022642e+19 
1.7169691574e+35 
-4.3711956798e+33 
3.8751582198e+30 
-2.3447532627e-27 
-3.7906117049e+33 
1.2518436534e+31 
-1.6549771677e-23 
3.5829345610e+17 
3.3070060504e-20 
-3.0237530746e-23 
1.6283325195e+01 
2.9251144366e-30 
-1.0976307200e+08 
2.6203378596e+25 
6.6142145947e+32 
1.7320591360e+09 
-2.5974675863e+24 
5.9526250000e+04 
-8.5374366449e+34 
-2.7179674739e+29 
5.7027317638e-36 
5.0581250000e+04 
-8.2242861390e-04 
-8.5124501168e-27 
2.8752478974e-31 
6.7518979262e+26 
1.2009511504e-34 
9.0255379124e+21 
-1.2459270629e+15 
1.3850227750e-36 
7.4071866933e+35 
-5.8476409298e+23 
-2.6253788677e+28 
3.0375338335e+21 
-1.8957160129e+34 
-4.9434962406e-29 
4.2926859937e-29 
1.4352174285e+11 
1.7537040384e+10 
2.0092960037e-32 
2.3932185667e+30 
-6.2517648952e-18 
-4.6178781432e-24 
1.0832916178e+33 
1.1579715014e+14 
4.4467456000e+07 
-1.0420619667e-35 
5.0740292750e-20 
2.2560644531e+02 
1.5664434403e-16 
-8.6547295335e+21 
-1.5186185642e-11 
-4.9320547646e-10 
1.9513026693e-25 
1.2467022161e-27 
-2.1551520000e+06 
8.3363142312e+23 
6.2713394741e-31 
-2.4151102758e+17 
6.3377145267e-35 
1.5483382805e-14 
3.6144578560e+09 
-8.7270163931e-06 
3.0009678205e+31 
-6.9850243521e-28 
6.9160510652e-12 
3.8508289890e-09 
-4.8887366819e-19 
1.9782836914e+01 
-1.3326367099e+28 
1.0933158798e+17 
1.8820096015e-19 
-2.2341386240e+09 
-4.3478284029e+23 
-2.1354908284e-19 
1.1280625973e-17 
2.4466751835e+38 
-2.1672001599e-33 
-2.3060794482e+20 
-1.5418589411e+38 
2.1246041389e-16 
-7.6410565427e+11 
-1.9468721660e+20 
-3.4704797500e+06 
-2.1511025849e-08 
2.6472814199e-27 
2.1028505406e-24 
-7.5475368758e+20 
-6.7368121973e-31 
5.3882727273e-12 
1.3283061523e+04 
2.1173856258e+00 
-1.9602560726e-35 
7.7281358074e-38 
-4.7448218077e+28 
-1.4564185458e-32 
4.7334745580e-14 
1.5250673592e+28 
-2.5799576000e+08 
-2.2928926313e-08 
1.8147751689e-01 
-5.5719944520e+13 
-2.8253901367e+03 
3.9167412330e-25 
4.5571316122e+11 
-4.1772802560e+09 
-6.9533334440e-14 
-1.6958204412e+13 
9.3748583509e+19 
-8.9673402870e+20 
7.9609055519e+00 
3.8876589874e+27 
9.7111587500e+05 
-3.2383619503e-19 
1.4256481934e+03 
7.7175407991e-13 
5.6943585589e-14 
-1.7183921486e+16 
-1.8569085002e-01 
7.4663025887e+34 
8.0822411519e-07 
-4.0170060926e+35 
3.0073210000e+07 
-2.4520332914e+31 
1.2678257825e+21 
3.8439295239e+21 
5.0547505747e-22 
1.2234287133e-16 
-4.0468219225e+27 
4.8991025162e-32 
-2.2279705263e-06 
1.7251277500e+06 
-8.4241092205e-01 
-1.5580058878e+13 
-1.5134124531e+32 
-1.3818890219e-21 
-1.6629258650e+11 
-3.1902813038e-16 
1.1871543154e+20 
-4.1580430979e+27 
3.3769488863e-30 
2.1639888386e+26 
4.3948200634e-09 
1.0731619363e+15 
-4.3401266225e-07 
-6.9668930015e-15 
-3.5351059645e-13 
-1.3892123648e+10 
7.0584759935e+33 
1.8958334720e+09 
-5.8096868126e+17 
-1.0879813562e+25 
4.7309874179e-22 
-3.4151495264e+19 
-1.6942118400e+09 
-1.3632619059e+27 
2.4432363046e+23 
-1.7119706260e-12 
5.1730930746e+24 
3.2872460288e+10 
4.6312599977e-08 
1.6543390919e-34 
7.1263517309e-10 
-1.4831346315e-18 
-2.5275471820e-12 
5.9970151067e-10 
-1.5960077500e+06 
-9.0443840151e-32 
7.1772538892e+36 
-3.0246524000e+07 
-2.1467403412e+01 
-8.8720080145e+33 
1.2853752350e-35 
1.8024083227e-02 
6.7617481092e+20 
-7.2057180405e+00 
2.0741415617e+29 
-7.0603145006e+27 
2.1428391337e-01 
5.5294566937e+29 
-7.5751613268e+14 
-6.8249986836e+26 
1.3711176052e-06 
-1.5939634373e+38 
5.2491185488e-04 
1.5939564502e+15 
7.9502909476e-17 
5.5688859365e-23 
-3.2106427739e-07 
8.9818806389e-29 
-5.0689742188e+04 
            nan 
-9.8653237884e+14 
2.4238320640e+09 
-5.7073865808e-18 
3.1654772210e+27 
3.5338281496e-25 
-6.9884670800e+32 
-9.4291577646e-25 
8.8011350746e-22 
-5.5761470795e+01 
5.9359724836e-16 
1.9017351860e-24 
-2.3869649795e-06 
-1.1305870906e-08 
-8.1941098439e+31 
8.0987274073e-29 
2.4061019070e-15 
4.9623979786e+12 
-6.0321541271e+23 
-2.6638681458e+22 
-3.9901039495e-19 
5.5266549800e-13 
-2.6529389733e+38 
5.7033296674e-02 
7.0669295616e+10 
4.5329682617e+03 
-1.4789057159e-20 
1.6102335000e+07 
-5.8188075192e+16 
6.1739728896e+11 
1.2134257458e-24 
1.9706247747e-01 
2.6854332410e+16 
6.4138887404e+14 
-3.8464049841e+27 
2.5864517914e-33 
5.9205189428e+25 
5.0259035334e-07 
4.0411543520e-30 
3.4796768887e-05 
-2.8317880016e-21 
1.7948542674e+28 
-3.1127182301e-03 
-1.5232642416e+26 
1.8965142367e+33 
1.3813659668e+01 
-1.3783112024e+26 
2.1097500000e+05 
1.4673383741e-35 
2.0890248461e-23 
6.6846311092e-03 
7.6708571621e+24 
6.3706969337e+33 
2.6617493478e+35 
1.2500512623e+17 
4.8651127145e-05 
6.5245938767e-20 
1.3930731568e-12 
-3.2352387503e-28 
-4.3894591586e-30 
6.6050588672e+10 
2.1182361420e-12 
-5.3651660039e-38 
-4.0601169074e-16 
1.2116040679e-34 
6.1772079964e-16 
-4.8461811728e-34 
-4.3778527470e-07 
4.9670717440e+09 
-4.7862166254e+31 
4.5039338789e+18 
5.8883437500e+03 
2.2119488854e+36 
-1.6727968514e-20 
4.6401898030e-14 
-7.8150386220e-23 
-6.6772971700e-12 
5.1480166169e+26 
-1.9629546998e+25 
2.0923619035e+15 
-1.2290769838e+28 
-4.5898788516e+31 
-7.0026416620e+12 
-9.7574945600e+26 
-2.9550582886e+02 
-6.1853771789e+24 
1.3944092163e-20 
5.0743411932e-37 
9.0000842752e+10 
8.8385560996e-38 
-3.3993968827e-05 
-1.7248699971e-18 
-1.2357668362e-30 
2.8513614692e+13 
-1.2173728604e+26 
3.3519606284e-18 
3.8757086069e+37 
9.4496450424e+00 
1.2760973543e-16 
8.3605435077e+30 
5.3220533801e+29 
-3.4748753510e+11 
1.4530830496e-22 
-2.7685069468e-36 
9.9095631763e-29 
-1.3099453000e+07 
-2.3107112057e-10 
-8.3919755521e+24 
-2.8339888640e+09 
-3.4141762067e+14 
-4.8558190304e+32 
-3.7157084130e-23 
4.3563407360e+09 
2.7234529186e+19 
-1.4212061523e+04 
4.2214682808e-23 
4.7448473927e+34 
-3.4066435783e-10 
4.6171246094e+04 
-1.3213944553e+30 
2.4371488815e+28 
8.4364898446e-17 
-1.2675940352e+12 
-6.4818171297e-25 
            nan 
1.5514443019e-28 
6.8966492188e+04 
-8.7365771264e+10 
1.2435019530e+12 
7.7870926377e-39 
-3.5255499451e-31 
8.5836005376e+11 
5.4152208840e-14 
1.7143021251e+19 
2.3020046687e-21 
-1.5801871237e+12 
1.7676783204e+38 
2.7730824021e+30 
1.5525583802e-27 
4.8978647972e-27 
4.5458905614e-32 
-1.6352425015e+38 
-4.9306262198e-14 
3.9041335715e-36 
-2.9525310927e+22 
5.0032362185e+29 
4.3118628107e+35 
8.7537002563e-01 
-3.8354201508e-28 
-1.0724798654e+24 
1.8768661924e-17 
-1.5654732124e-06 
-3.6102746498e-16 
            nan 
5.9089616896e+10 
-1.8650078125e+03 
1.5217500446e-37 
-1.7891235352e+01 
5.3801562500e+03 
2.1973327564e+16 
2.3770100000e+05 
2.7107818085e-35 
-2.1628586065e+25 
-2.3285361997e+30 
-2.0695292532e-24 
-1.9941732442e+17 
2.5577760000e+06 
1.4395540555e-27 
-2.5996589661e-01 
4.2180640444e+31 
-2.8280121227e+32 
5.7833125215e+24 
-7.1995813344e-23 
-2.1886533632e+10 
-2.5696358400e+08 
-8.7257461416e+35 
3.4652657632e-07 
-4.8704241942e+16 
-7.0380018467e+13 
-1.3635217329e-06 
-1.1297420248e-12 
-1.0869429272e-12 
-2.5994057391e-33 
1.0915891471e-04 
-2.4001314189e+35 
9.1697993750e+05 
1.8637954407e-13 
3.0861221607e-26 
2.9041325091e+37 
-4.0386246094e+04 
2.6531143155e+23 
-2.1242415347e+37 
7.4528982113e-34 
2.8814974546e-15 
-2.6489338831e+33 
6.7900272017e-17 
8.9130471679e-06 
2.1554022569e-16 
-2.0158382277e+31 
1.3774692158e-36 
-8.0416699221e+26 
5.4016602112e+10 
-7.0399583515e-13 
-1.5817294035e-13 
-2.3880275424e-38 
-4.4371981858e-06 
-2.5119612366e-29 
7.7960055560e+37 
7.5108171869e+16 
2.1184326033e-04 
-1.6695473839e+19 
1.0863464083e+29 
4.0154554273e+32 
4.3763815646e+26 
1.0081227200e+08 
6.7230905139e+11 
-1.0752654088e+35 
-3.2942274680e-31 
-2.3674841970e-02 
-1.7291750605e+11 
1.3599616170e-37 
4.6440175046e-28 
-3.0249815579e-25 
3.8892503828e-02 
-2.3215941730e+20 
4.2107173920e+01 
1.1173841034e+17 
-4.2070430300e-31 
5.1117291293e+21 
9.9289927137e-14 
1.1439349640e-25 
-5.8149676800e+08 
-5.7557054749e-24 
1.4534317326e-11 
-6.3012118545e+35 
-1.7259882390e-01 
1.5127562212e-28 
-1.6752047492e+17 
-2.1010191850e-11 
-1.3707622228e-19 
2.5365078345e+23 
2.9398009634e-12 
-2.2482755184e+00 
3.6371980216e+29 
6.4587477588e-09 
3.1129991168e+10 
6.9571260072e-35 
-1.0786063784e-17 
-2.2772187453e-37 
2.9136441876e-19 
-9.0198583329e+23 
1.4400283886e-20 
-4.4877554716e+32 
1.0171287863e+14 
-1.6721122713e+36 
-1.6256760453e+16 
-1.0234078309e+19 
-9.2555206007e+31 
1.0504325240e-19 
1.2783903048e+13 
-1.9631431897e-13 
8.6730575562e-01 
6.3537487684e-22 
-6.2868853398e-30 
-1.9076629542e-05 
-2.8647643520e+18 
1.9965258795e+28 
-2.3561835289e-02 
4.8027852800e+08 
-4.0247448115e-16 
2.0599999252e+30 
3.7881690558e+29 
-1.3373437686e+21 
-2.2622922897e+01 
-2.4828154623e-37 
1.0651147523e+21 
-3.5035798433e+16 
6.4617498835e+22 
-3.2194425651e+11 
-3.5627044045e+11 
3.2960219919e+14 
2.9628961287e-21 
2.9541613433e-23 
-5.0187182617e+03 
-1.4630793035e-01 
1.2020257661e-29 
-3.0822213051e-25 
-1.7590408019e-09 
1.0049223680e+10 
-6.3174051046e-01 
-4.6841755077e+22 
-3.2150026411e-02 
1.4613898110e-18 
-2.3700723253e+37 
5.8770854356e-22 
-1.6401872022e-38 
5.8205047389e-04 
-6.1842018310e+19 
1.1231031011e+21 
1.1485458358e+33 
-1.5530067714e+22 
-1.2998155010e-23 
1.1078925425e-17 
2.7473839696e-31 
7.4973898153e+30 
-8.5146346828e-04 
-2.4809061511e+19 
6.8429196500e-14 
-3.9504131494e-23 
9.3749060663e-18 
-2.6697405982e+14 
-1.7168213747e-19 
-5.0238867200e+08 
1.2160506845e+35 
1.4182700810e+12 
9.1431867787e-21 
-5.2642544000e+07 
-3.3261839723e-38 
-4.1195607163e+12 
9.1808225659e+37 
1.6737473608e-17 
2.0505494400e+08 
5.1423526316e-23 
-2.2296411505e+12 
-4.1182640951e+17 
1.0832942677e-33 
2.5023320883e+11 
8.8163356823e-12 
1.7603075525e-28 
6.0202199051e+25 
5.1205220854e+35 
3.6562296780e+28 
9.1394552000e+07 
-1.3413973111e-19 
7.5335145882e+11 
-4.5343946908e-07 
1.8759875974e-19 
2.1771582800e-11 
-2.1226680555e+35 
-6.9374215353e+25 
-2.9117683862e+20 
2.5938518016e+11 
-2.7803614557e-06 
1.0757380369e-04 
-9.6587365325e+14 
2.8304413383e+31 
-1.0473140719e-04 
1.0414486695e-07 
2.7801211365e+28 
-5.4607626051e-02 
8.6628329911e+30 
-4.5819883520e+10 
4.6496321460e-08 
-1.3805025603e+25 
2.2201753964e+21 
1.4652015601e-08 
8.9652078102e-17 
6.8703094429e-12 
-1.5612857144e-12 
3.2370166989e+11 
1.6120728000e+08 
2.6249657319e+14 
-1.6617034859e-08 
2.0695145398e+28 
4.6779687762e-11 
2.0850806620e+12 
-4.8826926970e+33 
-5.5747466485e+35 
-8.1653505482e-27 
-9.1638793750e+05 
-9.2879210943e-25 
4.8860251542e+32 
1.3876321407e+20 
2.2581488539e-24 
-1.8125527708e-37 
-8.4687370682e-29 
-8.0283197021e+02 
3.1694866862e-37 
8.8357440938e-13 
2.6004867149e-09 
-2.6226276693e-20 
1.2492363088e-30 
-3.9213577457e-24 
-1.4529343000e+07 
3.1595160266e-08 
-2.0967332967e-37 
4.8530764857e+14 
-3.5311994940e-34 
-1.0007789222e+29 
-5.7122924162e+17 
3.5309056204e-34 
-7.7812213308e-19 
4.1445248994e-38 
1.0020152432e-13 
-6.2703449204e-12 
6.5710875890e-37 
9.1833197021e+02 
1.0466053055e-25 
7.4358793750e+05 
2.4988317500e+06 
5.9108604000e+07 
8.2844781598e+23 
-1.3630076904e+03 
9.4522942318e+15 
9.6047811856e+20 
-1.0072395402e+14 
4.9291255951e+01 
3.7279502152e-08 
-4.1551555265e+36 
9.2220459296e+36 
-7.6299444104e-17 
3.4782418785e+20 
6.8741606863e-22 
-6.1320820363e+29 
1.6647549070e-37 
6.1019235322e+24 
-4.0467171851e+31 
3.4026811045e-14 
-1.8790155975e-33 
1.3179559570e+04 
-6.5784246106e-11 
6.7852881330e-05 
-1.2764640258e-32 
1.2844260782e-02 
3.5006966944e-37 
-5.2249604301e+16 
3.7760478201e+25 
-1.1478766737e-06 
4.6952357496e+26 
-7.9774949313e-08 
-2.7434125935e-13 
-1.2129617366e+25 
2.3268702314e+27 
3.1708721971e+11 
8.1586894257e+26 
1.8089373696e+10 
6.3698415756e+00 
-3.0384521174e+22 
-2.8612527769e-22 
3.3671003988e-20 
-8.9349993267e+11 
1.1118419379e-23 
-1.8856333196e-01 
-1.7493804282e-15 
-1.0044951585e+38 
-6.4691523940e+32 
9.2718487279e-36 
-6.6647340171e-28 
3.0840797500e+06 
-1.0954999397e-07 
-1.0161970560e+09 
1.7140681215e+18 
            nan 
1.3554355688e-15 
-2.2769962305e-10 
1.7292763358e-12 
2.5803136134e-18 
-3.2835037500e+06 
-3.0331020100e+21 
-1.2972242379e-18 
2.0154101399e-36 
3.9192663014e+21 
-1.4120173699e+13 
-6.2565353500e+23 
-6.4957468737e-08 
-1.8341550527e+31 
-2.9897096308e+29 
-4.6271446259e-20 
1.0468422435e-02 
-1.0419589671e-04 
1.0922064038e+18 
8.9948069531e-32 
2.8495953427e-12 
-2.5056758091e-07 
1.6412011919e-35 
4.9201757490e-18 
-2.4321337479e-37 
2.1895591622e-13 
-9.7989641778e-15 
-8.0621999583e+30 
-1.1630615328e-14 
-2.5968126038e+16 
4.9565554569e-13 
-2.7868478636e-09 
4.6426922363e-23 
2.9531566697e+35 
4.7604971180e-12 
1.7162946317e-22 
1.7655970560e+09 
2.1611911232e-18 
1.0920953780e-17 
-3.1202397500e+06 
-9.6621430000e+06 
-2.7447056112e-34 
-2.9824841309e+03 
2.4291148719e-19 
6.6898816000e+09 
-1.9309902571e+21 
-5.7918655330e-06 
1.7040891647e+01 
-1.4044767712e-31 
-6.9098543309e+21 
7.3992129741e+11 
1.3669999614e-14 
6.5447197535e+24 
3.3344465761e-16 
1.2308774946e+32 
7.5520340204e-08 
3.9839197500e+06 
-8.2364466372e-27 
-5.2440920351e-21 
1.7118253330e-19 
-1.1347824377e-36 
4.7471460088e-31 
7.2900295440e-28 
-2.3509131089e-28 
5.7689605455e-05 
-7.7346762263e+28 
-3.4998952287e-06 
-1.1849522004e+25 
-2.0181227430e-14 
-1.1498459978e+34 
6.7391622253e-22 
-9.7860595705e+29 
9.5796490740e-09 
6.1287177734e+03 
-4.7306853880e+24 
-5.2040191181e+11 
2.4089008182e+38 
-2.9815706512e-05 
3.2985986367e+14 
4.6997328364e+12 
2.5502301553e+13 
-2.7504425600e+08 
-4.3637362523e-07 
-2.3293634153e-37 
2.4730383214e-13 
1.0495314649e+32 
-1.6325912248e-13 
4.9458484183e-12 
            nan 
1.1404890184e-37 
8.7421838543e-05 
1.3626324480e+09 
-5.2442763673e-12 
-7.2659945672e-20 
1.6001189520e-24 
-2.5846352978e+16 
-4.6105637185e+26 
-2.7796401367e+03 
-8.2287899156e-35 
2.1745727920e-38 
1.4355795932e-34 
3.0260645872e-05 
-9.7722510418e+15 
-3.4428121119e+17 
2.1352409481e-34 
-3.5067645131e-14 
-1.2365812728e+13 
7.0807634204e-24 
2.4369656293e-10 
1.6660874902e-09 
-8.6400615234e+03 
6.1512028746e+27 
2.2898037547e-21 
4.6812437628e+20 
1.6219473183e+13 
1.1824215691e+16 
1.3141149535e+14 
-3.2356214394e-34 
4.2199396875e+05 
3.4916732747e+25 
1.3231418450e-07 
9.3273368560e+14 
3.1852909923e-01 
6.5403855657e-36 
-3.3737794510e-15 
2.0282058998e+12 
7.6371534549e-16 
-1.0964632800e+08 
1.8014549255e+02 
2.6585131319e-10 
-1.4241071264e-18 
-8.2608022690e+00 
8.5938363554e-06 
-4.0910347245e+28 
2.3100297716e-11 
-2.3750017583e-01 
-2.9594123047e+04 
8.9176285491e-33 
1.5807899288e+25 
-9.1791867123e-36 
1.6558151526e-21 
3.3727334093e+29 
5.1304125930e-36 
-1.9871143159e-03 
-1.4337562453e-33 
-2.6781275888e+25 
5.0913880310e+13 
3.7046253014e+26 
-1.2056358972e+32 
1.1784343092e-30 
8.7105967266e+34 
-1.4762851211e-16 
1.5804964687e+36 
5.5414369686e+26 
-3.8244853345e-34 
1.2166642398e-01 
-1.3472905000e-15 
2.5786684211e+11 
4.7829098511e+02 
2.7547399491e-24 
-2.9107396875e+05 
-7.0162179963e+30 
2.7762971776e+34 
1.5362086528e-20 
-2.5524468043e-30 
-1.0425100416e-22 
-8.1736069682e+28 
8.1291557617e+03 
3.2504943665e-03 
4.1281037835e+35 
8.3310528613e+16 
-7.0785751040e+09 
4.9558729163e+20 
2.4645444006e-02 
1.6608028412e+01 
-6.5059058141e-10 
2.3326748672e+10 
8.0661505189e-27 
-5.6182853699e+01 
6.2469923999e+30 
-3.2346900980e-07 
-2.9062428622e-31 
2.5763539034e+31 
-1.1084450684e+03 
-1.3792245760e+10 
-5.3454477129e-31 
4.7676157696e+24 
-4.6624147200e+08 
-1.7222281121e-24 
-1.8549778247e-07 
-1.0552325112e+30 
-8.9354226772e-22 
-2.9834790124e-32 
2.8458544357e+17 
3.6416281946e+26 
-1.7443843079e+02 
-2.7546401261e+19 
5.2464765913e-23 
-1.8033482404e+27 
7.2358146839e+25 
-2.7130069128e+32 
2.8404441600e+09 
1.0178741696e-37 
5.2343317253e+23 
6.4954583899e-38 
-3.4243971184e-25 
7.2325927511e+22 
-4.6360406833e-12 
5.2458493900e-21 
-1.6265746206e-02 
9.1430769595e+32 
2.8302635326e+17 
2.4851280558e+19 
5.7100881562e+28 
4.5930457382e+34 
-2.4436386443e+19 
-5.9254732841e+34 
2.4446238219e-13 
-1.9045061335e+24 
-9.3530058698e-11 
-1.7086847752e+18 
7.0450156980e-37 
-1.9718528026e-12 
1.3695969756e-05 
1.5204483845e+18 
-1.5504322139e-38 
1.3912372049e+27 
-3.4257284929e-32 
-5.5102564147e-06 
9.0040667461e+18 
-4.7527284535e-34 
-2.5844443251e-23 
-1.4717731934e+03 
8.7716949477e+32 
-7.7885635111e+33 
4.2522479821e+11 
-4.3967847319e-36 
-1.8091390000e+07 
3.9818918626e+30 
-2.6197879421e-08 
-1.7953680609e+28 
1.1589731286e+20 
3.0840945657e+33 
2.4346688612e+32 
-9.6406492065e+17 
-3.9033600413e+30 
3.9812799543e-02 
3.2661549052e-34 
-1.9503523509e+28 
2.9692308090e-05 
-1.8343460283e-25 
3.3216207886e+02 
2.0226123745e-35 
2.4877992936e-14 
8.3205447000e+27 
7.4198886781e-14 
2.1334834344e-07 
-8.4247505920e+09 
4.7415450272e-38 
2.0977705446e-35 
-2.0681484108e+26 
-1.6961718390e+34 
6.2026149888e+10 
3.1897650388e-06 
-3.3214765013e+21 
-2.5098622723e-20 
-1.6658439426e-14 
1.9521717968e-24 
-4.4866084683e+15 
-3.1831323921e-25 
-1.2050926971e+02 
4.3023003030e-16 
2.6822437576e-05 
-8.0107507200e+08 
3.4670456610e-12 
2.0718075904e+11 
2.1991085052e+01 
2.7694334456e-13 
1.0435974219e+28 
-7.6152870097e+27 
-1.9260181424e+21 
3.1460371094e+04 
1.4202961109e-16 
2.9473127384e-35 
2.2277207070e-14 
1.4579094189e-24 
-2.1028348800e+08 
1.8938260173e-25 
4.7411333051e-22 
1.7761789817e-09 
-1.4744497443e+38 
3.5246726961e+15 
-8.5840774700e-03 
-2.9457815677e+34 
9.9681768916e-05 
9.9684789063e+17 
-1.5150278254e-10 
-1.3695296875e+05 
-3.5419989902e-32 
4.8137507439e+00 
-3.7008906791e-30 
-1.2769463063e+19 
4.4198711180e-07 
5.2824255079e-02 
-2.7827567465e-05 
-1.4865178778e-19 
4.4568777600e+08 
2.6901530214e+11 
1.5168105429e+16 
6.5460098047e+31 
6.2289733606e+31 
3.1531935990e+12 
2.8440819200e+09 
-2.6738471802e+17 
-3.0132692785e-08 
            nan 
-3.4217385110e-03 
