2.3509887016e-38 
0.0000000000e+00 
0.0000000000e+00 
0.0000000000e+00 
0.0000000000e+00 
0.0000000000e+00 
0.0000000000e+00 
3.5873240687e-43 
0.0000000000e+00 
0.0000000000e+00 
0.0000000000e+00 
0.0000000000e+00 
0.0000000000e+00 
0.0000000000e+00 
0.0000000000e+00 
0.0000000000e+00 
0.0000000000e+00 
0.0000000000e+00 
0.0000000000e+00 
0.0000000000e+00 
0.0000000000e+00 
0.0000000000e+00 
0.0000000000e+00 
0.0000000000e+00 
0.0000000000e+00 
0.0000000000e+00 
0.0000000000e+00 
0.0000000000e+00 
-4.4236203410e-34 
7.1746481373e-42 
0.0000000000e+00 
0.0000000000e+00 
0.0000000000e+00 
0.0000000000e+00 
0.0000000000e+00 
0.0000000000e+00 
0.0000000000e+00 
0.0000000000e+00 
0.0000000000e+00 
0.0000000000e+00 
0.0000000000e+00 
0.0000000000e+00 
0.0000000000e+00 
0.0000000000e+00 
0.0000000000e+00 
0.0000000000e+00 
0.0000000000e+00 
0.0000000000e+00 
0.0000000000e+00 
0.0000000000e+00 
0.0000000000e+00 
0.0000000000e+00 
0.0000000000e+00 
0.0000000000e+00 
0.0000000000e+00 
0.0000000000e+00 
0.0000000000e+00 
0.0000000000e+00 
0.0000000000e+00 
0.0000000000e+00 
-7.0012942215e+17 
1.9846442579e+15 
3.0009449189e-31 
6.0136750000e+04 
2.6304367088e+18 
7.9354783551e+20 
-4.5662776671e-08 
2.4308221401e-15 
-3.3617937938e+34 
-1.9043833166e-33 
-4.4316282061e+13 
-7.5381779671e+00 
1.6759520306e-35 
-3.7957265884e+35 
3.1441593962e+28 
2.8528850748e-07 
9.4479413132e-27 
5.4291028885e+17 
-6.4123414595e-24 
-4.0172101201e-09 
-2.6708435461e+22 
5.8245095652e-19 
1.4516044757e-06 
-4.6639182350e-27 
8.4526495702e+17 
1.7532981724e+22 
2.6119414169e+20 
4.7840103434e-08 
7.9620817288e+34 
1.3785242657e-34 
4.9526251485e-29 
-6.0050228678e-13 
1.3009353728e+10 
-2.8275267994e+11 
3.0099830961e-10 
2.5882831509e-14 
-2.5626049223e+28 
6.9692249626e-18 
1.1703792682e+32 
3.5187664338e-08 
1.2377870525e-23 
1.1878585615e-10 
4.2105326647e+34 
1.4663644207e-28 
9.1439513600e+08 
1.3832770659e+25 
-3.2948754836e-10 
8.6067593857e+36 
1.0581015625e+03 
1.2350464092e+26 
1.0013624952e-33 
-4.1761796500e-22 
1.9111681720e+12 
1.2170448899e-03 
5.3103212849e-07 
3.3533049831e-38 
-3.1889673770e-20 
2.1326782227e+01 
7.2012480814e-06 
9.0976693527e-29 
5.2011332786e+24 
2.2731026631e-20 
1.0044145584e-01 
-1.8517184479e+31 
-1.1496582668e-21 
-5.3230084689e+18 
5.0311430622e+31 
3.3850163200e+09 
-8.3694444604e-15 
-1.0461953125e+03 
4.2136036882e-09 
-4.6945556641e+01 
1.1205200000e+06 
1.7910289385e-37 
1.1358839216e-13 
7.1629619200e+08 
4.5251091763e-10 
-1.9088565884e-22 
-9.5275416970e-04 
-4.2907953262e-02 
1.0312888321e-09 
-5.5747020252e-32 
-4.5470194891e-05 
-1.5582034984e-23 
3.4675203716e+14 
1.9620074454e-07 
-1.8846774494e-26 
1.2917566196e-33 
5.7247334400e+09 
4.3771462515e-05 
-2.6113476562e+02 
-3.5632123327e+32 
1.6988281974e-31 
-5.6669055722e-27 
1.2835078125e+03 
5.9796222132e-33 
2.3624333146e-32 
3.9532698089e+35 
-3.8814986010e+34 
-8.0690312500e+03 
-1.5571489930e-03 
2.4163490202e+11 
1.3725823656e-35 
-6.2643712700e+20 
1.8664541130e-04 
9.8335469323e+29 
8.5712045431e-01 
4.2041452048e-19 
2.4331125938e-21 
3.1557033751e+18 
-2.5418667702e+33 
-8.4320620000e+06 
6.2939835000e+06 
2.2233168811e-13 
-2.2671489344e+26 
-7.3367219200e+09 
1.0578338856e-22 
-7.8177883722e-08 
-4.3963255545e-36 
-8.0162909229e-24 
1.3011230469e+02 
8.7745701322e+25 
-1.1110185725e+23 
4.3668160000e+06 
-2.0504618887e+21 
-2.7811926508e+13 
-5.5902569685e+22 
-1.0053169353e-17 
7.4556109462e+36 
-5.2371740341e-02 
-5.8382000000e+05 
6.4233303070e-02 
2.2472375000e+04 
-6.0011410073e-26 
-2.4811680488e-12 
5.3087787369e+36 
-1.0957209600e+09 
-2.2562404523e+26 
-5.7575582791e+15 
6.0202331543e+00 
3.4824558945e+29 
2.3431577600e+09 
1.5424610244e+37 
5.6268945059e-10 
3.7530927471e+14 
8.9789526779e+24 
-2.4358867618e-17 
-1.0599288940e+00 
1.7973359375e+03 
2.7784039958e-08 
9.2096000000e+07 
-2.0268278885e+26 
-1.1093210403e+36 
2.2947412970e-33 
7.8330239155e+15 
-4.3683712647e-08 
-6.2479992825e-37 
-1.1110187500e+04 
2.1530201091e-17 
-4.2616576000e+07 
-1.5347581652e-28 
-4.4705536000e+07 
-8.0271039558e-38 
5.1379902288e-05 
5.9204299598e-39 
3.4060075723e-15 
3.5956607209e+15 
3.4633502948e-22 
2.8934103377e-14 
1.7948970199e-03 
2.4150433986e-16 
-1.4680167566e+29 
1.7665782717e+26 
-4.6924616970e-13 
-9.5229625702e-02 
2.5890610469e+16 
2.7624300070e-10 
1.5862721791e-22 
1.7535883344e-26 
-5.8672546964e-36 
1.1989294551e-02 
-1.1137150175e+15 
1.8047442651e-08 
4.3100792033e-12 
3.5707147455e+15 
-1.4618390872e-27 
1.1391205756e-09 
5.3142418786e-20 
7.4669778824e-13 
-2.7245809637e+26 
1.9928434915e+31 
-1.8587185768e-03 
2.0286172549e-27 
5.7257981560e+26 
1.0827488358e+27 
7.1180640842e+28 
-1.3636096000e+08 
-1.9398278986e-24 
2.2332179616e+21 
3.6649553563e+35 
-9.5403654586e-26 
7.6881279121e-12 
-2.2748086101e-26 
4.1631151555e+12 
1.9102009017e+33 
2.8584809220e+31 
-4.6254492288e-20 
6.9589262331e-17 
2.4119981390e-07 
9.6836142790e-29 
-1.5978956063e+13 
-3.6137202863e+32 
-8.1326234636e-10 
-4.5611480660e+17 
-3.7682242692e-04 
-2.3927260591e-27 
-1.8205185252e+14 
5.2308201173e-14 
-4.6034356882e-13 
-1.3034175236e-33 
-5.7330360361e-30 
-2.0741902965e+29 
4.3637593539e-12 
-4.3319348109e-11 
-1.0103045497e-05 
2.1733681529e+30 
7.8659648239e-13 
-3.7825076404e-11 
-1.0540626156e+32 
-6.4450555527e+28 
-3.2596325639e-10 
-3.0275396990e-15 
8.1827942323e+18 
-5.0288319339e+20 
-6.6904062500e+03 
3.6302431301e-29 
4.3250213468e+18 
-1.5806198262e-38 
-2.2722266781e+15 
2.3083762840e+20 
-4.5643250000e+04 
3.5133705456e+30 
6.4159181440e-14 
2.0435095394e-08 
2.6422400000e+07 
2.0897700356e-22 
-9.0889054744e-21 
3.8971350628e-17 
6.0627865972e+26 
-9.2369866194e+27 
-6.3461631409e+36 
-5.4517694785e+21 
1.5210621393e-35 
-2.0186625000e+04 
3.4863654546e+23 
-4.0825624101e-33 
-2.0097423288e+17 
-1.2596937753e+13 
3.0552192000e+07 
-9.9425993750e+05 
1.6805278305e-28 
-2.7168965744e-07 
2.2975198988e-07 
-4.5852566188e-10 
1.4313284041e+20 
3.1310942610e+26 
-4.7532271478e+26 
-5.5891952927e+12 
-1.6190483178e-36 
5.4204887047e-21 
3.4369018442e+34 
-7.5135728379e+14 
-3.6087529633e-34 
6.6456279250e-34 
5.9906240000e+06 
4.9747539421e-11 
2.0477652550e-02 
1.6422826984e-36 
1.8723068237e+00 
-1.3322173899e-18 
-2.6188035268e-17 
-1.3077578842e-15 
-7.7120022558e+27 
-1.0580303002e+23 
-1.7687124312e-27 
-1.1602604372e-17 
-7.8640510403e+12 
4.5461322793e-35 
4.6486889530e-30 
-3.2836317500e+06 
1.2131855237e+12 
3.2306441533e-21 
2.7236054876e-34 
2.9585997902e+27 
-1.0387253899e-21 
-6.9954185598e+28 
1.1065349219e+05 
-4.2988454721e+27 
1.4239708350e+35 
4.8527489106e+13 
-2.8350186699e+32 
-1.5870503455e-30 
3.4676984642e-15 
-1.7618201292e-19 
5.9718639505e-33 
2.4412792969e+02 
-1.8928350370e+15 
2.4259346380e-26 
-2.1119197352e-22 
-1.9027663424e-16 
7.3693481872e-13 
3.0950522880e+09 
6.3738232770e+35 
6.0948579517e-10 
-9.4181581251e+22 
-3.3682098389e+00 
-2.1284032558e+14 
-8.7433984375e+02 
-5.2772732928e+12 
-1.9967880249e+00 
-6.4653810114e-05 
4.3531646952e-05 
-4.5717849321e+37 
-9.0810240000e+06 
9.2374989017e+29 
-6.7634535876e-23 
-1.1787676613e-08 
-1.9218599127e-31 
9.7365462395e-35 
-1.3196480000e+07 
-1.0734605228e-35 
3.5249598795e-09 
3.2298588080e-33 
1.5241317749e+00 
-1.4638196052e-31 
-1.6034925291e-16 
1.1990783200e+08 
3.1935601003e+31 
5.2460169829e-28 
4.6958758643e+16 
-7.4980999325e-22 
-2.4924331589e-35 
4.7305034039e+13 
-2.0256255575e-29 
3.4719934774e-05 
-5.4707289936e+32 
-1.4596192452e-38 
-2.2046976261e-37 
3.5226776121e+27 
7.7645622526e-24 
1.9506765642e+17 
-2.7073678239e-36 
-3.1912131724e-19 
3.4138180631e-17 
3.1010210774e+20 
3.1740069554e+35 
1.3527714969e-22 
-9.6984657169e+26 
6.1562141607e-21 
-1.4851300716e+23 
-7.8171793482e+19 
-1.3794909257e-26 
-2.3532187662e+18 
-8.9864261582e-38 
6.8800452437e+25 
1.6765075329e+34 
-4.8763720846e-24 
-1.0450908850e-33 
3.4259637468e-26 
-6.2400432044e-13 
-4.6493586293e+20 
-7.2359682690e-09 
8.5703217120e-17 
-4.1120301830e-08 
-7.8639453125e+02 
4.3538457671e-22 
1.0300006400e+09 
7.5128395110e-05 
-1.9475008397e-37 
5.6068762155e-25 
-1.5093806642e-35 
3.1257351192e-25 
2.6993185465e-11 
2.1726924493e-17 
-1.7179629532e-34 
-1.8904300150e-32 
-4.3241540177e-16 
2.6389206503e+30 
-4.0096379863e-25 
-2.4580117497e-08 
            nan 
-3.0299284553e-27 
-1.1444848496e-05 
-2.1669024307e+32 
2.5833741564e-23 
-8.1192399992e+15 
-3.2987596654e-08 
1.8708065548e+34 
-1.2713734066e-07 
1.0466622561e-01 
1.1873023141e-05 
7.1664855738e-39 
8.4049675905e+32 
-1.4408091196e-33 
-3.6445701426e-06 
1.1248668213e+03 
1.7627944953e-24 
9.5571026206e-02 
-2.1664795047e+29 
-3.4417374720e+09 
4.1366005925e-21 
2.8901544865e-03 
-5.1728725194e-35 
1.5530445176e+27 
-7.0357845280e-22 
-2.4656082944e+10 
4.6487304334e+29 
9.0084716931e-07 
1.0891715379e+11 
4.7703124659e+14 
9.3294977006e-22 
1.8966425748e+25 
3.8973070311e+22 
4.4025552809e+24 
1.2967421875e+03 
2.9584019440e-25 
2.2934440365e+19 
-6.5187071331e+19 
-7.2230648129e-09 
5.9444750000e+04 
6.0609654891e+18 
-4.9650071059e+35 
-6.0708643947e-38 
-1.1820566050e-20 
2.9222375000e+04 
-2.1365864762e+20 
6.4499081156e-34 
-4.7587646484e+01 
8.8161786082e+24 
-2.0431161829e-07 
-1.0310832295e-06 
4.7471421003e-35 
3.4147261985e+36 
3.5676504963e+35 
-1.2455368042e+00 
-8.0107810114e-19 
-1.1976857600e+08 
-5.0252510486e-13 
-7.9064561739e+18 
-1.0772603739e+33 
-3.4553835349e-09 
-5.3061869843e+28 
-4.9821491350e-35 
-1.4068986861e-14 
-7.0904297275e-27 
-1.1739687500e+04 
-6.3455293156e+35 
1.5303099738e-34 
2.3906843192e-18 
-5.7507512320e+09 
-2.2017836571e-02 
-6.9902270014e+37 
-4.5636769427e+18 
3.9356308427e-23 
-9.4387925337e-19 
-4.3102790949e+18 
3.6871994553e+34 
1.5225362646e+32 
4.4002234936e-03 
-1.2057943248e-36 
9.7997958957e+25 
1.8628673242e+26 
4.0991608330e-08 
1.5510835554e-24 
-3.7595348625e+14 
1.6699655680e-03 
4.5716155488e+30 
-8.5392665161e-10 
1.1231981659e+02 
9.2306745252e+33 
-1.2764720429e+20 
-1.5888995027e+37 
2.8509153366e+01 
4.4499038818e+28 
-5.6795549173e-23 
-2.8897735455e+35 
-1.3554696532e-34 
-2.3922073245e+32 
1.0049150390e-26 
-1.7606487828e-13 
2.0230283669e+29 
-3.9780418605e-32 
-9.1650929234e+36 
6.0171255609e-04 
-3.9413084160e+10 
6.0034922823e+24 
1.4333422227e-09 
-3.3958442509e-04 
3.8640170617e+30 
1.7039625000e+04 
7.5581054148e-34 
3.0332687882e-26 
-4.7105408021e-17 
1.4179868728e+28 
1.9439935535e-17 
-1.7143673261e+18 
-5.6925250000e+04 
2.8645628314e+11 
1.5909057519e-16 
2.2072065622e-04 
-3.5964376366e-08 
9.2857166053e-36 
-3.0391548857e+29 
-2.4122891773e-07 
-6.6633070104e+37 
1.3452272866e-18 
-1.9728469849e+00 
-3.6528728069e-28 
-2.1856531530e-28 
-8.6861697929e+27 
2.3619701134e-29 
-7.6558649421e-17 
5.4043819840e+31 
-2.8657284581e-21 
9.7621475618e+32 
-3.2695876013e-37 
-8.6757452398e-36 
6.1505576812e+25 
-2.9838906250e+03 
1.0925811199e+33 
4.1433509195e-22 
-2.7046382141e+12 
-3.0622115715e-37 
-1.0682361919e+25 
8.8338098586e+27 
3.1787306070e-03 
7.9683828980e-13 
-3.6930250000e+04 
3.6807805300e-03 
6.3547119141e+01 
8.7588556558e+14 
7.4198064869e+21 
-1.9550165939e+38 
2.2765128541e-15 
1.7783743506e+35 
9.7542204003e-07 
8.0751804711e-14 
-3.4761315200e+08 
1.7146951481e+16 
-1.2840240638e-19 
-4.3758328281e-30 
7.9275151790e-25 
-1.1799911048e-09 
-8.5498628164e+27 
-1.2839939883e-24 
-1.0745204690e-06 
4.7515296323e+24 
-9.7701740000e+06 
-9.6178875919e-16 
1.0432582261e-13 
1.5057550311e+13 
-4.1789101839e+25 
-1.7063525120e+09 
2.0259084010e-07 
9.4659731538e-33 
7.3799974894e+36 
-1.3991514444e+36 
-5.0265780460e-33 
1.1563110218e+24 
5.1906129506e+33 
-5.1230985792e+23 
1.2736937500e+04 
1.4956519008e-03 
-2.7902307920e-05 
8.5490703583e-02 
-5.7037323131e-07 
2.8586488672e-39 
-5.1477402360e-24 
-3.6551000064e+10 
-6.2250252480e-21 
-3.4971684217e-03 
-2.1209266335e-22 
1.3788630109e+28 
5.3807807915e-26 
5.3119618079e-14 
9.4503500992e-35 
-3.2158506447e-26 
-3.8255649302e-22 
2.5637614420e+32 
8.2517623901e-01 
-2.7671333107e-14 
1.0909307905e-17 
-1.0782230220e-08 
2.2788308888e-20 
-8.7098661616e-12 
1.0926196000e+28 
-1.0288324708e+26 
2.5174187697e+30 
-2.0029144287e+00 
1.6727609128e+15 
1.5279373226e-16 
-1.0935631288e+27 
-6.8532883102e-22 
7.6317405728e-09 
-1.4668272343e-05 
9.3733500000e+04 
            nan 
2.2339414919e-37 
-5.5840286453e-37 
-1.9107586056e-34 
-6.2538305065e-04 
4.7723456758e+12 
4.2537026050e+35 
-7.0553492188e+04 
-8.2638623221e-36 
1.7741381610e-26 
-6.9569725516e-15 
-2.3953683055e-15 
-1.4810515322e+34 
-1.4912518699e+37 
-9.6861954221e-12 
-3.6965372499e-28 
-2.0793170339e-34 
-1.8128658121e-04 
-3.1881724532e+25 
2.3634399327e-07 
-1.7423126830e-10 
-1.4319310235e+14 
1.1569365714e-28 
-5.0041015776e-10 
-1.5896398938e+35 
-3.3350916473e-10 
-8.5249259670e+18 
-6.6021343797e+23 
9.8042666912e-01 
1.1704149628e+02 
-2.2829182000e+07 
1.9110283843e+15 
            nan 
-9.4710449944e+31 
-2.6540619089e+24 
-1.5369536291e-27 
-1.7648814246e-02 
1.6761998750e+06 
3.9653156454e+11 
3.4839550454e-38 
-8.8183509206e-07 
-1.2967843785e+22 
1.0420158578e-18 
1.5807856603e-17 
-5.0419846966e+22 
8.3141009521e+02 
-4.8266306811e-22 
-1.1099320101e+33 
6.2011088652e-25 
7.6366017676e-11 
2.3082360111e+13 
1.4058918756e-22 
-5.3044184089e+13 
4.4437796875e+05 
5.1950448751e-01 
-1.3351215748e-03 
1.1895877289e+27 
3.2036681794e+25 
1.7076250391e-18 
-4.8533340160e+11 
9.0989197350e+28 
2.3599037969e+18 
-3.1060553668e-30 
1.1380210750e+24 
-2.6166436457e+36 
-5.0191667489e-10 
-2.0116906405e-11 
2.2405425706e+33 
-7.4996446553e-11 
5.2806493798e+11 
4.3004726535e-07 
-2.0723776861e-10 
5.1937284203e-32 
-1.2469730304e+10 
-1.1858290434e+00 
-2.6218364724e-07 
-4.5499246094e+04 
4.8258601386e-29 
2.0131341429e-19 
5.6785993750e+05 
4.5477465174e+30 
3.5251284771e-06 
-2.0776479952e+17 
-2.8504473476e-36 
-1.1914454041e+37 
1.5491330885e-07 
2.5506383849e-17 
1.2862687805e+13 
3.2815153809e+03 
-3.5607819357e+16 
2.2960696320e+09 
-1.1787130415e-35 
-1.5852557500e+06 
-1.0561021554e-05 
9.5838356018e+01 
4.2359798537e+27 
-2.6511120386e+33 
5.8123939794e-28 
-2.5721734921e+34 
1.0382377180e-09 
1.4977853308e-33 
-2.2502896786e+00 
1.4025684419e+13 
1.6573153181e+31 
2.6291300734e-11 
-3.5612136409e-26 
-1.2814488800e+08 
2.4844893715e+20 
-1.9264829440e+10 
-6.3417535693e+12 
-8.7471722510e-28 
1.7902448030e+23 
2.2030582914e+17 
1.5059684699e-07 
4.4622861424e-06 
-1.7213655685e-32 
-2.3813893325e+11 
-1.1574373318e-18 
-1.2274515895e+27 
-3.0913406000e+07 
-2.1999258346e-26 
-1.6224991151e+22 
1.0488894681e+27 
5.6677098282e+29 
            nan 
-7.3424234908e+25 
-4.0592176640e+09 
-1.6545707252e+38 
-3.9697396736e-22 
-3.2884798451e-15 
-7.4926157528e-16 
1.0535884000e+08 
-1.8100986549e-17 
-4.4034450817e+31 
-4.9975658777e+17 
1.1558043480e+01 
1.2882517278e-01 
1.7184695560e+31 
3.2064771705e+30 
7.5215192396e+25 
-1.5034792004e-34 
-3.0890665026e-10 
7.3980698624e+10 
2.4596298066e-35 
-2.0379608154e+03 
-1.0805090030e-15 
5.0842270724e-24 
-4.7569682617e+03 
-3.6678377459e-37 
1.1928895117e+37 
-2.8710481401e+22 
2.1975247197e+29 
6.0752687217e-20 
-2.2870515638e+20 
-2.4990587657e+14 
-2.8535588232e+15 
4.3805466169e-29 
3.2974088192e+00 
-2.0637893385e-14 
5.1396654103e-20 
2.0179110091e+25 
1.4969059011e-21 
-6.0054965406e+15 
2.6953334000e+07 
3.9442615509e+01 
-7.1001229652e+16 
2.2614897586e+23 
3.9237995553e-32 
-2.1824942427e-27 
3.7338518400e+08 
-1.4133918374e-13 
-1.0126061523e+04 
2.3792272880e-14 
-2.5275513396e-35 
-1.4253697611e+38 
8.4815615234e+03 
-2.2775694692e-26 
2.9545678828e-24 
7.3047783100e-11 
-1.1108981015e+18 
-1.0010485466e+31 
-8.8057122412e-06 
-8.0412459357e-32 
4.6158818460e-31 
1.7195784210e-15 
-5.9605820375e+13 
-4.4229550917e-20 
-1.8654951736e+27 
-1.5432576904e+03 
1.5606157213e-16 
-3.9067053493e-14 
-4.5881893129e-06 
-3.4827465557e-27 
1.5448093214e-18 
4.5330333531e+23 
-1.6533166793e-27 
7.6980234608e+27 
-6.9846062267e-09 
-1.1131432442e-09 
-4.8599129165e-09 
-6.4297520216e-13 
2.9029446451e+12 
5.5577902234e+15 
-4.5027021510e+18 
5.7951494195e-21 
-7.6796361270e-08 
6.4098748639e+35 
-7.0442762629e-32 
7.9870810732e-03 
1.8227967020e-35 
-1.8356791938e+32 
-1.1972488934e+14 
8.4105155974e+17 
-1.1148730147e+19 
-1.9799623047e+04 
-1.4650155437e+18 
9.3068928116e+14 
-2.7860548357e-07 
-1.4049231406e+33 
-9.2346934383e+29 
-4.7761584947e+11 
7.4327423713e+12 
-3.2286908648e-18 
8.7133596364e-16 
-1.0342634633e-23 
-7.4939567325e-25 
6.9518000134e+20 
-3.2386107129e-09 
4.8928064215e-33 
1.9704447512e+27 
3.4265236482e-11 
-7.5377440000e+08 
1.5320206370e-22 
-4.9319151194e-12 
-2.8659659862e+30 
2.3404327203e-38 
1.5502343168e+10 
-2.8509153366e+01 
-8.1764724732e+23 
3.3751618088e-15 
-4.7069546002e-35 
-7.9288132247e+22 
-1.1720298965e+27 
4.6513970010e-03 
-1.5087513071e+35 
-4.6444760565e-29 
-3.6304489136e+02 
-3.1879330781e-20 
4.4214350063e-12 
2.6372978823e-07 
-1.0447799415e-22 
5.1490494567e+19 
6.2909065648e-19 
1.6078429363e-31 
-1.6290610176e+10 
3.8331742758e-07 
-4.6454133553e-05 
-3.3485946023e-37 
3.4809791768e-12 
9.2318281531e-04 
2.9093940334e-30 
-3.7870137900e-21 
4.8858821392e-03 
-2.2658408483e-10 
-2.6644897461e+01 
8.3528628053e+25 
-3.9907186854e-32 
-1.7992760060e-12 
-4.9183427109e-08 
-4.2200326789e-08 
1.2824556518e-20 
3.4425536512e+10 
-4.1152307200e+08 
2.1939207989e-20 
-4.9497485046e+31 
2.5648041628e-05 
-3.6779052734e+01 
-6.2308483072e+11 
-2.4076287214e-32 
-3.4301393531e+21 
1.5841340221e+19 
6.6223498132e+29 
-1.7536537563e-20 
3.4233772746e-34 
1.5784176438e-19 
7.7867373028e-32 
-1.9215619564e+00 
-1.0533631585e-29 
-2.6483176263e+38 
-1.7282030251e-09 
1.3699723502e-21 
-2.2700235697e-28 
-1.3325980653e+20 
1.5374344375e-25 
-1.1784642933e+33 
-1.1633713283e+33 
-7.4469681852e-37 
2.1466000207e+32 
4.9634024890e-07 
1.5041526497e+12 
1.4181696563e-20 
1.8542878469e+28 
-8.7214995146e+19 
-1.4961789596e-19 
-3.6426902150e-25 
9.2919273376e+00 
-1.6800298803e-18 
-8.0031994765e-29 
1.9109431706e+34 
1.4074977662e-04 
-1.5524059413e-18 
-1.7845026039e+28 
2.6213396187e+23 
-2.0324854190e+20 
-3.1395105131e-36 
9.5493250592e+15 
-1.9540476875e-11 
8.6576554062e+26 
-2.6764343719e+15 
8.3295267840e+09 
-1.1334919487e+17 
1.3288498400e+08 
-4.2833817559e-17 
1.0615338933e-38 
7.1750377472e+10 
-2.5031542059e-18 
5.5610959589e+27 
-3.4669275382e+12 
2.5149950400e+08 
-7.2640174056e+21 
-1.8290368258e-19 
-5.7133482727e+23 
6.2883191276e-06 
            nan 
-3.9271340226e+34 
2.9652936035e-19 
-1.9675060634e+12 
-1.2377857507e+24 
-1.6311691487e-20 
-4.4881216562e+22 
1.3284395806e-10 
2.3009215511e-07 
3.0677635996e-15 
2.2222638130e-02 
4.6704113483e-03 
            nan 
3.5120333111e-37 
2.7977339521e-36 
-3.7015748688e-08 
-1.4948235705e+36 
-2.4364395725e+11 
-1.1978582810e+21 
-2.0877316050e+35 
-3.1505198594e+21 
-1.4072746065e+38 
-1.2846010213e-04 
-3.8156431429e-31 
7.0606701076e-02 
-3.0863017031e-08 
-1.3655264814e+19 
-3.5770264193e-25 
4.3081052642e-19 
9.1239894826e+23 
-7.8551924112e-25 
-4.0708416132e+37 
-9.9375825375e-03 
-4.1667567479e+36 
8.2970975897e-29 
8.8382831625e-35 
1.7105773866e+23 
-1.2929974377e-35 
-8.7308286034e+12 
-1.5911257157e-16 
1.7663961792e+02 
-4.8782592400e+37 
1.2811719394e+26 
-3.8802543642e-19 
1.1868715774e-05 
-6.3146224640e+09 
            nan 
-2.0457774718e-22 
-2.3728373047e+04 
-1.7295382149e+32 
-1.7380293765e-32 
2.6303693637e+19 
-1.1917771124e+29 
5.3904746094e+04 
-2.3227311797e+31 
8.3772459766e-04 
3.3545537215e-28 
-9.0478249710e-20 
5.8297615159e-20 
-1.8682185384e-35 
6.6175817058e+18 
4.8234229760e+10 
7.2163203532e-28 
3.2655485736e-26 
7.2610370815e-02 
-2.7050181539e-10 
2.7211138311e+38 
-5.5187617321e-35 
1.3381703889e-38 
-1.8656723634e-36 
-1.1597388524e-26 
5.7032900846e+25 
-4.4173357875e+11 
-2.0106689280e+09 
1.9426172509e+24 
3.9186220657e+36 
4.3948811471e+24 
-2.9317615877e+15 
-4.5418037922e-15 
6.0606049280e+09 
1.3814379133e-23 
-1.4178753167e-33 
1.7128876474e+20 
2.3708355632e-14 
7.6163503257e-16 
-1.9926113777e+31 
-2.9877237964e+22 
-3.6999289906e-19 
3.9444707909e-06 
1.5571186523e+04 
5.0010197583e-07 
-3.5928517419e+28 
4.5238479586e+18 
-4.9352694041e-20 
2.4299863337e-12 
2.5733469927e+26 
-1.3799714149e-10 
1.7246041600e+09 
-2.5140133667e+02 
7.5500697520e+16 
1.0511600158e-24 
2.5657201741e-26 
-2.2746843457e-36 
2.2568276367e+03 
-8.1003603296e+13 
-9.8092085682e-04 
1.0434673804e-32 
-8.3642177096e-19 
-1.7338866842e-21 
-4.4252996875e+05 
-6.3834040525e-31 
-1.1588580623e+29 
1.6373711528e-38 
-2.5627945433e-04 
7.5790532068e+21 
-1.0974852753e+02 
2.0603405522e+32 
-2.9454661120e+09 
2.9306494000e+07 
-6.8279218875e+28 
7.3019647366e-34 
2.1357054400e+08 
7.3908662200e-23 
-2.0968091475e+30 
3.5633299696e-12 
2.4075073532e-11 
-2.7923320822e-22 
-5.6183976237e-22 
1.8904449885e-36 
5.1183285191e-18 
-1.1520263262e+20 
-8.4951639492e-16 
-1.5272531780e-17 
1.9030474126e-01 
7.6190939308e-19 
-1.3667277759e-13 
-3.1933918085e+12 
1.2005662173e-01 
2.1926607526e-39 
-3.4539831885e+34 
-1.5098107298e-33 
-2.2218157980e-08 
1.0562253519e-13 
7.0099535288e-38 
1.1542099915e-10 
-2.0518205014e+18 
1.9536098438e+05 
-4.5193401105e-11 
4.6517902213e+20 
-1.1521424819e-13 
-7.7964359234e+36 
-5.9778334492e-22 
3.6414132228e-29 
1.0677815909e+34 
2.6868257403e+23 
-1.3154710391e+15 
8.8318058988e-04 
-3.1070788477e+18 
1.1438449219e+05 
2.7605895245e-33 
-1.0560643277e+30 
-8.4152655753e+23 
-2.1058970396e+19 
1.4929071211e-33 
1.7192148313e-12 
-6.8677127361e-01 
-5.0449301409e+23 
1.2697677005e+11 
8.0146223805e+14 
5.0554269972e-12 
-6.2235977794e-07 
7.3496795081e-37 
2.7312300310e-37 
1.5635952049e-23 
-2.1024252800e+08 
-3.1565133163e-23 
9.9513314415e+28 
3.0394085800e+19 
4.3811808870e+11 
3.7824552059e+00 
4.7318359075e+17 
1.4668436523e+04 
-3.4445513600e+08 
1.5830038341e+20 
2.2399137020e+00 
-6.4969566438e-07 
-2.1162968526e-38 
-8.3202023234e-05 
6.3187901105e-05 
-3.0456378880e+09 
-1.0004464218e+20 
7.1390229894e-20 
-6.8055550902e-37 
-2.5821752915e-31 
6.0729801405e+15 
6.0178707882e-19 
2.2885070228e-10 
2.3892221080e+26 
4.6092671386e+11 
9.2158053324e+30 
8.1267146813e+36 
-1.4701749540e-10 
-4.1304609080e+33 
2.8722245068e-11 
-5.1020956470e-26 
-3.5638814159e-21 
-3.8526481920e+09 
6.6133723259e+00 
-3.9839746094e+04 
3.7407019746e-34 
2.0273169469e-14 
2.3363037500e+06 
-5.7060515381e+13 
2.1588178473e+26 
-4.8953191500e-10 
-5.1885702241e-29 
-2.3107337777e+21 
-1.0906434560e+10 
5.9520412702e+19 
-8.1524712111e-13 
-3.7698651974e-35 
-1.5252887815e+15 
-1.3466748624e+16 
-1.6848433454e+22 
1.3321161144e-21 
8.0569988713e+27 
-6.8909993750e+05 
-1.3481670093e-34 
9.9138556856e+28 
-8.5208424648e+36 
-1.0183391969e+12 
7.8926633503e+18 
1.2750148307e-27 
4.6720932617e+03 
4.6387143324e+14 
-2.1977666421e+14 
6.9299834968e-12 
-1.0897146732e+15 
-8.3769331200e+08 
-7.6194692156e-06 
-1.0992634902e-37 
-5.9074579895e-07 
3.7022862100e+29 
-5.6049716473e-01 
3.9541709652e-19 
1.4979762491e-03 
2.7794846791e+37 
-6.2547864206e-17 
-2.0634222457e+19 
-5.1415558159e+15 
2.7868606619e+28 
-2.4337960980e-08 
3.0502071830e-20 
1.4547228700e+28 
1.2160331972e+18 
-1.7949088492e-22 
1.2047520429e+20 
1.0844318106e+11 
5.2918828066e+17 
-8.8483555650e-34 
-6.5498884094e-10 
-4.3628065191e+36 
-1.7132715333e-25 
2.4996900105e-37 
-9.1021842841e-11 
5.9222822400e+08 
1.6436292319e+35 
9.7701425583e-17 
3.6475433889e+15 
-8.0903986857e-25 
-9.2041580000e+06 
-1.2794958972e+31 
-2.7025393278e+19 
-4.6155356160e+09 
3.1722531604e-15 
-6.7172751448e-16 
9.4777202606e+00 
1.3420162856e-24 
7.0933181976e+25 
-7.8381870026e-29 
-7.3775937781e-03 
-4.2282592383e+17 
4.4064966953e-11 
6.2057615013e+31 
1.5072849672e-27 
-1.5827059441e+35 
-7.4175484375e+04 
-4.9103709445e-20 
-5.6245832644e-12 
-5.5808135061e-37 
-9.0820050817e+35 
4.8044419545e-31 
-1.5009341761e-02 
1.0024954716e+20 
6.4618912954e+31 
7.9574860479e-08 
-1.4335570857e-02 
-3.1574802229e-34 
-2.3095171395e+25 
-5.4832894686e+20 
-2.5695361412e-31 
3.0221034867e+16 
-6.9376536089e+19 
1.1490643889e-32 
6.2895372707e-15 
4.6226848507e-15 
-1.4081856205e-30 
2.0108981934e+03 
2.3893281355e+20 
-1.5848612405e+26 
8.9163653564e+02 
-7.8063581250e+05 
-5.0453531956e+19 
5.6206267327e-03 
8.2535737011e-26 
1.4781593609e+29 
4.5359537391e-22 
2.9625730850e-38 
-5.2873283386e+01 
-4.1929222208e-29 
-7.0969685264e+15 
-4.4729282140e+30 
7.3889086707e-06 
-2.0358467965e+18 
-3.5261790016e-11 
2.5381829774e+30 
-2.9791533197e+20 
-6.5854827520e+09 
7.2674812596e+31 
8.1059084207e+15 
1.3468087732e-17 
-2.4541955841e+15 
-3.5406485681e-29 
-2.1416782251e-25 
1.2283156729e-23 
-4.3723919299e-33 
2.2883055124e-30 
-8.1026003026e+34 
-2.5186840993e+17 
7.2239734237e+27 
-3.4205715757e-30 
-2.9706588126e+37 
-5.0193898062e-34 
9.3157582438e+11 
-3.7834489773e-13 
1.5379897609e+27 
-3.9322673758e-35 
-4.2883448528e-14 
3.3271427205e-33 
-4.9007400000e+05 
-9.6551672907e-14 
2.7851874409e-28 
2.0821516051e+37 
1.5978841847e+19 
5.5883599515e+25 
3.2692501147e+29 
3.0560386000e+07 
2.2344385798e-04 
-3.6686809530e+13 
-5.7236853760e+09 
-1.7028224540e+20 
1.5473254473e-21 
2.8575418367e+38 
-1.4147726727e+18 
-4.5656328000e+07 
-2.6241236961e-10 
-2.4119788071e+14 
2.3253067949e-32 
5.5383494896e-15 
1.1831965316e+25 
-5.1878863889e-14 
-6.5811241419e-33 
1.1141967950e-14 
2.1440008102e-10 
-2.1390068383e-08 
2.8791628526e+20 
-7.6169083931e+35 
2.9230314187e-14 
-2.3092313885e-35 
3.8873791293e-18 
6.7253506184e-01 
            nan 
2.1190410537e-12 
9.7347457516e+12 
1.2296955395e-15 
1.4305560141e+31 
1.3169583369e-32 
-1.2029965025e+16 
-2.1889945070e+26 
-3.6628253679e-16 
1.7737504688e+05 
9.0082714985e+19 
-3.0723389983e-01 
-3.1174908380e+19 
4.9662485804e+25 
-1.3439817741e-29 
-2.8350484627e-06 
2.8143251278e-25 
1.0612779669e+21 
-1.0628913407e+16 
-1.8001546663e+26 
6.0648741584e-10 
5.8012020588e-01 
1.0644129966e+37 
4.1775933390e+21 
1.1730497370e+30 
-2.2494119414e-11 
4.9501964822e-03 
-1.0928970363e-20 
3.9856542720e+09 
-4.5736668928e-37 
8.5473648443e+21 
-5.4378671726e-34 
1.0781589026e-06 
            nan 
5.9384491760e-04 
3.5508315932e-07 
2.3109143457e-36 
1.2365721294e-11 
-5.3050619996e+16 
1.0869758626e-05 
5.7428844173e+36 
1.3879616903e-36 
-9.0538655525e-32 
-2.5942658000e+07 
2.1301341779e-27 
7.9262651027e-33 
-3.3661991725e+17 
-1.1161638173e+17 
-7.7335798769e-28 
1.6014412019e-11 
3.4494120146e+24 
-5.5039794337e-15 
8.7290524808e-10 
1.0982946696e-04 
4.7490615697e+21 
-3.5416798720e+09 
5.7745925878e-22 
-3.4908667299e+32 
1.5265120242e-17 
-2.5461629320e-06 
2.2589744568e+02 
8.3567490801e-03 
8.8949957424e+18 
-6.4051414483e-06 
3.9289242767e-35 
-1.3806455222e-35 
-7.1315165603e+34 
-2.0715587712e-34 
8.9155270028e-36 
2.0083463192e+00 
-5.2696827189e-18 
-7.5325775528e+17 
6.9139297254e-15 
1.0945907685e-33 
-3.0640784723e-33 
-3.5537316935e-37 
3.0462023926e+03 
1.5299296875e+05 
-6.0675699981e-25 
-6.1892969679e+23 
-1.3542048819e+25 
3.3327324086e+34 
2.0948748661e+30 
-6.4498840402e-25 
2.0865961421e+30 
-1.0027374182e+11 
-3.7334545203e+11 
1.8993460732e+15 
-3.1005978584e-02 
-2.1679208204e+16 
-8.0594418250e-08 
-1.1618996688e-27 
2.0057401065e+17 
2.0365258523e+13 
1.7115140618e+28 
            nan 
7.9508423805e-03 
4.9181094959e+23 
1.8868520856e-03 
-1.6104380052e-09 
7.6241755963e+32 
-6.2042395512e+23 
8.9523537542e-36 
9.2888474690e-12 
1.0078710666e+27 
7.7581397764e+26 
-2.0803590349e+20 
9.0893039391e+30 
-3.4139446176e+31 
8.3988197730e-07 
2.5548652047e-06 
4.8009144435e+15 
1.0652562500e+04 
1.1299338866e-20 
9.4617251307e-05 
-1.4509353718e-09 
2.0236728959e-12 
5.9552813675e-24 
9.0844037120e+09 
-4.4279632416e-36 
-8.9556579042e-08 
2.7277066173e-30 
3.9152291959e+24 
-1.6632620827e-06 
1.3069985244e+32 
9.9473590059e+14 
1.0490340537e+24 
1.2980122119e-04 
1.6506738281e+02 
6.0191188234e-33 
-9.4472708551e-34 
-3.8697008858e-04 
-2.9645586952e-26 
-3.4181629346e+13 
2.6952105881e+18 
-6.0883986717e+35 
1.3179783663e+28 
-6.9283593750e+05 
-2.1785964910e+38 
-1.2868001618e-29 
3.5181942855e+17 
-7.1744408781e+14 
-1.9204837736e-03 
-4.0661636384e-12 
-6.6410360386e-15 
-1.6680435862e+27 
6.0290109701e-25 
-6.9747525203e-26 
8.1742544174e+00 
6.3962182617e+03 
3.0842345495e-06 
-5.7046127319e-01 
7.9764720828e-32 
4.5115141784e+13 
3.2751530814e+15 
-5.3792908535e-30 
-3.5567841953e+36 
1.8138095470e-09 
-1.0923970021e-35 
-2.8046870382e-12 
6.7291344480e+21 
8.7895723493e+34 
4.4490429688e+02 
-6.9877500000e+04 
1.0085879283e-35 
-2.0789302653e-06 
-2.0563361541e+37 
1.7653694464e+10 
1.9253808594e+02 
2.9793357849e-01 
2.6858719926e-19 
7.0240275818e-07 
-1.7094375000e+04 
8.7947770953e-04 
7.5483093262e+00 
9.9016376320e+09 
-1.4170345418e-27 
-2.4471226985e-30 
-3.3988494873e+00 
-3.1785702959e-08 
7.8776380200e-19 
-8.9549593733e-17 
5.1359012767e+16 
1.4955982348e-24 
-7.8674289306e-12 
-3.1144722825e-33 
2.0293632327e-22 
-2.0022768889e-26 
-3.1651367188e+02 
1.2565823614e+17 
-1.0354394795e-36 
3.8682995605e+31 
-2.0317415109e+27 
-1.6596820205e-04 
-5.5739009857e+01 
-7.4539641232e+28 
1.0113740764e-13 
-3.0061619386e+23 
-3.4015459287e+20 
-2.0231699198e-38 
-3.2798298917e-16 
-3.5001754831e+37 
5.3774674344e+34 
1.1954092032e+10 
-1.6204237500e+06 
4.4583263525e-34 
2.0250401223e-14 
-1.5094983961e+22 
-1.2230232831e-13 
-4.7516685583e-24 
-3.3010246094e+04 
-7.6111396653e+19 
-1.2284331343e-24 
1.8930521052e+30 
5.5302001953e+01 
-6.0983312923e+18 
-7.2437303782e+19 
7.8810301071e+12 
-1.5889612800e+09 
-1.3137904528e-16 
-4.8130662400e+08 
3.9444531250e+03 
1.9854383027e-08 
6.9783691406e+01 
4.1780943658e-31 
-8.2634431676e-30 
-1.4529409588e+38 
-2.2715025856e-21 
1.5023902976e+14 
-1.0065976562e+03 
1.2755252458e+36 
-4.2571690330e-22 
-1.7462045694e-30 
4.3599900469e-24 
-3.2808795508e-19 
-9.2267578125e+02 
2.5223023670e-10 
-9.3734917949e-27 
4.8318374155e-23 
-2.4395632181e-09 
1.2181981373e-23 
-2.5283559992e-24 
1.0686703080e+32 
1.2484875356e-09 
2.2663576995e+20 
1.0265782475e-03 
4.9664957953e-20 
1.0340590519e+31 
1.0585452515e-09 
-1.0600683509e-18 
4.3923888641e+19 
1.5037660006e-10 
7.6885604139e-17 
-5.2281555450e+26 
-4.6102782935e+12 
5.5882512726e-21 
3.5231524454e+11 
-4.3947173626e+28 
-4.7574411011e+02 
2.3477969108e-20 
-2.4548017701e+13 
-7.9204894019e-36 
-2.7207573759e-13 
1.1046720897e+13 
-1.3397108996e-03 
7.7580438533e+26 
-2.0254890159e-13 
-3.7187284836e-16 
-7.1100739749e+16 
-7.3171436602e+29 
-7.0374603271e+02 
2.2250728335e+26 
-1.4460498320e-27 
-4.4240280906e-35 
3.6869756877e-04 
-1.1738403750e-21 
-5.2740838458e-37 
-1.1265840000e+06 
-5.2242005299e-28 
-1.0284306036e-32 
-3.3891075710e-14 
8.5415267944e-01 
3.7358840927e-05 
6.3392886899e-31 
-4.3973180652e-10 
-4.6895547712e-07 
-3.7936248779e+00 
-4.2122305441e+36 
6.9739818573e-02 
-9.6950861747e-18 
3.7883768399e+27 
4.5572076568e-30 
-1.4406245044e-38 
-9.2250904871e+30 
-1.6358649584e-32 
-9.3188447275e-17 
1.6970350592e+10 
-4.8127680000e+06 
-4.5594030637e+13 
2.2039665489e+32 
4.5905541708e-27 
1.0424650942e+20 
-5.0350783797e-39 
2.6794004953e-06 
1.5615813222e+12 
-3.2111639736e-13 
3.8118350586e-26 
-4.4503734031e-11 
2.2295945817e+36 
-2.2889782579e+27 
8.8642950954e+25 
            nan 
-1.1900499182e-38 
-1.3800668415e-21 
-9.7263104000e+07 
-4.8364633736e+33 
1.0731574054e+29 
1.7748931379e+11 
6.4113476809e-21 
-4.8271052411e-16 
-1.1097030640e+00 
-4.4613142381e-04 
-1.0590607709e+20 
-1.7422466679e+13 
-5.3474701712e+14 
8.9202532936e+25 
-8.2078957956e-15 
2.5000486755e+02 
-1.2994096232e-19 
7.6086134232e-20 
-3.2100032004e-18 
2.8563285071e-10 
-7.4515634270e+31 
-1.1918884218e-37 
2.2817628250e+19 
3.2829611454e-37 
-1.0602312273e+24 
2.5200341932e-31 
-4.6783965590e-12 
1.1371881615e+30 
2.9934341505e+16 
1.5996962188e-21 
4.2347588358e-30 
2.7054016299e-23 
1.3568751955e-36 
1.0644662951e-29 
3.8286114023e+27 
-2.5647577665e+19 
2.9778944000e+08 
4.5651497531e+27 
3.2264085382e-22 
-2.0993445667e-23 
8.2410410433e-25 
-1.2800638395e+20 
-5.6221991439e-30 
-3.2667153604e+17 
-7.8839455846e+15 
-3.7495183282e-13 
-1.6829556617e+22 
3.8138716910e-27 
1.0564589746e+21 
-2.8873053962e+13 
5.6629614649e-24 
-9.8473590333e-04 
-4.8047793338e+29 
-1.3275601250e+06 
1.2175564774e-31 
1.8503614807e+02 
-7.7126567383e+03 
-4.7499501221e-08 
-2.9488200000e+05 
-1.1542134050e+14 
4.2731183146e+27 
-2.8667598963e-03 
-3.0739195795e-24 
1.7332742555e-18 
1.1431658641e-04 
-9.3936531388e+20 
-1.7969667000e+26 
4.6075821276e-20 
6.4396083200e+08 
-3.1920438655e+31 
3.0383824010e+26 
-2.7830651602e-33 
-2.0077495714e+13 
1.6559238685e-16 
4.8388405427e-37 
-3.8483232341e+36 
-7.0245302734e+03 
1.2403460435e+31 
2.9624064337e-04 
1.0316656951e-15 
-2.4851247023e+18 
-7.4705715200e+08 
-1.8216620688e+18 
3.3351458655e+30 
1.2033196981e-06 
2.1733764284e-16 
3.2117398431e+36 
1.2742665638e-20 
-5.6107785085e-11 
1.8514881735e+23 
1.8794453416e-19 
2.0303224397e+26 
-7.2880362765e-37 
1.2642110596e+03 
-9.3428255976e-27 
-2.0023226131e-34 
-6.4050300598e+01 
1.2924017848e+31 
-1.9075525668e-25 
-3.0150190070e-12 
2.2662549124e-23 
-3.5768575602e+19 
-3.1506711129e-10 
9.5934043222e-29 
9.3706610471e-08 
3.5205868235e-23 
4.8759868377e+34 
-5.0269905246e+21 
-3.5307249053e-18 
-2.3451415603e+21 
-2.4580716820e-32 
4.8455544163e+24 
1.2437374515e-35 
-6.6478838376e+29 
2.4093930291e+12 
9.4261874711e+34 
2.6753199473e-16 
8.3264349955e+32 
-1.9812578440e+14 
2.9706919841e-37 
1.0602674988e-10 
-1.7716767266e-02 
1.2448249663e+29 
3.0942851891e+11 
-4.6105769277e-01 
1.9618295259e+15 
-7.7237639111e+34 
-1.0322417834e-14 
2.3353470654e+36 
3.5526830921e+37 
-2.0800404511e-30 
-8.5387533486e-32 
-2.2247997440e+09 
2.3567196113e+19 
1.6476295155e-14 
7.3704029546e-09 
2.2689104265e+13 
-1.3759916940e+28 
-9.6106531455e-32 
1.2527748438e+05 
-6.1168740712e-18 
-1.5297605423e-03 
-1.1306366800e-18 
5.0547214414e-08 
1.0710177097e+36 
3.3737962959e+36 
-1.7331668518e-25 
-6.7824912353e-12 
1.2958016000e+07 
-5.2451416016e+01 
-2.5341503031e+30 
3.7609390742e-35 
-9.0672576165e-22 
-1.4040261602e+34 
-3.2422119132e+26 
2.0284479851e+16 
-3.5448195770e+21 
-4.7422817383e+03 
3.0851449755e-36 
5.4503521729e+02 
7.3485393668e-36 
2.9680388572e+31 
-2.1923728730e-29 
8.9010599951e-19 
-1.4194782356e+15 
3.7440327719e-26 
2.8969518553e-06 
6.1742405000e+06 
4.1910814576e+35 
-2.2172982420e-38 
1.4729076288e+15 
1.2685697459e+35 
-1.0241582466e-20 
2.1633489224e-21 
4.3153762566e+24 
-1.8797492808e-15 
3.0740387585e-14 
-9.7661206250e+05 
-1.6709692829e-07 
-1.0612034595e-32 
1.1346865445e-01 
4.2844584584e-01 
1.8134474182e+02 
-1.4771109085e-36 
2.2624649598e+35 
1.3395660320e-27 
-9.3571312367e-29 
-7.9625777395e-31 
3.5187956868e-33 
2.8540899164e+12 
5.8106159721e-34 
6.8116894347e-09 
2.0827039159e-27 
2.5434648703e+36 
4.6103142400e+08 
-4.0742678245e+16 
1.6019497010e-26 
1.2629196800e+09 
-1.4431866061e+11 
-6.1392360392e-27 
-2.8594856654e-29 
-8.9895821583e-26 
-5.0319720459e+02 
1.1736953367e-29 
-2.4375721845e+37 
-2.8696440463e+35 
-8.6493644443e-19 
-1.2470302350e-32 
-4.7445140599e+19 
-7.8715755208e-39 
-2.4968310467e-27 
2.1559586388e+27 
-6.7553444770e-30 
-1.5224195560e-21 
7.5297654184e-37 
-1.5423522564e-03 
-8.5356641731e-14 
6.6329934766e-31 
2.2019792457e-25 
4.0836376829e+33 
-7.1228954766e-05 
7.0078275921e-31 
-1.0135827211e-36 
-6.5439362967e+16 
-3.4619284521e+12 
5.5895379046e-04 
-1.0396398693e-06 
6.5873256659e+21 
-1.0356370211e+00 
3.2712876953e+04 
-1.2133162600e+25 
-2.2737434132e-29 
-1.0480757453e-26 
3.9198735771e+18 
-8.0322632566e-03 
-6.1569753826e-34 
1.5664605134e-16 
-1.0641274964e+20 
-2.2705362183e-23 
1.1320581139e-09 
1.5021114255e-33 
-5.8878870014e-33 
-3.8001456861e-21 
3.6844308160e-10 
-8.3271003723e+01 
-1.0593938477e+04 
3.0901285354e-03 
7.4984552242e+14 
7.4953133575e-27 
1.0035003136e-35 
1.5857178032e-24 
6.4471445838e+35 
3.4614206470e-06 
-2.6010323739e-24 
-7.5576440939e-11 
-2.2026755949e-22 
6.1123293308e+32 
-3.5416791814e-37 
1.8027588354e+14 
9.9419366097e+13 
2.7228887832e-31 
-7.0719488000e+08 
2.3410003632e-04 
1.8632933497e-03 
1.3094026898e-16 
1.6168782823e+33 
5.5923662522e-33 
-3.0716888516e+21 
4.8475157023e+33 
-1.1031980031e+31 
6.1852238052e+33 
-1.3038063858e+17 
-6.6142528053e-32 
1.0300413706e+12 
4.1840392624e+34 
-2.1907340374e+19 
9.3822806250e+05 
-2.3874590524e-36 
2.5502088192e-06 
-2.7319534638e-05 
-6.2926748455e+22 
6.8525247255e+31 
5.0727672900e-24 
3.4426491605e-12 
3.1483622851e+12 
7.7414725000e+06 
8.4124357480e-10 
-1.9511613450e+22 
1.3498312545e-22 
9.6714311906e-12 
-3.0418872228e+17 
-6.1484912839e+37 
-3.4685643466e+23 
4.4133044224e-24 
5.1025025747e+37 
2.8632697649e-05 
-3.3038362222e-29 
-1.2091324476e-29 
-5.2667801600e+08 
-4.6981620789e-01 
-2.4067817120e+36 
-6.0386099200e+08 
-1.2621644800e+10 
-5.4369534829e-32 
-4.2709944946e-16 
-9.7359853983e-01 
-5.1724386656e+22 
1.0661613695e-23 
1.8083097041e-01 
1.8098562000e+07 
1.7134470925e-13 
9.5868301066e+29 
5.9424255971e-25 
1.1128933985e+22 
1.8021424353e-09 
8.1827772850e-39 
-1.0757394432e+11 
-1.8724968000e+08 
8.6255031420e-06 
-3.8967842500e+06 
-1.7598451052e-07 
1.1762426990e+29 
1.6596903125e+05 
7.3955322266e+03 
-2.0722770242e-17 
-4.5590304945e+21 
1.0025255624e+34 
-2.5825228998e-21 
5.1335299880e+33 
3.8296647734e-19 
3.2759103804e-22 
2.1668333986e+35 
9.2149741359e-16 
-4.1568540204e-33 
            nan 
7.7974708473e+14 
-6.3784250415e-06 
2.7585877859e-18 
-2.4764107200e+08 
5.6447546154e-17 
7.1350670385e-35 
2.9644375843e-10 
-2.9773081769e-04 
-1.3016749997e-37 
-1.5655328979e-31 
1.9622281876e-16 
1.6815501562e+05 
5.5949930102e-02 
-3.1248487551e-23 
2.0453817057e+14 
-5.3080749512e+00 
-3.2427684587e+31 
9.1428107432e-31 
-2.1075575238e-22 
-3.9703867037e-18 
-8.1286692864e-27 
-5.3693482809e+31 
-4.2570397861e-22 
5.0248719055e+34 
-2.0806366598e-36 
-3.7151993440e+27 
-2.8143499438e-19 
1.7365282481e+31 
-5.5603919463e-05 
3.4340608647e+25 
1.2962858121e+17 
1.4871311503e-26 
-1.8337196927e-27 
-6.1970435727e-11 
-3.4572223728e-20 
9.4068745521e-40 
-6.0087556000e+07 
1.1656474904e-20 
4.3430845813e+22 
2.1513307571e+01 
9.9066642770e+29 
-2.3601855468e+18 
1.2105798721e-01 
-1.2954270077e+18 
1.5785916533e+23 
-4.7972926038e-38 
-1.2172691747e-23 
1.8416271360e+10 
6.3594923622e+16 
4.7202020884e+12 
-7.2164282541e+35 
-1.9185691234e-18 
-4.7856094065e+19 
1.0344876909e-31 
4.5568303671e-27 
-2.7132762456e+24 
-1.7399750802e-15 
-1.8599050736e+37 
5.5254049331e-22 
2.1585299767e+13 
-1.2900716885e+38 
-2.5719101562e+05 
-1.6952799417e+18 
-2.0144922097e+31 
3.4330699350e-07 
1.4834625000e+07 
1.1271024383e+21 
1.6586941239e-12 
-3.8688156800e+08 
            nan 
2.2135589997e+35 
-5.3231051425e-04 
5.2080968595e+18 
9.3985507812e+04 
5.6527485736e-14 
8.6356962406e+24 
1.1357069761e-01 
-2.3310448555e-19 
9.9802253723e+01 
-1.1213836366e-15 
1.8810920759e-30 
8.7017784155e+32 
-9.7525726915e-14 
1.5153071126e-13 
5.7832530001e-04 
-9.0487989993e+13 
-7.2701386424e+12 
-1.0512743490e-27 
1.0641671168e+10 
-2.5197050416e+38 
3.2317595469e-05 
1.1418165059e+18 
1.5717831630e+27 
3.3153788712e-21 
-1.4486701562e+05 
-1.4090561928e-38 
-2.5985338942e+37 
-1.8054312500e+17 
6.8524615479e+02 
7.6313070477e+27 
-5.5218137090e+17 
4.0585403125e+05 
-2.7521169788e-09 
2.0434610221e-13 
-3.6528699392e+21 
1.3496455587e+32 
1.0628335095e+26 
-3.5444622104e-29 
8.5484050394e-13 
1.7214698684e+13 
-1.2026091822e+29 
1.1799847392e-32 
1.5621148513e+22 
-7.2599620813e+11 
8.5872253418e+02 
8.3390244981e-04 
-1.5716370755e-30 
1.9550663246e+32 
-7.1443067092e+31 
-8.7444519108e+33 
2.9571323636e-33 
1.9466452469e-28 
-2.9113006319e+16 
1.3582968084e-11 
-6.0251624465e-38 
-4.7482300210e-12 
-3.9621334187e-20 
-2.8730668043e+38 
-5.9052293916e-36 
5.1912913581e+37 
2.5931021816e+16 
8.7292257546e-17 
3.7526461786e-38 
-1.2277569000e+07 
6.0994995524e+33 
-1.0874300437e-26 
-2.9917046632e+23 
-2.4036030619e+18 
2.3610458175e-29 
-4.1485263141e-11 
2.4587213301e-14 
-2.1615649869e-32 
3.6577162635e-35 
-1.5836562702e-30 
1.3109279163e-22 
2.2796863278e+22 
9.2563647058e-07 
7.8124320186e-20 
-1.8758224198e-19 
-1.1837133912e+33 
            nan 
8.8113984696e-14 
-7.5630123312e+26 
            nan 
8.8409228759e+32 
1.6420859682e-18 
-1.1045079191e-05 
1.1089255636e-25 
4.2473381677e-38 
-5.7771560960e+10 
-1.1580450781e+05 
-5.0986065370e-10 
4.0219741426e-10 
2.8854244708e+38 
-3.4592787141e-27 
-5.3032812952e+20 
-6.5196125950e-16 
-3.1658188795e+30 
-1.1362235480e-15 
-5.5761537562e-21 
-4.4762177416e+23 
8.9724068691e-29 
5.3121228800e+08 
-2.5105026565e-14 
-7.9588335520e-19 
1.0371791872e+10 
3.4968409538e+00 
-2.2950069427e+01 
-4.7358432978e+33 
4.6801219310e-25 
-1.3748912946e-30 
8.4175592261e+25 
-6.8143684487e+19 
-1.9245772800e+08 
1.0170906933e-17 
7.0756484439e-32 
-1.7936208074e-11 
-3.7294030383e-25 
-6.9682688000e+07 
-1.5422437500e+04 
1.8209545986e+15 
-8.7097544758e+37 
-1.2879352610e+29 
            nan 
-1.8266390213e+14 
-2.8888858624e+12 
2.4900477649e+13 
-2.4681927636e-02 
4.6490098506e+33 
-2.2938163078e-16 
2.6439221191e+03 
2.5149750401e-27 
-4.4110234012e-04 
-4.1685253715e-31 
-2.4825335332e+25 
-1.5382735596e+03 
4.5140921315e-23 
-1.8227730831e-34 
-3.1964876968e-08 
-1.2478760164e+28 
-6.8794478003e-38 
1.3133079200e+26 
-5.6013140225e-14 
-9.6988967421e+19 
-2.1800519526e-01 
-1.0933454627e-21 
-1.6925262848e+10 
1.2874541118e+14 
1.0458951736e-16 
-1.2897569997e+12 
-3.2011447613e+19 
2.9846342092e+19 
3.8678882500e+06 
1.7684120082e-35 
-6.8265589961e+15 
-1.4993715200e+08 
8.1132261509e-24 
-1.8950881297e+33 
-3.9560047650e+34 
4.3570200000e+05 
5.0777741387e-14 
3.2897332858e-07 
5.3443306638e-15 
-9.9415751853e+35 
-1.4889024225e+12 
-3.5371629359e-28 
-3.8803869715e-19 
-9.7896285331e+22 
4.6457856888e-29 
-8.6091829410e+28 
-1.3827725713e-22 
-2.1973584452e+28 
4.9238129526e-20 
-1.0071326775e-13 
-5.2739074937e-24 
8.9908372351e+35 
-4.6642203988e-13 
-9.6038254057e-21 
-4.2885531239e+30 
2.9046479522e-22 
4.6448059082e+00 
1.2289476395e-01 
1.7167434692e+00 
-3.0819597905e-38 
-3.2617532871e+25 
-2.4967983410e-14 
-3.2115785728e+12 
-1.3942732971e+32 
2.6328232573e+23 
1.2725152154e+11 
4.4093957007e-37 
2.3207963255e-17 
-8.5205582893e+29 
8.0512082037e-21 
-5.3160361780e+15 
-8.7090507812e+04 
9.8791582989e-36 
1.3269955123e-35 
-5.2717750805e-05 
9.5758922398e-02 
2.2181924700e-11 
2.1397878230e-01 
9.5113153033e+37 
1.1917036796e-20 
-2.0328060377e-32 
7.6051525000e+06 
6.5868708458e-26 
-1.8911124836e-12 
-1.9548091049e+38 
1.2821939730e-30 
-2.2317449243e+23 
-8.3081619096e-07 
-1.7229923799e-07 
8.0370500000e+04 
-5.7535682996e+22 
4.3511550460e-38 
-1.4630163747e-10 
-7.2832035816e+31 
7.1949912694e-10 
-2.2785684450e-08 
3.4630161150e-37 
-2.5248896000e+07 
-3.3847200000e+06 
-2.0255360000e+07 
-2.0626339392e-07 
-2.1450027360e+38 
-1.1464431882e-03 
2.2222349828e-14 
-1.9083617913e+24 
-3.9642662689e+21 
-3.2344123047e+04 
3.7420217953e+27 
1.0013217633e-07 
-3.6703636646e+00 
9.9433611019e+20 
-9.5758673759e-30 
-1.2426002068e+24 
-2.1517986663e+35 
3.3999261623e-34 
8.0891036987e-01 
-1.6148096326e-23 
1.1181840755e-17 
2.7188185762e-24 
-1.0283625347e+35 
8.8180296474e-34 
5.9973490731e+32 
-2.2284587668e+36 
-1.7083224572e+37 
1.4261421726e+16 
8.1465271252e-26 
-2.4466186523e+01 
3.9124608998e-20 
8.1529245459e+32 
1.0072460938e+03 
-3.9548555407e-26 
-2.4302196503e-01 
-4.4337890559e-37 
2.9695742367e-35 
-2.1184460484e+28 
1.7348083604e-28 
-9.4059040712e+34 
7.0831600000e+05 
2.8845506560e+09 
-2.1295934094e-37 
1.0341181963e-35 
2.2550174458e-28 
-5.1134885882e-34 
1.3765660519e+28 
6.0133962181e+18 
9.8458432162e-16 
2.1805695714e-35 
7.1901996490e+27 
3.7955966025e+16 
-7.8148982750e+21 
-2.1811589530e-21 
1.1092531719e-16 
-2.0014626214e-16 
8.8564682007e-01 
-4.0646718260e-22 
4.3178750000e+04 
6.1566200192e+26 
-1.1787496485e+21 
5.2918621805e-06 
-1.5603570098e-26 
2.1514768811e+37 
3.8071792703e+15 
-5.4216342787e-15 
-6.6330261230e+00 
-3.6775391547e-30 
-2.3609466553e+00 
1.8144719270e+31 
6.9094860390e+11 
1.2006222270e-02 
2.3358811341e+11 
6.4187745932e-15 
-3.2951904330e-31 
-8.0723620282e-27 
2.5937005434e-31 
4.5282707336e+36 
9.4745359548e+13 
1.1285902424e+33 
-1.3209515352e+31 
-5.0447958223e-28 
3.1249408000e+08 
-3.5145889182e+17 
7.0166532554e+20 
-3.8884471504e-34 
1.3009812500e+04 
1.0178664233e-19 
3.6034457408e-28 
-6.1971321702e-04 
-8.0311654839e-32 
-1.3426103479e+28 
-5.4445609530e-22 
7.2842768756e+33 
6.0990379414e-12 
2.7462959290e-01 
-3.2438048708e+28 
3.6864778043e+14 
3.6952080384e+10 
-2.5108752360e-26 
-2.0073750918e-22 
-5.5219067166e-14 
-6.1560776430e+17 
5.2284529833e-28 
-3.3844851257e+37 
9.9147024000e-32 
-1.1597486040e-33 
1.1464021105e+31 
-6.1958019020e-24 
-6.7914479992e-34 
-7.8156325613e-19 
-9.4156898147e+18 
2.6725643920e-09 
2.5700163600e-35 
-2.4084949493e-01 
4.3716562500e+03 
7.9942860800e+08 
1.3302579200e+09 
3.5768934400e+08 
-3.0776950207e+38 
-7.6531850449e+15 
-5.1965253078e-07 
-5.4589762050e-30 
-7.0857620239e-01 
7.9794353414e-24 
-1.0497855298e-15 
-8.5942912847e-05 
8.2486341470e+34 
-6.4913533733e-24 
1.3335510340e+19 
-1.0800749184e-11 
1.4112674168e-28 
8.3245560000e+07 
7.6160837878e+12 
-1.0199852559e-25 
-1.9058593576e+14 
3.0093667646e+29 
-7.7120354399e-03 
2.5563562827e+35 
-1.7780158720e+09 
-3.3605329926e-37 
7.8444828237e-22 
5.2976613586e-17 
-6.0935626120e-13 
9.9861712811e-32 
9.0890285952e-15 
-5.6839012687e+36 
-1.6070298438e+05 
1.2617252864e+11 
1.4166559868e-18 
-1.5933401113e-19 
7.3927203610e+17 
-3.0711622119e+20 
-6.8229997177e-28 
-3.0129814148e-01 
-4.1568100527e-20 
9.6075765840e+17 
1.8216341938e-38 
-1.0190534274e-18 
8.1911973748e-20 
5.9972578593e+25 
1.1094907159e+13 
-3.0051378053e-12 
1.5090671226e-15 
6.9824155237e+27 
3.8370427074e-19 
-4.2147812613e+23 
3.2149005715e+33 
-5.7521812380e+31 
-2.3929961678e-32 
-1.0225586987e+15 
-4.1467992447e+22 
-7.8458015196e-08 
1.5561249317e-35 
-1.9858106270e-09 
7.4747205638e+15 
1.1363593219e+31 
2.5756784656e+13 
1.5204704624e-18 
-2.6776268800e+08 
1.0307638692e-27 
2.4698803120e+26 
7.8330512476e-37 
-4.0086280126e+27 
-1.5651380920e+12 
1.1938362095e-27 
-2.3060131073e-01 
-2.1291939160e-20 
-8.9671622756e+33 
-2.5533031987e+22 
-2.9196337152e+11 
-2.3612626184e-36 
8.9894035339e+01 
-2.6087766647e+01 
-1.7173144511e-35 
9.7292393750e+05 
3.3170294717e-14 
9.2225977331e-21 
1.0016480668e-32 
4.0726421504e+10 
-7.0548387500e+05 
-2.9796164017e-04 
-1.0943338724e-14 
2.4950762573e-20 
2.6238121094e+04 
-1.1221341393e-34 
-3.2519090440e-37 
4.7240539238e-21 
6.3070582866e+12 
-8.1741874114e-31 
1.6205841564e+21 
-1.1505561523e+04 
4.2135750262e+34 
-1.1013155516e-37 
-9.4355859200e+08 
-9.6003515625e+02 
-6.0670244489e+28 
-6.9494307015e-26 
6.0855439764e+24 
-4.3783553024e+10 
8.7911152316e-27 
1.5451328125e+03 
1.1604852736e+11 
-1.9345366365e+31 
-2.9236914062e+02 
4.0971892545e-11 
1.0810732293e+33 
-6.9169117049e-15 
-3.5746738902e-11 
1.5407485962e+00 
-9.1768425599e+27 
1.5773766838e-26 
-4.6209614985e+17 
2.7241601562e+02 
4.8677926364e-33 
-4.7560119629e+00 
-5.0998681600e+08 
1.6776393750e-06 
-4.3358313415e+27 
-1.9653806934e-28 
1.3883388602e+34 
-1.0124257812e+03 
1.4369899873e-05 
2.7941273827e+30 
-4.2619985342e-26 
-3.9100327532e-32 
-7.4371638298e+00 
-1.2145238402e-24 
1.3288768005e+02 
-1.0096891145e-07 
-6.2731053944e+37 
-5.8595156187e-34 
-7.0826204137e-06 
1.2731610797e-02 
-3.2327142713e-18 
2.9440073520e+34 
-1.4404046694e-25 
4.2637781893e+12 
-3.2213268332e+17 
-3.5107284154e+24 
-1.1579548559e-14 
4.5355340500e-20 
-7.1845166029e+15 
-2.0086840418e-25 
-1.2887988884e+23 
-1.9282128896e+10 
-1.8233064664e-29 
-2.1511498438e+05 
8.7980472837e-21 
3.2840914237e+18 
-5.9467989644e-08 
-9.2129030963e-04 
-3.2700879160e-07 
8.1744433940e-16 
-1.4058215178e+12 
-6.0123410810e+22 
-7.5682589421e+37 
1.5901098797e-12 
-7.9266489930e+36 
2.2861261093e+21 
-1.3755736749e+30 
1.9384198687e+34 
-4.1893194077e-27 
1.2268001475e-37 
9.0950535991e-10 
-1.8618301345e-12 
2.9167200000e+06 
-2.1647687680e+09 
-4.9484258508e-26 
-1.1771481948e+12 
1.3654491308e+16 
-5.2023459840e+09 
-2.3177662926e-34 
-5.4966701296e-37 
-8.2696658473e-28 
1.8935358027e-28 
3.3507568359e+01 
-3.5975294255e+21 
-1.4739614053e-19 
-7.7309524270e-29 
1.2626610007e+37 
7.9848678070e-06 
5.5984127045e+01 
-5.2867046418e+34 
1.4264186523e+04 
2.6420459597e-38 
-2.4240290613e+29 
-9.2486589871e-38 
2.7441561444e-15 
-1.8411952007e+20 
-1.6164166161e+36 
-3.8716003200e+08 
3.1260157035e+20 
4.0000318868e+22 
-8.7632978097e+22 
-1.5881511910e+30 
1.0868283832e-26 
-1.8474322352e+33 
-2.3130484884e-26 
3.7565635284e-04 
-1.5769206758e-32 
-1.7761460223e+28 
1.5061502730e+15 
2.8471220967e+31 
-1.0215656343e+27 
3.0225736093e-24 
-6.5406023031e-18 
-1.7127112369e-04 
-6.0309039616e+20 
-6.1389487349e+29 
-1.5741121200e+13 
6.0832121937e-34 
2.3111968945e-16 
-2.1746705532e-21 
-2.5008063591e+24 
-1.2769520813e+16 
-1.0075829315e+02 
1.0585403564e-15 
-1.8583907513e-03 
2.3948351379e-23 
3.9344131130e+15 
-1.2613219730e-17 
1.1703919619e-01 
3.1670805067e-02 
-1.8054270000e+07 
8.8638150220e+19 
-2.9617376566e-32 
-7.1065827678e+17 
-1.3655763424e-32 
1.2458829121e+27 
3.2154044343e-37 
3.7854596875e+05 
5.6033967846e+17 
-1.3520067795e-15 
7.7794176000e+09 
-3.1441633473e-04 
5.3069057617e+03 
4.6347807617e+03 
2.6259965241e+14 
-1.7215134212e-13 
7.4629206657e+00 
3.8814651227e-14 
-3.0943898018e-03 
1.8204898438e+05 
6.5754310400e+08 
-4.8104353694e+37 
-2.9358060427e-09 
-2.0451475004e+21 
-6.6458538837e+23 
1.1003507895e-16 
2.3019044852e+24 
7.5575555211e-36 
-4.9486043936e-30 
1.2230331056e-31 
5.6520246094e+04 
1.7248107638e-23 
1.0526456832e+10 
-1.0746900669e+17 
1.2280843866e+27 
2.2502809807e+31 
3.9011601218e-33 
6.8316236138e-04 
-7.2225646973e+00 
7.8969192505e-01 
-1.0409619141e+02 
-2.8471424000e+07 
1.0907941054e-33 
2.7993942598e-19 
-3.2966244819e+16 
-7.1500210362e+15 
2.5113047954e-28 
-1.2638613764e+23 
-6.8193333196e+26 
-2.9849315084e+21 
2.2291378519e-20 
9.1118836281e-06 
-3.8852193280e+09 
-5.8148215849e+13 
-6.4447594889e+16 
5.4260199380e+34 
-9.5146521926e-04 
-2.7950009098e-06 
-2.7604827881e+00 
-1.0001356800e+08 
2.3725433350e+00 
-2.0256609918e+28 
1.1782819679e+30 
3.0499634515e-24 
-3.0877968750e+03 
-3.5431651268e+28 
-1.2024979327e-38 
1.7991649895e-37 
4.3037405237e-14 
6.0479993451e-26 
-4.8143104000e+07 
1.2065629562e-07 
6.9201516456e-20 
-5.3677734375e+02 
5.0326072320e+09 
4.3400303953e-36 
-5.4756176042e-18 
1.1778715136e-25 
-3.0020291805e+00 
2.3165021815e-27 
1.8375612826e+13 
-3.6571661290e-16 
1.9896112772e+30 
4.0590538240e+09 
-7.3181461228e+35 
-1.0798353893e+25 
-6.8740842012e-12 
-2.4247238405e+35 
1.3809215000e+07 
-2.1914951550e+28 
9.1220615234e+03 
5.4201557617e+03 
1.4625168448e+22 
-2.3330835016e+32 
-1.2190157500e+06 
2.5861804716e-06 
3.5280059054e-32 
-7.5506642409e+34 
2.5898220605e+35 
-7.4252219198e+33 
-8.0597911678e-10 
-2.1165895312e+05 
-5.6718776492e-28 
-1.5496480713e+03 
1.0011188545e-09 
-5.8185327798e-02 
-5.4534385168e+16 
1.3633116115e+17 
3.4393087256e-16 
3.1131310863e-08 
2.2820955561e+31 
1.4352077500e+06 
1.5134514192e-23 
-1.0647405129e-34 
-7.3604793392e-29 
-9.1565144356e-10 
6.3610302734e+03 
4.2403779182e-38 
-4.0617020568e-04 
3.4052246094e+04 
7.4172656640e+09 
-4.7545613655e+22 
-4.1653031845e+22 
-1.5445588992e+10 
-2.5412831498e-36 
8.4385185062e-08 
-6.0160360683e+24 
2.7008016524e-14 
2.0231904007e+30 
2.2450153809e+03 
2.4357925213e-05 
-3.7185040514e-31 
3.7198978653e-27 
-1.1701359181e-03 
1.1391511858e+22 
1.5948744359e-30 
1.2218714135e-17 
4.5472804864e+10 
-4.3423524648e+21 
-3.7451025099e-02 
2.3742758180e+26 
-4.5544996875e+05 
-7.2579093846e-09 
-1.8880271483e+13 
-6.1383368727e-32 
8.5390253286e-33 
8.8619345510e+11 
-2.4167856181e+33 
-5.2441259238e-25 
3.6556600744e-25 
-3.1583925760e+09 
-3.5616624953e-23 
-3.4961719630e-10 
-2.2967393969e+24 
3.5262610054e-22 
4.5261088571e-26 
2.6462996086e+34 
-1.8484539396e-05 
6.0525087157e+16 
-1.9906667148e-05 
6.4009541565e-19 
3.0353975293e-24 
-4.3364316765e-20 
-4.6914963200e+08 
1.4079312023e-37 
1.9614186818e-19 
2.1673537898e+24 
2.2688993340e-05 
1.3182523426e-35 
-4.0774173437e+33 
2.8015680653e+38 
-5.9549907955e-26 
-2.9774920360e-18 
-8.6553059644e-31 
3.2384021524e-38 
-1.0988079487e-17 
-3.3107839990e-03 
7.6618794331e+17 
4.1567597878e-22 
5.5297127667e+34 
-2.5208372910e-30 
1.0574256294e-30 
3.9565631843e+26 
-2.9797205925e+00 
-1.2498735848e-23 
-8.4962744730e+11 
-2.2639871094e+04 
-3.1090192197e-22 
1.8192426453e+37 
-5.1460746094e+04 
-1.6866041094e-29 
-2.3321945978e-14 
-1.1851106099e-21 
-1.3820331295e+13 
-5.8678315841e-14 
6.5629969028e+25 
2.1119949452e-05 
-3.6406360149e-09 
-2.9725453258e-01 
2.0485159680e+09 
1.1373095189e-32 
6.8607910180e-06 
3.7372238710e+27 
-2.5310992217e+14 
-2.6601357835e-12 
7.0976899252e+30 
1.7487247280e+18 
7.3684570338e-31 
4.9751234769e-27 
8.8610450999e-32 
6.2145311550e+29 
-3.4738713107e-30 
-1.2075900448e+25 
-1.8467785025e-31 
8.4452717363e+11 
-9.0083085028e+37 
-9.9481276605e-24 
-4.9702438992e-04 
1.8197754230e+35 
5.0440585613e-01 
-8.3291074040e-24 
8.5178075704e-10 
2.8989428635e-09 
-1.7002256714e+21 
-2.0539261263e-34 
-3.2111242647e-14 
-3.1409545045e-05 
-4.6304742188e+04 
-7.7600248000e+07 
-4.6953588463e+22 
1.8838679012e+18 
6.7450898703e+18 
-5.1295435306e+14 
4.8222347941e+27 
-9.8813822655e-22 
-4.6636475000e+06 
-1.9765666853e+21 
-2.8004921633e+24 
1.1952234628e+25 
-3.9406319931e-37 
-5.6564254308e-19 
-7.3559484375e+04 
1.0971400161e-23 
3.8929355401e+14 
4.2397967064e+27 
1.8349438944e+18 
5.6622538566e-24 
-3.3506636092e-18 
2.0846097469e+00 
2.9470351688e+12 
1.0913390160e+01 
3.2034654467e+14 
5.9848836063e+29 
2.3590303801e+21 
1.4101647929e+36 
-1.9673043622e+37 
-1.0580682508e-33 
-1.6099391778e+16 
-8.5835775987e-11 
4.2302841122e-19 
1.4404125068e-05 
2.0158397911e+22 
1.5900256177e+18 
-1.2142602150e-27 
-3.3318181532e+27 
1.0280749875e-24 
2.2070630445e-18 
7.8734521334e+18 
2.5029129177e-25 
-3.2770376547e-25 
9.6983730653e-26 
-7.0980392960e+09 
4.7756933218e+15 
2.2705104683e+33 
5.2288103122e+25 
-2.0194955430e-10 
4.6480775789e-38 
-1.3835413750e+12 
2.1478777815e+12 
4.0431782603e-01 
-5.2758297811e+14 
-1.2642214073e+35 
-2.2613500887e+12 
2.9550707572e-36 
-1.0798918978e+37 
-4.3406743902e-28 
-3.2928001881e+00 
1.5592468464e+22 
3.2719484000e+07 
5.7067401730e+34 
-9.7807619781e-09 
1.8037268432e+30 
-2.5299414660e-36 
2.6198780191e+28 
4.4495523325e+33 
4.4410597376e+10 
-8.0692321052e-32 
-1.2575758750e+06 
-4.9979195000e+06 
3.9351331980e-13 
5.5200649513e-05 
1.4107473898e-34 
-3.9256837325e+12 
-1.3930841408e-33 
8.8809266794e+15 
-1.0479005684e-11 
1.6974257231e+00 
1.8439478867e+23 
-3.7118936167e-38 
-4.6618357459e-17 
-7.7632848891e+29 
-1.2183353228e-35 
-9.7379068869e+20 
-2.2479515185e+28 
1.6533142950e+29 
-2.3590540796e-21 
1.9929127322e+11 
-3.1516195261e-20 
1.8797031166e-21 
-6.4705994570e-15 
-6.8479744663e-31 
1.4603590578e+31 
-9.2279368854e+23 
9.0801350400e+08 
6.7012103271e+02 
9.8550998379e+21 
-1.8300088530e-29 
-2.2702908308e-33 
8.4201045912e-31 
-6.1387470215e-29 
6.3396746094e+04 
-3.2583172950e+33 
-1.5343061674e+27 
-1.6718030028e-21 
-4.3882212181e-14 
3.1212712751e+17 
-6.8310236931e+00 
-2.5679207271e+32 
3.2017086464e+10 
-6.2390921422e-12 
4.0344279735e-32 
-3.7888628117e-16 
1.2455630711e-32 
1.2732188978e-23 
-2.3802342692e-23 
7.8160655903e-06 
-1.0926979129e-13 
1.3416654540e+26 
-1.4295457107e-16 
-1.3293443494e-13 
4.5546579486e-07 
-1.9884670184e-15 
9.2174355469e+03 
3.0351032917e+31 
1.7940604518e+11 
4.0900357867e-22 
3.4385808243e+27 
-1.5119985469e+23 
5.2766062873e+26 
-2.9874096252e-11 
2.5818751236e-18 
-5.8247010960e-38 
-1.0321447017e-36 
-5.9521051298e-05 
1.2091105287e-25 
-3.0453793750e+05 
-7.6280773744e-30 
5.0552123303e+35 
1.3294607637e-09 
-5.2983933142e-16 
7.0883491541e+20 
2.4944994936e-14 
1.3801019146e+12 
2.7816953600e+08 
8.1998814788e-20 
-2.9180372022e+17 
7.4969420893e-06 
-4.0523248214e+24 
-1.1673357500e+06 
-1.5249137196e-21 
1.6877348675e+20 
-1.0316338672e+27 
-1.2227698676e-07 
-3.9732621673e-35 
-1.1323277500e+06 
7.2567824056e+12 
-1.4889022000e+07 
-4.2240452487e-29 
3.1762779926e+25 
-8.4712356255e-35 
1.2937868800e+09 
-2.2616012739e-38 
5.8179519569e+20 
-1.5082721603e-26 
-1.5843141878e+12 
1.8071679629e+17 
-5.4121768475e-01 
1.0060950354e-31 
9.2025400485e-35 
1.3125633718e-18 
-8.1937015057e-01 
3.2141219640e+29 
2.8262476921e+00 
9.6114000311e-30 
-2.9072210524e+22 
6.1615985707e+32 
5.9791940451e-01 
7.4293624216e+20 
4.5679546257e-10 
-7.2078605652e+01 
-7.3600272202e+15 
7.8795430625e-08 
2.8088091770e+36 
-7.0863675000e+06 
5.3376783171e-07 
-1.5017726126e-29 
7.3620747314e-28 
-3.4971916474e-09 
6.8793713334e-23 
-3.4543480340e+13 
9.4136322021e+02 
-5.5095117506e+23 
2.0695809479e-19 
9.3909189172e+18 
1.8983623047e+04 
3.4330206150e+36 
-5.7584528923e+00 
-1.4717551377e+19 
-1.9861286420e+12 
-1.2782082671e-38 
-8.8613269591e+20 
-9.8593884120e+15 
2.7873643538e-14 
1.0345647429e+16 
-1.5620191097e+00 
1.0314361227e-16 
2.4793182208e+10 
9.1035135460e-36 
-2.2167696875e+05 
2.4334002695e-12 
6.5264179965e-14 
1.1302136502e-30 
-8.5910373030e-27 
-2.3459383371e-32 
4.5981811127e-04 
2.7619385037e-06 
3.2566416507e+12 
4.8517840791e-24 
-1.4883936849e+32 
3.3370958408e-04 
-9.0425828239e-04 
-1.3608670654e+03 
-8.0834572028e-25 
-3.2067208351e+28 
-2.2376720848e-37 
-3.5588022872e-13 
-7.9115846893e-04 
-6.8555155200e+08 
2.4153025632e-21 
4.6306341450e+26 
-1.6446869884e-21 
-3.9111520386e+02 
-2.9963065945e-32 
1.2729442596e+02 
-1.2555303852e-17 
6.9669350319e-25 
-7.5842522433e-35 
6.7424452828e+15 
-2.4752285884e-18 
-7.9553177835e+17 
1.2048940972e-15 
1.1556939994e-21 
-6.6922433462e-07 
-4.1004787299e-20 
-2.9075830784e+10 
-1.3616335258e+11 
-1.6403306952e-38 
1.1217892256e-13 
1.4382192277e+35 
2.6666611388e+26 
1.7772711036e+16 
-9.4562075784e+26 
-1.6055531303e+15 
3.1034125863e+16 
-2.9770400882e+29 
6.4001660355e+27 
-3.7312099840e+09 
3.6144534400e+08 
-1.0679719912e-12 
6.3030464181e-10 
1.8314373148e+22 
2.9024370688e+11 
1.0886534567e-32 
7.9967160653e-21 
7.1408625913e-25 
7.7388875438e-22 
-3.9896976636e+15 
5.0555690005e-14 
4.7489025500e-32 
2.5337619336e+14 
-2.4804409104e-30 
2.3685332388e-02 
-1.5782316250e+06 
6.7060665287e-07 
2.1754388428e+02 
-3.9859085065e+33 
-1.3098636250e+06 
-6.8199990000e+06 
6.1363802624e-32 
1.8797021918e+26 
2.1177980000e+07 
-4.4272002122e+15 
5.5498182272e+15 
-1.6078939651e-24 
-4.3604662642e-03 
-2.4436640650e+20 
1.9209549507e-08 
-9.3868536000e+07 
6.8158807332e+31 
4.8940975171e+15 
-5.2281490326e+01 
2.3944651857e+19 
-2.1031204400e+25 
-2.3343882194e-38 
1.3549259200e+08 
-4.9557542011e+12 
-1.1663051757e-21 
2.7390993084e+29 
1.7652655379e-11 
-6.1816958976e+10 
7.9626277841e+33 
2.2694623047e+04 
-5.2106595078e-37 
3.7585689675e+27 
5.3567837069e+20 
-1.3579409234e-19 
-3.8663174905e-25 
2.7955454066e+38 
-3.1327751931e-03 
-5.2262888510e-36 
1.2194497528e-13 
-6.7875957760e+09 
-1.5952902322e-04 
-1.2090541499e+28 
-3.2456770782e-07 
-9.0236028340e+36 
-1.0528661217e+35 
-7.1047051722e-21 
2.9049959496e-20 
2.6487736375e+31 
-5.4103605012e+23 
-1.7734742280e-38 
-1.1064741123e-08 
-7.5655961115e-16 
4.7466043410e-31 
1.7180203680e+13 
-2.4357997448e+24 
1.4629260493e+13 
-2.9082112718e-08 
2.0421979668e+12 
-5.6418398295e+25 
-2.7949337006e+01 
-3.9389839292e-19 
-6.4750432882e+27 
-4.6159135640e-23 
1.5291035894e+29 
-3.0186874192e-32 
-6.2562381137e-23 
9.7535156759e-32 
7.3397061762e-09 
8.3668043611e-27 
3.2336587312e+14 
-6.0705085731e+30 
1.6797240525e+11 
3.4495378660e-15 
-1.3717038431e-23 
9.9561006253e-28 
4.6064144145e-30 
-1.1296095711e+20 
3.1889156334e-37 
-1.8987313600e+08 
-3.3740233965e-15 
-2.6634176636e+02 
6.9579563149e-34 
1.6323406737e+23 
-7.2201604280e-31 
1.5280186199e-02 
9.1075462918e-27 
-7.2578552000e+07 
2.0152160566e-25 
-3.5813044250e+19 
-4.6755668049e+24 
4.9831824966e-15 
8.6299492188e+04 
1.1094507459e-20 
-6.6090612345e-32 
-8.2698072390e-08 
-1.5875503722e+16 
1.8963544335e+36 
5.7219515000e+06 
7.5007596752e-04 
1.2556425045e+33 
6.3487423147e+34 
1.5486745652e-38 
6.3754052931e-29 
8.8673381462e-27 
-6.6766342188e-25 
-4.7917632173e-07 
-2.9696670827e-03 
6.4687485747e+11 
-1.2017830330e-32 
-2.6862716616e+17 
-2.3099288189e+24 
-4.6263854442e+34 
-2.8368643683e-34 
-9.9783471907e-32 
2.9163902000e+07 
-1.7692736529e+33 
2.9583865856e+10 
-5.7001459581e+13 
-4.3426726338e+28 
-8.0912962307e-27 
-7.5081208000e+07 
-1.1495384721e+30 
-8.9042472839e+01 
2.7820112111e+14 
-6.4140369340e+30 
3.3852233283e-21 
1.3019025326e+00 
-1.9976086400e+08 
-2.1967646452e-11 
-3.4650331449e-31 
2.2424836426e+03 
-6.4049124718e-01 
3.1731048387e-33 
7.7235804160e+09 
-1.0859722240e+09 
-2.7080467499e-21 
-1.0291462506e-13 
-5.0505869091e-02 
-1.7693583885e-16 
1.5707167387e+00 
-3.2048541679e+38 
-1.2207665253e+02 
-7.2225990400e+08 
8.6417586036e+21 
-9.5310934556e+18 
-4.3648663254e-17 
-3.3601893649e+23 
1.5358291436e-35 
2.6364661289e+23 
-8.1768472576e+10 
8.2681128162e+20 
-2.4537495040e+09 
-2.6735214051e-03 
5.4993459692e-26 
5.3154576775e+22 
1.1488969214e-20 
8.0093037846e-25 
9.2474908647e-39 
7.6205494559e-28 
-1.3612929539e-17 
-3.0169628124e-22 
3.6651205658e-27 
-1.1635757500e+06 
6.5516992169e+35 
-1.1649832671e-37 
-2.5256630174e-22 
8.6290152401e+33 
-2.3444163470e+30 
1.7162544000e+08 
1.3115576167e-22 
-2.6894051319e+22 
5.4497845716e-14 
3.0096451997e-09 
5.5358398221e+29 
-1.3423148032e+10 
-5.1188988000e+07 
-3.7655877135e-32 
-5.3245162235e-06 
-2.6460531396e+36 
4.6324669782e+22 
1.5911800398e+32 
-4.1683145516e+17 
8.8752560856e-11 
1.5174146746e+30 
5.1586274302e-30 
5.9510800000e+05 
-9.7691040039e+00 
-3.8613688957e-07 
8.4323028540e+32 
-1.3597051822e+22 
-2.0319410586e+11 
1.2729663424e-32 
5.1486409662e-20 
2.1014781199e-25 
-1.3429878204e+22 
3.7294475634e+33 
2.6500811200e+08 
2.7976344165e-15 
-9.3000485302e+32 
5.8783580482e+18 
-4.5480375312e-15 
-2.5547758976e-22 
2.8658834080e+13 
-2.8868869141e+04 
2.1506017683e+23 
5.7117855947e-26 
8.1169190400e+08 
-3.4318988273e-28 
-9.6928918487e+26 
-9.1343517852e-06 
6.8422710400e-19 
4.3213404800e+08 
1.9746841368e-25 
8.1130310442e+17 
1.9753153488e-25 
-2.6535977822e-36 
-3.8172388906e-28 
-3.0513995913e+35 
2.6107042572e-07 
5.5237475038e-08 
1.3899538555e-15 
4.2127929108e+21 
5.4982121445e+34 
9.9956121463e+21 
-1.9254734526e-12 
2.3172030978e-06 
-1.0875243378e+02 
-9.2551164494e+17 
-1.2534290213e+34 
1.6522446493e-31 
7.8436613612e+28 
6.9287809651e+24 
1.1008321308e-02 
8.2567175240e-18 
9.1035155130e-28 
6.4661062943e+12 
6.4592955000e+06 
4.4597287698e+17 
-1.0431128000e+08 
-1.0194919579e+15 
-4.4784949064e+32 
3.5609436049e-36 
1.1833848438e+05 
-1.1965757000e+07 
2.9670768738e+01 
-8.9631545321e+28 
2.3305063710e+29 
8.0465516272e-23 
-2.9455740000e+07 
-1.3022550628e+20 
-1.5718822131e-31 
1.1174687830e+18 
3.6571357500e+06 
1.6050420467e+35 
-1.2421419254e+19 
-2.9380315027e-05 
-3.0321832689e+24 
1.8696014788e-12 
2.4233280748e-28 
1.0169597803e-10 
-3.1670680682e+28 
4.4308772406e+30 
-3.7781211945e-21 
7.7010267737e-13 
-2.8523944515e-28 
6.2715721044e-32 
-1.4328087161e-07 
2.7898917333e+18 
-8.2779640000e+07 
2.5972443834e+31 
-3.7727817398e-11 
-1.4306639266e-16 
2.1948861283e+16 
-2.7142140269e-01 
1.4791871368e+29 
-8.3069847379e+36 
-2.5424693821e+12 
7.1467985920e+09 
2.6111850279e+27 
5.4372248650e+00 
-1.1695421730e-36 
-2.7776631206e+35 
2.8981175470e-21 
4.7490953275e+14 
-4.1974196875e+05 
-5.8719996836e-39 
1.1529407000e+07 
-3.7332810773e+20 
-1.0050954291e-21 
-4.0497836032e+10 
5.3449174273e+37 
7.6186983306e+33 
1.7010320930e-09 
2.9408045398e-22 
3.1707277214e-20 
2.1885567411e-15 
-3.0644400746e-34 
-1.3622285537e-25 
-9.2589489209e+32 
1.5447745287e+26 
-8.3998554784e+31 
2.6713892293e-22 
7.6509615477e-35 
-2.4877482097e+34 
1.7543218243e-36 
-1.5950792757e+28 
-2.1608753600e+08 
1.0299030974e+30 
-2.3659583181e-02 
-7.4786686522e+26 
1.8513282046e+15 
2.5554118137e+28 
1.3831910257e-38 
1.3425165637e+25 
-1.9687420160e+09 
-1.0083078750e+06 
-8.2937359785e-35 
1.9442667833e+34 
1.0613620632e+23 
-2.9265289560e-32 
-1.1808739964e+23 
3.9651855467e+28 
4.6107301799e-21 
1.3163221839e-18 
6.4296232853e-16 
8.0800643191e-03 
-3.1034067311e+27 
1.0359764404e+03 
-2.3059261436e+31 
-5.9867290198e+23 
9.3291489295e+15 
2.1420439552e+10 
6.1873865889e-06 
-1.5835529977e-14 
-2.2481844005e-26 
1.3581668012e-09 
1.2025354875e-37 
-3.9914303488e+10 
-4.6624057617e+03 
1.7133515093e-11 
-1.9446209925e+23 
-5.0122190848e+10 
2.0265566412e+21 
2.8779846898e-17 
4.8007420175e-24 
3.9410592445e+31 
-2.6670659584e+10 
-8.2502753769e+32 
1.8960553875e-24 
-3.6408016648e-30 
2.8058991073e-25 
-1.8418419078e-22 
3.7505672806e+11 
-1.5445282574e-29 
3.8297956127e-17 
-1.3597229120e-08 
1.0086265715e+27 
7.8874720338e+12 
-3.4768510122e+30 
-1.4003281348e-28 
-1.2212396851e+11 
1.5181929781e-21 
-1.6146239000e+07 
7.4537929322e-05 
-2.0362616487e-13 
-1.3842614634e-24 
2.4097810446e+24 
-2.7720568702e-02 
1.6434443257e-14 
-8.1340902999e-33 
3.4504774401e+22 
1.0179255040e+09 
4.5713470459e+02 
-3.3240998603e-36 
9.5759952068e-01 
2.5526552500e+06 
-8.2264134393e-10 
1.3883458622e+26 
-1.1445569227e+16 
3.2330030182e+35 
-3.1328763887e+22 
-3.4638564750e-30 
-5.5207104000e+08 
-1.5543324407e-03 
2.0559049943e-23 
9.7329804565e+33 
5.6297612474e+24 
-2.9483241785e+31 
-6.4097441017e-37 
-6.0788814545e+01 
-3.8394464333e-31 
2.1788683806e+21 
-9.4713527567e+29 
-1.6232836900e-21 
-1.0493214290e+34 
9.9371024384e+11 
5.5206875313e-13 
-1.6820939200e+08 
-5.1702676033e-17 
-2.7676572846e+33 
6.5787093655e-12 
-1.0468025751e-37 
1.0884777897e+15 
-2.0249387575e+26 
-8.9921865234e+03 
-2.6484830379e+00 
7.6590439458e-38 
8.3285313061e+13 
-7.6595362941e-08 
5.5611011891e+11 
2.5008450450e+22 
2.6418671975e-28 
9.8016604560e+30 
-4.3783441265e-21 
-1.7294367913e-29 
6.4544915771e+02 
1.5432843837e+29 
-2.0583934400e+08 
-8.7424358400e+09 
-4.9212746094e+04 
-1.6042163472e-27 
1.4852596720e-37 
1.0947066880e+10 
-9.3727176899e-31 
2.6198512960e-31 
-8.4732998628e+36 
2.0171644000e+07 
2.8416892000e+07 
2.0322398743e+22 
            nan 
-2.4735118647e-22 
-7.3662763299e+26 
-1.4571206656e+10 
-1.0234840265e+33 
-7.9496809021e+12 
-2.8461688035e+27 
1.7278672572e-31 
-2.5012796196e-13 
-4.4250882255e-13 
3.7362642539e-34 
1.5359673369e+13 
-4.9220462651e+18 
3.1274941902e+32 
6.0612712543e+14 
-1.1112716081e-08 
-7.3763700960e-37 
-5.6819350417e-35 
-4.5862200581e-26 
6.0211597617e-18 
5.8364802893e+23 
5.1923848332e-06 
7.6020808220e+00 
-3.2014671889e+34 
-1.4095074619e-07 
-7.0915515535e-03 
4.8247940321e+16 
-3.5563693773e+31 
-2.1178366720e+09 
7.6439263209e+22 
-1.5396431855e-16 
-8.7445168779e+36 
-5.1546375427e-25 
-9.5960073471e+00 
-1.0868592396e+20 
-9.1454070000e+06 
3.5044716544e+10 
-3.1943699718e-01 
1.9843398400e+09 
-4.1639756887e-07 
-7.5397672438e-34 
-2.6463573115e+13 
7.1209077856e+33 
-1.3918444454e+13 
8.6987160524e-34 
-4.0138061158e-03 
1.1782611794e+19 
-2.6146136064e+11 
-8.4299598882e-38 
-7.1928915732e-13 
-2.9004351814e+30 
2.7950323313e-15 
-4.1454510723e-13 
-8.7731748209e+12 
-5.1269547713e-35 
-1.5532147379e-17 
-6.8752177847e-36 
-1.3001355418e-22 
-1.4607072000e+09 
2.0326552806e-32 
-9.4394018680e-16 
1.1573105429e+29 
-2.5174279576e+31 
-3.2284247584e+22 
-8.2108314000e-16 
2.2496257657e-07 
-4.8754768969e-36 
3.2348618559e-37 
-5.3589229765e-07 
-3.4456926950e+18 
-1.4103275000e+06 
1.0961614000e+22 
2.2290950423e+24 
2.5649523396e-20 
2.8192594884e-38 
-3.4815079039e-33 
-2.0583949089e+00 
9.3500918532e-36 
-3.6760049418e+12 
-6.5985192542e-33 
2.2130619115e-08 
-8.2937914430e+17 
-1.2585937535e+33 
-3.3859995970e-12 
-4.9541406551e-25 
1.2705440442e-17 
3.4244505223e-03 
-1.3898555283e-36 
-2.3507363925e-16 
-2.3124683200e+08 
2.5493054627e-23 
1.2786070824e+01 
-6.7577945202e+25 
1.2835735947e-34 
-1.6140178850e-35 
-3.7548537833e-19 
-4.8887432078e-27 
-3.9418291126e+24 
1.6108335152e-11 
3.8512341309e+03 
1.5948239721e-27 
-1.1456936960e+10 
-1.2146261724e-04 
7.6925279720e+31 
-9.2656791411e-19 
1.1519848369e-02 
2.8948239136e+02 
1.3958148404e-17 
3.6797746094e+04 
3.8576125777e+36 
-2.6401396479e-26 
-5.7681392670e+01 
1.5382463000e+07 
-1.4101498438e+05 
-3.7206755723e+21 
-3.4676757138e-23 
6.6528932794e-29 
-5.1868168554e-24 
-7.4784248000e+07 
3.6689851135e+22 
3.6596476000e+07 
-3.5939781706e-10 
-1.8636025037e+11 
3.0396573544e+00 
-1.2213752958e-13 
-1.3347557068e+02 
-7.0547133128e+25 
3.6663195666e-32 
-2.3977213061e+37 
-1.1372168735e-26 
5.6978019529e-06 
1.4527641682e+12 
-4.5891324000e+07 
2.1246371094e+04 
8.2566745600e+08 
1.5761133449e+37 
4.3177297729e+26 
1.0660650420e-20 
-2.9798600545e-27 
-2.4438326263e+22 
-1.1455228271e+03 
1.1396176297e+15 
1.6823144233e+16 
4.0607170454e-23 
-5.9401506307e+23 
1.5066008992e+28 
-8.1979739666e-01 
-1.5564745778e-20 
-4.9851536251e-33 
5.1744266445e+23 
1.3534478750e+06 
2.3349122868e-18 
2.3874920448e+11 
3.5249582962e-35 
-8.6172573268e-02 
2.3211695026e+36 
8.9418232000e+07 
-1.1536437035e+01 
1.3245461697e+33 
-8.9757487418e-22 
6.2253426722e-25 
9.0538488000e+07 
4.4295581708e+17 
8.6923217662e-28 
-2.1865414621e+18 
-2.0434110165e+00 
-1.1489663435e-24 
-5.1525384521e+02 
1.4473077629e+29 
4.8239846286e+33 
1.2146435519e+18 
5.3971998122e+22 
-7.6381474113e-31 
1.0388643483e+33 
-6.9373916508e-29 
2.4228067053e-37 
-2.0812244166e-27 
-1.4331707997e+31 
1.7943315087e+12 
-5.5169925304e+14 
1.3818739653e+00 
3.6994715103e-34 
1.1960159580e+26 
2.1151565371e+32 
-3.5487344576e-05 
-1.1163136833e-06 
6.9291600887e+36 
-1.0384484005e+33 
-4.0167064981e-06 
-4.5226727886e+36 
-2.5182123047e+04 
-7.4115522464e+18 
-3.1495995421e-24 
3.2900959310e-16 
2.2234238000e+07 
-6.6476834472e-16 
2.6170898438e+05 
9.1760227224e-04 
-7.5554503152e+35 
-2.6544688269e-02 
-1.2743828624e-40 
-1.9589772512e-11 
3.5573600949e+34 
-4.0353127592e+32 
-3.9627850922e+31 
1.1874771388e-07 
-1.7011170636e+28 
-4.8401045140e-39 
-7.8554041311e+16 
-2.1644659682e-06 
5.1999604922e-18 
5.7166484003e-14 
-8.8249394790e+11 
-1.4215238361e-11 
-3.4766767455e+31 
9.6507859092e+30 
-5.0197013855e+01 
-3.0205096118e-03 
-3.6069393445e-06 
-6.1688033558e+26 
1.2220322154e-02 
-8.0614381951e+14 
-6.6967995000e+06 
1.5068473595e+29 
4.5212655075e-20 
4.3997630069e-38 
-8.7336864763e+14 
1.0090460273e-04 
-1.0894458574e+22 
-4.8766096006e-04 
-1.9290373047e+04 
9.9531833257e-05 
4.3800047837e+32 
7.8861087463e-33 
-6.5778843483e-10 
2.9938470093e+13 
1.9902492866e-18 
1.2444064136e+20 
-1.5915337315e-07 
-1.4613087676e+14 
-1.0199816512e+15 
-3.9638974622e+27 
-2.9554986893e-25 
-6.1223125337e-32 
-6.1227397632e+17 
-1.1033943537e-07 
-1.1327529595e-17 
1.3219304585e+25 
1.4367313830e-23 
-7.2350836144e+34 
-3.1608567218e-13 
3.0686395741e-33 
9.8594181240e-02 
-1.5602662871e-17 
5.1974479048e-33 
3.2128596875e+05 
-1.7536802916e-03 
-5.9337272320e+09 
4.1105588765e+28 
-2.0460211741e-38 
9.8425413404e+29 
-7.8324934400e+08 
7.9389385635e+33 
3.4612601664e+28 
2.6306638409e-16 
8.8251334674e-35 
5.5609056711e-30 
3.0398634724e-33 
7.9711051975e+33 
8.3154476577e-19 
2.7963815936e+10 
-7.7632316589e+01 
-1.4215679871e+26 
-3.7908741832e-01 
2.4530998527e-18 
-2.2590920357e-25 
2.8753350243e+27 
-3.6482565105e-02 
-1.9907921681e+14 
-7.0518785881e-25 
5.7892136574e+00 
-3.2645110366e-25 
-2.6150776367e+03 
2.9475565261e+34 
-7.0622629292e-17 
-2.1298632648e+32 
-2.0015651357e+30 
-4.0745403579e-11 
-4.4298337525e-17 
1.8120949899e+29 
-6.8733088690e+19 
4.4500721900e+32 
2.8542857605e+29 
1.4881110535e-18 
-1.5794543153e+26 
-1.3987545434e+32 
1.6831094309e-34 
-6.0733095799e-14 
6.9084116384e-22 
2.8136083817e+28 
6.4879571178e+21 
-6.9444533457e-10 
-2.1378420293e-01 
-6.5829871885e+29 
3.6042040937e+30 
-1.4728608495e-30 
-2.0539803582e-15 
1.9796661739e+34 
-7.7081088000e+07 
-7.2024447545e+22 
1.9345996105e+35 
-4.5557760109e-38 
-9.8477574363e-28 
-5.2478124311e-29 
3.9757476825e-14 
1.1301877861e+38 
-4.3968066166e-07 
-1.0846736654e-19 
8.8044464789e+24 
3.7806827110e+11 
1.6551082866e+25 
6.2634071464e+32 
5.9004369074e+36 
-3.1146587435e+15 
-6.8224592642e-12 
5.4177359135e-33 
-3.8156250000e+04 
-3.8288027772e+20 
-4.8327422064e-09 
8.4831917743e-30 
4.2789432702e-20 
9.5263123512e-03 
-7.2449948621e-32 
2.5158543234e-30 
-8.6562822305e+24 
-1.0178599941e-30 
6.8029349515e-14 
8.6399478202e-17 
-1.1207390741e+16 
-1.1967044044e-38 
4.5005906320e+35 
-7.4160471559e-04 
-8.7477732450e-05 
6.7773818970e-01 
1.1365995294e+16 
2.7994954312e+34 
3.0588574235e-38 
-9.3919982902e-11 
-1.5755668283e-03 
2.0752879378e-25 
-9.4932582400e+08 
4.8838593212e-23 
-5.0113906095e-18 
-7.0039362907e+00 
4.4502007833e-38 
9.6103138468e-15 
-2.9587030254e-16 
2.6275058216e+27 
2.9708632422e-15 
3.1834976781e-33 
-3.5585286887e-12 
4.6846900756e-29 
-6.8744933437e-18 
-3.5283192844e+16 
2.6719270594e-30 
2.0872807680e+09 
-1.9890283227e-20 
-3.7911875366e-18 
-4.4547381675e-35 
-5.4085458126e+27 
3.9805678517e+24 
1.8177184573e-34 
6.3504483790e-12 
7.8970938250e-19 
-7.2094775674e+34 
5.4156089391e-08 
-7.9430892977e+21 
9.4615925520e+26 
1.1957925583e+38 
1.7509085083e+02 
-5.9507383175e-24 
6.5569957464e+37 
-4.0101814270e+01 
-1.0070567158e+12 
5.7024187889e-13 
1.0360963500e-22 
1.1084191461e-28 
4.6256808515e+15 
1.1845832000e-14 
-3.8709306667e+31 
-1.0172015276e+19 
-8.1859681717e-34 
-1.0230926254e-28 
-4.1417046116e-13 
-5.2333655737e+15 
7.3603290759e+14 
6.5808798874e+16 
-9.5046399204e-25 
-5.9453757812e+04 
-3.9394973607e+32 
-2.1375255796e-21 
3.7757129237e-13 
3.0010691593e+18 
-3.6964770978e+25 
1.0746534329e-08 
8.5603220000e+06 
-1.7775188158e+16 
-6.6813479194e-09 
-5.1255338771e-38 
-4.2916505905e-09 
3.3222844650e-05 
-9.4223322393e+17 
1.0918545582e-11 
3.0097318901e-15 
-2.8762663432e+19 
-2.4946345973e+25 
-2.4424864189e-25 
-5.6261296272e+00 
-1.1296769117e-05 
-2.0823295004e+21 
2.5498752748e+24 
1.3393961730e-32 
-3.9512378168e+24 
-4.0588038807e+17 
3.4854882509e+11 
3.4868337384e-11 
7.1461306368e+11 
1.4759067772e+35 
-3.8188633919e+00 
-1.7090305585e-27 
1.5525804429e-06 
-8.1277121353e-06 
-5.1179113677e+11 
1.4898555819e-03 
3.0126896246e-34 
5.4091857508e+16 
-4.0907052155e+12 
-8.7600175806e-37 
-1.1927050781e+05 
1.0502502730e-12 
-4.0479900389e+32 
1.3210101425e-23 
7.9828509290e+17 
-2.7914792299e-03 
1.6837911289e+24 
-5.2145427616e-27 
9.7466551443e+37 
-2.9900516127e-31 
-3.8275952453e+36 
6.3940577929e-31 
2.0346093588e+21 
2.0054876953e+04 
-1.3174162969e-27 
3.3227728295e-12 
-1.0432467163e-35 
-3.1089622543e-10 
-6.2581016355e-37 
-2.4478693786e+11 
7.4235942383e+03 
-2.7511217263e-11 
-1.5717581533e+33 
2.4659349223e+27 
-6.5209006145e-16 
-4.3086942799e+15 
-1.0643550781e+05 
1.7987920199e-37 
-3.3006532190e+23 
-1.4032021270e+19 
3.8802912831e-01 
-1.6966325367e-16 
-5.0151925350e+11 
-2.5077702478e-02 
-1.2960245575e-30 
6.3746844512e-19 
-1.2036768279e-33 
-3.4659110856e-38 
-6.9198932608e-15 
-1.1170060452e-34 
4.0490807850e-25 
-1.3149646356e+13 
-1.5798795128e+26 
3.1428450335e+32 
2.6157874583e-35 
1.1094959153e-11 
6.2567506735e+37 
-1.2067855656e+17 
-6.3704876553e-24 
-1.6560239874e-19 
1.0364884353e+14 
-1.2345293773e+14 
1.6884256151e+27 
-2.2980886891e-15 
-1.3146689000e+07 
2.1359658369e-18 
4.2999355957e+32 
1.1806237308e-04 
1.2627653204e-16 
1.6411532568e+29 
2.4818798885e-14 
-4.6990325181e-21 
1.1876261759e+28 
1.0906629318e+34 
-4.5181799506e-17 
3.6673112463e-11 
4.0871089442e+32 
8.4933678080e+09 
-6.9026344476e+28 
-5.2092155095e+14 
2.1466896643e-29 
-4.1445491661e-07 
9.0266140672e+10 
-1.0565592675e-03 
1.6308922659e+18 
-1.5476800569e+27 
5.7703361018e+21 
-7.2508919402e-07 
1.5192512000e+07 
-1.3001881600e+08 
-2.6130183311e-33 
8.7579597473e+01 
-6.7422811298e-06 
-6.6621010192e-03 
6.3657291234e-02 
1.0599374029e+11 
3.4237944146e+20 
-2.3160719644e-32 
-4.3124668572e-23 
2.2734352644e-29 
-1.7626999860e-26 
1.0434662818e+29 
5.1178911818e-33 
1.0900677182e-02 
-2.0519613969e+36 
-3.6138875462e-30 
2.7994102804e-13 
5.1805684131e+14 
1.7794205696e+10 
-8.3115960276e-16 
1.0276641264e+17 
-1.7791510918e-28 
-1.7283956081e+13 
2.5517971191e+03 
1.4738061091e+16 
-6.3595170854e+27 
2.4304950745e-18 
1.3810041821e-07 
1.5919211457e+16 
5.7731029083e+31 
8.1588987086e-05 
3.6062289070e+37 
9.4187500000e+04 
9.8490715326e-22 
2.0021745854e+31 
-2.2854501472e+19 
-1.9969866116e-07 
-1.4911627748e+27 
-2.6560821248e+10 
-1.8207282437e-06 
-7.8142464000e+10 
-1.5649884958e-17 
9.6726778085e+16 
-4.3665871920e-18 
1.1890910391e+20 
6.8803847263e-29 
-3.3112500368e-33 
-1.5060345239e+32 
-4.2867381387e+15 
-1.6685949209e+20 
-1.0027165286e+11 
-5.2804332087e-14 
-3.1191191586e-35 
-8.8153800831e-32 
-2.3759893299e+13 
2.1886146069e+34 
8.8776555551e-13 
9.3093709924e+31 
1.2602217448e+17 
9.0465255198e-07 
-1.4818541568e+10 
-9.9933688431e+13 
2.3868564409e-25 
1.7296811625e-33 
-1.0804996221e-14 
9.3889693952e+20 
-3.5404098493e+18 
-7.1594730144e-11 
1.1195697602e+31 
2.4245758057e+00 
5.9462028635e+17 
-1.9282840086e-27 
5.4528046676e-15 
1.4825305600e+09 
-7.1313083928e+19 
-2.2467662042e-34 
2.7791221510e-04 
4.5517784522e-15 
-5.2666475542e+27 
-5.3130497690e-06 
-1.2432734375e+03 
-9.3340997908e-16 
-3.3295273673e+16 
-1.0938688651e+24 
1.5868315234e-15 
1.6220960449e+31 
-3.5691092988e-30 
1.5029338124e-35 
4.8985061554e+36 
2.4183832503e+36 
-5.1626258823e-10 
-7.5633381773e+18 
-5.2223597164e+22 
-3.1346736672e+24 
4.2839481022e-33 
-4.1988867188e+02 
-1.3571693537e-32 
-6.9861114025e-03 
1.4727780665e-24 
-1.2273120707e+12 
4.2474128327e-16 
-3.8529157639e-02 
-1.2262647173e+31 
6.7689314491e-18 
6.0404126998e-06 
-1.0937905854e-15 
-1.3975290101e+36 
1.5666651360e-23 
1.5793046875e+03 
-7.6963806152e+00 
-2.5603582534e-17 
8.1996963502e-26 
-7.6984089239e+28 
7.3710441589e+01 
9.0029413968e-07 
7.5841470228e-33 
4.2704050323e+13 
1.9912514060e-22 
-2.1626586914e+01 
-1.9232544446e-09 
-1.1082634208e-34 
2.8266181663e-31 
1.7529949771e-31 
-5.5174241039e+27 
-3.0203518691e-06 
3.2340890740e+26 
6.7119216919e-01 
-1.2683073299e+22 
-3.6499841372e-06 
1.1304079732e+18 
6.9129271889e+37 
1.4667921250e+06 
9.8924417181e+31 
-2.5330518442e+24 
-7.3785710335e+00 
-6.2287287442e-31 
8.8760674158e-12 
-4.4201619266e+30 
-1.1888529505e-25 
7.5030806250e+05 
-1.6174766846e+03 
-5.3789207760e+35 
9.4538187078e+23 
-1.9670133965e+11 
3.3011403125e+05 
3.3266728901e-33 
-1.5908801089e-24 
1.4680047618e+29 
7.7043673715e-28 
5.4975305134e-35 
-6.3212937522e-31 
-3.6516048000e+08 
-7.0757786162e-35 
1.7529708741e+13 
4.7324468255e-07 
-4.7132734209e-02 
6.2904527661e-34 
-1.4541626501e-25 
-2.3323954562e-26 
-2.0182236815e+23 
6.1817420834e-28 
1.0157209235e-20 
2.2207381115e-24 
-7.7769350204e+35 
-6.3980388106e+20 
-1.9605780959e-24 
6.4187087503e-25 
-2.5162128662e+28 
-3.6161195688e+30 
6.5268417600e+20 
1.3395845890e-02 
-6.1900173636e-39 
8.8469771764e+30 
-6.0667409546e-28 
1.0303601873e-38 
3.1212651274e+29 
6.1885696000e+07 
2.2322340902e+14 
-1.7001954011e-10 
2.7499623047e+04 
8.5767121183e-10 
-1.5781764214e+23 
-7.0517603824e-17 
-1.2770561523e+04 
3.3505912467e-31 
1.1030821888e+10 
2.3341534963e+14 
-8.0015502687e-13 
-4.2028246094e+04 
5.7003477279e-26 
-8.8924536249e-04 
1.0848704310e-18 
-2.7433457456e-14 
4.2416631200e-23 
-1.8537553203e+37 
5.3669134521e+02 
-2.1832949511e+15 
1.6672894018e-30 
-3.5178462253e-31 
-1.7802775018e-25 
-1.2182722093e+28 
1.5315776386e-30 
-7.7702618055e+33 
6.7642649600e+09 
1.4808052092e+32 
3.3708246094e+04 
2.1738195941e-38 
-1.6448615119e-02 
-1.0463636633e-30 
3.6646014194e-29 
-3.2793874283e-08 
-7.1797189213e-24 
-1.2814725669e-10 
-3.9745182743e-28 
            nan 
-9.6525172921e-06 
-1.1607062144e+16 
-3.3777806163e-01 
-2.3763350690e-34 
-8.6669787615e+21 
-3.2828218848e+35 
5.7666356925e+16 
-6.3924549663e-25 
4.4449294087e-32 
-4.9919734001e+00 
-3.6109066927e+22 
5.3862806410e-02 
4.9888137651e+17 
-2.3470286719e-26 
4.1418287119e+24 
-1.8022555660e+26 
7.0832887618e+19 
1.7286913662e-28 
-2.2806394883e+17 
1.3458879508e-33 
1.1356113183e-19 
3.5583736420e+01 
1.3491953624e-36 
1.0505540995e-03 
2.7772974788e-21 
-8.4171496942e+32 
-1.0311235011e+12 
4.1771562084e+20 
2.0913900000e+05 
-9.2880889611e-15 
5.9028060876e-22 
-1.1179836495e+33 
4.1676291551e-23 
1.8922455040e+09 
-7.1210630231e+25 
4.3040327728e-04 
3.7781110971e-23 
-4.2829465923e+24 
-1.8700485698e-19 
-1.8395439067e+23 
3.7187540555e-30 
8.1430034413e-23 
-5.2318371840e+09 
-2.4732640000e+06 
1.2994993330e+25 
-1.5123009269e+35 
-9.9962216336e-04 
-5.3934270577e-33 
3.3829029888e+10 
1.3768526790e-24 
5.9153753906e+04 
1.5575872040e+15 
5.3736870177e-03 
-1.7083088118e+25 
-7.1371856123e+18 
-2.2123507020e-26 
4.3125363156e-18 
-6.8229648223e-36 
3.2670735808e+21 
3.4239547392e+10 
7.7403595943e+28 
-2.5238595582e+28 
8.1485536272e+34 
-1.2704373896e-01 
-3.6659856433e+30 
1.7099880000e+08 
            nan 
2.0613929400e-12 
-1.1790228322e-31 
-2.4900860887e-11 
1.2336077472e-11 
-8.9677885461e-34 
4.6717974186e+16 
9.9882007537e-37 
7.4040806893e+30 
-7.1581097407e+31 
-1.5872653199e-32 
5.3845916748e-32 
-1.5846700000e+05 
-2.8649790921e+35 
8.0342215369e-07 
-1.1078597982e+25 
-2.1556338879e+19 
-6.1814948682e-21 
6.1289640030e-10 
9.1577547546e+26 
-3.3517978806e-20 
-5.7433870174e-24 
-1.5843284018e-08 
1.7253410328e+28 
2.7448336123e-37 
-9.4266083191e+23 
-1.5166726854e-22 
1.5459128705e+13 
3.7267188761e-31 
5.4970949352e-17 
7.8445697021e+02 
-6.9311421483e+24 
7.2729954263e-04 
1.3580092192e+00 
1.6566782400e+08 
-3.3053594584e-13 
-1.2884327623e+26 
8.3293533325e-01 
3.2661124844e+18 
2.0021824009e-19 
-3.4008222138e+13 
-9.4824400000e+05 
3.3169041369e+38 
7.4546623283e+11 
-5.7070115371e-17 
1.2360686221e+30 
-8.7676644325e-03 
1.0167748114e-23 
3.2334696940e-20 
1.2739036183e-38 
-1.4364050868e+21 
-7.0488227456e-39 
-2.3889130881e-34 
6.3224656765e-17 
3.4034239842e+33 
4.8965492373e-17 
-7.0513195283e-10 
5.4706946387e-18 
8.2523200000e+06 
8.5902593607e+30 
-5.9993344000e+07 
-2.2639081855e+16 
-5.6041645315e+27 
-7.4493200000e+05 
-5.2026485045e+15 
-2.8556496907e+37 
-1.0469453125e+03 
1.1853572186e-31 
3.0913467279e+32 
-1.3545476599e+21 
-1.1076763606e+15 
9.9960595357e-12 
1.6403280779e+21 
1.1990852755e-10 
-5.1026645587e+25 
2.4411856430e-06 
4.8205757141e-01 
3.8441400560e+23 
-6.3999686972e-07 
3.3053298652e+17 
3.7951311202e-16 
2.4782543322e-35 
-1.7424235213e-33 
1.5805878677e+26 
1.2973198762e-36 
-7.6521396637e-02 
-1.6915595373e-19 
-9.1255022937e+36 
4.3709535078e+30 
3.5644577567e-13 
-1.4020851673e-16 
-1.1975186220e-23 
2.5412750039e+34 
-3.0793500980e-25 
1.6686953125e+03 
-6.9649367040e+09 
8.7109430780e-11 
-6.1744158459e-29 
-9.7947238400e+08 
-7.9551569060e+26 
2.0413625000e+04 
-4.6712751506e+17 
-1.4096980300e+32 
5.6950277827e-12 
-1.4096752055e+30 
-1.9165110442e+14 
3.1153213342e-10 
-1.1068730093e-16 
-9.0572339081e-24 
-1.7788410187e-01 
-1.9660307024e-24 
3.4587943391e-22 
-7.0263070867e+28 
1.9837623047e+04 
-1.9031182870e-36 
3.7790383761e+15 
1.5649184747e-25 
3.2412800583e+22 
1.9652779068e+17 
3.8080157500e+06 
-1.6856862043e-12 
-1.3605229473e-33 
6.8598593293e-38 
-1.6506064625e-28 
2.6190144578e-17 
-1.1577469722e-31 
-9.0238853933e+37 
-4.6783484800e+08 
3.9694128000e+08 
-1.8306798750e+06 
8.7918129307e-37 
3.2750165549e+31 
4.5812934368e-25 
2.1902846400e+08 
9.2820904045e-19 
-6.9452187500e+03 
-3.4193247557e-03 
1.5357368155e-12 
1.1449157715e+01 
-1.2489992927e+30 
2.6516146952e-22 
            nan 
-4.1467741471e+12 
-2.2265448933e-06 
-3.6795844149e-12 
9.2539590258e-20 
3.8667586770e-38 
-7.6191053466e-11 
3.5650797009e+37 
-2.5795884540e-08 
-3.0540251386e-22 
-1.1922982561e-23 
5.7464326122e-27 
-8.3613853569e-33 
1.6089873279e+37 
-5.1275643295e-25 
-4.5304057376e-36 
3.2301268207e-32 
7.1723700655e-16 
-3.0491115520e+09 
1.4475596096e-21 
9.2974616224e+29 
1.1369752616e-20 
-9.4799927457e-15 
-3.9973904869e+14 
2.5229713177e+33 
-9.4579723267e-29 
1.4122567152e+18 
1.6336299605e-24 
9.9502983741e+12 
-1.1531557274e+11 
3.7792765514e+18 
1.2267600105e-32 
7.0613836225e-28 
-2.1354835094e+15 
-2.2168259398e+23 
-2.3421701749e+32 
-2.3446874486e+30 
-3.6028252160e+09 
-3.8106292486e-03 
4.0196580339e-35 
9.7899329656e-23 
2.4173378941e+32 
-3.3228593750e+03 
-6.0906633735e-04 
1.2395886726e-15 
-1.0922315256e+34 
3.6106317589e-14 
-1.3474700000e+05 
1.1410273460e-24 
2.6807343750e+03 
-2.2651907057e-04 
-1.3875100000e+05 
-8.5281782998e+27 
8.2105907495e-07 
-5.2658688736e-38 
-1.6272576000e+07 
5.3916486060e+37 
1.9219218432e+10 
6.4684687500e+03 
-3.5417385825e-22 
-1.8475314391e+27 
1.1474854943e-31 
-4.7902081447e+21 
1.6000791220e-03 
2.6562860155e+12 
2.3501098438e+05 
9.1781034317e+28 
5.8795877148e-38 
6.4071933235e-16 
-1.0702456710e-18 
-6.4368136192e+10 
-5.4788492800e+08 
-3.9616397727e-13 
-9.4806281777e-23 
-1.3859883269e+20 
9.5603842783e+21 
-6.0130156301e+23 
-1.3531330157e-14 
-3.1419474453e-06 
1.6321495107e+33 
-1.6801660156e+02 
-1.1050999165e-02 
-2.1716234258e+18 
1.5402893574e+13 
-3.3387637067e+38 
4.4457710083e-14 
-8.9059994934e-08 
-4.4783210754e-01 
2.9294665260e-25 
-7.2237200000e+05 
1.6748168163e+31 
-4.2794745856e+10 
-2.3337187704e-25 
2.6070636416e+28 
-1.5897794646e+18 
-1.7052665353e-03 
8.5713286480e-32 
2.2745728000e+07 
-9.5650518540e+23 
1.1978347434e+35 
-6.1484065472e-27 
3.7405889022e-37 
-2.0566919360e-32 
1.5055353288e-05 
-5.9319813902e+29 
-9.2733712009e+35 
-5.7482419919e-37 
-3.0904383749e+24 
-3.4025306336e-25 
2.8543025089e-18 
9.4986027648e-37 
7.4961180712e-32 
-1.0111163905e+17 
1.1787515580e+24 
3.0242086840e+36 
5.4126770178e-20 
6.8117837717e+15 
3.1647498269e+19 
4.4990856167e+14 
-7.4018955231e-02 
-1.4249224353e+25 
-1.2677641487e-21 
7.9017809422e+29 
4.1425370380e+21 
1.1214981693e+12 
-8.4772815768e-31 
2.0393637170e-22 
4.2480492794e+36 
-1.6590655743e+23 
-2.4578176000e+07 
1.4596767744e+10 
8.1818966104e+27 
-8.1805957952e-35 
1.3270083396e+35 
-7.5689888385e-14 
-1.9297856185e+28 
-1.4451170420e+31 
-3.4512661077e-34 
-5.0578554871e+30 
6.5643836330e-33 
-1.0789000797e+15 
-1.8040522906e+18 
-5.9527269025e-33 
-9.1961041485e+18 
1.3582274265e-27 
-1.2335629442e-29 
1.4145012374e+32 
-6.1931715047e+23 
1.4353797487e-24 
-5.9271728516e+01 
1.2744640117e-06 
-3.2646994330e+11 
7.5761122911e+37 
2.5040158250e+33 
-3.5721488873e+28 
2.0252098438e+05 
-1.1350376666e+28 
5.7405513763e+01 
5.9640328071e-31 
-3.6732925590e-09 
-1.1711607737e-36 
2.1199144934e+19 
1.3808785925e+32 
1.2448520283e-04 
-3.0058706094e-34 
4.6283198701e+19 
3.7208251888e-13 
2.9030676931e-02 
8.1203046764e+20 
7.2486366909e-10 
1.1549388113e-08 
8.8694456913e-28 
3.9069226671e-19 
-1.1801538264e+16 
-2.6329434421e+26 
2.0656931991e-19 
-8.7414811302e-16 
-6.0404203520e+09 
3.2728064021e-26 
-7.3527737841e+19 
-8.0520126426e+27 
-4.5941681398e-25 
-4.3358113544e-08 
-1.6580830709e-25 
7.8242111206e-01 
6.3413619995e-01 
-6.8554382324e+00 
-1.4031713363e-05 
-6.5452575684e+00 
1.0010457713e+25 
8.2087185035e+31 
-1.0501889847e-07 
-5.3781926335e-22 
4.1538283975e-17 
-3.2890175107e+18 
-1.0018426706e+25 
-6.2204078341e+21 
-1.1630311851e+22 
-5.4271658882e-05 
-1.2111162307e-29 
5.5484160000e+07 
2.2935121534e+21 
-3.9286032302e+12 
7.0897396654e-05 
-1.8077843456e+10 
2.1805319709e+23 
4.3024606065e+32 
-2.1672368680e+33 
-1.2923009623e-18 
-3.4136027098e-03 
5.6980550289e-03 
-1.4403686577e-12 
7.3356933594e+01 
-6.6922481656e+23 
2.5981544517e-18 
3.1528639280e-32 
-2.7579777919e-37 
6.1477766227e-40 
-4.9429581850e-07 
1.7570508973e+27 
-1.3415223115e-16 
-5.3762115756e-34 
-1.5452468576e+26 
1.0370234375e+03 
-1.5943975567e+12 
5.6571658240e+09 
9.3936556017e+17 
1.1205707529e-27 
1.1088638771e+11 
-4.3303541205e-24 
4.0015467977e-23 
4.3263426051e-05 
6.1801750000e+04 
-2.3017851879e-27 
-1.7789428711e+01 
-2.9418468045e-36 
2.6074587738e-29 
-3.8227017038e-14 
-5.9997804515e+23 
-8.5396472079e-19 
-2.5442587398e+17 
-2.6696281904e-12 
1.1278962790e-12 
-3.5903971091e+32 
-5.1770108000e+07 
7.9663506781e-26 
-1.6936559794e-11 
-5.9261176153e-14 
-1.4840878075e-23 
2.2473564531e+29 
8.6116208096e+18 
-3.7124996875e+05 
-5.9506608073e+24 
4.3035718981e+20 
3.5833949682e+23 
-2.3146191730e-21 
-1.5162303346e-19 
-1.2270584106e+00 
3.1122132953e+28 
-1.0830806558e+26 
1.4041808896e+10 
1.1053237861e-15 
-4.3317268137e-06 
1.2298853584e-37 
-8.2599258423e-01 
3.7811815463e-18 
-6.2460850392e+15 
6.5442817179e+36 
-8.8212185809e+14 
-2.9710808951e-22 
-7.9915114380e+21 
-3.2028179208e-16 
5.2902250000e+04 
3.9042944871e-27 
-4.5204360504e-06 
-8.7827356739e+14 
1.0318725887e+29 
4.4744037080e+29 
1.4571011066e-02 
8.8400485102e-23 
-1.7117490643e-06 
-4.5973502782e-12 
4.2523608726e-28 
-2.6171297319e+15 
1.2316935290e+26 
3.3274389450e-32 
-5.5704213449e-31 
-3.4872362348e-34 
6.7920183909e-16 
9.3507788703e+20 
-1.8317578565e-09 
6.7700148130e+28 
4.5505321847e+30 
8.3458566097e+35 
-1.4007507271e-26 
-1.6609383479e+30 
-5.1445317839e+36 
4.3314651032e-19 
4.4161652113e-08 
-9.4841054367e+35 
2.3435462227e+30 
-5.2764562497e-08 
2.3820292757e-31 
-1.7646584638e-08 
7.8359888023e-13 
-3.4089012217e+19 
3.7358439773e+21 
5.7729316163e+23 
-1.3713454766e+14 
6.9577300729e-29 
6.3901286400e+08 
3.8394957906e+33 
-3.0139858826e-35 
3.6272547466e-13 
2.8780923458e-06 
2.2845209867e-22 
-1.0541461995e-27 
-3.6727917843e-38 
1.0586159670e+37 
4.2732234001e+00 
-1.8811278750e+06 
-3.9967260267e-39 
-3.0546288512e-19 
8.0769271479e-12 
3.7947205556e-07 
2.9503816366e-01 
-1.9363279977e+34 
1.7008981934e+03 
-2.9229044099e-20 
-2.0085454356e+29 
1.2396402264e-12 
-2.6331771306e+13 
2.1355216861e-20 
-2.0081623864e-10 
1.1209520358e+18 
7.2721234416e-15 
-1.9109101342e-37 
-3.9428267070e+17 
-5.6037683206e+33 
7.3157404338e-21 
-1.1353024000e+07 
3.4864054680e-37 
4.6872401072e-08 
6.9422458182e-07 
1.5551171875e+03 
9.7000098925e-14 
-8.8034744199e+37 
4.2444447367e+17 
2.0111939359e-23 
4.2428658380e+18 
2.8906368000e+07 
3.9340212224e+10 
-1.1926949273e+37 
-8.3416655266e+30 
-4.3889423240e+30 
-5.4560241699e+00 
1.6048046875e+03 
2.2099840000e+07 
-5.2404052734e+01 
-1.2282256146e-27 
-1.7186232325e-18 
-2.1580840960e+09 
1.9067972672e-38 
1.1644129303e-26 
-2.9608609505e+22 
2.0122480000e+06 
1.5060032608e-27 
2.6727655865e-34 
9.5469791791e-30 
-3.5886258091e+20 
7.0842677670e+18 
9.9119267840e+10 
-1.2653082401e-26 
1.0353093026e-34 
-7.8133164556e-19 
4.4433772564e-03 
-3.2187902077e+20 
-2.6203119488e-30 
5.7683470470e+26 
-2.5947744751e-33 
6.7099659162e-11 
-1.4651618011e-38 
-4.9426743240e+27 
-6.9733810425e-01 
-1.7632690769e-35 
2.7731170654e+00 
2.5828269426e+37 
-9.1349500000e+04 
-2.4260114878e-04 
-2.7359905350e-17 
1.1817408000e+07 
8.6441924975e-21 
5.8077186723e-15 
1.5568363078e-22 
1.8630598873e-28 
-2.7498589371e+29 
-3.1659375670e+33 
4.5532967587e-15 
-9.7490422619e+27 
-1.8024035769e-13 
-9.1804376196e+17 
-5.3634868838e+11 
-1.5051711000e+07 
3.7211491299e-21 
-1.6316103780e-24 
8.0185608871e+37 
1.3556203934e+15 
            nan 
6.4207639128e-37 
1.0789704373e-35 
-6.5230069760e+10 
4.8686651443e-18 
-5.1837413415e-19 
3.8876711087e+36 
-2.9395731872e-34 
1.7239439844e+20 
-3.6639718402e+14 
1.5740098438e+05 
-5.3418394178e-02 
-1.8845223302e-28 
-1.6515569536e-19 
1.5317848622e-24 
-1.2583606168e-16 
4.7892772667e+37 
-1.0438316167e-07 
-2.6870600000e+05 
-3.0751125000e+04 
1.5765999706e-07 
3.2407430581e-29 
-2.3506602846e+36 
-3.8773074963e+15 
3.1661332890e+11 
8.2255629060e+34 
1.3781848791e+27 
5.6411437988e+00 
1.2030051608e-18 
            nan 
2.8099991306e+12 
6.8018923827e-11 
5.1900661676e-33 
3.7982462817e+37 
-3.1533837473e-22 
2.7158268833e-33 
-3.3999971126e+37 
1.1043149698e-16 
-5.4018018430e+14 
-2.5921854764e+22 
-2.5271020831e-09 
1.5815213056e+10 
2.1855248633e-07 
-3.5515405111e-39 
-6.1078276433e+24 
-2.8399744000e+07 
1.8888068369e-38 
7.5735043908e-34 
-5.6615688629e+29 
2.8177337542e+36 
-1.3497770869e+23 
8.6964195068e-16 
-1.0082470703e+02 
-1.2611610959e+26 
3.2245111220e+14 
-1.6412954668e-36 
1.5545595451e+34 
-4.9461064383e+19 
3.2754200286e-31 
-2.1436615412e+23 
4.5222998064e-20 
-1.8848887603e+11 
-1.3079682276e+35 
4.7757040875e-37 
2.6680072602e+11 
1.2569616929e+19 
1.0230061730e-38 
2.3369460680e+32 
1.4624067550e-29 
-8.4874546962e-22 
-6.2421145777e+32 
9.7922352843e-35 
6.2858458384e-35 
2.6040170020e-11 
2.0440399283e+31 
2.7848240682e+23 
2.2524595701e-28 
1.8157198750e+06 
-4.2918960543e-26 
1.2426703973e-24 
-2.8129026413e+01 
6.0940805393e+27 
-1.3118475094e+16 
1.8075731987e-06 
1.4556095000e+07 
1.0026948615e+21 
-4.1738868588e+26 
4.5514350685e-38 
9.9114887416e-02 
4.7780930135e-32 
2.9449702218e+33 
9.5603763970e+20 
-6.4608723366e+37 
4.2778968867e-19 
-2.4682505961e+13 
-6.4597842757e-19 
1.1487275909e+12 
8.0423067836e-16 
2.9758307213e-22 
5.7474507483e+37 
-7.6525291615e-29 
-9.1534631056e-24 
1.4123768085e+34 
2.0698923757e-25 
-1.3972007606e+26 
-3.0521494077e-38 
7.4860586210e-06 
3.1213010680e+21 
-1.1039542807e-38 
-1.2851252697e-15 
-2.2115015507e-14 
2.6109594842e-07 
1.1330650638e-13 
-3.1379463722e+21 
3.5167901938e-23 
-1.0133197975e-05 
1.2272027510e+20 
-1.8757499589e+31 
1.2378449130e-36 
-1.4333592405e-35 
