2.3509887016e-38 
0.0000000000e+00 
0.0000000000e+00 
0.0000000000e+00 
0.0000000000e+00 
0.0000000000e+00 
0.0000000000e+00 
3.5873240687e-43 
0.0000000000e+00 
0.0000000000e+00 
0.0000000000e+00 
0.0000000000e+00 
0.0000000000e+00 
0.0000000000e+00 
0.0000000000e+00 
0.0000000000e+00 
0.0000000000e+00 
0.0000000000e+00 
0.0000000000e+00 
0.0000000000e+00 
0.0000000000e+00 
0.0000000000e+00 
0.0000000000e+00 
0.0000000000e+00 
0.0000000000e+00 
0.0000000000e+00 
0.0000000000e+00 
0.0000000000e+00 
-4.4236203410e-34 
7.1746481373e-42 
0.0000000000e+00 
0.0000000000e+00 
0.0000000000e+00 
0.0000000000e+00 
0.0000000000e+00 
0.0000000000e+00 
0.0000000000e+00 
0.0000000000e+00 
0.0000000000e+00 
0.0000000000e+00 
0.0000000000e+00 
0.0000000000e+00 
0.0000000000e+00 
0.0000000000e+00 
0.0000000000e+00 
0.0000000000e+00 
0.0000000000e+00 
0.0000000000e+00 
0.0000000000e+00 
0.0000000000e+00 
0.0000000000e+00 
0.0000000000e+00 
0.0000000000e+00 
0.0000000000e+00 
0.0000000000e+00 
0.0000000000e+00 
0.0000000000e+00 
0.0000000000e+00 
0.0000000000e+00 
0.0000000000e+00 
2.1262589671e-13 
-1.3104587200e+08 
4.9860866702e+26 
5.5286642164e-02 
7.1111160676e-38 
-5.3993184064e-26 
1.1735614394e-28 
4.2611084951e+19 
-2.6478495875e+29 
-4.5790579796e+23 
-1.7115478898e+22 
-5.0517253424e-17 
7.1328668944e-24 
2.0746971644e+13 
7.1749374540e+19 
3.1742432390e-20 
-5.4854440208e-33 
1.6385450522e+31 
-5.0899386375e+32 
1.1327212289e+32 
2.0045976390e-19 
2.4765055524e-24 
3.8969528809e+03 
-6.0650240978e+37 
-3.4696794327e-09 
-1.1516013378e+31 
-1.3470057125e-23 
-1.1557577837e+26 
2.0139602184e-32 
2.3995081733e-28 
-1.0495007361e-28 
8.5166007195e+30 
-4.1918559936e+24 
4.1266679472e-14 
3.4196160957e+27 
3.7008253048e+37 
-1.0850720361e-37 
9.3707803171e-04 
5.0802927889e+17 
4.6513712840e-22 
-1.9839052551e+15 
-2.6954395000e+06 
-2.4213117172e+28 
4.1258166498e+24 
-9.8313696593e-13 
-5.8315449625e-21 
-5.1571804281e-14 
3.4560132100e-37 
-1.2670419986e+24 
1.3220096875e+05 
3.1927204057e+26 
1.1277243722e-10 
-3.8049716691e-34 
-5.3591316828e-05 
-1.8099132776e+00 
-8.5788066020e+30 
-1.4591932576e+26 
4.9914234887e-28 
-5.5495256129e-17 
2.5827380798e-19 
-4.0319989999e+21 
-2.5542539839e+29 
-7.7679742157e+11 
3.6231399563e-31 
6.6274474043e-21 
-6.3570265871e+19 
-8.3470537184e-26 
-1.3783009430e-29 
4.0212050080e-01 
6.8159344211e-22 
1.6363240068e-26 
5.0545225760e-15 
-7.8659655703e+28 
-7.7171244655e-13 
2.1370457893e+24 
1.7749457989e+19 
-1.1737626249e-21 
-2.2703476655e-35 
7.7316508244e-38 
2.2703203200e+08 
-3.7496276755e-27 
-6.3925466537e+00 
-5.8714968651e-12 
4.6487724577e+20 
-1.7328975677e+01 
-1.4632176454e+25 
-8.7858538222e-08 
3.3810264138e+30 
-2.8131571394e+35 
-2.3626067559e-04 
-1.0741473671e-26 
8.2602430024e-24 
1.7553906741e-20 
7.4678234188e+29 
-1.3250978644e+13 
2.1284274292e+02 
-1.2238003508e-31 
-4.1574017334e+02 
-4.1356022773e-11 
-3.3319204829e-24 
1.0441078750e+06 
7.2352734644e-25 
-2.2221748539e+21 
3.4114777918e-06 
-4.7480680921e+15 
-8.7062491286e-28 
2.6569159199e-12 
-1.9448786194e-32 
-4.3289836719e-25 
7.3777504662e+20 
-4.9172964966e+11 
6.1838076326e-11 
3.4558527255e+34 
2.6364662308e-23 
8.9354931975e-20 
1.5248470930e-08 
2.0870920064e+24 
-1.2157856114e-22 
-5.7370058616e+23 
4.1549208562e+23 
2.0950440920e-15 
-6.5588755236e-34 
-2.8414349866e-12 
6.9561241393e-36 
-4.4137177734e+03 
-2.3602251380e-20 
-2.8659871094e+04 
4.5349049594e-36 
-7.4899364488e-10 
-5.7332208380e-03 
2.1991258939e+33 
8.3136591108e-32 
-1.7539964000e+07 
5.0558496788e-22 
2.2078414917e+02 
-2.8052473600e+08 
4.5992753979e-26 
-1.0482847214e+01 
1.8497089277e-11 
8.4176616669e+00 
9.9279265851e-03 
6.3566756126e-07 
5.7208393023e+26 
2.6070239855e-22 
-6.6714932088e-33 
1.9317492056e-22 
3.1857496854e-36 
-5.8716565579e-22 
6.6345622763e-03 
4.6102946912e+27 
8.9551944129e+31 
-9.1789535263e+19 
1.5684997799e-25 
-2.1384289193e+27 
1.1605576454e+34 
-3.8734565351e-06 
4.2103197696e+10 
4.9406100419e-27 
-6.6863981833e-32 
5.2717712862e-08 
-2.0289292024e-06 
-7.8901420000e+06 
1.6515772000e+07 
5.1525827333e-14 
-2.6860952792e-35 
1.1668500490e-02 
-1.7880077750e+23 
-1.5004517174e+37 
-1.4421689034e+01 
-7.8538415255e-04 
-8.6758307570e+30 
1.1271012280e+27 
-5.9110854498e+34 
8.3195173178e+24 
1.2609888983e+35 
1.3802022277e-20 
-3.6165386900e-18 
4.0725389928e+15 
-2.8363135094e+16 
5.2381539282e+29 
1.2133086961e-13 
5.9595097027e+34 
1.0060372707e-24 
-1.0720696123e-25 
1.7504565847e+30 
5.8124067436e-05 
3.4292165192e+26 
3.9448083688e-10 
-2.7996266416e-10 
-2.1213778382e-05 
1.1169492267e-02 
2.3624939930e+11 
2.2950148232e-35 
-9.0761086994e-38 
3.5678997032e+23 
1.2944995393e+29 
1.7122877836e+00 
-1.1134926037e+26 
-6.4703592909e+27 
-2.4199690240e+10 
8.1880538207e+29 
1.0941457508e+28 
-1.2194173062e+38 
-1.7488721449e-14 
-3.4668848470e+19 
-2.8092447583e+32 
-1.2065458355e-10 
8.6404912412e+24 
-1.3711395150e-04 
2.0252433593e-22 
-6.8138546366e+26 
-1.2440252162e-09 
-1.6441327224e+17 
-1.4264392853e-01 
-5.6195255344e+37 
-8.9200139046e-03 
-1.7587328000e+07 
2.0328933905e+29 
3.5735020353e-24 
-7.5306640625e+02 
7.6318353624e+27 
1.5477549568e-26 
-8.6645413093e-36 
7.9745885800e-24 
4.1617000000e+05 
3.3124402249e-34 
1.2604999542e-01 
4.8411669695e-07 
-3.8959598537e-36 
-6.0939711528e+37 
3.6207462150e+33 
1.6235124727e+25 
-4.2916109905e+33 
-4.8061150354e-26 
2.0722484589e-01 
-4.3465362637e+11 
1.3175911823e-19 
1.0704145903e-12 
1.7913979046e+23 
-1.5538523183e-21 
3.9560943763e+15 
2.7822852135e-02 
-5.8259599181e+26 
9.2629235957e-21 
1.1254905179e+33 
-8.1632469419e-19 
-1.9489017580e+28 
-1.6426844160e+09 
-2.9965823388e-16 
-2.4004340172e-02 
-5.9235041280e+09 
1.2486271494e-17 
-3.6227822493e-20 
2.9715931509e+25 
-2.9761930698e-09 
2.4556222398e-13 
-5.4030307617e+03 
-2.1194075222e+27 
9.5457297128e-26 
-6.3347684439e-34 
-1.3372665037e+19 
4.7328524971e-35 
1.5989692707e+20 
2.1261548404e+15 
5.8447888384e+10 
-7.6956850386e-31 
-1.5918071338e+30 
3.2427259045e+30 
-2.0708146309e-10 
-8.7608587052e-11 
8.0307128906e+01 
-5.0379478367e-11 
1.9886010705e-07 
-1.6194789169e+27 
-1.1177311247e-14 
-1.6511768038e+32 
-1.7896036297e-07 
3.3597600000e+06 
1.4684398635e+38 
-1.0679527263e-09 
1.3785298438e+05 
-2.9089254761e+02 
-1.2303622963e+11 
-3.2480436526e-13 
2.2070763897e+31 
-2.2980811991e-06 
-7.3959784338e+19 
-1.0124800162e+32 
-5.3549062226e+28 
-6.8536643336e+27 
2.5193947918e-22 
1.1138554827e-20 
-1.1074432090e+34 
5.8493106619e+21 
            nan 
-1.1574684787e-11 
1.5250185871e-29 
-1.8931051954e-18 
7.0604408312e-20 
1.6150691451e-08 
-1.7058711059e-38 
-2.7750617954e+38 
-1.2036649899e-08 
-5.2909450321e+35 
-3.9162301636e+02 
-2.0482322693e+02 
-1.1300579608e-26 
5.0598016030e-16 
-4.1762396120e-32 
1.5991940332e+31 
-1.3168022867e+26 
-7.5848281886e+26 
-5.4340228271e+02 
-5.9389661676e+12 
-2.4922569504e+27 
2.0977760310e-39 
1.9776690968e+15 
-4.6574964032e-32 
4.3770256080e+20 
3.4543743258e-25 
-1.1418573719e+38 
-2.3733946328e+17 
-7.8080915973e-23 
-7.2694485986e-09 
-9.9698068669e-29 
-5.1459142325e-33 
-6.4681724000e+07 
5.9600764485e+29 
-1.7647837102e-01 
-2.3276466209e+14 
1.5938331269e-22 
-6.9805450374e+32 
6.1933485527e-35 
1.3204434721e-22 
2.1701661301e-10 
-5.9727146476e-38 
4.1456056107e+23 
6.5978716343e+30 
2.5153416443e+02 
-6.6444986034e-16 
-6.9284326400e+09 
-1.7635015118e-24 
1.1164476854e-34 
-5.7952493429e-01 
2.3338217025e+27 
2.3336331131e-11 
1.1378045654e+03 
-1.6969293993e+31 
-1.4013963318e+02 
-1.9662988483e-35 
-3.0137567412e+14 
1.8211786100e-19 
-9.4782120870e+32 
-1.4177046235e+17 
2.6001109240e+16 
5.1997792738e-09 
4.2693727401e+26 
2.4246299155e+36 
-2.0077464953e+19 
-1.1168148095e+14 
-2.0640071372e-16 
-3.9771472065e+29 
-4.6229383770e-06 
2.3644618097e+12 
2.4898895312e+05 
2.9487658981e-09 
2.9518307579e-35 
6.8509038442e-08 
4.4540824475e-21 
-2.5653121094e+04 
-1.4788877500e+06 
1.2429136573e+24 
-9.7579573906e+15 
2.6641885741e+27 
9.1209873557e-02 
-3.3224352352e+25 
            nan 
9.6553884846e-20 
-2.1974657476e-01 
-2.1425986426e+34 
8.0829517183e+34 
-3.7694579078e-05 
1.9284094000e+07 
4.0055076395e+14 
-1.6851927655e+33 
-2.2089736640e+17 
1.5324184272e+15 
1.2374509563e+32 
-2.2835342533e+16 
2.1326537602e+29 
3.8954166230e-03 
1.2687692903e-26 
1.9591298438e+05 
-8.7722492188e+04 
3.2964492597e-37 
8.5654587589e-11 
-7.0788191976e+31 
-1.7304549884e-26 
2.0749870334e-17 
5.0768126550e-26 
-8.1726557617e+03 
-1.9523476501e+17 
8.0122157803e-33 
1.5006006606e-06 
8.7085688060e+23 
-1.7158433431e-25 
2.7201155824e-12 
8.0209103734e+21 
-2.0594788800e+08 
-2.1085450896e-07 
-3.9180773511e+21 
-7.7023799531e-03 
2.2954525780e-10 
-6.9479797657e-32 
-6.6898160640e+09 
3.4902218054e+20 
1.7528772216e-13 
2.6319033971e+22 
1.0202882307e-28 
8.9309802279e-03 
-4.0895984278e+25 
3.3878774144e-16 
-4.9718501355e-17 
1.1449791414e+14 
1.6525877380e+02 
-1.5547984086e+31 
-1.5371610767e-37 
1.2936405318e+25 
-3.2006782000e+07 
8.3563978845e-37 
2.5696171520e+09 
1.8592866467e-34 
1.9451331620e+27 
-2.3221291230e+27 
-1.6496796266e+20 
-1.6525078895e-30 
6.2633077243e+32 
-4.8038114375e+29 
-8.5668363788e-31 
2.5667105954e+17 
2.6620975161e-34 
-7.6693439310e-26 
-1.0246132314e-01 
1.5960809127e-38 
7.4877426147e+01 
-4.9490205944e-02 
-7.6343039622e-24 
1.1146417776e-27 
1.3106902716e-11 
-3.6234156658e+22 
-2.5667568700e+32 
5.8347892761e+01 
5.2089897459e-30 
1.6666632865e-30 
4.4288923964e-03 
-9.2472613083e+27 
1.6766537378e+25 
-1.1423301185e-03 
1.0604289736e+38 
8.6614455895e+24 
1.4374912638e-35 
-9.1000697821e-38 
5.3304877510e+26 
1.1283275051e+34 
3.3917496785e-15 
9.6280593861e+18 
1.7596985600e+09 
1.0596162806e-30 
-9.5857643176e+32 
-5.2963707484e+31 
1.7305371094e+04 
4.0016422250e-13 
-1.6897693331e-26 
1.1015499257e-29 
-1.3416523774e-17 
2.9429283256e-28 
6.9809109777e+28 
-9.5687506134e-29 
-6.5452722168e+02 
6.4539682192e-13 
4.8530332005e+14 
1.4961717805e+13 
4.6886231470e+36 
3.7590465379e-23 
-1.3647028628e+30 
7.7163320384e-05 
-8.5630046786e-33 
-5.6369615735e-14 
-3.8347114085e-26 
-4.3981044505e+26 
1.6710572691e+36 
6.0684538511e-31 
2.3167689600e+08 
1.4802895369e-22 
-1.7577668608e+10 
2.6083811958e-19 
-2.2716601769e-27 
1.1567562463e-09 
1.0123848573e-21 
-1.1508547314e+27 
-6.6456550485e-06 
-5.7993457864e+31 
-1.5036483519e+37 
-8.5300460537e-24 
-2.8101190639e+19 
1.1104172052e+33 
-2.4642972081e+22 
-2.2222662655e-38 
4.7847551107e-01 
6.8827042793e-15 
-1.3021901335e-09 
-6.8589532054e+19 
5.2887825474e-36 
4.2178492618e+33 
-8.8384044528e-10 
-1.2364386140e+12 
-4.4810452176e+33 
2.6998696960e+09 
-5.8378070747e+33 
-8.9227859082e-38 
3.1114455312e-02 
1.5528589818e+29 
-8.0827484375e+04 
2.7633509636e+00 
-4.8358734407e+36 
-1.8537371094e+04 
7.5828959902e-19 
-3.2630612878e-23 
2.1450543032e-25 
-4.2105274042e-04 
-4.2673753342e-04 
-4.3142767334e+02 
6.3423576355e+01 
6.5294732800e+08 
4.2271026896e+18 
-1.8861319406e+36 
-4.2930102626e-36 
-2.6456813825e+19 
4.2671181912e+15 
-5.8995840321e+37 
1.0562931625e-33 
7.2872527804e+28 
1.2620457458e+02 
6.2482209395e+21 
-2.1281495832e-35 
-5.4114380316e+16 
-1.6689133986e-07 
-6.6940693005e-28 
2.9630336239e+33 
-2.4724936469e+21 
-4.0074583860e+36 
3.6696765151e+25 
3.1094426289e-02 
-2.7760718724e-10 
5.4117578834e+12 
7.1074704261e+13 
-1.9217476934e+36 
-2.5473728718e-25 
-4.5867323024e-06 
1.9235643006e-28 
-7.5121693044e-07 
7.9523268851e+33 
1.2964556250e+06 
-7.4279838151e-35 
-2.3673865144e-05 
5.8054484163e+22 
1.1150536274e-22 
-9.6815423734e-11 
-3.9762160640e+09 
-6.0849024740e-27 
-5.1318326351e+21 
-2.6493846801e-22 
6.8098373714e+12 
-8.3535621798e-07 
-4.2556964544e+31 
1.5266510844e-01 
7.0332351606e-04 
4.6939960788e-30 
-2.0219296875e+05 
3.9633437320e-14 
7.0266094527e-30 
1.0805201011e-33 
-2.8806130562e-18 
3.8689598590e-36 
2.5867218230e-17 
1.4772838428e-24 
1.4339537810e-18 
2.3108384013e-01 
-6.2551023277e+29 
7.1350467205e-01 
-3.5885767937e+00 
-1.4884277538e-28 
-4.9728388074e-10 
-1.7641455762e+16 
-2.0728004082e-38 
7.7894710000e+06 
-2.2357912104e+24 
-3.1826774694e+14 
8.7236135872e-24 
1.2945698333e-11 
2.7147501669e-07 
-1.8316795551e-25 
-2.6680776367e+03 
-2.2461952950e+31 
8.7552644480e-35 
2.3199311457e-26 
1.3489827702e-27 
2.0672783689e-13 
-1.6178393399e-18 
4.8408707110e+31 
9.6745477325e-21 
-1.8458010800e-06 
-2.8190167552e+34 
-1.3673141479e+02 
3.4835776367e+03 
1.7594211762e-19 
-3.2247984947e+12 
5.0001055459e-33 
1.8167925302e+37 
-6.4427116420e-11 
-3.5603524884e-04 
-3.5814419850e+29 
-6.5324985274e+19 
-1.4798323763e-21 
1.1573340829e-20 
7.2957527125e+16 
1.0941660793e+35 
5.1632393110e+33 
-3.5152155000e+06 
7.9000243316e+15 
-9.5406628418e+02 
-1.0904367746e+27 
-2.0107917500e+06 
-4.2746867642e-16 
-1.4720304000e+08 
-1.5079566160e-26 
3.8526294226e-23 
-4.0472335201e+24 
-9.2360100340e+28 
2.2143075200e+08 
5.3360046964e+19 
-2.4644402749e+25 
-3.5554473940e-35 
1.9409444572e+30 
6.9494894427e+16 
3.0945085455e-03 
3.0660190625e+05 
1.0132321807e+19 
-3.0586411875e-11 
7.9523384111e-22 
1.1726234108e-01 
3.8533197074e-22 
-1.1684445622e-17 
-3.6328241230e-22 
-6.8777309295e+34 
-8.7797265125e+14 
3.3030522000e+07 
-2.1420725194e-09 
-1.0042441851e+17 
-2.7315873255e+19 
7.6925596944e+15 
1.0798936320e+09 
1.7030477727e-25 
-2.6159724627e-25 
-2.0401651612e+25 
-1.0362182400e+09 
8.0563066880e+09 
3.2535955200e+08 
3.0843612894e-31 
-1.3572294188e-19 
-1.5057834104e+29 
-2.3861757402e-26 
-4.0868940198e+24 
-1.4758937045e+35 
-4.6019168000e+08 
-2.3320369466e+30 
6.8373134378e-32 
2.2866422000e-07 
1.5092295540e-24 
3.0840333125e-18 
-4.7271137772e+12 
-1.7786003778e+30 
-4.7712952753e+15 
-1.9136080994e-16 
-1.4335748854e-21 
1.9711566779e-07 
-1.2251353444e-26 
-9.4414245675e-22 
5.3919480000e+07 
-1.0177509121e+25 
2.6022132898e+20 
9.7556873216e+10 
-1.6247303820e-32 
3.6664643052e-30 
-3.1854788836e-26 
-5.8312300258e-38 
2.7853858472e+22 
1.9724700501e-35 
-1.1413185710e+15 
1.9954816578e-36 
-2.4141496875e+05 
-3.2951361084e+02 
4.5873080289e-38 
1.5881678841e+34 
1.9298670301e-11 
9.4120235447e+15 
-5.6913133907e+17 
2.0250013204e+12 
3.1150900310e+32 
8.1175990000e+06 
2.4531035000e+06 
-8.1091411368e+23 
-2.0544153723e-38 
-7.5536777216e+10 
8.3464601052e-32 
4.4664077876e+16 
-1.3806281600e+08 
-5.2953992922e+20 
1.1796230052e+33 
6.0652256226e+35 
-4.6524698832e-22 
9.5733235342e-18 
-2.6213246983e-20 
-2.4195186615e+01 
-5.1174112295e+19 
1.0572398208e-27 
-1.8046299974e-38 
6.7672177734e+03 
-1.8317983494e+25 
-2.1635610787e-24 
2.1553213389e-36 
-6.6213096776e-37 
4.6145433187e-01 
5.2302960394e+12 
-2.8153054788e-22 
-1.2541463888e+14 
4.0477905472e-09 
1.4338185547e+04 
-1.8038324971e-16 
6.4014507270e-28 
3.3714839086e+21 
1.7810969713e-11 
6.2383463158e-33 
-4.8251155775e+14 
1.3704999612e+38 
4.2455440747e-13 
1.8164088000e+07 
-6.2089896369e-22 
-1.3192388759e+21 
-4.3099042969e+03 
6.9080561584e-12 
3.5327497489e-36 
6.5951797012e+27 
-1.2901002846e+24 
-8.8477279244e-32 
-7.4134227093e-19 
4.5244984418e+27 
-7.3572392912e-32 
6.1443604480e+11 
9.9183314339e-11 
8.5070882032e-35 
2.6621510944e+26 
8.3600734797e-06 
8.3962888078e-27 
-2.8021638274e+23 
-3.5250415920e-08 
-7.9522986721e+12 
3.0293262192e-23 
-6.7779910564e-01 
-8.3226314870e-22 
-1.4818398837e-15 
3.2906464420e-31 
1.3984591401e-27 
-5.0855817208e+24 
2.2511348764e-30 
4.6320008959e+15 
-1.9896747509e+24 
-7.8374868866e+36 
4.5183111415e-18 
-1.2843016344e-31 
-1.3330317500e+06 
-9.8260781892e+13 
-6.6057617067e+15 
8.7555587500e+05 
-4.0637106310e-13 
1.2376622180e-04 
-2.1069150868e-09 
4.2102987732e-30 
8.9031568659e+29 
9.4683905461e+26 
1.4917613348e+28 
-4.1404694528e+11 
6.7113101482e-01 
-5.4500393087e-10 
9.5872562974e-23 
-3.4972895796e+27 
-7.2828183808e-28 
-3.0073330853e+36 
-2.4579329433e-28 
-1.4276137788e+21 
4.7733107822e+27 
-2.0121465514e+36 
1.6716581452e-09 
7.6910538993e-28 
1.2742650800e-33 
8.1447600128e+10 
-2.9324828738e+15 
-6.0077187500e+05 
-5.0274254292e+35 
-3.0271648917e+28 
-7.8795659858e+28 
3.2709370174e-27 
-2.9452037120e+09 
-6.0606628418e+02 
2.2542330776e+26 
8.2678640542e+13 
1.7122858853e+29 
-3.2087595901e-04 
2.3116209121e-27 
1.1631650320e+23 
1.4112671761e-28 
-8.4167533367e+34 
2.1014010532e-09 
-1.2191755000e+06 
1.0460649584e+37 
1.2460725695e+20 
-6.3238422852e+03 
-4.8050433374e-31 
1.1071138799e-20 
-1.4313282281e+20 
-2.0855555534e+00 
1.0842541263e-37 
-1.3101462983e-19 
1.9885060864e+18 
-1.2954039903e-06 
-1.7695176496e+27 
-9.8024241886e+34 
6.7556804595e-08 
-6.4123566262e-03 
5.4830844000e+07 
8.6325882058e+31 
2.8170932982e+32 
-2.5085662512e+35 
-2.4036472320e+09 
2.3430626968e+38 
8.0946363710e-28 
-2.2973154485e-01 
1.2340422871e+17 
7.0189578528e-19 
3.9472004771e-01 
6.9853451912e-09 
7.9106758505e+15 
5.8562825501e-34 
4.3084739346e+26 
-2.4049542669e+38 
4.6201751709e+02 
6.0532417501e+28 
4.9585565158e-18 
-1.4422284126e+19 
7.7549193750e+05 
3.7171396875e+05 
-1.4400338928e+25 
-4.5853317671e-11 
1.3132635556e+28 
-4.8090292369e+30 
-7.9459814179e+19 
-7.7345820526e-30 
6.6915377523e-35 
2.1805405321e-18 
4.9883085490e-31 
4.3066707463e+14 
-1.2991538400e+08 
1.6578817839e-33 
-3.0402872817e-35 
-5.5294930960e-12 
-3.4761009972e-33 
6.4650325524e+12 
2.0238944671e-06 
-2.6051411897e+16 
2.9395499400e+32 
-2.3035469541e+18 
-5.7297600202e+22 
-3.7686897030e-35 
3.6818420463e-22 
-2.1290202529e+20 
-1.8809126616e+00 
-1.9691873047e+04 
-1.0530520064e+10 
-1.1966436523e+04 
4.2243437500e+03 
1.3075859839e-12 
1.6172260529e+25 
-1.8421085428e-25 
1.7097682882e-33 
1.5601670029e+13 
6.4384016568e-20 
7.1575889022e+21 
1.9569050439e+14 
-1.2302252759e-17 
-9.3002678041e-13 
2.7129826019e+22 
1.1180483723e+30 
1.1331094951e-09 
-8.5997719168e-08 
-5.1343102735e-24 
5.5829290771e+02 
-1.0431135893e+00 
1.3505672071e+26 
-1.2842364615e+36 
-2.2065191278e+29 
4.6314996875e+05 
6.2901231104e-06 
-1.3785525665e+24 
1.0197970874e-37 
4.0518484116e+00 
-7.9798103353e-19 
7.0761571429e+31 
3.1548650352e+35 
1.1358642546e-18 
2.8761278372e-04 
-3.3736741336e+17 
-8.7997139667e+25 
-4.1083398365e+29 
6.3809523200e+08 
-8.0574307049e-07 
-1.9562752004e-17 
-6.9454665478e+27 
-3.5596903354e+18 
8.9133568459e+35 
5.8848948599e-30 
-2.0557011353e-30 
-6.0151277027e+13 
1.2848954772e-28 
1.1638022490e-10 
5.6479602050e+36 
-1.1423607615e-09 
1.9367676047e+18 
-3.1840305392e-10 
7.7568687880e-25 
4.0832345258e-04 
5.5284945029e-25 
5.6616953589e-22 
-1.0363199000e+07 
3.0604505976e+31 
3.0414172750e-15 
2.6216834516e-28 
-2.3647327153e+33 
-3.2165410027e+19 
7.8279490582e+24 
-6.4482439168e+10 
-1.0310852191e-39 
1.6192507003e-34 
5.9797485788e-32 
-2.7783390880e-01 
8.2803682325e-22 
3.0660811420e-23 
6.2437426771e+24 
-3.2897807916e+19 
1.1757366817e-34 
-3.5537897390e+13 
-2.1597967495e-32 
1.1571355526e+27 
8.5655399956e+12 
-3.4915940863e-32 
-1.6058743808e+10 
-4.1990136185e+24 
3.2389676571e+00 
1.9319533110e+00 
4.2392513881e+35 
6.6584224463e-33 
7.4737643086e+25 
1.0178338496e-27 
-8.1381442860e-32 
-4.8138855940e-30 
-1.9111435787e-26 
-4.5048357288e-38 
-5.6717052336e+28 
4.5422331753e-30 
-9.5773118234e-30 
5.2001292947e-35 
1.3251962931e+26 
-7.2571101189e+00 
2.2449363217e+15 
-2.8616425472e+13 
6.4399819612e-35 
6.7926561728e-13 
-9.5056148306e-17 
1.8578328000e+08 
2.6666563713e-07 
-1.2902601957e+00 
-1.4613686972e-06 
3.4333320964e+14 
-1.0084725952e+03 
-1.1536551242e+28 
-3.1934664124e-16 
1.7482092849e+23 
-5.4223869601e-17 
-9.9551080935e-25 
1.2204677302e-30 
-1.0095037440e+23 
-6.0859756523e-32 
-3.6985803033e+26 
1.0979188409e-34 
4.3167772385e+37 
1.7221069619e+23 
-2.2457335881e+19 
-2.1560082432e+11 
1.8782246962e+28 
2.4339473724e+01 
4.5523977280e+00 
-1.7204708099e+01 
1.4929275397e+17 
2.1569454193e+01 
2.2490282413e-23 
1.2327382638e-23 
6.4656724781e-16 
-2.7052490605e+17 
2.1621478913e-11 
1.6326310547e+04 
3.2932871363e-06 
3.9459352500e+06 
1.9362170782e+34 
-1.1290146773e-07 
-5.2993116562e-09 
-9.1192194140e+24 
1.3760010908e-09 
8.3596472007e+23 
3.6394198106e+13 
-3.2642068937e-26 
1.8743298869e+33 
-2.2683633798e-38 
-7.3425678693e-07 
1.2761628687e+23 
-1.7926925894e+26 
2.3442127954e-19 
-2.0412371094e+04 
2.4973641786e-23 
-3.6656859226e-22 
4.5406426866e+36 
-1.4340081900e-10 
4.5396833635e-32 
-1.3094449600e+08 
-4.1378482727e-37 
-1.1638584699e-20 
7.9755867097e+23 
-4.2219869792e-02 
-7.1562276999e-20 
-1.7267276206e-26 
-4.8345178860e-24 
-5.8431491285e-24 
6.8838570338e+18 
-9.9127011968e+16 
1.9846901012e-07 
6.9086469959e-30 
-1.8734646688e+28 
2.8583405539e-02 
-2.3852971520e+09 
-7.3696294567e-04 
1.5547464788e-01 
1.1623127085e-19 
-1.5641123261e+33 
8.2528016495e+17 
1.3512451083e-17 
-8.8799627374e-11 
4.9206240313e-15 
-1.2611075072e-03 
-3.2007402291e+12 
8.8607756497e+36 
1.7619245684e+29 
-1.6425266105e-25 
-1.1293548347e+13 
1.0203960828e-28 
7.6552502722e+28 
-2.6574118814e-14 
8.2154365234e+03 
-8.6647332864e-06 
-6.8389496584e+21 
1.9634815317e-16 
-1.0057913949e-27 
8.7299138670e+30 
1.7926452286e-23 
-8.9661259103e-13 
-1.1385349219e+05 
-1.4397086319e-34 
-3.6678469597e-23 
9.2292276252e-12 
1.8135990146e-14 
-1.5482956951e-04 
-3.4303078285e+27 
1.4816945249e-31 
9.1934071672e+36 
3.3272625664e+38 
-3.4058996875e+05 
-1.0818149219e+05 
5.5815721399e+27 
-2.5547819943e-30 
2.9663166856e-07 
-3.8376077664e-28 
1.4102244536e-24 
1.3248524347e-21 
9.3243870728e+20 
-9.3315495599e-17 
-6.0724670796e+26 
1.3491965633e-31 
1.3217944800e+08 
-1.2390120797e+17 
1.6876787510e-31 
2.4923964059e-23 
2.6254727840e+00 
-3.2582548162e+35 
1.4419763056e+29 
5.5394220027e-13 
2.9405595114e-07 
-1.9341402746e-22 
-3.0516380172e+14 
-1.0745529814e-19 
-3.2581685949e-25 
1.9465837500e+06 
1.6717453678e+16 
8.4942425600e+08 
-4.3995934020e-28 
5.7988080151e-37 
-2.7679756265e-09 
-1.3970279629e+11 
-6.3132224717e+11 
-7.7613032773e-29 
2.1734842880e+09 
9.8321563353e-20 
6.0331029061e-09 
-7.2198365966e-20 
3.5140043987e-27 
4.3518310137e+18 
-1.4312405038e-33 
6.8289402407e-04 
7.2964443028e-24 
2.5786515325e-02 
1.1255924005e+38 
-6.9925181768e+34 
-3.5655049549e-18 
5.6206763475e-06 
-1.4444408938e-02 
-7.4791373500e-31 
-2.4539240218e-20 
-7.9069737694e-05 
7.3093762801e+18 
-2.6864161491e+00 
5.6810459134e-33 
-4.7865118419e-26 
1.8259737439e+32 
1.4551691978e-37 
-1.0726269713e-21 
3.2308144668e+20 
-1.2251014404e+03 
2.7368924618e+00 
3.0039166000e+07 
-1.3722017125e-16 
-2.8272358212e+20 
4.1246575424e-26 
-8.7282005541e+20 
-1.1268073014e-21 
9.6113349649e-18 
-6.8091195822e-01 
-7.8531634521e+02 
1.8149929155e+15 
5.1902152293e-17 
3.2545192176e+32 
2.8524659094e-19 
3.4936581223e+21 
-2.5196793307e-17 
-5.0881442261e+02 
-2.2026130461e-24 
-2.7442822868e+19 
7.5425510573e-25 
5.0591338149e+33 
1.1673434441e-09 
9.0760833671e-21 
9.3424372405e-11 
-9.5243361808e-11 
8.0007982080e+09 
-2.1927279192e-07 
-4.6342438350e-13 
6.0049184843e-33 
-7.5045522668e-18 
-1.9292174494e-31 
-1.7502991357e-24 
3.9163628263e-25 
4.1756624097e-22 
-5.7957246094e+04 
-1.4166645575e-33 
-2.1545165517e-23 
-4.9170376460e+17 
5.9580142760e-31 
-2.5916624069e+01 
1.0740464987e+20 
1.8410375972e+15 
1.2562311523e+04 
-6.2684933823e-18 
5.0851765184e+14 
-2.9322388095e+24 
1.5235536147e+15 
3.0724243354e+29 
-4.1581217497e+35 
8.9224310000e+06 
4.8458143904e-36 
-7.5679723568e+15 
-1.5956657145e+37 
6.1605348984e-27 
-4.1606401554e-31 
-2.1700689653e+33 
-2.1868225932e-01 
3.5624575534e+23 
3.5498257591e+26 
-1.2253580615e-02 
-2.4255391210e-02 
-7.3027306993e+35 
1.2485009735e+31 
-3.6428025168e+13 
-3.1202663410e-24 
-6.2447751184e+24 
-5.6199704612e-11 
3.6720860643e+33 
-3.3493646042e-29 
-6.1195668341e+23 
3.9470962217e-29 
1.3624773773e-16 
-3.3531809983e+21 
-2.1414243330e+23 
7.9985676393e-07 
-3.8949136381e+23 
4.1042909247e-29 
7.5484767464e-20 
8.3618864870e-13 
-2.9269921633e+35 
8.3800134159e-32 
-6.7516131085e+26 
-1.9199846449e-25 
4.1873323711e-20 
-1.1479910379e-14 
4.2625437536e+20 
1.6783439235e+28 
1.6515071935e-19 
-2.2161421773e+29 
-2.7226803824e-02 
7.4334384947e+11 
1.2759519201e+24 
-4.7542533819e+15 
-9.6028035784e-13 
-2.3157798762e-24 
-1.3512583965e+35 
1.2773296230e+31 
2.6904767910e+32 
9.8583446584e-27 
7.3432462571e-15 
1.4749352489e-20 
-3.4126260877e+34 
1.4978187326e-27 
-2.1499929062e-05 
-1.1444767981e-23 
4.8335487954e-03 
1.0273503512e-01 
7.1625596928e+10 
-1.8889521062e-01 
-8.1649526029e-10 
2.7858613265e-19 
3.8302468836e-11 
-3.7357471429e-31 
-3.1219331184e-37 
-6.5421670675e-01 
2.5765429479e+20 
3.2294008320e+09 
2.1194350873e-17 
-3.7824908182e+33 
5.3790896947e+11 
-1.5717498438e+05 
-3.0942318961e-02 
-2.2627898268e+30 
-1.0778896457e+17 
6.0557552640e+09 
3.9029746094e+04 
4.4692770386e+02 
5.5802769357e-34 
-7.2585540771e+02 
-1.9610131497e+12 
-5.7960228414e-13 
-2.1109118000e+07 
-7.0580666454e+16 
-4.1634144076e+32 
4.8034575273e-20 
-2.0626401367e+03 
1.1085804714e-23 
9.8726327432e+31 
9.9113056760e+17 
-1.7251922435e-34 
2.3154175009e-17 
3.6072015762e-02 
-1.3117840435e-17 
-8.3084540117e+13 
-3.9794013932e-33 
-8.1263091132e-25 
2.4461427307e+02 
6.5329127598e-26 
1.1376153908e+24 
-8.8748320362e+30 
4.6925898247e-18 
1.0507686118e+33 
1.1876092164e-20 
-9.7072836067e+32 
2.3851550315e+31 
-1.2426548122e+37 
3.4817444722e-33 
1.1241910390e-26 
3.9615674177e-04 
3.4477645490e-23 
-4.9106185784e-09 
-7.2260353625e-14 
-3.2648435076e-21 
4.6506418508e-12 
-7.6219564407e+18 
1.4523731610e-12 
1.6070136136e-18 
-6.2493853679e-14 
2.0433066075e+37 
3.8124054524e+21 
-1.1679535719e+26 
-6.2351757812e+04 
9.6802052576e-04 
-8.6383666391e+33 
3.4465942064e-34 
-8.4624119988e-39 
-3.7019928829e-24 
-3.4110052354e+31 
-6.8678604218e-32 
-1.0397442400e+08 
-8.8514374494e-35 
-5.4613888752e+34 
-7.9905296448e-17 
-2.0671101074e+03 
1.1035812122e-06 
1.6003813171e+02 
-2.1776432168e+30 
-6.9749122946e-20 
-5.4215961791e+18 
1.4392973698e+32 
8.3323833707e-26 
-6.4673424535e+22 
5.7352377780e-07 
1.9283846705e-32 
-3.2365401342e+13 
2.7920003115e-11 
1.3475793887e-30 
-1.9149457971e+15 
2.6088102450e-33 
-1.0763901810e-04 
-1.8826307969e+26 
4.0202451200e+08 
-3.3197502716e-30 
3.8551850785e-14 
-2.6911418693e-33 
1.6365254083e+12 
-1.5544834274e-32 
-1.2682442305e-22 
1.5268898940e-26 
-4.3974522625e-24 
-5.9452088648e+12 
2.4157168344e-02 
-1.8634564406e+33 
-1.4508437397e+22 
-3.7802364020e-20 
-1.7774339292e-11 
1.8404417905e-16 
3.6837332126e+28 
-4.4860807578e+11 
6.0720052192e+22 
4.0172378380e-32 
1.8678829548e+12 
1.7079641111e-05 
-2.0991178407e+36 
3.6561914385e-08 
1.6905166941e-16 
-1.4747694731e+00 
-2.9317111412e+34 
2.2816868800e+08 
2.7319456100e+01 
-6.0184143910e-13 
-1.6664198637e+00 
4.1220172845e+15 
-3.0738944125e+26 
2.8682353521e+26 
1.1453555059e-19 
1.5580045105e+25 
-4.8426246094e+04 
5.5304851224e+36 
-1.9340103911e+31 
1.5537800042e-33 
2.6005491257e+01 
4.2523738112e+11 
8.9345832989e-20 
-3.1811442161e-25 
-1.0325983736e+26 
-3.0508922726e-34 
7.0704868348e-22 
4.9382931482e-27 
-3.6961630325e-37 
1.1618973863e-18 
1.5193651277e+36 
-2.0915314555e-01 
-7.6385612653e+18 
-1.2315285993e+35 
-4.4241066515e+30 
1.3610992695e-36 
-9.9737826961e+32 
-1.6125918850e+25 
4.3902388215e-01 
-3.6236160336e-22 
-6.7735024000e+07 
-3.8234652494e+15 
1.1677554479e-09 
-4.7990407944e+00 
-1.8194259716e-37 
-8.3026219242e-31 
2.6028903526e+24 
2.2608023093e-11 
-2.7117061615e+01 
1.0914148474e-09 
-3.4049242233e+28 
1.4976605034e-34 
3.7191321768e-32 
-4.8602535446e-17 
3.8842679574e-37 
-7.0850513469e+12 
2.6859548063e-38 
8.6148208650e-19 
8.1086962404e-39 
6.6301109404e-34 
-4.1951215616e+11 
-1.0366679836e+27 
1.4839961733e+25 
8.2861146211e-07 
-2.4591324851e-02 
-6.6555188483e-37 
6.3824758986e-39 
-4.4698364000e+07 
1.6213877825e-03 
1.4260316675e-04 
-1.7137468193e+16 
-4.5171893975e-32 
-5.8569408878e-08 
1.1377300210e+13 
8.3069945160e+18 
8.6727271304e+17 
-3.8389917575e+14 
-6.8679353733e-35 
-6.4870295525e+00 
4.5946867569e+15 
9.4582854197e+26 
-2.6697251685e-19 
2.9220329363e-14 
4.8278519671e-07 
1.7946069111e-21 
1.0939065104e+38 
-1.5654911157e+31 
-7.4523065718e-37 
3.3822831824e-07 
1.1671622418e+18 
-7.6895573875e-04 
6.0820562852e-38 
-5.8689926758e+23 
-1.0363464042e-07 
7.0475042099e+24 
1.2679395199e-34 
3.1942002019e+20 
4.6302276328e+18 
-1.8221155446e+28 
1.9569158149e+15 
-7.3683849708e+12 
-6.2789583753e+17 
-5.7594222748e-34 
-1.3169971632e-18 
1.1346177161e-20 
-1.8066110299e-16 
-1.0610415386e+15 
-2.6700537620e+18 
-1.5603428567e+32 
-2.9628450825e-33 
-2.6494782919e+35 
8.8459425680e+33 
1.6100629000e-03 
-1.3481432028e-31 
7.9129208075e-08 
2.4779975405e-08 
-1.5579507478e-30 
5.7303630400e+35 
3.3278587352e-07 
-2.8736088867e+03 
-1.1922477500e+06 
-1.2473057210e-01 
1.6799291193e-19 
3.3111277844e-06 
-6.6091484375e+04 
-5.1248877568e+10 
-1.1416611114e+14 
-1.8302761494e+37 
-8.1634406287e+18 
5.7777054252e-09 
1.7144761963e+03 
-2.1186103964e-38 
8.8540391498e+21 
1.2665919139e+35 
1.1864450684e+03 
-1.9198076000e+07 
1.0917856841e-08 
-4.8611001157e+19 
-2.3343904957e-29 
3.9530325679e-09 
-1.6477429867e+00 
4.5162476408e-29 
-5.1263728142e+00 
-6.2214204809e-04 
3.6967124430e+15 
-4.3989656921e-24 
-2.5120441118e-28 
-1.3947918750e+06 
-3.6544830800e-35 
5.2971897263e+23 
-4.0150261619e+31 
-2.6738184898e+18 
1.2394859223e-03 
-1.5778097555e+14 
-1.1554886779e+12 
-3.1789182000e+07 
1.1299810184e+25 
2.1748747646e+32 
-1.5692188868e+32 
            nan 
1.3193183996e+25 
-2.4764344281e+34 
-3.1206840113e-22 
5.2667680204e-30 
-3.9651119823e-36 
-2.0077069221e+37 
6.2774835276e-27 
-1.2353610309e-26 
4.7351519896e-18 
-2.0844911596e+24 
-4.9198683162e+29 
1.1561930883e-12 
3.6453072548e+33 
1.8500409772e-20 
2.4298894494e-11 
-1.7339139404e+03 
-1.2967405670e+36 
-2.6745622606e-08 
9.5298399729e-17 
            nan 
-6.1796126313e+27 
-7.1025748176e+37 
2.3524098438e+05 
-1.2631849219e+05 
-7.3392131774e+18 
2.4275351040e+09 
-1.2490538678e+18 
2.8606476037e-33 
-3.3732921051e-27 
4.6078622721e-25 
7.8663523248e+15 
9.3364366352e+29 
-1.5010157403e+14 
-8.1519399128e-27 
-2.0572781259e-28 
6.5363997237e-06 
-1.1238853259e+28 
4.0281002293e-04 
1.2090414119e-13 
3.8922532953e+18 
4.3411726978e-21 
-6.7393935440e+32 
-1.5988584518e+01 
4.2256489261e-36 
-7.2666586290e-12 
-1.7551058377e+14 
-2.0075640154e+14 
9.5279769897e+01 
4.2495620410e-21 
-1.1226630047e+16 
4.5214694619e-13 
1.0616492285e+27 
1.3875314385e+26 
-1.7606944839e-29 
9.1850586159e-07 
-4.0151361854e+24 
-8.1805533869e+35 
1.7061448346e+17 
-1.7882228713e-04 
-3.4557973758e+13 
1.2353826833e-22 
1.7478250707e-24 
6.1766984214e-14 
8.4857452011e-13 
-1.1294836221e-14 
-9.7136434953e-32 
-2.3892232932e-14 
-2.2839188800e+08 
1.6308872031e-09 
8.1817747456e+10 
3.0383311913e-28 
-5.0712242570e-36 
6.1654742188e+04 
1.7131229866e+36 
-3.0896461133e-24 
-8.4537492188e+04 
-7.8681412243e-14 
2.3558876701e+38 
-2.0148456096e-16 
-1.3547968102e+11 
-3.3648551729e+21 
1.3817210180e-12 
-4.6174700927e-35 
-1.2543229259e-12 
-2.0117771997e-17 
-1.2662241762e-17 
7.6217275000e+06 
2.9828728163e+36 
-8.2177510485e-03 
2.6724492408e+31 
-6.2269915771e+02 
4.4748881919e-05 
5.7723732661e+37 
2.3387401391e-11 
1.5269911804e+31 
-2.9303389589e+35 
3.6197987840e+09 
8.8581805326e+15 
1.4530202861e-05 
            nan 
9.4308119431e+31 
-3.6712618560e+27 
-1.0768499894e+20 
-7.3858432617e+03 
-1.3247731489e+20 
-5.8555718382e+30 
-2.8785843076e+27 
-1.0219443405e+36 
-2.1455436186e+11 
-3.8657062994e+28 
-1.7100372992e+10 
1.0365427728e+20 
-7.0573916647e+24 
-1.4819561504e-02 
-6.1364079217e+26 
1.1133669432e-05 
-2.4409255908e-33 
-1.7427268264e+29 
1.3821459200e+09 
-1.5495950094e+35 
-8.1709630381e-12 
1.6323261102e-12 
9.0421799632e-31 
3.7129456592e+25 
-4.3381448835e-02 
-2.0544253948e-30 
1.5566135220e-27 
3.8337598198e-06 
4.4178028475e-04 
8.5207810625e-03 
6.8949848928e+26 
2.8801914372e+13 
-7.9682927215e+34 
4.5366996875e+05 
1.1965261247e-11 
1.9446412012e+31 
-3.0037612817e+35 
-2.3407026780e+30 
-3.8384495553e-32 
-2.0106128589e+11 
-2.0402095569e-09 
-1.0165897827e+03 
-1.4371964324e-18 
-1.3006225271e-30 
1.2776282422e+33 
3.1026303344e-16 
-1.2203845263e+23 
2.3344227200e+08 
-6.6214331795e-09 
4.4500593750e+05 
5.9716751367e-33 
-2.0872335074e+34 
2.7632189584e-34 
-3.3114343109e-14 
1.1942756000e+08 
-8.8823647747e-35 
1.6171185085e-21 
3.6568193750e+05 
-5.2729387050e+37 
-1.1484125452e+38 
-8.9225283650e-26 
-1.0331400534e+22 
-1.7200198514e-12 
3.2068218279e-34 
-8.2734268825e-19 
2.6590368737e+30 
1.2706358910e+01 
2.0067937730e+34 
3.6823433314e+18 
-5.9846998780e+23 
-6.8201993750e+05 
-4.5244183233e-30 
9.6049270000e+06 
-1.3036437035e+01 
2.0762346685e-01 
-5.4958176666e-34 
3.2119382060e+22 
-1.8183496523e-19 
-5.7071076023e-29 
5.1747807617e+03 
-2.0937156902e-13 
8.0763689070e-09 
-8.8866074647e-39 
8.7329851430e+31 
-4.2941880595e-38 
-3.0862035585e+30 
8.3092432487e-31 
-4.8277522896e-30 
1.2127168624e+35 
-4.9754682190e+21 
9.8868123402e+12 
4.4242644303e-38 
-3.1641235463e+14 
-2.2008869313e+31 
1.9159632211e-04 
3.1323328610e+13 
1.4393562733e-37 
1.2909603209e-29 
-1.1318147840e+09 
2.8398648635e-33 
2.3270413876e+00 
1.0819862284e-15 
2.0136952825e+15 
6.8927008122e+32 
7.8158556160e+09 
6.1096460495e+27 
1.0038215562e-39 
-5.7827367633e+22 
1.3475565136e-31 
-1.2492705231e+17 
1.4152062253e+28 
1.1162040533e-17 
-3.3473873138e+01 
3.3458990489e-18 
-3.0901290316e+23 
-4.5369457524e-08 
-2.2899322218e-37 
1.5228996418e-38 
6.6067104676e+37 
-1.4092752619e+21 
-8.6175511725e+34 
-3.9280621422e-05 
9.5098054400e+08 
-3.2292007290e-06 
2.4605457562e-26 
3.6179599226e+15 
2.5584481109e+26 
-2.1901225923e-18 
-2.7879458217e-19 
-7.4070699156e-06 
-1.1507183256e+37 
3.9615001792e-22 
7.4730323511e-16 
3.3909428678e-27 
1.7717170299e+37 
-2.0659598750e+06 
1.3320372581e+01 
-8.7396629189e+22 
-2.3588575856e-15 
-2.6007052401e+15 
2.3224741325e+25 
5.6395104227e-16 
5.1040344245e-18 
2.2560593486e-01 
8.1307209837e+16 
5.3151008817e+13 
-5.6867644407e-30 
-7.5496686236e-08 
3.7821088429e+28 
3.4504795000e+06 
9.1665973248e+10 
6.2354603302e-32 
-5.1618909618e-21 
2.2038017195e-16 
1.8932159147e+17 
6.8087949501e-08 
-3.8503435132e-19 
1.4285017856e-33 
5.6755701222e-21 
7.0683018870e+22 
7.6967182617e+03 
6.2505811842e-30 
-2.0751988818e+12 
1.7267184059e-35 
8.5696199676e-04 
2.0672430263e-32 
3.2482395792e-35 
-2.1768331264e+11 
-1.3916174002e+16 
1.0383695259e-31 
-7.0526477182e-14 
-5.2184470400e+08 
-1.3885243139e-22 
1.6763042608e+17 
1.6476973295e+00 
-2.6227919187e-24 
-5.7171994753e-29 
-6.7695502366e-05 
7.7848122393e-10 
1.0203596755e+15 
-3.9875374114e-09 
-2.1167189125e-25 
-3.0225708978e-18 
-4.2091486542e+19 
-1.1035123610e+38 
1.2285865484e-19 
-4.0223089424e+21 
-3.4563145531e-15 
7.7957638215e-28 
-1.7352571067e-16 
1.5287971713e-30 
-7.5577638636e+25 
-8.8457847306e+33 
4.3778494122e-31 
-4.6358685470e+22 
1.0146698161e+31 
-4.7101264944e-30 
1.3066589355e+01 
4.7304541966e+29 
9.2278052677e+18 
-7.5948403434e+26 
4.5018617984e+31 
-2.2213893171e+33 
-5.1120189229e+33 
8.8324799851e+15 
-3.6069307150e+15 
7.8616143818e+28 
-3.3216159546e+32 
7.1802637899e+28 
-2.5590267140e-24 
1.0039022827e+03 
2.8014790749e-27 
5.3631593750e+05 
9.5399377371e+14 
-1.2911409675e-20 
-7.9817193750e+05 
5.1671862975e+23 
-1.2775491862e-34 
-9.9352585966e-27 
-5.1428072720e+37 
7.6744152410e+30 
-7.8853164069e-36 
1.6653146417e-37 
-9.4220691200e+08 
-7.7430368000e+08 
1.0178109022e-07 
1.6835861499e-31 
-1.3164595366e+00 
-1.4945838750e+06 
-3.5060666935e-13 
9.4746557643e+16 
1.7162572090e-13 
4.8329682233e+35 
8.2907950080e+09 
2.9185961664e+18 
1.4023493261e-37 
-7.4125708800e+08 
9.9563204001e-17 
2.4519793050e+11 
1.3465450052e-15 
-7.1520832717e+11 
1.8363266677e+17 
-6.1565503171e+29 
-4.2117936394e+19 
-1.9429624902e-33 
3.2831699262e+37 
-8.2646449207e+33 
1.4560272581e+13 
1.0546754127e-22 
1.5236773564e+26 
-5.2288399316e-17 
-2.7923779600e+20 
-8.3307255302e-26 
-6.6754320984e-14 
2.3882299275e-28 
-4.7764940390e+11 
-1.8685298438e+05 
-2.0752809942e-01 
-2.5961298438e+05 
7.3930593958e-33 
-4.2145197195e-28 
-3.2476526080e+09 
2.6086954553e+28 
2.2541328662e-27 
-7.0441652069e-29 
4.0525052000e+07 
5.9419027914e-22 
9.1500994839e+33 
-5.3019858798e+23 
2.4053617308e+18 
3.7204901666e-31 
6.3705269893e+35 
1.4841276247e-34 
-6.8969160338e-07 
1.0828407124e+29 
3.2408121062e+20 
4.4483310387e+11 
-3.1974645762e+37 
-1.7220674588e+27 
-2.6161900393e-19 
1.7177198750e+06 
-1.1377545198e-21 
-1.3667414045e+26 
-5.9148550034e-02 
-4.6510965279e+27 
2.2125897391e-37 
1.5631710245e-27 
3.1078597330e-21 
3.8332322944e-28 
-8.8620526455e-33 
1.7370860596e+03 
-9.5826295241e+16 
-3.4242335634e-09 
3.0197813563e-28 
-1.4418721972e-25 
-2.6180434408e-19 
-2.5505815450e-13 
-1.0382253300e-15 
2.8035602728e-09 
4.6944709918e+28 
-1.4637690988e+21 
1.0836383184e+33 
1.8363950376e-32 
-1.8665902826e+37 
-3.3059741172e+28 
3.2996237775e+37 
1.6445320940e-21 
-5.0030942383e+03 
5.6413066240e+09 
5.3982282584e+17 
4.8916784670e-17 
2.6046934433e-35 
2.3779693653e+29 
-5.3535179761e-11 
-1.2365603405e+17 
1.4272901518e-36 
-4.8320276070e+11 
1.1127580566e+03 
6.7211751543e+28 
-2.4279684000e+07 
6.5350735188e-01 
-2.7709507942e+00 
1.0852190720e+09 
-6.2351521515e-12 
1.4688687007e-13 
-8.4698342562e-07 
-1.5797864960e+09 
-5.3186264167e-17 
5.8724741164e-30 
8.6941429137e+13 
1.2795756750e-13 
-1.8351323725e+33 
2.1224479656e+23 
-5.0450062990e-36 
1.9496626953e+04 
6.9861878091e+24 
-2.9950685900e-18 
-3.7370933906e+33 
-1.0077617188e+03 
-1.5978884049e+27 
-1.8920755587e-11 
-1.6196709327e+35 
-5.5695797912e+13 
-2.8767945245e-02 
7.5033129349e+20 
-4.6092688694e-11 
-1.2204699575e+20 
-1.3481616682e+22 
-3.5961785708e+22 
-6.5641019319e-05 
-4.2026089841e+12 
3.0369569439e+18 
-1.0030502057e+16 
-1.1422324190e+37 
1.2202401385e-21 
2.3681780679e+13 
-7.0190447560e+37 
1.1933936150e-07 
-2.9757204056e+01 
1.3575078961e-32 
-1.5320429014e+34 
-3.7441558208e+22 
3.3848973836e-22 
4.9436447966e+15 
5.6074313144e-34 
-5.2633146491e+12 
8.3217853033e-32 
8.9159751680e+09 
1.1543943198e-26 
-6.5697527134e-06 
-2.4454549930e-05 
-5.1958684463e-16 
-1.5309666304e+10 
-4.2842668974e-14 
-1.6104927944e-32 
3.4920402604e+22 
1.0970323070e-32 
-1.4889976778e-22 
8.5855274474e-37 
-1.9235684304e-03 
3.2938089892e-37 
2.8850760701e+19 
2.1324512000e+09 
-9.1757390436e-32 
-3.2023490438e-25 
-8.6856738171e-29 
2.6892802917e-21 
-7.5001374054e-16 
5.8861322021e+02 
7.3877482369e+33 
2.2415631886e+17 
1.0341897679e-22 
-3.0980640283e+25 
-1.6512229362e-09 
8.4755539718e-14 
3.1346775583e+23 
2.5125290267e-03 
-7.0797095759e-06 
1.4143857400e-35 
6.9725254126e+26 
5.8541430885e-22 
3.9493682736e-25 
4.0372778344e+19 
3.7044351228e+28 
7.5185816727e-27 
5.2922012635e-19 
-1.0269955553e-08 
8.4420950587e+35 
3.8315732809e-07 
-8.1574824465e-39 
3.6436586766e-28 
-1.6646666650e+11 
-4.1630473374e-11 
4.3046746094e+04 
2.3436973253e-38 
6.2424390897e-29 
3.7830806732e+01 
5.2576746094e+04 
2.2065457600e+08 
1.0144771366e+22 
-1.9641353100e-26 
-4.3953458461e-23 
8.7294314301e-14 
8.6243190000e+06 
-3.1427229306e-26 
2.0941998750e+06 
3.1283141001e-19 
-9.7772223338e-21 
-2.3497717076e-19 
-2.1572220928e+10 
1.6718137741e+01 
-3.1500514851e+21 
-1.3702576420e+15 
2.8681720736e+16 
-5.3074815641e-18 
1.3488945918e-17 
1.9049910307e+00 
-1.3967314966e-22 
-2.4268954348e-06 
            nan 
-1.6469757861e-25 
1.1749937756e-35 
-1.2040717685e-23 
-7.7471213271e-18 
2.9721079780e-33 
1.2117358750e+06 
7.3116100495e+25 
7.4343192396e-15 
-1.9820144137e-10 
-4.5145155645e+30 
2.6843992528e-03 
-3.1427462087e-13 
-7.0989183421e-09 
-1.0819033863e-10 
7.9585781521e-08 
-2.6659878400e+09 
7.4904473484e-16 
1.0437449403e-23 
5.9436249045e+20 
-1.2026344941e+30 
-2.0123364308e-08 
-6.1899519714e+24 
7.2520689061e+31 
-2.8602415085e+01 
-4.8600503550e+13 
4.9098746094e+04 
2.3361496915e-06 
4.0964715315e+11 
-2.0011879566e+17 
-3.2990508163e-15 
1.1635753265e-38 
-1.5685684559e+19 
-1.1999328827e-19 
5.4643308465e+24 
-3.9475738181e-22 
2.0716831484e+35 
8.4902002907e+26 
-6.8967667297e+20 
4.5777396875e+05 
1.1945911654e-13 
-3.6193110731e-08 
2.5846679336e-17 
-1.0432124482e-15 
2.7475968649e+36 
-1.3327186523e+04 
-1.1324375759e+27 
-4.8834157258e+36 
-6.4544316537e-22 
-1.6294353115e+23 
-3.8071004160e+09 
            nan 
2.7681417640e+31 
-7.5170959622e-29 
2.3084696875e+05 
-1.3749227534e-08 
3.2519936283e-19 
4.4230127969e-05 
-5.0618943720e+24 
-3.5414159711e+17 
1.1844312596e-19 
1.0674443712e+19 
-1.3526810547e+04 
-1.9982957573e+37 
6.0361659337e+23 
-2.7640622080e+09 
-5.9424532649e+20 
-1.7561243781e-31 
4.0028447598e+14 
4.3290690679e+15 
-1.6689644210e-24 
-3.7011894310e-32 
4.0371297888e-23 
-3.1623294000e+07 
-1.7379667652e-28 
3.4394387338e-09 
-3.9168534816e-14 
2.1664134795e-37 
4.6463106800e-12 
1.0101853870e-02 
-1.2020863770e-36 
1.0717481590e-11 
1.9540849094e+28 
2.3194811414e-13 
-3.0353078991e-12 
2.5051266633e-20 
-6.3635734802e+28 
-7.9617744497e-22 
-1.0419504319e+24 
-1.8085914333e-21 
-1.1931583931e+24 
2.9227422756e-22 
-2.5335015466e+22 
9.4897993750e+05 
-1.0511079176e-13 
-4.6002246094e+04 
-3.1952028809e+03 
2.0990390483e+35 
-7.7335017285e+24 
-1.2825919000e+07 
9.3216848571e-28 
4.4988719888e+29 
-1.8650741019e-26 
-3.4981481407e+20 
6.6617241184e+22 
-4.3735307126e+25 
4.3691567128e+26 
3.1952653809e+03 
-7.2041425920e+09 
8.6601632833e-01 
1.2682661777e+14 
2.9751287236e+32 
-1.3662365701e+17 
1.0063559375e+06 
9.5791310890e-32 
-7.6801283991e-25 
-1.3734015314e+32 
1.6570757329e-01 
9.7935985056e+14 
-1.1010384652e-32 
6.5964242532e-13 
-1.0665747251e+11 
2.7266593484e+30 
-1.4182632298e-33 
-4.3943098371e-35 
9.3605417013e-01 
-4.4695668065e-13 
-5.8475859943e+20 
-3.0051839802e+26 
-3.5088040829e+00 
-1.4807814360e+00 
9.1395448200e+37 
-2.5342376915e-31 
-5.3982462132e+28 
-3.6822935000e-19 
-1.0680544493e-30 
-7.4985090580e+12 
2.8472201800e+23 
-1.6771674342e-26 
-8.9001373109e-28 
1.8854021774e+33 
-1.3105560547e+04 
-4.5809023082e-02 
-1.1378970655e-08 
-2.0260789574e-11 
3.5558505829e-07 
1.1898390721e+30 
8.9868121714e+27 
1.9170560830e+30 
5.5840504000e+07 
-7.8492644568e-22 
5.8616602708e+26 
5.9529043640e+13 
-9.4870415223e+18 
6.7948895007e+19 
-1.2784277858e-24 
3.9173145188e+19 
-2.7623880355e+23 
-9.2839973713e-32 
-3.7847326727e-13 
8.3578744670e-04 
-3.0493733287e-01 
1.0141829351e-15 
-1.0918288523e-23 
-8.4494007316e-29 
-2.2779650398e-24 
-1.2356109913e-08 
-2.7039455786e+32 
1.6533103943e+02 
-1.4321936441e-18 
4.3092350518e-23 
1.2398614357e-09 
-2.5320885703e-02 
1.3092070206e-27 
3.2870025606e+14 
2.6300401714e-06 
1.1832161363e-05 
-9.9825474276e-11 
-9.0832968142e+14 
1.5000415861e+18 
-1.6133925556e-06 
-3.7321592501e-28 
-2.0365346358e-35 
2.4717896883e+25 
3.6972049528e-35 
4.1571211674e+11 
9.8374113280e+09 
2.5830135310e-18 
-3.8962302855e+36 
8.1934776008e-15 
3.1035910994e-22 
4.8026746094e+04 
2.9979833139e+11 
-1.0054538197e+17 
-3.2349486719e-04 
-3.6031193584e-09 
-6.0868393750e+05 
-1.3528265267e+30 
7.1986051694e+15 
1.4273005692e-30 
8.5019338864e+33 
-4.2952872370e-09 
4.4716257280e+10 
-5.8796558116e-26 
9.6189516796e-08 
-2.2537519594e-29 
3.3352360185e+34 
1.4413779251e+30 
8.1981691474e+26 
-1.5974673825e+33 
6.9293596425e-06 
-8.8197579607e-03 
-2.1884549962e-18 
1.7276926665e-03 
-7.0923849350e+37 
5.0103021522e+15 
8.6185266341e-19 
2.2599221199e-30 
1.6593370826e-32 
-1.2200149219e+05 
6.2892452328e+35 
-1.6402158750e+06 
3.1806559390e-15 
1.0603284091e-01 
-3.2986636031e-17 
5.7141566263e-28 
1.5825556219e-01 
-6.2570976136e+35 
8.3206159412e-36 
-7.1084010785e-16 
8.2048174450e+32 
1.9436722529e+21 
8.9918486980e+17 
6.5197260648e+30 
-3.7215190781e-13 
2.6187826213e-11 
8.5084841027e-35 
-5.2200895963e-36 
-7.5552273695e-16 
-2.4615007037e-36 
5.7217259788e+31 
-2.0468716684e-05 
7.7794899200e+08 
2.5681695312e+05 
5.1511112692e+29 
-7.5208941297e-09 
-4.9874299765e-01 
1.0544129171e-17 
2.7558248183e-30 
-1.2056328192e+10 
-1.3039691636e+26 
-7.0798937600e+08 
2.6488274566e-15 
-1.4454733110e-36 
2.4601704792e+13 
-1.3505681667e+22 
2.9613473511e+02 
-2.2887327194e+01 
8.9154492188e+04 
9.2464447021e+02 
-4.9951740800e+08 
2.2310119649e+29 
9.7176834817e+29 
-6.8502631244e-33 
2.5735953479e-25 
8.8716527610e-32 
-2.1052983450e+15 
-3.0618734002e-13 
3.5870063647e-20 
-7.2306499151e-19 
-1.4388533012e+25 
-2.1047427596e-29 
-1.2229975840e-37 
-3.3600372210e-23 
-2.8788783104e+10 
3.5130339610e-11 
4.3545109851e-21 
-1.6033376794e+29 
5.2500851298e+16 
9.7880085593e-30 
-3.0899792429e+18 
-3.8714200752e-19 
2.2512923470e-10 
-8.6984619920e-29 
-5.6583709940e-10 
-5.4758343513e-28 
4.2203686633e+13 
3.6681983423e-19 
1.1908457428e-29 
2.2465639110e+33 
3.4171192059e+36 
-9.6695110792e-27 
-1.4726691926e+34 
1.2062172061e-07 
-6.8060151726e-26 
-2.8433519739e+12 
1.6288936897e+32 
1.4217589378e+01 
-7.0043295744e+10 
-2.6052470416e+29 
-7.2457807617e+03 
5.2511322528e-28 
5.0662481901e-37 
-4.7589796875e+05 
-1.9935134188e-19 
-3.7015957537e+14 
-1.4361038750e+06 
-7.3829768129e+25 
-3.2248204661e-05 
-3.7835471585e+12 
-7.5634006296e+19 
1.9566581917e+34 
3.6741463060e+33 
-1.3608430272e-15 
-1.1409215000e+07 
-7.5307631169e+34 
-1.2877379605e+30 
-3.2857273321e+19 
1.4531227779e+36 
3.1867176747e+13 
2.7346168099e+18 
1.8698281957e-15 
-2.5838013738e-02 
-2.6413454447e+17 
-3.5438358286e-34 
6.7854832000e+07 
6.6782123504e+17 
5.7536369324e+01 
-1.1535928013e+32 
6.9864387496e-35 
-3.2396194456e-06 
-5.2166778904e-33 
-1.6629036236e-37 
-2.3061161525e+22 
-1.2208911155e+13 
-2.2624947840e+27 
-7.6936176047e-03 
1.2827063735e-36 
2.1133096875e+05 
-8.7147717678e+17 
-2.0454172299e+35 
-1.5544571852e-06 
1.5526355288e-22 
6.5166630912e+10 
-3.0670878164e-12 
-1.5514523417e-33 
8.8883580109e+11 
1.4008558750e+06 
-9.5179404504e-35 
-2.4456168202e-09 
-1.5708885193e+02 
-1.0762004621e-07 
-8.3734164750e-19 
-3.5761180243e-22 
-3.7958231910e+25 
-4.7241989136e+02 
-1.0096345750e-24 
-1.4673517644e-01 
-2.2999472561e+17 
9.5531529835e+23 
1.2043436470e-07 
-1.9991724599e+31 
-4.3226290134e-30 
-6.5110610890e+30 
2.0251749456e-01 
7.3836540742e+30 
-5.3578379622e+29 
-1.0515397595e+20 
-2.0318698438e+05 
2.1957147424e-37 
4.5300419442e-03 
-1.0321856249e+30 
-1.2591253964e+38 
3.4156345145e-37 
7.8541746574e-26 
-3.9930532777e+21 
-4.1220439600e-24 
7.2592532842e-14 
-2.4725998685e+20 
-1.6731912960e+09 
1.2239820000e+08 
-8.9018629436e-14 
2.8226393639e+35 
-2.7331019834e+34 
4.0303611023e-36 
2.7909149872e-36 
-3.5035725701e+28 
7.2915821600e+23 
-9.9471462960e-38 
            nan 
2.3896425319e-06 
6.8275676582e-22 
2.4131829129e-21 
2.2274740093e+27 
-6.8274644239e-25 
-2.1047437534e+25 
2.7086996875e+05 
1.0759499311e-20 
1.1178751200e+08 
-1.3330912943e-34 
-9.1128378163e+11 
-1.5872817042e+28 
1.1804118923e-25 
1.1113508448e-27 
6.1358255148e-01 
7.7111769131e+37 
6.2874725870e-08 
-2.2123898380e-03 
-4.1861454234e+11 
-1.3713313033e+16 
-6.0038400989e-05 
-4.3675222397e+00 
-1.5600899620e+16 
1.6285413039e+17 
1.8688380000e+07 
4.2764147114e-16 
-1.2145232825e-20 
-3.0529452348e+28 
-2.2398490993e+30 
1.5048853167e-33 
-2.9291504210e+25 
-1.7638066827e-23 
1.6754739121e-35 
-1.6379987796e+37 
2.8732405072e+26 
1.3565730869e+28 
-1.4984103087e+28 
-2.3934895718e+11 
-1.1606970309e+19 
-1.5468904492e+37 
-6.3065055292e-04 
-3.8826930305e+23 
-4.0521722880e+09 
1.0678023573e+33 
4.9256768369e-13 
-7.9107023576e-28 
-1.4171970543e-03 
7.9073728898e-08 
1.6914702779e+25 
-2.6728161304e+16 
-3.4704482411e-28 
-3.7632976391e+21 
-2.1396707964e+31 
-1.1719118750e+06 
3.0302240855e-27 
-2.2814053864e-06 
-6.2916207341e-23 
-2.3976218830e-17 
-1.4758633958e+26 
2.1010613905e+33 
3.1589875782e+32 
-5.7606050332e+32 
7.5067202470e+26 
-4.7935604046e+37 
1.6348646879e+00 
1.0408846665e+33 
5.9342283674e+33 
9.6569572019e+37 
-2.9880745281e-15 
1.7557198750e+06 
-5.8873364469e-04 
1.6142721024e+11 
-1.5595630343e-09 
3.3644957500e+06 
-7.9900333566e+22 
3.3659102022e-18 
-1.3576874058e+31 
-9.8604952388e+37 
-2.3604033515e-02 
-7.7898141171e-05 
-6.9862255756e-16 
2.2726951567e+13 
-1.5057100682e-03 
-4.6596683205e-06 
-7.4139447021e+02 
-7.6418637824e+10 
-1.4372453120e+09 
-3.7040643990e-12 
-4.5969752229e+16 
-1.2159844776e-35 
-1.0618433252e-30 
4.0044067909e-21 
-1.2239353531e-08 
4.7120007177e+17 
-1.3644786969e+37 
-4.4523627452e-08 
-4.1726021749e-08 
-5.7186055947e+23 
-9.0357227790e-28 
3.7064262393e+22 
-4.7717472626e-05 
-2.3769298438e+05 
-9.7117193750e+05 
3.5198972293e+15 
-2.5966851011e-35 
1.7785255018e-17 
2.4887992822e-06 
-1.7318711478e-24 
7.2975082397e+01 
2.4664794182e-05 
7.0267629623e+00 
-1.0773831589e-21 
-3.4267163359e+21 
3.2632339286e+32 
1.7810305314e-11 
-1.0635023933e+21 
2.0348957150e-06 
1.0520625951e-32 
-4.3452713521e+28 
6.3259890303e-03 
-1.2350538370e-08 
8.6043587500e+05 
1.1324880963e-17 
5.8467465639e-01 
5.5221317536e-20 
-1.6295080079e-15 
-3.3917703497e-18 
3.3920339591e+16 
1.4456730569e-03 
4.6419068210e-38 
3.3345797807e+22 
-1.9085007807e-05 
-3.0726362400e+22 
8.7561716082e-32 
1.5307662566e+19 
8.3293758843e+36 
-3.7630209482e-15 
7.7409502895e-36 
9.1346475418e+11 
-1.7412792443e-28 
7.6089677734e+03 
6.7157629754e-28 
1.9851113267e+11 
9.4749171517e+27 
1.3164429435e-25 
-7.4279779794e+29 
-1.5491353159e+25 
-1.4554585981e-08 
2.8319765204e-15 
-3.1216425042e-32 
3.5263830343e-18 
4.0834428928e+10 
6.0399853339e-29 
-6.2134378829e-27 
-3.9114324708e-14 
3.1071388594e-36 
-4.9970565061e+27 
-5.6628185848e+18 
-6.9445423261e-21 
-7.3453333016e-07 
3.6891357500e+06 
-2.4211820644e+36 
-2.2599099204e-02 
-1.1324631904e+36 
-1.5696220365e-11 
6.2817072868e+00 
1.3117077443e-26 
1.3911288856e+29 
1.6948357799e+35 
9.6546988934e-03 
-2.4116101931e+37 
-2.1588500212e-19 
1.0654030368e-02 
-1.2203537335e-04 
8.2778044735e+29 
1.9045191762e-38 
4.6062391843e+30 
-4.3933786011e+02 
5.2932579095e+32 
6.5952906152e-04 
-2.3360359335e+16 
8.7556327344e-07 
-2.4352932757e-31 
-1.5839486878e-07 
1.1387987399e-17 
-3.0844450066e+38 
-3.9435295307e-13 
-1.1166047216e-06 
4.2575835977e-13 
1.0435861604e-33 
-1.4881889498e-08 
2.5051817324e+32 
2.6663014293e-01 
-3.3725337982e+01 
-2.8585328549e-12 
-2.5945530007e+24 
7.3678663171e-10 
-7.7687206445e+35 
3.8137393752e-18 
-7.6544034734e+12 
-1.4144704000e+07 
1.0021833739e+15 
-8.8684964668e-37 
-9.5886848000e+07 
1.5390320000e+06 
2.9951611534e+19 
1.6311779220e-28 
-1.7605061916e-38 
7.9970855517e-32 
1.5955737327e-25 
9.4135653470e+27 
-4.1775400261e-18 
2.9638858138e-27 
3.3965841370e-21 
4.3533924103e+01 
-1.3281407085e-08 
2.5429324069e-06 
1.3710974430e-17 
-1.5751277162e+15 
1.3578329961e-27 
1.6337578125e+03 
-3.5097955866e+25 
1.4006118774e+00 
3.3002942603e-25 
2.9782836914e+01 
1.6110789147e-06 
4.0665818183e-29 
-3.6327101825e+13 
6.5137433363e-32 
2.8718281645e+16 
-8.8546172994e+21 
-2.6968985245e-14 
1.0453191886e-38 
-2.6405894144e+10 
1.5185267654e+31 
9.5427583873e+24 
-2.3189917500e+06 
-2.5259215916e+16 
1.0326720256e-18 
2.7304569416e-27 
1.0111116984e+26 
-1.5246454416e+26 
5.1112505162e-07 
2.5678112663e+38 
4.2642420329e+21 
2.5873558462e+36 
2.9295030305e+13 
-1.4560508222e-14 
2.3248655289e+15 
-1.2087826022e+11 
-3.0389574822e-03 
4.3917751083e+35 
-5.1518745689e+27 
1.0482881378e-33 
-3.3508179866e-21 
1.9644492337e-17 
9.7034320981e-27 
-7.1744057617e+03 
1.7548386779e+20 
2.2736983910e+20 
-4.4737909875e+19 
1.3193571351e-33 
-6.7570634357e-22 
1.8214872319e-11 
-2.6380573526e-31 
3.6785498917e-30 
2.9795153809e+03 
6.5870705459e+15 
2.0579278750e+06 
-2.2767928895e-03 
-1.3578582915e+17 
4.2459694815e-27 
-2.0472047900e-27 
2.6541658931e+11 
9.0707078005e-31 
-1.5969019884e-08 
6.6890795291e-22 
-9.2958179617e-26 
-3.0867083751e-06 
-2.2589619581e-34 
4.8051022898e-15 
-3.8347055777e-36 
1.9152673799e-25 
-2.3763577938e+00 
4.7323997132e-03 
-7.5704624791e-09 
-2.3144782111e+23 
-1.0196339482e-38 
1.8733631916e-34 
7.4488535040e+09 
-2.0747093923e+19 
1.3885464768e-19 
5.5291642951e-26 
2.1377770745e+30 
-8.8468992000e+09 
-3.9528349589e-05 
1.3431072054e+25 
1.4833895235e+28 
-1.7558261160e-13 
-3.2109279680e-09 
7.2812219654e+19 
-9.4791488647e+01 
-1.1906231982e-31 
6.2155645206e+18 
3.6804523890e-22 
-1.6900488987e-18 
9.8358668308e-37 
9.0975031952e-09 
1.0456687404e+27 
-5.3701153900e-38 
4.1808193750e+05 
4.4847132813e-05 
2.4253035726e-20 
4.1529793139e-22 
-1.4785255686e-08 
-1.0490575050e-14 
-1.0152199727e+26 
-1.2501837294e-35 
4.0598736470e+23 
1.1747372627e+01 
-9.0452001588e+33 
-3.3397064411e-13 
-1.1601043659e+32 
-3.6956683633e+14 
-1.2975468681e-13 
2.6823626709e+02 
3.4249927680e+09 
7.4837616631e+36 
5.5756779402e-12 
-1.8303670026e+13 
2.8990206249e-31 
6.0009957867e-19 
1.9474992924e+34 
-5.8859378433e-22 
-5.3600748390e+22 
1.4092779027e-11 
-1.4458474399e-25 
1.7779422039e+27 
-3.6658254181e-33 
5.2390807994e+13 
-2.9672192800e-17 
-3.3664401128e-11 
1.8863098438e+05 
3.1660822596e-38 
3.6806836076e+21 
-1.3352215001e+20 
-2.1815076323e+13 
7.9008479118e+00 
-4.4644502077e+12 
-8.6410444800e+08 
9.0580835642e+36 
-5.4209024014e-35 
2.9685791835e+24 
-3.8233955932e-14 
6.1239750000e+04 
2.6298222343e-19 
2.7162225301e+17 
-4.4492231590e-36 
-4.0268250769e-38 
2.1420055507e-36 
1.3963140006e+13 
-1.1806351795e-15 
1.2829993137e+36 
-1.9673886228e+12 
-1.6638475264e+10 
3.6388663822e-36 
6.3505995218e+35 
-9.0313492188e+04 
-8.9300523811e+14 
1.6301149055e+38 
7.8650275333e-38 
3.9520193750e+05 
6.8086618185e-01 
-1.4901972873e-36 
1.8777510629e-35 
7.6357399988e-31 
-2.1104929969e-02 
-2.1546715831e+32 
-7.7932655976e-19 
1.5490427613e-03 
7.4596850172e+18 
-1.5659890919e-14 
9.4395520046e-15 
4.3219400000e+05 
-1.6150167552e+12 
-4.0113611740e-23 
5.3324320611e-17 
-3.8989187124e-18 
4.7451796851e-16 
7.3791133379e-16 
-1.4796773809e-21 
-2.0056247295e-15 
1.2218476197e+24 
3.0742648317e+23 
1.0338498930e+26 
5.1737072968e+17 
3.1787641894e+28 
-7.3399157653e+18 
-7.4924378335e-31 
6.1458681730e+30 
2.4177268302e-37 
8.4954416420e-19 
-6.1935725645e-12 
2.8847419421e-30 
4.8654883001e-33 
-7.3743226803e-11 
2.3002164364e+00 
-3.5639696895e+27 
-5.5394239676e+25 
4.7327211520e+10 
-2.6380209432e-21 
3.7223448482e-36 
4.0688081045e-35 
6.1348280028e-23 
-7.7094816785e-28 
2.5651521782e+12 
-8.6060965333e+19 
3.5818111420e+01 
3.9946679793e-27 
4.4906671462e+36 
1.4167999000e+07 
-2.8582190976e+34 
-9.7311013937e-01 
-5.9532816522e-03 
-1.2438817648e-03 
5.7723009892e+13 
-2.3068099514e-11 
2.3960975426e-08 
7.9461814025e+31 
1.2197425600e+08 
2.0817322809e+20 
3.0984292532e+13 
-3.2155351775e-18 
-4.9906215932e+22 
-6.5411598206e+01 
-6.4580841064e+02 
-3.8535734375e+04 
-9.5248085938e+03 
-1.2609297918e-36 
-1.9503861376e-16 
-1.2926072320e+09 
-2.6034968382e+28 
4.1817081600e+08 
1.1877903185e+24 
-1.0817067592e+22 
-4.0690640162e-05 
-5.8042287827e+00 
-7.9671320488e+36 
2.5560799137e-12 
-4.1075821678e+16 
3.6765773679e+15 
-2.1552230448e+15 
3.0808190000e+07 
2.1754941756e+34 
4.1252864000e+11 
3.8973913743e+35 
-9.3059134743e+18 
9.9162884127e+27 
-1.3724271576e-29 
-5.8077078291e+18 
-1.9375298438e+05 
7.2127440900e-25 
2.6212040262e+33 
1.4081342429e-19 
1.4715410002e-09 
1.3207936277e+14 
6.1091354490e-26 
1.2312364973e+32 
3.4426487269e-12 
5.7462287360e+09 
-4.8113609604e-26 
-8.9984034446e-08 
6.4030017768e-32 
-6.9245016474e+11 
-2.2998374949e-27 
-1.1990849219e+05 
3.6145897405e-35 
-1.2042811523e+04 
-5.3167468147e-36 
-2.5414916533e-15 
-1.4227374322e-34 
1.4078860706e+17 
1.8497243880e+28 
-2.0742123047e+04 
-2.2960844168e-31 
-3.1280664261e-03 
-8.8169767063e+19 
5.8200223931e-22 
2.4721935775e+14 
5.7189737609e+28 
-1.7466098309e-35 
9.2718931719e+27 
2.2909891187e+36 
3.6490328725e+35 
9.9353402653e+24 
7.3916484375e+04 
1.1810953977e-33 
-2.8733175137e-28 
-4.4438590625e+05 
-2.1537663222e+12 
-2.3482619141e+04 
-9.7896632687e+16 
-8.0592574328e+30 
-2.8531836893e-09 
4.0989530135e-06 
3.0178592028e+33 
-9.4188708317e-06 
4.7028704834e+02 
7.1400399306e-34 
5.7354442887e+33 
2.6481088867e+03 
4.2259617057e-20 
2.2278067982e+35 
-2.2168786853e-14 
2.5515995000e+06 
1.1519254075e-37 
-6.0153824961e-06 
8.0427344136e+35 
-1.2108184504e-19 
-1.6232911495e-23 
-4.3530339624e-32 
2.5394353640e+38 
-1.1184834689e-01 
-9.3714887601e+17 
-1.0328670654e+03 
1.4210114863e-08 
6.7658978271e+02 
-2.4745026285e+31 
-8.4082705572e-26 
1.1079248269e+20 
-1.7092777967e+19 
-1.2532043100e-36 
1.5000188619e-33 
2.1532252690e-26 
-1.2454392386e-20 
-1.1417814550e-30 
1.9058134557e-29 
2.3774826730e-07 
2.3260881667e+24 
-5.4263066805e+37 
-4.2615709216e-31 
-1.7713140624e-20 
9.7951211230e-32 
-2.6828163571e-32 
6.0053901955e-12 
-1.4112717824e+10 
-4.5213432617e+03 
1.3794786062e-20 
5.1675142151e+19 
-3.0379553209e-04 
-1.9562212785e+27 
1.5398379192e+12 
-1.5135665029e+13 
-2.0482696814e+36 
-1.3004596019e+11 
8.5093662974e-35 
-1.8900754929e+01 
-6.5840068813e+17 
-1.2525048554e-08 
1.8077778738e-28 
-3.6813658943e-32 
2.3794668653e-23 
1.4151186523e+04 
1.2225863202e-06 
-1.9293465441e-26 
-1.7574931959e-26 
-8.1426567821e+37 
7.1747936048e-33 
6.3274753094e-01 
2.3196610512e-14 
-5.0565880000e+07 
-3.9624155000e+06 
2.4935113600e+08 
5.1522015366e+19 
1.9156055109e-35 
2.0083156346e+14 
-3.3696619930e-21 
-5.3265590000e+06 
5.8217912320e+09 
1.8203637004e-01 
-1.6115576717e+35 
-7.2362408042e-02 
-4.9856998051e+28 
-3.4676807967e+21 
6.6001007827e-13 
-1.5748625508e-16 
-3.4222975373e-01 
9.4631910400e+08 
2.5452403283e-18 
-6.8782037658e-19 
-4.1493631802e+16 
-1.8120880796e-08 
1.1173883716e+26 
-2.6488602423e-09 
-1.6102697858e-28 
5.7323452337e-16 
1.7386233267e-29 
4.2572040042e-16 
1.5671256335e-24 
4.7038776802e+26 
7.3858701581e+34 
1.2791592275e-36 
-1.2795205238e-22 
-1.6377211432e-04 
-2.7903483936e-20 
2.5056429225e+25 
-2.6908361562e+30 
-8.2117972676e+23 
-2.4383497175e+12 
-1.4599950172e+12 
5.8673546022e-08 
-1.8851204686e-06 
2.8184434357e+38 
-6.1536666180e-05 
1.7188911104e+10 
-6.7558358537e-25 
-1.0412448304e-16 
4.0978896865e-38 
4.0266372698e-21 
-7.8566886902e+01 
-2.5248555008e+11 
4.1882292058e+31 
-4.1904550566e+21 
-4.7034199040e+09 
-6.1323400587e-02 
-1.3539097340e+25 
3.7369648000e+08 
5.3729240678e+11 
4.1467390622e+25 
5.3647048097e+23 
-2.9995773281e+17 
-3.6038738715e+22 
1.6614141350e-04 
6.6288302625e-10 
-6.4986922504e-36 
-8.5550777614e-02 
-2.2649658892e-15 
-7.9351430992e-19 
-5.5141921122e-20 
-4.6267288217e+27 
-3.2361426987e-38 
-2.1195364208e-20 
5.8865742450e-25 
6.1809774488e-02 
-8.1351160000e+07 
1.5162003665e-26 
-5.8287349701e+01 
5.5117363581e-13 
-1.5415009469e+21 
2.4268317500e+06 
-6.8430334603e+28 
1.0214642998e-06 
-1.0958827943e-06 
-1.0326014404e+03 
2.6387518613e-27 
-1.6866312131e+32 
1.0965958527e-15 
-5.0957330789e+34 
9.3087332547e-13 
2.2144479232e+10 
3.7366242188e+04 
2.0497382502e-04 
6.4129064960e+10 
-2.6156114987e+20 
5.9575853482e-19 
1.0281881657e-07 
1.1650747338e+33 
5.6310570616e-21 
4.6078599585e+16 
4.1683179482e+24 
-5.6987518871e-11 
5.1227703568e+24 
-6.3390861511e+01 
1.9611208968e-19 
2.5348532104e+02 
-8.4250644951e-18 
-2.8983920819e-10 
5.1705563653e-22 
1.9027181863e+16 
1.1640645971e-04 
4.2805905518e-29 
-8.9953539106e-31 
-2.6071893606e+11 
2.8447989045e+17 
-4.0637561920e-21 
-2.2308932257e+30 
1.0489161489e+20 
3.1159459013e-07 
3.3859410522e+34 
-4.9285877349e-33 
1.6747145315e+33 
2.1277469420e-34 
7.0440572683e-31 
-1.7244869141e+04 
-6.0924709207e+28 
4.9515077939e+30 
-1.6309792278e+36 
-4.7412692164e-21 
-6.5413754783e-05 
2.8052896958e-29 
-2.3554610663e+20 
6.5615413103e-10 
1.1457843639e+14 
-7.7778254442e-18 
1.1237651739e+15 
-1.0256965070e+36 
2.5757503769e-11 
5.2119742188e+04 
-7.8177405389e+19 
2.0215479054e+16 
2.8127237497e+26 
-1.0940435235e-28 
-3.8559879176e-03 
1.1045082093e+26 
-3.4696329143e-10 
9.6063441706e-19 
-2.1909435188e+35 
-3.3317940986e+26 
2.5869717600e+16 
6.3883331042e-35 
-4.2399833126e-38 
-3.8357749360e-22 
8.7087659781e-33 
-3.1341713867e+03 
-3.2859218457e-23 
-3.2001792932e-19 
-1.0618685547e+04 
7.8575601492e-07 
2.4427121585e-33 
6.6324073204e+29 
-6.5632306701e-08 
9.1881141566e-20 
9.5038852929e-29 
-4.7259641553e+20 
3.2817223541e-21 
1.1060711404e-04 
-1.9593551491e+23 
-2.3864776359e-15 
8.9310468506e+12 
-3.8508952487e-33 
3.6853742188e+04 
8.6739451904e+11 
-6.0503642385e+16 
-1.5347810841e-16 
9.5265964633e-20 
1.3606963679e-02 
4.6971770948e+35 
-8.9210502471e+33 
1.4815113695e+38 
4.8149916885e-21 
-2.7613734646e+23 
6.3818460691e-24 
-2.8886955566e+32 
-6.5306996515e+24 
3.3223466909e+25 
1.5474414666e-21 
-1.8418157500e+06 
4.4583697962e+23 
-1.3999220175e+36 
-9.2496833628e+29 
-5.0089405134e+14 
-7.4281993057e-37 
7.7163010298e-21 
3.1548236084e+02 
3.2862959218e-35 
-4.2158318525e+14 
1.1668526010e-23 
-1.7711209119e-30 
3.4808857416e+31 
-1.8060649270e-38 
1.9964577545e+18 
-4.4208888000e+07 
-4.3495532984e+20 
-9.6672049297e-34 
3.8717688875e+34 
2.6991123743e+25 
1.9056516642e-18 
6.4845965881e+20 
5.7336791563e-21 
            nan 
3.9476019994e+33 
-4.7456964313e+13 
-2.5668296875e+05 
-6.5541493089e-31 
-1.4974091006e+26 
-3.5573978192e-33 
7.0667548862e+25 
1.8418198734e-17 
-2.7837412199e-04 
8.0573551357e-02 
-1.6132688522e+01 
-2.8764036179e+01 
2.0307179672e+21 
-1.0311522596e+27 
-5.8121406320e+25 
-1.7249278055e+19 
-6.8741120593e+33 
-8.6982728090e+11 
1.4147272121e+29 
-4.6291298594e-20 
-1.8330348106e+37 
-1.2606384598e+21 
-2.4955898438e+05 
-3.6869480174e+17 
4.5619965583e-09 
-1.0737645721e+02 
-4.6343338013e+14 
-4.5667337878e-28 
-1.2675930430e-28 
2.4319065644e-34 
-6.1856565264e-34 
-3.7388006157e+25 
7.1507982747e+37 
1.6496910289e-30 
-1.5919558064e-04 
-9.7545834876e+18 
-1.9651725009e-32 
-2.3776779926e-05 
-2.1267283630e+02 
1.6682418121e-17 
-3.7783211508e+25 
5.7301950482e+27 
-1.7254979572e+16 
-4.0940575113e+28 
-8.8674316406e+01 
-1.9745379686e-03 
2.1732686495e-34 
-6.9388310539e+20 
-1.5197812500e+04 
2.5058792118e-16 
-2.9770851135e-01 
1.0596961485e+11 
-7.0342335069e+22 
-1.1992377171e-16 
6.1105564237e-04 
-3.6752314450e-38 
-4.9922812498e-31 
6.2270668205e+24 
-2.1044563220e+18 
-9.1886801157e-16 
-6.0268795013e+01 
-4.8855456154e+11 
-1.9991508292e-30 
2.3911249500e-13 
-3.3534657717e-08 
9.6211949131e-04 
-9.7171248582e-29 
-2.1394223950e-05 
-2.8319892650e+21 
2.3286716309e+03 
1.8407320000e+08 
6.1142648444e-24 
-1.9232463677e-35 
-2.0558958054e+01 
-3.0594261347e-08 
3.4878870400e+08 
-1.0201619840e+09 
2.2357178945e-27 
-6.0398314793e-23 
1.1484030347e-14 
1.2433704977e+20 
-3.7892909050e+00 
-2.9685694828e-27 
4.0561818082e-07 
-1.1942315000e+06 
1.1398796250e+06 
6.7162553469e-18 
-3.2441273788e-14 
-8.5282064073e+30 
1.7514534980e+24 
-1.5429687750e-08 
-1.7954236437e-17 
-7.4988923131e-28 
2.0510505809e-24 
2.7027559554e-05 
4.5960945272e-07 
1.7857784675e+16 
6.9686306382e+33 
-1.0003827157e-24 
-5.7231993367e-08 
-2.7490222239e+38 
1.9437164883e-04 
1.0393885440e+09 
4.9930593750e+05 
-1.9687595735e+30 
2.3230235000e+06 
-1.2143618879e-33 
-1.7742045246e+26 
-5.3666012023e+20 
5.7273242188e+04 
4.4955466283e+21 
-1.4821130658e+34 
-9.9703649228e-34 
1.1969496445e+20 
-2.3436324864e+10 
4.3945687726e+36 
-2.1763258701e-05 
2.8263684362e-02 
9.8813738767e-14 
-6.3635671372e-34 
1.2251516040e-38 
8.0416834451e-19 
6.0735669870e-33 
-6.0572469232e+22 
6.3244231753e-34 
-1.2345700592e-34 
-4.2326284238e-36 
9.7587268859e+35 
6.4422381075e+33 
3.6685490756e-10 
5.2758624338e+12 
-2.7212706208e-01 
-1.7044091211e-28 
2.8042618079e+30 
3.0121804800e+09 
4.2385761200e+23 
-3.9883117913e+36 
3.1526369141e+04 
-1.0067258344e+18 
1.1216769788e-37 
1.2314092317e-30 
6.6554745048e-10 
-3.4007181692e-16 
-6.1282644272e+00 
1.7150012083e+30 
-4.4814650450e-29 
1.3705400025e+14 
-6.9935202637e-22 
-1.7774276608e+10 
-4.5616394253e+24 
-1.2930113864e+12 
1.6757942318e+34 
3.6145517243e+28 
1.3663511276e+01 
-6.4188959573e-35 
-4.8326542334e+23 
1.3163688399e-24 
-2.9633897543e-01 
-1.2080185547e+04 
-6.2249235636e+18 
1.4612979861e-33 
1.0332617233e-25 
9.4379227016e-20 
1.9691142089e-34 
1.6271609982e-21 
1.7501496875e+05 
1.2705079919e-37 
5.3581173871e+17 
-7.3482307780e+22 
-3.8796673584e+02 
-1.1327922176e+11 
-2.2443724470e-17 
1.5088407755e-29 
1.3442009612e+16 
1.2926400025e-24 
2.0828229917e-33 
-6.5240035328e+10 
1.2003358154e+03 
4.0775605763e-21 
9.2778276439e-07 
7.7617145600e+08 
1.8215273759e+12 
1.7210121461e-22 
-3.9039954596e-36 
-2.0300934553e-38 
-3.3503628979e+16 
-8.4281102504e-35 
9.6859818992e+16 
3.4569216309e+03 
1.4013558350e-27 
-1.0827655199e-14 
-4.3637468160e+09 
2.4920643369e+28 
3.1342996875e+05 
1.5731135000e+07 
9.3152143776e-09 
            nan 
4.9853508698e+37 
-5.3714510053e-02 
-3.5670214612e-12 
-1.0093621001e+37 
-5.9134514935e-38 
-9.6869610947e+12 
1.1334078000e+07 
2.6619937206e+24 
-6.5674984514e+33 
-1.5528589818e+29 
-7.8192101638e-15 
-1.0206547792e-13 
-5.0852137155e-26 
-3.3369782103e-34 
-9.5330244845e-38 
9.0999997172e-38 
2.3129371094e+04 
-2.6673733558e+38 
-1.7747120536e-23 
-3.3158929937e+16 
4.7900164191e-07 
8.5399709942e+12 
-5.1121876740e-27 
-6.6334016109e+23 
1.5865173630e-25 
2.6904761230e+29 
-1.3862822989e-34 
6.6253243638e+35 
2.0553003008e+10 
-4.9283492836e+25 
-4.5491562194e+28 
-6.9407523840e+09 
-1.7181684603e-22 
3.3680676739e+34 
5.7707977404e-37 
2.6902545539e-23 
9.8461264106e-32 
-2.8128884003e+30 
-4.2755432229e-37 
1.9441983876e+37 
-6.4231282646e-23 
-3.5806564553e+33 
1.0912243128e+00 
-1.0437388394e+35 
-9.6079469903e+25 
4.5092047946e+13 
2.5190946203e+14 
4.4848181803e-38 
2.5315500255e+14 
-5.1049864331e+34 
-9.2469744000e+07 
8.6193582080e+09 
8.0769250202e-15 
2.6110813180e-23 
2.2178389745e-17 
-4.9000433551e+33 
-1.8523494418e-06 
1.9993723254e-04 
-4.7385160849e+15 
-1.4685864762e-20 
4.8127728563e-23 
1.5916393824e+14 
1.4581246969e+33 
-1.0002666784e-07 
8.7488393110e+18 
1.4085397472e-21 
-3.5381602779e-24 
-4.5067902030e-16 
2.0491891479e+02 
-7.2440655164e-22 
-1.3399684436e+19 
2.0870366662e+24 
2.6366262058e+32 
-2.9602793511e-03 
-3.0783231258e+00 
-1.2770827343e+25 
-1.2251219940e+02 
1.6753737975e-23 
1.1586561523e+04 
-1.3684238750e+06 
-1.8557172465e-09 
4.0202430008e-14 
-1.3761313792e+10 
2.4473701260e+32 
1.8453646285e+29 
1.5083388090e+00 
-3.6221780551e+18 
-7.2021934338e-17 
-2.0210354620e-38 
-6.5795400239e-09 
4.2800245894e+17 
-1.1945983522e+36 
5.4423739078e-33 
1.9261556077e+20 
4.0996603097e-17 
-1.9195443167e+29 
-7.9695360266e-29 
3.4956550531e+18 
3.5941003769e-24 
-8.4842897408e+10 
3.6327386087e-18 
-5.0201882624e+10 
2.1282218172e-20 
-1.9650266836e-07 
2.0786396658e+33 
-5.0574593750e+05 
2.9430121094e+04 
3.0177888000e+08 
6.3122888663e+20 
1.4400609453e+19 
3.3351966522e-06 
-1.6046948788e+34 
-4.4733642226e-28 
1.2202528484e-12 
-1.7570797729e+02 
1.9746779038e+13 
-1.3794920996e+32 
-2.0898901367e+03 
1.8054051397e-36 
7.7821664881e-18 
-1.5805382616e+35 
-1.1182481503e+21 
8.9410949722e+33 
3.4088127136e+01 
-2.5303559700e+12 
-1.2436344563e+14 
4.0842158418e-15 
7.4312830897e-18 
-4.1695641411e-38 
3.8356111360e+10 
-8.1117483650e+26 
2.0050250116e+18 
4.7190590625e+05 
8.7409076514e-04 
3.3061967677e+35 
-4.4137076264e-13 
8.5306020005e-31 
-2.4487512753e-21 
-2.8506542728e-22 
2.1102243272e+26 
-1.0563848650e+24 
2.7683229515e-13 
1.9041413441e-02 
-3.2300207711e+34 
-4.6283609527e+25 
-8.1662062712e-07 
1.2164525693e+36 
-4.8214591048e-17 
1.0027464704e+10 
1.8159006652e-17 
-6.5784373569e-21 
6.7280746460e+01 
5.6716889784e-33 
-3.4595074986e-32 
3.9036809577e+24 
5.1376742188e+04 
-2.6511964801e+21 
1.0505921570e-36 
1.2207655007e+28 
2.8926452599e-24 
-2.4678337741e+11 
-6.9435290850e-10 
-1.5049469426e-15 
-3.6440245881e+24 
-1.6966533927e-37 
-2.0992180705e-01 
-2.0637338867e+03 
5.7008424432e-31 
-2.0689145636e+33 
-1.5372041858e+31 
-2.5940184788e-13 
7.5125932123e-32 
-2.5380735397e+01 
-2.4032180224e+10 
-1.2273976645e+33 
2.4170821120e+09 
-3.7253251699e-12 
2.5281564376e-05 
-3.4233437389e+13 
-1.3480020378e+11 
2.2244022429e-20 
2.1852913725e-22 
-3.7684844167e+13 
-1.0054375178e+12 
4.2112536428e-21 
6.2724933844e+18 
-1.1257551908e+00 
-1.0649227664e+36 
1.1104637909e+02 
6.6824530980e+37 
-1.3064992083e+27 
-9.4677221824e-37 
-2.4647131459e-16 
9.2374925312e+11 
2.2414227161e-38 
-2.4173098438e+05 
2.1152300397e-11 
8.6154774562e+24 
2.1444964450e-35 
1.6581508465e+12 
-1.8880624481e+28 
3.2963510603e-02 
-7.6061197573e+31 
1.1844044511e-32 
1.0977597951e+23 
2.1421121035e-14 
-7.0627945454e+16 
-9.2563372602e+21 
-8.6012696125e+26 
-3.2664553068e-38 
2.3353639105e+30 
1.6615280214e+13 
4.8109591830e-21 
-3.5655327432e-13 
-3.6360930455e+20 
-5.0856742188e+04 
4.3913986900e+26 
-1.3831242567e+14 
5.3618464153e-04 
-5.5961396642e+17 
-1.7005564012e-37 
9.8233843565e-31 
4.6544696519e+21 
-2.4474425118e-06 
-6.1564199626e-02 
-2.8644763134e-19 
5.5470908384e-32 
3.6907139072e+11 
            nan 
1.0492467387e+32 
1.0712189944e+33 
1.7246321792e-31 
-9.1396403100e-34 
3.9887651801e-02 
7.9437258945e+37 
1.9598303658e-19 
5.2634238281e+04 
4.3813361117e-05 
5.1972009050e+28 
5.8576119256e-27 
1.6134230877e+18 
-1.0916559422e-20 
-2.5306475436e-05 
-3.7757905375e-05 
-1.5733535606e-28 
5.0318048066e-19 
-6.0225527586e+32 
-8.8713528751e+16 
-5.8771495542e-22 
-2.1062927641e+16 
-7.9601633676e-38 
5.5787432948e+26 
-3.6551485580e-13 
9.6054736059e-04 
4.0221440753e+31 
-5.6972723947e-37 
2.6488394099e-30 
3.2675936739e+27 
1.2673842497e+32 
-8.1278788848e-27 
-4.9614659004e-31 
6.9345943630e-02 
3.3407694091e-34 
-3.6251627520e+10 
4.2387030870e+19 
-2.5546167054e-23 
2.4074123047e+04 
9.9654294438e+20 
-2.7669118000e+07 
2.9743633962e+18 
4.7321735153e-14 
-7.0461402924e+34 
-5.3937638014e+19 
-1.7133862688e-12 
5.1952081985e+30 
1.5362358553e-21 
-1.5202859804e-10 
3.9209391780e-20 
-1.2060941130e-37 
-1.2034768077e+11 
8.1450466541e-22 
-5.5326016179e-27 
1.4958284795e-01 
7.1370689741e+11 
6.7009283221e-33 
-2.1112992471e-14 
-3.6948897006e-38 
-5.8426107262e+18 
7.0853913600e+09 
3.8227374044e-10 
1.8231217865e-17 
-2.6385691368e-24 
-3.1576774589e-28 
4.3427378041e+22 
4.3423144234e-05 
-8.2890572836e-30 
-2.8301768040e-08 
1.7468569800e-02 
-4.4755429053e-19 
-1.0751124107e-20 
-1.9150464989e-25 
-1.7414994652e-31 
9.3082549702e-24 
6.4978662522e-06 
4.6111852241e+36 
1.1955659349e-24 
-1.8558513184e+03 
-6.7035914721e+23 
3.6733948131e+22 
-5.4723298446e+18 
4.1635753172e-25 
-2.7149102080e+09 
5.9713987500e+05 
4.6161420711e-33 
9.2706178378e+26 
5.3412841802e+33 
2.5294978730e+31 
8.4041873014e+31 
9.8388523575e-30 
6.3013478879e-09 
-2.4790580105e-25 
-2.4936777088e-09 
-3.6420960733e-27 
1.5329564288e+18 
2.1891772416e+10 
-4.0595050387e-38 
-1.3810495312e+05 
-1.1381551303e-04 
2.4354571477e-02 
1.6072367087e+24 
1.9194481504e-23 
-2.2499943987e-24 
-4.4416830138e+21 
2.5764868853e+32 
-7.1391391430e-06 
6.4918540378e-13 
-2.7330961920e+09 
-3.6445916617e-37 
7.2624018083e+14 
-2.6370083894e-09 
1.0073697175e+31 
3.9728753116e-27 
-3.3863617259e-37 
7.7063729987e-03 
-5.4160742188e+04 
-2.9335584768e+11 
-5.6600234080e-20 
3.0934556132e-12 
-7.4286794662e+00 
1.4830691724e+16 
2.6585307336e+14 
-5.3180448711e-02 
-2.3220666324e+24 
4.1194394311e-32 
6.9920330953e+28 
2.2723953337e+38 
            nan 
1.1092280496e+30 
7.3733979442e-35 
-1.2160790357e-04 
-1.3604588318e+02 
-2.2249428208e+27 
1.9201914880e+10 
-2.4114864293e+15 
-6.8807856032e-19 
4.5711477475e+36 
-8.3272288144e-36 
-2.2245676791e-20 
-1.8011228943e+02 
-6.2801625982e+16 
-2.4193035825e+26 
-6.8589606752e-15 
2.8414644621e-27 
-3.3879906287e+26 
2.8903876107e-33 
1.0993148553e-34 
-8.4081003271e-10 
-1.9114176438e-31 
6.2718483235e-19 
-6.6530390347e+24 
5.6141519617e-21 
-1.1237881788e+38 
-1.2794417881e-31 
-7.2188547042e-16 
-5.1526726361e+37 
8.4072517905e-37 
-9.4312142693e+25 
-1.6792653746e-22 
1.0719095423e+13 
5.2972684484e+32 
2.8175678457e-10 
8.0026583353e-31 
9.6804441600e+08 
1.7681396599e-19 
-6.8911448352e+14 
2.1560502476e+36 
-1.7694554155e-10 
2.4347305555e+36 
2.4929977417e+02 
-4.9303562893e+25 
-5.1477902887e-13 
-1.2118757643e-22 
-2.4472077698e-09 
-2.2489661351e-02 
-1.5041947320e+22 
6.6740082365e-27 
1.1848144641e-04 
1.0145662842e+03 
-3.8407740593e+00 
1.5509081818e-25 
6.2567266386e+12 
2.4150510788e+01 
-2.7137050218e+37 
-3.8291598511e+02 
1.4401795212e-15 
1.2734201384e+14 
-3.5343236529e-24 
1.2507309534e-25 
4.8341975630e+25 
-5.8985102036e-26 
-3.7824950891e+34 
-2.9650024414e+01 
-1.0402797006e+31 
1.0900516600e-12 
-1.6549904856e+14 
-1.9393723960e-08 
-7.0325056307e+12 
-1.6208403508e-09 
-3.8438251038e-23 
3.3072794367e+15 
2.0946720252e-24 
-1.6337708803e-03 
-1.8258204346e+03 
1.7779132799e-34 
-4.2411845000e+06 
-3.7131107330e+01 
3.9485033909e-08 
-1.2557952484e-17 
-1.8843110191e-14 
-3.7916060800e+08 
1.6509104468e-13 
-6.1377945713e-06 
-1.1664846173e+24 
-4.7037363131e-38 
1.6249610177e+30 
-4.8168755109e-32 
2.3123253556e-25 
-3.1799247378e-15 
2.9885227800e+23 
-1.5285289703e+19 
1.1560330133e-32 
-5.0262245754e-11 
-1.9190886883e+25 
-3.7435383391e+26 
-1.6976278979e+12 
5.1463403125e+05 
1.9399324331e-32 
3.1674460163e-28 
2.9740621269e+22 
-1.4814392473e-19 
1.5033837286e-08 
-9.1706557343e-19 
-1.2011633866e-21 
1.8688674316e+03 
3.9360341880e+20 
5.9216418727e-34 
4.4086045566e+34 
-1.1002752440e+36 
5.4269271081e+12 
-7.0030701527e+19 
-5.1218839688e-32 
2.3637717586e+16 
-2.3972038682e-14 
7.4748059082e+02 
9.0687439780e-09 
1.0718849419e-10 
-3.6096075246e+27 
3.5092093640e-06 
3.4674076251e+27 
-2.7981238070e-30 
3.4142901517e+27 
4.8290824013e-17 
4.0089260864e+02 
2.9295596595e-19 
3.0578460770e-12 
-3.2675995300e-16 
3.7078309639e+34 
-1.3424574271e-20 
-1.1930820537e+15 
-2.2849173788e+18 
-8.6097612348e+15 
-9.4120817043e-31 
-3.0939554926e+21 
1.6702746448e-15 
6.0695778367e-34 
1.3604605106e-35 
-7.4146240070e+17 
-8.5532167304e-07 
-1.7841840643e-23 
-1.4391303685e+16 
1.3202141917e-25 
-2.0060814171e-25 
-3.9559909398e+19 
3.0607854797e+12 
3.1967480381e+12 
-6.0468111606e+12 
5.2813678764e-08 
            nan 
-2.3596348833e-11 
-8.4042144000e+08 
-3.0290355727e-12 
-1.2780125045e-31 
3.4490232935e-15 
-1.8568179814e-15 
-2.7163249790e+32 
-6.0763415210e-36 
1.2614400000e+08 
3.6930468750e+03 
-5.2103874522e-26 
1.0191514299e-08 
-3.7131118180e-09 
-2.7924680112e+31 
1.0071761936e+34 
-5.0753270604e+24 
-5.2841089765e+30 
2.6245040640e+09 
-6.9197763853e-37 
-2.8613093495e-01 
3.0484367201e-12 
1.3534816823e-08 
1.5485413532e+17 
-2.3519157817e+26 
6.8853056930e+14 
-5.6405831612e+18 
7.4732017270e+21 
-6.0012380805e+15 
3.9494915947e-26 
2.8418256193e-07 
6.1421130078e+15 
-9.1430516486e+37 
-1.7047788203e-01 
-2.4159203004e-34 
5.2241534016e+20 
-1.7590027742e-12 
-2.8998876953e+04 
4.2225395845e+32 
3.5406564147e+18 
1.2663428919e+38 
-6.2719187200e+08 
-2.5086563483e-30 
4.3240703693e-32 
-1.7571626263e+37 
5.9509000375e-13 
4.2431446643e-36 
6.2999281347e-09 
-5.8576359749e+00 
9.1105206250e+05 
6.0437932014e+00 
8.8736294431e+27 
5.2063552925e+32 
4.8614499157e+27 
-1.6882587425e-15 
-1.8093778193e-01 
6.5379619741e+28 
-5.9350420491e-34 
-1.6127415091e+11 
-1.2637325661e+29 
-1.1245827661e+24 
6.5974784191e+32 
2.1470684242e+25 
-6.1871606250e+05 
-1.0599704088e-24 
-4.6605059626e-32 
8.3320173871e-08 
-7.4898114656e-24 
3.8375079560e+35 
1.5409530036e-25 
-2.7431425330e+21 
1.8938993220e-30 
-1.7414716154e-19 
5.8504640000e+06 
-4.3654290494e-06 
1.0772672000e+07 
-7.0380618903e+17 
1.1583393350e+21 
5.7621895078e-37 
3.4968539328e+22 
4.8040010318e+13 
1.7162081313e+37 
-1.7146627882e+27 
1.2639678000e+07 
-7.8166004598e+26 
-1.3055392762e+16 
-1.5227659725e+21 
-9.9522294956e-16 
7.0886432303e-14 
-4.4208317331e-23 
-1.6534830820e-06 
-9.7631998108e+31 
-1.6576575328e-29 
-2.1999113642e-09 
5.6014127141e+29 
-1.6140203244e-36 
2.0517813083e-34 
4.1036296853e-38 
3.1182369666e+17 
-1.6925240011e+32 
2.9648848899e-30 
-6.3211191446e-05 
-6.1150422906e-39 
-8.0874655396e-05 
-4.5365177499e+26 
6.2411376953e+01 
-1.8404240000e+06 
-2.5298983801e-23 
-1.8222972554e+33 
2.4096370908e-06 
-1.1732482910e+01 
4.5648789284e-19 
4.7291334465e-38 
4.1587344440e-33 
5.4729151230e-29 
-5.0872403150e+34 
-3.4907013178e-03 
9.5953305600e+08 
-4.5976491991e+22 
-3.8699082475e-18 
-9.4387207031e+01 
-1.6741049745e-29 
6.1616279777e+19 
-3.3960769581e-16 
-2.0532510720e+09 
3.1032960000e+07 
-7.7652106967e-11 
-1.3847812458e-31 
5.6387126939e+36 
2.7584414817e-25 
6.0370756751e-32 
-7.4677236012e+37 
-2.5819606755e-23 
-3.3211350337e-12 
-3.9074968214e+14 
-1.7924833280e+09 
2.9503875187e+13 
7.7781860950e-20 
-1.1466750119e+21 
4.4932917059e+16 
1.3093426824e-03 
5.4415580288e-19 
-1.7915236305e+16 
-3.2099320991e+31 
4.1157423838e-31 
-4.7391703040e+10 
-3.3838240000e+06 
-4.3625510585e-32 
-7.4626549783e-28 
-7.5319541760e+09 
-1.3644480817e+29 
4.2481445312e+02 
-2.1616386693e-17 
-6.5058352660e+12 
2.2377133369e-02 
1.1807038816e+32 
-4.1785958400e+08 
-1.0179400725e-13 
3.3695046753e-11 
-4.2827481952e-29 
-2.0109456635e-14 
7.8408813005e+17 
-7.3377663456e-35 
-1.4213352717e-11 
5.5316736000e+07 
-4.4988297973e-18 
-4.5952384244e-04 
-8.0194010350e+13 
-1.6852659225e+01 
-3.5021161878e-25 
1.6590452194e+01 
1.0672137618e-09 
5.9863194172e-36 
5.8999745194e-12 
1.5176249840e+23 
-8.1338556416e+10 
-2.0306366219e+35 
-2.4028444165e-11 
-1.3671670103e+16 
4.6649067196e-32 
-2.0614939880e+02 
-4.7477211136e+11 
1.5540165776e+17 
2.2518621094e+04 
-9.3874163200e+08 
-2.8639390720e+09 
-1.7937085629e+00 
-4.5217016000e+07 
-1.4086059358e-22 
-1.4223286367e-24 
-2.8125992290e-20 
-1.2635418079e-25 
2.4750485658e-23 
6.3464397583e-14 
-1.4612758554e+23 
1.8265259103e+27 
1.6505920212e-04 
2.8277627280e-05 
-1.7162308409e-15 
-4.7318581101e-27 
-6.3861414497e-30 
-9.6699809916e+31 
9.3871186903e+12 
-8.8331366400e+09 
-4.3388613249e+15 
-2.5256190300e+00 
-4.8757152399e-04 
1.5932281044e-15 
-1.2566159950e+14 
2.8316277167e-05 
-1.0319140009e-35 
4.7218556903e-23 
-3.0104820122e+11 
-8.6832751659e-21 
2.4204892252e+33 
-7.3366366315e-09 
1.4371627937e+31 
7.8409093776e+21 
5.2644864624e-35 
-1.9554466628e+27 
3.4613070811e-18 
-1.6973290740e+19 
-1.1171731495e-38 
7.5809164800e+08 
4.3844254616e-11 
-1.9252317650e-34 
3.7576133837e+11 
4.4969113041e-29 
2.7667250766e-21 
6.5652841330e-01 
-2.0483900922e+21 
-3.2907571028e+26 
3.1000303936e+24 
7.7113656356e+24 
7.6163179252e+19 
3.7619528809e+03 
5.0825798596e-35 
-3.8987136717e-28 
-1.9139986579e-29 
-1.1092054544e-22 
8.8408874134e-14 
3.3895583525e-20 
3.0126068287e+36 
2.4029296640e+10 
1.0502656201e-25 
6.4450442791e-01 
8.6124131826e-08 
-1.4318569633e+32 
7.7990683738e+13 
-2.2211593632e-23 
-4.2592170106e-24 
8.2265843443e-12 
4.9544709921e-01 
-4.0505666733e+00 
8.9208811203e-16 
-1.6706405460e+23 
-1.4882752299e-01 
-1.2261400906e+25 
5.7004173470e+17 
-5.5064502780e-24 
1.0513438298e-07 
3.1807619141e+04 
-2.0671359450e-36 
-1.1483237970e+36 
8.2521126434e-13 
-2.1622849068e-22 
3.7733405359e-17 
-3.5059910400e+08 
-7.3556338787e+37 
-3.8074608255e+13 
1.6459617090e+35 
8.0732054868e-16 
4.3292604707e-32 
2.9076118050e-37 
-6.3080287426e+21 
2.4564500717e+30 
-6.6277766228e+00 
7.8232797686e+18 
7.2608146623e+32 
-7.2336999450e-28 
4.0553495349e-13 
-7.6837076915e-31 
-8.7926911845e+32 
1.1692189425e-01 
-1.4156676292e+01 
6.3951401881e-31 
-3.5367963289e-38 
-6.7808145285e-01 
-7.4444990286e-33 
-9.3172486233e-38 
-8.0325561278e-38 
-2.3047731937e+13 
6.7365683253e+19 
-7.5603928415e-27 
8.2316084615e-08 
-4.1913936002e-05 
-1.5035844121e+30 
8.2584842609e+21 
-6.3583163582e+20 
4.5090483341e-28 
-1.3830272101e+20 
9.8118757042e-37 
1.4681531873e+34 
            nan 
4.2501851748e+24 
-2.1986878952e+30 
-6.7662008266e-16 
2.4117907920e-16 
-2.8878318033e-28 
-1.8878533314e-32 
2.4746393600e+13 
-4.7777058144e-38 
-1.3640925453e-31 
1.1932199119e-27 
-2.1594720182e-24 
-3.8680160000e+06 
4.9164960399e+12 
-3.5850933685e+35 
7.1652897929e+31 
-1.9664796313e-18 
8.1317376000e+07 
1.0430310268e+37 
5.4499150714e-34 
1.1147249790e-11 
-1.1213504000e+07 
1.6491738530e-12 
3.1957545908e+32 
-2.3131751433e+33 
-3.1740914078e+27 
-7.7214105600e+08 
-2.1678228807e+38 
9.1717307576e-26 
-1.1711551236e-35 
-1.5091345916e+38 
9.0024249821e-18 
-4.7014404297e+01 
-1.3493450376e-28 
-3.5123489956e-37 
1.2915513083e+21 
5.1003710938e+02 
1.6875373069e-22 
1.4199187182e-27 
4.2528469930e-04 
1.6137645040e-11 
2.1124443013e+12 
3.9164047360e+10 
-2.7879023037e-05 
5.1889499440e+36 
4.3337852518e+11 
2.8558358528e+10 
-1.5398515383e-35 
1.5500955721e-16 
2.8873315200e+08 
6.8390250604e+36 
-1.3598808390e+27 
3.2740231086e+12 
1.1989093519e-30 
-1.2655572086e+25 
8.1237206634e-25 
7.0714109576e+19 
2.6603238583e+00 
-6.4472292251e-14 
7.5701187926e+30 
4.0379688590e+23 
2.4664014830e-08 
9.6855805770e-20 
8.1184378664e-11 
2.0415879476e-07 
7.0149765208e-15 
1.0577682393e+17 
-2.2369218557e+37 
3.2904441856e+10 
-9.3851891621e-19 
            nan 
-1.7444218514e-08 
-2.4750405131e-21 
3.9996105555e+16 
-4.8883336840e+26 
-2.4799373095e+17 
1.2895964315e-27 
4.0808344334e-31 
2.0813620128e+28 
3.9563880677e-19 
5.7765959158e-22 
5.3379324000e+07 
-2.3775342509e+26 
-1.6683245290e+20 
4.6662975223e+35 
-1.5896318853e-01 
1.0968819171e-32 
-3.3373995841e-12 
-6.3099707021e+37 
7.6350433779e+18 
5.7099097947e+34 
-3.0667332467e-03 
-8.7650073401e+25 
-1.4017312500e+04 
5.9463787853e+17 
5.3266985216e-29 
3.8225202695e+37 
1.1892255942e-34 
1.2992920954e+22 
5.4391560700e-13 
8.2418684382e-35 
-2.1415594992e-13 
-1.3810829010e+29 
-5.0846091276e-28 
-6.1259509826e-22 
-6.8431462400e+08 
7.8050628731e+12 
4.4846035013e-38 
1.4034214157e-24 
-3.1569582018e-14 
-1.9624372177e+35 
1.6343037496e-18 
-4.4674541844e-12 
-5.5729643123e-10 
-6.2327619584e+10 
1.1891304154e+15 
-3.2216706180e+35 
5.7373753970e-31 
8.1678123223e+30 
-9.4330126092e-21 
7.4214814840e+31 
-1.3766154883e-11 
1.0967639441e-20 
-7.1669614687e-12 
1.1222105299e+15 
-3.4261585054e+34 
-5.4577332224e+11 
-1.9236579537e-03 
1.2950253873e-30 
-1.0785610793e+12 
1.0555331041e+37 
1.6570896844e-31 
5.5774438151e-26 
-7.0609617978e-05 
-9.1337781782e-10 
6.0764062263e-25 
-1.5864500824e-09 
-3.6426188063e+12 
2.1363854408e-02 
-1.6171644926e+00 
4.2964830956e-25 
9.2209575445e+21 
-4.3470558108e-36 
-2.2201803374e-36 
7.9075171369e+13 
1.6640202521e-32 
-2.0547710000e+07 
-8.2228865494e-07 
1.4847256804e-33 
-6.7192549015e+22 
-2.1054524041e-05 
-2.2825323605e-20 
8.9748714576e-29 
2.6432123047e+04 
2.5280342990e+32 
2.7942347449e+22 
9.8828933120e+09 
-2.0047153600e+08 
-1.0356809793e-32 
-6.5955237986e-28 
3.5436667858e-21 
2.4104163676e+29 
-6.4096193278e+26 
6.2275242188e+04 
1.2553406736e-37 
-2.2612219411e+17 
2.1371230212e-16 
1.2973485783e-21 
3.5108687616e+34 
9.7660083873e+32 
1.1360044479e+01 
3.2896737133e+22 
2.6137937675e-04 
-1.4431249838e-05 
2.0490651368e-18 
-8.4880999213e-22 
-2.5644589390e+37 
1.0325830533e+12 
-4.7297457886e+02 
4.8629426422e+12 
7.6855693323e-28 
4.1877510334e-39 
5.8206395000e+06 
1.0590188971e+31 
-1.6745572800e+08 
-2.5867042800e+27 
3.9351737624e+17 
-1.7049739264e+11 
-2.4298395369e+23 
-4.1047800691e-20 
-6.3756751131e-21 
7.4741902527e-22 
-2.0352953415e+22 
6.6504074723e+13 
6.7512770261e+23 
-2.2123659437e-04 
2.6432606104e-12 
-9.2282620230e-37 
-1.3374801055e-30 
-7.1831454989e-06 
-1.1798272000e+08 
3.6289536000e+08 
4.2015323458e-26 
-2.6246875000e+04 
1.6993382400e+08 
6.1705223618e+22 
2.6509342349e-30 
9.6918167433e-21 
-6.7380268032e-12 
-2.1016769128e-22 
2.3789419572e-23 
1.6029458493e-04 
2.4955141420e-24 
-3.4016349474e+24 
-1.6167435016e+32 
4.0154990559e+26 
-2.3316765185e-12 
-3.3772126650e+38 
-5.9414609920e+09 
-1.1347366097e-36 
-1.1523817073e-18 
5.0065708338e+36 
-3.7389750000e+04 
-1.4124692598e+27 
-2.4612561217e-23 
1.2252253892e+19 
-9.6077203447e+29 
-1.4206280333e+25 
7.0064514261e-36 
6.0561095873e-35 
1.7118358154e+03 
6.9455035000e+06 
-1.1835233154e+03 
2.6998044160e+09 
-8.2296855718e-19 
3.5995526471e+26 
8.5020935321e+37 
-2.7623483501e-09 
-1.1853127442e+23 
-1.2601070631e+22 
-3.2268727690e-09 
3.6831510067e+00 
-4.3557466669e-20 
-3.5666744232e+01 
-4.3780337758e+35 
4.1652095795e+01 
7.7986400280e-34 
-4.5972616201e-36 
4.5413014293e-01 
3.0433469772e+01 
-5.6550402857e+29 
-3.3101123296e-13 
-5.5856766267e-05 
1.6757728079e-33 
-1.2468406190e+12 
-2.5613269729e+12 
8.3473291293e-37 
1.2042716403e-37 
5.0667457337e+19 
2.4065914917e+02 
8.8281609013e+36 
-4.4466451285e-37 
1.0280515740e+25 
-9.3650408000e+07 
1.2885860031e+28 
-1.1357523181e-04 
7.2129197121e+00 
2.8767428896e+37 
3.0424067736e+13 
4.5597487164e+36 
-1.2526090240e+10 
4.5598078268e-32 
-3.0294814766e+36 
-9.2778105469e+03 
4.6573628509e-08 
-8.3523892826e-14 
-5.3928889549e+11 
1.6693298290e+38 
-2.8215212032e+10 
5.5126256072e-14 
-2.6316593932e-26 
-1.4459776878e+01 
1.2004613079e+32 
8.3027880960e+09 
-5.8456448901e-16 
4.8604629700e-34 
-2.0695326850e-02 
-8.1485944819e+29 
-2.7753974119e-10 
-1.0824614536e-16 
9.8521935777e-33 
-2.1197809317e+34 
5.8244555902e+18 
9.9313791574e-25 
9.9279251200e+08 
-2.5846129014e-38 
-3.7511488244e-06 
-7.8103294665e-11 
6.9287711984e-17 
-2.7211063711e-18 
2.7916365021e-25 
4.4816591708e+23 
            nan 
1.4156779900e+23 
-1.2809041328e-10 
-1.2926619721e+29 
-3.1495778809e+03 
-3.5133206844e+00 
-3.9757749176e-11 
2.0129255063e-05 
8.3530058455e-32 
-1.2232772404e-21 
7.0759157124e-22 
7.6785237890e-11 
2.7360069225e+19 
1.6353250351e-11 
7.9858762752e-36 
1.7541758000e+07 
-2.9047815462e+37 
1.7435853928e-17 
7.0503642383e+28 
8.9576590959e+21 
1.2560632534e-08 
5.6456007811e-26 
-1.9892350000e+07 
5.3506432695e-17 
-3.9022818044e-14 
-1.4398767380e-03 
-1.3790408175e-22 
1.8635492552e+34 
2.5524327159e-01 
-3.1759842922e+35 
-2.5073572168e-27 
8.8027546054e-38 
8.1929972803e-22 
-8.3018819077e+27 
2.0148835739e+38 
2.6459017590e-06 
5.7669862581e+37 
4.3144060154e-25 
5.3984861388e-15 
2.9862979892e+31 
-2.8206456835e+16 
-2.8133222206e-13 
2.2474443200e+08 
-1.1028581503e-04 
3.4668941051e-09 
1.5463180988e-18 
7.5013536229e+34 
6.4879131825e-21 
-6.1992395217e+18 
3.9141049444e-15 
1.6352347685e+13 
8.8852542259e+11 
-1.7962087980e-12 
-1.8390296437e-31 
-2.8789372000e+07 
1.3359564470e-34 
6.3491350050e-23 
3.6035685189e-28 
3.2277779383e-07 
-5.3605447941e+34 
-2.8957826055e+35 
1.6254178507e-26 
1.7591326474e+12 
7.6128220558e+00 
-1.0862123454e-03 
-4.1410539069e-33 
-1.3741193106e-04 
2.3787682935e-09 
3.4720719600e-16 
-4.1055957411e+31 
-2.0274016465e-26 
-6.3483286652e-37 
-1.2343584079e-18 
1.3073821365e-24 
6.1035256234e-22 
-6.9306018450e-30 
-3.7602381706e+00 
-1.3878531657e-09 
1.4558063125e+21 
1.4741343844e-33 
-2.7612440391e-28 
1.0684085282e-04 
-3.2039542246e+22 
5.2814968209e+21 
-2.8212328448e+10 
-6.0442884974e+27 
1.4847536249e-06 
-5.9199625890e+16 
2.5367887020e+00 
-4.8994746094e+04 
-2.6718728684e-13 
-2.3967611812e-24 
9.4887604937e-03 
-1.6369124414e-31 
8.1718710329e+21 
7.6515515000e+06 
1.2121170654e+03 
-2.3282578883e+12 
7.9253464678e+11 
-1.8353025818e+02 
-2.1899998720e+09 
-1.0325090047e-30 
-2.0878306290e-24 
-2.4759577215e-01 
4.1103919354e+17 
3.4005911509e-28 
-2.1959569221e+33 
-1.9118520771e-32 
5.7378444918e-35 
2.6567118366e-30 
6.8178471882e-18 
2.0886756071e+22 
-4.0055993340e+25 
-4.7363008453e-26 
5.4099068620e-06 
-1.5717916969e-21 
-1.0927494189e-28 
-2.9417127446e+30 
-1.6210430090e-30 
1.3193513983e+23 
2.3538475532e+22 
2.2651878895e+22 
-3.5950352321e-04 
6.5960727974e+15 
-1.6432493210e+01 
-5.8442218748e-16 
-7.6216300964e+01 
            nan 
1.2144936079e-07 
-6.1000394872e-33 
-5.0546325875e+32 
-2.8848284795e+23 
8.9774749343e+21 
-1.6582154266e+28 
-2.6505401252e-07 
1.5697770116e+18 
3.0782209137e-07 
-1.8017548288e+10 
-3.8303469504e-29 
1.1809911346e+02 
2.0598036731e-19 
-9.7264288916e+36 
1.9056223333e-01 
-3.6993659760e-24 
2.8876530867e+25 
-3.8974597209e-19 
5.2407615488e+11 
-2.6058106227e-23 
-3.5857869121e+34 
1.7351794034e-38 
7.7611093667e+31 
1.5165868164e-16 
2.8119318391e+16 
-3.0083246258e+35 
5.7465444586e-33 
2.1542672336e+37 
4.6787451691e-10 
2.8624528646e-01 
6.4214361702e+11 
-1.1480901965e+33 
-1.9185786415e+16 
4.9540089600e+08 
-1.0104074060e-26 
2.7594406760e-08 
-3.3846625604e+30 
-1.0662333000e+07 
-5.2604000778e+19 
4.9315936373e-16 
-6.8096596378e+11 
-1.0849814179e+15 
-8.2694775000e+05 
4.0034155055e-14 
5.2850116350e+35 
9.6451286628e-13 
-8.2721356958e-35 
-6.8271403757e+20 
1.9091671675e-06 
1.1369702775e-26 
-3.0019881826e+23 
-1.9803737643e-12 
1.5673015542e+25 
2.0076584668e-28 
2.4423035176e+16 
-7.8379378278e+13 
8.9894737529e+17 
-1.6221607587e-38 
5.5263889171e+20 
5.3613114500e-33 
7.4001679784e-11 
2.2465387701e-06 
1.0366609395e+21 
-1.1097940193e-26 
-1.7484469604e+02 
4.6109049730e+32 
3.5365921747e-08 
5.1991796224e-37 
1.0558897018e+01 
8.1520546316e+21 
1.8150513053e+22 
9.1508244173e-29 
3.4269271445e-30 
4.7183027988e-25 
-8.5611906700e+22 
-3.7482748634e+25 
-1.2451649954e-11 
5.1287706010e-03 
-4.5088560796e-07 
5.2017957675e+28 
-1.5858932407e+19 
1.8165338366e+19 
2.2064399013e+19 
1.1040497426e-15 
-7.5396608736e-05 
1.3454709048e-23 
1.0454610923e-32 
1.0295977688e-37 
-3.0046275255e-13 
2.4504528809e+03 
2.7408285835e+23 
-5.3608951883e-20 
-1.7730784911e+28 
-5.1562854787e-04 
1.5370811523e+04 
7.5530392924e+16 
3.2984761056e-03 
-1.8046506343e+15 
7.7237849236e+00 
-3.0001517969e-28 
-2.2963909588e+32 
6.8091880965e-39 
-2.6404241513e+21 
-1.0824734254e+15 
-3.0022848511e+02 
-2.3603710400e+08 
5.5821438323e+20 
-3.3880612432e+18 
-3.0678175979e-15 
-6.8455146219e-19 
5.1031906889e+31 
-3.8370866272e-13 
-2.7441915075e+15 
1.8485389228e-31 
-3.1462376079e+13 
3.5383249633e-03 
-1.9005763800e+14 
-2.3219758987e-06 
3.0677773280e+38 
1.4094060070e+23 
5.5648053031e-30 
-6.9676038108e+17 
-5.5901108395e-12 
2.8143398927e-31 
-9.4490605469e+03 
-3.3877970418e-04 
1.3549698051e-03 
2.6493690797e-08 
8.2267862227e-13 
1.4392096875e+05 
-1.4887980026e+29 
-5.5009186952e+26 
-1.7404005296e-21 
3.6842197344e+27 
1.1394039102e+38 
3.2132689920e+10 
-3.5603040132e+15 
5.0037441367e-14 
-3.1215838465e-27 
2.1192529478e-36 
2.2542584754e-26 
2.0563789506e+32 
-1.0650620855e-20 
3.9033006089e+25 
4.6420386061e-03 
2.5376714752e+10 
-1.9959061271e-23 
1.3514477015e+00 
-3.6652683698e-36 
-2.4988784525e+13 
-7.8073215263e-05 
-2.5455194473e+01 
4.3310342407e+02 
1.1114202414e-29 
-1.4438451689e+17 
-5.5761951447e+01 
-1.7338860711e-26 
-4.5746926748e+17 
8.1943477029e+15 
1.0212213896e+22 
-1.4142126385e-24 
-9.1586157061e-12 
5.1024738281e+04 
1.1451019520e+09 
5.4221310285e-38 
-8.9544766154e-26 
5.6564736042e-06 
5.0511112625e-30 
1.7746717920e+31 
-3.5425526554e-24 
7.0207281286e-14 
-1.1861382449e+32 
-7.2287484375e+04 
-1.7428384708e-31 
7.6932372480e+09 
-7.5876685881e-22 
-1.5073605674e-20 
1.2534623946e-12 
-1.2445900984e+33 
3.5642898902e-26 
2.9432553674e-06 
-3.4948893699e-06 
2.9582977488e+38 
1.5164976856e-34 
1.1976496239e-07 
-4.6786650663e-18 
2.3395586683e-12 
-1.3832744384e-32 
-1.9392474490e-29 
8.6942016186e-38 
-3.7217663003e-19 
5.7589700446e-03 
-1.0964586657e-32 
2.4249821175e+27 
-1.6543961566e-31 
-1.4141005339e+15 
-2.7694416011e+31 
-2.5056294441e+22 
2.4305968000e+08 
2.5475507248e+15 
-1.3923268395e-14 
-2.0013023483e-32 
-6.6599730175e-09 
-6.0309471889e-21 
1.5314392634e-35 
-1.5550603012e-31 
1.6242234700e-38 
8.1877177734e+03 
1.9227511418e-18 
-4.6852441631e-13 
-3.3629093954e-10 
1.0391046510e+27 
-2.1836157888e-02 
-4.1186429426e+37 
2.5534536952e-26 
5.7906330278e+29 
2.2170088739e-37 
4.7521388823e+13 
7.0264537088e+10 
-3.3012938513e-19 
2.0252492284e-23 
-6.8972546689e-29 
-9.6256646133e+14 
-7.9578550000e+06 
3.1257714145e-03 
1.6302819419e-14 
8.5121403191e+13 
-4.9418621420e+12 
6.2150564710e+28 
2.9975948334e+01 
1.0534825922e-32 
7.1308314526e-29 
1.3364965812e-27 
7.9785706935e+15 
-2.1391652893e-08 
1.2916912410e+33 
4.1536005809e+22 
8.5290912993e-34 
8.6715917111e-26 
7.4562624316e-27 
-4.2240726532e+13 
7.0837754790e-36 
2.9747441664e+10 
-3.8363313263e-30 
3.1470693027e+24 
-1.3566794434e+03 
5.2757088000e+08 
3.7531141159e-35 
-1.1168803281e-29 
1.2061652025e-32 
-1.9099041605e+27 
4.4995239004e-03 
-6.8149574040e+32 
-6.3835742188e+04 
-3.7944941395e-27 
9.3323484375e+04 
-3.1592343727e-33 
-4.2438052899e-29 
2.1294970602e-32 
3.1379480239e-21 
-1.1782345701e-21 
-4.9921425216e-07 
4.6431536677e+13 
2.8820934122e-30 
-2.8979510683e+15 
1.0552684357e-37 
-1.6550333000e+07 
-2.1998473739e+17 
-6.2784951901e+24 
4.7853481331e+31 
-4.8322973959e+32 
6.7410586784e+28 
-8.6986311487e-08 
5.7584197827e-12 
-1.1206672714e+33 
-1.1679649166e+26 
9.8845595703e+03 
-3.2588200560e-23 
4.3139775466e+23 
-4.7068990625e+05 
7.4046086142e-37 
4.0050494593e-38 
9.6861724160e-05 
6.9532461079e-19 
3.1880151588e-30 
1.7840826965e+21 
1.5107902000e+07 
1.8736607232e+10 
-2.8856348991e+00 
-1.0017186007e+20 
-9.4970083203e+17 
5.9859263488e+10 
4.8659217602e-22 
-3.4837764098e+28 
-2.2683623047e+04 
-1.4162252704e-08 
1.8787106793e+26 
            nan 
-6.4749898738e-23 
1.8845617341e-12 
5.9856955000e+06 
9.0291009521e+02 
1.4913452800e+09 
2.0276207616e+11 
2.6238331881e-19 
-4.3600078635e+36 
1.4806802096e+26 
-1.0676098290e+28 
-3.2096791442e+21 
3.8367104757e-34 
6.9420406362e-04 
-9.3257247392e-34 
-7.4908530956e+26 
2.5733105428e+16 
-9.1343542589e-34 
6.0134767987e+23 
-4.6096588472e-17 
2.2656195892e+38 
4.6598041939e+29 
-1.1819807760e-14 
