2.3509887016e-38 
0.0000000000e+00 
0.0000000000e+00 
0.0000000000e+00 
0.0000000000e+00 
0.0000000000e+00 
0.0000000000e+00 
3.5873240687e-43 
0.0000000000e+00 
0.0000000000e+00 
0.0000000000e+00 
0.0000000000e+00 
0.0000000000e+00 
0.0000000000e+00 
0.0000000000e+00 
0.0000000000e+00 
0.0000000000e+00 
0.0000000000e+00 
0.0000000000e+00 
0.0000000000e+00 
0.0000000000e+00 
0.0000000000e+00 
0.0000000000e+00 
0.0000000000e+00 
0.0000000000e+00 
0.0000000000e+00 
0.0000000000e+00 
0.0000000000e+00 
-4.4236203410e-34 
7.1746481373e-42 
0.0000000000e+00 
0.0000000000e+00 
0.0000000000e+00 
0.0000000000e+00 
0.0000000000e+00 
0.0000000000e+00 
0.0000000000e+00 
0.0000000000e+00 
0.0000000000e+00 
0.0000000000e+00 
0.0000000000e+00 
0.0000000000e+00 
0.0000000000e+00 
0.0000000000e+00 
0.0000000000e+00 
0.0000000000e+00 
0.0000000000e+00 
0.0000000000e+00 
0.0000000000e+00 
0.0000000000e+00 
0.0000000000e+00 
0.0000000000e+00 
0.0000000000e+00 
0.0000000000e+00 
0.0000000000e+00 
0.0000000000e+00 
0.0000000000e+00 
0.0000000000e+00 
0.0000000000e+00 
0.0000000000e+00 
3.6068420487e-15 
-5.0937841696e-22 
-8.8627430048e-12 
1.3211532546e+34 
-1.1803599848e+16 
2.0548902203e-19 
3.3318547066e-03 
-5.7151644533e-34 
4.7790096384e+11 
1.4764152123e-09 
-1.8726511626e-03 
4.9155644786e-27 
3.3818540032e+10 
-3.9327449204e-35 
5.5839272657e-27 
-7.4352065252e+33 
1.7500289272e+29 
1.2640126410e+19 
7.3955500000e+04 
8.5773597160e+33 
-4.2975228015e+14 
-3.8549176975e+12 
-8.2918384400e+30 
-1.5374437500e+04 
-1.3791941456e-06 
1.7367055241e-23 
1.6792860582e+38 
-1.7579820299e+28 
-2.8760981877e-05 
9.1725732565e-10 
2.4951177779e-20 
2.6940482712e-05 
1.0201269528e-21 
-7.5850152825e-09 
5.4656574917e-24 
1.6253222656e+02 
-2.0367000831e-35 
8.3694547968e-20 
3.2089088331e-13 
-1.4192043808e-14 
1.4368537813e-04 
1.8480901778e-34 
-3.1583091697e-10 
9.2877615705e+36 
-2.6794816366e-12 
-2.6441045242e+30 
-1.8241658184e-12 
-7.5663390377e+32 
8.4877610207e-03 
-1.0426698549e+24 
-3.3529400102e-18 
2.8489391117e-25 
4.8619144300e-33 
6.9115248692e+29 
-5.5761368791e-27 
-6.1624611528e-17 
5.0324970274e-34 
-2.2772705122e-34 
1.4316672186e+16 
-4.0508334263e-16 
2.7335638992e-36 
-2.1883360000e+06 
1.0943555241e-30 
5.4016124906e-11 
-1.8057999540e-10 
-3.3158430597e-06 
-4.7575954675e-27 
-5.0928878784e-01 
-4.8606064448e+37 
-9.0967372026e-28 
-3.4518867347e-20 
-8.0342165939e+35 
-5.1411681573e+19 
6.7153438926e-02 
-2.7671046184e-20 
6.5773215867e-12 
-2.4555061827e-04 
-1.0880767068e+19 
-7.7062718728e-16 
-1.5664867055e-27 
-3.1012161254e+38 
1.5333869031e-28 
-3.4082388818e+24 
-6.5308765897e-30 
2.3903032421e+28 
9.0074091342e-35 
2.2541782893e-15 
-1.4424312500e+04 
1.6321655389e-27 
5.1741380958e-08 
-9.3334618797e-35 
2.5148561488e+23 
-2.4998738635e-09 
5.2831690134e-09 
-2.5672825132e+17 
1.1612054083e-16 
-7.8270742052e-38 
6.4691036556e+18 
2.3477818061e-32 
1.1233280972e-10 
8.0438693900e-14 
-3.2693070847e+21 
8.6940231588e+18 
2.0942126318e+13 
5.5168009219e-24 
8.0951850418e+34 
8.4736893768e-07 
-6.1399985127e-23 
-1.7920160687e+20 
8.8606371487e-24 
8.7386142802e+12 
-1.4643291079e+26 
-2.8427567633e-33 
-8.2706295433e+15 
-9.3263821455e+33 
-3.2137863202e+15 
-3.5802884852e-31 
1.7242031116e-26 
2.2668863078e+12 
-1.5268939023e-04 
2.0397504201e+19 
-1.8310164478e-06 
-3.4513710042e-16 
-1.8123627599e-12 
-7.7052480000e+06 
-4.8879861832e-02 
8.5272791612e+30 
-8.3556005848e-07 
5.1105754781e-30 
-4.7319329547e+31 
-8.2861200000e+05 
9.6635617260e-16 
1.8393232822e-30 
1.7216503906e+02 
-1.9939093614e+17 
8.6467167081e-28 
-9.9011015209e+17 
-4.7439656302e-39 
4.3335514728e-35 
9.2810385063e+34 
-4.4119905745e-24 
-3.1043017053e-22 
6.2674963863e+30 
-7.4051549785e+16 
-1.1366091162e+11 
8.5994506456e-16 
-6.9780812607e+36 
1.1969147064e+33 
1.7901538303e+21 
-4.0840217681e+20 
-1.5247249603e-01 
2.6171406427e+30 
3.4122565884e-12 
3.7217136924e-15 
7.2538287021e-34 
-1.7123731903e-12 
1.9620770129e+27 
-7.2294915771e+02 
-1.7504574457e-09 
1.4045616314e+38 
-1.6343988285e-21 
2.5508961147e+23 
6.4647238012e-16 
1.5291520409e+29 
-9.1443520882e+27 
1.1603549294e+38 
-3.1134414444e-18 
-2.5850835300e-05 
1.9560436646e-28 
-4.9117376832e-11 
1.1170998896e-37 
8.4402157667e+33 
9.8430078125e+02 
-6.6498415187e+35 
-1.3757229316e-23 
-2.3100437829e-06 
2.8486943847e-05 
-6.3224784484e-23 
-3.1101352372e+22 
-1.5005493265e+37 
-4.3445720564e-25 
2.0285078897e+12 
4.2007988609e+29 
-6.4571804537e-36 
5.4814508185e-03 
-2.9175583247e-35 
2.4885873047e+04 
-7.4187774565e+36 
-4.0651421927e+36 
-1.9812432583e-03 
-2.2328011200e+08 
2.9788250598e-27 
9.9634235654e-19 
-1.3505371094e+02 
-1.8057187624e+33 
2.0061056000e+07 
3.4112816738e-13 
3.9445934156e-29 
-1.4965148733e-38 
-4.2717525482e+01 
4.8564682617e+03 
-2.9644369365e+17 
1.1125557821e+12 
-4.3719704263e-03 
6.4629636749e+35 
3.1609341811e-09 
4.6117108000e+07 
-9.9864391680e+09 
2.4318708942e+36 
4.3498581363e-05 
2.8620753469e+12 
-1.0169607479e+34 
1.3473573576e-28 
-4.6356435865e-02 
-1.6012847786e+38 
-3.0636904761e-02 
2.3346801206e+19 
-1.1054160822e+33 
3.9090419200e+09 
2.3727129400e-01 
-1.5591893005e+02 
-8.1470958889e-02 
1.1869182667e+18 
-5.0188209266e-22 
4.0296779563e-22 
-8.4527613289e-30 
9.5915159505e-33 
9.5662442239e+16 
-1.0293800206e+23 
-2.2086189842e+13 
1.3547286777e+16 
5.5275229406e-27 
-6.3230688684e-03 
-2.1710501316e+21 
-5.8808161249e-13 
-1.0622948201e+32 
1.2863997221e+00 
-3.1549310000e+07 
1.5532730972e+16 
-9.5020347072e-23 
9.4321067883e-13 
8.5346022388e-04 
-6.3399665177e-20 
-1.2065223995e+30 
-1.7062172508e-10 
-6.2411723663e+19 
-2.1854104000e+08 
-3.0288676349e-15 
8.4510318935e-02 
1.1753942510e+17 
2.1507876139e-32 
-1.9005096969e+18 
-1.7879225151e+16 
-3.4533793750e+05 
-7.3394184388e+33 
-6.9785495798e+12 
-2.4627872761e+37 
-9.3681950392e+12 
-3.4958596398e+37 
-4.1947658174e-03 
-4.1545980000e+07 
9.3550485373e-01 
2.0403343945e-11 
-1.1533432949e-22 
1.7561559984e-09 
-4.9919316085e+35 
4.4612860000e+07 
-9.9894157312e+10 
6.7894027531e-14 
-7.2686732832e+20 
2.2498421712e-29 
-1.9228555000e+06 
-4.0884056199e+18 
2.2531569547e+30 
-2.6277260622e-04 
2.7680466309e+03 
3.7823548249e-35 
2.4279544593e-38 
-2.1281614304e+01 
1.2987423431e+20 
-4.1983863497e-08 
2.5034733735e-16 
-1.2234955708e-33 
-2.9374815827e+21 
2.8109792540e-28 
-8.5247350000e+06 
3.5701795154e+22 
3.9296851771e-27 
-1.1129525752e-23 
-4.5499790625e+05 
-2.4559795835e+27 
-7.1042890681e-08 
3.4061875675e+14 
1.5828334220e-15 
2.4866964952e-26 
4.1173007793e-14 
-1.4165508037e-04 
-7.0279828997e+32 
1.8874287377e-07 
-5.2114141655e+27 
3.6304341656e+23 
-4.7800298780e-02 
1.0459146638e+15 
-1.2259173600e+08 
-1.8778365935e+36 
-4.6054999740e-30 
-5.0586496382e-16 
-7.9415530929e+33 
-1.2144884436e-13 
2.3827167314e+12 
-4.6300658946e+19 
3.8831936875e+35 
1.0975438690e+02 
-1.5636988623e-32 
1.9926478750e+06 
-5.5503376201e-11 
6.1079754694e+22 
-3.2880917646e+32 
-1.0140734558e-38 
-3.4051790884e-31 
-1.1363986596e+20 
-1.6307684988e-15 
3.1627005496e-24 
6.1419222038e-04 
-1.0442750586e-35 
-1.2187344392e-27 
5.5330787500e+05 
-1.4468042878e+28 
2.7600486343e+32 
5.2794642835e+30 
-4.0182547500e+06 
1.0792982066e-03 
2.9881014795e+21 
3.1798262959e-36 
-9.6876647202e+28 
1.0522789830e-15 
-1.4022200779e+37 
1.1097512273e-14 
-4.8899262417e-09 
1.2289728840e+12 
3.9538903809e+03 
-1.1117432077e-36 
-8.2938752000e+09 
-3.2359316999e-27 
2.1566317941e+15 
1.8889252353e-32 
1.7278123043e-26 
-9.3527291091e+23 
3.8608202885e-05 
1.2497724955e+23 
-7.2834439896e+34 
-7.4187229911e+28 
-2.0601483520e+09 
1.1010883749e-01 
-8.1624999808e-24 
-2.5150103520e+24 
-4.0314126905e-35 
1.2228621244e+00 
-1.8702949144e+15 
-2.0179332526e+34 
-9.2667927966e-03 
-1.9597313010e-22 
-2.8047645699e+27 
-5.3421780467e-04 
1.7101914662e-33 
-1.6675523200e+17 
5.9428024292e-01 
1.2133980169e-37 
2.2870302817e+26 
-1.2429637549e-26 
-2.0325637191e+24 
-1.4448175989e-08 
-1.0541530252e+24 
7.9213619232e-02 
-5.7080065651e-37 
-1.9858684391e-04 
-1.0354150000e+05 
1.6556497631e+15 
4.0055419922e+01 
-5.5067436646e+11 
1.8397737594e-19 
-9.1477789684e-27 
-1.3994714625e+24 
-3.6906019605e-18 
1.7531740600e-36 
2.9021788228e-15 
-4.9526123047e+01 
-5.6283187866e-01 
-3.0190208239e+34 
3.2602400779e-09 
2.6503998543e+27 
1.0124625064e-21 
2.6002820893e-30 
-5.6340220000e+07 
-8.4932835933e+22 
-7.5940783136e-03 
-1.2132634411e-17 
-4.1845862423e-27 
-1.6872830000e+07 
-2.1170455187e-14 
2.0212462459e-06 
-5.1890318782e-25 
-1.2685615362e-12 
9.6284365234e+03 
1.7920992446e+21 
4.8692845347e+13 
-1.9578714825e-21 
-1.0809381004e+32 
-2.4078926786e-12 
4.1825944589e+18 
-2.2790626030e+31 
1.1694712410e+30 
-5.8187137065e+33 
1.4063572529e-08 
1.3645808296e+26 
7.7674623753e-05 
-1.0560333729e-02 
-3.3905213440e+09 
-2.9587795325e-08 
-1.9353053653e-21 
2.8814253899e-27 
-7.2439859574e+21 
-2.0173011357e+35 
-5.7984169462e+22 
-2.4006287984e+31 
-2.2139431379e-29 
1.4127865544e-11 
-3.6344986337e+12 
-2.4736500000e+05 
-9.7937107086e-02 
6.3648025542e-37 
-5.0041085493e+37 
1.0335786853e+28 
8.0434529816e-24 
-6.3645729655e-37 
-1.0730116768e-36 
2.8679962158e+00 
5.2886277014e-30 
3.3537896376e+14 
6.6565550338e-21 
-4.7054473598e+22 
-5.7849518490e+12 
1.1019228981e+26 
-9.5446001254e+11 
-4.8675654172e+23 
-4.9391712707e-37 
1.3352893440e+10 
8.3539516435e-29 
-1.1780839703e+27 
-6.2182959297e+14 
-1.3735944326e-10 
1.4635902001e-33 
-5.0805412292e+01 
7.8783570209e-20 
1.8209670651e+28 
-1.9138974224e+15 
2.8230509081e+17 
-2.9430140785e-05 
-1.3166179578e-35 
-2.9796139207e-27 
-2.2260468750e+03 
-2.3357295990e-01 
-4.0030641562e-15 
4.5967073785e-38 
-2.3218596100e-15 
-1.1542077515e-15 
2.1830407545e+18 
-3.7348388672e+01 
-1.1283825999e-22 
8.2961712301e+30 
5.1713078264e-11 
-7.0324107380e-38 
1.3469984846e-27 
2.2860908326e+16 
4.9110940813e-22 
-2.2289286334e-21 
1.5746280551e-03 
-1.4089318400e+08 
5.5047925853e-15 
3.5594915971e-05 
5.4099270621e+17 
2.4557875200e+08 
-7.0219500000e+04 
1.4071993064e-05 
-4.7821742859e+22 
1.7332644531e+33 
-3.5280317496e+24 
6.0129812727e+16 
-1.1820413134e+27 
1.0035231838e+29 
-3.9628748894e+00 
1.4257482730e+25 
-1.8348858952e+19 
9.3064014522e-40 
9.3358262159e+20 
9.6402450467e-09 
3.2613340590e+28 
-3.5687591570e-25 
-1.3965220926e+30 
1.3654700118e-22 
-7.2888309971e-14 
-2.2839667157e-32 
-9.8664811483e+33 
-2.5085303469e-25 
-1.0659456253e-01 
-1.1469796300e-03 
2.6757693440e+10 
4.9215714171e-08 
-5.6851467849e+31 
4.3697437371e+36 
2.8477314380e+37 
3.1661901596e-38 
3.4632413689e-25 
1.5956254825e+33 
4.0835459458e-09 
1.5042674156e+24 
-4.0804795794e-16 
-5.0320056637e-26 
4.5088765953e-32 
4.3017800000e+05 
-1.9382803939e-26 
4.4837489342e-32 
-2.8453468496e+30 
1.7730392938e+17 
-5.8872069546e-12 
1.2753388286e-01 
9.6813530462e-24 
7.6493825912e+00 
1.4099322864e+28 
7.7265807781e-18 
1.7336996813e+37 
-1.9257806574e+16 
1.9497557068e+02 
7.6778878804e+29 
-1.3748121600e+08 
4.2319248352e-17 
5.5604875088e-03 
-1.5446371721e-37 
6.2244306667e-33 
5.0482806531e-24 
-7.3563648000e+07 
-8.6918225861e-07 
1.9583179522e-10 
-7.0211849719e+25 
3.7653470585e+20 
3.1746005167e+30 
-3.0571904000e+07 
-2.8321132547e+18 
2.6498944000e+07 
1.9668502082e-18 
1.4757974921e+17 
7.3055952003e+21 
1.6146585180e-09 
-1.4889619818e+22 
1.1419612168e-16 
-6.5289523825e+19 
9.6265193335e-30 
-2.2153410407e-22 
2.0221785481e+38 
-3.1814386677e-27 
-2.4516992472e+35 
3.5676062993e-08 
-2.4826640984e+17 
7.2040146870e-16 
-4.8053278923e+00 
-8.0076926250e-32 
-6.6875305176e+00 
4.0254563192e-16 
-4.5070699609e+15 
-1.9501037325e+31 
-6.7652985879e-38 
-7.2654096276e+14 
2.4145024000e+07 
1.0354865452e-35 
-1.3663115084e-10 
-2.1176954430e+24 
-2.2140276571e-17 
8.0051835220e+18 
3.0780319334e+12 
7.4948857037e+12 
-3.5897770417e+19 
-6.1998714198e+21 
-1.3783665054e-07 
-1.0573077173e-36 
3.4697757500e+06 
2.5309558375e+32 
2.2731884708e-38 
1.3489753031e+13 
-4.9523966606e-14 
4.3041774633e+12 
1.4559101147e-10 
-1.4897364491e+35 
2.2012161183e-17 
1.6756362071e-18 
-8.8634692245e-39 
6.4072661424e+16 
9.3813465088e+10 
-1.5712561600e+08 
-1.6312616768e-25 
3.0919804502e-20 
7.1985312028e-23 
-1.8646484375e+03 
-1.6182337468e-29 
2.1512327791e+33 
1.7600025652e+31 
-1.4030694423e+22 
-1.0632472700e+24 
-1.7040916480e+09 
-1.0389518285e-38 
-8.9644921875e+02 
-8.9387506214e-37 
8.5248260915e-33 
3.3856992369e-35 
1.6057922991e-08 
4.1431258715e-16 
-1.2977542758e+11 
-3.2125841254e+28 
3.6992489592e-28 
5.0340300817e-08 
-1.0464215370e+17 
-5.7248743680e-20 
2.1964304629e-14 
-7.9467074253e-26 
-3.5547257412e-12 
3.6146869942e-09 
-3.9488140712e+14 
-1.7172591664e-28 
1.5423514404e+03 
7.8621990862e-11 
-5.2577713180e-18 
5.5489073077e-36 
1.4369450729e-18 
-4.9641890533e-16 
-1.3821752261e+36 
-1.9768698470e+11 
-1.1872530559e-31 
-6.0586133108e-22 
-1.2034380923e+12 
-2.2758195354e-24 
-1.3961842864e+37 
1.6157682864e-17 
1.0199498793e+25 
5.5678585057e+28 
8.0746713124e-38 
1.5109281557e+16 
-4.5635376000e+08 
1.8494623047e+04 
-2.6985707506e+19 
7.1348863783e-24 
-3.6679140555e+19 
-1.8781708372e-19 
-1.1256922857e-13 
8.2986378186e-12 
-3.2477960602e+11 
2.4493930856e+23 
3.3686174109e+17 
-2.1639066158e+32 
3.0148779858e-16 
-1.8507879075e+30 
1.3325358292e-25 
1.0591180800e+08 
-2.5091900000e+05 
7.6695460766e-28 
1.4272257686e-03 
6.5042068953e-13 
9.2720045313e-29 
2.9967168093e+22 
8.1645266713e+15 
-3.9184101669e-26 
1.4667821331e-30 
5.1318490008e+31 
6.3661820000e+07 
2.8276675184e+30 
-3.5661277500e+06 
3.6866869458e-30 
2.6675156604e+20 
1.1913298852e-13 
2.1425115000e+06 
-2.4851073173e-32 
5.5833903749e-21 
9.1337375066e+34 
1.2116428000e+08 
-5.2869164171e+13 
1.4241172214e-28 
-4.1452444676e+15 
3.2701590325e-09 
1.4460913379e+35 
-3.1112714650e+11 
-9.7251796605e+17 
6.1339108429e-27 
-7.0315602725e-23 
-1.8002035069e-20 
-1.3318400000e+08 
-2.2878141992e+22 
1.0879375623e-06 
-3.9791260564e-13 
-9.6546259110e+29 
-3.3818456369e-10 
1.1959341805e+33 
-1.2319098417e+30 
1.4839182369e-25 
-3.3530377259e+31 
-4.2492941614e-33 
-1.9194848669e-15 
-3.1313954966e-27 
-4.2946609653e+33 
2.5049190280e-26 
5.0156860806e-34 
5.5533906521e+17 
-7.8882381313e-13 
-3.9914707080e-32 
-4.6488887503e+17 
3.7679577340e-12 
3.4130055660e+12 
2.0375621109e+30 
-6.1472834065e-24 
-2.4427410030e+20 
-2.3113923549e+33 
-1.8273557359e+37 
9.8397155492e+13 
4.9232493550e-21 
-3.1944174221e+32 
-8.1777975017e+18 
1.1167007078e-31 
2.9767074222e-11 
6.5827955453e-18 
-6.7945590662e-15 
-6.8367400229e+31 
-1.2887487000e+07 
-3.1550829993e+33 
-3.8506304129e-14 
-1.5137353886e-34 
3.5928051210e+36 
4.8414698611e-16 
9.0461892957e-38 
1.3196126359e-24 
-5.2166098282e+18 
-5.4248124526e+29 
-5.0171538561e+31 
1.1482312111e-03 
-5.0583246094e+04 
-2.4204926000e+07 
3.0134438197e+28 
-3.8333050880e+10 
7.6582014017e+19 
-1.8230701904e+03 
9.8901287160e-09 
-9.3199556310e-18 
6.4350584934e-27 
4.6827835000e+06 
-2.5289929840e+24 
-1.8809045989e-25 
1.6655644559e-18 
1.2952678031e-21 
7.7426958814e-36 
3.6379374508e+24 
8.0619370773e-25 
-5.0414013231e-07 
-1.9141721725e+01 
-1.6863576759e-22 
6.6502682390e-39 
-1.3561603987e-38 
-2.1497343710e-32 
-5.0355267334e+02 
-1.3231464167e+38 
-1.0408041271e-04 
5.2532425691e-36 
2.6565627476e-09 
4.9616103093e+14 
3.0928698834e-03 
-5.3085713493e+37 
-6.4901168119e+31 
5.8162672420e+30 
5.7748635438e+26 
-1.0150462522e-14 
4.8139911725e+24 
-2.8020615629e+31 
9.5865922646e+27 
-1.1425997175e-17 
-8.4361590000e+06 
-2.9143231772e+27 
-1.4211616675e-30 
8.4736603784e+16 
-1.1093631045e+28 
7.3466555000e+06 
5.2731726843e-20 
-1.9741871332e-11 
-1.0606569704e-03 
-3.9295110491e-22 
-1.4841590138e-36 
-2.5241000095e+33 
7.0077413179e+19 
1.0234981908e+12 
-1.6983265378e+14 
-2.2429768926e+31 
8.7790446123e+30 
-2.0845646002e-35 
-3.7886085949e-32 
1.7208478758e+32 
-5.1705069568e+11 
-5.8211116800e+08 
9.2176512412e+32 
-9.5803660708e-22 
-8.2852049874e-12 
1.4714137438e+29 
3.3449676229e-32 
8.0801579096e-21 
1.3338609485e-21 
7.7568492188e+04 
2.4598321636e+20 
-1.8392365252e+18 
-2.3891111692e+27 
-1.5471903215e+19 
-3.6455161644e+15 
3.7706535116e-10 
4.8903736752e-04 
5.7862831454e-05 
-1.2981501944e+36 
5.7916062510e+20 
-3.8103135352e-22 
4.1032726876e-03 
1.9059361692e-38 
-2.2055407007e+14 
-1.6681367606e+36 
-1.7773229999e-08 
-3.0356524237e+12 
1.5229156932e+34 
1.2260816584e-33 
3.7329454790e-04 
1.0880084441e-17 
-3.7231923874e+18 
-7.8075016274e-15 
-1.2124093443e+18 
2.5253512947e+27 
1.4441486911e-16 
1.8615400559e+29 
-4.9260288782e+37 
-1.3826450405e-27 
-7.9446171904e-25 
1.0399768318e-19 
-4.1155221696e-33 
2.1993851362e-07 
-5.9887163341e-02 
-1.6822734707e+32 
1.3038572000e-08 
-1.4693502143e-33 
1.4311594311e+20 
-5.7184989564e-03 
4.3788799621e+28 
1.8597983131e-17 
-1.4347677961e-06 
8.2048693158e-37 
2.7199650711e-35 
3.1843292032e+27 
8.8597778841e-29 
-3.1153216241e-38 
-4.1649099439e-02 
1.2963555138e-36 
-2.3146002093e-07 
-4.0261287674e+13 
2.6837268417e-34 
4.5883472022e-10 
1.0641935916e+38 
-1.1794732155e-33 
-1.5799735912e+26 
4.0931578584e-20 
-9.1245716812e+19 
-8.5230293678e-39 
-8.3351587500e+05 
8.7591871120e-23 
1.7539873047e+04 
7.9702196842e-08 
3.1627372246e+36 
-4.6904601732e-06 
1.4590174083e+24 
2.0813239560e+37 
-5.7223811437e-32 
9.3207853885e-37 
-5.4502623243e-05 
3.2333373047e+04 
-1.0603739942e-17 
-6.5992934190e+22 
7.0421529719e-10 
-5.4659708419e-16 
-4.1590473178e-19 
-2.7046715064e+12 
2.3243391906e+27 
1.0125459931e+22 
            nan 
-3.2809675495e-28 
-7.4435326006e-19 
8.6800371901e-32 
-6.1785321830e+15 
1.0364420450e+29 
5.4952237664e-33 
-2.9326751709e+02 
-1.5206761615e+21 
1.7206798750e+06 
-8.2739566309e-09 
5.0834846545e-36 
2.4330299853e+15 
2.3487517500e+06 
-2.9280382000e+07 
-4.2785601758e-25 
-1.5029281706e-29 
-3.0425933655e-03 
4.8979241996e-08 
1.8871681548e+13 
2.5537257444e+26 
-3.5680311706e+11 
3.5511959076e+01 
-3.6156813049e-38 
3.2315754059e+36 
-5.6295891682e-07 
6.4724725499e+27 
2.0477930764e-33 
1.2274786304e+11 
-1.6253588402e-26 
4.6543099905e-16 
-3.9795343360e+11 
1.7149402797e-33 
-1.0179604412e+24 
1.1420334606e+30 
2.2231785115e-03 
1.7330089754e-15 
5.2569428226e-04 
1.1484463903e-04 
1.6359024273e-32 
-6.3048031520e-24 
5.4944949368e+29 
-6.7640465451e-10 
8.8366045013e-24 
            nan 
-2.0941454792e-08 
3.6216999452e-12 
-6.0471818658e+31 
-5.7512611860e+14 
-1.8432541064e+17 
2.1055529756e-14 
1.9040971200e+08 
7.6986394442e-17 
8.3297877518e+14 
9.2888054857e+17 
1.9335642103e-28 
-3.2733146667e+01 
-1.3251775310e+15 
-3.9528448588e+21 
8.7911438876e-33 
-4.0378456772e+18 
-1.2340927630e+23 
6.3580993344e-26 
-6.0304692015e-03 
1.2120238663e-32 
-7.0288414867e+14 
-1.3317878446e-31 
-7.8189921909e+29 
-1.3850583400e-06 
1.4469561105e-09 
-2.2000534400e+08 
-9.5262259449e-39 
-6.4867892525e+25 
9.4006787500e+05 
-3.7322589571e-20 
-1.5793250388e-11 
-5.5891621861e-23 
4.5275707758e-32 
2.0004174675e+21 
2.3316455433e-09 
-3.2914343461e+13 
-5.2334057432e-36 
-1.7855618160e+26 
1.3713476625e-25 
1.4771398182e-29 
3.1601532922e+33 
3.9892249600e+09 
-9.5760999110e-22 
7.5145973511e+22 
-5.6999537628e-04 
2.4187918467e+24 
-1.0266990080e+09 
1.7274692192e-27 
-3.9904877873e+18 
-5.3398859981e+26 
-6.6332739358e+18 
-2.4471696184e+33 
1.8093911245e+11 
2.3937557714e-08 
5.5874634780e-11 
1.0292460712e-22 
5.3982127391e-30 
2.4844483957e-26 
-4.2408924324e+30 
9.8867578125e+02 
-4.5403487697e+25 
-4.8985976442e+28 
-4.7596815378e-11 
            nan 
-4.9799109136e+32 
9.8028500000e+04 
-1.0930308791e-26 
-1.1496751995e-08 
-2.3519439697e+00 
2.4647861719e-03 
-4.9484924602e-08 
-4.4376313958e+26 
3.1381280000e+06 
-4.1763521947e-19 
1.1299481600e+08 
-1.3922033823e+20 
-1.3143813594e-32 
-2.4225831032e-02 
-1.2026648619e-06 
1.5291096459e+25 
3.0442511887e-34 
1.7384005734e+34 
-1.2026587501e-04 
8.8327199536e+18 
-1.8305235799e-13 
-3.7338618412e+27 
-9.6963064000e+07 
1.4758663946e+12 
3.3401691837e-15 
2.3394106328e-01 
7.8725420705e-19 
8.7414040105e+23 
-4.0287445383e+29 
2.7458672913e-22 
1.1060556571e+20 
-2.6202617114e+29 
2.6506451573e-30 
-4.8114004035e-26 
-1.7829641763e-07 
-2.3295430384e-27 
7.5039635769e+36 
-9.9564993680e-23 
3.5959812743e-20 
2.9737798031e-03 
3.0822766130e+26 
2.7325894328e-33 
2.5832215117e+22 
-8.9770503574e+22 
3.2565985280e+09 
5.9860213106e-35 
1.3452224136e-24 
2.3072402655e-08 
2.0868992000e+07 
-6.6210546947e+37 
2.1522941204e-29 
1.5291200901e-25 
-7.3293080035e+13 
8.6666708279e+19 
5.5156879701e-17 
-4.9562868498e-25 
1.1445044626e-35 
-3.2804194916e-09 
2.2770778944e+27 
9.4075234910e-23 
4.7375351642e-08 
-1.5365962728e-27 
-4.3064689636e-01 
5.9256798687e-15 
3.8423277960e-16 
-3.3117499313e-19 
-2.5794543035e-07 
-2.7187706134e-23 
6.4109481612e-13 
-4.0113576158e+37 
-3.8595147080e-32 
-2.7715769069e-35 
-2.1869596094e-04 
-1.2801040043e-28 
-4.3111071645e-35 
-7.2799614318e+23 
-4.3652190709e+24 
5.4612467674e+16 
1.4053877592e+00 
-1.3350187801e-02 
-5.6091702855e+23 
9.7975498201e+27 
-9.5765796279e+23 
5.8781401968e-10 
1.6597239784e+38 
-5.7144458406e-03 
2.7349343276e-11 
6.0992511451e-25 
2.9873082042e-01 
-1.3534270693e-05 
1.8946701177e-21 
-6.7884892800e-32 
2.8442286748e-08 
1.9426587260e-26 
1.5064850450e-03 
1.4812278096e-05 
2.7488019083e-17 
1.2282672314e+36 
-2.5818445074e-31 
5.4869689941e+00 
-6.9238989190e+22 
-9.3706760610e+36 
4.3396243588e+37 
3.3831517349e-31 
-6.7578288608e-34 
-3.5347046400e+08 
-7.4337480879e-20 
-3.2244111722e-29 
4.1255699710e-27 
-8.2833539085e+32 
4.6013517044e-27 
1.7259558098e+33 
2.0884788455e-18 
-1.9717994598e-13 
4.2922254652e-02 
-1.1135677036e-14 
2.2557715847e+16 
-3.8135043734e-11 
5.5402225813e-19 
1.3084063744e+10 
1.7793266724e+24 
-5.2481720148e+25 
5.6974944000e+08 
-3.3829437122e-17 
-3.3929753192e-22 
7.4866848693e+24 
-5.2898816000e+08 
-2.2107192643e+35 
3.8804995973e+21 
-1.4267969197e+28 
-4.9585971200e+08 
7.1702743298e-07 
-4.3727041926e-20 
4.1206240000e+06 
3.3665262163e-04 
-7.9648130157e-25 
2.4901939200e+08 
-2.2323930766e-33 
4.8729109081e-28 
-2.2462343750e+03 
1.5967825148e-37 
5.3777200000e+05 
9.5540259009e+14 
1.9326826858e-19 
3.8297576904e+00 
-2.4400887748e-25 
-7.3798745871e-01 
3.4084112835e-26 
2.1707207267e+19 
-5.1486875819e+22 
-2.8636862407e-04 
-5.2959397241e+20 
-3.8854873672e-17 
1.2671177119e-21 
2.9156848805e-35 
6.6222698655e+24 
2.8524017664e+10 
5.4237916160e+09 
1.7830614101e-13 
7.2972902672e-06 
1.5102030823e-25 
-1.8474050204e+14 
-1.9801784320e+09 
-5.5774438151e-26 
-6.2025549141e-09 
-2.8421823117e-08 
-7.5005341684e-29 
-2.7380356426e+29 
1.6262372874e+24 
-3.3298803891e+28 
1.1326181944e-33 
3.4780420580e+32 
-1.2670563890e+34 
-2.7329454973e-25 
6.9590108163e-30 
4.9937920900e+30 
2.3769289488e-14 
1.9470917323e-07 
-3.8003963709e-07 
1.0212777470e+28 
3.3746326400e+08 
-2.6242228876e-11 
5.7703254372e+24 
7.1058197021e+02 
-3.9287028809e+03 
-1.9959836043e+27 
3.6714220655e-36 
5.8976283981e-06 
3.2913568316e+19 
-1.2337874207e+12 
-1.0980504000e+08 
-2.8385837438e+32 
6.6295088603e+31 
4.0353267670e+01 
5.3271048603e-20 
4.0323213735e-26 
-7.3220866785e+20 
-5.4166551679e-02 
1.4554742448e-22 
2.8364008223e+20 
-3.7559615141e+37 
-1.0940527211e+31 
1.6187824970e+23 
1.1104354858e+00 
-4.4766853666e+26 
8.8619581668e+20 
7.3184125426e-10 
1.4018362583e-29 
3.6974807298e+27 
1.0612572160e+10 
-1.0772992466e-35 
-3.5038828664e-28 
-6.0259424117e-09 
-7.5357874339e-18 
1.8623914276e+21 
-9.2896646261e-01 
-4.0411747200e+08 
3.8102449507e-18 
-8.2368505600e+08 
1.6980280556e+21 
-9.4483755220e-07 
3.8062308563e+34 
-3.2905787862e+38 
1.8900560549e+22 
-1.4227554502e+34 
8.7812161098e-08 
-6.5654110835e+27 
-3.9434704527e+28 
-5.3137767624e-12 
2.5183893740e-04 
1.7627357907e-12 
-1.2458814304e+20 
-1.6269680532e-38 
-5.0695518894e-09 
1.1849776269e-23 
-1.3753864914e-04 
1.0360059061e+30 
1.7184885706e+16 
1.3723970764e+37 
7.5561529187e-32 
3.7421244744e+13 
-1.4882880000e+07 
1.7512769013e-11 
1.2617961363e-11 
1.6925706295e-03 
-1.9238102069e+15 
1.1151441537e-16 
-9.4369161161e-06 
4.7378061772e-32 
1.8806945280e+09 
-6.6923427734e+03 
3.6025274184e+19 
-7.9353111042e+30 
2.5405266715e-22 
-1.9451277663e+25 
-1.1171238575e-18 
4.6088429691e+15 
5.2006779834e+29 
2.2450892800e+08 
9.4535910070e+31 
5.7893031017e+23 
-5.0461601950e-24 
-5.0138697207e-29 
1.8750824669e-34 
-4.7786443247e-08 
-1.9672279450e-07 
-9.2657534314e+23 
5.8249270296e-08 
9.4196206391e-11 
1.2623280000e+06 
            nan 
2.9728983290e-31 
-6.4550509559e-26 
1.9059078260e-35 
7.5045932617e+03 
3.0334824101e+38 
-2.3286458412e+27 
-1.9819000367e+34 
7.0316367599e-32 
-2.0016038213e+30 
1.5859826632e-24 
-8.2285243914e+37 
8.6118647596e-04 
1.4302742914e-16 
3.4061670216e+36 
9.1064445332e-35 
2.3445940124e-31 
9.8159457279e+29 
3.9522193359e-19 
-2.1795532227e+01 
8.3721191406e+01 
-1.0872317542e+11 
2.6152848589e+11 
2.8078735352e+01 
4.8123644827e+17 
7.0668022545e-09 
3.2678964956e+27 
1.9897144330e-26 
-1.4064912560e-38 
-6.1424331698e+34 
3.7388041615e-01 
-2.0405969616e+18 
-1.9601743963e-24 
-2.0580161575e-08 
1.9492525834e+12 
4.9806722556e-30 
9.4980916141e+23 
-4.5858778810e-15 
-6.8808874131e+13 
1.5403740024e-13 
-7.8769082379e+28 
-1.8850597048e-34 
3.1137115026e-30 
7.1249072266e+03 
1.6770238034e-15 
7.5898477808e-03 
8.9898531260e-33 
-2.8341093758e-17 
-9.9321672368e+13 
1.0629651562e+05 
2.0282580566e+03 
-1.3471767303e-37 
-8.5300714523e+25 
-4.2160260655e+15 
-1.0467706248e-02 
-1.0181675898e-15 
2.4706426390e-33 
-8.5979709060e-35 
7.1177974343e-02 
-1.7558916000e+07 
2.4114187836e+15 
3.7313021609e-38 
5.6074831024e+16 
-8.6507440186e+02 
-1.0234497820e+34 
3.7322893302e-19 
-1.6039966345e+00 
-2.7286016464e+01 
2.8877116274e-03 
4.0626274119e-38 
1.1930837954e+23 
6.6223665440e-10 
-5.0526281028e-33 
-2.6243434650e+14 
4.8222206250e+05 
1.2118115841e-19 
5.0639547662e+13 
1.7215704346e+03 
-3.0997854614e+02 
-5.6713551872e+10 
8.9707918960e-06 
7.7039216640e+09 
8.9156732612e-31 
1.7006802988e+37 
-1.9709195556e+28 
1.7164790477e+24 
-2.1578016850e+19 
8.6262029060e-29 
-1.1854066849e+01 
-8.1948458417e-25 
1.6904017429e-19 
1.6350872551e-16 
1.5442746226e-03 
2.3662284017e-01 
-1.0508564453e+04 
-5.6832739403e-08 
-1.0146914304e+11 
-5.6424452911e+36 
6.8801824682e-07 
-8.8266418160e+13 
6.2008406250e+05 
1.6506464598e-11 
1.0059603284e-07 
2.4613865317e+22 
2.0714263916e+00 
3.3110614340e+24 
-5.7518773247e-06 
-5.0451508567e-33 
2.3293168845e+11 
8.3587493109e-33 
-1.2067057007e-29 
3.4901429219e+34 
-2.4812610307e+26 
-1.0970441320e-26 
-3.3729935360e+10 
-2.6260865278e-15 
-3.3620073567e+28 
2.0450471316e-37 
-4.3189368066e-20 
-4.7659904480e+01 
1.7540846013e-38 
8.0545197534e-07 
7.9907653512e+17 
1.7512722343e+37 
8.9754118288e+36 
-2.6517508551e-02 
7.5134852950e-30 
-2.4714930602e+17 
-1.3883503561e-04 
-2.0609055302e-14 
-8.4707747994e+20 
1.7633632135e+19 
4.0639246094e+04 
-2.2633074224e-01 
1.4331582178e-24 
9.0190165669e-35 
7.4599116837e-27 
3.8892260112e-25 
-8.5280227415e+18 
5.2809565916e+23 
-1.7260644800e+08 
5.3588518172e-12 
-2.1679361480e+15 
-2.2498717500e+06 
7.2221750734e-16 
2.1692357721e+22 
-1.6416165323e-36 
4.6406640597e+17 
4.4631353983e+14 
2.7844033745e-09 
-3.6956711432e+32 
4.6938876000e+07 
2.5969204065e-21 
3.6626261015e-21 
1.7426130539e-09 
-1.7159098438e+05 
5.0461692800e+08 
-1.8267954217e+12 
2.2016385803e+21 
-4.0002723108e-04 
4.0985230070e+20 
-2.7800466309e+03 
-2.3973013394e+34 
-1.9559479296e+10 
2.1621893856e-34 
1.5448484079e+28 
1.3591510732e+19 
-2.3698345695e+35 
2.7189589586e-19 
1.8257969929e+30 
3.1486540681e-17 
1.1027433355e+27 
-5.4434318542e+01 
-3.8643910400e+08 
-5.0238594784e-20 
-3.7154195200e+08 
9.7133622352e+23 
1.3859024648e-06 
4.8190797832e-33 
2.7312955813e+34 
-6.9478477988e+15 
-6.8461375345e-39 
-2.9337028362e-09 
1.3891639404e+03 
-1.3439294733e-15 
1.3472123341e+20 
-1.4064239281e-17 
6.7513173755e-27 
-4.4474980235e-01 
9.0978492188e+04 
5.1896329830e+11 
1.4680472022e+16 
-4.3175892894e+24 
-1.1028022245e-10 
7.5932687521e-01 
-6.5590637088e-11 
5.4976454333e-37 
5.4529609963e-22 
-5.6184874729e+13 
2.3819976000e+08 
5.5749833336e-06 
1.4205316995e+23 
2.6524501209e-06 
1.6179480199e-15 
4.1250286011e-30 
-4.9671542003e+24 
4.1954122356e+19 
2.4159817417e-14 
2.0697838750e+06 
5.3312955000e+06 
-1.4788605997e+25 
-7.7279375943e-30 
-2.3717649460e+01 
6.5466108000e+07 
2.6650827143e-20 
-4.1570883846e-33 
3.9055014967e-38 
-2.2498987562e-07 
1.1206769198e-01 
2.4049336199e-13 
-1.3222557068e+02 
-5.2548193550e-38 
1.1130965795e-35 
-8.8473572912e-10 
2.5785198149e+31 
-5.5841219364e-06 
5.1481859601e+33 
1.1660244812e+14 
-2.5917015098e-41 
-2.5630273945e-11 
-8.3080641985e-33 
-1.4953166114e-23 
8.0218492188e+04 
-1.0104268000e+08 
-4.8228825190e-22 
-9.1067622634e-06 
-2.5106552902e+27 
4.6051371361e+24 
-6.6326487667e+21 
8.5670900975e-28 
5.3174246094e+04 
5.6115222454e+23 
-2.0929028749e+24 
3.1746919695e+33 
-1.0417970560e+09 
-2.9654071909e-07 
-2.2782898460e+21 
-4.2208985178e-06 
7.6549918853e+34 
-1.3347441725e-33 
3.9447328776e-24 
8.1276924949e+15 
2.2922594471e-21 
2.8904371840e+16 
-4.5026710590e-36 
-4.5604447234e-19 
5.0861558520e-06 
-2.3594215511e+19 
5.8384781454e-08 
-2.9967496395e+00 
6.3058410768e+36 
1.7434960799e-29 
-7.7363470336e-04 
1.8588843011e-23 
-2.1764827563e-17 
-2.5696674306e-20 
4.5257468000e+07 
2.1600849478e+15 
-6.0154719353e+00 
-2.4715659163e-32 
2.2334159793e+21 
-3.2600568375e-04 
1.8813115344e+38 
3.9537833072e-03 
8.1027323517e-08 
1.3103532378e-27 
-3.4220293920e-19 
-4.4802712694e-29 
-1.9226951904e+03 
6.8148761251e+25 
-9.0396867238e-14 
3.2290974458e-34 
-1.9522959638e-10 
-1.0080884282e+37 
1.2792919359e-27 
2.4097062654e+28 
-2.5150761133e+31 
-2.9427940323e-19 
-2.3545682430e+00 
3.2883012550e+34 
2.0868253702e+26 
2.3179453718e-33 
-9.9403509521e+02 
            nan 
9.6406850815e+00 
-6.7261428334e-24 
-5.1564530475e+34 
-2.4511403689e-29 
1.7902047729e+02 
-5.2609643899e-04 
-2.5515760171e-06 
-5.4719983858e+37 
-2.2905712171e-07 
-6.2566266187e-13 
-4.4362492000e+07 
8.1503536488e-36 
-6.4316101056e-11 
7.6225751082e+36 
1.2498705079e+28 
-1.6616860390e-26 
-1.2720464326e-07 
-3.2528799777e+35 
-1.0429637909e+02 
-9.6355732400e+29 
-1.0747485156e-33 
1.3503652553e-05 
-9.5181483930e-27 
-2.8614402057e+24 
2.2599068058e-19 
2.9120829899e-24 
-1.3332432814e+12 
1.3688004472e-30 
3.5781453698e+21 
9.8782456917e-06 
-2.4033735002e-08 
1.3922614244e-06 
2.7370695971e+37 
7.3892525432e-10 
-2.2518634042e-36 
3.1189105257e-23 
-3.7478967514e-15 
1.6959692776e-31 
1.9827542802e+31 
-8.0573242912e-36 
6.7135474024e-37 
4.8161845293e+35 
1.0409413837e-02 
-8.6704723537e-02 
-8.3043283224e-01 
-1.1621369074e+20 
1.5316250210e-04 
5.2717538757e-19 
8.3396608395e+27 
-3.9244010708e-08 
-5.4336206581e+19 
6.4968053741e-21 
4.9585201263e+01 
4.3109484616e+24 
-1.1417932572e-10 
1.5178479436e+13 
7.7037591836e-05 
1.1359603137e+27 
1.2203682494e+16 
1.5305823355e+22 
-8.4495320607e-07 
5.0537593809e+37 
8.5946703280e-24 
3.1954636082e-31 
-2.3471912419e+24 
2.3121517609e+12 
1.1010858154e+03 
3.6535222518e+15 
9.5417781507e-23 
1.2350647173e+13 
-7.0539240837e+00 
-1.3618213028e+14 
-5.6692152136e+19 
-1.6326073094e+38 
-1.1146671052e-19 
6.2888432617e+03 
2.1504585675e-05 
4.9885106435e+21 
-9.7043369108e+37 
1.6243981160e-10 
-2.3407702589e+26 
-3.1183375719e+18 
7.6379379272e+01 
-6.3782038689e+00 
-1.3932127380e+02 
9.8564492188e+04 
2.0990869247e-21 
-1.4107265997e-05 
7.3096037686e-13 
-5.4761820227e+31 
3.3565658550e+31 
-1.0685776919e-01 
1.2606045184e+10 
-3.9364254761e+02 
5.6298368000e+09 
3.4934239914e+22 
-1.6785109206e-21 
-5.0807748018e+34 
-1.1032012000e+08 
-6.5052437211e+24 
3.0919909313e-22 
4.3466211563e+36 
-1.7941964104e-12 
1.6213839875e+31 
-3.3564328714e-34 
6.1954562458e+12 
5.7184955000e+06 
-6.1857780909e+19 
5.0547871680e-16 
1.7082492612e+16 
-1.5238204239e-24 
1.2864195824e+01 
4.1944475860e-23 
3.1847873047e+04 
5.6848281600e+10 
2.3899873047e+04 
-1.3358399910e-14 
-1.8926954277e-30 
1.0229880962e-38 
-1.1166793639e-14 
-1.6850542234e+37 
4.2544706148e-19 
-7.3818824008e-26 
2.0909989296e-09 
-1.7149214720e-13 
1.3651645648e-21 
-1.7079438750e+06 
2.9782424357e-12 
-1.3438125091e+34 
7.0020295680e+09 
3.3545254260e-17 
-6.8214037758e-38 
8.1455009897e-26 
-7.5883548843e-39 
-3.8195988536e-01 
-2.5962511091e-17 
5.1334615797e-02 
-3.3782630055e+16 
4.6722791263e-32 
2.5567075924e-26 
-4.6043674244e-14 
9.1936338880e-33 
2.3356864000e+09 
-1.0547325817e-12 
1.4452850874e-29 
2.3855528946e+22 
9.6049305081e+22 
1.3596486843e-16 
1.2522797788e+21 
-1.9751480332e+33 
3.9433928874e-36 
-3.0413549418e+29 
2.1609646017e-10 
-1.0894953273e-02 
-7.8203149745e-29 
-3.3948358935e+13 
-5.3617444675e+25 
-2.9885994070e-29 
2.7409952065e-26 
-1.7722653918e+21 
-7.8031388620e+14 
7.5836209726e-16 
-5.4362230448e-16 
-3.2341521920e+09 
1.2277540407e-07 
1.5270022949e-29 
-5.2142634392e+00 
1.4559546628e-15 
2.9780637500e+06 
-5.5343441982e+14 
2.1202185927e-17 
-6.5394824157e+16 
8.8091833642e-20 
            nan 
-4.9996207280e-28 
3.5905512130e+16 
-2.7213442101e+23 
2.6072373047e+04 
1.7477352135e+22 
1.0814542064e+24 
-3.3091491247e+30 
-9.0505103026e+33 
-1.0414397141e-16 
2.4272013607e-29 
1.0044692984e+38 
3.9657267200e+08 
-1.8179062903e-25 
-5.9923847297e-14 
-7.9195921037e-19 
-3.4118941886e+17 
-1.9027878814e-23 
-2.3340771484e+03 
-3.7360990047e+00 
-1.8035838000e+07 
7.0111629801e-22 
-9.1268014505e-31 
-1.1181288792e+27 
-5.9897661209e-02 
2.4889131008e+10 
4.5893944318e-34 
-3.4615031790e+32 
-2.6198063922e-30 
1.3189578752e+10 
8.9624952632e-27 
-1.5341696203e-22 
1.1252939701e-02 
-3.3137332686e-34 
5.1011936955e-27 
1.0723021776e-10 
1.6164238750e+06 
-7.1834147538e-34 
1.1764684000e+08 
4.5527900804e+29 
2.3230619380e+26 
-1.7105322331e-04 
6.2144536059e-06 
-5.3473825235e-17 
-1.1356719271e-23 
-4.8575324204e+17 
-1.6518993976e+16 
-2.5501812025e+25 
1.6940402754e-28 
-1.5183252825e+19 
-4.5800562809e+32 
-3.3075593819e-07 
-1.3530495835e-08 
-3.5396928374e-27 
-4.7390596792e+12 
-2.2557587316e+36 
-2.1681717248e+11 
6.5152460895e-20 
-4.2083979352e+15 
3.0440474158e+35 
1.2590433386e-19 
-9.6901059151e-03 
-1.6440640000e+07 
1.5049095459e+31 
1.5924939246e+31 
-1.0525478736e-13 
-9.1043932647e-14 
-1.9327625000e+04 
-4.6165146382e+26 
-1.6768603834e+37 
1.4296553872e+18 
-1.2499718142e-17 
3.9310674401e-25 
5.8378331095e+12 
1.4529677500e+06 
1.2561656599e-17 
1.0319959163e+12 
-6.7275718359e+25 
-8.1575291993e+28 
-2.4134675542e-28 
-3.6659228547e+29 
-2.6473492936e+17 
1.6148769166e-16 
-1.3095693495e+36 
3.2840321135e+28 
1.6756547645e-21 
6.1392681202e-15 
6.4548753906e+04 
-5.2927867955e-07 
-2.3756062222e-14 
-2.0274048673e+29 
-3.7528942847e-35 
6.6421090850e-11 
1.0834164057e-26 
-8.6842073597e-21 
-3.2872699521e-33 
3.4417212040e+19 
2.4460391222e-28 
3.4714020571e+33 
8.9966304600e-02 
4.3782747648e-32 
4.3305103838e+18 
2.0596840000e+08 
-2.5316251200e+08 
-7.1555621986e-29 
3.9533348978e-34 
-3.3391344644e-21 
-1.8682877935e+22 
-8.1109332104e+16 
-7.1373283863e-03 
1.1171277046e+13 
4.3515961043e+14 
-1.9630468471e+14 
4.7837644956e-10 
4.6040331426e+15 
-2.6759430968e+30 
-2.1122832796e+37 
-2.8227212209e-24 
1.2129660802e+38 
9.7561936125e+20 
-1.9204158067e-24 
1.6102796714e+30 
-1.9013287856e+27 
-4.5554156560e-26 
-1.1947420715e+21 
-8.5070454784e+10 
1.4934499098e-19 
-3.1697506245e+14 
6.9474496465e+24 
-1.2442259324e-26 
-6.9787478205e-14 
-1.9222659616e-22 
-4.7122381024e+30 
-2.9373515547e-28 
-1.0041695439e-24 
-3.0819305289e-20 
-1.9979500578e+21 
4.2277016485e+18 
6.1739780222e-07 
-1.0095747571e-09 
-9.0083298384e+23 
-8.6271329565e-06 
4.5236883683e-10 
-2.6292408943e-39 
-4.0535166860e-01 
1.0273255348e+01 
-1.8504457157e-30 
-9.4759811976e-15 
-1.0613400800e+08 
-1.2794793768e-23 
1.3637531200e+08 
4.7999454605e-17 
-2.2032601521e-07 
-2.2158931188e-06 
-1.3357227542e+21 
-7.9134262401e+15 
5.5491055153e+37 
-3.5916683675e-19 
-1.4792528116e-30 
-9.0436638561e+26 
-1.7370067112e-22 
6.5153933804e-08 
7.5503392688e+22 
-2.7913171952e+19 
1.9444441641e-33 
-3.6022781167e+27 
5.9408597704e-38 
1.2547668139e-37 
2.4691104889e-01 
2.1149715905e+21 
-1.5056590400e+08 
-3.2476414536e+16 
4.8300207492e-29 
-1.0293194654e-30 
6.4824916760e-20 
1.9222317071e-09 
9.5025089104e-04 
3.8989695631e+20 
-5.5088901718e-05 
5.0351056657e-09 
-9.9967265368e-12 
5.0191945826e+20 
-2.2061979200e+08 
-1.3768389007e-33 
2.7066056473e-29 
-1.5519036254e+18 
1.8393086319e-20 
1.0108666491e-30 
-1.9467676711e-13 
1.3458128000e+08 
1.0333473152e-18 
-5.5504412177e-10 
9.9208343058e-26 
5.4358134249e-17 
6.0751198578e-37 
6.1749244651e-07 
8.7828629460e-14 
1.6437405469e+29 
1.5997545719e+00 
-1.8704515011e-30 
-1.1899901927e-01 
-1.0431001250e+06 
-2.3946937128e+36 
-2.7333805869e-36 
1.0899269768e-12 
3.7327479996e-10 
3.4910969031e-39 
8.7066306044e+36 
1.2442181304e+25 
-7.0798745970e-16 
-2.1374501562e+05 
-9.0660556800e+09 
-7.0410470963e+00 
1.5687982773e+32 
1.9358620800e+08 
8.2627036519e+24 
5.3849690085e-32 
2.4747186716e+27 
3.7015831566e+25 
5.9955372782e-29 
-1.3971902524e-09 
2.9781073754e+38 
-2.0611034309e-13 
-8.7694812798e-20 
-2.9504209375e+05 
-4.2598930439e+29 
-4.8723613138e+19 
-8.9126257226e-03 
-2.2572269034e+24 
2.0677419483e+24 
6.5372582400e+08 
-1.4033900536e-36 
1.6662517810e-17 
-5.5453048844e-05 
-4.7038835456e-23 
-6.5863057206e-23 
-2.0764368000e+08 
2.4848470394e-30 
-2.6185031505e+32 
1.3898951431e-18 
6.4189753906e+04 
-3.3942125369e-13 
1.1747740831e-29 
-6.7161233662e+32 
2.5818651823e-14 
-1.3249031900e+15 
1.0182371586e-26 
2.1040893075e-20 
-1.4783066009e-24 
8.2153182940e-37 
-1.4563762500e+06 
6.8542790906e-34 
-3.1060475491e-22 
2.4851300567e-20 
-3.3786271352e+27 
3.3682563407e-31 
2.9474880314e-09 
-5.3378034336e-27 
1.4649853952e+10 
-2.1296397663e-18 
-3.9236898766e-17 
-3.8779173357e-27 
-4.6614474990e-21 
3.4517923765e-31 
-3.9387204101e-16 
-1.8331850881e+18 
-1.0607146864e+34 
4.8470085000e+06 
8.7120449543e-01 
3.0866596799e+17 
5.4432661636e+25 
-1.2869949670e-20 
-6.0341561039e-05 
2.4795838784e+19 
8.7753773432e-13 
4.7579344000e+08 
-2.0537385301e+28 
2.4949933847e+29 
1.8427915783e-31 
1.4783888895e-20 
-9.5883767760e+29 
2.3936788070e+11 
6.2028077036e+36 
5.7056420939e-25 
-4.4241965583e+27 
2.1323801661e-16 
6.5057534354e-29 
1.6393369275e+18 
-6.0095944980e-31 
-1.7196732319e-12 
-3.2802615262e-34 
-2.8172181273e-24 
4.4178570323e-35 
4.2793857911e+32 
1.0286076289e-25 
4.6325953186e-32 
-5.2980763175e-37 
6.6103439167e-08 
1.5936647950e+15 
-4.4929742813e-02 
-9.2851196745e-35 
7.1199899392e-22 
2.4491139483e+20 
2.8928339998e+31 
6.5908564880e+21 
-2.5586489301e-06 
-6.8357243538e+00 
5.0890748389e-03 
-1.8161585083e-11 
-9.7509936580e-38 
4.0044544681e-17 
-1.5203324556e+00 
3.8979738164e+27 
-1.6143563162e+11 
-5.6682817383e+03 
5.2177678631e+13 
-2.1119748602e+37 
-1.1655918750e+06 
-1.7082151198e-28 
-1.2931658782e-14 
-4.9523929907e+13 
-2.2509364196e+24 
-1.8401781055e-22 
1.0712736328e+27 
-4.0566388037e-20 
1.1129408421e-30 
2.9753463007e-28 
6.6724827136e+10 
-1.5419400479e-10 
4.2495839825e-29 
2.3361118511e+33 
1.2385459322e-19 
4.6674640464e-22 
-1.5154366785e+34 
-2.0804418455e-07 
2.3256172120e-38 
3.5399941262e-03 
-4.9691159236e-30 
2.2811769085e+27 
9.8918089643e-03 
2.3062628305e-28 
-3.0951792283e+30 
1.4096908373e+16 
6.6356567383e+03 
5.7810809169e-38 
-1.2655057653e+26 
3.8363403125e+05 
2.7297126953e+04 
1.9489040139e+33 
-9.7480042800e-27 
-7.4131046527e-28 
-1.2711762535e+34 
7.9612470799e-33 
4.2063164893e-20 
1.1272928812e+33 
-7.4830949306e-03 
-1.6364992112e+25 
2.8311520000e+06 
-6.8380631019e-14 
-1.1179680293e-08 
3.0651528888e+17 
1.4353798884e+35 
-1.9605732712e+26 
8.3137643969e-07 
1.0816941277e+17 
1.8079640344e-02 
-1.5939228535e-28 
-9.7754249140e-11 
2.2722097078e-24 
-3.7280149197e+22 
-1.0777666749e-38 
-2.6019927439e-28 
1.9680991506e+18 
-2.4224631425e-16 
-6.8757609537e-27 
-9.7685789079e+34 
-5.7117649942e+17 
-9.8120537571e+23 
-1.6474380493e+00 
4.7858377959e-16 
1.4686858772e+12 
-9.9719265899e+19 
-4.1514751706e-14 
-4.4516676362e-33 
2.3531625000e+04 
2.2942507438e+21 
-8.6183547974e-01 
-4.9927927995e+26 
2.6518634101e+29 
-1.4608282555e+37 
1.9126118379e-29 
-9.2030309759e+31 
-1.5015189092e-05 
2.2651420295e-07 
-4.3824739711e-22 
2.6001078387e-20 
-6.3655750000e+04 
-1.5025013656e+30 
4.0857500244e+19 
-1.0977039459e-36 
3.4718132019e-01 
-1.9802003302e+23 
8.5521672520e+37 
-4.7772750000e+04 
-3.7544554881e-34 
-2.2714942438e+30 
-1.4713919886e-27 
-6.4019568750e+28 
-6.5089276000e+07 
-2.3666024025e+30 
-4.1447512334e-31 
7.8459683614e-29 
2.8233779434e+23 
-9.0787864568e+24 
-4.3467363058e+30 
1.5866895812e-24 
-2.1073217303e-28 
-1.4733352661e+00 
9.1576163296e-31 
-2.2982253790e-18 
2.7316284661e-34 
1.7395615578e-02 
2.3380554516e+26 
7.9609108617e+15 
1.7914672805e+17 
-6.1926246094e+04 
5.5504253485e-33 
1.7128291566e-15 
-3.8020742188e+04 
1.1241215200e+08 
-3.2484868995e-19 
-3.0335159866e-33 
-1.2746019826e+16 
-1.5074785453e+16 
5.3953146562e-05 
-2.4910512045e-32 
-3.1644412640e+36 
-6.3104751889e+15 
4.5131361329e+25 
-2.1269376000e+07 
8.8986444893e+21 
-1.3928671875e+03 
5.4063415527e+00 
-1.5449414047e+36 
3.7092575008e-34 
-2.9044552935e-34 
8.9035345497e+17 
4.7301904260e-07 
-3.2806750649e-09 
-1.4070324974e+22 
-7.3067848424e+27 
-7.8046316633e+30 
-2.2958166491e+36 
-5.3253412247e-02 
4.4099447504e+31 
9.8095874048e+36 
2.7328743259e+21 
7.2042435609e-38 
-1.1068348680e-20 
7.1490859985e-01 
2.5837780532e-23 
-3.1296636192e+20 
1.4819311523e+04 
-3.3260580152e-02 
-1.5822144272e-27 
-4.0901650017e+15 
-1.0094498547e-36 
-1.4315909848e-20 
-1.9382026465e+28 
-1.1189030019e+22 
-2.6280188692e-08 
1.0399181485e-17 
-2.5111799792e-11 
-5.0882383536e+21 
4.4614617059e-26 
-2.0687357090e+25 
-8.2849490362e+28 
-3.3967832231e+25 
-1.5902701766e+19 
-9.5648218121e-05 
-8.9460882841e-30 
-4.7042718720e+09 
-9.6705040718e+14 
-4.0824284952e-05 
1.3638785815e-15 
-6.0903556824e+01 
1.6851247132e+25 
-4.5599277319e-29 
4.5240307617e+03 
-8.4534213838e-19 
2.2274142157e-38 
9.7540915486e-16 
-5.4536791895e-37 
7.4509796998e+20 
-7.8156142821e+28 
-5.3542278250e-11 
6.1683815147e-05 
-3.2961888028e-18 
5.0320131865e+30 
1.3297263269e-34 
5.4259979082e+27 
-1.6873629440e+09 
-9.1594409333e+18 
-2.2283712283e-14 
3.4229503896e+31 
-4.1415738881e-36 
-1.3158476975e-07 
-1.9389444638e+26 
-4.7627225423e+30 
-1.5974823028e-23 
-5.5929377984e-15 
2.2656453051e-27 
4.5790461211e-35 
-2.9625479133e+15 
6.2786696694e-25 
-5.6001857746e-14 
6.7868432617e+03 
-3.1396281430e-24 
-4.0017798623e-18 
-2.6879421440e+09 
-1.2006283760e+01 
9.2452980815e-35 
-2.5920511397e-12 
8.2533194905e-38 
-9.7005356245e+30 
-1.2814100981e+00 
8.5057862183e+18 
-4.2257800973e+16 
-4.4046719050e-10 
-1.5161609235e-26 
1.0494783000e+07 
-2.7409739409e-11 
1.0931901924e+21 
8.7342027109e-04 
-4.7684558328e-15 
9.2664621553e+26 
1.6849045744e+26 
-2.6942918911e+19 
-8.4832489014e+01 
3.3573198767e+20 
-2.6820438271e-36 
-9.8857934878e+19 
-1.8612442125e+18 
-1.2858741758e+18 
-9.8771274090e-01 
-8.2220470000e+06 
-1.4171893430e-30 
5.9359347820e-01 
2.9047371094e+04 
8.8401271045e-34 
-2.5670906373e-11 
-1.9313689567e-31 
5.8147209167e+01 
-1.3825549567e+34 
8.3783865524e+37 
-2.1059875507e-05 
-3.4916330897e+13 
-1.5144237253e-10 
-1.0733323952e-10 
2.0138214426e-28 
-1.3721677500e+06 
-6.4657033525e-14 
2.3481427169e+20 
-4.5455670000e+06 
-3.7126368174e-34 
1.1623695340e-09 
-2.1700430305e+34 
7.4571499001e-27 
-2.2674070382e+22 
5.0677227845e-30 
3.1409436806e-33 
2.1917568205e-08 
4.8541023739e+29 
-3.4950202419e+15 
1.4876017095e-23 
-8.2957628069e+20 
-5.8569094400e+08 
3.6156622687e+22 
-8.8869909668e+02 
3.0717696063e-03 
7.0754604167e-06 
4.2884917704e+36 
-6.1834565444e-23 
1.1534579200e+09 
6.1231363872e+22 
1.0901609169e-16 
1.3473903593e+23 
-8.0951484375e+04 
2.5482782364e+01 
-1.0441606928e-30 
-1.6373150256e-24 
-3.2088768482e+00 
-2.4010833499e-07 
-7.8650319590e-10 
-3.1168874414e+12 
-4.9698238580e-11 
-8.9790783028e-24 
-9.8895553321e+28 
-1.7968644385e-36 
1.6715723458e-25 
-1.2393059990e+20 
            nan 
-8.0627180793e+17 
-2.2417534000e+07 
8.7058235443e+26 
-1.5038923957e-30 
6.9935796414e-18 
1.2247888831e+19 
-2.1749621094e+04 
3.3619544648e-11 
-4.4313170458e+17 
-2.8947310744e-21 
1.1269865558e-02 
-7.5246384367e-03 
9.1063649192e+33 
7.9434758771e-10 
-6.1314853895e-18 
4.4911971691e-20 
3.8928858327e-25 
1.9333116081e-32 
5.6673786769e-28 
-3.5015849801e-33 
2.0894760305e+12 
7.1101524462e-14 
-8.6336824192e-13 
1.9134684035e+17 
6.0004246016e-10 
-1.7038823242e+03 
-2.4013580990e-15 
2.5384305627e-04 
-1.0806687164e+02 
-1.5729376767e+22 
1.2946487692e+15 
1.2938339596e-16 
-2.0367284634e+12 
-1.2616791040e+10 
-6.3152064130e-23 
-7.8107548242e+32 
-1.1329988557e+29 
-3.2095245018e+23 
1.1303009685e+24 
2.1186938000e+07 
5.4622122705e+20 
-2.0580216307e-36 
-7.1178805828e-01 
3.2510637711e+34 
-2.5703608320e+10 
-6.8419911663e-13 
            nan 
1.5237664106e+36 
-6.8180523932e+21 
-8.1795445417e-11 
-1.6958219300e-25 
-5.7833907456e-25 
1.4007904559e-10 
5.6709919539e+11 
8.0485363906e+27 
-1.8259158780e+34 
-1.5406318750e+06 
-3.8568938976e-07 
-2.0153702280e-05 
-2.3599105201e-33 
2.7306799470e+22 
2.6260597514e+24 
1.8321025989e+30 
4.2684091424e+18 
-8.5951154033e-22 
5.2327313201e-16 
6.3938224792e+01 
-5.2351506176e-36 
-5.1985495815e+24 
1.3875006669e+12 
7.0748783401e-06 
4.2190133886e-20 
6.1820426686e-18 
1.4758750888e-09 
-1.8192255020e+01 
-1.9365022408e+21 
-5.8704212396e-21 
9.1780650413e-30 
8.0750668300e+25 
-3.3589217668e-18 
-4.0571310965e+34 
-4.3007127941e-02 
-7.4273341295e-17 
3.9347140743e-36 
            nan 
-3.2597132397e-18 
-2.3181341930e-06 
-8.9020440325e-12 
5.9496456192e+10 
5.3616830054e+11 
2.0278226177e+24 
5.0835413656e-10 
-7.6677621822e+28 
-3.9513496641e-11 
7.1892835821e-21 
-1.1394384560e+31 
4.7795884994e-34 
-1.4995749528e+34 
-2.1647547643e-33 
9.6888940000e+06 
2.7719235354e+34 
1.6928830828e-21 
-2.2129477552e-32 
7.1734324145e+28 
7.3704690538e-22 
-4.1527481517e-04 
1.4319194015e-03 
-3.6238127166e-08 
5.8208312859e-27 
1.7328802282e-10 
-4.4052354991e-02 
1.0266281587e+27 
2.3176906945e-23 
2.6740451625e+35 
6.7805978296e+13 
-1.2751336576e+32 
2.6956093607e-11 
2.9834184261e-06 
1.0557003094e-07 
-1.4544296875e+05 
-9.8226052829e-34 
-1.8145413557e-12 
-1.3961589389e+23 
2.4324581146e+01 
8.1007189845e-10 
-1.0013367040e+09 
3.6031303888e-22 
-7.3500426377e-16 
1.2744191870e+29 
4.5503656934e+37 
-1.0417300219e-25 
-3.3820184936e-27 
-1.3269677500e+06 
1.8977481600e+08 
1.0154938141e-35 
-1.0543366872e-19 
-2.5192931707e-24 
-1.0412291473e-08 
-9.9681199266e+27 
-1.3129148376e-12 
-1.0502800691e-21 
-2.0849451730e-23 
2.0637769936e+25 
1.0152631015e-22 
-1.1765379333e+02 
-1.8567940593e-01 
-1.8588356033e-04 
4.1993990963e+11 
-1.5480314327e-32 
-2.6663874451e-05 
1.1256331471e-36 
1.3750796250e+06 
-3.0139914002e-12 
-3.2269048234e-07 
2.2899415285e+17 
5.5457368606e+36 
-7.0322386130e-32 
2.1087968346e+23 
-5.3306157379e-18 
-1.2547506385e-23 
-6.6534073681e+17 
1.7150724520e-38 
-1.6607344639e-22 
7.2671030000e+06 
1.3491044726e-08 
1.1613371123e-25 
-5.7383830963e-15 
-3.5853912420e-22 
-2.6180782697e-06 
-3.7397752000e+07 
-6.7008760000e+07 
-1.0751643641e+14 
-1.8681638184e+03 
1.1212713593e+24 
3.0020670338e+26 
1.6275997162e+01 
-1.9327526640e-14 
9.3084077835e+00 
5.1889255289e-14 
-3.9561010112e-07 
-7.7290470474e+26 
1.1795218103e-02 
1.7528755690e+25 
6.6444614666e+18 
3.9410406362e-12 
-3.0634871125e-01 
2.1373821868e-15 
-6.0843340695e+19 
-9.5626615903e-31 
-1.4026797500e+06 
4.6601350553e-24 
4.9959964890e-29 
-2.3618321979e+26 
-2.2355033074e-26 
-5.1515888595e+15 
1.0051929134e-23 
-7.1884307545e-04 
6.9948568565e+25 
-1.8428441214e+26 
-8.1110873460e+14 
-2.0692490611e+35 
1.1772605761e+35 
4.8745953052e-08 
-4.8263056029e+17 
1.4573201637e+24 
8.8911853140e-13 
-3.0233333843e-31 
-4.4085204669e-20 
1.8233848535e+31 
-1.3448289245e-27 
-4.2543368181e-04 
-1.5422703992e-34 
1.5065196250e+06 
-7.7397926331e+01 
4.6873856914e-27 
2.4413937401e-22 
-9.0922648623e-30 
-5.2236006595e-03 
7.2759685516e+00 
-1.7579384000e+07 
2.3516990636e+33 
-1.1136618429e-13 
6.2859235328e+10 
-9.8368558327e-18 
-4.4773234654e+23 
-3.6990232500e+06 
6.7703511499e+18 
2.5558705027e+33 
6.0586917400e-01 
-8.2731530449e+36 
1.0487134457e+00 
-1.8744654558e-19 
-1.2525013619e+29 
-7.9521079328e-35 
1.1560738494e-04 
-3.4758448837e+30 
8.8729193622e+37 
7.8390227038e-32 
2.7336341854e+31 
9.6943795063e-24 
-5.7160986714e-37 
-2.8634802427e+25 
-3.3011676610e+34 
-8.4805740000e+06 
-5.1130937256e+31 
-1.0077376613e+35 
3.8214764593e-35 
-7.4114297494e+30 
8.6589135655e-14 
2.0551980171e-23 
-8.6160139106e+25 
5.3355538966e+19 
-2.6826345603e-28 
5.9043980603e-29 
1.7526167421e-13 
3.6768854388e-31 
3.0256297626e-35 
-1.6891845993e+15 
7.6171051755e+19 
7.9230477164e+22 
1.8751472271e+12 
1.3241558457e-12 
4.9887864673e-11 
-1.8762702088e-18 
2.5552953593e-03 
-3.6866935730e+01 
3.8217653944e+12 
-7.6594118798e+25 
9.3663644644e+35 
-8.1991534680e-03 
1.6213201159e-18 
-1.7112728108e+16 
-1.2397331735e+26 
9.0470888857e-26 
1.3238579688e-15 
3.6188310628e+14 
-6.2963467836e-01 
-3.7470306305e+24 
9.4705130531e+35 
1.0453318125e+06 
7.0084169953e+17 
-4.4424592000e+08 
9.9280394122e-22 
4.4411823873e-35 
-1.0600576428e-20 
4.5085197449e+01 
-2.7007668774e+31 
5.8594055930e+22 
-7.4146996308e-26 
-7.0434559783e+22 
-8.2669022959e-04 
-9.7246744668e+21 
1.5992979050e+01 
-2.0275298438e+05 
-1.0462387378e+32 
2.4300539563e-30 
            nan 
2.9278962433e+33 
-8.1431263388e-35 
-6.4239971340e-02 
2.4927777667e+32 
-2.6441343653e-20 
1.1870559223e-11 
3.1466413005e+34 
3.9484538138e-04 
-3.2327766415e-27 
-6.8054175444e+19 
4.7685432434e-01 
7.3265314830e+31 
-3.6831494144e+10 
1.4207746091e-10 
-1.3674349459e-33 
-1.0444129011e+20 
-1.6622687466e+32 
7.0891374767e-31 
9.9092714188e+26 
-9.8386015182e-22 
1.1749645999e+30 
2.2041806030e-37 
-3.8015966197e-07 
-7.7625320402e-23 
-4.9707288900e-29 
-1.9579184288e-37 
5.4881157120e+10 
-1.3629817963e-01 
1.0411821632e-18 
9.6458457107e+21 
1.0013980844e-18 
3.0874532936e+37 
5.9073740800e+08 
-8.6361200000e+05 
-2.2670539048e-19 
-6.2520557549e-06 
5.5810624195e+24 
-1.7583956700e+37 
-7.0678051400e+21 
-1.6693240621e-16 
4.3369984253e-15 
-4.1802720561e+30 
-8.8630602877e+23 
2.6849582180e-33 
-1.3383541436e-16 
3.8719714158e+29 
-8.3872858330e-16 
-9.7609715188e+31 
-6.3339555822e-10 
1.6571728462e+28 
-1.5605672154e-19 
-8.7351525052e+32 
4.7528129982e-27 
3.0910570392e+17 
9.9286371797e+23 
-3.1768911473e-37 
-1.8527120000e+06 
2.7057656250e+03 
-1.2451650822e-11 
-7.6067172490e-33 
-1.2068207360e+09 
-2.9225515008e+10 
-1.0331469690e-30 
9.2614447021e+02 
-1.5569752002e-15 
2.6872510464e+10 
1.1159138084e-30 
-6.3834863266e-27 
2.5393270653e+21 
1.2548123819e-35 
6.7002667232e-16 
6.3343502581e-02 
1.1766867157e-38 
-1.6638389945e-24 
7.0207541828e+36 
7.7541323456e+15 
2.2636411273e-36 
1.3080045000e-29 
-2.9606010230e-06 
5.2655738281e+04 
9.3388371200e+08 
-2.7126850851e+24 
1.0873079905e+35 
1.0516747656e+05 
-7.9596809174e-34 
-7.7847994362e-07 
-8.3516535603e+11 
-8.4767271156e+19 
3.5415617856e+20 
2.0196066468e+23 
7.8548611070e+20 
-5.1814129876e-08 
-2.9113530023e+25 
1.1684325659e+29 
2.2575612357e+37 
-4.1466022282e-10 
-7.9943244234e-36 
8.4025438267e+14 
-2.1402253303e-09 
-1.9526950684e+03 
1.8072384930e-28 
-1.1638094517e-24 
-5.8210801088e-14 
2.0558936853e+26 
4.3262220774e+24 
-6.9992559814e+02 
-1.4208091180e-25 
-1.7975974033e-20 
-4.8677578167e+27 
-8.9444199767e+22 
1.0447125580e+25 
1.9462612038e+35 
2.4374762863e-32 
1.0487762136e+22 
3.1741739770e-14 
-2.4868342377e-26 
-2.0405101748e-30 
-7.0143195860e+18 
-4.2318905129e+19 
-8.2788164297e-33 
-1.1461890333e+27 
3.6437919906e-20 
-3.3222049772e-19 
3.8817099435e-19 
-9.6717426693e-22 
7.4323484375e+04 
-9.1526616345e-38 
2.5258605540e+25 
5.5545566180e-15 
-5.1773185730e+01 
-9.5013444934e-07 
-4.5423970826e+20 
7.0723650936e-08 
1.1329314853e+32 
4.0903788090e-07 
-2.3461431247e-17 
3.1328944271e+29 
-2.9807711454e-17 
6.0697980963e-23 
4.2460234375e+04 
-2.4784038623e+30 
-6.0453325402e+36 
3.8288866742e-28 
-1.1378225642e+29 
-1.3486441224e-25 
6.0554735363e-02 
8.5528459315e-11 
4.7251558323e+23 
2.9226060922e+35 
-4.9340261870e-35 
7.9267561404e-09 
-3.9316200017e-31 
-2.5520720947e+23 
2.8098965995e-03 
5.9442099503e+21 
-1.1109414417e+14 
7.6372223835e-35 
1.8380136718e+15 
-1.3911048311e+27 
1.1788048052e-35 
-9.0488435881e-35 
2.1949332800e+08 
1.6017241776e-01 
-4.1993672028e-20 
8.0575655000e+06 
1.4711127496e-22 
-5.4010141641e-02 
-4.2051581706e-15 
7.2147170165e-28 
9.2300962251e-07 
-1.3171578341e+33 
-1.6939298823e-21 
1.5553895497e+16 
-3.6652748707e-14 
-8.6436638774e-20 
4.2507879436e-02 
2.4229299747e-36 
1.8831554607e+29 
-2.9123542467e-10 
8.9959156284e+30 
2.8151245369e-40 
2.7418880821e-29 
9.9599336448e+20 
7.7169821598e-03 
3.4255462021e-18 
8.5041897555e-21 
-6.5097420800e+10 
-5.4969724127e+15 
-5.1648208628e+25 
-3.0451999938e-21 
1.1688394543e+36 
-1.6393219220e-34 
-5.5185799769e+26 
1.6516498554e+38 
7.3060126378e+15 
-3.7416233451e-30 
-5.3368621923e-18 
2.0183891578e-31 
-4.5343751376e+24 
-1.2707976723e+18 
-8.2088932395e-02 
4.8889106942e-15 
-7.5650655893e+22 
5.0347177991e-22 
1.2855770268e-11 
-1.0590186761e+18 
2.3022743802e-24 
-2.6764621094e+04 
8.6425378418e+02 
1.0495795684e-16 
5.2713935998e-20 
1.6503133304e-09 
-7.8179922279e+31 
7.9732431200e+33 
-4.1852681963e+18 
8.4799322448e-23 
1.5255475538e+33 
2.4391924244e-11 
3.7739285709e+11 
2.5029195730e-11 
2.4726356229e+23 
6.0817585000e+06 
-6.9610510844e+30 
-2.2278268911e-13 
-3.0094779329e+31 
5.0488241455e-29 
-3.2320363140e-27 
1.0422523289e-08 
-9.4417047389e-16 
-1.7647158312e-31 
1.8037743267e+15 
6.9231830338e-35 
1.5254508706e+34 
-3.5558265778e-16 
-1.2099313558e+32 
8.4499046695e+25 
1.4489051464e+12 
-4.7645014767e+30 
-8.1538260664e+12 
-7.0766172661e-25 
-1.9681351277e-35 
5.5419877671e-13 
1.9146573087e+12 
2.8926720638e-14 
-6.0694262949e-09 
-4.7500877599e-23 
-5.1896844121e-22 
-3.7512480101e-12 
4.8876920493e-38 
-1.3720176111e+34 
2.4279579568e+30 
-7.6730617094e-32 
-6.1059806824e+01 
-2.9657833099e+01 
-5.2833500090e-16 
7.5770905241e-03 
3.6127270418e-18 
-4.4517164800e+08 
1.6415827322e-18 
2.0661158562e+00 
-2.9939256322e+18 
4.6129052734e+03 
-1.2340550847e-20 
-1.1916588247e-01 
-4.7222039930e+23 
1.2793601227e+02 
1.3569252557e+11 
-2.4865859731e+23 
4.5155390625e+05 
-6.9222865582e+24 
-2.6992921708e-17 
-2.0777513043e-08 
3.1462100027e+16 
-1.9544641083e-22 
1.9409839396e-16 
-2.3651259618e+17 
1.2452322819e-20 
4.7841362588e-23 
2.3374064761e-39 
-5.3840494634e+24 
-9.5095064374e+32 
-3.0279671022e-33 
-1.5606412288e+10 
1.3138861954e-01 
1.6512227376e-05 
-1.8729902623e+20 
-3.2253060173e-34 
1.5706186183e+36 
-3.0278995988e+15 
8.3296754074e+11 
8.4313934326e+01 
-5.2424015271e-32 
9.2811930180e-01 
-7.6186222278e-22 
-7.4476580458e-10 
-2.5204768082e-14 
1.4545324219e+17 
-7.8196622511e-09 
3.1118615040e+09 
2.8022408982e+18 
6.5304938783e-35 
2.7305773926e+03 
7.0325741597e-16 
-1.4091983910e+23 
3.5331474733e+34 
1.3301236531e+11 
-7.9808946205e-21 
-1.5309206746e-19 
-1.8300095312e+05 
-5.0963764916e+28 
2.7304590433e+33 
4.5379685776e+37 
-8.1972910938e-37 
-4.0782238281e+04 
-1.1970338412e-02 
1.7477115699e-35 
6.5041183977e+22 
-1.7774053086e-25 
8.2776498921e+21 
-3.3050555586e-18 
5.0091892139e+23 
-1.2998886093e-13 
3.3250879693e+26 
-1.3665802883e+32 
9.6160658359e+37 
2.7617638111e+00 
-1.1601724139e+33 
1.9454767769e+33 
-2.5808030006e-29 
-1.0150063463e-04 
3.1192613631e-17 
-5.0782882858e-20 
-1.5403140300e+38 
3.9420498971e+24 
4.5456324839e+29 
1.1925506052e+16 
1.1138119698e+01 
3.4849965749e-24 
-1.5945886720e+10 
4.1999440282e+11 
3.8760661347e-09 
3.5678559129e-07 
8.8366938655e-08 
4.1585384298e+26 
1.0529082317e-07 
-3.3011195910e-07 
1.8226486065e-22 
-9.4679565822e+37 
-2.1421318503e+15 
6.5295754914e-11 
1.9905081097e-22 
-7.4579312592e+22 
1.1112388787e-09 
-2.2188302130e-02 
1.8776292274e+24 
-1.8810938099e-38 
8.4644138387e-20 
1.2551329744e-27 
-3.6932833492e-16 
8.0673783626e-12 
-1.6887621094e+04 
2.8291041839e+35 
-2.7089846831e+34 
2.1811440025e-34 
-1.3460253272e+28 
-1.6557102635e-26 
1.7651396821e+35 
4.4853207963e+18 
-7.3405338495e-40 
5.5835609518e-18 
9.2301190141e+30 
3.6134954542e-02 
4.7772302549e-23 
-1.0368993858e-10 
3.3430421912e+29 
1.1060608338e-17 
-2.0073007187e+26 
-2.8607899896e+33 
-3.3502804346e+16 
3.7011911011e+02 
6.8819795397e+34 
-2.4989727699e-37 
-1.1703012888e-06 
3.8818044000e+07 
4.0331504286e-19 
7.4808110479e+35 
-2.8436570109e+35 
-2.7693616052e-34 
2.5649077927e+21 
-1.4316473715e+22 
6.6202096907e+34 
-9.7412966512e-27 
-8.2531152848e-16 
-4.1212312877e-02 
-7.3973770173e-37 
-1.1929784376e+15 
1.5032773972e+01 
-5.5352995591e+32 
-5.9024650574e+01 
1.5769152559e+22 
5.2958866073e+14 
1.2918461000e+07 
6.4431096173e+33 
-1.2227095971e-26 
9.6306887997e-26 
2.6834455694e-27 
1.2682909593e-19 
1.7134084792e-18 
8.0695698234e+18 
-3.1856991811e+31 
-2.5658583861e-29 
-8.7989842947e+28 
7.5807419865e+31 
6.0336991568e-38 
2.0637721584e+17 
-2.7866055965e+00 
3.0088255563e-13 
7.0898015576e-23 
-7.4809145284e-39 
2.7347450543e-31 
-3.3330957386e+13 
-3.6230508712e-15 
-7.2007485200e-33 
2.3240873047e+04 
1.4849303246e+01 
8.4442657587e+11 
-7.9309993750e+05 
-6.6767830403e+19 
-2.7134373520e-37 
-5.6768634620e-25 
-1.9327664726e-32 
2.6081585600e+08 
2.8761091309e+03 
1.3681660948e+23 
-1.9680564936e-34 
-3.6487793688e-31 
5.0747942090e-13 
6.0754532569e-06 
-2.9196784055e-20 
2.7277174507e-28 
-9.0257027442e+22 
-4.1714813210e+20 
-8.6293433599e-38 
2.2886828117e-15 
-2.0694635808e-01 
-8.8254085995e-07 
-1.1910517450e+33 
1.0899086040e-20 
-7.3129803831e+23 
2.2601159217e-26 
3.2373461067e-07 
6.0261546101e+27 
-4.0906196875e+05 
-4.5471901673e-17 
-1.7153339013e-31 
6.1917996800e+08 
-6.1894222789e+33 
6.5769256989e+14 
8.7694925070e-01 
-5.4722798515e-10 
7.0968143642e-02 
2.9148338338e-14 
4.0118811123e-24 
5.1698578258e-20 
4.0915006555e-27 
7.8836595396e+26 
-2.8830588000e+07 
2.7566813798e+16 
1.9406239717e-14 
3.0386501632e+21 
-2.4579765358e+25 
-3.4422030006e+35 
2.1602936446e+38 
4.0205915000e+06 
4.9147765702e-37 
4.1586993750e+05 
8.1442554880e+09 
4.3221150252e+25 
-8.4271999076e-03 
1.0143768130e-16 
-7.1237365867e-22 
1.2689771583e-14 
-3.8340653839e-34 
1.4912012132e-28 
-1.6653877996e-25 
2.1649528809e+03 
9.3854605439e-06 
-3.1111911011e+02 
-1.2919346790e+11 
-1.9810839924e-32 
2.1705593589e-35 
3.7218362656e-28 
1.5597946046e-08 
-1.2966411305e-06 
4.2746365070e-03 
1.8208979664e-23 
8.6158434840e+18 
-1.3237837534e+34 
2.9940560618e+15 
-1.3854773935e+26 
-2.2897336910e-33 
-7.7556107278e+23 
2.2163992630e+28 
5.1563470798e+33 
-4.8479652405e-01 
-1.1266569669e+31 
-5.0808097787e+23 
-3.3744843942e-15 
1.0166042488e-34 
1.7122210794e+18 
-3.8158334792e-04 
1.2102786221e-14 
9.4988565224e+20 
-1.5694960356e+00 
4.1968010009e-06 
3.8955969903e+28 
-5.0330835115e-20 
1.4090487455e-28 
9.7904961915e-10 
-4.0112771042e+35 
-1.2827005748e-19 
1.0810450739e+11 
8.1202445277e+17 
6.0447558781e-07 
-8.6275225346e+29 
6.3506884196e-09 
4.8781853922e+27 
-4.5108278613e+36 
1.0698431641e-15 
6.9775557024e+31 
-7.3172842789e+36 
-1.4607399680e+09 
-9.4439447021e+02 
-1.5943371200e+08 
-8.4616847339e-35 
-2.4898286879e+19 
-3.0307220459e+02 
1.6373395877e+20 
-7.0107872159e+16 
-6.3184246421e-02 
8.2279587500e+05 
-6.6375281449e-07 
-1.2853262795e+34 
-3.9799948880e+28 
-5.1957418535e+17 
4.9707586877e-03 
6.4804732573e+37 
1.3105347970e-14 
-5.6369891198e-33 
-2.5651375992e-36 
-1.0555197444e+27 
5.3014097793e+24 
1.4672708566e-32 
8.2004965472e-36 
2.5792680688e-38 
-9.4579908125e-35 
-6.8939687500e+03 
6.1917051347e-14 
4.8158997041e+34 
4.9627275582e+24 
-8.2677440000e+06 
3.0151218004e-22 
2.4578815910e+30 
1.4107026658e-10 
-2.8566355968e+11 
5.2966548920e+01 
1.6946283058e+32 
-1.8206172570e-07 
5.3671883506e-05 
-5.5432739472e-18 
-1.0811964788e+29 
1.0894845931e-20 
-1.1535632005e-08 
-3.8960257434e+11 
7.6364594114e+17 
-3.4460793917e-26 
6.6640393750e+05 
2.3701516641e+15 
-7.2099335391e-09 
4.0938919671e-26 
-1.1791019741e+24 
7.2758793750e+05 
1.0168047369e-17 
1.4625688000e+08 
1.3434694414e-25 
2.2420504979e-38 
-6.6877214354e-28 
7.5391342474e-12 
-2.5641917769e+14 
-3.0399676416e+11 
8.3332870873e-36 
1.7253015734e+21 
-1.4743917665e+18 
2.9661976751e-34 
1.9341121094e+04 
4.5983242188e+04 
-5.1926413426e+36 
-1.5088273241e-28 
8.4650229837e-05 
6.6118876636e+35 
7.9111574237e+15 
-2.0783233643e+00 
2.1265411377e+00 
4.1650460858e-11 
6.9494248571e+12 
-6.0765759073e+26 
8.2480837591e-06 
-3.4026620705e+15 
1.2472581863e-01 
5.7638244629e+00 
-2.8697155763e-11 
-1.1187917360e+15 
2.5741113394e+15 
4.3148400938e-33 
7.6478879285e-37 
7.9983796224e+10 
1.5202628002e-30 
2.7283112850e+31 
3.2333446190e+19 
1.4488473187e+20 
-2.2972666385e+38 
-1.5472200253e+12 
-8.4921318209e-23 
1.0236906808e-13 
-6.6435937500e+03 
8.1885665233e+35 
5.4994688000e+07 
7.1845249749e-09 
3.9007815759e-36 
-1.0999159546e-22 
-2.9156337122e+32 
-1.3783083605e-33 
2.3701466370e+02 
-1.5525214986e-27 
8.5619506836e+00 
-5.8665102693e-34 
-7.2693176195e-38 
-5.2169075602e-24 
-4.0857428304e-18 
-7.0270765236e+13 
-8.0057846800e+15 
-3.1792372465e-03 
-2.1681875045e-13 
3.5307994420e-20 
5.4745128728e+24 
3.2057051430e-04 
-1.1030205489e+15 
5.5334809560e-18 
1.8070061286e+16 
-2.1235484083e-20 
8.9193518023e-15 
-4.5292844127e+24 
-1.6316546398e+16 
-4.1651326157e+11 
-3.4967264847e+14 
1.7371112796e-25 
-1.1885540366e-29 
-3.2921243470e+22 
-3.5522203090e-36 
-8.0868336992e+13 
8.6068280797e-26 
-6.6147103465e-37 
6.8025898914e-16 
-1.8487426000e+07 
-1.4161347584e+10 
1.2599567657e-14 
1.3597546890e-29 
2.2880957031e+02 
-1.1884510517e-02 
7.7842778160e-31 
3.3752028950e-12 
-6.9149408422e-12 
-1.5951615912e+14 
-7.2565139720e-33 
-1.2626797691e+20 
-4.9006572995e+12 
6.0080688091e-33 
1.6639785984e+10 
-4.4421273241e-31 
2.5288940430e+01 
-8.8670522573e+11 
1.6090573318e-11 
-1.5639250993e+13 
2.0693391562e-03 
2.9808423569e+35 
4.0582968750e+03 
-1.0608307465e+24 
-9.2863443585e-24 
-2.1150923761e-30 
7.2989500000e+04 
4.3949531031e+29 
-4.6174430847e-01 
3.8333591284e-24 
1.3137164108e+13 
1.2316624028e+14 
4.9541264034e+23 
-3.6492455105e-27 
4.9275119070e-38 
-8.3845040548e+31 
2.1198846104e+25 
-6.3250235000e+06 
5.3370118756e-15 
-9.5389046061e+19 
1.8079491692e+15 
-3.2530908356e-04 
8.3855469969e+13 
-7.1217511443e-30 
-9.9931334400e+08 
-2.2148780271e-33 
1.0314995745e-26 
-5.0120954084e+16 
1.7411533996e-31 
3.5810701312e+10 
7.4095898132e+12 
-1.2116142322e+37 
-1.0300537109e+02 
3.8102614575e+22 
2.0681748701e-19 
-4.3578620534e-06 
8.4360454113e-35 
6.4471669658e+32 
6.3570290324e+21 
1.2830021437e-27 
2.3889789216e+14 
2.9306227018e+23 
-1.7654170417e+28 
5.4231919723e-17 
4.8715155694e+19 
-2.8174683073e-11 
4.8511229821e-22 
1.0646459850e-04 
-1.9483443350e-02 
-1.4117672729e+02 
8.1120006740e-02 
6.4831979216e-06 
-6.5076098244e-24 
1.1745168595e-03 
7.3142476313e-22 
6.0746538785e-31 
-7.5890926070e-20 
6.2190848000e+07 
2.6539869301e-27 
-1.6656957732e+28 
-1.8780800000e+07 
-4.9942599020e-28 
-9.0786112127e+23 
2.9088259907e-06 
-2.0362044800e-31 
-1.3800956822e-08 
-3.0674979559e-27 
1.0284095000e+07 
-1.7224192173e+16 
3.5069526840e-31 
4.2505510852e-30 
2.5776283383e-30 
-6.1665262974e+30 
-1.6116691695e+38 
-4.5298783426e-24 
-7.9520697566e-24 
-8.5752305546e-33 
-1.5213667415e-02 
-1.0903884257e+26 
-5.6511025486e+14 
-1.6765681185e-28 
-2.6520565906e-19 
3.1933741762e-10 
-1.5508522594e+29 
-7.1753158970e-09 
5.1931191616e-31 
1.1915190538e-25 
2.0581101276e-28 
6.0235182080e+10 
5.5645401590e-03 
7.6867573418e-10 
3.4767646187e+19 
1.8089221314e+23 
-2.2970099289e+32 
9.3204647555e-07 
6.4435943699e+35 
9.2526070841e+37 
1.8329246668e-03 
-9.2947960000e+07 
-7.7082437277e-01 
2.8464673327e-11 
-6.9623077783e+23 
-1.7476397091e+21 
3.5408647818e-05 
-2.8366880441e-34 
-5.1284169600e+08 
-6.4799660432e+22 
-7.7031079854e-05 
2.6689841600e+08 
3.2612585682e-19 
4.5511548600e+12 
2.4578852274e+33 
3.0880856134e+22 
-7.3165089484e-22 
-2.1659319817e+27 
7.9284783726e-36 
-1.4848407040e+09 
-1.6182156250e+06 
9.4276181613e+21 
6.9424052734e+03 
6.0272088131e-36 
-1.6154067998e-04 
-1.2917736880e-09 
-6.5833211065e-28 
2.6333810173e-20 
1.1998657536e+10 
-9.6053941013e-31 
-1.9079360078e+15 
6.9047360514e-23 
-4.7953048675e-36 
-7.1714809600e+08 
-1.2488178377e-15 
1.9464116085e-25 
-1.8651347311e-34 
-1.5832005997e-27 
-3.5813022030e+30 
4.5883570909e+21 
7.8222118651e-30 
-2.3354855723e-25 
1.1278041923e+18 
1.5470203833e+37 
1.0200673525e+30 
2.8594058953e+32 
1.1191476300e+36 
4.1213439545e-04 
-1.1791998677e+21 
-6.4566715000e+06 
-1.3311582808e+26 
4.8315388800e+08 
5.8651803373e-25 
-7.9098500498e+28 
-1.4923552330e+37 
1.3379560075e+19 
9.1325976114e+34 
4.6329596000e+07 
1.4795471284e+31 
4.7605401645e-33 
-1.0130547995e+34 
-1.2071320332e-10 
1.5770213318e+02 
-2.5566298438e+05 
-4.3951185038e-26 
-6.8443239459e-15 
-2.3454544299e+34 
1.2761513200e-11 
5.6197713087e+22 
-9.9514720138e-29 
1.2630506883e-11 
4.8320447138e-15 
-7.9733415487e-22 
-5.0426100795e-11 
-2.2226782163e-25 
6.4485842739e-31 
-6.2496350147e-03 
-4.1926894221e-15 
9.7273696018e-29 
1.1321654821e-32 
-2.4035970568e+36 
-2.9588785605e-32 
4.1090178460e-36 
-8.1208446759e+27 
4.1298850007e-20 
4.2471058679e-13 
1.4807996114e+35 
-7.9485528694e-30 
9.3878855482e-25 
2.3352012598e-12 
-1.0080985337e+14 
2.2801612286e-24 
1.0710962731e-32 
-8.6316036987e-15 
3.9681087984e-24 
2.0618096201e+14 
1.7737678750e+06 
2.0935850625e-04 
-1.0022523374e-36 
-6.2368624148e+12 
-5.8376216888e+01 
-8.5202575773e-19 
-9.5658700848e+20 
-5.9776319739e+16 
-1.1038893461e+00 
1.1231832230e+22 
2.8143588769e-32 
-6.1170059837e+12 
-7.5714387169e+37 
2.0499703697e-20 
-6.3682728795e-13 
1.3345120072e+20 
4.8055516799e-32 
9.5709969777e+12 
9.6063451309e+19 
1.0008614654e+19 
-4.4220382959e-24 
6.8184912757e+37 
1.2919519842e-01 
-2.4782281743e+14 
-2.8099892658e-29 
-2.5943511134e-33 
-1.8972329913e+22 
2.4566389036e-17 
1.2313978477e-20 
1.1155676702e-16 
4.5161410332e-18 
-2.0467022841e-04 
2.1358860139e-18 
-1.4927297994e+17 
4.6056809169e+13 
1.5234258351e+27 
4.7493552796e+28 
-2.5810746873e-09 
1.3616647683e+26 
5.2766486276e-23 
3.0211900591e+29 
2.2235506332e+20 
-9.7845421184e-17 
4.5327409062e-37 
1.1339347656e+05 
-1.6725749674e-06 
-5.3460003983e-05 
1.9025170332e-05 
3.2159291550e-06 
1.3888638023e-05 
5.7957690471e-39 
8.1984315000e+06 
2.9372603312e+35 
-1.7724309707e+37 
3.4681442261e+02 
9.7033653498e+17 
-4.9413372000e+07 
-2.3063791195e+38 
-2.4617236754e+20 
-7.8860238997e+32 
-6.9535784960e+10 
5.4187600649e-38 
1.9508748783e-10 
3.1080316315e-19 
1.0364231955e-35 
7.5253073592e-32 
-2.8310386980e+36 
5.9120021504e+10 
-2.1076971636e+24 
1.2041821986e-33 
2.1259283620e-19 
-2.4415340543e-26 
-1.9063592371e-10 
-2.8887195000e+06 
8.6402809143e+01 
-3.8921163110e+27 
2.0318360175e+38 
4.5103652155e-06 
-6.7855793202e-30 
1.4534852794e+29 
-2.3510528430e-35 
1.7442694049e-16 
5.4655630808e-22 
-5.7927095343e+22 
9.6133978271e+02 
8.8827127218e-01 
5.5823809873e-36 
3.1821658338e-34 
-2.4512275121e+30 
2.7250477672e-01 
3.5170182232e+20 
1.6000791609e+14 
1.0156740494e+37 
-8.3344263165e+14 
-4.8426996875e+05 
1.9303242152e-04 
1.0857220807e+20 
-4.7825213027e-23 
1.1319918750e+06 
-7.1747434458e+34 
-1.1048998740e+24 
4.3996160117e-33 
1.7342519668e+25 
3.1152889157e-09 
-1.8330501231e+17 
-1.2434342568e-30 
1.1125155894e-26 
2.1355414400e+08 
-4.1075372408e+26 
-2.2438670598e+37 
-7.2190848000e+09 
-9.4097113056e+27 
1.2243266596e-38 
1.5822491329e-31 
-4.8830725704e-13 
5.4546333056e-38 
1.0014601317e-13 
-2.2013650435e+17 
-2.2583501959e-32 
3.8253529910e-16 
1.1421760874e+19 
-5.3185552163e+27 
-7.1791317319e-38 
-2.0147618688e-33 
9.3996545661e-29 
1.7396213218e-34 
-2.1412583914e-29 
-7.3241405996e-11 
-1.8323454515e+20 
2.2037026367e+03 
-5.2351369858e+00 
-1.4849762010e-05 
-5.1060482475e+16 
-5.9381105588e-10 
2.6493140150e-34 
-2.6009364128e+00 
3.3451505470e-37 
1.4039054846e+19 
-2.9241324354e+38 
1.3981043361e-02 
1.0359572021e-33 
1.9171239526e+12 
1.5786495612e+35 
-1.8147829350e+12 
1.4466182633e-14 
2.3163757596e-35 
5.5408896721e-39 
4.4117440555e-23 
7.9286125722e-39 
2.9552463729e-06 
-7.8357993750e+05 
2.6148634134e+32 
-5.2618505102e-38 
3.2241350296e-14 
-6.8823553627e-12 
3.6882418084e-35 
1.5834996884e-04 
9.6805827817e+17 
-1.6046970943e-18 
1.3640654036e-37 
-8.9249554527e+34 
-6.8869721600e+08 
-2.6403186810e+25 
7.8345289240e-13 
1.5608682588e-04 
3.3017723617e+12 
-1.0179398750e+06 
1.1508230434e+24 
-1.8235912192e+10 
-1.3354318750e+06 
-2.6725779551e-35 
5.4748212363e+13 
1.6177708951e+32 
4.7359798918e-04 
2.7102998502e-05 
-1.6550413132e+01 
3.3425369951e+17 
1.0911225528e-01 
-5.4674082349e+34 
9.7085265121e-36 
2.5697782040e+00 
-1.5524630888e-29 
-8.7765496000e+07 
7.5432987634e-10 
-5.4041756303e+12 
-2.2026254598e-08 
1.2400491809e+20 
-1.3152061619e-37 
-6.1691431840e-16 
-1.2542354318e+20 
5.1945720000e+07 
-6.8800566503e-19 
-1.8149039519e-33 
-2.7573371094e+04 
            nan 
-3.5462406797e+16 
7.6383430400e+08 
-9.6563603200e+08 
-3.5725351423e-02 
2.1120170501e-08 
-1.2032357600e+08 
-3.2370506504e-23 
-1.0898291133e-02 
4.3806849507e-34 
-5.2984682617e+03 
3.2508528024e+19 
-4.8251011968e+26 
1.2172444960e-17 
-1.1827059168e-33 
-7.1885290419e+14 
-5.5191384735e+20 
2.2146238054e+11 
1.2600129063e+35 
-1.2331691763e+26 
3.8594742188e+04 
2.4817188125e+29 
-3.1079625248e-21 
-2.2263789390e-07 
-1.8453838486e-37 
2.6616196068e+27 
-1.7326207743e-12 
7.8001400316e+28 
-4.1240747087e-03 
2.7601051897e-06 
3.3158672386e-35 
-5.7308215479e-25 
-5.1652261754e-04 
1.6674852711e+33 
4.3272296800e-19 
-2.1537609534e+23 
-2.8821663333e+26 
-3.9771855586e+37 
6.5027145141e+29 
7.8487541332e-21 
2.1579304119e+31 
-1.1305126190e+02 
-1.5253063912e+30 
-7.1171653954e+16 
2.9533001709e+02 
-2.0698828864e+35 
-7.7116794813e-20 
-6.0185080656e-05 
-2.1307002087e-27 
1.5965940009e-36 
-1.0027554483e-38 
-2.1373703021e-06 
-3.5171998181e+30 
2.4501918027e-26 
1.8882239343e+21 
-2.1734672303e-14 
7.4991073103e+23 
-4.8321271974e-31 
-6.2077468507e+37 
-2.5733643596e-14 
8.9476412390e-11 
-2.6829324259e+29 
8.8343587500e+05 
5.1158927917e+01 
2.2980205341e-26 
1.5402407485e-26 
3.9373761311e+31 
-7.9109588301e+24 
-1.2369678986e+18 
-2.8602480128e+23 
9.3301890096e-32 
-3.6391494840e-31 
1.7619627814e+34 
-5.4373433813e-03 
-6.4342643213e-08 
2.5999309551e+33 
-3.4591713867e+03 
-7.7393216220e+31 
3.2284524300e-18 
-4.0703243161e+19 
-2.2335254471e-04 
-3.6728155000e+06 
-1.0378365914e-05 
-8.5043079250e+18 
-6.1973736200e-37 
3.0676569012e+37 
-1.0963510187e+34 
-2.5352653861e-01 
8.3020191592e-27 
5.3999136633e+24 
-6.6721799914e-32 
-3.1451873515e+31 
5.3385575925e+35 
-1.9378274907e-19 
1.2111786308e-27 
2.8352862618e+11 
3.2128921082e-26 
3.5951940837e-35 
1.0431822221e+21 
-9.4322595032e-06 
7.4294628227e-09 
            nan 
8.6947015675e-20 
4.4116220000e+07 
1.7032835007e+01 
-1.9088527852e+12 
1.5465261822e-04 
1.6313547776e+10 
-1.1277778017e-10 
-2.8083946786e-23 
1.3219662395e+29 
-2.3777636352e+10 
1.4559814468e+30 
-6.4040110447e-03 
-3.0266542149e+29 
-1.7418809344e+10 
-1.3318925718e-38 
-2.9346964176e-14 
9.3098793750e+05 
3.4148883511e-37 
-1.0603623640e-16 
-2.7443235397e+01 
-2.8051528871e-30 
3.7541429605e-35 
-6.9346232893e-25 
-2.9806444688e-24 
-4.1804340133e-38 
-6.3388848619e-22 
-1.6265599210e+26 
1.9518873047e+04 
-1.4744639884e-05 
-3.7180746094e+04 
-1.0467024902e-22 
1.9820461778e-17 
-2.2050927195e-26 
3.9676063413e-22 
3.7504072512e-16 
3.7792817667e-23 
-1.6670724413e-27 
-6.2436987541e+32 
-5.0727864699e-14 
1.9269415097e-14 
-8.2795432421e-16 
-8.0536174490e+19 
-6.1437544393e-29 
-1.3043561523e+04 
-3.0389200045e-09 
3.3199021112e-21 
9.7826763948e+25 
-3.0828839483e-25 
3.0809826539e+19 
4.3651308375e+31 
-5.4933970055e+30 
2.6243510447e+28 
-5.7072898016e-06 
-4.0545553581e-09 
8.0164986891e-25 
-9.4956423127e-29 
-4.7263386054e-34 
-1.9561886062e-20 
1.2674031779e-02 
-2.9891774058e-01 
6.2088502481e-19 
-1.3936222641e+15 
9.4234723726e+23 
1.5288083396e-18 
-1.7240161106e-36 
-1.3793150902e+01 
6.7796115625e-37 
3.2117092254e+13 
-1.7913018759e+15 
-3.6666339328e+10 
-2.3425904146e-05 
-4.0319546880e+09 
2.3223093112e-19 
2.4562399292e+02 
2.1797957982e-29 
-9.1198714731e-27 
1.0260313988e+01 
-4.4146889600e+08 
-1.8641397562e-27 
-2.6608518600e+01 
1.6252563477e+01 
-2.8324917281e-15 
5.8686324022e+25 
2.4483408758e-20 
-1.1693641478e-33 
2.2634211928e-04 
5.7058880345e+36 
5.7558395983e-15 
-3.6979049943e+16 
1.2219647516e-10 
-6.9073038444e+15 
3.7127134896e+21 
9.5765422670e+13 
7.0931660800e+08 
3.4364194816e+10 
2.3149476094e-15 
-2.5125383362e+31 
-1.9851555635e+12 
2.5544234224e+29 
4.5954803987e-29 
5.4138256817e-25 
-7.4791580569e-23 
-2.5173376000e+07 
-3.1593129521e-20 
1.4066915277e-28 
-5.5350168893e-11 
4.6589331326e+16 
-4.9618404305e-25 
1.6414034576e-09 
-1.5619601592e-34 
-2.9599032132e-06 
-1.7276966672e+27 
-6.6885604610e-08 
1.8129609375e+03 
5.1661333546e-18 
-2.3037946828e+26 
1.2070787482e+12 
3.4292600000e+05 
-1.3897562491e-38 
1.1216479520e+33 
1.9418715286e-31 
-1.0242604648e-19 
7.4403606706e-38 
-1.8736508000e+07 
-6.5746071839e+19 
-2.5865359358e+22 
-5.3312514262e-18 
-3.7640180083e-25 
-9.1598530897e+34 
3.5073800000e+05 
-3.3191476662e-28 
9.0424630837e+13 
-6.1482240000e+07 
4.8228643446e+25 
9.0365611002e-32 
1.4397265633e+38 
1.4457451315e+11 
-4.0554599580e-27 
-5.7297050139e-24 
-6.9024979570e-18 
1.8067769503e-10 
-7.7702941895e+00 
1.8797897267e-13 
3.1668793610e+17 
1.1147044454e+11 
1.4300105069e-31 
1.6831830144e-03 
1.6024720000e+06 
9.2694765008e+27 
-1.1714359197e+36 
4.1771335680e+10 
4.3151616000e+07 
-5.7991871187e+36 
-2.3302173615e-01 
-9.9948874989e+36 
-5.9974963101e-31 
-1.6613555150e-14 
6.6966732800e+08 
-3.4102678299e-02 
-4.6801587472e+21 
3.3655380672e+32 
2.9112770637e-35 
-7.4064138625e+23 
9.7715952195e+20 
4.6136999969e-29 
-2.0479760000e+06 
-5.2698372000e+07 
2.4855084794e+14 
1.2119603473e-19 
4.0276615143e+01 
3.2949716065e-18 
-3.9401909506e+37 
-5.6557505518e+36 
-4.1207560771e+33 
1.6106707403e-28 
1.6555579444e+27 
-3.3707870469e+20 
-1.1212063477e+04 
1.3452225924e+00 
2.0358668554e-36 
9.4153172370e-08 
1.4459131680e-26 
-1.1529258494e-35 
-1.3516058495e-08 
4.7902349383e-02 
-4.4484203125e+05 
-5.2013776896e+11 
-1.7465145016e-25 
1.9756482325e+21 
-8.2975503155e+11 
-2.0866949916e+37 
4.5592463858e+21 
9.2352810548e+32 
2.0411408335e+30 
1.1194508774e+30 
-6.6370006250e+05 
2.7342414856e-01 
2.5750856794e-35 
-1.2924145485e-28 
-6.7334985943e-07 
-3.0761943418e+32 
-6.6295415897e-18 
1.6391196547e+30 
-1.1012915024e-09 
-5.2228642744e-07 
-2.7456827659e-28 
-1.6052267267e-32 
4.9151432924e-10 
-1.5027419619e-24 
-4.3738398070e+15 
2.9961578548e-04 
1.3344306129e-14 
3.4572985896e-07 
-5.1444281354e-18 
1.7300864000e+07 
3.2656721191e+03 
1.7847518457e+30 
1.2351456345e-31 
6.4987040105e-07 
1.1297118363e-05 
-5.9276600294e+16 
-1.1314881000e+07 
-9.4410124265e+16 
1.9762753212e-08 
-1.9357455059e-33 
1.8413307201e-18 
8.9000627326e-39 
2.5252019392e-15 
9.8166208020e+26 
-9.9132075906e-02 
-1.9831935912e+26 
-2.0681457613e-07 
4.5771882914e+18 
7.8231807254e-37 
-1.8863561766e-28 
-3.9279253722e-17 
4.1402206250e+05 
-6.3561212500e+05 
1.2341068743e-22 
5.8367743294e+21 
-2.6288441806e+37 
1.0268090876e-25 
2.7991631663e-19 
1.5653971583e-02 
4.1035947266e+03 
-9.7757049395e+31 
-5.5084413716e-18 
-4.7568637990e-25 
-2.8731055111e+20 
-4.3476154366e+31 
-2.3443815384e-14 
1.0353481581e-13 
1.5263711887e+13 
-1.0738420662e-17 
-4.3347301929e-33 
4.5315141193e+29 
8.7731990789e-05 
3.8723573707e+21 
1.5596111423e+31 
-4.5368442383e+03 
-8.2648471706e-27 
-1.4786379706e+26 
3.3430515751e+16 
-8.0884641300e+12 
            nan 
-1.9093611277e-35 
2.7480261239e+19 
4.0770432135e+35 
-4.7485377019e+36 
1.7489868332e+30 
-6.5583733521e-16 
-1.0231539174e+26 
-9.3691954389e-03 
4.7412678656e+10 
2.8278938216e+38 
-1.4359325859e-34 
-1.5515149333e-35 
3.9762947083e+01 
-3.9952993747e+15 
1.5182821784e-36 
7.1830090000e+06 
1.0016033836e-10 
-1.0972957265e-10 
7.0672495838e-30 
-1.1231298000e+07 
-8.1959744000e+08 
-3.4969125000e+06 
8.8850796223e-01 
1.9811941366e+37 
3.2515875683e+35 
-2.9566185440e-34 
-4.9473508288e-33 
1.5165084993e+16 
4.6427335726e-23 
3.5359422673e+28 
-3.6265111779e+34 
4.0108726444e+35 
-5.2346257812e+04 
1.8673097806e+21 
2.6906210307e-29 
-6.0783711445e+26 
3.9455719531e+29 
-2.6569570247e-14 
-6.7720560062e-12 
-2.8314114435e-16 
-4.6895764729e+25 
4.6368791069e+30 
1.3765522500e+06 
2.2334488175e-32 
-2.3035951701e-23 
1.1393828127e+12 
2.8518216860e-21 
1.7971079127e-19 
-9.7064972399e+14 
2.0304468926e-03 
7.8983514844e-26 
-2.8416995239e+02 
-1.1334199757e+27 
2.5967501562e+05 
-1.7508622161e-34 
-2.5838376953e+04 
-4.8339151831e-32 
-1.3075866162e+25 
-2.0159761334e-05 
8.3892907487e-27 
2.9924589396e-01 
2.4784239607e+30 
2.1651036654e+17 
6.1939610812e+13 
1.9132698204e-10 
-3.1290944946e-08 
1.0415349820e-38 
1.5921477228e-02 
-1.3445381572e-28 
1.9867399392e-10 
-1.6730292240e-24 
4.3327709070e-37 
-2.2624424722e-16 
8.4054438400e+08 
-7.0484423362e-28 
2.5771378906e+04 
8.0300887798e+19 
4.7183165700e-21 
-1.5962275240e-31 
3.8474057801e-03 
7.4274296854e-16 
6.9938997603e-18 
-3.0957313720e-03 
-1.4393557063e-24 
-1.0691181281e+13 
1.3389147070e-21 
1.2851281396e+13 
-9.7857083520e-33 
2.9734534100e-25 
-1.0576692511e+13 
5.2945189201e-19 
-5.5074886401e+15 
6.7320116853e-29 
-5.8950485087e+26 
1.2412563477e+04 
-9.3969727488e+10 
7.3757030931e-27 
-3.9999477526e-14 
-5.8063021670e+11 
-7.4416894378e-37 
-6.7022815347e-02 
7.7996980772e+26 
-1.9536796800e+08 
8.2887327579e+33 
1.3982464619e-18 
-2.0643664101e+17 
2.7163074741e-23 
2.5383346838e-06 
-1.3546330566e+03 
1.4937203474e-08 
1.1599206782e-21 
7.1430590469e-04 
-9.1697639948e-21 
3.3138627626e+17 
-1.6263314453e+04 
-1.4394540032e+11 
2.1816148890e-34 
4.8114633145e-33 
9.6608187023e+24 
-1.2453087218e+15 
-3.6512712317e+20 
6.3182844867e-31 
-4.6927886418e+14 
2.0230536393e-05 
4.8984336853e-01 
2.2682909808e-35 
9.6947516593e-22 
-2.8629895680e+09 
-2.8293492272e-02 
-2.2456260462e-10 
-1.2085856870e-02 
2.6053193997e-20 
4.1512546886e-05 
9.6436327348e-14 
-6.0666209684e-21 
3.6749919021e+21 
5.4149021644e+14 
-1.9518002500e+06 
2.7541966438e+00 
-2.6637185306e+16 
4.2626676645e-18 
1.9761347620e+21 
-3.1437688739e-24 
8.3502524261e-25 
2.8433211082e+33 
4.7601649483e+19 
-7.3856133120e+09 
-3.8118003679e+27 
3.1804723696e+35 
-1.1343542623e-19 
-4.1966243355e-37 
7.6271490479e+02 
2.9631703077e+16 
-3.1771178824e-26 
5.9376241552e-05 
4.5045964079e+35 
1.2578341071e+34 
4.9431110546e-29 
5.8412963746e-34 
1.1352173140e+24 
1.2223938942e+01 
-3.5453291196e-28 
-1.7102618377e+27 
-6.9778538530e-25 
-6.3762933760e+09 
-3.4248258374e+22 
-3.2186004498e+26 
3.3359999717e-18 
-4.0182856582e-27 
-4.4181985004e-07 
-2.5303812619e-33 
2.0987333130e-20 
8.7617775757e+14 
-1.4502411673e+38 
2.2214374613e+31 
4.7900759035e+33 
5.8874856085e+33 
1.0073212928e+10 
7.9992318142e+35 
-3.0293650245e-28 
1.8356383057e-22 
1.9834804157e+35 
1.9744137436e-09 
3.3042709291e+35 
4.1427672015e+26 
8.0752914692e+33 
-4.2285246732e-22 
2.3717442530e+33 
-5.0719488000e+07 
5.8306976000e+08 
-1.8231879816e+15 
-8.9658649225e-15 
1.9430688000e+09 
9.9983443369e-23 
-1.1095595607e-13 
-1.1602560223e+26 
-8.2409068788e+31 
1.0194833912e+33 
1.7404192670e-11 
-2.8313106883e+35 
-1.1761327510e-35 
1.3324745682e+20 
-5.9839450722e-26 
-7.3537666027e+22 
3.2358075571e+14 
4.5226373291e+02 
-1.7422015281e+22 
2.8473882594e-06 
1.6083782205e+13 
8.7169940000e+06 
5.2960161120e-02 
-1.3191501562e+05 
4.6342924208e-14 
-2.3511927154e+25 
-3.5645048009e-15 
-1.5603591052e-25 
-4.8098240000e+06 
-7.1467336614e+19 
-8.8108815559e+36 
-4.0365444825e+13 
-1.0067562844e+34 
9.0181886008e+21 
-1.0873611505e+30 
2.1228317901e+11 
3.2686143132e+19 
            nan 
1.8949984038e+35 
-1.4117083629e-04 
7.9536712539e-31 
1.2325954000e+07 
-3.8650368903e+36 
-1.3028561552e-20 
2.1961085822e+21 
1.8440656039e-14 
1.0544668668e-27 
5.5870015039e+14 
-3.9645395200e+08 
-5.2431468800e+08 
3.3921227162e+11 
-6.6104447509e+27 
9.3023852800e+08 
-1.6006241189e-24 
1.1216722407e+20 
-3.2515877062e-14 
-9.5644245710e+35 
3.4592778364e-35 
-9.4351868000e+34 
-2.1392054558e+00 
2.1830781895e+14 
-4.8150496863e-25 
-1.1725917379e+33 
-8.2739200021e-16 
2.3510338739e-02 
-1.0896257188e+12 
1.0174500465e+01 
2.7138736391e+23 
3.0954428354e-08 
-6.0987174568e-18 
3.9688370636e-17 
1.2726306406e+11 
7.0739085700e-09 
1.5706943921e+37 
1.1641011889e-36 
-6.3689067908e-11 
-9.2869095889e+28 
1.5951711533e+38 
2.8319435019e-21 
-1.0409242366e+17 
-5.4103438787e+13 
-2.4979176308e-21 
4.0087656611e-19 
8.0361503933e-05 
8.7238674228e+19 
1.8065930642e+25 
1.5729176475e-25 
4.6327190400e+08 
9.4902236015e-05 
1.0171618214e-08 
-2.3084679301e-29 
-4.2079231766e-10 
-2.5181868851e+11 
1.5472560981e-36 
6.8516924704e+19 
2.0627145825e-10 
-6.1640358103e-35 
1.2349940091e-01 
1.0569754399e-17 
3.4817006250e+05 
1.5878035784e-14 
-2.8970112689e+19 
1.6087076294e+22 
1.2313295364e+01 
1.2489413359e-37 
-9.5082531258e+13 
-5.5930880399e-39 
1.0637066361e-28 
3.5559164465e+21 
-1.9828777741e-36 
-1.5417905790e+23 
-1.5395079250e-16 
-2.5405544000e+08 
-7.8780453675e+37 
3.8854923066e+26 
1.9982110920e-33 
-2.8425396875e+05 
-1.1744482391e-17 
4.5139011521e+32 
-3.1040830422e-37 
4.1773771662e+21 
6.5396882779e+22 
-8.3707400000e+07 
6.3676330260e+18 
-1.7764230403e-16 
-3.8643029863e-23 
-1.0583311456e-20 
7.9667288065e-01 
-1.1405488030e+13 
1.0274970400e+08 
2.9783968359e+27 
5.7924816489e-19 
-3.4879574016e+10 
7.3322084931e-29 
-8.4253017305e-16 
-6.9968066371e+31 
-1.1354738638e-24 
2.8009851682e+34 
3.7924977914e-33 
1.2997971773e+00 
-4.7304414608e-08 
-1.0533632000e+08 
-2.9344401505e-31 
-8.5398471355e-01 
8.5143253115e+23 
7.0919502731e-36 
1.6553710933e-22 
1.0235712886e-37 
3.4989903994e-22 
6.7585313999e+18 
1.2112222321e-29 
4.2948906738e+17 
-1.1033701552e-29 
-1.8236101427e+11 
-7.1016807886e-12 
3.0221928660e+37 
1.6471799258e+31 
-1.9400939778e+30 
1.2592508977e-25 
-5.6362394243e-02 
7.4035946032e-35 
-1.4547485696e+10 
1.6078192473e-34 
5.7933302358e-33 
-3.8268322500e+06 
-2.4071539200e+09 
5.3633092015e+28 
-3.2202321450e-28 
2.0040680572e+20 
-3.9091078736e-16 
-7.3218780037e+12 
4.3802452087e-01 
-6.1054095113e-09 
-2.6472400124e-26 
-4.0793504685e-10 
2.8983876953e+04 
1.0800421002e-08 
8.0163951158e+25 
3.4283880862e+20 
4.8247869440e+10 
-1.6259972535e-10 
-4.8233910363e+33 
3.1843328108e-28 
-2.0135907913e+17 
5.7645682026e+15 
-1.3111767780e+37 
-4.6533824880e-21 
6.7769228107e+16 
4.9005995006e+24 
-1.8006614904e-27 
-5.3371652000e+07 
7.1055266044e+19 
6.5118360105e+30 
-5.3302494049e+01 
-1.4413895127e+18 
-3.7861949440e+09 
7.8610151352e+21 
-7.2171937750e+18 
3.1699360000e+06 
2.6410475584e-08 
4.0959739940e-12 
-5.8199807427e-06 
3.0393126953e+04 
5.6739059791e-34 
-1.0147893760e-19 
-6.9339542046e+34 
3.3375162749e+15 
-1.3701658722e-17 
-4.6877752175e-04 
-2.3980307337e+34 
4.1942798119e+33 
3.3682194367e-26 
1.8013803315e+11 
3.4680272165e-06 
-1.2523405923e-10 
1.0325352552e-11 
-2.7073228308e+12 
-5.5748893606e+14 
-1.0394550372e-05 
5.5476430804e-02 
-3.2888769230e-38 
3.0787725191e-33 
3.1565377611e-19 
-3.3713693458e-14 
-4.5436934215e-09 
-2.5674323778e-12 
1.1044593137e-28 
5.5261433880e-30 
-6.0337305683e-36 
1.0893820581e-04 
1.7807003409e-21 
-5.4313206250e+05 
4.5853001646e+26 
-2.9638321408e-17 
-1.9678896003e+30 
6.0277430758e-21 
4.3351422632e+36 
1.8317604627e-24 
-3.5462738567e-14 
-1.0413940248e-18 
-1.1340902420e-03 
-4.6234753906e+04 
1.7528268988e-20 
3.9135254812e-17 
2.1487589261e+13 
-2.0477029029e-03 
1.9537659828e-03 
-2.5642986730e-21 
-2.4885821440e+09 
-1.0584519236e+25 
6.9960909863e-31 
6.4924253983e-29 
7.6539611816e+00 
1.9420031915e-17 
-2.1329961264e-38 
2.2093660831e+00 
4.1318326257e-29 
-1.2881511680e+09 
-3.5963403125e+05 
1.1298026430e+27 
5.7607931822e+12 
-4.9052008677e-08 
-8.7375265360e-01 
-6.9981464166e+12 
-1.5743419539e-29 
-1.5658853123e-21 
8.0309325889e+27 
-6.6583404816e+16 
-3.4831734762e+25 
-1.6519790336e-07 
-5.9969630107e-22 
-1.9113125546e-31 
-1.2432211208e-25 
2.7474776943e-38 
-6.3938077887e+34 
1.6641768217e+00 
-1.5731550454e-27 
1.7857466231e-17 
-4.5278251544e+36 
-2.3610863818e-33 
1.1872878188e-38 
-4.3763821013e-03 
3.2135811208e+32 
-1.0404212844e-05 
1.1685671996e-21 
-6.8242256530e-03 
-7.9900272191e-02 
-4.7328713989e+02 
1.0872089394e-33 
5.8483523099e+20 
6.2169367432e-09 
7.8449016883e-07 
8.8800966675e-34 
-3.1492687961e-30 
-1.8403937564e-24 
2.8124846896e-09 
-8.0580467011e+16 
-2.6469274731e-23 
-2.4105517049e+35 
5.2839908901e+14 
2.3492840512e-33 
1.9602125883e+00 
7.6184156219e-35 
-3.5607808000e+07 
1.5126178395e+35 
-1.6343758064e+26 
5.6400253906e+04 
1.0903080294e+21 
2.6575855750e+20 
3.6236576052e-27 
-2.0700604751e-34 
2.3147623759e+32 
-2.2311019884e-16 
4.6505958425e-20 
-2.9432176789e-34 
2.0881163749e-17 
-6.6576897939e+22 
-8.0391770691e+36 
2.7481281615e+33 
-4.8694496400e-06 
1.9415150317e-26 
-2.1007844014e+33 
3.4901282500e+06 
-6.9624248281e-32 
-3.0314485697e+22 
-1.2724633587e-27 
2.1646612367e-05 
-9.3082091272e-38 
-8.3656980106e-31 
-4.2587800766e+29 
2.8737982010e+29 
2.8800436278e-33 
-6.7437041609e-16 
-4.7082783469e-32 
-5.2890908876e-27 
-1.1042320511e+20 
-1.4348572731e+01 
1.0553250390e+26 
-8.1622685493e+19 
5.2635552979e+02 
-3.5058068448e-08 
9.9837922651e-11 
1.5136938477e+04 
1.5504566464e-15 
1.3594763097e-22 
-3.1711011030e-17 
1.0070008278e+01 
-1.3438046875e+03 
7.0929035255e-34 
1.9679536671e-19 
-3.4108002533e-10 
5.9095914476e-03 
1.5991729235e+35 
1.0266397975e+36 
4.6266628982e-24 
-6.7223210335e+00 
3.1685069203e-01 
-6.8462290289e-16 
-2.9564031689e+38 
4.9966405000e+06 
1.8255298385e-19 
1.3153397130e+19 
-2.2591462110e+36 
1.1386216618e-02 
-1.3277829625e-02 
3.2035362500e+06 
-7.9299353542e-12 
3.0945780873e-01 
2.1454344790e-07 
-2.0992708189e-20 
-8.1927622910e-30 
2.4952614226e+33 
-6.7551034129e-37 
-1.7211406696e+21 
-1.2031614460e-07 
-5.7886358351e-02 
-3.9187509208e+22 
8.8101500508e-24 
-1.2216796875e+03 
1.0330186153e+36 
1.4368478593e+13 
4.4138451310e+27 
2.3201016302e-04 
2.8064761774e+12 
7.8590054489e+23 
-1.5466644799e-25 
1.7097349198e-13 
4.7325391010e+15 
-1.5024790518e-37 
-1.7619969412e-06 
-6.4905206250e+05 
-2.6169679921e-33 
-1.2840102037e-33 
8.5228048289e-32 
5.1449124752e+35 
3.6461577181e+22 
-3.3560480783e-13 
2.3799046042e-26 
-2.4960316348e-23 
-4.7685685596e+20 
-9.0890455259e+17 
2.2751241922e-03 
3.2675444572e-09 
1.5625049791e+17 
-1.2700691193e-13 
2.8475917588e-06 
-1.4254794666e+22 
5.7659986740e-22 
4.3117334743e+26 
5.5891195728e-26 
-3.7955776300e-09 
8.0621632388e+34 
1.0119814246e+21 
-7.4954487470e+14 
7.4623681030e-06 
-1.3567151052e+20 
5.8580500208e-25 
-4.9187375637e-25 
-1.2223335200e+08 
-6.3304160012e+23 
4.0439049827e+14 
3.0221334485e-22 
-8.2030892372e-03 
8.3027742364e+37 
-9.4149270806e-20 
6.0693526176e+34 
-1.2834157666e+32 
-7.6949223876e-04 
2.4904124984e-08 
1.1931049459e+34 
-8.5645331714e-36 
-1.8674124810e-34 
8.4607917420e-31 
1.3597991086e-25 
-1.3753285183e-19 
-1.7064927279e+31 
4.7092463170e+35 
-5.9128519298e-28 
-5.5925342969e+17 
1.0255471507e+19 
1.5336429363e+18 
-1.1564787835e+37 
-8.5763083696e-19 
8.0853814366e-39 
2.1379458007e+12 
-4.3592207103e-27 
8.8577734375e+02 
-2.7770908303e-37 
3.4636742188e+04 
-1.4879783630e+02 
-3.5429123377e+17 
2.5580426666e-10 
-1.0941455078e+02 
-4.4002201080e+01 
-2.5580349218e-37 
-4.4852817383e+03 
-1.2885698531e-26 
9.0978574189e+20 
-2.1034361795e-02 
2.1300371165e+22 
-1.3261516761e-33 
4.6419481600e+09 
-2.7837111739e-19 
2.7752385893e-12 
-4.3409173377e-03 
-3.3250661881e-13 
-1.4797313600e+08 
-2.0225745349e-32 
1.3039117456e+35 
-2.2485562544e+17 
2.5193949338e-26 
4.6435412281e-32 
-8.3765266741e-19 
7.4647792640e+09 
-2.1927083873e-33 
-1.1162734375e+03 
-1.8494186401e+00 
-3.4285763226e+19 
-3.8630495244e-19 
-4.7999339617e+36 
-2.0426415639e+20 
4.1934837545e+34 
-2.8467335368e-13 
-9.8798045235e-20 
-9.7146003723e+01 
-1.8385045597e+17 
-1.0929380280e-34 
-4.9208109267e-03 
-7.6938176155e+00 
2.3039408689e+23 
9.3977439974e-05 
6.5539525000e+06 
8.7756421059e+17 
6.1759213797e+13 
7.4625191963e+31 
-1.7936807126e-04 
-1.3123668761e+35 
3.7246416835e-18 
7.0694195183e+24 
-1.0967896923e+14 
-3.1118038336e-19 
-1.6222830549e+22 
-4.6753305583e-07 
2.4276501562e+05 
2.2164300470e-33 
-3.0538629795e+30 
-3.7754496698e-22 
3.3200576569e-15 
-1.4194281021e+12 
1.2700202460e+30 
2.3403044536e+12 
5.9445375329e+16 
1.8712235082e+13 
3.2037529137e+22 
3.3534536694e-30 
9.1037247330e-05 
5.5124701248e-08 
-3.3843578507e+31 
-8.9642912057e+25 
3.0204372239e+26 
-1.6400672794e-16 
-3.2120842883e-21 
2.0725470038e-32 
-1.6324352381e+19 
-5.6699159134e+34 
-1.7318606377e-02 
1.5821153498e-15 
            nan 
-8.7461002171e-02 
3.2532764507e+16 
-3.2873462175e-08 
6.6543802151e-33 
-9.4625200120e-08 
1.2890518643e-02 
2.5556092668e+22 
-2.2794610633e+21 
-2.3525328486e+11 
-1.0206423917e+16 
-8.8190194219e-05 
-1.6471092206e+14 
5.1157999708e+14 
2.4186657713e-20 
1.3318540493e+11 
-3.4582310624e+22 
1.1506314790e-09 
-7.1311490046e-09 
-3.2808542252e-02 
-3.4157867432e+00 
-1.1201842985e+23 
-3.8865781250e+03 
-1.2865199564e+14 
1.0669899374e-27 
-2.4001154000e+07 
-6.6399086229e-09 
4.1665722989e+22 
-1.2215142433e+31 
2.2146722500e+06 
4.5330640000e+08 
-3.2825198364e+02 
-1.9528278868e+13 
1.1531298841e+20 
1.2277038226e+31 
-5.1455322266e+01 
-1.2916426358e-27 
-4.6954662380e-11 
-3.9156702769e-08 
-7.4299634286e-23 
8.2160775488e+18 
3.3058823537e-24 
1.1292870785e-30 
7.2624004588e-09 
-4.7986412048e-01 
-2.9264640808e-01 
-3.4616646371e+27 
2.0475175653e+38 
1.9664912515e+13 
-2.1855544099e+17 
1.1891578018e+37 
-7.4954902077e+12 
1.1559387758e-06 
-8.0160429934e-04 
1.5903439258e+11 
5.0814651489e+02 
-1.7283154075e-10 
4.3895527838e+16 
2.8078873764e+29 
-4.8675800000e+05 
-2.5010892800e+08 
-6.9564620730e-10 
6.5520027420e-04 
-4.2433090204e+21 
-1.5724250070e-21 
1.8450379372e-02 
6.5749780852e+31 
-2.2982031250e+03 
-4.7878754828e+23 
-2.9352608105e+34 
-1.4435956075e-07 
4.4207590339e-35 
-2.2981722355e+00 
1.4513308864e+26 
-5.4099605608e-36 
8.6734685670e-38 
9.3751585176e+18 
-9.9040927758e-21 
-6.4869080474e+18 
-2.0670187520e+10 
4.0546002519e+33 
4.0963411331e-02 
1.0612706134e+18 
1.2738646057e-21 
2.9810329118e-22 
-1.7318714822e-12 
-5.4070046172e-03 
-1.5388010442e-01 
-1.9661114573e+11 
1.9053199672e-24 
-1.7478807924e+20 
3.1099221469e+36 
-1.6887041067e-37 
3.7987679243e-03 
9.3092911368e-29 
-6.0420512000e+08 
-3.3298128794e-30 
5.4097712397e-37 
-4.7377505362e+28 
8.2789247784e-36 
3.4771465201e-30 
8.2407427979e+02 
-5.0319104000e+07 
2.8875264037e+26 
6.6919670878e-32 
-8.7270506164e-31 
6.0781750000e+04 
1.3132616878e-03 
3.7932727989e+23 
2.4045600891e+02 
-6.1234933514e-20 
3.2952658206e+29 
2.6727038599e+17 
8.9182064152e-20 
1.8388794155e-31 
5.1452613195e-23 
-1.3352707828e-11 
-1.8285281280e+09 
1.1204385887e+29 
9.3764120340e-01 
-2.1463952377e-28 
6.9122500590e-15 
8.2316190267e-23 
-1.6589486449e+29 
-3.1641356202e-10 
-1.0182050000e+05 
-3.0009148262e-31 
6.7035600000e+05 
-1.0842773788e+15 
1.2233591809e-24 
-3.5741912531e+13 
-3.1290817261e+02 
2.3738281963e+24 
-1.8473086172e-08 
2.4432480000e+06 
-1.7701222119e-28 
-4.4417982778e+18 
-2.1515531295e+14 
2.2029692069e+25 
2.7520931326e-05 
1.5081999781e+38 
-3.4563848838e+24 
3.2641442157e+25 
2.1095730363e-15 
-2.8443010000e+07 
2.4095223510e-36 
1.9020121795e+17 
3.9183933875e-12 
5.3676525430e-21 
1.3355651855e+01 
-1.5454647479e+18 
-7.6945743478e-17 
-1.7136222996e-12 
-3.6416596875e+05 
2.3330788461e-38 
-7.8253760748e+29 
1.6017017596e+37 
8.9478362497e-08 
3.9787064497e-30 
-2.2601513776e+14 
1.9707774049e-32 
2.8553904128e+10 
8.0900312500e+03 
-8.9602537322e+21 
4.8891079789e-29 
5.5057229474e-05 
1.0163721346e-36 
-1.1596897487e-14 
-3.1267489410e+35 
-2.1935366925e+17 
-2.9649840479e+36 
-2.1748173633e-33 
7.6446162889e-36 
-1.2838725638e-09 
-1.9532469396e+30 
-1.8103436295e+28 
1.0057622459e-13 
2.8696513394e-33 
-4.4400315000e+06 
-2.1119920637e-38 
1.7182454467e-03 
1.3382211153e-23 
-1.7791287388e+31 
-1.6847048623e+31 
2.6405431512e-37 
-1.6176074219e+02 
1.0078871248e+18 
-7.4146652222e-01 
4.8264447994e-12 
-1.1099506506e-18 
-1.5254610596e-34 
2.0195086987e-32 
-1.5081158544e-11 
-1.5886171875e+03 
-4.9143412723e-31 
3.1936582840e-31 
3.6782903112e-13 
1.7325745766e+12 
-1.7173675062e-16 
2.1379000854e+02 
-3.9998690266e+17 
-1.9486482140e-28 
-1.0003798251e-19 
-3.8714380935e-05 
6.3356220211e+11 
-9.3323760666e-06 
-2.0883295093e-10 
-3.1182346544e-28 
2.2140433809e+32 
-2.1808266640e-02 
5.2886180217e+36 
-8.2587180023e+24 
-2.2977090066e-15 
7.5845191693e+18 
1.4072227827e-09 
