2.3509887016e-38 
0.0000000000e+00 
0.0000000000e+00 
0.0000000000e+00 
0.0000000000e+00 
0.0000000000e+00 
0.0000000000e+00 
3.5873240687e-43 
0.0000000000e+00 
0.0000000000e+00 
0.0000000000e+00 
0.0000000000e+00 
0.0000000000e+00 
0.0000000000e+00 
0.0000000000e+00 
0.0000000000e+00 
0.0000000000e+00 
0.0000000000e+00 
0.0000000000e+00 
0.0000000000e+00 
0.0000000000e+00 
0.0000000000e+00 
0.0000000000e+00 
0.0000000000e+00 
0.0000000000e+00 
0.0000000000e+00 
0.0000000000e+00 
0.0000000000e+00 
-4.4236203410e-34 
7.1746481373e-42 
0.0000000000e+00 
0.0000000000e+00 
0.0000000000e+00 
0.0000000000e+00 
0.0000000000e+00 
0.0000000000e+00 
0.0000000000e+00 
0.0000000000e+00 
0.0000000000e+00 
0.0000000000e+00 
0.0000000000e+00 
0.0000000000e+00 
0.0000000000e+00 
0.0000000000e+00 
0.0000000000e+00 
0.0000000000e+00 
0.0000000000e+00 
0.0000000000e+00 
0.0000000000e+00 
0.0000000000e+00 
0.0000000000e+00 
0.0000000000e+00 
0.0000000000e+00 
0.0000000000e+00 
0.0000000000e+00 
0.0000000000e+00 
0.0000000000e+00 
0.0000000000e+00 
0.0000000000e+00 
0.0000000000e+00 
1.4298156250e+06 
-8.8316704328e-35 
-1.9397560079e-34 
-1.2061998113e+36 
7.4301535925e+30 
-1.7964904481e+13 
3.5786304614e-34 
-2.7911409495e-24 
-1.5566478750e+06 
-4.4817807617e+03 
-7.5008294687e-08 
2.7936931512e-23 
7.7150307617e+03 
2.8018161011e+02 
-8.2869387606e-30 
-2.5323133980e+24 
-3.1923429853e+26 
7.2812800407e+00 
2.0930558464e-24 
1.5735810547e+04 
-7.7807234487e-25 
-4.4960510314e+21 
-8.4778997760e+09 
6.3847551909e-25 
4.4326549347e-18 
-1.8870405997e-13 
3.2127761382e-23 
-3.6455552119e-12 
1.8630644750e-23 
5.5673119448e-08 
5.6341805248e-06 
-2.3296165216e-30 
5.0036090738e+23 
7.2209010008e+36 
-4.3480662321e-13 
-3.0656699754e+19 
9.9223841993e+32 
-3.2665955610e+35 
-5.1854517646e-32 
3.8568502886e+11 
3.7388634411e-08 
-1.4405973848e+34 
3.5141878990e-11 
-4.2919072487e-23 
-7.4809683715e+32 
-1.4863677309e-27 
7.0661000397e+11 
2.0451264954e+02 
-1.5934744166e+12 
2.1726650880e+09 
-2.7374511705e-17 
1.1967759217e-15 
1.4838374998e-36 
1.1673550075e-32 
-1.6899222508e-02 
-5.2325068902e-24 
3.1907090858e-10 
-3.1915432692e-19 
1.2481437551e+36 
-2.6033501841e+32 
2.1442122250e-26 
-1.1919845414e+18 
2.1601349980e-32 
6.2090629120e+10 
-3.2356956800e+08 
-2.0584076250e+06 
2.8922909412e+36 
3.9884651970e-29 
2.5102476933e-18 
1.8397899153e-19 
7.7546775273e+17 
3.2866360916e+21 
-3.4997069632e+22 
-4.6584003200e+08 
-1.5360707498e-11 
-8.8155624690e-04 
1.2500672892e-04 
8.7264169277e-26 
-7.5622400394e-25 
1.4595540917e-28 
3.2452006395e+34 
-1.1748677517e+13 
2.7773275626e-18 
-1.0772402415e-10 
-5.2128570651e-19 
-1.0090670776e+02 
5.9606486221e+11 
-1.0996374400e+08 
2.3222669394e+38 
-1.0896040464e+22 
-5.9481706671e+33 
2.7511788945e-16 
-6.1142915595e+28 
7.9682635888e-28 
1.0998384053e+38 
-1.0705332150e+15 
3.6436572417e+35 
1.8575965570e-38 
-2.9728408523e-15 
1.1563197104e-25 
-5.3223096038e-19 
-3.2016620466e-09 
9.7728303654e+33 
-5.4838619477e-35 
-8.3777592320e+09 
4.3945353600e+08 
1.5250447693e-33 
2.5351202843e-24 
2.4328242674e-31 
1.2483738719e+28 
1.0374344341e-14 
2.1184895386e+11 
-2.4468128204e+01 
-6.5904907418e-29 
2.2989157693e+21 
-9.2582430240e+26 
-4.3554253953e-11 
1.3290296176e-30 
-1.2181970772e-17 
-1.4470843000e+07 
1.4185981485e+19 
3.5958859350e-36 
-3.3794858481e+22 
-3.7128384000e+08 
-2.3534224309e+33 
-5.7481942790e-15 
-1.8632443757e+26 
6.8721850609e-36 
-1.0916620312e-35 
-5.0349954491e-17 
-3.8841979980e+02 
-1.4620522961e-06 
-3.2243136695e+36 
-1.1807074332e-31 
-2.7837932320e-33 
-2.4000592662e+14 
-1.5049613197e-32 
-6.9415174144e+10 
1.3526300900e-03 
-5.4539779719e+36 
            nan 
2.8494166826e-21 
9.7437601590e+20 
-4.7456042480e+02 
-2.9507550171e+25 
-3.1359950672e+15 
3.4437461671e+34 
2.3965734976e+15 
4.9483439785e-17 
-7.9274584961e+02 
-3.8654472209e+30 
8.1155470756e-17 
2.4052424220e-24 
4.4824140972e+13 
-6.4148799421e+32 
-1.0639771854e-32 
2.0233741219e-19 
9.7736677539e-29 
-7.3216774581e-06 
3.5053610562e-26 
-2.6440787500e+06 
4.6784383721e+23 
-1.1729897260e-37 
-1.0307401107e-22 
9.9072611332e-01 
6.3802219520e+09 
-9.7270232000e+07 
2.6514679463e+33 
1.0984067420e+28 
4.8101586186e-31 
6.1092600226e-02 
4.0108603638e-38 
9.4062427274e+26 
-8.4859281569e-35 
1.4056208189e+17 
1.6628641792e+10 
-1.4697407162e-18 
2.3262293617e+37 
3.4800909925e-03 
1.5482770585e+29 
1.5294149591e-07 
-5.3191329821e-17 
-1.6671520472e+00 
2.3983647608e+33 
-5.5917492381e+32 
5.7008369277e+14 
-1.0063558125e+06 
-1.7605533821e+30 
1.3077606254e+20 
-2.3870522636e+25 
-5.1188572957e+37 
6.0767918080e+09 
-1.2159319173e+14 
8.4417520690e-34 
2.1302071421e+16 
4.3060004107e+25 
3.6501674692e+25 
3.5541062412e+14 
-2.1120702984e+35 
-9.7982725499e-34 
2.3670788854e-02 
2.7877073288e+01 
-1.0318175316e+01 
1.3705286300e-27 
-1.9675370311e-07 
-4.6488358427e+32 
-1.2843694094e-05 
-2.1009825180e-24 
-8.0263257152e-10 
6.8052866784e+34 
-1.4365594419e+11 
-1.9639718118e-07 
-2.0596795185e-18 
-1.0845413165e-19 
-1.7106073674e+28 
2.9681123328e+10 
-3.1129285427e+12 
1.4100914504e+14 
-3.2540807402e+28 
-4.0608644485e-02 
4.8389567632e-29 
1.2332025612e+28 
-2.9162600000e+05 
-3.7525082007e-05 
-5.6024089917e+25 
-4.0102525067e+27 
9.4384030301e+30 
-9.3413888000e+07 
3.4351756995e-09 
1.3084021366e-10 
-1.4158995628e+01 
8.1785313280e+09 
-1.6813794016e+27 
4.2078000000e+08 
1.9577576063e+33 
-3.1216820690e-29 
-1.1189124194e-25 
-1.9094853724e+32 
-1.8619296875e+03 
-4.4740960684e-33 
-1.2004331157e+29 
-7.5947699518e-11 
-3.3554039480e+25 
1.1417695540e+20 
8.6748408402e+32 
7.7465942383e+03 
1.3418231504e-07 
1.7951371148e-02 
-9.2703607920e-34 
-4.1430257842e+17 
1.4073936603e+28 
5.9318598631e+13 
1.3169448774e-30 
2.6904677581e+11 
6.6516400000e+05 
-1.1941012937e+20 
2.8824781111e-05 
-9.8762086400e+09 
1.2160633610e+35 
3.9567935606e+36 
-6.5019868882e-30 
7.4498359886e-28 
3.8821902253e-18 
8.0829200000e+05 
-6.3728324204e-35 
-3.5232926522e+19 
-3.8809181091e-32 
8.6572392038e-19 
3.1039680428e+38 
6.6100624030e-31 
-3.4510493759e-35 
-5.3642068565e-10 
7.9164635873e+12 
-1.4495398366e+28 
-1.6255341138e+33 
1.2394459577e+24 
1.3836025856e+10 
2.4111065133e-36 
6.2517395020e+00 
-7.1411430836e-03 
-7.1809842126e-35 
1.1956964960e+33 
-3.5359289344e+10 
1.8539206405e+19 
-1.9509164800e+09 
-5.5956969744e-13 
-3.4006410036e-26 
2.3245965226e+26 
1.4156311523e+04 
-4.7278672072e-34 
3.5559197500e+06 
1.0220574932e+18 
-2.6590345759e-29 
1.5688758760e+35 
9.2020992381e-35 
7.2750062187e-37 
-5.5840046129e-12 
-6.0383480000e+07 
3.2960072746e-22 
-1.9697644711e+00 
-2.1911250769e-06 
-8.6015502285e-16 
2.1250384047e-36 
3.9152669115e+37 
-1.1688084625e+31 
-1.7937423287e-38 
5.0557211258e+23 
-6.0632219021e-33 
-1.2086479514e-37 
-1.3084873750e+06 
2.9148038314e+29 
2.4877474670e+34 
1.4280618512e+17 
-4.1008236490e-29 
-2.0947502694e+11 
-1.2817676698e-08 
2.0690017600e+08 
-2.9733282645e-05 
-1.5439781149e-15 
2.0769137024e-17 
3.6056318879e-01 
2.5052440576e+10 
-9.8088183409e-11 
-1.0874164640e-16 
3.4001596506e+27 
-1.0380856949e+24 
4.3794672852e+03 
-6.3235273178e-23 
-1.3011599397e+15 
3.9398757745e+15 
-6.2327376090e+23 
3.0074265112e+37 
-1.6094351517e+28 
-1.3176909096e+35 
2.0492617381e-08 
-2.6008675200e+08 
1.3583523687e-03 
-9.9155780808e-11 
-2.7498479616e+11 
-7.9331492025e+26 
-6.2904723027e-37 
-2.5420082234e-19 
2.6833985942e+14 
2.9588900568e-30 
1.4405601542e-04 
-2.2345580433e-32 
2.9465159569e-30 
6.8423587500e+05 
-3.9561429617e-24 
1.5580611823e+34 
-2.2133438677e+13 
1.5123454491e+37 
-3.6959038260e-12 
3.3296764000e+07 
-5.1769643647e-34 
2.2536199747e-19 
2.0428084171e-37 
6.4043449204e+15 
7.4098130944e+10 
-8.0817358368e+31 
-4.1341935616e+10 
-3.5225023596e+37 
2.7684649693e-33 
-1.7508104978e+31 
-7.0471163627e-11 
-3.8388738281e+04 
-2.6992059708e+01 
2.6601666585e-02 
-6.2524882378e-04 
-1.3495307649e-03 
4.5175985000e+06 
2.7234673437e+34 
-5.5069887139e-07 
1.1304241395e+17 
1.2147120624e+23 
2.7753555218e+15 
1.9444071967e+33 
-4.5357287182e+35 
3.0335321426e+01 
4.4848563200e+09 
-7.5308520358e+31 
3.6422277530e+11 
2.0734271711e+14 
-6.2417149138e-07 
7.8929062890e+37 
4.9268766361e-25 
-1.9784850801e+35 
-6.4776672843e-06 
2.3991495312e+05 
4.2410588800e+08 
-6.6329865246e+26 
-5.5286828435e-25 
1.2226434570e+04 
-1.2708651991e+12 
-7.0417918556e-32 
-5.6191173297e+20 
-5.8390365601e+01 
-6.7916196183e+37 
5.4084325810e-29 
-9.0936020514e+14 
-4.0921570947e+36 
1.9314632500e+06 
-2.7594142011e-04 
-3.2045782064e-06 
-7.0299922974e-15 
8.6450273755e+32 
5.7922939641e-33 
-1.4544172800e+08 
-7.0187825573e+22 
1.1233270358e-37 
1.6427928781e+11 
1.1614556456e-27 
-6.0382122747e-29 
-1.0557761016e-05 
3.0101880832e+11 
-3.2274602563e-04 
6.0950602994e+33 
-9.2048430465e+14 
-2.9738619141e+04 
-2.7956887160e+35 
5.1382507991e-06 
-8.8134002873e-29 
1.6445727432e-24 
6.0330296269e+23 
-8.0782385000e+06 
-1.0761751541e+27 
6.2994552869e+37 
1.0904918909e+00 
4.2517599085e-23 
-8.3282154769e+37 
5.7607013559e-07 
7.2802162696e+17 
-1.5178229627e+33 
1.7199032572e+19 
1.5915734552e+18 
-4.3368205711e-23 
4.3970505967e-26 
-6.4508044247e+12 
-1.9992499939e-31 
-7.0952338243e-14 
6.2025815248e-01 
-8.1468113920e+09 
1.8781082814e+17 
1.7652040031e-26 
2.4621701906e-22 
1.0291843414e+02 
-1.1018658663e-32 
4.5931347511e-14 
3.2397842842e+11 
-2.0791206566e-36 
-1.3066444506e+28 
-3.1391988055e-24 
5.3738803611e-16 
6.5705474846e+17 
-6.0004596000e+07 
-9.5766902028e+18 
-4.8428206355e-04 
-3.7649802862e-29 
-3.4891666199e-22 
1.9088836414e-11 
1.2615916768e-27 
-8.7656093931e-15 
4.8149395858e-21 
7.4599502590e-34 
7.3625079405e+28 
-2.8342693868e+14 
2.7726170163e+22 
3.5935997952e+10 
-1.7255844839e+22 
1.9827738493e-35 
2.0872495312e+05 
-2.4680119141e+04 
-1.2831805000e+07 
3.3787966918e-16 
4.7920101914e-11 
-3.0110842000e+07 
1.5892626877e-23 
1.7959179379e+31 
-7.3557478088e-25 
2.4601446227e+34 
-2.0864359413e+32 
3.6322548000e+07 
3.7006877828e-03 
-4.7897151925e+35 
-2.6027460691e-14 
4.5435782683e-38 
-1.3434979564e-06 
1.4320812089e+21 
7.6796743353e-31 
1.3663341431e+22 
9.7737880424e-03 
-5.3161984682e-01 
-7.5689040426e+17 
1.2101661014e-05 
2.2668680366e+25 
-4.8545134878e+15 
9.5690295362e-20 
-1.9831470323e+16 
1.8265621866e+36 
5.7140391446e-29 
3.9044703169e+27 
-2.4193258286e+00 
-5.0391938281e+28 
2.6158895321e-28 
            nan 
5.5895153729e+29 
1.9569597014e+20 
6.1723238016e+23 
3.2808785168e-19 
1.0981100464e+02 
-6.4795264942e+12 
2.3522885697e+30 
1.3953720264e+29 
-2.1731590095e-05 
-6.6084442139e+01 
9.0224358032e+34 
8.0327985883e-21 
-5.8913397397e+37 
-1.7326243687e-03 
3.0345365234e+04 
5.1667895428e-33 
7.4466904635e-28 
3.3280277067e-22 
3.6798219001e+22 
2.6300432305e-15 
-4.2673953239e+16 
-1.6983280903e+19 
-6.5958256473e+21 
-5.8226545214e+16 
-4.0130187500e+05 
-3.4985458336e-35 
-3.8074960489e+28 
3.1420738697e+00 
5.8238345702e-08 
-2.4320007812e-24 
1.2339981348e+17 
1.7608253012e-24 
1.6633476996e+20 
3.0789479410e-07 
5.5631591067e-07 
-2.9853415439e-23 
-1.1298320442e-01 
9.2887171564e+20 
-2.2338389294e+37 
6.2401041722e+25 
3.8424258883e+31 
-8.6744531958e+25 
5.3869720081e+18 
-1.4789410811e+38 
-1.3976917221e+21 
-4.9843717120e+09 
-2.5550725765e-29 
1.3950115442e+00 
1.6528850794e+00 
2.5014861962e-18 
-2.6117806947e+21 
4.8304189034e+19 
4.4217417659e+29 
6.4798316956e+01 
1.3503125018e-15 
-1.4310958574e+19 
1.4401959935e+25 
-8.6600293832e-16 
-2.2851222177e-18 
4.5928632238e+22 
-2.8048769024e+11 
7.3237689600e+08 
-1.7173283550e-22 
4.2881059881e+23 
1.6276796873e-14 
1.7808973385e-29 
3.2281944752e+00 
4.3650135040e+01 
1.3153777378e-32 
4.3159738281e+04 
-1.8652803556e-04 
1.4309199708e+12 
-5.0246121465e-35 
-1.0635403629e-30 
-1.5396432807e-37 
-1.3731120122e+19 
-2.5206971561e-37 
4.7760364900e-20 
1.1561136926e-03 
-7.6325912675e+32 
-2.0185656580e-21 
4.7459003548e+36 
1.8340929139e+31 
1.2818156250e+06 
5.1592941391e-36 
2.6217735990e-37 
3.7239497829e+29 
-1.1238530702e-34 
7.3879684109e-14 
2.0439058842e+27 
1.0087494656e+10 
-9.8355478556e+30 
5.6553266225e+20 
-2.0721252256e+16 
-4.7341453674e-11 
-7.5461599945e-20 
-1.4778187755e+34 
1.8868721851e+37 
-6.7181800049e+21 
7.8524593039e-17 
7.1372172852e+03 
8.5219177492e-08 
-9.9984335899e-01 
-3.0486686707e+01 
-4.5277288858e+11 
4.1097968000e+07 
-1.9700340161e+18 
1.7703401383e+32 
7.1318321331e-35 
-6.0108679726e+35 
3.9591363733e-23 
8.4552419139e-05 
-4.2451551212e-26 
1.2086420189e-13 
1.2753564249e-07 
1.2715682617e+04 
8.3885100101e+37 
-2.6076292710e+11 
3.5721440616e-19 
-9.0228989745e-28 
1.4688539378e+31 
-2.7748814357e-09 
1.8769458422e-26 
2.8430166207e-12 
-1.8579617188e+04 
1.3943034732e+36 
-2.1543545197e-23 
-2.5751160000e+07 
4.7794038692e-13 
3.5122469312e-18 
-5.3422896351e+34 
-1.3046722610e+31 
-1.6778829865e-25 
-7.5508523991e+12 
-3.6303247541e-33 
-5.0644348071e-18 
-1.0367915263e+19 
2.6114098728e-02 
3.0114576750e+19 
-1.7592717882e+14 
-1.2667260992e-23 
2.1256859303e+00 
-2.7780078817e-03 
4.8899369176e-06 
-1.0907796270e+32 
-9.4029374162e-32 
6.4736888744e-03 
-2.3779163620e-29 
8.5545448000e+07 
1.7478579655e-02 
1.0442108066e+25 
3.1137687935e-22 
6.8341858086e-15 
3.2923275217e-09 
-1.3582909000e+07 
1.1550618140e-29 
5.3536553600e+08 
-4.7485635185e+32 
-3.5555317678e-34 
3.3040538010e+12 
-8.6791260160e+09 
-5.8506709173e-24 
4.3086170197e+01 
9.2361408268e-28 
-6.0571105886e+13 
1.9902895312e+05 
-2.0757892828e+25 
1.6723910668e-12 
7.8838692519e-11 
-2.7474404907e+02 
2.1003041484e-20 
3.7106691053e-08 
7.0898225000e+06 
-2.8616729504e+34 
-9.5066249773e+33 
-2.5877940176e+35 
2.0805143286e-03 
6.6707965412e-15 
-1.9387695312e+05 
-6.4149959024e+15 
-7.9856104000e+07 
4.2230095347e-30 
-1.1294012416e+10 
-7.7153058412e+15 
-1.0478742761e+37 
8.2496163668e-04 
3.1632073967e-32 
-1.3744433956e-28 
-3.9478768958e+20 
6.0467238281e+04 
-1.5223078990e+24 
1.9121446651e+26 
1.4965695312e+05 
-1.5726141012e+25 
-4.6117288874e-19 
9.9992991192e+15 
7.9981198814e+16 
5.4702032357e-02 
-2.2148619141e+04 
1.2696561404e-02 
1.2553395696e+17 
-3.6407845055e-13 
7.5650246198e-23 
1.4016572000e+07 
-4.2956773121e-13 
6.1325815789e-34 
6.1215682070e-35 
-4.3280704245e+20 
3.5830894665e+37 
4.6496026412e-30 
6.4512851273e-29 
6.5086147916e+22 
-2.3026965379e-27 
4.0348801827e+15 
6.7956003598e-26 
-6.9028700254e+33 
-2.0390252750e+33 
-1.6627759317e+13 
-6.7191106845e-11 
5.6068243798e-11 
1.4311812096e+10 
-1.5242616930e-24 
1.5858142368e-15 
9.6752659196e-37 
6.9690203857e+02 
3.5504476929e+02 
-3.4996706543e+03 
-9.3625483188e-17 
-1.2654981261e-20 
-7.9774460755e-04 
5.5894539463e+17 
3.9698390000e+06 
1.2101250550e-15 
-6.6582275237e+21 
-2.4260367188e+04 
1.6746941149e-24 
1.5063056358e-10 
8.7167743651e-21 
-9.0504985313e+12 
7.1927065224e-32 
-1.2444270396e-05 
1.4176289551e-03 
1.0202044711e+28 
-2.8448724218e-38 
-2.1527020166e-09 
-5.4245279107e+32 
-8.1176120525e+11 
-4.8402920532e+02 
9.4017358497e-03 
2.3353831483e+19 
6.8117946249e-17 
-1.2354050446e+02 
8.3898842193e-20 
-2.6879860439e-14 
6.0233850360e-26 
-2.6315573527e-13 
4.6244852240e+37 
2.9953484800e+10 
-4.7331332325e+13 
1.8929033538e+15 
2.5067418160e-29 
-7.6281294948e+22 
3.3780648598e+32 
8.3316224770e+18 
2.6773370000e+07 
-1.3121854991e-10 
-5.5849653267e+32 
-1.3189292804e-04 
3.0400646656e-31 
-1.2796938381e+17 
4.2443535665e-12 
1.3620525599e+00 
-5.2237499659e-08 
1.1776685735e+21 
6.0651310293e+31 
1.0871221246e+18 
-1.2243105630e-05 
1.6113769848e-29 
7.5212694216e-17 
-3.2447095479e+15 
8.2248615623e-31 
1.2005789573e-17 
-1.2840552628e-01 
1.5779631730e+34 
4.4550038739e-39 
1.7223167952e-36 
-5.4539256472e+20 
-7.5418609329e+20 
-5.3059997299e-05 
-3.9616063924e-31 
5.6116623878e+00 
9.9400911113e-11 
-2.5250694752e+00 
3.5907539653e+25 
2.7664436075e-08 
-5.7530034409e-17 
-9.5213816561e-39 
-1.0368634384e-22 
-8.6456988368e+15 
-4.9566958741e-24 
-4.8284479595e+34 
3.4815514088e+00 
-1.7580424182e-28 
-1.2508666078e-32 
-1.6092048822e-14 
-1.1459231480e-10 
-8.2340387500e+05 
3.7328343817e+34 
-7.3989928505e-32 
3.8176742188e+04 
-2.4815900446e-08 
-9.7971054411e+32 
-1.0464189063e-26 
8.1083993600e+08 
1.6255946127e+17 
-5.2612387500e+05 
-5.4564027003e+33 
-4.2682814616e+17 
-1.3449679586e-22 
8.3454501629e-01 
1.2324723571e-36 
-3.3431604611e-35 
-1.6432098246e-15 
-5.7730866803e-32 
-3.5036872164e+20 
-1.9906410018e-20 
-6.3140559196e+00 
3.7967189761e-17 
2.5850478902e+21 
-1.4117869568e+02 
4.0232494730e-26 
-2.3673693091e+17 
1.6307931394e-10 
6.8986979119e+19 
7.6994318962e+00 
-5.6398744993e-34 
-1.1974994875e-31 
-2.4606281193e+30 
-1.5250567521e+24 
1.0242279997e+12 
-1.3828951248e+37 
-5.8062924043e-13 
-7.2155853271e+02 
-1.2782330489e+38 
7.1590304277e-26 
-2.3742562537e-19 
2.7809725966e-33 
2.6865234800e-17 
-2.7206606533e-36 
3.3314455301e-02 
1.1641086400e+08 
-7.4045756277e+13 
-1.5540948878e+37 
8.4031233594e+36 
2.8738123047e+04 
1.8278454312e-14 
6.6397759768e+35 
1.4945804141e-02 
-3.9214262288e+30 
8.3090054997e+37 
3.3954258887e+22 
-6.1615600828e+15 
1.3682042142e+30 
7.5467433264e-39 
-1.3138540006e-27 
-2.6085308403e+36 
-3.0080370721e-25 
8.0868596585e-27 
-1.3956303889e+31 
1.8667759126e+23 
1.6065845875e+23 
-5.6956424371e+28 
5.5013991695e-18 
            nan 
7.4314434814e-12 
-9.9307499113e-06 
-5.1682830027e+30 
-5.7194776693e-10 
1.5716248348e+14 
2.0627846003e-27 
6.4653831849e-26 
8.8716715304e+22 
3.8418523333e+34 
1.3362018229e+14 
-2.3066629425e-28 
-3.4578865379e-12 
-3.4136039423e+31 
-1.0329483763e-29 
6.3157852992e-07 
-3.6032702429e-12 
-1.1211123743e-15 
-1.8927267189e-17 
9.3367349842e+18 
-7.4543799506e-26 
5.3963362632e+25 
1.4427090554e-23 
-5.3953621754e-16 
5.1854806221e+11 
6.0461470366e-21 
-4.2825468000e+07 
-2.7111892731e-09 
8.2326390049e+29 
-1.7366982231e+31 
-2.9489848214e+25 
4.0285590400e+08 
2.6257779598e+00 
-1.5869887261e-31 
2.9791957786e-05 
8.2151659520e+09 
-2.3782845440e+09 
7.5060159042e+24 
-3.2564668813e+17 
4.5910736084e+02 
4.4932524922e-26 
-1.8113745103e+21 
8.7791560618e-20 
2.4396061082e+11 
-1.2641845271e-02 
1.3082366700e-23 
1.1845534648e+27 
-2.8300160542e-02 
-3.8022976679e+28 
8.4408718365e-25 
-1.3829602875e-31 
-3.9598517755e-22 
-7.5131342746e-03 
7.2429095351e-31 
1.1297487221e+33 
3.6674845759e-21 
1.6725718854e-31 
2.2874347866e-01 
1.6043479486e+36 
-2.5060681148e-25 
-2.4494230000e+06 
1.2699129604e+35 
1.4669116000e+07 
1.5165091840e+10 
-2.3477808471e-23 
-1.2274919893e-26 
-7.2509436862e+37 
-5.2973283605e-37 
-2.9657518511e+26 
8.3677746356e-02 
1.1608389805e-08 
4.9913592860e-30 
3.7209698814e+15 
1.3694700503e-25 
2.8198227093e-16 
6.7775913525e+13 
            nan 
-1.7736970832e-17 
2.6953959847e-17 
6.5058149381e-20 
-3.4679054932e-22 
-1.6765291871e-31 
7.7365064918e-37 
2.2221592500e+06 
2.4767575935e-24 
-1.4709728569e-24 
6.6776136736e-28 
6.4175713115e-25 
-1.4087425074e-13 
-1.5894250655e-17 
3.8794275471e+19 
2.0743107301e+26 
-1.7839900595e-31 
9.2225372314e+02 
6.0374652752e-20 
6.7862476562e+04 
6.7614041269e-32 
5.2955434658e-03 
-3.7970329041e-22 
3.6337609169e-34 
-1.4459213403e+31 
-1.7517885809e-08 
-1.3762922883e-28 
-4.0914905835e-32 
8.0858244536e+18 
1.8234630823e+00 
6.5441236173e-28 
-2.5818898926e+03 
2.2138940765e+14 
2.0641053369e-29 
4.1738020246e-30 
-1.3645129285e+32 
-6.9208954227e+34 
-4.3054324000e+07 
6.1081155007e-31 
5.7980297852e+03 
-4.9749125977e+30 
1.9345827840e+10 
4.8064291436e-10 
-3.0651853726e+28 
-5.1767138714e+11 
1.8698233921e-28 
5.1976403483e-05 
-2.3785514374e+38 
-3.2022770029e-04 
-1.8856898340e-32 
7.7769256960e+09 
6.3578207609e+15 
1.1179461801e-09 
6.7031616211e+02 
-7.6115188122e+12 
-1.7409731539e+16 
1.6781602120e-23 
1.6729857275e+14 
-2.0123874509e-21 
1.1676380973e+23 
2.8726092732e-16 
4.9257252035e-28 
5.4122033742e+23 
2.1182315063e+02 
7.6009128049e-32 
-7.2616744366e+27 
-7.9401030442e+35 
2.8545570757e-40 
-6.9801536752e-28 
1.6135505575e-05 
1.5645183594e+04 
-2.2855980617e-37 
3.4177110000e+06 
1.0220295680e+09 
1.3602779250e-30 
2.9659052734e+34 
-1.6931138560e+09 
2.2753148928e+11 
4.1391228628e+25 
-2.4961711426e+03 
-3.2430480759e-22 
-2.0922321109e+26 
1.5785591386e-29 
-1.1225853600e+08 
-2.9728932369e+36 
8.6528571046e-06 
-4.1785998257e-37 
1.9850331711e+21 
4.5543597080e-03 
6.3386136293e-01 
3.2211790625e+05 
-4.0646562099e-16 
1.0197184570e+04 
2.8413616640e+09 
-5.2357754634e-13 
9.1224353697e-20 
-1.0454510469e+12 
1.2448509600e+08 
2.1381171723e+20 
4.2515233046e+21 
-7.3945731090e-22 
3.0853100325e+27 
7.4729377928e-31 
7.6399581250e+05 
-5.7990738281e+04 
-9.7057942512e+21 
6.7781253826e+35 
-1.1107255861e+15 
9.9001857577e-36 
6.0010096698e+18 
-2.5455792933e+26 
-4.5589515553e+15 
1.4111432000e+08 
9.7029294080e+09 
-1.7875850779e+25 
7.6613188016e-10 
-6.1205686352e-11 
-1.0513825054e-20 
4.1533633188e-29 
2.2786263879e+27 
-3.0046712922e+22 
1.7565885457e-07 
-4.8866990625e+05 
1.3819756407e+28 
-1.3954082727e+00 
-3.4107467746e-16 
-1.2196508140e-16 
6.5545056362e-12 
5.1241592422e+11 
3.5897300022e-21 
7.7582913637e-01 
-2.3446880218e-28 
8.2309345703e+03 
4.3299469290e-16 
9.0328893440e+09 
-4.8399851657e-03 
5.2234539008e+10 
1.7675388042e-37 
-1.1409411827e-12 
-3.5131086426e+03 
1.5843873587e+11 
-1.0378343380e-32 
4.6416916847e+00 
1.5269032960e+10 
1.0912684570e+04 
1.9002253044e+29 
-2.0941975655e+30 
-5.2764762322e-36 
-2.8657605071e-05 
3.0244677834e-30 
2.6361354776e+18 
2.2573806204e+14 
-7.5635570673e-26 
2.3615489021e-32 
-7.8670531313e+28 
-1.2414432422e-04 
9.8625971114e+33 
-9.2866431438e-40 
-6.6672533068e-26 
5.8591400200e+36 
-5.8421182464e+11 
-1.5382366620e+35 
-8.0478361060e-35 
4.7889390060e-33 
-3.3572769452e+31 
-8.5710780289e-35 
-1.6471472623e-12 
-9.2550637909e+36 
2.7103984356e-01 
7.5923933752e-15 
2.2411781336e-32 
1.1721543670e-29 
5.0730987500e+05 
-4.6484719496e-04 
4.3855532539e-09 
-1.4193254211e-11 
-5.0264334277e-06 
1.3547903964e+17 
-4.2055702920e-08 
1.1926003035e+27 
1.5963580000e+07 
1.0841471428e+24 
-1.4574548378e-24 
-1.4320828000e+07 
-8.3552798172e+37 
-2.9384266750e-30 
-4.9710309619e-16 
-8.2317901831e+26 
-1.0714890664e-07 
2.5911493750e+05 
2.6662598628e+17 
-5.4772792611e-14 
-1.3423695626e+12 
1.2486411255e-15 
-9.9736915074e+25 
2.0444918658e-34 
-1.1555864710e-08 
-8.5841876527e-20 
-1.7451512981e+16 
-1.8266033276e+28 
-2.1231815947e-14 
-2.1759417142e+31 
-1.1342173687e+17 
-1.2927876300e+18 
1.6046331439e-05 
2.0269811785e-07 
-1.7965597083e+32 
-7.8779711307e+34 
1.3049927321e+29 
2.9867052872e-25 
6.4015263481e+15 
-4.5431281459e-28 
4.4050873443e-20 
1.4462735480e-25 
1.6438804590e-19 
            nan 
1.0546208998e-30 
-6.2073117771e-24 
5.0844888900e-35 
6.7157348352e+10 
2.4012009395e-11 
1.2574364732e-23 
1.4955937616e-20 
4.5353564800e+08 
9.6257679360e+10 
4.3763466834e-24 
-2.9958032537e-03 
-1.5109126490e+38 
-2.9901268482e+00 
3.9398444507e-09 
4.0281054243e-30 
-3.5004565055e-33 
3.4550702299e-09 
1.5647673866e+26 
2.0999432192e+10 
6.7986547852e+03 
-1.5408590473e-13 
-1.8361682859e-18 
7.4511971453e+35 
-8.8688141373e-17 
-6.7044558901e-38 
-2.8984643450e-06 
-6.3883089244e+20 
-2.7626428687e+26 
4.4956262944e+34 
-5.6018046141e-28 
5.2542916684e-09 
4.6499521119e-15 
-5.9173032795e+14 
4.5318136235e+20 
-2.9929868361e-08 
2.2059225641e-25 
7.8880764544e-02 
-2.2181945125e-38 
-8.5057230515e-38 
3.0647253880e-05 
1.4059763295e+38 
-1.6559641536e+21 
1.0793285958e-35 
-6.7960970629e+26 
-8.6060918899e+13 
-1.5342155019e+14 
-2.6375880000e+08 
2.8166795252e-28 
-2.4159363631e-38 
-2.5456873844e+30 
-4.2265345002e-08 
-1.6975397429e-18 
4.4887555324e+25 
-1.2840386963e+03 
-1.8361418289e-11 
-8.8965308960e+24 
-4.9715469946e+35 
4.4136387795e-13 
-7.0461686414e-17 
-1.2121019132e+36 
-1.7084733151e-12 
2.2339542246e+17 
-2.5444538506e+22 
-3.5500095359e+29 
-5.6710378228e-24 
-1.6345904233e-25 
1.0767315200e+09 
-1.2536821714e-26 
-4.0842929865e+35 
4.8366992255e+28 
-7.1596127748e-01 
1.0283058754e-14 
5.4590708000e+07 
6.0594218532e-09 
-8.6400324646e-38 
-2.1548836467e+24 
-2.7762537167e+30 
8.3086723093e-22 
-2.4394874000e+07 
-2.7952219739e-07 
9.4852033929e+24 
5.4481438873e+19 
-5.4008093664e+32 
2.4395460385e-23 
5.5690540000e+06 
-9.3198011486e-22 
-3.0700206821e-08 
1.2052854778e-26 
9.3592207552e-14 
-2.4659291684e+31 
4.0896551923e-08 
-1.0973147136e+10 
3.4481564831e+24 
-2.5443990000e+06 
-1.2273368069e-22 
1.8381805632e+27 
-2.3045306603e+22 
-1.7733117221e-13 
2.5483236854e-08 
-6.4882867250e+20 
4.0166294639e-05 
-6.9948180030e+24 
1.3899837509e+38 
3.3206731587e-06 
-2.2887139600e-17 
1.1993266464e+30 
-2.3535764504e-23 
1.0441776332e-09 
-9.0017460938e+04 
5.5692759432e-31 
6.7280097268e+19 
3.5914397683e-33 
-3.2403728255e-05 
-1.1621356143e-18 
4.3651493712e-31 
-7.2831999240e-20 
1.5811059086e-34 
-1.0197568717e+12 
-1.1934360800e+08 
-1.2986033630e+02 
6.6086442985e-09 
-1.3697528839e-01 
4.0058620620e-30 
4.6831872000e+07 
8.6442500000e+04 
-1.7455078662e+17 
1.0003731216e-15 
-5.6900086706e+34 
-1.5975744167e-28 
5.0393671073e-27 
-2.8467202952e-31 
7.4183864607e-10 
1.5396687346e+15 
-2.7778511792e+32 
9.6377539556e-17 
2.1846773787e-20 
-1.7977128906e+04 
8.3069379280e-33 
-3.6341379303e-36 
9.0455387668e+12 
-1.2148464613e+32 
-2.9333016416e-38 
-3.3283673595e-09 
5.5486849406e+35 
3.1521952521e+37 
3.0910371562e+26 
-3.7145433778e+26 
-1.1107306732e-33 
1.5087709427e+01 
-3.1523087322e+38 
2.3359393391e-36 
-2.3740806205e-16 
8.3646380751e-27 
3.1480771864e-34 
1.1991060899e-19 
3.8372645339e-11 
1.4116006395e+27 
-2.4549581873e+26 
-1.2574221622e+29 
1.7552276448e+35 
3.2226532767e-06 
-2.4764016914e+38 
5.9186540970e+13 
1.9442011742e-37 
1.5357363736e-03 
2.9808333312e+38 
4.4730150515e-27 
-1.2935940430e+04 
-1.3047788308e+23 
-7.4280215212e+34 
-2.4816457084e+38 
2.0919256298e+24 
-2.4028008906e+29 
-1.1121543384e+35 
-1.0066712379e+01 
-8.4343535017e+33 
1.5639804641e+14 
8.3897326772e-21 
-2.2777592545e+12 
-1.7550737858e+00 
3.5849398874e-22 
4.1928540144e+33 
-7.8855046291e+24 
1.6429910129e+29 
-1.2336152140e-03 
1.8469750949e+34 
1.9910080482e-06 
1.9743216396e+14 
5.9195847698e+36 
-7.8605939200e+08 
1.9006257975e-17 
1.4675780194e-16 
2.3038382230e+29 
-1.2032814453e+04 
-2.1520803181e+24 
8.0343509109e-38 
-1.1172686321e+24 
7.3219528371e+21 
5.1444381939e-16 
3.9152942519e-19 
2.8664572937e-09 
-4.3177280000e+06 
2.1459472656e+02 
-7.2962037900e+25 
3.2349477725e+32 
-3.4865556622e-14 
1.5774987141e-38 
-2.2218317497e-07 
-3.3655396253e-18 
-1.7094902321e-16 
1.7201594752e+27 
-2.7192463374e+15 
8.4878975031e-06 
1.0406617408e-11 
2.8894108390e+36 
2.3348051745e+34 
-9.5446812250e-35 
-4.9132721930e+12 
2.7937750000e+06 
1.0652670630e+28 
1.5685241760e-19 
-1.4154416910e-14 
1.6147152608e-35 
2.6106842317e+12 
7.0776193439e-34 
1.5925683101e-06 
-2.6900597269e+26 
3.3285385132e+01 
-1.4397542033e-22 
3.8882700800e+08 
-1.0771785736e+01 
-3.5126226822e+16 
-6.7579389425e-20 
-7.6705390484e-08 
-1.8866916557e+11 
1.3214047216e-37 
-6.7976535512e-10 
-9.6509209834e-04 
7.6323147792e-17 
-3.8649845721e-14 
3.7051729737e+30 
1.5356671013e-12 
1.2040309570e+04 
-8.3911300660e-30 
4.4902369775e+14 
-1.6466830739e+17 
-7.0481547852e+03 
-2.5531343079e+02 
-5.2766165027e-05 
2.7532727731e-30 
5.2605015294e+13 
-3.3224489600e+08 
-1.6848431926e+16 
-1.0466394015e-02 
2.9726730240e+10 
4.2269086983e-19 
5.8854247614e-28 
-9.6356084258e+33 
-1.7157627584e-33 
3.0912463070e+38 
-2.3441915200e+08 
2.6424586417e+26 
-6.1944943666e-01 
-2.5275704296e+16 
-1.8222136796e-01 
-4.9138277168e-17 
1.2547374964e+00 
-4.4389190313e-20 
-5.8570750727e-28 
1.3337162104e-11 
-1.2510666400e+08 
1.6784013415e-11 
-8.7359976000e+07 
-2.7642232898e+28 
-3.0460499693e-03 
-2.1561259404e-02 
1.6030374298e+12 
-1.1646395826e+24 
-7.0514201980e-06 
-1.8015736680e-09 
1.2971216399e+26 
5.2776985232e-37 
2.4134524779e-07 
-2.1855625944e+20 
5.1353696686e-13 
7.5824556234e-07 
4.8513346135e-33 
-1.0463266670e+20 
9.2433540664e-30 
7.1718238182e-30 
-4.7440749380e+36 
6.6060036249e+29 
6.9090889402e+15 
-2.5373332324e-09 
1.5423037000e+07 
-5.4495512141e-15 
1.4035276250e+06 
2.1112814915e-24 
9.5130673970e-17 
-9.3952185119e-16 
1.3225646317e-01 
1.4599449463e+03 
8.6554057114e+11 
-1.2244444198e+26 
-2.6330599159e-11 
4.5687864078e-29 
-4.2957608565e-26 
-6.8489989071e-13 
2.8881371021e+00 
2.2857039954e-34 
9.5189434814e+02 
2.2409741605e-38 
-5.8182029308e-26 
-2.6579338651e+21 
-2.5911316470e-07 
-4.1798364160e+09 
4.1070369397e-28 
4.1517576336e-18 
8.9592558632e-13 
3.7762440286e-08 
-8.9995520773e+30 
-1.8232033472e-04 
3.2253041127e-07 
4.5670323780e+32 
-2.4414845979e+36 
5.4088844014e+23 
2.2659828941e+11 
7.7994606018e+01 
-2.4867240353e-21 
-6.8176915423e+21 
3.3012129043e+37 
7.5637033271e+13 
1.8801274000e+07 
2.2444759384e-09 
3.2935192500e+06 
-1.6290937310e-06 
1.9825071096e-01 
2.7791307171e-16 
3.3606518151e-19 
-2.3746388712e+21 
2.0899482071e-01 
-7.4030463285e+34 
4.1394915229e-07 
-6.1763408427e+34 
7.8810781250e+05 
-2.3692522564e-34 
-4.2817777422e-25 
-1.1962301000e+07 
2.9047961426e+03 
-2.0868370533e+00 
-2.4150970246e+36 
1.1697528511e-01 
4.1063974561e-23 
5.9703900577e+17 
-1.7605024383e-10 
-7.8872435340e-24 
-2.7511514282e+02 
-4.3169738253e+26 
3.7929705741e-06 
-4.7613493166e-19 
5.2690516862e+22 
-4.3348349636e-37 
-3.8421914766e-16 
1.3655651775e+32 
-6.2926868480e+10 
2.2796758704e+24 
5.2537265000e+06 
-3.3894638034e-34 
-1.0460691071e+02 
9.4445423002e+27 
-7.6761844494e-13 
9.8667454710e+23 
1.7490160644e-06 
5.6576100429e-37 
-6.0994822182e+28 
3.4722691436e-21 
-4.0491381407e-13 
-9.0384468750e+04 
2.5121461560e-30 
-2.2910043690e+23 
6.1379674148e-31 
6.1774163508e-19 
6.6697068214e+00 
-4.3774018918e+16 
-3.8807023926e+03 
-2.9492881144e+16 
6.8430762664e-15 
2.1902390295e+23 
1.1592147499e-01 
-4.3474026668e-23 
-5.7279222555e+32 
2.6479675657e-13 
6.9370209212e-36 
-2.9127700499e+28 
4.6473183023e+31 
-2.0598571737e-08 
5.7150498208e+35 
2.5535300391e-27 
-2.1128291200e+08 
-9.9487847135e+25 
-2.1160408854e-01 
2.1007938367e+21 
1.1629429660e+30 
9.9562746570e-19 
-3.6526995303e-21 
1.3186167181e-01 
9.5562086106e+35 
3.9877843577e-32 
6.5686883488e-08 
-5.6272105253e-23 
-3.0183397826e-07 
-6.4848727245e-14 
7.9047432120e-14 
7.3966293335e+01 
-4.2012653664e+37 
2.8912536073e-37 
4.9037434880e+10 
-2.0356107469e+11 
1.2716268927e-08 
-5.1080650275e+26 
-7.1824389119e+28 
-4.7725848108e-23 
-1.0625292497e-30 
3.4912039419e+22 
1.5851595000e+06 
-2.1008792500e+06 
3.5911123657e+02 
-5.7582073346e+17 
-1.0546949463e+03 
1.4949140139e-02 
-6.0080442218e-21 
1.3979753725e-22 
-1.0631507100e-31 
-2.9973520797e-37 
5.6597287129e-24 
3.4396379110e-25 
-1.1158865259e+31 
-8.9818404101e-35 
2.7414082708e-22 
1.9197286497e-19 
4.0642810822e+01 
8.6954824507e+30 
1.1205759690e+26 
-7.5038551856e-38 
-9.8030242466e-27 
2.0665646400e+08 
-1.6200161872e-12 
-1.3642067643e-05 
8.0186133289e-09 
3.9418651414e+24 
1.0899347735e+13 
1.1857442892e+29 
5.0799532291e-22 
-6.5383601664e+22 
-2.0541313787e-34 
1.7574571340e+21 
-7.0818625633e+20 
1.1291148539e-33 
6.9165509194e-03 
-1.4487464960e+09 
4.3202949120e+09 
-4.4978519083e+21 
-8.9530585938e+03 
-1.9551732455e-10 
-1.7181275324e+13 
-9.9815185834e+33 
9.9258786440e-01 
-1.1924353280e+09 
-9.2888958998e-28 
-6.4430529446e+26 
1.3444718905e-02 
-1.7207145977e-27 
1.6852392946e-05 
-3.0911018190e-09 
7.3580613136e+00 
-1.5672875248e+19 
3.8209295358e-36 
-1.4500743736e+20 
1.3810365405e-34 
7.8144894314e-31 
2.2349527122e+13 
1.6763916250e+06 
4.5667781837e+11 
-1.4258087303e+35 
-1.8121434975e-35 
1.7017271703e-20 
4.0719918091e+21 
2.9159321718e+33 
-1.8165130858e-11 
-4.6925524598e+19 
-6.1384049843e-08 
-5.7690607536e-18 
-4.9121791790e-07 
-1.4540986470e-10 
-8.8047876282e-12 
9.6680475201e+24 
-1.0771184904e+14 
-1.0761182122e+18 
-1.5842968030e+32 
1.2096883065e+36 
-9.1994606018e+01 
1.4688505893e+26 
-1.3607212066e-17 
3.7815089226e+00 
-1.7778317500e+06 
9.1240944000e+07 
1.6536264819e-18 
-6.5379083092e+30 
-3.3404149991e+37 
1.0205723171e-35 
4.9807484526e-11 
-2.6717319168e+10 
-5.9132068202e+15 
1.4689269445e-33 
-1.8261395118e+33 
-1.5850443787e-12 
            nan 
-1.6699192201e-05 
2.7099730822e-35 
-4.3556631140e-16 
-1.8533657712e+37 
-3.1376933262e+21 
-1.1465195990e+27 
-2.8646435866e+27 
-8.7694980273e+29 
-6.3953726089e-38 
7.8549301147e+01 
3.8810812863e-19 
2.0066940000e+07 
-6.3451620155e-26 
1.0545157693e+31 
-5.6670302734e+03 
8.2805304280e-11 
-6.8236796422e-12 
-4.5025362149e+21 
4.9880959632e-28 
1.0146850485e+31 
-3.2757116928e+10 
3.8668591104e+10 
2.1049933486e+29 
-2.1702438354e+02 
3.3204878537e-18 
-3.5926831096e+36 
-2.9896572100e+15 
1.4023934195e-13 
-5.5386030908e-06 
1.9413085282e-01 
5.1240648069e-26 
-1.6801575224e-35 
-1.9281127042e-11 
-5.6424019103e-12 
6.3974516538e+21 
-4.8513474464e+00 
-4.6867672342e-16 
-1.3445099626e+17 
-2.6822372409e-27 
-2.1447063634e+12 
-1.7551082290e-21 
-6.6364659146e-23 
-2.6696292206e-33 
3.2608389282e+02 
3.3979166299e-02 
-3.6617409748e+27 
1.3350214042e+12 
3.3652484857e-30 
1.9131518287e-21 
4.4497411686e-35 
1.8662434304e-03 
8.3165898342e+11 
1.7208985036e+15 
-2.4105439866e-09 
-2.3076830489e-32 
-1.8508263680e+09 
2.2699902963e+37 
1.3902823639e-06 
5.9347954812e-04 
-3.3820298844e-18 
4.2037034035e+00 
-2.4606163502e+00 
9.9058922957e-13 
-1.4010661614e+29 
1.1782113284e-38 
-1.6111513332e-06 
-1.1875005000e+07 
3.2099395584e+10 
-4.4464815408e-02 
7.4046460213e-04 
4.3543738281e+04 
1.3526295312e+05 
8.4818086951e+33 
4.6007239680e+09 
8.4099229540e-18 
-4.7391421571e-23 
-2.6264265953e-24 
6.0712816812e+30 
-5.0563376686e+22 
3.9075576782e+02 
-3.6256998738e+27 
-3.1641875930e+24 
-2.5721040077e+11 
1.3602838707e+35 
-7.2833245416e-35 
1.5448553646e-29 
-6.2159986360e-12 
-5.2890257422e+26 
2.0264884106e-24 
4.5089444873e-13 
8.8499128320e+09 
-9.2755866184e+34 
-3.9802888097e-08 
4.4105330744e-05 
-8.2301349796e-27 
-5.1953172219e+23 
1.2370897066e-19 
-2.9378303791e-33 
2.8200237307e-18 
4.0267104261e-35 
-5.3522329861e+32 
-8.6779192485e-16 
1.3793238680e+18 
1.7101091798e-03 
-9.3950978935e+22 
-1.6896358490e+01 
-6.4720084963e-15 
3.7260497920e-03 
1.1538355946e+21 
-1.0227876573e+26 
-5.2298299968e-02 
-1.6132523228e-07 
-4.1007986069e+00 
-8.0708842725e-03 
1.1151996432e+37 
1.3242030586e-37 
-5.4943546058e+26 
1.4323375126e-06 
4.9594661148e+28 
-2.7333871477e-28 
1.7655281651e-38 
-1.1335332358e-13 
-1.6943559475e+12 
7.3384686583e+30 
-1.3560427067e-34 
3.4906319869e-28 
-6.5137799137e+20 
1.1927131612e-26 
1.5221249748e+19 
-3.7885275000e+06 
2.5245755825e-35 
1.7550784000e+09 
9.7333536786e-09 
2.0777579397e-02 
-4.0506474103e+14 
            nan 
4.4712629606e-36 
5.6618337631e+00 
5.1449136415e+13 
-3.1478140000e+07 
5.1552518224e+16 
2.8295331335e-25 
-1.3225182668e-12 
-1.7700769236e-12 
-3.1296741384e+25 
1.0746715963e-01 
-1.9260625426e-37 
-4.0905169571e+18 
6.9291284308e-03 
1.5682748231e-29 
-1.0510302824e+37 
-3.1951793750e+05 
-3.2127170928e+34 
-1.2807744646e+23 
4.2488645016e-17 
1.0681841696e-11 
-7.8858657792e+10 
3.5507479271e-15 
-8.7609636267e-23 
-9.5605351031e-02 
-1.2748648131e+28 
-1.3056017521e+28 
1.3417105713e+03 
            nan 
-1.2862046134e+33 
-5.1335395697e+20 
-2.2937701340e-14 
-4.8662844384e+27 
1.3965977897e-12 
1.3475651895e-27 
4.4533371925e+00 
3.0551512500e+06 
-1.4098927104e-12 
2.6695730463e+12 
-2.5422443637e+30 
5.7819133900e-15 
-1.0610836366e+30 
1.6462996949e-15 
1.9501523526e-19 
4.8873548759e+31 
5.2388337290e+20 
-2.3375593591e-03 
-4.7969506122e-03 
1.9838903547e-29 
-8.5152497884e+34 
1.4162798485e-22 
-1.7255622331e+30 
-1.0218757455e-38 
7.3304577024e-28 
1.5314808826e+26 
-1.3475922994e-37 
1.8647573326e+16 
1.1874465254e-35 
5.8370291092e-17 
-2.4129671256e+30 
-8.3445878699e-03 
-1.4099396769e+29 
4.6371678087e+14 
-2.6361379158e+33 
3.3151977621e+19 
-9.3451898692e-27 
1.9669484005e-14 
4.0267084432e-25 
3.9735272139e-07 
1.0752189573e+37 
7.5723701940e-14 
2.7994222592e+10 
-2.3137252674e-29 
-1.2426948438e+05 
-6.9982270239e+19 
8.1744122140e+34 
-2.7425087243e-31 
-5.0247206621e-31 
6.9273080000e+07 
3.6466047278e-20 
9.7359018049e+28 
5.7731576758e-19 
1.0611770690e+17 
-3.7418597110e-09 
1.1030495232e+14 
-5.4583136112e-33 
-2.3828003395e+23 
2.0031226736e-16 
-6.8190407081e+22 
2.7222460938e+02 
1.0487452232e-38 
-4.8205236576e-32 
-6.0734780211e+11 
-6.1129031837e+28 
1.1333650907e-27 
-4.2558914560e+09 
-1.3478737087e+29 
-6.4201656331e-18 
1.3115369403e+26 
-1.3068579134e-30 
3.3873159944e+27 
8.1154418934e+12 
8.8274521494e+21 
3.9654451424e+22 
1.5778406571e-21 
-2.1225416866e+35 
-8.5015606250e+05 
1.6152680582e-10 
2.9454228012e+26 
1.6500526237e-38 
-1.2055507106e+21 
-2.0848168298e-13 
-4.1241528629e-16 
-6.3093981428e-11 
-4.6452363945e+23 
1.6182614863e-01 
5.9438955792e+25 
4.6298019156e+17 
1.1921026670e+15 
-3.2078698031e-10 
-2.3441091657e+25 
1.2265422867e+30 
-1.1872143933e+12 
1.1459635200e+08 
3.0202628990e-29 
-5.0586968687e+19 
8.4653827637e+30 
-1.7935249302e+37 
5.6140482699e-37 
1.5750181774e-05 
1.4701276642e+38 
8.8999286294e-02 
-3.4161875723e-27 
-8.8486805529e+30 
1.4062704518e-02 
2.2125956801e+30 
5.8291655342e+37 
4.2630697090e+27 
4.0850247629e-09 
-2.1678245000e+06 
1.2051705171e+19 
-6.0717257812e+04 
-1.7084710659e-34 
-2.9989502082e-07 
-8.7785553373e+28 
1.2983528940e+17 
-7.9497380257e+00 
1.5513572418e+35 
-2.9241618617e+29 
-1.6121578217e-01 
2.0951140747e-20 
-2.4528153882e+19 
-5.5826657452e-14 
8.3130692403e+11 
1.7626878023e+00 
1.6636875899e+12 
-3.4269635491e-23 
-2.2728253901e-01 
4.6517928354e-07 
3.9240470278e+24 
3.7350974541e+31 
1.3414849000e+07 
-8.0080737280e+09 
-1.1290469427e-11 
8.5079085975e-14 
-1.4871601250e+06 
1.4044887514e+17 
-2.4404075043e+16 
4.8499110341e-01 
8.8911499842e+35 
1.6112231606e-05 
-1.3157373101e-37 
4.1958426740e+36 
-1.1226719364e+38 
1.7760480959e-17 
-4.2282291392e+18 
-5.4310756328e+26 
1.1518345216e+11 
2.2982483138e-30 
7.4902491178e-06 
1.9409896735e+13 
-3.0726511019e+23 
-3.2324315149e-27 
2.6215392727e+35 
1.0778652245e-17 
1.8624135604e-16 
-3.7049964148e+16 
1.0881176800e+08 
-2.2583057216e-05 
-2.2110560289e+25 
6.9716472353e-05 
2.9723259633e+36 
4.1658507958e-27 
6.3653716557e-23 
1.2768345338e-35 
-3.8068519733e-32 
5.5239738763e-23 
-9.4718657211e-36 
-8.9735824170e-38 
4.3857848651e+34 
-1.7748885524e+31 
2.1791841600e+08 
-9.9658211328e+10 
2.4807512500e+06 
6.4539398311e-18 
7.0862358928e+18 
1.1295216245e-04 
-1.2549914657e+29 
6.3298731491e-14 
-5.0020668712e+36 
2.5228769838e+18 
2.3209540193e-11 
-1.5490332075e-15 
-3.3261957108e+21 
-5.9569995719e-35 
2.2194033908e+18 
1.5526309048e+26 
-1.6145984773e-05 
-1.3753031816e+16 
7.0556596121e-09 
2.4790564466e-27 
-2.6759589336e-11 
3.5471001214e-33 
5.9268484869e+35 
4.1637253761e+00 
-1.3516354106e-13 
-4.0892697864e-20 
-2.1307997553e+13 
1.9778987098e+13 
5.0616819500e-18 
3.5100624487e+19 
-1.1652141562e-36 
6.5340992251e-33 
-1.7951315031e+35 
-1.8562573363e-31 
3.9301398528e+10 
-3.6998836939e+37 
-5.3610273503e+24 
-6.7663361893e-12 
7.9230448194e+15 
6.8986321865e-21 
-3.2709927662e+31 
-5.0199796914e-36 
6.5001110272e-08 
1.8846967087e-26 
2.5224108077e-31 
-4.9555264282e+02 
4.1497801989e-22 
1.0339894113e-35 
2.7482894293e-30 
-4.2385667562e-01 
1.2227837123e-36 
-1.2513232486e+11 
1.2163954931e-33 
1.1814157794e+23 
4.7910864846e+15 
2.4180893286e+11 
3.0903682709e+01 
-6.5132682744e-26 
-6.3696262595e-33 
1.8686918376e+25 
-6.4233031957e+33 
3.5638740650e-19 
1.0514721176e+20 
1.2994294434e+03 
-1.7049026080e-10 
6.3294853803e-09 
9.6038649524e+37 
-2.2035475820e-02 
-1.1971419458e-15 
8.7798824960e+10 
6.5022306812e+13 
-5.7696330114e-25 
-8.1766224321e+33 
5.5395256042e+01 
-1.7686491370e-38 
4.7934076613e+25 
1.3030935547e+04 
-2.0956863018e-16 
6.9400883415e-34 
-9.9468057814e+23 
-1.1683882341e+37 
-3.2296269231e-19 
-1.2073685547e+04 
-1.3236347058e-06 
-1.5681479973e-24 
-3.4263970040e-26 
2.2852799087e-21 
1.0050950572e-02 
-9.8118083385e-20 
1.2258810457e-03 
-5.4392869156e+37 
-5.0138427734e+03 
-1.6347809773e-09 
-1.8499338673e-33 
-1.5038155834e-04 
-4.2414477085e+16 
-8.8729090141e-26 
3.7949044167e+32 
1.0447681536e+10 
-6.0858634360e-26 
7.4717255680e+09 
-1.1217549679e+19 
-3.1347306190e-35 
-3.0795557229e-38 
5.2969648947e+11 
3.1959441285e-19 
-1.7673455665e-19 
-1.3984944793e+32 
-1.5339259329e+37 
-1.1880936960e+09 
-7.0849172827e-29 
6.9342390000e+06 
6.9527263448e+15 
-5.7152177734e+03 
5.8315454226e-05 
-1.5489773563e-16 
1.8327904914e-38 
3.4150843620e+00 
-5.7495688210e-09 
1.1159116745e+01 
-1.3527273332e-17 
-6.2887177734e+03 
-2.7001841735e-11 
4.7602330368e+25 
-3.2083984358e-09 
1.1250001844e-03 
-8.7028838222e+22 
8.4595274529e-05 
3.3051793750e+05 
-1.9308356820e-20 
4.3514569385e-24 
5.5598692086e-15 
5.3325222256e-24 
-1.8512481356e+38 
3.1825534648e+12 
1.0853559076e+35 
4.5823974731e+34 
-1.8457628095e-29 
1.8754175101e+34 
1.0537654994e+24 
-4.4471813431e+36 
-3.3448124849e+14 
1.3189318357e+29 
-2.0033770124e-04 
1.0840331429e+20 
5.0076043408e-05 
-8.2162995483e-14 
-3.2036762150e-06 
9.2615117745e-22 
-1.4081419586e-08 
-1.2938980895e+16 
1.9222443223e+14 
-1.0555844854e+12 
-2.6595823344e-27 
2.9480052736e+10 
-1.9699982658e-04 
-2.0989111370e+31 
5.7202189642e+23 
6.2226519049e-07 
-7.6320224000e+07 
-1.6787401571e+38 
9.8506508506e-11 
7.0100793226e-11 
-5.0390985002e-29 
1.9618956902e+11 
-7.9406116890e+35 
-3.6663179230e-17 
-6.2061273088e+10 
4.1851228363e+14 
-6.8322484375e+04 
-2.1251530978e-23 
-1.5904528346e+30 
1.2607691779e-31 
-5.7949278061e-33 
-9.6449579680e+33 
7.5782121206e+33 
-2.9428745620e-03 
7.0001987500e+05 
-4.8454394434e-26 
8.2735184749e+33 
3.9261560141e+27 
-1.8294920940e-32 
1.0435957335e+36 
4.5737410560e+11 
1.7845388361e-11 
2.4751089161e+28 
1.3398827689e-31 
1.0849449008e-26 
1.3121616140e-20 
-2.7759221463e-25 
5.9038880498e+13 
2.2002201973e-37 
-2.0265143320e-26 
3.7838921925e+13 
2.5916085653e+22 
-1.3206776565e-21 
5.7753069498e+21 
-2.2698995192e-21 
1.2404409571e-14 
-2.1219183101e+29 
7.2476054915e+29 
-1.8236514354e+15 
2.5523030690e+34 
-7.3915314810e+20 
-3.0605754992e-33 
-1.8052657351e-13 
-2.3501291561e+22 
2.1800776367e+03 
3.2482571059e+11 
-8.7349372418e-26 
-7.1449052734e+03 
4.4892767619e-05 
6.9953392507e-24 
7.0556470000e+06 
-3.7350561533e-10 
-2.2286718707e+34 
1.5067475041e+37 
5.6702413598e-11 
4.9581738335e+21 
-1.4479696875e+05 
3.7693138974e-35 
1.4570199816e-30 
-1.6291219133e-13 
1.5314277670e-21 
-1.1171503502e-05 
1.0394060772e-19 
2.4254453415e+17 
-7.3597336378e+17 
-3.5896189045e+17 
2.0522476891e+19 
-2.3416671751e+35 
1.9129920629e-13 
-5.6084295662e-34 
1.5361963421e-35 
-8.6167658782e-26 
9.7566610115e+34 
2.0500265157e-33 
9.3366133142e+14 
1.0506555594e+27 
2.0745997500e+06 
1.4227714985e-17 
-6.2763631156e+18 
-3.0794074252e-28 
-2.8380541747e+11 
1.4288934073e-28 
1.6104893103e-20 
-8.2146943304e+12 
-3.9467343163e+28 
-2.7141249032e+30 
-5.8725867117e+18 
-1.6779168800e-04 
-2.4471568838e-27 
-7.0688302478e+34 
-1.0401679540e-25 
3.0951270970e-19 
-9.5983126615e-38 
4.7683438945e-23 
4.4975998423e+27 
4.9947465982e-19 
2.0773119141e+04 
1.6591421000e+07 
1.8257828304e+33 
1.3425965350e+27 
3.2594698172e+32 
1.2646912772e+21 
6.9306313622e-17 
-5.0568518639e+00 
-2.1894695250e-16 
5.1770718788e-13 
-1.3810547462e-37 
-1.4011571896e+12 
-1.6122468878e-05 
4.4532383744e+11 
-4.5456955747e+30 
-3.9863711822e-36 
1.6943384258e+15 
1.7710861360e+16 
-1.0740370412e-23 
-3.1284817104e+34 
9.0790295577e+20 
4.0159258134e+18 
-1.9794234917e+25 
-3.0277818441e-01 
-2.5655115326e+36 
-3.0845696252e+33 
-3.4626935429e-35 
-6.7349798244e+14 
-2.6688628431e-17 
4.9052047360e+09 
-2.0007262826e-33 
-5.1141481005e+36 
9.9227120000e+07 
4.2623001183e+17 
-6.2032717315e+15 
-1.5804465900e+19 
3.6491834365e-37 
-4.8011301260e-05 
3.4264576950e+29 
-5.0391697251e+30 
-4.7525448837e-20 
2.4789993780e+33 
-9.7387097168e+02 
-5.3570230000e+06 
-2.4255871094e+04 
-8.0859719533e-23 
-6.4732928762e-23 
-2.0452243042e+02 
-9.9479361251e-23 
1.9482928179e-22 
-4.1301356396e-04 
-2.0233079206e-24 
2.7998379485e-21 
1.8572113161e+37 
4.6023830217e-23 
1.1427935547e+04 
2.0850849280e+09 
-6.3996290545e-17 
-7.5499324575e-36 
2.1694547019e+37 
-1.7085544434e+03 
-2.6332142159e+36 
2.5429765120e+09 
-2.4533524334e-38 
-6.4963303834e-12 
-1.8187678506e-05 
-6.8964911559e-10 
-1.8980217416e-23 
-1.9109470836e-36 
-2.7925860061e-30 
-4.6111745834e+00 
3.5637652354e+20 
2.2677479149e+28 
3.6789595000e+06 
1.9324535707e-33 
1.2079096746e-21 
-5.5991806053e-37 
-3.9936680694e+32 
2.1663630873e+18 
2.0537996360e+38 
8.1145233198e+14 
-1.7062758945e-31 
3.3106675807e+21 
3.8594993750e+05 
-1.3899510972e+31 
-1.2013554688e-14 
4.7015603191e-29 
-3.9467055309e-20 
9.0496336873e-38 
-3.8393435000e+06 
-8.6155614158e-23 
2.7544962838e-11 
1.1189150068e-22 
2.0612296712e+24 
6.6208982330e+33 
8.3751627053e+26 
-1.4013356934e+03 
-3.2902082560e+10 
1.3776130280e-34 
-2.7661566371e-09 
6.8022494901e-16 
3.5897009075e-02 
5.3368125119e-36 
-1.6159261710e+32 
6.8174269398e-13 
-1.1445261836e+19 
9.2259170000e+06 
-2.8370873901e-13 
1.0321933345e-23 
-5.4392480523e+15 
1.0849530138e-28 
-6.5747114301e+28 
6.4765031311e-06 
-2.8613468488e+13 
-6.1468381250e+05 
6.8947205473e+21 
-4.2797487373e-19 
4.6538733580e+35 
1.7298771124e+23 
-1.4958375554e-24 
-1.1453814637e-24 
1.4456339300e+19 
-8.2986108220e-14 
-8.6997804465e-04 
-2.6843621526e-05 
1.0930493861e-18 
-2.9172763677e+19 
2.2595483685e+25 
1.1435847824e-07 
-3.0328914964e+35 
3.4761390752e-27 
6.7796451326e+21 
3.6745677138e-21 
-1.9556282883e-19 
-2.5685781627e-11 
-2.3039295312e+05 
-1.4484871622e-31 
-6.6146282132e+37 
2.7633642415e+15 
1.2242048438e+05 
-8.7971855163e-25 
-7.8674045078e+32 
3.3886870191e-15 
-7.3746012994e+24 
1.5961193185e-06 
-5.6093778911e+32 
-3.6344221296e+14 
-3.1127575662e-15 
-4.1449995479e-04 
2.5356684230e+35 
1.2954100073e-14 
7.1320088024e+16 
4.0287398537e+30 
-2.7590384917e-23 
1.1965200153e+27 
7.6182950670e+18 
-3.6045545950e-28 
-1.8143757500e+06 
2.1850980037e-28 
5.4890872451e-32 
-2.2152812740e-27 
-2.9394513135e+25 
-8.0023997345e+20 
-2.5016250182e-10 
1.0364667088e+14 
-5.5097270243e+29 
-4.4142593750e+05 
4.6353261389e-33 
-3.2912388867e+35 
-3.3781249918e+30 
9.3174874112e+10 
-1.2507834061e-28 
5.6043855846e-02 
-2.0744105984e+10 
-9.7726796863e+22 
1.9139723008e-05 
5.7352932345e-05 
-1.2650116573e+19 
-1.0605977600e+11 
-8.7424801178e+11 
-8.0369864008e-05 
1.8809807952e-03 
9.0538474495e-09 
3.6873617145e+36 
-7.5338794229e+23 
1.1970493574e-07 
5.9367802734e+03 
-2.8968412021e+32 
1.4452958831e-30 
1.0953291463e+27 
-9.2416484375e+04 
1.8364878542e-06 
7.9232486605e+11 
1.6783724609e+22 
2.3310339838e+23 
1.7212838252e-36 
-1.7930400645e-05 
-5.0438745802e-07 
2.7218009345e-03 
-6.3852425821e-28 
1.5833688354e+02 
-2.1696895631e-32 
-4.1559391876e+21 
-1.7307277500e+06 
-1.9245045557e-09 
6.3042159582e-07 
-9.7721893519e+12 
1.8734138184e+03 
-3.3709921784e+29 
-2.7994419668e+15 
1.1626176139e+21 
-2.1824660514e-23 
-1.0054273127e+37 
-3.1757792739e-14 
-8.7802521735e+21 
-2.4764026000e+07 
5.2886331396e+31 
1.3850743708e-38 
-2.6896527639e+34 
-9.2365291493e-05 
-4.7430276302e+18 
-1.7490484671e+34 
1.9970848037e+21 
            nan 
-3.4459868922e-15 
8.9803021563e+14 
2.3998731507e-22 
6.8526065898e-13 
-2.1253293753e-01 
7.4491254054e-04 
2.6188238754e-17 
2.2346067500e+06 
4.8849291371e-37 
-5.2482909364e+20 
-1.2434346875e+05 
-1.3875846531e-20 
2.8544787005e+32 
-6.0834104320e+09 
-2.9903156774e-12 
4.2776577969e-30 
-1.9796840206e-04 
-1.1761113194e-09 
8.2483753161e-09 
6.9906864538e+11 
-5.8748036570e+19 
1.5757495312e+05 
-9.9763687528e+33 
4.6606555442e-32 
6.5805048000e+07 
-1.2982505716e-35 
-4.6515770009e-06 
-9.0261298435e-10 
4.2215877004e+30 
-3.6610646538e-37 
1.9991871094e+04 
-6.1963982438e+23 
3.6287074089e+00 
1.3795504723e-32 
-4.3457397966e-30 
-1.5089602516e+36 
-4.8876341501e+36 
2.9166549547e-14 
2.1817180965e+25 
-8.2966567605e-32 
-5.9562787500e+05 
-4.1020061985e+31 
1.3954810186e+29 
-4.8976268961e+33 
3.8368138461e-25 
-3.9080674460e-12 
1.7518397421e-02 
-6.8037059514e+22 
-9.1864077735e-21 
-3.0691460705e-28 
-2.4082644797e+29 
3.3420650785e+23 
-1.3291164552e-15 
1.7354977359e-35 
-8.7690615165e+22 
-3.4774126285e-32 
6.4231740570e+15 
-2.8257726020e-11 
3.8223020732e-02 
-5.2338193750e+05 
-4.8701705204e-30 
-2.1964203622e+11 
-4.5742513845e-30 
-5.6706545433e-33 
-1.7648644663e-24 
-3.0789371094e+04 
-3.5308224299e-16 
1.5970185547e+04 
-8.6042794174e-21 
8.1798061728e-02 
1.5036403872e-19 
-1.9813838959e+01 
-8.1795221729e-21 
-9.4034434542e+18 
-1.1991661449e-04 
7.6550979202e+18 
-8.3180032707e+21 
6.4528873190e-03 
2.3274466072e-38 
-4.2919062006e+31 
-4.8929922283e-02 
-7.8203153300e-16 
3.8828903050e+20 
8.2326059490e-14 
-2.3309924347e+30 
7.5772489493e+15 
8.7354978905e+33 
4.9002102143e+27 
-3.3787545961e-29 
-1.3489374548e-11 
2.1275874227e-02 
2.4911496875e+05 
5.8904975126e+37 
-4.5802034556e+30 
-1.2685391360e+09 
-2.4218815603e+38 
-1.8751395033e+15 
2.1388822665e+27 
1.3574513863e+17 
1.8749564644e-25 
4.1227003238e+34 
9.9299013909e+36 
1.8341266911e-36 
-8.4678541708e+32 
5.5692541539e+29 
-6.9701040957e-06 
6.8416038777e+34 
1.7673084364e-16 
-1.1042713112e-17 
1.7566795378e-18 
2.3069811200e+09 
-1.3700693034e+29 
1.0999174289e-14 
1.4884507205e-27 
1.4034574350e+26 
-5.4292669728e+23 
-6.4189781727e+27 
-5.3694887871e+33 
-3.4294448423e+16 
-2.9659773444e-13 
1.9746344369e-31 
5.8179321869e-20 
-1.3010967493e+19 
4.5430733423e-33 
4.3157872003e+30 
8.7187998122e-29 
-2.3653922793e-17 
7.3886933815e-22 
-1.4708124472e+21 
8.2153993750e+05 
-1.7235957201e+38 
-1.3989991885e-06 
-7.4218849932e+29 
-4.6854186701e+21 
2.3029751170e+22 
-7.1351091200e+08 
2.2867929061e-23 
-5.4251030087e-04 
5.8827161600e+08 
-1.1230746496e-34 
5.5383192375e-05 
2.3988665866e-33 
7.8153448158e-09 
6.4089384550e+11 
8.5540413857e-03 
8.6332205683e-05 
-9.8832600090e-12 
-3.4702921287e+16 
1.3060568701e+29 
2.0858614349e-24 
1.9327027478e-10 
1.8912507904e+10 
-4.9855804211e+11 
7.4897003940e-22 
1.0507837440e+09 
-2.2688163881e-07 
3.8311401454e+21 
-5.7645203456e+10 
6.6890985938e-18 
2.2678591449e-08 
2.6380600000e+05 
1.8016947405e+11 
8.7722301996e+27 
4.6757606767e+37 
1.2511773821e+19 
4.6982383728e-01 
-8.9756516849e-33 
-8.6525786536e-12 
1.6220596237e-16 
-1.2335339998e-12 
2.8785929196e-09 
-1.9898045772e+38 
3.2913395762e-01 
-1.5796561523e+04 
-2.5738382739e+32 
1.3421127239e-25 
-1.0289387241e+26 
2.3545269212e+21 
4.7093984218e+24 
-3.1118202209e-01 
-8.3742457413e-12 
1.4984745627e+36 
3.2088203978e-34 
-6.5450276733e+30 
-1.3400054399e-09 
5.8160705566e+00 
-1.1478245258e-02 
-3.7890815735e-01 
-2.0758760400e-07 
-8.7956492188e+04 
-5.2679235784e-30 
6.8205636740e-01 
3.9213225023e-07 
-1.4127348480e+09 
-3.6304329483e+30 
3.8740395436e-39 
3.4354856325e-05 
-3.7546729869e+23 
-1.8086331993e-14 
2.2246621094e+04 
-2.1981190554e+11 
1.1004868526e+34 
3.2558692256e-37 
2.9262841600e+08 
2.3576453121e+20 
1.0552494004e-35 
1.9295070634e+25 
-1.7955713679e+34 
1.4585622207e-12 
-1.7965072421e+15 
2.6642366170e+34 
-8.5933596846e-17 
2.7586497708e-06 
-6.0551812591e+15 
-7.2592985600e+08 
-3.9944993750e+05 
7.1721365675e-03 
-2.7054908661e-11 
8.4340495702e-23 
-4.9854230329e-24 
-6.5540554478e+31 
-8.4692576711e-27 
-1.9319566758e+25 
5.8667084367e-37 
-9.5209162509e-07 
9.6890142555e-30 
6.0990340892e-21 
8.2459639067e-37 
7.4001334574e-12 
-2.7364984945e-08 
-1.6713512182e-25 
1.3672431616e+11 
-7.4427872262e+27 
4.9829211662e+19 
9.5854027790e-39 
-6.9753543680e+09 
-1.0391660655e-19 
1.1089359790e-26 
-2.3928734006e-37 
-2.8199669841e-31 
2.9049283969e-36 
3.8951440365e-04 
5.9172385798e-18 
8.8217518080e+11 
-2.4849027077e+23 
-6.0513674428e+28 
-9.7961314564e-19 
-3.6868092068e+12 
-7.9002896800e+14 
-3.0659831087e-21 
-3.6775451251e-27 
-1.1965547656e+05 
1.0678571771e+22 
-3.1970869505e+15 
-2.4625995017e-29 
1.3047013054e+30 
-2.2958494083e-04 
3.7177721993e-22 
2.2479049221e-04 
8.6548567432e+35 
3.9349430728e+23 
-4.0476380296e+37 
3.9009365228e+29 
-5.2636690678e+13 
-5.6840768717e+11 
-6.0458738281e+04 
-5.5322879289e+20 
-3.1359682171e-34 
5.2145450773e+36 
1.5275775199e-22 
-8.0010545000e+06 
3.7694717397e-34 
-1.0811797852e+28 
8.3119111829e-23 
-2.2981218950e+17 
-1.5087347591e-28 
8.6699316897e-39 
3.8595895362e+27 
1.1961448438e+05 
5.8913183429e-33 
-6.8726853671e+37 
-2.0002568149e-20 
7.5826838294e-37 
-4.7936344033e-17 
2.2701388473e-36 
-1.4965301895e+38 
2.0486961920e+09 
3.4755654355e-08 
-3.4252812173e-31 
-1.1400379597e+11 
-8.1251644833e+34 
1.8538626318e-04 
-2.2291634033e+16 
2.5281511357e-26 
-5.8016946802e-09 
-1.2944080899e+36 
7.9806968000e+07 
-1.1625686047e+35 
-7.6736560503e-34 
-5.6541094200e-23 
-5.5768423653e-30 
-2.9150106499e-24 
8.6445362294e+27 
1.4005677500e+06 
2.6937043602e+17 
-3.6522854158e+29 
-5.6183978093e+20 
-1.0815653262e-08 
-4.4864676271e+32 
3.3923290844e-22 
4.0717095272e+13 
-4.3193386354e-17 
9.8805472362e-32 
-2.6893019676e-02 
1.2352517082e-35 
-2.5438065981e+28 
3.9743134088e+28 
7.6240766404e+37 
4.1604028178e+20 
4.6370200000e+05 
-3.9807025683e-25 
-4.1722788100e+22 
-3.6647311770e+12 
-3.5565185547e+01 
1.6381144524e-02 
-1.3422509632e-13 
-7.7940721892e+23 
-2.2018770596e-33 
-6.1797785759e+00 
1.4542605969e-15 
6.2616005873e+28 
-3.0488836941e-20 
1.2117864116e-36 
1.3057448438e+05 
-3.3023539944e+24 
-1.9724348591e+30 
1.2144026584e-07 
1.6186270502e+38 
-6.9630722776e+36 
1.0385005732e-24 
1.6262692950e-21 
3.2155157705e+28 
-4.5035695038e+27 
-6.8459716273e+35 
-3.0445123047e+04 
-7.9439234858e-25 
-2.2554520915e-35 
2.8042488733e+34 
9.5883587386e+24 
7.4207716966e+11 
4.3200343040e+09 
1.7520504480e-04 
-8.5468548556e-31 
-5.3014216423e+00 
-1.3941486854e-09 
-3.5746340102e-34 
1.7325151886e+37 
3.9996632157e-28 
-2.5965818543e+24 
-1.1974706400e+08 
9.0126589897e+19 
5.4857084152e-34 
-1.2949154552e-12 
4.7413159229e+28 
1.8563337860e-19 
-5.7248627854e-05 
6.5017537014e+28 
4.1988606395e-16 
6.2484250003e-28 
-5.2750687383e+36 
-1.0980626742e-21 
            nan 
-1.9934124504e+23 
1.9912565108e-07 
-1.1475940311e-20 
6.0055911541e-01 
3.0784779390e+17 
3.0641271603e+11 
-4.0617242188e+04 
1.3677562075e+37 
7.3053821921e-02 
-4.4944743912e+33 
4.3377961730e+15 
4.5202161848e+14 
-2.9888744548e-18 
1.8430303212e-30 
3.1785596000e+07 
-4.4341546189e+11 
-2.2526925475e-29 
2.7935436368e+27 
2.9336473673e-15 
-7.8180160522e+01 
2.7014953723e-14 
-4.3050815313e-20 
5.8087990000e+06 
6.0364964884e-04 
1.2672803402e+00 
5.5247124802e+22 
4.6967210210e-07 
1.4459880097e-27 
-5.4841003418e+02 
-5.4499871283e-08 
-1.4010922977e-10 
-2.4744475000e+06 
-1.4709768817e-02 
-1.0989524889e-14 
3.7020409107e+00 
4.0270511937e+36 
-7.5249855625e+18 
-9.4351404192e-35 
-4.6374808385e+26 
-2.8282371237e-11 
-9.1513680990e+19 
-2.3024549851e-16 
-1.5846643365e-29 
1.0757655757e+14 
2.0595607884e+18 
-1.1523061350e+11 
1.1221342220e-06 
-1.2284324318e-01 
2.0646978101e-06 
-1.4898353705e+21 
-1.1241138020e-09 
-9.4685772673e-26 
9.7441778470e+17 
-3.5341143900e-10 
6.3184645153e+19 
-6.5422208407e-36 
-1.1362661669e+34 
-1.9066144887e-05 
-2.7307694080e+09 
-7.9690789890e-37 
-2.3799765878e-25 
2.6702411175e+00 
9.4480566406e+03 
1.5722755798e-15 
1.7148772713e-06 
1.3845149994e+01 
1.1148045179e-31 
-7.5455429067e-32 
-7.0703114633e-27 
-5.3482172852e+03 
1.8326478052e-18 
-6.7933162012e-22 
1.5753898377e-34 
7.9822376560e+14 
2.2806830704e-01 
-3.3316983032e+02 
3.2463026257e-19 
2.1945873192e-14 
-3.7090255236e+17 
1.7761483819e-37 
1.0794210215e+19 
-1.7043934658e-23 
7.8945157703e-12 
-1.1483694322e-20 
3.7544953102e-06 
1.7432442000e+07 
7.0995947909e+33 
-4.2330639189e-06 
3.7481487029e+15 
-2.6345577727e-35 
-4.8059048061e-12 
-9.1834833224e+32 
-2.0765987396e+01 
1.3314743042e+02 
-3.4044153692e+12 
-3.6385458770e-06 
9.1728226001e-16 
3.2224937088e+32 
-1.0210963157e+24 
-9.7650737762e+00 
9.7921484375e+04 
-3.1448206902e+00 
2.4949976124e+16 
3.9504517632e+28 
2.1882492696e-24 
-1.7072940750e-07 
7.0514330147e+14 
8.7193640695e+21 
-2.1302382022e+22 
1.5871484800e+08 
-3.2342111677e-21 
2.6323931635e+22 
-8.5602406964e-17 
-7.4393251517e+33 
7.8733400178e+28 
-4.0602287292e+01 
2.3233494315e-34 
2.2958718286e-32 
-1.7404845307e+23 
-1.2360450740e-22 
1.7732901033e-03 
-3.2090403635e+11 
-4.5432377058e-31 
-1.7712273114e-34 
-1.4162468578e+27 
-2.2279972881e+25 
-1.9726971178e-16 
2.7164368369e+27 
1.8941431947e+19 
-1.1846081584e+17 
5.6523592767e-36 
7.6980869120e+09 
-2.4127326918e+19 
7.9631587500e+05 
-5.1698377356e-03 
-1.2476742042e+11 
-8.2003548160e+09 
-1.2717779495e-36 
9.5322356203e-16 
-5.4153122164e-07 
4.6924259552e+33 
-5.4859859575e-38 
1.0084365577e-15 
-8.1470583318e-13 
2.6365721750e+27 
-1.8182068765e+13 
7.3280721267e+15 
2.5573174392e+36 
-1.2095748438e+05 
-7.5357653521e+30 
-1.2263076658e-17 
-6.7709179348e-06 
-9.0705689134e+29 
-7.7807635623e-22 
-7.1746185419e-37 
1.1000669596e-29 
3.0431034531e+24 
7.3815427785e+21 
5.0514396667e+01 
7.1010950942e-29 
3.6318571109e+19 
-7.4762244661e+37 
-5.9115525987e-23 
-2.4172068845e-31 
4.4826816935e+18 
-1.0047501983e-20 
-1.4471382628e+38 
-8.4653689614e-10 
-2.0272506245e+24 
-2.7880979747e-09 
4.3806717731e-03 
-3.2439865200e-19 
-1.4266756729e+28 
-2.7667014914e-37 
1.6096695312e+05 
4.7448299930e+12 
-1.0520443864e+32 
-3.9400470172e-29 
1.4318608077e+30 
5.7792714863e+15 
1.5731135368e+01 
1.1941105824e+21 
-5.7112348704e-12 
-1.5775170348e-21 
1.6050779659e+29 
-1.0549448242e+03 
-1.4993097609e+26 
-6.7272777644e-21 
2.2806669567e+37 
-1.7513097501e-37 
-5.3012258984e-36 
4.2490568757e-01 
1.6058923449e-36 
8.2463086359e-10 
-3.7135541554e-37 
3.5437374027e-04 
1.1355355476e+38 
1.7445550405e-29 
-8.8423760627e+33 
-2.2874131456e+15 
-2.3291160112e-09 
-7.5533913600e+08 
-1.4893825072e+25 
-5.4366718235e+16 
-1.4838376833e-19 
5.9528909379e-36 
-3.3013378697e-07 
-7.6705987500e+05 
-2.5763853386e-28 
1.6504300293e-03 
-3.1856283536e+16 
2.7757687675e+28 
1.7569911454e-22 
-1.0709774285e+23 
-1.2504419795e+14 
-1.6598200684e+03 
-3.1120151367e+03 
-9.7297738261e+27 
-1.5138287836e-29 
6.2718348800e+08 
-2.0798047711e-19 
5.6421194077e+00 
-3.4156153531e+31 
1.4526032567e+38 
-5.2738645304e-18 
6.1541470162e-14 
-5.6817388457e+28 
-2.3554657673e-05 
4.5556299388e-02 
9.2800946080e-25 
2.7327590400e+10 
2.5219661542e-17 
3.6614278229e+28 
-5.1674859556e-30 
3.3265452800e+08 
-8.3405187500e+05 
-1.6735937152e-06 
2.2505571200e+08 
7.4293165627e-23 
1.1749504507e-01 
1.0214034113e+13 
2.5607695360e+09 
-8.5612140000e+06 
-1.1519636582e+17 
5.3708210325e-20 
4.4567379168e+31 
-5.6216292925e-17 
-2.3160947964e-17 
1.1880136685e-22 
1.3540084998e-25 
5.2168331009e+31 
1.7848267454e-15 
6.3439670000e+06 
-5.3548479627e-05 
-6.3724245268e-15 
2.6679801890e-21 
1.0920991826e-06 
1.9754000375e-20 
9.5636103651e-05 
7.3647714508e+33 
1.2389206312e+18 
2.3923312435e-27 
8.1448890063e-35 
4.1895946876e+30 
-4.5186979945e+29 
1.1801578512e-04 
6.0666011459e+19 
-8.9948650839e-07 
-4.6131199068e-26 
-1.2126209293e-31 
-6.4745477625e+24 
6.7684920303e+35 
-8.4899359498e-33 
-8.4970657884e-27 
8.5992281211e+12 
3.1927699200e+08 
1.4972496875e+05 
-1.8480949379e-19 
2.5225251913e-01 
8.0520205485e+34 
2.5156632861e+26 
4.1713772076e+37 
-2.5522780334e-07 
2.3291436649e-20 
-4.8457717543e+33 
8.1783892159e-11 
1.3352307645e-21 
1.3168108005e+15 
-1.0552056624e-11 
3.8267084775e+29 
1.1876565733e-21 
3.7544990625e+05 
-1.5620225113e-08 
-1.2217188000e+08 
-4.3964596618e-17 
2.7231020178e-32 
2.1831417751e+14 
4.4680539035e+34 
7.4770376522e-13 
2.2956915609e+14 
3.8074356027e+28 
4.6960069449e-04 
4.2984439642e-04 
1.0630503465e+12 
8.8136204113e-07 
-2.7055256894e+20 
1.2740788050e-02 
-5.9654037828e+34 
-3.6734588926e+19 
1.1400857583e-36 
-6.5085274016e-35 
-4.7005286065e-32 
-3.0087462617e+21 
-6.7491256320e+09 
-4.0864127418e-32 
-1.9305091990e-38 
-1.4043421502e+31 
7.1076860133e+13 
-1.7264134680e+30 
4.9853917179e+29 
1.8872858591e-29 
-4.2942179874e-18 
4.3498433805e+33 
2.5493667346e+36 
6.6677939986e-38 
-1.4574550351e-24 
-1.8443604404e-06 
-1.6521985500e+35 
-4.0416535868e-19 
3.1968678536e+28 
-1.0381165921e-15 
1.1358913417e-14 
1.1962148438e+05 
2.9569204073e-33 
-4.9534513971e+11 
-1.3653094957e+13 
-2.2729759876e-25 
1.9542316436e+33 
9.2628912840e-20 
6.4439278566e-12 
-3.0671185824e-37 
1.0769738183e-30 
-4.6956750772e+27 
1.3371529545e+31 
5.6780960142e-12 
-9.9977645854e+20 
-3.5535641755e-22 
-9.3530292628e+20 
6.6422655597e+24 
-1.1080339055e-31 
1.8647012726e-25 
-1.3312035444e-15 
1.1014606221e+19 
-3.3731258118e-21 
-1.5939703761e-21 
2.3831213980e-07 
-2.1187994151e-30 
2.6125907220e-35 
-7.3750483064e+20 
3.4879256155e-24 
-2.8950775111e-09 
-1.8444138231e+19 
6.2626683438e+34 
-6.1393910147e+19 
2.4643070400e+08 
-3.1363373047e+04 
-4.3547464163e+37 
-1.5037669048e+12 
3.8506256663e+13 
5.1540427891e+16 
2.4545373407e-30 
5.2253479225e-05 
2.1385744272e+28 
-4.8448239136e+02 
1.6863613809e+33 
7.0845202074e-35 
2.4669496527e-21 
2.5552359875e-03 
5.2499202030e+16 
1.4015519731e-23 
1.8742990534e-22 
-2.5022419543e+19 
-6.2425958687e-22 
3.9419309483e-10 
5.7178257536e+28 
-2.5787068220e+21 
1.4433835441e-33 
8.0108857817e+34 
-1.8458371896e+14 
-3.6290857791e-18 
-3.3665414900e-02 
3.3978715234e+24 
6.7509492188e+04 
-7.1071492188e+04 
3.0637950000e+07 
1.1141032490e-26 
8.7343771327e-08 
-1.9705557705e-18 
-8.3246435178e-32 
-3.4718766596e+13 
-3.8593320754e-38 
-1.1532589072e+13 
1.1623015483e+19 
-2.1216403809e+03 
2.6011629568e+10 
2.4035726077e-30 
1.3222760923e-29 
6.8337821151e-24 
-8.8963667162e-15 
-9.5074980125e+23 
-4.4514559228e-19 
-1.0523715233e-10 
5.7488960000e+06 
5.6236211650e+31 
-1.1509405496e-29 
-8.0207115732e-22 
3.4356905019e-30 
1.1969717054e-19 
1.9409711394e+34 
2.4878500975e+38 
7.5937033117e-18 
-1.6513523315e-30 
2.6661340962e-04 
6.7983871865e-09 
-1.1262758872e-15 
9.1003901130e+14 
-9.4783536657e-38 
-8.0613772800e+08 
-3.2765616932e+18 
2.8745005005e+24 
1.6203084569e+14 
-4.2606912715e-19 
-6.3888746094e+04 
9.6363469526e+29 
3.2543946872e-04 
-7.5058521368e-36 
1.2197683506e-28 
-7.4575466658e-36 
-4.4259571180e+32 
-2.6308575987e+32 
-9.6851393498e+30 
-3.3912622940e+12 
4.0084736029e+21 
6.5426271172e-12 
8.3743954037e-22 
-4.9063410759e+00 
1.2426206589e+01 
-2.0055026297e-14 
-5.2433184048e-18 
-9.0604450846e-18 
9.7127134894e-13 
-8.8411468750e+04 
7.2781105000e+06 
8.0740193198e-07 
-1.2288720896e+12 
9.1871728000e+07 
-4.3935809162e+34 
1.0524755308e-19 
-5.1578220248e-20 
-1.8288326438e+20 
-2.2776235944e+32 
8.3900044502e-29 
-1.0788021609e-02 
5.8056242188e+04 
-6.0305412222e-23 
1.0641048438e+05 
4.0415417882e-20 
3.2143128396e+13 
-2.3103797277e+27 
5.7419227136e+10 
-5.7651167443e+31 
7.0058260462e-05 
-8.6712671530e-19 
-6.2375970818e+29 
-5.0935251708e-22 
-2.9828234338e+16 
3.9799168325e-20 
3.4694103040e+12 
-5.7731587500e+05 
1.2328255688e+27 
3.2985390862e-04 
-2.5817742388e-10 
1.0798988864e-02 
3.7037262343e-21 
6.6219252569e-32 
-2.1376898505e+31 
8.7163342692e+32 
9.5216869363e-22 
6.7158503085e+15 
-4.2337772687e-33 
3.3286222188e-15 
4.6508194646e-04 
5.1411242188e+04 
1.0063149982e+15 
-3.8153399830e+18 
-1.4415696875e+05 
-9.5993746298e-31 
1.2633048438e+05 
1.5806742226e-07 
1.2012231105e+16 
1.8691234643e-15 
-7.9341467749e-14 
1.9780502400e+08 
3.6115449633e-36 
6.3656179918e-06 
3.5679201687e-31 
            nan 
-1.6491776153e+30 
-1.8691727510e-16 
-1.6960840008e+12 
2.7042054572e-28 
-4.1041172345e+33 
-3.0153274414e+31 
2.3423085575e-32 
-5.5056518349e+11 
1.9565525478e+21 
1.1602868306e+12 
-3.2475702465e-02 
4.5510076006e+11 
-7.2406587424e-04 
-4.3755810324e+12 
1.8901870719e+31 
-1.2816640150e+30 
-9.3798566892e+25 
-2.2751958436e-18 
-4.4159214965e+27 
6.9784509087e+21 
3.8426386109e+32 
4.8597292624e+28 
-6.0399720202e-19 
9.9991504814e+12 
2.9446147215e+21 
1.0606802407e+22 
1.8379300918e-21 
-7.0395922852e+03 
-8.6830488469e+33 
-5.2327406304e+31 
1.8502391578e-31 
1.4598075764e-35 
9.1939434409e-02 
-4.3575706164e-36 
7.6583614450e-11 
1.6003299328e+10 
-1.9585382838e-18 
2.7459716576e+35 
-1.3030994857e-35 
-2.8561383329e-19 
-1.7361956856e-35 
1.6330093221e-35 
-8.3401580957e+19 
-1.8622779028e-16 
2.5904767346e-35 
1.4967159827e+27 
4.3172341657e+19 
7.4723298873e-28 
-6.2287653891e+21 
-6.0753427734e+03 
-7.5133739811e+36 
6.9203378176e+10 
-7.2982134784e+11 
2.7122310196e-22 
1.9757106934e+03 
-3.7246818542e+01 
7.4311034529e+16 
-2.9492606000e+07 
-1.1477695070e+13 
2.1199898438e+05 
3.9818678910e+18 
6.4069983682e-28 
-3.9263423920e+01 
-3.3290401052e-25 
2.0167460096e-13 
-1.1118540000e+08 
7.9844418674e+23 
2.8987942296e+38 
5.6763874454e-05 
3.7260326400e+09 
9.6002176574e-18 
-2.3170648122e-23 
6.5255763968e+10 
2.9068373047e+04 
4.2631423725e-08 
5.4272955907e-08 
8.2783053533e-25 
-7.7675471384e+31 
-1.8136583440e-16 
5.7794793750e+05 
-1.1865011498e-18 
-1.5818161397e-13 
2.8575006250e-10 
2.4679242153e-20 
4.8406739817e-31 
-2.1529148892e+26 
4.3232675642e-02 
-5.4045443676e-07 
-1.4493192303e+38 
-3.6338503395e-18 
1.4441228302e-07 
6.9643829193e-05 
8.3166332191e+12 
-3.7393255648e+36 
-6.1582042202e+13 
2.9590029150e+29 
1.7046159492e+22 
3.4130728027e+15 
-4.4530106344e+37 
8.7228447197e-39 
1.0231549740e+00 
1.6035280896e+10 
-1.3611520115e+28 
-2.0263883526e-17 
3.1819410369e+33 
3.8876507530e-32 
-1.0949750044e-20 
-1.7681410635e+14 
8.1561965550e-29 
2.8138701323e-15 
3.9588299202e+26 
-1.5326293124e-06 
-5.3168899710e-30 
-2.9886256665e-22 
1.7554958780e+19 
-6.5287411749e-33 
1.2654985612e+30 
-9.3920857203e-11 
6.0646809588e+20 
3.3593502809e-23 
4.7225716064e-19 
-4.0521398816e-33 
-2.1210667771e-12 
-1.6752019216e-10 
8.9503006569e-24 
1.9460385493e+18 
4.8009272644e-15 
1.0684432302e+16 
-3.8290158239e-39 
4.2203542071e+26 
-1.2222113674e+35 
1.3771720231e-01 
-3.2286442942e-14 
1.5321682650e-33 
-5.0684722055e-35 
-6.6808702286e-06 
3.2891415742e-31 
-4.7987217447e-24 
4.5980917125e-34 
4.0425285881e-36 
-1.3596403833e-38 
5.5841242188e+04 
2.6512788298e-23 
-3.5331174496e-36 
-3.1405621094e+04 
5.9100720938e-19 
6.7650625592e-33 
2.2123047709e-01 
-2.2797919693e-19 
1.0956387840e+09 
3.9681617076e+33 
-8.5899446074e-26 
3.1166941275e-35 
-1.5637180731e+34 
6.7630689105e+14 
-4.0330113843e+11 
-4.5698628901e+22 
-1.6366622156e-22 
5.8448702040e+37 
-1.5116794810e+35 
5.0076792982e-17 
-1.5070157500e+06 
-5.3260182831e-27 
-1.7907526531e-28 
-1.5166048784e+28 
1.8448810581e+29 
1.2759585868e-30 
1.9731602448e+31 
2.7359675096e-32 
9.5686293588e-25 
1.0464383314e+31 
4.4313124822e-32 
3.2213340329e-10 
5.3165561911e+17 
4.6443227001e+34 
-4.2982436864e+10 
-1.1973741707e+31 
2.6589822573e-20 
-5.7560678215e-06 
-3.7679593563e+00 
-5.8617596833e+17 
7.9252474620e-28 
9.1144550155e-17 
5.0509938029e-13 
3.5978155903e-39 
8.4362418146e-24 
5.1236996875e+05 
3.7577724800e+08 
5.1953916000e+07 
-4.6950852825e+32 
-4.7674705980e-13 
1.4537811986e+34 
-6.7008792959e-10 
-1.8477874005e-36 
-2.0518344294e-35 
1.1622745594e-35 
-6.2252833380e-21 
-7.1221796816e-07 
-2.9812689062e+32 
-2.0534640382e+37 
1.8291243620e+37 
1.8945316681e-36 
1.9284628385e+33 
1.4557959097e+28 
-2.0224059376e+13 
5.0543008674e+29 
5.7678728655e-24 
-6.1445741828e-09 
-4.0138509500e+29 
-4.0066509713e+24 
-9.1320504378e-26 
-1.2287102003e-08 
2.4341583304e+25 
-1.3008030831e-30 
6.4533096748e-12 
7.6013700225e+15 
-7.1044001077e+36 
3.3472387084e-09 
6.1633982653e-33 
3.1468684028e-05 
-3.7245075646e-07 
8.7082278728e-01 
-2.6022274839e+16 
-3.0391420000e+07 
-3.5839681488e-25 
-1.3031435665e-03 
2.2340665383e+20 
1.1600839105e+35 
1.2324048438e+05 
-3.4099809825e-02 
1.1261079569e-10 
-2.3876782507e-02 
-6.1086097408e+10 
-2.7069400943e-08 
1.7597121094e+04 
6.1405990400e+08 
1.6982474931e+34 
-1.9293742925e-22 
1.5509464933e+34 
6.9942098987e-12 
-3.9650715000e+06 
-4.5914546386e+35 
5.1735499594e-19 
2.1004321127e-07 
-2.2046119141e+04 
1.6602949282e+38 
4.1166525334e-02 
5.2589911224e+26 
-5.8533082667e+14 
2.5083701404e-26 
4.0010484000e+07 
-1.0046959543e-15 
-3.1632428810e+33 
3.0748614666e+37 
6.2380527222e-18 
3.0748871094e+04 
1.8562895712e-03 
1.8319708150e+18 
2.8998368979e-01 
-3.2661286840e+14 
-4.3328593750e+05 
-1.3132102042e+11 
-4.1361876316e+28 
4.0644774507e-22 
9.4915617033e-11 
5.8009461674e-17 
-2.0029841879e+29 
-2.4045579866e-25 
1.4536616413e-30 
1.5509398400e+08 
4.7131274311e+25 
8.7180881698e+18 
-6.7533746077e-25 
5.9409199632e+36 
2.9320452670e+31 
4.5668072963e+20 
-6.9453099491e-38 
-5.1225197281e+12 
2.6504366888e+29 
2.2699852082e+21 
-1.1354831815e+18 
-1.3548409487e+26 
-7.4395269307e+14 
-1.2000497485e-08 
-3.5933222400e+09 
1.2427918336e+10 
-2.8110650133e-14 
-6.2554985664e+33 
-1.6344676762e+11 
1.2369581647e+36 
-6.5931016143e-26 
4.5496229611e+35 
-9.0464553313e+22 
2.2349898438e+05 
-6.4174903546e-24 
5.7683702558e-02 
2.5404241920e+10 
1.3416258418e+23 
-9.3011033298e-26 
-7.5055409844e-29 
-8.0498562602e-22 
3.3199486000e+07 
6.7090130248e-37 
-2.3406426348e-37 
7.8052342548e-20 
-3.9793536387e-33 
5.7291003031e-05 
-1.0083551345e+16 
-7.7126329958e+13 
-2.0502455752e+21 
2.9552076096e+36 
1.3716906722e-07 
-9.4477014166e-32 
4.3740114671e-27 
8.7490772178e+17 
-1.5152213781e+15 
1.0143422799e-22 
-5.9903593750e+05 
9.3219190000e+06 
1.8725845760e+09 
8.5967721118e+25 
1.3075216636e-13 
1.7740733364e+19 
2.9108500431e+37 
2.0199119450e+33 
-2.7377179509e+25 
-3.8171203975e-09 
-3.6460318148e-17 
-3.0032905751e-16 
-4.5698815738e-22 
-6.6207725050e-22 
-4.7240074757e-20 
-8.6427728271e+02 
9.1084468085e-21 
-3.6676140059e+34 
6.8966587679e+16 
8.8430897352e+33 
-8.2649800597e-28 
-3.6734812822e+22 
5.4869888560e-28 
6.3540481470e-13 
-2.0871493120e+09 
2.0937308438e+16 
-3.6106125281e-37 
-2.3251913733e-21 
-5.9439056146e-22 
1.0990912986e-37 
-3.1010702852e-28 
4.0344980761e-35 
-7.7128092039e-28 
-4.4569000637e+34 
6.8240774851e-22 
-9.5647896786e-39 
-2.3032813615e+29 
2.8694394000e+07 
1.0157002400e+08 
8.1276324274e-25 
-6.1288490682e-23 
-1.8305779115e-09 
6.3615126340e-19 
9.3387788336e-27 
-1.7137251910e+13 
3.4832737722e-17 
-5.0191229516e-15 
-1.7516813744e-36 
1.7265132052e-31 
-4.3276513679e-06 
2.9011762189e+19 
-7.6418530673e+12 
2.3470250771e+24 
-5.1077138893e-17 
-5.2144216759e-33 
2.1157420013e-30 
-5.1392931791e-20 
2.0903489536e+10 
1.0671958460e+23 
1.3033819851e-03 
9.3229050954e-22 
1.5325058560e-31 
-2.0404613845e+15 
-8.7004386902e+01 
2.3518404608e+11 
-4.1468866978e-16 
-2.4307518005e+02 
-8.5162585009e-32 
1.4981742127e-22 
4.2245467438e+15 
3.9242655670e+35 
1.5128265607e+24 
5.3033046708e+18 
6.1798084608e+10 
-2.1339319080e-21 
2.3968123047e+04 
-6.8128608310e-10 
-2.2473464292e+22 
2.0712463973e+24 
3.4265918079e+13 
2.8573253139e-11 
1.1838915451e+14 
1.1747206450e+00 
1.1428159000e+07 
1.2847258477e-03 
9.4599693999e+24 
-8.9655485494e-24 
5.3158515279e+19 
-3.2233323505e-29 
-1.1747849219e+05 
2.1025284574e-31 
-1.6285965841e+32 
-8.6992572021e+02 
1.0243746829e-06 
-1.4340754139e-35 
2.3937620163e+01 
3.5735198289e+14 
7.4420636688e-31 
2.3361258690e-21 
2.2697079144e-23 
-7.4505066536e+25 
7.0920099322e-15 
-6.6711711744e+10 
-9.4664610790e-20 
-1.5629824536e-19 
-5.6737814181e-14 
-2.6110237916e+16 
1.0346611762e-10 
-6.0695775989e+23 
1.1594124150e-25 
1.2796040707e-16 
3.2789303077e-05 
-6.1036484788e+29 
-1.3664610659e-27 
-6.7822400301e+24 
1.2913687461e+27 
1.1198008433e-20 
-1.3635705791e-13 
3.0720422576e+13 
2.3733303317e-37 
3.5022047814e-03 
6.7808197021e+02 
-1.5805130076e+35 
-3.2319611520e+37 
-2.6058933269e-22 
-7.8287972625e+25 
-3.5174222476e-12 
-5.1197266883e-26 
6.4733742867e-23 
1.3663307622e+35 
1.2828536045e-34 
-2.4559402458e+25 
3.5943120324e+18 
-3.6365581764e-05 
3.2192821127e+30 
5.5202512158e-05 
1.1660577002e-04 
-1.3340817309e+35 
-2.0074394997e-03 
-1.4723524487e-35 
9.8332148418e+19 
-3.4530327357e-35 
-1.1298974656e+36 
7.2341261166e+17 
-9.5490377053e+19 
2.3028961806e+18 
3.7416641827e+18 
-1.7307883313e-32 
-1.4206527000e+07 
7.0666963178e+25 
-5.6159295549e-16 
1.8826445184e-29 
1.0130038652e-15 
3.3750160132e-18 
-2.4951094857e+22 
1.5461772350e-26 
-3.3368198782e+17 
-5.3051650789e+14 
4.9410147551e-22 
-9.5610000000e+05 
-2.8761834645e+31 
-1.1578249210e-14 
9.9946765234e+23 
4.9423202167e+37 
4.4021210288e-13 
-1.5068480000e+07 
-1.2990965488e-14 
-4.6127273210e+36 
-1.9388403219e-35 
-3.3708650267e+13 
8.9605112076e+00 
-1.4389103588e+16 
3.2373989179e+13 
-1.7213599058e-03 
-1.5398816730e-14 
2.0474503857e+24 
1.0957070152e+32 
-4.4242742400e+08 
-1.0953552036e+12 
-1.2418616392e-17 
1.5209065458e+16 
1.4300587622e+11 
8.0461308727e-09 
-6.7798693973e-15 
3.2935285760e+09 
-2.8448024908e-33 
4.0298806425e-07 
-5.8512888870e-30 
2.8022270220e+24 
-5.1991026298e-15 
3.4373556264e-03 
9.9003325504e-25 
6.8765026424e+20 
6.7789428552e-31 
-1.1685547128e+20 
-2.3995178708e-05 
-2.8932502616e-08 
-1.1732758023e-02 
-2.5326645816e+32 
-2.9477846500e+29 
2.3670463324e+35 
-8.6390394717e-03 
6.4285704866e-03 
-6.4750301838e-01 
-2.4493687131e+29 
-1.2622979022e+33 
1.0427800310e+25 
3.9558432758e+33 
-5.5835903931e+34 
-1.2565238037e+03 
-4.3819915018e+12 
-3.2209831203e-31 
-2.5427548534e-31 
6.1800720869e-04 
2.6577565654e+36 
-1.5376308398e+14 
-6.1129945600e+08 
-8.8311244799e-17 
-7.0364458414e-15 
-2.5157990274e-11 
1.2540429119e-24 
2.5427873425e-06 
-3.8947569690e-31 
2.2636871338e+00 
9.6203173428e-08 
-7.6308493677e-26 
-1.0203877067e-38 
-7.0495644345e+34 
-4.4782996362e-31 
-3.5171402851e-04 
-2.7435871500e-13 
5.0376619145e-31 
-1.1515305984e+11 
2.6413912753e+35 
7.7596524094e+26 
8.3023964160e+09 
-1.7177927446e+19 
1.0070064453e+04 
6.7372355261e-05 
2.3608139388e+32 
-1.3943923360e+27 
1.3553641133e+20 
1.4950593565e-26 
4.7428148117e-33 
2.6863919757e+32 
2.0905727705e-17 
-2.4812536631e-26 
-4.6370315772e-16 
-2.4498636854e+33 
2.7848179031e-28 
1.9308948158e-13 
-3.3708839430e+14 
-2.9336626953e+04 
-8.0034067383e+03 
3.4595079596e+20 
-9.3058238611e-29 
1.1460415605e+32 
9.1975625000e+03 
-2.1759722865e-34 
2.1561639300e-26 
1.1916077901e+37 
2.0725754446e-11 
1.3374396127e-16 
-1.8048386635e+24 
-8.8871505519e-36 
-3.8287114240e+12 
-2.5695745717e-04 
-3.3354905900e-03 
6.4704315000e+06 
2.8461416061e+35 
-6.1667258851e-03 
2.1796791636e-23 
-2.0937931113e+27 
-1.3845738955e-02 
-1.1912695186e-07 
2.8937422658e+30 
2.8797080437e+13 
-3.4083996099e+15 
-3.3416367205e+28 
1.7470823011e-08 
-1.9756861223e-32 
-9.8347962614e-33 
-2.1367107517e-30 
-5.9336740010e-29 
-1.1658975461e+23 
-7.9687646389e+16 
-1.7293447017e+17 
-1.6546997988e+19 
-2.9465633607e+38 
1.5878633076e-24 
4.2537910350e-37 
-1.6210698750e-23 
2.0994795881e-22 
-9.2140824830e+19 
1.1743114471e+02 
-1.8998046192e-10 
-2.8467214964e+22 
-2.5801163557e-15 
-3.0649851524e-19 
5.3461274704e+16 
1.0194843725e-07 
-1.7251160252e-20 
-4.8873682879e-09 
-1.2845246999e-07 
1.0227862307e-10 
7.5635492314e-10 
9.8260393750e+05 
1.8408146877e-25 
1.4434702138e-34 
-7.8816268038e-30 
-1.1505273172e-28 
-1.4300876164e-19 
4.3979064131e+24 
-2.2722686131e+36 
1.0072147827e+03 
1.6533886313e+34 
-9.4558819404e-30 
9.3581747211e+14 
1.2964631577e-23 
1.9069705057e-14 
-2.2205334810e-23 
7.0414503221e-12 
3.7283917761e-37 
-2.3196320838e+33 
-6.2564549787e+27 
-6.2352122833e-16 
2.2295495558e-31 
-1.0453660918e+17 
-2.5040732252e+22 
1.9080310484e+37 
-4.2137845990e-10 
-5.6589534669e-31 
-2.6458762614e-27 
-3.7556583204e+30 
-5.4886027965e+14 
-3.0403457843e+11 
1.3936254047e+17 
2.4175996369e-27 
1.1991998424e-20 
-3.0904938296e+38 
1.0941216190e-18 
6.7454649307e-16 
-2.2192873047e+04 
3.5902367516e-37 
7.3050278983e-24 
4.4217866373e+34 
-3.1879712926e+19 
2.6455714946e-19 
-2.8539799413e-09 
-3.2671010946e-28 
-1.2354186523e+04 
1.0697731578e+33 
6.3331471401e-27 
-2.7428898042e-10 
4.9863148086e-22 
4.9864693760e+09 
1.3396324800e+08 
-2.8118487448e-02 
-4.7246597543e-27 
-4.8588571637e-23 
1.7299649379e+28 
-1.2038254066e+37 
3.1303934845e+31 
-9.0954520522e+31 
3.9545109757e-05 
-1.7531047772e+13 
5.7520584461e-28 
1.8264134984e+19 
2.6447074884e-15 
-2.0490265117e-25 
1.1857357500e+06 
-8.9632387500e+05 
-9.2795581169e-32 
5.0506804368e-39 
8.0642872654e+32 
4.5564931954e-38 
-7.2013578492e-23 
-1.0903003059e-33 
-2.4955636500e+37 
9.7666207989e+29 
8.2100298117e-26 
1.2819536287e+37 
-2.4578348742e+35 
3.9203992941e-08 
-4.0396329402e-13 
3.3892135889e-06 
9.9910963759e+16 
-1.6889869027e-34 
-1.6291594270e-28 
9.7835073471e+00 
5.7606096644e-15 
-8.5664162179e-04 
-4.1909214854e-01 
-9.6969645855e-12 
1.6328432668e+19 
1.2555533728e+33 
-1.0791793900e+18 
5.6965182864e+19 
-4.0191732610e+31 
-3.6400312929e-30 
3.5167232513e+01 
4.3656352618e-32 
7.9710492188e+04 
            nan 
-4.5713357032e-21 
1.1761079403e+15 
-3.9322543676e-26 
-6.9599909782e+00 
8.7784188986e-01 
-1.8218416128e-35 
-2.8399629582e+36 
-3.6708115852e+36 
-2.4306826943e+32 
1.3297264417e-34 
6.1138557093e+17 
-4.1179044250e+11 
5.0876854812e-11 
-2.9898176512e+10 
-3.4438934881e+15 
-3.0345857784e+17 
5.7969536000e+09 
-1.8622547087e-17 
2.7352536011e+02 
-6.5640890076e-13 
1.7610262135e-38 
-6.9698814295e-33 
4.1664807213e-05 
8.1927842288e-09 
-7.0617711208e-23 
-1.1493072466e-10 
1.9023926878e-09 
3.4943942261e+02 
-4.1769399238e+34 
1.9553998750e+06 
3.2922924470e+38 
-2.6678922960e-10 
-4.0460155181e-23 
1.2730837431e+27 
-5.0667264162e-08 
-1.5280531645e+00 
-5.8425759890e-12 
-2.1644485688e-16 
-1.2481331423e+20 
-6.8092772381e-06 
-4.3310415055e+23 
-1.9337205505e+02 
1.4165114164e+00 
3.2916551710e+24 
2.5829670000e-11 
-8.8598048832e+21 
-1.2865667322e-38 
1.4029842423e-18 
-4.4452275814e+11 
2.8697936385e+16 
3.0938741082e+16 
-6.6237997686e+29 
2.2976107061e-07 
-4.8355585907e-25 
7.3427250609e-03 
4.9505064973e-36 
5.0826047300e-06 
-5.3808007826e-28 
2.0855029231e+26 
5.5764813842e+15 
-9.4738754272e+01 
-3.2153701431e+16 
3.8382596327e+20 
3.1745128708e+15 
1.3198521744e-34 
-2.0916174229e-35 
9.2521506542e+18 
2.4722803230e-32 
-3.6873848876e-04 
-2.3004820182e-20 
-6.1743497670e+19 
3.8088563266e+28 
-3.4979705524e-37 
9.7324346797e+32 
4.5075835406e-36 
3.1666270388e-06 
1.3682886963e+03 
2.8925630337e-13 
-3.4881711426e+03 
-3.8588643305e-30 
-9.9241780600e-32 
4.4070016733e-12 
            nan 
2.8386464283e+15 
1.8769829496e+21 
-6.5650943308e+29 
-6.9649102778e+29 
1.7413910882e-06 
1.2106794683e-26 
2.5709673165e-34 
2.9611477282e+26 
4.5586188207e-04 
2.4963099866e+14 
-4.5494437211e-12 
2.2885550283e-34 
-1.4927449821e+16 
5.5832883991e-15 
3.3866492000e+07 
9.0358408298e-35 
1.3290798750e+06 
3.4817134857e+01 
6.5473662733e-13 
7.5589496203e+26 
2.0012140987e+33 
-9.4563792560e-12 
-4.5603057870e-14 
-4.4389746094e+04 
-3.6847794031e-16 
-5.8624035469e-25 
1.2948190964e-08 
-1.3294734672e+13 
-6.0207209942e+32 
-7.0944618537e+37 
-4.4452216214e-11 
-5.3008426641e-12 
-5.8794778585e-01 
-1.0087950725e-32 
-3.9571037500e+06 
1.9510343334e-25 
2.0950220525e-01 
-6.6371918234e+11 
-7.9783413639e-26 
1.7663861662e-19 
1.4081747990e-09 
6.9202492018e+23 
-9.5234779874e-36 
2.9409111228e-24 
-1.0447404676e+21 
-3.5915388942e-38 
-2.1292415913e-03 
1.2301498164e-18 
-3.6465684454e-38 
1.9266969182e+36 
-4.2812058085e+19 
2.3148046687e+14 
-2.4270151556e-01 
-1.0118941069e+00 
2.5639627200e+08 
2.6802588532e-21 
8.0623854259e-09 
3.6595913600e+08 
4.6192354934e-38 
8.0818332712e-13 
-3.0025002821e-38 
-1.6895802013e-32 
-2.2268939119e-06 
-2.2147319307e+14 
1.5369453496e+16 
2.2028463875e-36 
1.6250455732e+35 
3.3142108553e+23 
4.0460675084e+31 
1.6559450359e+37 
5.1522388788e-20 
7.9579967644e-25 
4.6170851802e-23 
-1.8590744913e+20 
4.0083119273e-01 
-5.1808115095e-02 
9.7257129848e-02 
1.0964504775e+19 
6.3223855860e-37 
-1.4325848063e-08 
1.9324803065e+19 
-8.2410125299e-22 
4.1144703237e+21 
4.1753526777e-02 
-3.2649204066e-34 
-2.8171355000e+06 
-1.1502304793e-32 
1.2868629700e-35 
3.7173088557e-30 
1.4293142272e-14 
6.1388611584e+10 
-4.3427742188e+04 
-2.9124137014e-02 
4.8291921616e+00 
1.2244077500e+06 
-2.0337707684e+30 
1.2595928485e+34 
5.0787834167e+01 
2.9381917557e-04 
-4.1619777064e-33 
-5.0017519236e-26 
7.5251125494e-22 
5.8412569912e+15 
-1.2769941848e+33 
-2.1422006272e+10 
-3.8519305667e+12 
-9.4332362988e-26 
5.3940953979e-17 
2.4584173978e+11 
-6.9207244846e-27 
1.1365210877e-19 
3.3783966251e-31 
-1.1560139998e-11 
-6.8096622825e-02 
1.3262542600e+25 
3.3899540480e+10 
1.1963676160e+09 
2.4726024611e+27 
-1.4355136085e-25 
-2.1476647238e+17 
2.2047026367e+03 
-8.9565680000e+07 
-3.2684557140e-02 
1.7667481303e-01 
-7.7222071643e-27 
8.3198386335e-26 
1.5551306522e-26 
1.5615305169e-16 
-6.5382183986e+30 
-9.2995003220e+21 
5.9009392009e-16 
1.1693663597e+01 
2.0913824387e+35 
3.4550893513e+22 
1.0310484795e-03 
-3.3289302826e+01 
5.9145185133e+13 
-1.5969929379e-08 
1.0103375385e-12 
-3.6091221318e-06 
-2.3904903664e-12 
3.2225134283e-19 
5.0828374669e+28 
-1.1775769696e-26 
2.4926851690e-01 
4.2794536057e+15 
-2.4837253877e-18 
9.9257928265e-11 
-2.9726405781e-09 
3.3776097690e+11 
-1.6259553690e+12 
1.9553153982e+36 
8.3834484676e-34 
-8.0615240945e+14 
-5.9079995000e+06 
3.3597867599e-08 
-3.8901049978e+36 
-4.4031832081e-14 
2.0485359928e-27 
-5.2016355920e+23 
-1.6738823184e+19 
-5.3822905571e+32 
-3.5716291517e-02 
2.4027278621e-18 
3.2773420441e-26 
2.2002633672e+18 
9.2850526346e-34 
-7.6157836871e+23 
-1.9135987066e+25 
5.6402345763e-06 
-9.5154543966e-11 
1.9559379365e+27 
3.7049086434e+26 
-2.3660672193e+20 
-7.4633440133e+12 
-1.0068038773e-29 
2.4588003090e-25 
-9.4613362478e-08 
-3.5927585718e-22 
8.0564427267e-32 
8.0149166286e-02 
-2.9928555765e-21 
3.3307774000e+07 
-4.6078618501e+12 
1.7739147324e-06 
2.7211439533e-15 
-3.8156656083e-03 
1.6724163490e+36 
-4.2922164520e-27 
-1.8760213868e-11 
-1.2467138307e+24 
-1.8631516284e-20 
1.1128325276e+13 
2.4892899394e-01 
-1.7253272384e-26 
-1.6993723351e+12 
1.5166420480e+09 
-1.0641277356e-12 
6.2209796724e-34 
3.0242019420e-05 
-1.2756774066e-35 
-2.2498901367e+03 
2.0953644292e-16 
-6.0407503652e-12 
-2.3728157394e-03 
9.7480122349e-05 
-3.2391557707e-38 
3.7879994609e+20 
4.3692155449e-10 
-6.8514286650e+34 
1.8560525030e-02 
-9.2181656115e-38 
1.8284911290e-02 
-3.5981675843e-15 
3.8390929181e-33 
3.2277119141e+04 
-7.5739485941e+28 
-4.2992820604e+14 
-3.5147233335e+30 
4.4141425367e+18 
3.8197162896e-32 
1.2089863258e-35 
-1.3006895299e+38 
1.4019346573e-08 
2.4453816879e-29 
1.5687672168e-21 
6.0466220602e-03 
-3.6588368135e-38 
-1.4283486720e+09 
-8.4084909759e-05 
9.3025786691e-28 
7.6052428385e+35 
2.3995027608e+38 
-8.8689154551e-24 
-3.0993213367e-14 
-2.8618538250e+31 
-3.9711054591e-26 
-1.3604649823e+15 
2.0578013088e-32 
3.1244600617e+22 
1.4725037500e+06 
1.5705804756e-37 
5.4223086174e-27 
-2.3014391772e-03 
-3.8296594742e-20 
1.9634087233e-18 
-3.2272319398e+34 
-6.1514762495e-22 
-7.3632365674e+13 
1.6803267499e-05 
-2.2946831584e-01 
-1.5715441670e+26 
-2.3755643503e+35 
-7.3492495423e-10 
8.1929193750e+05 
4.8458280653e-34 
1.6591669150e-09 
3.5247948475e-18 
1.0634968931e-31 
2.7868301516e+23 
1.2232725866e+38 
-1.7348555326e+00 
-9.3900249164e-29 
3.1886203686e+22 
-4.9788861922e-09 
-4.0815816458e+24 
-1.0617157517e-13 
2.4060518400e+11 
-2.0174946721e-17 
3.7720337037e-28 
2.2573591309e+03 
-5.8531378102e+14 
-8.9394364672e-32 
-2.3790685045e+19 
-5.1270259857e+01 
-9.9218908872e-05 
-1.0062599645e-20 
8.7935261877e-25 
4.6609186081e-30 
8.1278474680e-29 
3.5225556530e-16 
-1.5131642981e+21 
1.5043436523e+04 
-1.0481424445e+22 
-2.0845950000e+07 
7.3750382818e+35 
1.9907837228e-19 
3.0199306944e-10 
-1.0853528800e+08 
3.5890289166e+37 
-1.1995359728e-06 
-4.0229834165e+27 
-2.8539371094e+04 
1.1196685547e+04 
-1.6449233258e+22 
2.4200877209e+20 
1.1468567216e+13 
-4.5949361530e-33 
-9.2122510501e-30 
2.4015732924e-04 
3.9886723849e-30 
3.5789378971e-27 
-1.7312042049e+28 
-2.7836128449e-14 
3.4518573698e-18 
-5.3912263827e-21 
3.9151764137e+22 
1.1197956971e-25 
6.6096054963e+35 
-3.9113079834e+02 
-5.0999654144e-26 
-1.1590096479e+37 
1.2596886225e-37 
-1.6641763729e+38 
9.5196281413e-11 
-1.5889935547e+04 
2.0915091512e+14 
1.1957957458e+02 
4.8180721667e+14 
2.7530620000e+07 
-2.5264704480e-30 
-1.0104312137e-32 
9.1749971200e+08 
2.2715352500e+06 
1.7181982972e+32 
-9.0080732861e-29 
-1.9113114366e+18 
1.1684803378e+34 
-8.1534150736e+28 
-3.8274430889e+28 
-1.2601013729e-26 
-1.8003923005e-11 
1.9620467813e+37 
-2.8634380793e-24 
-1.2344227399e+38 
-1.0874570221e+19 
1.5132454247e+15 
8.0114430585e-29 
1.1786862888e-04 
-2.2146865353e+36 
1.0899652288e+34 
-3.3747883190e-35 
-1.0301958125e+06 
-1.3237273395e+11 
2.7195467776e+10 
9.5395749888e+10 
2.5010129260e-36 
-1.9636441095e-07 
-1.3439906260e-37 
4.5780318032e-05 
6.8473640960e+09 
-8.4954601947e-13 
8.1719891805e-29 
1.1142734916e-28 
2.1067506035e-17 
7.5153082948e-15 
7.3487266584e+28 
-5.4804338031e-23 
7.2617565918e+02 
1.8610348307e+15 
-5.1957066597e-31 
-2.6378851773e-18 
4.6810334921e-01 
-3.5546906229e+21 
5.4190433025e-01 
-6.6929987618e-37 
-3.1872001069e+27 
2.7300479653e+20 
1.5918793600e+08 
5.5203474702e+13 
2.5073364473e-14 
7.0753108139e-24 
-3.2372845459e+02 
-1.6009214505e-06 
-5.8519201160e+36 
1.1390865257e-04 
-1.2073564570e+11 
1.5129233570e-20 
-3.1689715117e+19 
2.5223302826e+36 
1.0796012814e+23 
-6.2259167487e-34 
-4.4874373314e-12 
5.4720702401e-18 
6.7287121872e-35 
6.0290323745e-05 
7.7234312695e-12 
4.8698427391e+30 
-2.4328512741e+22 
-1.4627888184e+03 
-5.2550860205e+27 
-1.3905287722e-34 
-1.7042118701e-23 
-3.9011415915e-22 
4.0557456880e-16 
-7.1321372953e+24 
3.3461984297e+12 
-3.3019441971e+11 
-1.1350432313e-12 
-8.5253855553e-16 
1.8679199911e-06 
9.9024413619e+23 
-9.0387587500e+05 
6.2052836881e-28 
9.3728450194e-29 
3.9520955397e-06 
2.1009853317e+12 
3.7432398796e+00 
4.9294180352e+11 
-4.4226369858e+00 
4.0860433214e+21 
2.2131408136e-15 
-5.4141473080e+22 
7.8735213567e+28 
-2.0695388553e+21 
8.7416579916e-23 
-6.4305714328e-16 
-3.0022559285e+26 
4.5507210092e-26 
-2.2890841422e+26 
-7.4802651072e+27 
5.5436888413e-10 
-8.4134354099e+33 
1.0182964279e-19 
8.5942217219e-35 
-1.2410649236e+29 
-1.4728967056e+18 
2.1843604259e-07 
-2.9561539075e+31 
5.0603251539e-26 
-1.4663328382e-37 
1.3827607036e-01 
7.4206892069e-34 
-4.7318968340e-35 
-1.2361202782e+17 
-6.1553088822e-38 
-9.0770004272e+01 
6.1587077381e-16 
-1.8989973549e-27 
-6.7413209138e-36 
-1.0700361514e+27 
2.6508127703e-34 
5.8760982932e+34 
4.3242938808e-35 
5.3583556533e-18 
-1.6824989871e-04 
2.4208517075e+00 
-9.9592338293e-36 
4.6950149784e+13 
6.0783514513e+34 
-3.4276196709e-16 
-8.0783995331e-35 
2.7989589361e+12 
-4.1289677734e+03 
3.3447343095e+29 
-4.8834144037e-23 
-5.7329895085e+27 
9.4543008777e-20 
6.2347190000e+06 
6.8301562996e+14 
4.5011693334e-35 
3.9493851873e+26 
2.2665042714e-24 
-3.0074950308e-02 
2.0243322463e-16 
-2.2540133667e+02 
6.1096381395e+28 
-5.6554267641e+29 
-4.6024497351e-06 
-8.7566996339e-27 
6.1896921743e-24 
-2.9329925155e-07 
6.3169267378e-05 
2.0931937615e-04 
-9.7517145600e+08 
-3.3341192877e+24 
-7.4239647865e+24 
-9.0755875036e+17 
-5.8289355507e+35 
1.0744811930e+24 
3.4952854522e+19 
7.4815242846e-25 
1.5419107771e-18 
-6.3654628677e+37 
-1.9020746549e-05 
1.6433111796e-06 
1.1753511756e-31 
2.3071837227e+38 
-1.4074863741e-37 
-2.2846989081e-18 
2.9770016988e-20 
-5.9992959723e-03 
7.5986051919e-31 
6.3509951180e-27 
-2.1475247181e-16 
-1.9667672638e+30 
1.1712600300e-22 
2.0019406482e+26 
1.7636391521e-01 
-4.7092157878e+31 
9.5559047858e-26 
3.9596869351e-21 
-6.8890664261e-04 
1.6498159281e+30 
1.9459916083e-18 
3.6494456686e+18 
8.7978591138e-16 
3.4011887812e-24 
1.7391022080e+10 
2.7463265997e+35 
-2.6602859520e+09 
2.9514119379e-31 
-8.2242066741e-39 
-4.6473313058e+20 
-6.2985020557e-16 
5.0408714140e+33 
-1.8175568034e+30 
-3.7747399650e-10 
2.0187975694e+15 
-5.3643273408e-27 
1.5289877003e-11 
-1.9328572935e+32 
1.2035929487e-15 
-3.1179561615e+01 
-4.3893028951e-17 
-1.4733547667e+13 
1.3970244254e-05 
-9.2777304419e+29 
-7.8581644863e+35 
4.3840317983e+26 
4.6585240512e+36 
2.4828474125e-05 
7.2600538574e-16 
1.8386050215e-05 
1.8493080916e-06 
3.1236734645e-32 
-3.1664526788e-15 
-4.9923837785e+33 
4.5026939715e-18 
-1.6647485798e+30 
-2.9985863434e-37 
-9.0517357498e-11 
-3.5595243179e-31 
-8.9142425811e-29 
-2.8265468635e-26 
-2.0797152889e-09 
-2.4896859341e+11 
3.8988350752e-06 
7.5310156681e-03 
-4.1999451326e-39 
1.0538075554e+14 
1.7771940932e-33 
4.8113354611e-27 
8.5960377554e+35 
-1.9308021453e+15 
2.6450148225e-01 
3.4438091957e+31 
-3.5895549227e-03 
2.8607906180e-21 
-5.5590644000e+07 
6.1245630291e-24 
-5.3954865762e-27 
5.7480899880e-17 
1.2173354492e+03 
8.0192535058e-21 
-3.9134614075e+27 
4.9129205385e+21 
6.5759229975e+25 
-8.7978313523e-10 
-9.9957638151e-22 
2.4353129366e+13 
1.6985713884e-22 
-1.9524264512e+26 
3.0385052027e-21 
-2.4173178312e+20 
1.1700075851e+24 
-4.2463123322e+01 
-3.9801441779e-19 
-2.4557578683e-32 
2.7598726859e-08 
-4.1412742576e-04 
-3.6476270174e+22 
-3.3279249863e+25 
1.1233526188e-30 
6.8402908867e+20 
-8.0055596435e-30 
-2.8943498543e+26 
1.2652767028e+25 
-3.4472138223e-28 
2.1744227545e-29 
1.7395035161e+33 
-1.9723200684e+03 
-3.4077338785e-33 
2.5678932722e-13 
-2.5220328098e-05 
-7.6606076039e-34 
-8.7755677214e-07 
-3.2241213583e-25 
1.5222471237e+01 
-3.7745529690e-36 
1.7313376884e-04 
-1.4470762253e+01 
4.7672430517e+22 
4.2149674673e-18 
-3.1627067267e+29 
1.3281130145e+18 
4.8442117870e-02 
3.8952664725e+16 
1.3213791590e-06 
-1.6968391506e+33 
-1.6689440269e+18 
-2.6400330654e-24 
2.2258036484e-18 
5.9511226741e-35 
7.5880939706e+28 
6.3464238285e+29 
3.4896278052e+19 
-1.4809432786e+27 
3.1301559648e-04 
5.7173240000e+07 
8.1032739113e-13 
7.3226511142e-18 
4.9836084429e+11 
-8.8868443390e+14 
1.2697083947e+26 
-5.7533898143e-06 
2.1378562115e-11 
-2.5624078259e-32 
5.7024381413e-37 
-1.1538156305e+32 
5.2658084314e-04 
1.9254024750e-37 
1.8541947355e+21 
-3.2744077117e-29 
1.4464334772e+22 
5.8111421764e-02 
-6.4069734449e+28 
-1.3693404865e-34 
2.5269623846e-02 
9.6431727095e-39 
1.1290425004e-29 
1.9217296839e+00 
-5.1333328863e+17 
5.0784401221e-33 
6.2865048647e-01 
-1.2213585958e-26 
4.1973865509e+01 
-9.7354589217e-20 
2.2856398926e+03 
-2.5095755029e-27 
2.3744882067e-29 
-3.2155780816e-10 
8.8308604871e+24 
5.0784500000e+07 
-1.5270014954e+02 
-1.4032498541e-07 
5.4761504113e+15 
-7.6597262932e-07 
-1.8557562000e+07 
7.2472926708e-15 
-2.8646167953e-23 
1.0091573310e+35 
-5.4380238281e+04 
-5.4835195161e-32 
-4.7712165165e-13 
2.2320792500e+06 
6.7554670194e+34 
1.0258340808e-05 
1.0549229506e+30 
7.2381616211e+02 
1.7105387457e+22 
2.0938247797e+24 
2.3633214833e+12 
-1.6099965145e+23 
-3.5968580545e-12 
-7.6655098935e-10 
-1.5282709110e-28 
3.9111709070e-14 
6.4434872337e+18 
3.7225882988e-04 
3.8358667200e-25 
-3.8377722808e-18 
-3.7303444945e-26 
-1.1373471697e-20 
-2.0766180567e+37 
-1.4556683983e-11 
-5.6108929124e+22 
-1.8269819476e+14 
2.5844326782e+02 
4.1735616415e-22 
-5.7989216419e-24 
-7.0524672852e+03 
-3.9481941329e-20 
-1.6129564837e-32 
1.5764790968e+12 
-2.0492580917e-24 
-2.6417906216e-34 
-2.9104970734e+25 
2.4142149743e+27 
-1.3400834287e-03 
-9.2162589778e+37 
5.5883494205e-30 
-2.0555576441e-07 
-6.0451523129e+19 
-1.2671769228e-17 
-2.3129312528e+21 
2.7696270503e+31 
2.0670237335e-35 
-1.4729814279e-16 
-1.0003890987e+37 
-8.4298161728e-32 
-1.0735798535e-11 
3.5266181642e-10 
2.2222474527e-08 
-1.0835025460e-01 
-3.9346086426e+03 
-5.8539492181e-22 
-2.6278836318e+20 
1.8001704159e-32 
-6.0817216335e-14 
7.2333144846e+19 
9.0700366838e+30 
-4.7926646126e+30 
-1.0156918125e+06 
8.0987770081e+01 
1.2248715401e+01 
2.4274288110e+15 
1.1424580899e-11 
-7.8208974019e-11 
1.9741381632e+19 
-9.1971467831e-22 
-4.6831758145e-16 
4.7178773780e-15 
1.2611573146e+32 
1.0830082855e+28 
1.1268219994e+14 
4.1199789896e+17 
3.2806990851e+36 
1.0386378902e+23 
-4.5321564122e+23 
-1.0019846179e+31 
2.9492143202e-28 
-7.1956699566e-17 
-1.6153259593e+14 
2.3186810000e+07 
1.3889328808e-21 
1.2113600805e-37 
-2.2686087351e+18 
-1.3267417252e-01 
3.0968545532e+02 
-1.2591650440e-14 
1.4048076868e+00 
-6.9962317184e-07 
-1.0685125945e+36 
6.7121835503e-17 
-2.8541604072e+23 
-5.2751588307e-29 
-6.2110103727e-07 
-1.6164536878e+26 
-1.2953801066e-20 
-3.6343097179e-14 
4.1724566529e+30 
-9.8821294614e-07 
8.9846466064e+02 
2.0590789989e+20 
-9.8180490039e-28 
-3.3432843381e+22 
2.4887070337e-31 
6.8023698741e+20 
            nan 
8.6557937400e+33 
-1.1516338105e-07 
1.6616559878e-04 
-3.5034383778e+15 
2.4690771322e-36 
1.4212805231e+38 
5.3102002209e-33 
-3.6215515700e-17 
1.8795958047e-24 
-2.5982691554e-09 
-1.9142528772e+00 
2.7018586978e-22 
1.3057829182e-23 
2.8487783243e-09 
-1.6017015980e-07 
-8.0330523049e-13 
-3.4674550407e-03 
-4.1233441834e-36 
-3.9351197262e+34 
1.9112913977e-25 
2.6908805045e-11 
1.7459580302e-01 
2.7219892487e+19 
2.4995265007e+00 
-1.3185321353e-02 
-4.8413473511e+02 
-1.7670044138e+16 
3.6314159881e+14 
-1.0978184665e-28 
5.2109646459e-11 
-7.2523378274e-22 
1.7172494188e+21 
-3.7460247026e-35 
3.6434004297e-34 
1.7905253321e-20 
7.5351434723e+13 
-1.1994316371e-18 
-3.4999190697e+31 
-2.8849410695e+24 
-3.5889006772e+13 
-1.1829803884e-01 
