2.3509887016e-38 
0.0000000000e+00 
0.0000000000e+00 
0.0000000000e+00 
0.0000000000e+00 
0.0000000000e+00 
0.0000000000e+00 
3.5873240687e-43 
0.0000000000e+00 
0.0000000000e+00 
0.0000000000e+00 
0.0000000000e+00 
0.0000000000e+00 
0.0000000000e+00 
0.0000000000e+00 
0.0000000000e+00 
0.0000000000e+00 
0.0000000000e+00 
0.0000000000e+00 
0.0000000000e+00 
0.0000000000e+00 
0.0000000000e+00 
0.0000000000e+00 
0.0000000000e+00 
0.0000000000e+00 
0.0000000000e+00 
0.0000000000e+00 
0.0000000000e+00 
-4.4236203410e-34 
7.1746481373e-42 
0.0000000000e+00 
0.0000000000e+00 
0.0000000000e+00 
0.0000000000e+00 
0.0000000000e+00 
0.0000000000e+00 
0.0000000000e+00 
0.0000000000e+00 
0.0000000000e+00 
0.0000000000e+00 
0.0000000000e+00 
0.0000000000e+00 
0.0000000000e+00 
0.0000000000e+00 
0.0000000000e+00 
0.0000000000e+00 
0.0000000000e+00 
0.0000000000e+00 
0.0000000000e+00 
0.0000000000e+00 
0.0000000000e+00 
0.0000000000e+00 
0.0000000000e+00 
0.0000000000e+00 
0.0000000000e+00 
0.0000000000e+00 
0.0000000000e+00 
0.0000000000e+00 
0.0000000000e+00 
0.0000000000e+00 
-2.0543051953e-15 
4.4974552033e+30 
-1.8578519700e-07 
-4.9374180488e+24 
7.4953073263e-01 
2.3428986122e-21 
-9.3811645508e+00 
-7.1644693657e-18 
-3.2691659322e-28 
3.8697152020e+12 
-3.7244893610e-04 
7.2437384400e+29 
5.4712262186e-23 
7.0835364803e+34 
4.9127628800e+08 
8.5810410525e-31 
-5.9509768852e-35 
-4.5095438621e+15 
3.6635933034e-27 
-4.9855194107e+28 
-4.5027698934e+12 
-5.6724863927e+20 
-8.0276549789e-19 
-3.4873487116e-25 
-8.0411192485e+34 
-1.6885729985e+13 
6.0079015539e+29 
1.0077314578e+37 
-7.3360679065e+22 
-4.7629977852e-29 
2.3590522736e+28 
5.0850559402e+29 
1.8414522023e-13 
-1.3709544900e+38 
-7.2337564014e-33 
8.0132722684e+21 
2.1833288143e+24 
8.2949435000e+06 
-5.5195700181e+17 
-1.7823024834e-08 
-9.1961587813e-14 
1.9069054543e-25 
-2.3493118400e+08 
-2.0517532959e+22 
7.2505183220e+00 
-4.8628849293e-14 
-1.6170423031e+00 
-4.3283593376e-10 
-5.1676374774e-25 
2.0437091200e+08 
4.8158749849e+36 
1.7386508262e-05 
5.8182802734e+03 
3.5603972096e+11 
-3.2054407961e+14 
1.0138195483e+30 
-9.1886106706e+12 
2.0221251490e+16 
-6.4446860800e+08 
-3.1875151554e-24 
-1.5988259747e-06 
1.0297964685e+22 
-1.1497887087e-08 
-1.4394914816e+10 
3.8933864127e-16 
1.3374714344e-18 
-2.2687130695e-05 
-3.8280151367e+03 
3.7763503262e+33 
4.8962253933e+32 
1.1392114858e-29 
3.5968663409e+20 
-1.1984520485e-18 
-4.4412351370e-20 
-7.3240136089e-07 
-2.5221961196e+34 
2.9879659591e+35 
-2.0342279030e+18 
-5.1114875921e+28 
2.1480292188e+05 
-2.5612199445e-23 
-1.1459250663e-16 
4.9273265000e+06 
1.0832783551e-26 
-1.8785360937e+12 
-1.4002857955e+21 
-2.8382663417e+19 
-1.3968560100e-01 
5.9188393751e-30 
8.5440510867e+24 
-3.7011218743e-12 
4.5128742188e+04 
-1.8031177728e+10 
-5.9555991987e+35 
7.4707177734e+03 
9.4799313229e-04 
-8.6201719480e-20 
-6.4949987500e+05 
9.4874065360e+29 
-5.0391461837e-11 
5.2337400000e+07 
3.2618080509e+24 
-7.3384253440e+09 
-9.9738663994e-04 
-1.3936105813e+20 
-3.0806325373e-12 
-9.6627394974e-10 
-2.6952374530e-25 
-1.1456557500e+06 
4.7536827568e-23 
-2.6573502833e+36 
6.6085235062e-08 
6.6814115271e-03 
2.8094302205e-38 
-7.6835329396e+35 
4.2350834520e-22 
3.1886449204e+25 
5.4823693997e-16 
9.3515300707e+23 
-1.0768608950e+24 
1.3674437068e-02 
6.9168773149e-22 
6.3223040771e+02 
3.3065642385e+22 
3.6105422038e-12 
2.9222314297e+33 
-7.2945643191e+19 
3.1396414945e+16 
-4.6671529240e-34 
1.4634656996e+19 
-3.9140393280e-38 
9.9260848025e-36 
5.5203326474e+34 
1.0137445127e-22 
9.2550699995e+25 
-9.5472780982e-18 
3.8955505783e+26 
-1.6355676417e+29 
-2.1233779763e+14 
7.6414010484e+31 
2.5012010193e+02 
-9.3505898258e-04 
5.5558350569e+13 
-7.5025334254e-24 
-6.6912606884e+24 
-9.2613254922e+23 
-7.3154182972e+36 
-5.4593005916e-04 
-2.3405077963e-36 
1.1936672302e-29 
-3.7399379071e-03 
8.5891466162e-10 
-5.1427665773e+13 
3.7496319727e+22 
1.7937393793e-08 
1.2421825932e-37 
2.6387955709e-10 
-2.2199117545e-35 
4.2220284000e+07 
3.6217910270e+18 
-1.6007414583e+31 
-2.5392795951e+38 
-4.6992577915e-22 
-1.0156964511e-01 
1.8260143304e+28 
1.3001880000e+08 
-1.4622612010e-09 
-1.9486693106e+25 
-9.9919682759e-20 
-1.4553031486e-31 
-3.6922666469e+27 
3.0059235031e+18 
-3.9811270400e+08 
3.2512381666e+15 
2.7826929845e+29 
-8.6708666913e-07 
-7.3068922370e+23 
-2.8029798224e+37 
-1.4885212317e-18 
-5.0057622376e+14 
5.3003310642e-32 
-5.3809348608e+11 
-6.5795535446e-24 
-6.2703606091e-05 
-6.7258197987e+23 
-6.4412287728e-21 
-1.6095154413e-38 
3.6751317746e-24 
-3.0776245694e-05 
3.7008205869e+32 
5.7640560838e+36 
6.1489813267e-31 
-5.1727806533e-24 
1.6504065638e-13 
3.5057099797e-22 
3.9011770880e+09 
-8.7861293538e-36 
2.8059634228e-33 
1.8163692474e+01 
6.2480582989e-18 
2.1092836786e-18 
2.4220274922e+37 
1.2774399251e+17 
-3.2682718718e-23 
-2.5942172903e+37 
-4.9176265971e+27 
-1.1030339115e-22 
-1.5762476773e-13 
1.7579722853e-36 
-8.5540881400e-07 
-1.0672047756e+31 
-2.2939537422e-11 
-5.0730289680e-35 
-2.9305623047e+04 
-5.4431462719e+13 
2.3288976081e-07 
1.9710644531e+02 
-6.0704094412e+28 
-3.8190250000e+04 
3.5173698197e+24 
-4.8294144000e+07 
-1.2541208170e-32 
1.0532477668e-12 
1.4487281502e+35 
-4.1953419905e-13 
9.7683648262e-30 
-6.2221009469e-26 
-2.6747929439e-27 
1.5250478782e-06 
1.3258052599e+36 
1.6350675132e+25 
-1.0781457160e-21 
-4.3571495653e-27 
-3.2500732422e+01 
3.5278176864e-15 
-5.2030297601e+18 
1.2894941374e+14 
-8.3617515695e+15 
-7.5157989967e+35 
-2.3547932893e+25 
-3.2935441532e-34 
5.6466108928e-28 
5.7735815062e-07 
1.5077103743e-19 
-3.5300562544e-29 
1.3797167969e+02 
-5.2834474178e-18 
-1.4405527579e-38 
1.1445035852e-07 
-1.6856894431e-28 
-2.1131243557e-04 
-4.4358046125e-09 
2.2785503918e-17 
1.1462179840e+10 
6.7751153184e-24 
1.7977494027e-34 
2.1465025087e-20 
-3.9554904475e-22 
4.1447766125e-04 
-3.2950205064e-13 
2.8487101567e-11 
4.5206165900e+31 
-2.8667289600e+08 
9.7376400000e+05 
8.2563339638e-38 
1.3125004555e-13 
-6.1619330966e+22 
-7.2738342285e+00 
1.3705714674e+22 
2.3422897403e+22 
-1.9312337749e-31 
-8.6157747238e-24 
-1.2045400217e-04 
3.8796129603e+27 
2.4387554932e+20 
-1.1413089125e-21 
2.0720136718e-09 
3.3948177602e-11 
-6.8061448184e+32 
1.0120128795e+22 
1.9771700000e+05 
1.9026870650e-23 
1.4864651085e+26 
3.8188429616e-34 
-2.8982463365e+17 
2.0276846772e-04 
-3.5765778809e+03 
-2.3247770495e-17 
-1.2371355593e-15 
6.1664265375e-15 
-8.0306525486e-27 
-3.8636085248e+10 
-1.9442765528e-35 
-4.6681625039e-24 
-1.2871248438e+05 
2.4098546807e-35 
1.1046630640e-17 
2.3755019219e-12 
-3.3318264150e+23 
-7.8996292918e-37 
2.2146828371e-07 
5.6100788867e+21 
9.0370956623e+24 
-1.1673770284e-10 
4.6337654567e-06 
-1.6442973742e+18 
9.5700362380e+28 
2.0262185092e-26 
-3.7041418254e-02 
3.7795282312e-13 
-3.2312617931e+28 
3.5039195000e+06 
-2.7797694206e+00 
4.5513278682e-21 
8.3000760590e+19 
-1.0987146525e-03 
-2.8894776679e-32 
-5.0294415577e-26 
-8.0927492188e+04 
-6.8274302071e-23 
-4.7753340565e+30 
1.9138379883e+23 
-2.0069758000e+07 
9.0414551489e-38 
7.9175373705e-24 
1.0250186523e+04 
6.1306226642e-24 
-2.4640653450e-28 
1.0847681127e-34 
-1.2370650670e-17 
-8.3477525080e+37 
-5.7986700995e-05 
-3.5133527502e+33 
1.3315991265e-21 
-3.4733014805e+36 
-1.6412615153e+16 
6.0560298920e+01 
5.3702617151e-05 
-1.4365558343e-07 
2.6285063537e+13 
3.0073648640e+09 
1.2992526418e+12 
3.3628708016e+34 
7.8829035759e+00 
5.8212096944e+17 
-5.8626730531e+20 
-7.3960338227e+12 
-2.1920373047e+04 
4.3634443590e-29 
-5.0296117271e-10 
3.8092649080e+32 
-3.1344445344e+30 
-1.2530309167e-35 
-3.4124776694e-37 
1.3350776282e-28 
4.4340940481e+27 
-6.5083746094e+04 
3.6452252891e+29 
-5.2153791689e-29 
-1.6507907080e+13 
5.2134164170e+16 
1.0981230928e-16 
            nan 
1.4673224705e+31 
-2.7455182249e-31 
8.4914459248e-27 
8.1513414682e+34 
3.8030518112e-07 
-4.5687006955e-10 
2.0941373836e+29 
-1.4093580467e+28 
-1.6926342765e-16 
1.3973853138e-28 
-1.2474401120e-28 
-9.8070575581e-23 
-6.0515932617e+03 
8.5302245953e-13 
-1.2641547192e-31 
1.1319950905e-33 
9.8725652195e+20 
-1.4033311953e-21 
-2.9706459782e-15 
1.1701373402e+29 
1.8150324634e+11 
-4.6121721257e+21 
5.5590410534e-21 
-1.4699943189e-39 
-2.7252471417e+31 
1.8073213041e+38 
9.1248864464e-07 
1.4473669434e+03 
-1.0057921742e-37 
3.4643223234e-32 
-7.9116743590e-25 
5.0606042723e+15 
6.4489910000e+06 
3.5367620693e-22 
-2.9035577924e-14 
1.7670502250e+29 
9.6013822719e-24 
-2.8477269431e-09 
-3.8187338867e+03 
7.7544851468e-31 
-2.5371718540e-34 
3.0505874788e+37 
9.3937149837e-26 
-3.3494528000e+10 
-3.5679225799e-23 
-2.2609594148e+23 
-2.1767431826e+24 
-7.2599926181e-24 
-3.4980156549e-09 
-3.3281369029e+20 
8.9644892776e+24 
-4.3613660878e+37 
1.5731251391e+22 
-1.6394570977e-37 
-6.4333366639e-29 
-2.1348347904e+10 
-9.0637061925e-20 
4.4040207863e+00 
4.0471610980e-13 
-4.1495709401e+23 
1.0325175090e-22 
3.7910733032e+02 
-5.4072171450e-01 
-4.4972623715e-12 
1.8467267993e-10 
1.5172161865e+02 
-7.7950735929e-38 
7.3330984413e-27 
-4.8878401754e-30 
-1.6733068634e-37 
-4.0903407604e+18 
-1.0070019298e+27 
7.1814047852e+03 
-1.1166461169e-28 
-1.0020358125e+06 
-1.5252465361e-13 
-1.6192717850e-01 
-1.8097087073e+28 
-3.4008503777e+19 
-6.9450302734e+03 
6.4086531068e-37 
2.8548382408e-11 
-5.0070988784e+13 
-2.5187535832e-16 
5.6427353332e-20 
7.8787056000e+07 
1.4379677421e+25 
6.7682892062e+35 
-4.5368305738e-23 
-2.9748663678e+19 
-2.0458959020e-32 
1.6431973888e-18 
-8.5825226589e-23 
-1.5311727237e-16 
7.1628049541e+37 
-2.8897280000e+11 
-4.0891035000e+06 
-1.1187705679e+21 
-1.2736393667e+22 
1.2898483044e+14 
-6.0198136000e+07 
-2.8883121094e+04 
-5.6872147525e-07 
2.4864790612e+26 
8.6094849643e+20 
-6.3554751873e-01 
3.7833589315e-01 
-1.6450435124e+25 
-5.6280012800e+09 
-9.7248199558e+33 
3.8571033486e-25 
4.1344873488e-13 
4.1229000097e-21 
-2.6084011729e+32 
1.4903943539e+00 
9.3865454619e+35 
-4.2007008169e+15 
1.2148220221e+38 
1.0139500427e+02 
-7.0953367626e-09 
-2.3843105999e-29 
1.6741454273e+23 
3.0424766873e-11 
-3.1299272462e+27 
1.1051284300e+13 
2.6578472265e-21 
-4.0988635780e-32 
-1.5896724909e-11 
-1.3033826351e+00 
3.8850503436e-22 
-1.5486038101e+14 
6.1962835219e-37 
4.8437828355e-26 
-1.1238867828e-18 
-6.5711528909e+27 
1.1427037522e-33 
-1.8358516693e+01 
3.5296684473e-06 
4.8422248801e-04 
-1.5818041987e-08 
1.3069782483e-18 
-3.4513997773e+22 
-2.1245335352e-11 
5.9098230849e-05 
-9.5422354371e-14 
-8.4635553157e-21 
-1.6715643545e-33 
-3.7923413502e-19 
1.1259828813e+36 
-1.3560608799e-12 
1.2983327507e+32 
-8.8832143592e-17 
-1.1251125191e+18 
1.3537056294e-19 
-2.2537791078e-10 
-1.9913529641e-32 
5.5158200105e+29 
-1.2138523865e+02 
4.6694466652e+23 
-2.8732046039e-13 
3.5583558663e-38 
1.3123754079e+14 
2.6137650229e+20 
-1.0048054068e-16 
-5.7643843978e-28 
1.5516200671e-26 
6.5421110000e+06 
7.2190980688e-24 
-2.1090719204e-18 
9.4181062892e-33 
4.1971086329e-11 
9.9749966944e-27 
1.8511254620e+20 
-6.6447871969e+17 
1.0726219177e+02 
-2.7349554678e-31 
1.1642660589e-27 
-4.6741716564e-02 
-4.6532729269e-26 
4.1528845926e+11 
1.2762997737e-18 
2.9539180756e+01 
-7.1198579324e-35 
1.7766082055e+18 
-1.0520478100e+15 
-1.5144547817e+19 
-1.4031940266e-24 
1.4935452125e-32 
4.1040787113e-28 
-3.6289245715e+14 
1.9964807852e+15 
-8.2845680640e+09 
1.1571489019e-23 
2.8812640208e-12 
6.9176174700e-02 
5.9538166252e+13 
7.0654871208e+13 
4.8884627979e-23 
1.0702224231e-15 
6.9582299922e-09 
-5.1976763146e-25 
4.0311120605e+02 
4.9892548314e-29 
-7.8811924480e+09 
4.0238933970e-22 
-1.7335370418e+37 
-1.8471937304e-13 
4.7992824054e+20 
-1.1301024909e-16 
-7.0275220480e+09 
-3.4820416000e+09 
-1.3997671711e+14 
1.0732434570e+04 
-2.3651659015e+34 
9.4077664614e-01 
9.0157182454e+34 
-1.4353843033e-01 
2.0125076663e-16 
4.0169838867e+03 
-5.1094938090e+28 
1.0511963527e-25 
-1.2820005409e-20 
1.0998731003e-34 
-2.9637063853e-03 
-1.8985356292e-05 
1.4064893821e-26 
4.3455693598e-18 
-8.6628748190e+17 
-1.0305013017e+25 
-1.0026407479e+21 
1.9142227477e-38 
-5.1614914806e-27 
1.1012660650e-07 
-1.2059682531e+26 
1.1443828736e+10 
-4.2504273646e-23 
-3.1689966006e-30 
6.3848184000e+07 
-1.0756443603e+15 
1.6127981654e-13 
2.5454493913e+27 
9.3204624400e+34 
-9.5847201703e-12 
-9.2631669002e-10 
6.1157623405e-18 
3.8631166827e+25 
2.1001818238e+29 
2.8256555636e+30 
-6.2779290133e-30 
-1.5192521158e+18 
-3.2258493654e-09 
-2.1151609098e+36 
3.3791153275e+12 
3.2658374917e+38 
2.4868062507e+16 
4.1503417608e+32 
-6.0335230052e+24 
1.8892436985e-13 
-1.0962290678e-34 
4.4143030000e+06 
-4.3770727858e+37 
-1.1274276301e-02 
6.7817256780e+13 
-1.9881366156e-19 
-8.6321585968e-07 
2.6125102080e+09 
-1.4617338147e-18 
4.7197993069e-08 
-1.9963601239e-26 
2.4425699807e-29 
3.2780975482e+21 
-1.5059683278e-07 
-3.2129561539e+36 
1.5464050230e-03 
-3.5422644885e-18 
1.4204596177e-36 
-1.6373031660e+16 
-1.3570873449e+18 
-1.0332957458e+02 
8.2248156493e-17 
4.3969829043e-33 
-4.2360312034e+21 
5.1000772339e-28 
-5.8476793660e+30 
1.3424902856e-10 
1.5684515329e-31 
-2.5683443003e-13 
9.1238523703e-28 
-2.0295871094e+04 
-1.4883185547e+04 
-2.0503651200e+08 
-4.2875474691e-01 
-1.0021828984e-06 
-2.6761434128e-05 
1.4376388491e-24 
-4.1459496343e-35 
2.0475558813e-06 
-2.4666909568e-21 
3.2429393750e+05 
1.6884204000e-02 
2.2052371094e+04 
-9.7842007575e+17 
6.0970002029e-28 
-1.3899726328e-03 
1.4921935547e+04 
1.0419286215e-33 
-6.1093087766e-16 
-7.9621472168e+02 
-2.8602635668e-13 
-5.6540788600e-16 
-1.2690910928e+18 
3.3892413472e-26 
-4.3376687543e-23 
-3.5336514282e+02 
-1.4225984717e+12 
1.5101736051e-12 
-3.6448915712e+27 
1.5891852549e-31 
-5.4741877760e+09 
-3.9287414360e+25 
-2.7569183083e+29 
-7.5228229519e-32 
1.2578900709e+37 
1.2807815495e-23 
-4.1361219735e-34 
-2.1377044678e+02 
-6.4988308258e+25 
6.2010856191e+25 
1.1695168180e-27 
4.7532476641e-20 
-1.7675386928e-32 
3.4340148926e+03 
1.5420555428e-04 
6.9754819707e+13 
-8.3175985000e+06 
-1.4019295312e+05 
-1.3633549226e-31 
-4.9227227187e+36 
1.9928100264e+27 
9.4834753418e+02 
-4.5661916733e+00 
-3.6585053026e-34 
2.8881055744e+10 
-2.2340103137e+21 
-1.1848332800e+09 
1.6719019718e+25 
-3.2101006946e-04 
-4.0364496410e-02 
-1.2523197032e+34 
-2.5306861410e+38 
            nan 
2.8637886507e-10 
-2.0942170594e+30 
-2.1216406707e-36 
-7.2904750567e+16 
3.1998289876e-27 
4.1610786866e-05 
-5.9801442393e+29 
8.7375872226e-07 
3.9510093508e-25 
4.8809342140e+13 
2.4373547058e-04 
1.2359234412e+27 
9.5432448866e+37 
-8.9592417485e+11 
2.9112423578e+18 
5.4562969600e+09 
-3.3551116824e+24 
4.9966266721e-23 
-1.9248301614e-26 
-1.8926515543e+33 
1.5440137386e+00 
-5.2678482005e+36 
1.2290098190e+01 
1.8286015497e+30 
1.4041645067e-34 
7.7306803612e-22 
-3.8943064560e-36 
-1.4126923821e+30 
-3.4546546179e-24 
5.2276048744e-31 
-6.4862242652e-06 
-5.7881424290e+31 
-3.9846760802e-30 
-1.1652028312e-27 
1.6909015831e-03 
3.2526617133e-07 
4.1217438351e-09 
-1.4213671307e-07 
-2.0792978006e-08 
1.6200129013e+35 
3.8295182866e+21 
-3.8679419334e-38 
-1.6867093303e-37 
2.5417353027e-03 
-1.2378172302e+02 
-7.4496063679e-34 
4.8866802532e-13 
-8.0614440918e+02 
4.9226369858e+00 
4.1671470258e+35 
-8.1490790136e-14 
-2.1859451535e+12 
1.1417153998e+29 
-1.1678282836e+14 
-9.1620773190e-09 
4.7812536779e-36 
3.0439822885e-10 
-2.4124044902e-23 
7.8616616255e-13 
-1.0228198971e-14 
-1.3369669632e+10 
-1.3335752367e-15 
-1.7570495807e-37 
-1.7551621094e+04 
5.5798654006e+32 
2.5211516284e-25 
6.2314445645e+36 
-1.4016462193e+14 
2.3952745899e+23 
-3.0429745246e+29 
2.2167726791e-15 
-3.1786649402e-07 
6.3075941089e+12 
1.7320606091e+37 
-9.4072132875e-27 
7.1274394031e-06 
-1.0577590754e+24 
3.6182106200e-09 
4.8429345928e-14 
-3.0467197120e-19 
-2.1737363200e+08 
4.9484528000e+07 
-1.4412613911e+35 
2.7862424031e-02 
-8.3742659360e+18 
7.2312220315e+17 
1.7583952897e+37 
6.8970951926e-38 
-1.5535278653e+12 
4.3157656810e-13 
2.7392573412e-36 
1.6403984169e-30 
-5.1120349863e-26 
-1.6943375752e+27 
-1.6419606934e+03 
5.8657177734e+03 
-1.4354077571e+18 
-7.6075188655e+34 
-4.2678037126e+36 
1.4343507769e-35 
1.8527976955e+17 
-1.4564593116e-34 
2.2818815047e+34 
-7.9728867836e-28 
-3.2728524957e-07 
-2.7539238107e-16 
-1.0052543343e-16 
2.9497881731e-14 
-2.0532688159e+16 
-8.0296427285e-09 
-2.7090767751e-23 
7.9246891420e+28 
-7.9224603271e+02 
9.4690844290e-22 
-1.5270987933e-04 
1.1754994688e+10 
-2.0778630322e-22 
-1.2471965479e+16 
4.5617892536e+37 
4.2064746094e+04 
3.0496842098e+15 
2.4536630641e-21 
-1.0844645294e-04 
-5.1151598695e+19 
-1.0800965452e+29 
-7.0945206725e-20 
-1.0164549219e+05 
-8.6615152456e-24 
-4.2120635000e+06 
-7.7698656647e+33 
1.0137893698e+38 
5.0693396875e+05 
-4.7680955000e+06 
5.2815205542e-09 
-7.0548696596e+14 
-3.8642480640e+09 
-2.4335091720e-09 
-3.2226022667e+17 
5.7181574749e-30 
-4.6015271636e-35 
-3.1969258355e+16 
-1.1220358276e+02 
1.7646540204e-15 
2.3070626220e-14 
4.7144018822e-07 
-2.3340980872e+17 
-1.9849414947e+22 
7.4153389433e+28 
5.7228702888e+26 
-1.9164598086e-07 
5.4449340455e+37 
6.4034724236e+00 
-1.5945262390e-21 
4.3821490314e+25 
2.5748518554e-26 
8.0380580664e-14 
-5.8192124000e+07 
-1.7559199321e+18 
-3.6708883656e-22 
-9.8171305751e-08 
7.8264489109e-30 
-1.3700772461e-10 
4.0203811784e+15 
-6.7380577885e-24 
-6.5265473734e-37 
8.0585219306e+18 
8.2544866844e-24 
-3.3468639203e-15 
-1.4523426813e-14 
8.2883929882e-29 
-1.0006436523e+04 
4.0873607876e+33 
4.9174518458e+19 
-3.1696523866e-20 
-4.9240006385e-30 
4.7473799197e-11 
-6.1820372485e+36 
-1.6699438750e+06 
1.6276218973e-24 
3.2540120056e-21 
-2.5366000682e+23 
-6.2260982223e+23 
-2.4798667339e-34 
-3.2556832886e+02 
-2.3418629283e-15 
-3.2298196875e+05 
5.7822868257e-16 
-2.7593652306e+12 
-6.1451791430e+21 
9.8177444091e+15 
2.6003078362e+19 
-4.8337783884e-18 
-7.0434428547e+29 
2.3291525629e+29 
-2.8833414256e+18 
-1.7255821149e-04 
-2.0700771840e+09 
8.1020742608e+29 
-5.3896148010e-26 
-5.0636985924e-12 
5.1565450079e-17 
-4.2003170067e-16 
-1.2610395061e-05 
-3.2079652404e-25 
6.1980061083e-09 
-3.0860022900e+38 
-2.6525512309e-22 
6.1974271607e+37 
-1.8062455177e-32 
-1.2137060547e+04 
-5.0329822735e-24 
3.6182028810e+37 
6.7033894400e+08 
-4.7185897642e+22 
1.1888713296e-32 
5.4707802734e+03 
-6.3947254287e-35 
-4.8941281014e+27 
-6.7747518926e+14 
5.4621809228e+16 
7.2887906572e-04 
4.5977836297e+14 
-1.3025737728e+10 
2.4805450247e+23 
-2.5385172226e-27 
5.9487176503e-24 
-2.8350914458e+23 
-6.3998420480e-32 
-2.0917532830e-26 
-1.0802786468e-24 
-1.8964465477e-31 
3.9933556507e-25 
-6.9228484649e+19 
8.4389912576e+10 
1.3294511945e-18 
-2.2123408754e+16 
1.2521455831e-23 
-1.2707849219e+05 
-6.8500697645e+13 
-1.1395510527e-21 
3.4417361297e+31 
-5.2069733074e-12 
7.3832492188e+04 
-1.2164557511e-28 
5.5044362732e+12 
-1.3703066813e+32 
6.8946497911e-33 
2.0495438750e+06 
3.5465546185e-31 
-1.3267298263e+27 
9.2115216905e-24 
8.8261364474e-37 
3.4940907520e+10 
2.1981730458e-27 
5.6188818067e-02 
2.7871178419e+29 
-2.3059938848e-01 
-1.5711970156e+37 
1.9598881592e+26 
3.3459848374e-25 
1.4651216229e-26 
-4.0918268000e+07 
2.6261709652e+13 
7.2171923200e+08 
1.6260352088e-38 
2.4768809251e+27 
-1.1996283898e+36 
2.3731817999e-31 
-1.0617849711e-07 
-2.7645093720e-14 
-1.2633858249e-02 
-2.4103764367e-27 
-1.3729630038e-02 
1.7515508742e+20 
1.0291689470e+31 
-8.1329691176e-28 
-6.1273889843e-19 
-2.6719945600e+08 
2.4224177766e-35 
-2.4443276367e+03 
-1.1351481405e+27 
1.0586305769e-29 
1.8718903355e+22 
-2.4191032104e-27 
-9.7255194331e-27 
1.2531407182e+17 
1.8792162127e-29 
3.5615676421e+24 
            nan 
2.6014844000e+07 
3.4954888105e-14 
-6.4866021341e+15 
-4.1442711892e-13 
-6.8383493055e-34 
-9.8873815918e+02 
1.5427448815e-12 
-1.3439197456e-30 
4.1993372142e-02 
-2.7740525958e-15 
            nan 
-1.6764876250e+06 
-1.6827485603e+19 
-2.6040155411e+01 
1.4242427097e+28 
-2.7704165351e-11 
-3.8578496511e+29 
1.0804719750e-06 
4.7548229980e+02 
-2.2294050286e-11 
3.9091440762e+25 
-5.7652010064e+30 
2.8541577216e+10 
5.1651250171e-26 
-3.5715637760e+09 
1.4164554489e-23 
3.7508387566e+00 
-3.9978326545e+33 
2.6371844304e-31 
2.2845312998e+32 
4.1025722853e+33 
-8.4479364251e-22 
-1.0078522064e-20 
-2.0522413036e-18 
7.6568645727e-31 
-9.4037863892e-04 
-3.7685688737e+28 
7.7987966537e+00 
-1.5179231488e+31 
1.8690577138e+38 
1.1070619741e+19 
-2.4449897241e+19 
-6.2419670105e+01 
2.0086194456e-29 
-1.6526140562e+25 
1.8517814008e-28 
-2.9654620908e+34 
3.4352544267e-21 
1.7510371094e+04 
-1.8372582095e-21 
1.1095992644e+14 
1.9814218394e-03 
-4.8501517554e+30 
-1.0572703808e+24 
5.9908228009e-14 
-2.7165158400e+09 
9.1838473206e+21 
-6.0071852047e-31 
4.3970794724e+14 
4.4896300598e-36 
1.0407450148e-16 
-6.1406153438e-20 
1.1108576320e-02 
-1.0797869926e-29 
4.2828893353e-18 
2.2285826317e+22 
-1.7134926200e+30 
8.3084208593e+37 
2.9599512770e+35 
-1.3103025818e+02 
-7.3967364891e-32 
-5.6104366200e+31 
2.8363821225e-37 
-1.6611048895e+32 
-4.7157167747e-23 
4.2612616069e+12 
-9.0751623168e+10 
-2.3332791539e-22 
2.4813149916e-16 
3.9185676309e-26 
-1.5313201600e+08 
3.5637928758e-33 
1.3153353056e-37 
-2.1858575974e-19 
5.8678026078e-30 
6.1711182749e+17 
-2.7572247870e-12 
1.6214231437e-04 
9.3181370938e-21 
-1.2479831946e+14 
-1.9732795522e-17 
6.1182742188e+04 
-4.3383249663e-30 
-5.1242912292e+01 
2.4141790014e-15 
-1.1094931133e+24 
-2.8601727536e-05 
2.3084079724e-17 
9.5765505649e+18 
3.4200742115e+17 
-3.4953454078e-15 
6.8323188408e+12 
1.0737435788e+21 
-4.4101317932e+18 
-2.2064247183e+30 
7.2799759915e+30 
-6.3008647640e-24 
-1.8386955153e-11 
-2.6620069312e+19 
-1.9208428264e-01 
6.9367078748e-10 
-5.5568427734e+03 
6.9644436240e-02 
5.5276203907e-33 
-1.0507683391e-33 
2.5756892189e-17 
-2.5122595579e+31 
1.7611094896e+18 
1.7311583205e+31 
1.4759523328e-03 
-4.2469898252e-33 
-2.5728508800e+08 
-1.9104288272e+29 
-2.1348486092e+25 
2.9127548000e+07 
6.3376193713e-24 
2.5771373832e-14 
-3.8395234690e+29 
3.8420431929e-14 
2.6882597321e-17 
-8.9695417600e+08 
-1.0054859167e-08 
3.4846752877e-22 
-1.5740604680e+35 
-7.9142474220e+12 
-2.8821343556e-02 
-6.3833594921e+12 
6.6968102953e-20 
8.6078984345e-27 
9.0169235842e-27 
3.6119160701e+25 
-9.3032447093e+24 
9.4786641421e-04 
9.3414634250e-08 
-9.0653120155e+21 
-6.6661364307e-37 
-2.4781614622e+20 
-6.3207251577e-22 
3.0159660261e-17 
7.3794240952e+00 
3.0715810327e-30 
-4.7727615880e-28 
-1.1127384678e+36 
5.8180990644e+15 
5.3545201691e+27 
3.6738607712e-09 
-2.6211787376e-23 
-1.0199089600e+08 
2.9762875370e-37 
-1.7749887860e-22 
-2.1766227979e-18 
3.5016252120e-09 
-8.3432888320e+09 
1.8828928319e-15 
7.5510240549e-07 
-2.8449778599e-32 
-2.9310985214e-23 
5.6552570612e+30 
-2.1141955899e+17 
-2.9809326404e+29 
-3.0388504687e-37 
-9.2586484375e+04 
1.7280185876e+18 
-9.7706930922e+20 
-4.6378021373e-19 
-6.9700975389e-16 
-3.7134678942e+17 
-6.7675937316e-05 
-1.4779488920e-23 
-1.1934672175e+25 
1.1400054919e-36 
-5.7593017120e-36 
1.5284902472e+37 
-7.3209848679e+35 
-6.9243114854e+16 
-4.9128719857e-15 
-4.9640180215e+36 
-5.0505771734e+33 
1.0291659880e+28 
-1.3359632887e+26 
-7.0711129904e-01 
1.7189100981e+00 
-2.4664068638e+27 
-3.1546370561e+35 
7.1636269099e-28 
1.6244189656e+30 
-3.2308802300e-09 
2.2604408150e-04 
2.5132844864e+36 
8.9347146241e-17 
1.7791525785e+17 
4.1736803200e+08 
-3.4822767066e-31 
1.0699551202e-29 
-3.6786951711e-32 
-1.1523310014e+15 
-2.0378896547e+17 
1.0622398516e-09 
-5.5848492214e+30 
1.5419530239e+22 
6.5357988119e-12 
6.8084564135e-19 
2.9270944017e+23 
-6.6040056000e+07 
8.5859486925e+11 
-3.9686731337e-22 
2.4530650736e+17 
6.8202140526e-26 
-1.9855316257e-14 
-1.0325747618e+26 
1.6779135668e-31 
7.9620656967e+00 
-1.6698648143e+31 
-1.2572634205e-06 
9.4419994100e+16 
-6.5278166135e-38 
6.8606833050e+28 
4.7418787786e+22 
6.3408439636e+01 
4.0972957170e-25 
-1.9787905140e-15 
4.9725400459e-05 
6.0365664959e-01 
9.9189858884e-03 
2.5322860161e+26 
5.5938086996e+17 
-3.1587041318e-36 
7.7979712360e-35 
-3.5628399223e+28 
1.3629246463e+29 
-9.9934527498e-07 
8.9278874938e-30 
-4.8359482512e+27 
-8.1873622897e+21 
6.9251081721e-32 
6.1114827146e-28 
4.4548278708e-38 
2.0067591859e-34 
1.8346615611e-35 
-3.0175587162e-03 
3.8200539116e+25 
-6.5409401600e+08 
-1.1479102049e+14 
9.2377867717e+17 
-7.4076781524e-26 
-7.0310612876e-39 
-9.3074522112e+11 
-2.7298932571e+26 
-2.4766842000e+07 
3.9988537322e+35 
-1.4471707866e-02 
4.1778309436e+36 
2.4767640122e-27 
-1.3293677500e+06 
-1.7886904016e+15 
-5.4588161121e-29 
2.2806352452e+24 
-1.5915405330e-21 
4.0158437332e-04 
1.2268664722e+32 
4.6602433920e-01 
-2.3785828489e-06 
-5.4431641200e+35 
-2.0999291456e+21 
-9.8436066209e-31 
-1.8943782678e-17 
1.6330546600e-21 
5.2204008808e-30 
1.7630291771e+28 
-7.3566465757e-35 
-1.9943306029e-07 
-1.0525758989e-04 
6.1968951347e-30 
-4.8886246722e-23 
-3.2734875921e-10 
-2.2345127945e-04 
1.8562596130e+02 
2.0040989440e+09 
4.3469632438e+13 
-4.8956178432e+10 
6.2551305530e-25 
2.8012313575e+14 
1.3694440425e-27 
-1.4970862134e+25 
-1.8146495866e+15 
-1.5300927488e+11 
-3.3390174302e+35 
-3.9985644831e+12 
-2.8276760489e-08 
3.3753238181e-21 
5.8330426281e-16 
7.6044517905e-11 
9.4014756656e+31 
-3.4150565000e+06 
1.1706627676e-22 
-1.1833080479e+24 
1.0108451890e-13 
-9.6094918305e-34 
2.4622659927e-32 
5.6700609580e+19 
-2.7342737876e-34 
1.1277161930e-12 
-2.7814122788e+29 
1.3117092229e+36 
1.4100579668e+18 
-1.4847004165e+31 
1.0199390070e-17 
5.6502020437e-33 
2.1666498438e+05 
-4.4031336084e+21 
-2.9325369745e-02 
1.3092534602e-19 
1.0161817568e-11 
2.6534328806e-16 
-8.0885609046e-29 
-4.9597512931e-02 
4.6871853201e+15 
1.9961643256e-35 
-2.0017738213e-14 
-6.4474806786e+00 
6.1461009894e-30 
-1.2569218048e+10 
-2.0535328842e-29 
2.1028159325e+38 
1.7937658989e+30 
-1.8791393086e-04 
-1.7909503125e+05 
-2.0375861816e+03 
-6.8315055873e-28 
1.5212827116e+12 
2.7065726463e-03 
5.9698084150e-12 
-6.7971688806e-16 
1.0215539078e-04 
1.3439867027e+14 
9.6710598469e-01 
-1.1575205216e-20 
-2.8136589841e-24 
-3.8319526588e-13 
-1.1445747563e+33 
9.5333382115e+25 
-3.1898405000e+06 
-3.4340150654e-02 
-5.7065744400e+00 
1.8559343815e+00 
-2.3476006054e+17 
-2.3806848853e-11 
5.6177928000e+07 
-2.6216302018e-08 
-6.5131595388e-30 
-4.6842537697e-31 
4.6188703200e-33 
-1.9520027126e+18 
-4.0810970055e-12 
1.6367772595e-31 
6.3501270098e-18 
-7.0476313255e-21 
4.5492180824e+28 
2.2558072224e+30 
3.3489059840e+09 
-1.4008849636e-11 
6.7431485257e+33 
5.8896250000e+04 
-9.9168771505e-01 
-1.1318182376e+15 
2.1290925797e-03 
-1.0613449157e+30 
3.3940135412e+31 
-8.8198849761e+21 
-6.2392370830e+26 
8.2630179383e+25 
1.6693797545e-15 
-2.3072445006e+25 
-3.1410424262e-10 
-5.1413143786e+23 
-1.7502156273e+21 
-2.5368748666e-36 
-4.1864561066e-15 
6.6837453842e+00 
-9.7335898936e+16 
1.7909435153e-40 
-3.8243400574e+01 
-5.2482762805e-33 
-1.6446329458e-15 
1.5319619896e+35 
3.9912730579e-25 
1.5893727568e-38 
-1.9907115027e-02 
3.2113768579e-17 
4.9934537600e+08 
4.8844466839e+31 
1.5955640702e-03 
4.3717165762e+23 
-5.1946748000e+07 
-2.3645413840e-26 
-5.0296138763e+01 
1.1951064053e-12 
-1.1125605600e+08 
-1.0004128477e-19 
-5.3415541458e+23 
-7.2300841935e+33 
2.1759037627e-10 
7.3388505371e-06 
7.7725607956e+31 
-1.1505259240e+35 
1.6035174663e+38 
6.4312162366e-12 
2.1088408618e+24 
-5.1613195900e+30 
-2.7254853929e-09 
-1.4290565531e+30 
1.1941823919e-10 
2.7728654952e-26 
5.2693194310e-37 
6.0309994525e+35 
1.3312593805e+38 
-1.4595187026e-19 
4.1512071987e+11 
1.2180941328e+20 
-3.2116455428e-23 
-3.2215651006e+22 
-3.1341300202e-37 
3.9205458914e+33 
-2.2850198117e-32 
-2.1326403809e+03 
-1.9626853207e-16 
-6.3430139562e-04 
-1.8797873600e+08 
-4.4252438100e-18 
-1.7690589782e-28 
1.4338585007e-11 
-3.7682337723e+34 
-3.7844572570e+11 
-9.7854521300e-05 
-9.5751933004e-30 
-1.3114574704e-10 
6.4014413345e-13 
1.7521583780e+27 
1.6469623006e-05 
-2.3024271286e-05 
-1.6479852706e+34 
-9.8286759757e-24 
3.0459867381e+20 
1.0033369131e-17 
-2.2374444140e+20 
8.6618639507e-14 
-1.6414673857e-20 
-4.6350990306e-04 
-1.1880106274e-11 
-1.3302533271e+35 
9.9872055650e+15 
3.0431254178e-30 
-1.9878428764e-11 
3.8374530220e-08 
-4.3062539332e+15 
1.2357420599e+37 
3.0342376709e+02 
1.5417295456e+01 
5.3796896128e+19 
-3.0440374755e-18 
-4.0387977297e+15 
2.0438981165e+33 
-4.1609280026e-22 
-3.6949002944e-37 
-1.4062700793e-02 
3.5326706260e-38 
1.5523944125e-19 
-3.9894087264e-38 
1.5109896074e-31 
-2.7819859435e-29 
-2.3423903856e+37 
-1.0002459931e-05 
5.1129092407e+02 
-4.4388417383e+28 
-3.5662428800e+08 
1.7032599050e+16 
-4.1560426274e+17 
2.0745836250e+06 
2.3770967548e-21 
1.4360834622e+37 
1.0591178542e-12 
2.8868056761e+29 
-1.3950290758e+23 
8.7388659668e+02 
-3.6437151973e+13 
1.7479407688e-05 
-3.1096361032e+23 
4.6753704834e+02 
1.9551036904e-28 
1.0186575388e-17 
4.3338070762e-13 
4.3003707886e+02 
2.2782518946e-37 
1.6647093792e-25 
1.1062146400e-26 
1.0605268516e-23 
-2.9631832886e+02 
-4.5983331583e+26 
6.1229437962e+31 
8.9247224000e+07 
-1.8379080264e+25 
9.3384844767e-18 
-2.2900656570e+14 
3.3208974900e-15 
3.9764478366e-37 
-3.1899067760e-01 
-1.3181618117e+38 
2.1932764551e+15 
1.5512238750e+06 
3.7725009994e+29 
-7.1379578267e-27 
4.6388488606e-09 
2.2594496335e-17 
-1.1762320237e+22 
2.6824697574e+21 
1.1859620504e-37 
3.3199794272e-28 
2.1775347876e+13 
6.8059131096e+29 
-2.0343138580e-37 
-7.3475507091e-14 
-1.0372801971e+02 
-2.0875803317e+22 
-5.9240307820e+16 
6.0781819752e-38 
-1.6313871197e+38 
-7.2291166171e+15 
-4.2680662587e-18 
-3.8854597615e+34 
1.5092732963e-22 
2.3469066899e+21 
1.1602483270e+29 
7.6558781075e-06 
1.0293383036e-20 
-1.6088164800e+08 
-1.0130621415e-28 
-9.4699308484e+31 
1.5157522629e+16 
7.1835215203e-03 
1.2477780313e+23 
3.5087393258e-07 
5.2499340949e-31 
-2.1222193468e+36 
5.3441315580e-28 
3.8508873712e-25 
4.6301570364e-06 
1.2893186189e-36 
2.3629096457e-09 
9.6898242560e+09 
1.5583046729e+17 
-6.6220844073e+36 
1.5491897648e-04 
-1.8284279198e-24 
-9.5197586409e+25 
3.2921389979e+36 
-3.6401888274e-21 
3.2277742970e-19 
-4.0309176636e+02 
1.1411524429e-20 
1.7069023594e+16 
1.0515608800e+08 
1.5307455000e+07 
8.6608266830e+00 
1.0115349219e+05 
2.3682192179e+11 
9.3518714796e+24 
1.8422635599e+31 
6.8993244895e-06 
-1.7805013098e+36 
4.8124501109e-01 
-6.2765324351e-14 
-4.3572207626e-37 
8.0240483146e+31 
4.3121984364e+15 
9.4386736200e-32 
-1.0744757021e+36 
-1.3044948438e+05 
2.1959354633e+26 
-7.6308610577e-23 
7.9274345444e+14 
-7.2500905991e+00 
-9.6034922176e-34 
6.4996612752e+23 
1.6539254813e+26 
1.4010344494e-16 
-1.2362611605e+33 
5.3490001317e-10 
2.0506346707e-17 
-9.0786170348e+31 
-7.8165456273e+30 
-2.5174977070e+38 
-4.9096986009e-39 
-2.2932127870e-33 
7.8876957297e-02 
-2.5816475000e+06 
-1.4683182221e-31 
-5.5735024355e-18 
7.4378101544e-07 
6.9119352518e-34 
-5.6694448403e-35 
-5.1905681037e-32 
-2.5607858817e-22 
1.1467278662e+24 
8.0254045307e-19 
-1.0731452416e+10 
-4.6390032959e+02 
4.0624528012e-35 
3.8087718400e+09 
6.5440957362e+19 
-4.0637755193e-35 
2.5721416819e-07 
5.3156557617e+03 
-1.2448649219e+05 
-1.0562111000e+07 
2.0535613937e+37 
1.3534158750e+06 
8.3231427789e+12 
2.4784139715e+12 
3.9274611865e+30 
-3.6607383755e-38 
-2.5664919935e-36 
9.7229315557e-18 
9.3005290255e-03 
4.4956786963e+23 
4.7952248056e+33 
-2.8238462000e+07 
-3.8388869766e+27 
3.0353516814e-27 
-8.6609525985e-20 
-3.2386231828e+12 
9.6557453294e+16 
3.0566038132e+01 
3.5084279069e-35 
6.3931563152e-37 
7.3610178088e+25 
-4.7678465558e+36 
-5.5199996000e+07 
-1.5419298438e+05 
-3.1224138512e+22 
6.3659195761e+13 
-5.0875798400e+08 
-7.0316999655e+37 
3.5349796875e+05 
-2.1458035860e-29 
2.8832601237e-11 
1.9188917875e+00 
-3.5909698014e+31 
-2.7888722640e-19 
9.4330309837e+11 
-5.9357929532e-24 
1.5343352832e+10 
7.0653019099e+27 
4.0031419375e+31 
-5.0699218062e-19 
4.3657719808e+10 
-4.2069832431e+34 
-1.7837013760e+09 
2.0821839302e+37 
7.4536007964e-27 
-3.1385554346e-30 
-3.9191043531e-13 
-1.4502498438e+05 
1.4756263015e+37 
2.9663618442e+15 
-1.3886856323e-04 
-7.7716701239e-35 
1.1971353137e-35 
1.2656114995e-01 
1.0889158763e+15 
-1.3754898913e-12 
6.7650186877e-21 
2.7497636171e+24 
5.1351698130e-19 
1.2127587128e+02 
9.4503872097e-02 
9.0053170919e-01 
-4.2272965745e-22 
-3.0231243374e-27 
4.5635072819e+11 
-5.7018620511e-13 
-1.2618256214e+27 
-2.1393362668e+19 
-7.2711418152e+01 
5.3874141321e+16 
6.9239057617e+03 
-3.9635892957e-02 
-2.1125124395e-01 
-4.6946760267e-02 
1.1202706523e+25 
4.4888390782e-09 
-1.8866200994e-18 
1.1755912192e+10 
4.8677246094e+04 
-1.2456559390e-01 
5.3774714470e+00 
-1.2060477296e-16 
-3.9307921314e-38 
4.3342006154e+32 
8.3935411683e-25 
1.2120023469e+29 
-7.6415293440e+09 
5.6311615093e-11 
            nan 
-1.8964877500e+06 
-2.6976086480e+37 
-1.4280505757e+30 
-5.2701029664e+30 
-3.0434347797e+26 
-1.4352492900e+18 
5.2063211799e-02 
3.0123229519e-28 
5.4572868044e-38 
-8.8431240251e-16 
-2.2454310727e-17 
-2.4968288548e-10 
-1.1101468672e+10 
-2.0645259515e-35 
6.0228390794e-05 
-3.1357214423e+26 
-3.8511944258e-35 
2.8078592597e+23 
6.9703008268e-16 
-4.5885967258e-35 
4.2342139484e+29 
2.5478373047e+04 
3.2273450738e-22 
-4.6051351828e-32 
1.7908789066e-18 
-1.0917278781e-23 
-1.0422095612e-15 
8.4528632000e+07 
-7.6495660663e-14 
1.9417410830e+13 
-2.7631563047e+14 
-6.7608762213e-22 
-7.4695593750e+05 
-1.4478298438e+05 
-1.3764298438e+05 
-4.2230180191e-16 
2.1675466309e+03 
-1.0946128779e-34 
1.3103623788e+34 
-8.6081672634e-05 
-2.8116641521e-24 
3.0819211960e+01 
-4.9001867883e-03 
-3.7586253192e-29 
5.9349346726e-24 
1.1511335052e+21 
3.4481981857e-05 
-1.6216248830e-11 
5.7736800000e+08 
8.7610998889e-04 
2.6989158642e-37 
6.1986661038e-18 
1.3927079936e+11 
-3.8609038151e-28 
-1.6858045654e+03 
-3.4605872369e-21 
3.6656620068e-05 
-4.5712764922e+18 
3.3672038610e-19 
-1.7013472319e+00 
-2.2957220367e-14 
2.5791099811e-10 
3.0947995019e+18 
1.4475576847e-29 
-1.4623427230e-18 
9.9663160506e-17 
3.5543452028e-19 
5.9425981659e-14 
-2.3165789898e-03 
-4.9036971294e-26 
5.5302182617e+03 
-1.0319511257e+23 
-5.0953768644e+15 
-9.3095112646e-30 
1.0781195469e+11 
-3.2842257948e-23 
-2.2419761600e+08 
-3.9821267388e-38 
-1.5317575562e+34 
-5.8875408993e+29 
-5.7639216479e-14 
            nan 
-3.4846596299e+36 
-1.8337152898e-01 
2.7582494076e-03 
-2.6761255754e-20 
-3.4968596875e+05 
1.3468797269e-28 
1.0530171179e-09 
-2.3926955691e-05 
6.4865372290e-15 
3.9380128390e-13 
7.0525217243e+24 
2.9297952672e+29 
-1.5025404536e+14 
1.8132546531e+19 
8.0289087663e+21 
-6.4226865353e+17 
9.1815323543e-24 
2.4525240779e-12 
5.8423990011e-01 
-3.7564722718e-16 
1.1704646400e+09 
-6.5934032896e+11 
1.6623287991e-07 
9.5510732144e+33 
2.0765866433e+25 
3.7218694516e+34 
-1.9906145559e-36 
4.8187112948e+13 
-5.0570601442e-28 
1.9385444154e+18 
5.0147980828e+30 
3.9231461407e-22 
-1.0014769086e+27 
-5.5536132086e-17 
4.1598408320e+29 
-1.5603535436e+31 
-1.8882648474e+11 
-1.0982390759e+14 
1.4315685547e+04 
-2.4873235606e+19 
6.3109218683e+26 
-7.2700300800e+08 
-1.0164278750e+06 
1.7132590325e+33 
-1.9849609298e-26 
-4.4784354003e-09 
-4.4623751204e+26 
-3.5852796527e-36 
-1.2958801592e+12 
5.0333992483e+27 
-4.0289147088e+27 
-2.7265647524e-15 
-7.1222802734e+03 
2.6602435832e-25 
1.2008900198e+22 
-2.1452943360e+10 
-1.3242826925e-24 
-7.2607821322e+22 
2.2863972800e+08 
-2.4715064031e-15 
1.2167029887e+17 
-6.9698832311e-37 
-6.9479479378e+12 
-4.3900589953e+25 
1.0177343000e+07 
-4.1026217620e-34 
1.0282223725e+20 
-2.5730419365e-15 
4.4575254172e+18 
5.5408613296e-29 
5.2657771111e+00 
-3.5635183619e-37 
3.0819298826e-20 
7.3243589744e-30 
-2.4518148728e-20 
2.5244783859e+34 
-2.2111893479e-12 
-2.4761033630e+02 
-1.2449764404e+03 
-4.0829366202e-18 
3.1686647617e-06 
3.5917358460e-28 
-6.3542765494e-10 
4.2863463712e-17 
2.9547545904e+33 
6.5303871723e-26 
3.2092789483e+19 
-5.2907667577e+29 
1.5468561523e+04 
-4.2265443438e+17 
2.5638765815e-25 
-6.6230793750e+05 
-3.6074493376e+36 
1.7002412800e+09 
-5.5454206076e-27 
-4.6583219448e-26 
-5.1164302826e+01 
2.4917843189e-16 
-4.0738508597e-37 
3.0147263661e-25 
-3.6296112285e-06 
8.0540783263e+23 
            nan 
-4.1955272421e-36 
2.8177279091e-05 
2.5459236673e-37 
8.9785855115e+14 
-1.9742267614e-04 
-1.1418866811e+14 
-7.6071551055e+21 
1.6706342675e-34 
4.0479021954e+20 
1.3318625092e-09 
-3.8040250275e-26 
            nan 
1.0778016971e-17 
4.9288437500e+03 
1.6663468622e-23 
1.7542300000e+05 
2.5065730687e+34 
-4.9051596118e-12 
-3.9779557426e-10 
-5.1570200000e+05 
-7.2837167133e+20 
-3.7495514249e-08 
-4.0164438981e+26 
8.1473466436e-31 
5.0279993309e+21 
2.1527139067e-13 
1.1697350781e+05 
8.5825329287e-36 
1.4049802530e-06 
-1.2549337654e-12 
-1.1148516076e-27 
-7.3184115507e-39 
-1.1263514549e-34 
2.6946682739e+02 
-3.6548323396e-11 
-1.4143885113e-02 
-3.7834809410e+37 
1.3437438339e+28 
-5.4790571405e+20 
7.3606877327e+00 
5.8960552979e+02 
-3.4442203125e+05 
-6.9618518849e-15 
5.8921477351e+24 
1.0582897406e-13 
-6.1492701285e+37 
3.0656301056e+10 
5.4182175570e-27 
-2.1182519605e-27 
-2.3981530408e-28 
-2.4088864306e+14 
1.2963088384e+10 
1.0710603519e-36 
-6.1084651599e-19 
-2.0433303833e+02 
3.2492262125e-01 
-1.2514740888e-07 
9.9345415789e+23 
7.1676284790e+01 
-1.2740537729e+17 
6.0758404533e+36 
5.0841607666e+02 
-1.9303921610e-02 
-2.2793230636e+18 
1.8218142920e-28 
-4.7187283434e+35 
1.6757521057e+02 
4.0874674916e-01 
-1.5192963712e+19 
-6.5423967427e+22 
-3.6785125732e+00 
-1.1423631317e-27 
1.6658082962e+01 
-9.6566586702e+36 
-1.1458335149e-11 
-5.4857110506e-15 
-2.7674677968e-01 
2.0382799437e+15 
1.3461875329e-31 
-3.0083344022e+19 
-1.5835382392e-28 
3.8327753906e+04 
-5.5446331389e-03 
4.1260883787e+29 
-6.7365122111e-31 
-6.6993291340e-13 
-1.0955133258e-24 
8.4652906817e+21 
-1.6563663140e-38 
3.6039511196e-23 
-1.6478023952e-26 
1.0408640989e-29 
5.0412585483e-14 
3.2161754177e+22 
-2.1839539247e-38 
9.9578464183e+27 
-1.6000560404e-24 
-9.7585415062e+13 
2.5581871688e-26 
3.8739746016e+15 
-7.4293959318e+35 
-8.7716797134e-04 
1.6935759758e-29 
2.3018131362e+32 
6.1856027693e-02 
1.7370218796e+34 
7.9494386334e-13 
9.3482787500e+05 
7.1559167345e+12 
-1.3698641501e+24 
-1.4991530394e+12 
7.0698815918e+02 
4.6987202265e+13 
-5.7445400971e-28 
2.1438029106e+34 
9.4385459278e+26 
1.6802622704e-03 
2.7954091858e+17 
-1.3907031644e-05 
-1.2572084793e+32 
1.0771449219e+05 
-1.1952264404e+03 
-1.2827061523e+04 
3.0263623047e+04 
3.6136196875e+05 
-1.0193025894e-12 
4.9184287435e-18 
-7.6293246532e+32 
1.1287449219e+05 
3.2565374000e+07 
3.6211916445e-27 
-3.8498274139e-21 
-6.7710560000e+08 
2.3217019070e-21 
-1.4732085676e-18 
-3.5848873138e+01 
1.9691598750e+06 
-1.9220396532e-22 
-2.2620770181e-34 
-2.3584898438e+05 
3.4663338869e+16 
-4.1275821872e-08 
-5.4478690874e+25 
-2.3854904939e+33 
-5.9131857008e-02 
-7.1375361202e+30 
-4.5112829883e+14 
-3.9696697891e+23 
-2.9089156638e+35 
-1.0731862130e-04 
-1.5916450822e-25 
-2.3556219821e-04 
-8.3783422222e-27 
5.6645320704e+11 
1.8358385645e+27 
-7.2910831616e+11 
-6.6241784000e+07 
-5.7998348882e+36 
8.0450597301e+19 
-6.3694728270e-29 
6.5270787500e+05 
-3.9644485551e-20 
-7.1419741826e+34 
6.2736196451e+16 
5.0327994117e+19 
-5.6693945600e+08 
-1.0265784789e+18 
-1.0177943353e-23 
1.9676464523e-17 
-2.6689275058e+26 
7.2594581094e+11 
-1.7615914917e+02 
1.2795399924e+17 
-4.1901751166e-12 
2.4870244210e-23 
3.0921566397e-17 
1.2774961600e+08 
6.7689175040e+09 
1.1083291991e-29 
-7.3681590000e+06 
-1.0463934464e+10 
-1.7832496087e-04 
-3.6840883094e+13 
1.5848918315e-12 
-5.6042629433e-29 
-1.9040790896e+17 
2.4848959959e+34 
3.6437824654e-34 
1.5620213318e+02 
-6.7277139425e-01 
6.0239845786e+11 
-2.1946650999e-20 
-6.7199187088e-34 
-6.5103449821e+00 
3.9507372636e+16 
1.2297274040e-37 
-4.4590555649e+34 
-1.8142732132e+18 
4.9697930081e-05 
-6.9998688182e-29 
-1.4259752645e-21 
            nan 
-3.1955411434e+00 
-3.7119449694e+26 
-3.0152160113e+25 
3.9124618593e-16 
-3.8821547431e-13 
-9.7563492188e+04 
-6.0797439971e-08 
-1.6058886165e-10 
            nan 
4.9206413406e-39 
-8.9946772261e+34 
1.0372549219e+05 
1.2194559200e+08 
2.2629265150e+24 
2.1062642443e-29 
-4.1299576246e-27 
-4.1140749498e-29 
3.2455244642e+16 
-4.4148400264e-26 
-7.7762829333e-20 
1.6903998300e-15 
-7.8383736009e-24 
-2.3039608550e-06 
-4.0685248674e+25 
3.2449961189e-31 
2.1842092735e+34 
5.7597566183e-07 
-6.1234138313e-26 
-2.7156552221e-14 
-1.3842767092e+22 
4.0039915832e+15 
3.1133075908e+32 
-4.2720542700e-38 
-2.2359116989e+17 
-9.6978673793e+18 
-1.8109872805e+33 
-4.1974502634e-17 
3.8822996875e+05 
3.1754446370e+33 
-8.2974940937e-13 
-3.7446309268e-33 
-4.8735948998e-24 
-1.1768049352e-33 
-2.9555661278e+31 
-1.0402556175e-18 
8.3313558960e-13 
9.8358679184e-30 
1.0171347675e+32 
-6.0086615683e-09 
-1.3283760286e+20 
2.6927122116e+01 
6.8234135248e-35 
-2.8021189177e-36 
-3.9003746094e+04 
1.3617642240e+09 
-1.2622267545e+31 
3.1626414079e-30 
1.6038756030e-06 
-3.2695847847e-14 
9.0623940513e+17 
1.0824052284e-35 
1.8600632907e-37 
1.4619160105e-08 
-6.6556688073e+13 
-1.4232379720e+13 
2.9953973805e-38 
-8.2809523794e+27 
-6.7118034944e+10 
-1.0969306382e-13 
1.2107531079e-21 
7.2211148771e+23 
2.2165931505e+32 
1.8951128906e-32 
-5.5049968188e+20 
1.2660411234e+33 
-2.4279305339e-01 
1.1107420608e-33 
-7.4134659371e-05 
2.9551314992e-26 
-2.6420405152e-32 
5.2294001468e+25 
-3.2379118885e-36 
-5.3518348911e-39 
1.5478673600e+08 
-6.8196101398e+34 
1.8832862551e+37 
-7.8613407334e+11 
-1.7976369205e-19 
-2.3368055809e+24 
-4.5989514360e-30 
-1.2615519154e-05 
-4.5019824936e+27 
9.8374816776e-17 
-6.7375469127e+25 
1.3271630017e-08 
-5.4942365736e-02 
-2.5365543730e+31 
-4.6586680469e-07 
-6.5734738706e+13 
-2.3384915366e-23 
2.5016196788e+17 
-1.4793790108e-12 
-6.5702555978e-28 
2.0815528849e+27 
2.5189544317e-07 
-7.1704061833e-28 
3.6567405052e+26 
-7.2661804800e+08 
4.3466430011e-26 
3.1436603632e-39 
3.4965272344e-10 
-8.8184526907e+20 
1.5149409505e-09 
2.0292420035e-25 
-4.1025696726e+15 
-4.0187775408e-27 
-8.8961497131e-36 
9.4182567347e+29 
-3.0212706561e+34 
1.9693861759e-05 
-8.0269671118e-12 
2.4781932623e-14 
3.0110163574e+21 
1.8495146854e+27 
9.6598520000e+07 
-5.0176201600e+08 
1.7550157372e+25 
-9.5721991844e-38 
3.1813654640e-22 
-1.9083875068e+22 
2.9588844708e-09 
1.4318334338e+17 
-1.0611756897e-21 
-1.0333757374e+13 
-4.2867960598e+21 
2.6050498438e+05 
-1.0598779812e-35 
-1.3234021600e+08 
-1.5511427935e+16 
3.5530099467e-06 
3.6163178667e+24 
-3.0902308488e+34 
-1.9722975492e+00 
-1.0824668806e-07 
-6.5486238123e-14 
3.4365981395e+19 
4.3881565222e+31 
8.1800074740e-35 
1.9559669830e-22 
7.5049266717e-23 
3.3619429923e-19 
-2.0329555533e+16 
1.5594649483e-07 
-1.0756250010e+12 
-1.7068665145e-17 
5.2500139560e+33 
-3.2266712221e+15 
-2.8822608429e-25 
1.1950350431e-10 
3.7935491651e-02 
2.9154135219e+36 
1.2347918342e-30 
-1.1823770567e-20 
-1.9824171615e-26 
1.4293912000e+08 
2.3849753197e-03 
4.8279593713e+37 
-1.0117263827e-07 
-7.6813949398e+19 
-6.9915030202e-24 
-2.2813396936e-04 
6.6277671838e-35 
4.5545264000e+08 
1.5714164995e-12 
3.0848414022e+25 
-4.5334741117e-06 
-2.2559167283e+11 
8.1114814218e+12 
-3.0336419951e+29 
1.3602362525e+26 
2.1002066277e+14 
-9.0009742868e+12 
-3.0410214266e-27 
-1.0345112522e-33 
-1.0392616689e-01 
-1.3486596138e+35 
1.7937765417e-35 
3.8329792673e-09 
9.4985405363e-30 
-4.6515034522e+11 
4.0022993920e+09 
-2.1075852649e+21 
2.2755738348e-02 
-3.1835771618e-24 
-9.2951741435e+26 
-8.2695341953e-38 
-1.6988685713e-14 
1.7291015205e+25 
3.3524261473e+28 
-1.9539936829e+02 
2.3271133826e-13 
4.6963966452e-03 
-2.2587728500e+00 
-1.9914620300e-11 
4.5050628715e-35 
2.5215441175e-26 
-2.4830871484e-26 
2.9543063787e+32 
1.2595002319e-38 
7.9297427538e+13 
5.1629514752e+10 
-7.6526234473e+21 
-2.5304168379e+30 
-6.7355484375e+04 
5.1180781589e-33 
3.0497202890e-17 
-2.7865830812e+30 
-7.5539236069e+00 
-4.1231585037e-21 
-1.0611935547e+04 
4.5684278271e+24 
-8.8711324918e+19 
2.8351716655e+14 
1.1232200947e-08 
1.7099272286e+28 
-2.2317463040e+09 
3.2452594456e-36 
-7.7204279900e+00 
-1.3768277018e+19 
7.0555772284e-37 
2.3199662280e-07 
7.8984162800e-19 
-3.0986124772e+15 
9.1878030097e-23 
4.3557423013e-32 
4.6618332484e+20 
1.0537222937e+28 
-8.5795674274e+32 
2.7524530176e+12 
8.5631911854e+12 
6.5851827489e+30 
2.2975546225e+32 
-5.7141735483e+24 
-9.5089182591e-17 
3.1754622000e+07 
-6.7892353961e-09 
-7.0715134122e-29 
-1.2880888356e-08 
-5.6413236580e+35 
6.3249300130e-16 
3.2444461614e-12 
-2.7821322709e+20 
7.7976068269e-07 
1.1117956050e-31 
1.6648510102e+36 
2.5389610587e+15 
-5.8919250425e+16 
-1.8748851566e+28 
-2.5214355453e+14 
5.9816307009e+34 
4.8668633308e+14 
9.0527728271e+02 
-6.0724155000e+06 
-9.7887577019e+33 
1.4602189077e+20 
1.3771133532e-36 
-1.7608585517e-23 
4.2454193601e-23 
1.7680057639e+18 
3.1351408757e+30 
1.2006863948e-08 
-3.3567628179e-06 
-2.2885123351e+17 
-3.8563228607e+01 
1.1680713543e+26 
-4.0650659590e+30 
6.3058017276e+15 
-2.1922367406e+12 
8.0370420030e+26 
4.9805241876e+13 
-1.3806551013e-16 
-9.8212782107e-26 
2.1515646000e+07 
-1.4788712813e+28 
-2.6679181256e+19 
3.5552070050e-14 
1.2473565173e-17 
-1.5160411837e+30 
1.6463072455e-35 
2.7706612920e+28 
-1.0437760982e-18 
-1.5126158714e+01 
7.6967095724e+14 
-1.1422399175e+26 
5.7423727091e+29 
5.9241480803e+23 
5.6005911820e-27 
-5.2437474951e-03 
-2.0096871257e-01 
1.6280166104e-09 
-1.8164222904e-10 
3.7741734100e+20 
-1.7829037500e+06 
1.7115689342e-27 
-2.9030268161e+30 
-2.3442237932e-39 
-1.7121559360e-24 
-5.3340105088e+32 
-5.1458727236e-17 
-2.7656155390e-29 
3.2204626306e-27 
7.9084157944e+00 
7.3683161628e-20 
-2.0222199380e+25 
8.1040077865e+29 
-1.8319622278e+00 
9.8755017109e-18 
-1.1886434951e-22 
4.4275434765e+29 
-2.3822561811e+17 
-7.5764033009e-21 
-1.3313429754e+22 
-6.8481813721e-29 
1.2685755955e-33 
1.6550993432e-12 
-7.2238891824e-35 
3.0001435082e+23 
3.7204126706e+25 
-3.9723330638e-38 
7.3455834512e+28 
2.6968523009e-36 
4.3257638606e+31 
-3.4733495377e-13 
-8.0335109166e-35 
-1.5616603832e-06 
-3.4444986758e+14 
-2.7471529970e+38 
-2.0272909260e+30 
-6.0624847953e-16 
1.8445876921e-19 
4.2206469070e+21 
9.4413079679e+35 
-2.8607540131e+01 
3.3733057976e+00 
5.7009305027e+12 
2.2618282318e+01 
9.9493840585e+31 
-4.0250240326e+01 
1.6928072593e-34 
-5.7758461208e-11 
3.6601613004e-18 
2.3704783630e+02 
9.5864583377e+32 
-3.6929319090e-28 
5.2134627772e-26 
-3.7615875632e+28 
-6.8523184531e-22 
4.9630264152e-38 
-7.7352972028e-08 
-1.2292637257e-03 
-2.1346731402e-25 
1.9413768005e+02 
2.0819383239e+18 
-6.7928112935e+22 
-1.8840355558e-38 
2.0202309877e-12 
-1.0056679034e-14 
-1.4094638277e+28 
-9.8858022690e+00 
4.3783757091e-01 
9.2276950074e-19 
-6.4502031084e-36 
1.5806015000e+07 
-4.3924921221e-30 
3.8756668773e-13 
1.4567052726e+38 
3.9036129761e+02 
-2.6436129761e+02 
5.2114655831e-34 
1.5047567606e+12 
-2.1118765424e-15 
1.4429247000e+07 
1.2174934860e+18 
1.6048605153e-11 
-1.0744338186e+12 
-1.0579493624e-17 
-1.4074254611e+20 
-4.5439030636e+15 
-4.8269078135e-01 
2.6125177943e-24 
8.4645381798e-28 
2.6323889559e-22 
-4.3940094701e-18 
7.9506314476e-34 
-9.1521021903e+14 
6.2412725941e+29 
3.0325796875e+05 
1.6464839929e-36 
7.6063750930e-28 
4.7315746933e-24 
-2.4301761064e-23 
7.2178040657e-15 
4.3104138877e+31 
-5.2572538033e+20 
1.5182969411e-29 
6.0780065918e+02 
3.2431014502e-24 
-1.7463383046e-23 
7.9283520816e+36 
-8.1420394897e+01 
9.6725378418e+02 
-7.1694605265e+29 
-7.3460327599e-08 
9.8541420697e+27 
7.3788533877e-13 
-2.4088379741e-01 
3.4386799006e+23 
-2.7361793750e+05 
3.8491401367e+03 
7.6982259200e+08 
-2.2729730912e-38 
6.9780065918e+02 
1.2196414625e-20 
7.1722831870e+31 
8.4400537889e-04 
-1.5104612316e-07 
3.4844309785e+22 
1.6363259405e-02 
1.7775256585e+37 
-9.7175274756e-33 
-1.0028995339e+18 
-3.7870087518e-14 
-1.5344967444e+28 
1.2205253921e+35 
-1.6412601910e+37 
6.7594027189e+20 
-4.0525494927e-27 
-2.9196896336e-29 
-1.8286152372e+33 
-2.3338952818e-36 
-1.5040673785e-12 
-1.9923082632e+37 
1.5772109876e-29 
-1.3133215002e-11 
1.3914924381e+19 
7.8443072296e-21 
-1.8537658519e-08 
-2.1047573463e-18 
-4.1021164657e-23 
3.9924044779e+21 
1.6428114612e+20 
2.0852633667e+02 
-6.3713945347e-15 
-1.7953285423e-28 
-1.2488087577e-06 
-3.9413379272e-04 
1.7177918522e-35 
4.6228942837e-38 
-2.4247932228e+27 
1.0740882026e-26 
-4.5114204121e+30 
2.7483435676e-18 
5.4026586253e+23 
-1.0243708675e+27 
1.1006893954e-38 
-3.1132233908e-24 
2.0268912189e+32 
2.4926590772e+22 
-9.0489731450e-32 
6.9792239595e+29 
1.8590314388e+00 
-7.1690256155e+30 
1.9498727417e+02 
2.3315306753e-02 
6.3968174160e-02 
6.9584755098e+11 
9.3468680520e+13 
6.4038013781e-10 
-2.8427084363e-13 
-4.9973244528e-16 
-4.5267438155e-32 
3.5180015910e-13 
6.5194014531e+23 
2.6503073871e-24 
-4.7389722676e-32 
-1.4997006659e+27 
2.5885574566e-28 
-1.2517793803e-03 
1.1806378563e+18 
-5.4804746094e+04 
7.8132716226e-06 
-1.0639469575e+38 
-1.8963417173e+35 
-3.3735355055e-15 
2.5391519975e+28 
2.8642459033e+22 
2.1636106491e+01 
9.0184513997e-19 
1.3881198735e+37 
4.2447098509e+20 
-1.6335112682e+17 
-4.2569864156e+27 
4.3911534291e-38 
1.0120119375e+06 
6.2136848011e+31 
-1.8361524458e-24 
-6.0370579204e-29 
-1.2325717762e+19 
4.7386713411e-32 
2.0023634402e-38 
-1.7267988920e+00 
1.0246082205e-08 
1.2399135827e-38 
2.8578234579e+37 
-2.2627204635e-33 
1.3155585759e+16 
2.7638231040e+10 
3.4340981302e-31 
-1.0931710145e+14 
-1.7726803092e+33 
2.5629687031e-16 
1.6694879674e-20 
-1.5568799427e-05 
-1.0819932931e+30 
3.3550232453e+12 
2.4604118614e+13 
-6.0408616066e+00 
1.4457295312e+05 
-6.6516653510e+35 
2.2701116534e-23 
3.1013710181e-18 
9.1727582275e-36 
-4.8255035000e+06 
-2.9097085255e+23 
-3.3636931107e-07 
2.0674875292e-32 
1.8718357954e+38 
7.3545827206e-08 
-5.9664660896e-37 
-1.0268536996e+12 
-4.6464157183e+28 
5.0862880135e+18 
-5.7110977173e-01 
-8.0296303384e+15 
1.8460286810e-07 
            nan 
-6.3339614868e-01 
1.9678962417e-05 
1.8778536485e-26 
4.1211063522e+35 
9.0050735965e-12 
-3.9844413440e+11 
2.3337336693e-27 
3.1712446992e-35 
-5.0167566828e+12 
6.3616392960e-20 
4.3788850610e-38 
-5.5078206773e-28 
5.2892680675e+29 
-3.3036776586e-06 
-2.8673592732e+30 
5.7620224000e+07 
-4.0020607412e-04 
-1.3980080846e-34 
-2.5668668968e-07 
9.4189828458e+30 
-8.5138059797e-14 
1.1193840000e+06 
-2.3357448909e-32 
1.2148633764e+12 
2.0082198267e-17 
-2.0312196894e+26 
4.2891004000e+07 
-5.8100646147e-14 
-4.4585810825e+21 
4.4396475511e+27 
-3.0766598511e+02 
5.9576795046e-23 
3.0930125310e+30 
-2.7945590730e+38 
-6.5089767067e-34 
-5.1630223620e+30 
-8.8616400000e+05 
9.5880404115e-04 
-6.0730885356e-38 
5.2879980946e+15 
9.1409301758e+00 
-8.1333177109e-29 
9.2444315669e-07 
1.7056981219e-20 
-2.7252097024e+10 
-2.8193355086e-31 
9.3449814766e+23 
-5.9371542282e+12 
-7.9990368000e+08 
-4.4562309069e-37 
-2.8645000868e-12 
2.4129623047e+04 
3.7361796875e+05 
3.3449257362e+25 
-6.2779889699e+27 
-9.0319760135e-13 
1.7414433997e+11 
8.4575615234e+03 
9.1160036039e-29 
3.8175349511e+24 
-5.2184981314e-07 
-3.5755345225e-01 
5.3492988000e+07 
4.2199245207e+30 
-1.2161442282e-04 
2.6886493125e+16 
-1.4359377325e-01 
-5.4536272241e-21 
3.7636579271e+21 
1.6642833943e-25 
-7.7154140242e-26 
-1.5235349504e+10 
1.0094273331e+11 
-5.0478846463e+25 
7.5986642778e-16 
9.0072638183e+25 
-7.1058169928e-14 
-2.4788513837e+19 
-2.1103217084e+22 
5.5705601716e+29 
1.0399314934e-32 
1.8523308541e-35 
3.6822817933e+28 
-3.3924333751e-02 
-1.1977648438e+05 
1.9515427115e+36 
-4.7054584350e-14 
8.1880301925e-38 
-3.3833109400e-35 
2.2907628572e-10 
-3.6202901348e-30 
1.4495387245e-38 
1.8945219751e-34 
-5.0246469676e-02 
2.0870018560e+09 
-6.5125984653e-20 
5.0212761141e-22 
-1.7302151769e-02 
1.9270284800e+09 
2.2353314451e-33 
-4.1692886467e+12 
2.5480857785e+22 
4.8340955823e+20 
-4.2457686747e-19 
1.1853350830e+31 
-1.9460604800e+08 
-4.4372296270e-23 
3.5657167132e-18 
2.9204802012e-22 
8.6030245786e+15 
2.0021796258e+25 
-1.6959565261e+25 
4.7650322565e-23 
-5.6283218086e-09 
-1.8555724974e+37 
-1.9799280072e+37 
-4.1405468210e-07 
-5.3740759315e+26 
-4.3765435555e-32 
-2.6009816896e-22 
-3.6103977012e-18 
2.4236876176e-36 
3.6587991762e-34 
2.7819920721e-22 
2.5357185843e+11 
-1.2573520483e+36 
5.8800344467e+00 
6.0833208263e-02 
1.2531015727e-06 
-1.0002918750e+06 
9.5141329168e-14 
-5.0739537510e+11 
1.3297037500e+06 
2.6529583295e-26 
1.3952755012e+29 
3.9926128181e-08 
-2.1125052240e-20 
-7.1662997522e+28 
-8.9531171761e-30 
1.7871355507e-09 
1.0322035108e-23 
-1.1856906455e+20 
2.6057067876e+27 
-3.4739424670e-09 
-1.7649604789e-28 
3.7374380599e-23 
4.0945284069e-02 
3.1021070223e-30 
-1.6442466131e+25 
-3.2707621094e+04 
-1.9183696875e+05 
-3.4194223583e-02 
            nan 
1.3170026742e+12 
2.6589286521e-18 
-3.0491933103e-06 
4.2487044853e+16 
2.4300298822e-30 
3.9667155518e+31 
9.4714230000e+06 
8.8427536089e-22 
-2.2796971733e-32 
-2.8126467364e+16 
1.6108868644e-02 
2.9302686453e-03 
-2.6147626340e-04 
8.6361361720e-17 
-4.8577487469e-03 
1.0265716326e+11 
-5.0350157365e+23 
9.5249719500e-34 
1.0755300522e-01 
-1.7661423972e+28 
3.2106361163e-23 
5.0223000000e+05 
9.6756538688e-32 
-2.8443220002e-12 
1.5660893870e+17 
2.8138536960e+11 
9.3677388636e+21 
-9.2547492188e+04 
-3.6537665496e+22 
1.8914694374e-04 
2.8429659556e-24 
6.6416554030e+21 
7.9785220058e+32 
-6.1107429314e+22 
-8.8661951101e+26 
-1.6997145414e+00 
1.6062861564e+22 
2.6894517001e+28 
6.9447746277e+01 
6.0303034782e+00 
6.3387559143e+30 
1.4099542836e+33 
-4.5010986328e+01 
-3.2870407785e-13 
7.2285547503e-07 
5.5420754749e+14 
-1.5600878906e+02 
2.1067192435e-08 
-5.1924122200e+23 
-4.2164476000e+07 
-4.8554098511e+02 
6.5336067930e+15 
2.1353787168e+30 
1.5176138545e+21 
-9.1036717807e+33 
7.4001316186e-09 
-2.5961900278e+12 
9.4963970184e+00 
-9.4873326180e+17 
-5.7136811868e+12 
-2.4745817427e-05 
-1.8151868546e+24 
1.9654586292e-10 
1.9383347661e+19 
2.1128681567e-35 
4.0097545590e-27 
-4.8591048793e-28 
-8.4469544596e+14 
-1.1652455389e-10 
-8.1686493030e+15 
-1.7976604156e+29 
-1.0185143600e+38 
-6.2177859611e+33 
7.0123040771e+02 
1.9119905327e+31 
3.1103646350e-30 
4.3134941122e+24 
-2.7762651119e-12 
-4.0132132284e-08 
8.7806129275e-33 
2.9626939566e-30 
8.7924948586e-38 
-7.2666515295e+24 
-1.1247491133e-10 
9.6304981349e+25 
3.2361438450e-25 
-4.7467712370e+24 
1.3638751429e-18 
3.8640636800e+08 
2.9730854331e-15 
-1.0183953165e-33 
-7.2871992235e-32 
-5.6861227403e-35 
-3.7165210163e+27 
1.9178264576e+33 
-4.6931230509e+31 
-3.9652390837e-29 
4.2507751824e+24 
3.2160725194e-09 
7.2543591465e+13 
5.2139412319e+37 
1.2476619612e+15 
-1.1866092696e+17 
1.5447942331e+32 
8.6945762571e+21 
-1.8191346020e+24 
-1.5764670000e+07 
-1.6329354384e-30 
1.5677188122e-18 
2.8914467975e-07 
-2.2358819542e-15 
6.1788765015e-04 
1.7578043213e+03 
-9.6553465045e+23 
3.3739461899e+00 
-6.7267545006e+12 
1.0648819214e+32 
1.3312470401e-03 
-2.9792341197e+11 
-1.8661064000e+08 
1.8820091085e+12 
2.7045013926e+17 
-8.1373965740e-01 
1.1809183065e-23 
-5.5446776000e+07 
-9.4801453853e+18 
3.0564112663e+00 
-1.6299075065e-36 
-4.0711994570e+21 
-8.9499664736e+29 
-1.1580062564e-03 
3.9618303999e-03 
-1.7198493657e-15 
2.3967386479e-32 
2.2283264604e-25 
4.5796151510e-18 
1.1157104761e-26 
1.0552246432e-26 
-1.1285950212e-36 
-5.3694008525e+11 
7.1041174410e-18 
-6.4091577769e-06 
5.0922511868e+33 
3.7407605462e+31 
5.4853427790e+31 
2.0196515840e+11 
-9.4667067751e-03 
1.3365814848e+38 
2.9120454936e-09 
-2.4091336264e-25 
2.3055623047e+04 
1.6370538572e-26 
-7.8107613278e-16 
-1.2589720800e+08 
1.4786849772e+16 
5.8679183203e-14 
8.8620624232e-25 
1.9818260260e-13 
9.2028917760e+09 
-1.4780384422e-14 
6.2609895046e-09 
1.7494481909e-15 
-4.3897001377e-13 
-1.2923253201e+35 
4.1250641674e+12 
-2.4146464577e+33 
3.1109158993e+00 
-4.7587958044e-32 
2.3843857444e-10 
-1.9657532375e-19 
1.7106736755e+02 
-4.9564044098e-30 
-2.5708078957e+35 
1.0471338670e-24 
1.3106007241e+23 
2.3613030012e+24 
-1.8552017309e-06 
-5.8234052734e+03 
2.5934822351e-21 
-3.6816710820e-33 
4.4839646536e+23 
-9.8446405680e+16 
1.7229688657e+16 
-1.7597685172e+32 
2.5079000854e+02 
1.7272093471e+18 
-3.0296633344e+10 
-1.1402048438e+05 
-2.2079913009e-08 
-4.6418235442e+21 
-2.6944629760e+09 
-1.1490330734e-18 
-1.1903091349e+25 
-6.2625236511e+01 
5.0466542185e+15 
-2.6529583295e-26 
1.7356312798e-31 
-1.0219007399e+32 
3.2842066138e-31 
1.5842144483e+35 
-2.4398932214e+12 
-1.4886921687e+31 
2.0532638090e-10 
1.2147637818e+24 
-5.0283679358e-20 
4.6714201570e-01 
1.1933698432e-35 
1.1214786969e+37 
1.0276009820e-20 
1.2304932916e+25 
1.7609619585e+15 
-6.1434656000e+08 
-7.2666186080e-22 
-3.4831894027e-06 
7.1725992196e+23 
-2.9315498492e+31 
-5.3286031360e-34 
1.5633481979e+01 
2.6839642334e+02 
1.4848555008e+10 
-2.9457923025e-02 
-5.3315320000e+07 
-9.0701987500e+05 
1.6052489893e-10 
-1.0670231283e-01 
1.2282894552e-01 
-9.3843988310e+27 
4.3674441980e+14 
-4.8401072501e+33 
1.6061005326e+38 
2.6542887677e+38 
-1.6885057847e+13 
2.5871868800e+08 
-1.3484478000e+07 
1.3892272723e+17 
-1.9860517162e+34 
-2.3903723806e-02 
-1.3685349396e+23 
-5.1688453894e-36 
            nan 
2.2715405507e+26 
5.1242997870e-03 
-1.4600298771e-24 
-2.1612261690e+18 
1.3563110463e-21 
-8.3371717712e-22 
2.0397037500e+06 
-1.4825028705e-10 
8.4403429355e-05 
7.1732238746e+11 
-3.6953491482e-12 
-1.5031619696e-03 
-1.5686641736e+38 
-3.6033157682e+19 
-3.0806398000e+07 
3.2871327777e-19 
1.4903663214e-05 
1.7714291240e+23 
2.3199749703e-28 
-1.0497066895e-16 
-2.4570594091e-15 
-1.7374911349e-22 
2.0031908934e-04 
1.8774731200e+08 
-3.2486848512e+10 
-3.3111789235e+17 
-8.7646176326e-06 
-6.7356625732e+13 
-4.0250497407e+14 
-1.5337326161e-15 
-3.7888025382e+37 
2.3877231789e-11 
8.3467492188e+04 
-2.2529898438e+05 
-1.6748985674e+38 
5.6495023020e+36 
1.2902348438e+05 
2.1647936129e-14 
7.1620856845e-28 
7.6826204160e+09 
6.2461442178e-28 
1.3995633600e-29 
3.2847850958e-13 
-7.6003547635e-38 
-3.0677312292e-34 
-5.5807521567e-03 
-1.2506898037e+18 
1.0745016014e-23 
-1.6402688167e-24 
-9.4782008935e+25 
-2.7982392320e+09 
-2.9425523129e-10 
-9.0431139840e+09 
2.5448824666e+20 
-6.9150834689e-14 
-1.3413183977e-21 
-8.5265573283e-35 
3.8822636281e+37 
-6.4562473199e-06 
-7.5528281991e-23 
2.0012768371e+31 
-2.1346863701e+26 
-3.0203398766e-37 
2.8115629806e-24 
1.9409937933e+24 
-4.7037943894e+36 
-5.0886517334e+02 
-2.8416544730e+17 
4.7139794950e+17 
1.7244476791e+29 
-1.8720088333e-36 
2.0806044059e-21 
-3.0292388052e-02 
1.1408664497e-36 
-4.3730126896e+21 
2.6333822784e-35 
1.3535583941e+37 
-7.6668602102e+29 
-5.6754097678e+26 
-4.7283441154e-21 
2.8374121776e-24 
4.0544488811e+22 
8.3666569635e+23 
-6.1045715331e-15 
-3.1440937553e+27 
3.6441614794e+34 
5.6262780518e+11 
-5.9795838752e-06 
-2.7627069473e+01 
-7.6011123684e-18 
-4.2050804000e+07 
-1.5874716672e+10 
-9.7388117691e-18 
-1.6117196250e+06 
2.4569553228e+38 
-4.8252442960e-26 
-4.6184028469e+26 
1.5990952012e-32 
5.7301114964e-08 
3.0252101114e+24 
4.1658640181e-36 
6.6957238233e+14 
1.2616913197e-14 
2.0493009317e+31 
6.4186019897e+01 
-1.6754850959e-25 
-7.7042868361e-03 
-4.8810184713e-29 
-2.8814571381e+01 
6.1286970440e+29 
9.2390506164e+24 
-1.1197489600e+08 
1.5725194094e+27 
2.2614530458e+11 
3.2522159260e+13 
-2.8004150895e-33 
-7.0665958851e+12 
8.4517375737e-12 
-6.9171393873e-13 
8.5899587500e+05 
-3.9362812070e+30 
-2.1614243700e-15 
-5.2942121459e-30 
2.9682630979e+29 
-1.2466840000e+08 
1.2612607956e+01 
3.8250915226e-15 
2.7552431431e+37 
3.3167376709e+02 
-6.1439801357e-05 
1.4095670221e-37 
1.1643019264e+11 
-2.2217212800e+08 
-4.0898967601e-33 
1.4598153069e-24 
1.6143692653e+38 
5.4051840388e-36 
4.3860398807e-30 
1.8440066684e-22 
6.3541015101e-15 
-2.6342916397e+35 
-3.7660400052e-18 
1.0348639005e-33 
5.5348090880e+09 
-8.0481257648e+31 
5.3482266935e+25 
-4.9466747953e-27 
7.7388854801e+14 
-6.6050296000e+07 
            nan 
1.5795059621e-35 
-2.6164430380e-01 
2.0271296875e+05 
-6.6148631959e-06 
2.5385738233e-36 
-4.3862984616e+35 
-3.6545489590e+37 
-1.0547694662e-10 
3.8733988239e-10 
-2.3717973026e-31 
-3.0709526367e+03 
2.8175811802e+22 
-3.0546716139e+27 
-1.0344295081e+27 
-1.2647641649e-20 
-1.7662547038e-28 
2.0911053682e-36 
-3.6210634059e-22 
2.6387149648e+20 
-3.2875184748e+37 
-2.5551017014e-35 
1.2743120233e+31 
-9.7810605469e+03 
-4.9781558477e+11 
-1.7030484661e-11 
4.6480178032e+25 
-2.8912317959e+20 
1.6716353318e-35 
4.0088193750e+05 
-4.2592811240e-27 
-1.0942284325e+24 
-9.0987800270e-38 
1.0269151499e+21 
-2.4201452846e+37 
-3.9455911582e-24 
-9.9049734144e+11 
2.4562867076e-35 
-8.2543181179e-07 
-3.0652522973e+26 
-4.0931459735e-32 
5.5006353532e+26 
-9.0601152595e-27 
2.8418955480e-05 
-1.5298790004e-06 
-6.1118891463e-03 
3.5472993750e+05 
3.8033435000e+06 
-2.4780412000e+07 
-2.8995608714e+18 
4.9691953725e+13 
-5.5562246591e-02 
3.7999979004e+13 
-2.8038203716e-01 
-2.8641422923e+20 
1.2892004634e-05 
-1.1112352317e+13 
1.1880237500e+06 
-2.1140168333e+16 
1.2206135291e+27 
-3.3809388988e-03 
3.0224067693e-09 
1.3895221133e+19 
-7.8636387500e+05 
-1.5011709491e-16 
-9.6759020173e-24 
3.0150569244e-22 
-1.9715573988e-22 
1.2898331022e-34 
1.3780065976e+13 
1.1516893892e-06 
7.7496200983e+30 
1.1457717207e-35 
-5.3076553728e+10 
-2.9381010131e+16 
-2.2164885580e+19 
3.4025564358e+36 
5.8778131961e+32 
-4.7323573222e-23 
-4.7917885758e+28 
-3.9246409197e+32 
-2.3226383382e-13 
-2.4002628122e-19 
-8.0044760236e+13 
-9.8431997299e+00 
-6.9562976410e-22 
1.8178797500e+06 
-1.1262021007e+17 
-3.5611579046e+22 
1.3435193824e+20 
3.4844789593e+32 
1.0162259904e-38 
-1.0424762653e+20 
6.9362351791e+22 
1.6071036625e+34 
2.1119877193e-26 
2.5725300000e+05 
6.6280000000e+06 
3.6457840640e+09 
-8.3137311489e-38 
-1.3909418597e-37 
-2.6437593483e+20 
-5.2151462875e-20 
-8.4585666656e-02 
-7.5496063649e-22 
-2.8542448459e+30 
-4.6505126953e+01 
-3.8199786803e+28 
5.9626477322e+35 
-1.5100498438e+05 
-2.7296079893e-12 
-7.1906893553e-29 
6.5169192265e-10 
-1.6306989710e-04 
1.2954683802e+11 
-9.4682529407e-27 
9.0588978106e+32 
7.9807125317e-33 
1.0865093760e-39 
-1.1274791186e-13 
6.2782327876e+37 
-4.6324093321e+22 
-5.5453103781e-01 
-7.5971297087e+16 
-2.2549841309e+03 
3.6813881804e-11 
3.7780201895e-35 
-3.8492566390e-31 
3.3957614136e+02 
-1.2003243439e-24 
-1.1398355354e+12 
3.6188955607e+12 
-1.5072689152e+10 
-7.2271035000e+06 
-1.9293038750e+06 
-4.7312812967e-05 
-1.6152391618e-04 
1.3863735830e-26 
-4.2196438775e+18 
-5.8648283593e-03 
3.5406110603e-15 
-2.2942647912e+37 
3.1302089835e-34 
-3.5931299564e+36 
-5.8463399455e-07 
3.2374798584e+02 
7.0830626328e-38 
-6.5840538029e-16 
1.6459276583e-21 
-1.0130028954e+11 
-1.2599177731e+36 
1.4200922758e-36 
7.8329694566e-36 
-1.1927879333e+02 
-1.1970884323e+01 
-2.2034811632e+15 
6.0807359978e-19 
1.5752478207e+23 
3.3166104411e-12 
9.3641333993e+35 
-1.1064109553e-35 
5.6642653518e+26 
-3.7246673584e+02 
-1.0103814554e+11 
-9.3400681845e+21 
7.4489865885e-22 
4.6939210733e-04 
-2.4384891032e-34 
2.5903408000e+08 
1.8550267114e-19 
-1.3457317476e-15 
-2.2605889301e-26 
1.2631965434e+13 
2.4948465579e+34 
-3.6126740280e-23 
1.4598168230e-09 
3.3989913487e-36 
2.4962884507e+20 
-2.2881482005e+25 
-7.9296222119e-28 
-1.7991841866e-26 
5.6218666056e+29 
1.8636012906e+18 
4.9962218830e-30 
-3.6995973429e-19 
5.7793742014e-10 
-2.7603367363e+12 
-3.1431267636e-13 
-3.4668211293e+25 
-3.0883033919e-27 
9.0282887220e-02 
8.3707022886e-19 
2.5953188469e-06 
2.1939104620e-26 
-7.2905661479e+23 
1.3983672173e+13 
-9.8850116011e-38 
4.7834693462e-17 
-7.2777608351e-37 
8.4376656793e-28 
-1.0094102312e+24 
2.4128273926e+03 
-3.8244660380e+32 
-8.3062105179e+00 
3.5047814298e+30 
8.1507581250e+05 
-1.3258025865e-04 
8.9766130404e+27 
5.5340978668e+12 
1.1384609008e-14 
-8.1667838570e+27 
2.1404566400e+08 
3.3166329600e+08 
-4.0776088062e-10 
9.4896311879e+24 
1.0508564704e-28 
-2.5449365786e-14 
-5.4701855406e-03 
7.8313522334e-10 
-3.3836927568e-37 
-2.4812353565e-30 
-2.4390384878e+34 
1.7558027041e-32 
-3.3635068472e-13 
9.6524369553e-25 
4.5835699016e-17 
-4.1423658104e-07 
1.5237874204e-37 
-3.1169168655e+17 
1.2926531490e-03 
7.2721176147e+01 
-2.3909327962e+14 
2.3674600153e-26 
-4.6051826575e-20 
1.2620758715e+15 
1.5374453048e-35 
3.5881987485e-12 
3.5394908335e+20 
6.3605805711e+22 
2.2231280640e+09 
1.9465340000e+07 
-1.1145741824e+25 
7.8439894523e+31 
-2.3136711297e-11 
8.5450605469e+03 
2.4635373053e-15 
-2.4203779164e+29 
-4.0112539506e+30 
-2.0027064320e+11 
-1.0273060547e+04 
-1.4884367138e-30 
2.6879307765e+19 
-8.1150047346e-19 
-8.0028444313e-27 
2.1828892471e-08 
-9.8980742587e-36 
2.8377724000e+07 
1.6363246410e-34 
3.7346211457e-07 
-5.6252295199e+31 
-1.4649703979e+02 
-2.6520508384e-37 
-7.8581202684e+17 
-7.1002872915e-08 
1.6439033207e-03 
3.7315973291e+19 
1.5564253129e+29 
-1.3644962498e+29 
1.4314199825e-23 
2.8487423741e+21 
-2.9180115443e-33 
1.5717289669e+21 
9.4235276146e+16 
-3.2661052444e-27 
5.9370711369e-07 
2.6603097294e-16 
1.5595345015e-09 
-3.3682022593e+16 
1.9856320294e+27 
-8.2630769277e-34 
7.2317422656e+35 
-1.1471741940e-32 
-1.0702496340e-15 
8.1643913290e-05 
-5.1232807775e-35 
-9.6893814679e+23 
-5.3635976447e+23 
5.1100826858e-14 
1.9553952797e-23 
1.3209469604e+02 
-1.4483637271e-13 
1.4439926981e-28 
1.1409108763e+13 
1.1939483306e-39 
1.6756682904e-26 
4.1475818634e+01 
-2.1177810894e-10 
1.5753976284e+24 
2.4896032881e+19 
2.3291514000e+07 
-1.7124474000e+07 
-2.3149722010e+11 
5.3172009600e+08 
2.1348921204e+02 
7.3652477104e-19 
5.1939694944e-20 
-1.2790845000e+07 
2.8810773926e+03 
-4.8297733875e-30 
1.3012995850e-23 
2.2419858153e+31 
-3.0619604482e-23 
-1.6279743024e+14 
5.7548068157e+15 
-3.2373596160e+10 
-1.9820693750e+05 
1.1502518345e+15 
-1.8981232719e+24 
-4.7276029499e+33 
-5.8326411642e-18 
6.7839133574e+26 
5.2529608877e+21 
-1.6189925622e+12 
-9.2756760008e-25 
-1.1324156783e+34 
-2.8829854264e+24 
1.3793031364e+23 
8.9038870806e+17 
1.3574664081e-05 
-2.7306630914e-32 
-5.2695394131e-23 
-3.6010269856e-18 
2.9494187183e+38 
4.6120745600e+08 
1.7458297308e-10 
-1.0483051911e+24 
-6.4039320067e-19 
-4.4440023601e-02 
-6.8409267140e-10 
1.4741000714e+31 
1.5433742099e-37 
1.3476940050e-11 
-4.0461564489e-36 
-2.2258598605e+18 
-1.0022890962e-38 
4.0234941027e+37 
5.5722828104e+12 
2.7510822158e-30 
1.7994440782e-07 
-1.1768002085e+16 
-1.3017937538e+28 
3.4150765512e-20 
1.3016550239e+31 
1.7541245801e-30 
2.3796691087e-29 
1.0624167204e-27 
3.9290469949e+30 
8.7756272000e+07 
9.4612491949e-20 
8.0184072249e+30 
-2.2154906418e-16 
1.7715231934e+03 
-2.5500274257e+33 
3.0580005847e+34 
-1.9915286118e+11 
-9.8912994902e+20 
-4.5181742188e+04 
1.8263627706e-20 
-1.0280620485e-13 
-8.1180537553e-13 
            nan 
-1.4988704550e-21 
2.9027807614e-05 
-1.0562081297e-04 
2.6342378379e+22 
-9.2297336106e-39 
1.2636461179e-04 
2.9815341368e-17 
5.6692439501e-33 
-8.8765674294e-34 
8.0110485438e-30 
7.9695784693e+31 
3.0905158225e+34 
1.9594036439e+24 
-1.3854214401e-18 
-1.3821034334e+18 
7.2315096660e-19 
-1.6401811020e-09 
1.0707067275e+27 
1.2179075023e-12 
-1.0320345652e-13 
-3.9187739173e-28 
-5.9792923401e-33 
2.0052683275e-29 
-2.8269329834e+02 
5.5340027001e-19 
-4.0697110852e+26 
1.6391683986e+32 
-1.0966269216e-17 
-4.2478486488e+21 
9.0994205948e-07 
-7.0530527792e+37 
-1.2286080468e-37 
6.1455348259e-06 
7.6827485808e+37 
-3.1459044017e+22 
-5.1554717247e+16 
1.2712885520e-20 
8.6377681125e+13 
-2.6140059619e+34 
1.5489384865e-29 
-7.9774114275e+37 
-3.5520122287e+24 
2.7062716981e-05 
8.0465661085e-06 
6.4358958878e-27 
1.4320278444e+26 
1.0976958231e-09 
-8.3687327811e+17 
-2.4734942165e-28 
-3.6422151702e+19 
-2.4366222788e-03 
1.8313490102e-07 
-1.1442109000e+07 
1.2888011341e-25 
-1.0536258698e+23 
1.3827488630e+22 
-6.9117699553e-31 
-1.2010492583e-06 
9.2227960302e-19 
9.5000911512e-25 
4.6635549515e-03 
7.2769500501e+31 
2.4707896691e+35 
-3.1416922019e+33 
3.6586065000e+06 
1.8778239573e-35 
-3.2512498954e+32 
2.9751497266e-08 
5.2678700000e+06 
-2.1097080000e+07 
-2.3422914497e-35 
-1.4710007656e-09 
8.6070241212e-11 
6.2673168090e+25 
-9.9184218522e-29 
-3.5922573888e+17 
1.2600691431e+29 
1.9348879838e-26 
1.7860080058e+27 
2.3528649763e-04 
-4.9962536665e+13 
1.3620079926e-06 
-1.4328610729e+31 
-5.6087845479e-08 
5.6350786560e+09 
-9.5695830873e+31 
1.4370195738e-34 
1.3967152185e+30 
-1.0402916372e-01 
2.8088750076e-11 
-1.0383117111e+19 
-1.7162224557e+38 
-7.8225397760e+09 
-1.0301376095e-30 
2.8319944273e+35 
-1.3611570217e+26 
3.2961975194e-06 
-1.7703701632e-23 
-4.0019820046e-19 
-7.0846369339e-15 
1.2917038798e-01 
-5.2308785968e-33 
1.0587156170e+38 
5.9991586945e-22 
3.0232986495e+34 
-1.3900467753e-01 
-2.8372555572e-18 
2.4889010002e+14 
2.6492815139e-36 
9.1261269863e-21 
1.7016789116e-06 
1.1458729335e+30 
8.4938535712e+30 
5.4712954443e-04 
1.1152158737e+01 
-3.0322294080e-32 
3.6486327001e+25 
-7.4868834304e+10 
-4.6676466987e+37 
1.7492040154e-22 
5.3886054157e-20 
1.0400219015e+15 
3.8466626513e-26 
            nan 
1.6113980360e-25 
7.9984631333e-28 
-4.1211871359e-15 
-1.1387182495e+27 
3.1677968205e-32 
2.3544118698e-34 
2.4786499599e-26 
5.8357187500e+05 
6.9705417082e+32 
-2.7138954625e+13 
1.5398664192e+10 
-1.8316604843e-38 
-2.2791401367e+03 
-7.6144032717e-30 
-3.2157602969e-11 
-5.6678264512e-12 
7.6395270432e+34 
-2.1850753740e-26 
2.9227675000e+06 
1.6669297476e-31 
2.8572149765e-33 
-1.2419010091e-05 
6.6537878418e+02 
2.2261822490e-17 
1.2062606585e+36 
1.3014190857e+26 
-1.3567724997e+19 
-4.8977737613e+30 
-1.1067337875e-24 
4.2022405546e+20 
3.3258286533e-13 
1.3388698867e+15 
-2.4019625854e+02 
8.7918297612e-18 
-7.7925345746e-35 
2.7797672226e+35 
-2.8459132000e+07 
1.6653786683e-10 
1.0067695968e-15 
2.5830524000e+07 
3.8074660619e+28 
9.7828290336e-35 
-1.6294120730e+23 
1.6936432803e-03 
-2.3649498943e-37 
2.4361107349e+00 
-1.4239181841e-32 
-9.8412574768e+01 
1.4226024159e+20 
-1.0859451868e-04 
8.0354368826e+24 
-1.2474653987e-35 
-1.2590314496e+10 
5.4408142205e-06 
2.7433337824e-09 
-1.1092916340e-34 
-2.7178618000e+07 
-1.7224596800e+08 
-5.9149486957e+18 
-4.4828618073e+17 
3.9906807121e-23 
-2.5595693702e-27 
-1.2495650595e-36 
-1.3171199836e+12 
8.2041638023e-13 
6.4355911255e+01 
3.6793192699e-15 
-3.2192922893e-32 
2.8366987500e+05 
5.8735100904e-18 
1.1322600090e-20 
-3.1081644093e+17 
-4.3649744576e+15 
-2.2049195383e-16 
5.8540300698e+11 
-4.0234606320e-27 
4.5616848199e-24 
-1.7868345529e+31 
8.6594929155e-21 
-1.6734917381e-06 
-6.7387974140e+34 
5.5753872730e-03 
-3.5657406390e-13 
-1.8011972121e+15 
-1.5125212260e-02 
-6.9078282539e+26 
-6.1594535708e-31 
7.1776027364e+28 
-1.2630711485e-31 
-3.0018074365e+28 
-6.5800952000e+07 
2.9252800794e+14 
4.2606764362e-29 
2.1981771958e-09 
6.0500895730e-32 
-1.0336443440e+22 
-6.3835060993e+37 
-1.9091357654e-16 
-2.3466758898e+32 
4.4786911809e-13 
1.6589758000e+07 
-5.6582766356e-27 
-1.3063948438e+05 
4.8477755627e-04 
1.7111104687e+24 
-4.1395980872e-23 
1.1342389584e+00 
-7.0282179051e-29 
-1.1715551408e+15 
1.6223108901e-07 
-7.6204828753e+19 
6.3621539880e-38 
-1.1999178575e-35 
-5.2672977229e-22 
7.2635282665e-28 
-1.8525767619e+25 
-6.3775095623e-04 
1.6425807660e+36 
1.0769532008e+26 
2.7475793750e+05 
-9.5528339036e+30 
-2.9234653835e+27 
-3.8579850070e-07 
3.2917139384e+15 
-7.2538787500e+05 
-6.4720800146e-03 
1.3747061208e+14 
-2.9473317626e+25 
-8.3761577606e+00 
-7.5173785220e+24 
1.2615406116e-11 
2.9181901744e+33 
3.2214881862e-33 
-2.2585460047e+18 
3.0359232239e+33 
-4.6402361376e-25 
-1.5019053862e-17 
-1.2103592929e-32 
-5.8236052384e+36 
6.1925509562e+15 
-8.9613231600e+35 
-2.0620264289e+21 
-2.0311251858e-16 
2.0914820531e-22 
8.1010364514e+14 
2.0647739319e-26 
7.6056354703e+25 
6.0431269180e-34 
2.7380875780e+32 
-2.4578963399e-36 
7.6234414080e+09 
7.6533906727e-22 
1.0071423337e-14 
-1.3391745742e-03 
7.5760273055e-11 
-4.3121394871e+25 
-1.2846627463e-31 
-1.1102477622e+34 
-6.4608933029e-27 
-1.7510546832e-11 
-5.7768453378e-14 
-4.7310994145e+14 
2.8483123200e+10 
2.7676459108e-22 
-2.3529427314e-34 
8.7775725864e+15 
1.0412294941e-12 
5.3734410686e-15 
-1.2264227835e-36 
1.6309178763e-36 
2.9389531346e+16 
-4.7621401600e+09 
-1.9313757404e-19 
-2.4934543319e-10 
-1.7689836021e-27 
-2.2431906376e+17 
1.0171478722e+29 
1.2284149760e+09 
-1.8420198700e-10 
-1.4979586291e+24 
-1.4082665963e+21 
-4.3147301767e-06 
-2.6878410608e-08 
-1.6420703188e+35 
2.6727110858e-16 
4.7612224094e+27 
7.6835452762e-26 
5.9507334118e-26 
-2.3010082500e+06 
1.4068255851e+21 
1.6450361571e-21 
-4.4894108772e+00 
-3.7508958618e-26 
-1.7247586474e-38 
-4.7639733427e-33 
4.0482387199e-19 
-1.6876604557e+00 
-6.8195015501e-07 
1.6401285759e+18 
-1.7785506789e-03 
-1.4025064453e+04 
1.8067628906e+04 
-6.1687381783e+29 
1.6765999514e+11 
-1.7938956460e+22 
1.4338551226e+36 
-2.1056473600e+09 
-7.3870473898e-06 
8.6251457365e-11 
1.9513292289e-28 
2.4809925840e-29 
-2.4042392245e-21 
7.1241852497e-36 
1.7202329445e-06 
-3.0568421162e+22 
-2.6434141397e-01 
2.1181944758e-02 
-5.7995417652e+23 
1.9437570560e+09 
4.3336184627e+11 
4.7897406250e+05 
-1.4871523779e-38 
5.6245857239e+01 
6.3458830737e+22 
4.6196814765e-06 
-1.9602972172e-16 
-9.8689634037e+23 
3.3276956672e+10 
4.7472536835e-07 
4.8142361154e+20 
1.6205583871e+35 
2.8249723261e+15 
9.7035061974e+24 
-5.0193018477e-24 
3.9550925071e-26 
5.1005856955e+32 
2.5946570403e+29 
6.0978436000e+07 
-4.2509602021e+16 
5.8809173462e+34 
2.9015301273e-09 
-2.1207482162e-35 
-9.8668313103e-12 
-2.0776722500e+06 
-1.0912115379e+27 
-1.3362561676e+36 
1.0386455642e-15 
5.2169854489e+17 
6.6738250000e+06 
-1.4606227074e+24 
-5.9935631360e+09 
-7.3521482251e-31 
-3.3578684097e+33 
-1.3774223845e-25 
1.2954246855e+21 
-6.0592048645e+01 
-3.5839353707e-09 
-7.7505322266e+03 
1.3815314196e-28 
-5.1171740456e-11 
-2.7974182677e+29 
-9.5782806250e+05 
5.2339254886e+11 
-9.1914372456e+15 
5.0626446652e+18 
1.5905197849e-21 
-3.8216242570e-35 
-3.6568655741e-22 
2.1997696000e+07 
2.7507182415e+31 
-1.9460391998e-01 
8.9243706731e+31 
2.6226065157e+36 
-4.7066943807e-05 
3.0487050161e-38 
8.8994767257e+25 
2.2861458082e+16 
5.2436101863e-23 
4.9961712561e+31 
8.9786164614e-13 
3.3556169552e-31 
2.4561100000e+05 
1.3373145907e-14 
-6.4677512903e+23 
-3.2868227005e+24 
9.6724934391e+26 
4.5473403125e+05 
2.4473854668e+27 
-3.9422113241e+17 
-9.8679709297e+27 
-5.9003942613e-33 
4.1499059898e-18 
3.0862376953e+04 
7.5672254921e-12 
3.5240470140e-25 
2.0359872662e-22 
4.9796225351e+17 
-2.2605510894e-03 
1.9616922441e-30 
-5.4793342157e+11 
7.2951425703e+30 
-3.5564221681e+15 
7.2243564162e-29 
-4.1881675590e-22 
-1.2669455934e+34 
-4.9023057922e-22 
1.4272651780e-27 
3.9386509343e-06 
4.6222524475e-07 
-2.0687892775e+14 
-1.3575873000e+07 
-2.1711852738e-30 
-8.1586135615e+21 
-1.6260247161e-34 
-1.6168790477e-26 
-2.7703318472e-34 
-1.0707750307e+38 
-6.6143975914e+22 
2.1311008276e+12 
8.0327514455e-19 
5.8136361076e-06 
-6.1670095944e+26 
1.5558090638e-07 
1.3059587310e+13 
-1.1643295217e-08 
-4.2779096175e-20 
-1.8008618208e-10 
2.1851299370e-19 
3.7650604248e+00 
-2.1042342269e-07 
-1.0796174118e+33 
2.4663164524e-33 
-6.7041003414e-19 
8.9857170845e+20 
-3.2182599680e+09 
1.4698682289e-31 
1.2534349824e+10 
-8.9118074834e-30 
5.1599822819e+25 
1.8500585508e+23 
-6.4267857744e-36 
-3.5366875960e+22 
8.7077657855e+36 
1.8593262411e-20 
8.4176981191e-31 
-1.8489687984e+37 
-4.0822234482e-11 
6.6210894804e-33 
1.9780115730e+36 
-8.6127979748e-13 
5.9421677356e-19 
1.9098743796e-03 
4.7802147627e+17 
-6.2475937500e+03 
-2.5624375000e+04 
-8.3638530111e+18 
2.8192265994e+12 
-2.4424307048e-04 
-3.8981875317e-31 
-1.5219390552e-28 
-2.1077363632e+33 
-3.9528083908e+14 
-6.0401497847e-24 
3.0414753666e+26 
-2.5286932890e+11 
-1.6447509103e+13 
8.1257005810e-26 
3.2618444800e+10 
4.3987552000e+08 
8.4634154954e+21 
-1.1426720448e-04 
1.8492946784e+21 
-1.3145933651e-27 
-3.2236508268e+34 
4.3122566977e+27 
1.0561693315e-31 
6.3184703325e+32 
2.2347323568e-38 
1.6515267942e+35 
5.4742601924e-26 
3.3115268239e+14 
3.8800177293e-08 
-1.4870830884e+31 
1.9345390936e+21 
5.7005124672e-33 
-7.7151719370e+19 
-7.6778171376e-08 
-1.6123639113e-22 
-2.9151133905e+32 
1.6340929411e+29 
-2.4087992027e+31 
-1.8518142700e+00 
8.5793125000e+03 
-2.9939073024e+10 
-1.1671213542e+21 
8.1583282702e-38 
-4.7696246952e-10 
-2.4413642051e-23 
9.0000497903e+19 
-3.6899250000e+04 
1.6253301632e+31 
5.8589950987e+16 
3.7470133975e-05 
1.6754559755e-35 
-5.0713895431e-16 
6.1126307191e-25 
7.9684098746e+14 
-5.8582092588e-36 
-6.2698544273e-14 
-3.6144550338e+25 
1.9849168860e+26 
2.0453631770e+26 
1.6955713188e-24 
-5.3462088108e-03 
-1.0185463584e-11 
6.4201532979e-11 
-8.9489276434e-08 
-1.2288206520e-33 
3.2182069509e-13 
-5.1541862109e+36 
-2.5861916042e-39 
1.0974091102e-15 
2.6397437257e+33 
-9.6298969555e+26 
7.3165413257e-34 
1.6265747070e+01 
5.1723224040e-23 
-1.6720728569e+28 
3.9819955826e-02 
1.0754541016e+02 
2.6745084314e+11 
-3.9695032257e-37 
-5.1476439189e+27 
1.4631130985e+26 
-8.3217578125e+02 
9.7817210380e+28 
-7.9991318100e+18 
5.0808315888e-13 
4.3457269669e-02 
3.1815450869e+20 
1.5194696391e-23 
-4.7763333919e+27 
1.3878709982e-37 
-5.1209310867e+23 
5.6332906496e+10 
9.2575552587e+22 
-1.7506120848e+21 
8.4850780666e-02 
-1.2105913906e+33 
-1.1178427297e-13 
1.1303031138e+36 
2.2303599144e-19 
1.0618958750e+06 
-2.3045182220e+14 
-5.2659593750e+05 
-1.1213148832e+00 
1.7732152157e+17 
1.7374249258e-24 
-9.5038965341e-38 
-1.9881011823e-30 
5.8718971725e+30 
-1.1341472588e+24 
-1.6887681253e-09 
6.6674818041e+17 
-1.5550486014e+28 
6.5499649765e-37 
-2.4421121094e+04 
5.1423825607e-35 
2.3384417555e-38 
-1.8642106262e+17 
-7.6346995056e+17 
-7.5191350000e+06 
4.1449414656e+10 
3.1445251461e+20 
-4.9042858245e-16 
1.7665524286e+32 
-9.1058369130e+35 
-4.8355249802e-18 
1.5221755234e-07 
-2.7696152408e-19 
-9.5635512224e-17 
-1.0109787348e-23 
3.3519370676e+34 
5.0713477795e+37 
3.5831900875e+19 
-8.4384052640e-18 
1.2582707971e-20 
2.1691437811e-02 
2.1140615182e+18 
3.6113676361e+22 
3.1847312523e+13 
-2.0063916755e-14 
2.9359492301e+11 
1.3898191974e-02 
-1.2914634601e+33 
1.3616963796e-36 
-3.4814799678e-28 
3.4873575139e-09 
4.6413793750e+05 
-1.6250994206e+37 
2.5343262678e-05 
-9.4839453604e-34 
-1.6209739897e-06 
-3.9378769343e-12 
-3.1882671815e+16 
1.1562238400e+08 
-1.3789275095e+12 
-3.9679758251e-02 
1.2762010090e-32 
1.4042575684e+03 
-3.1106516056e-25 
9.7519795738e+28 
-7.4392312614e-19 
-4.2072864017e-04 
-6.3809016664e-13 
5.8997081710e+28 
-5.8022787500e+05 
7.0007153230e+13 
1.5749192814e-29 
-7.0690309871e-16 
1.1010922663e-06 
-1.6544834093e+31 
-4.1040567415e-15 
-2.5383472552e-15 
-1.3235006000e+07 
7.1571375986e-20 
-1.3618925967e+28 
-5.0869807314e-34 
-3.4668457933e+15 
-1.8804071624e-31 
-4.4653338023e+23 
1.1694154777e+34 
3.0218922282e-30 
6.8183894157e+00 
2.8594485720e-12 
-4.0638002539e+20 
-1.2760632936e-22 
1.4277758531e-08 
-7.4318228393e-38 
-3.5159246094e+04 
-1.2944292184e+13 
-2.2060747200e+08 
1.0081562298e-35 
5.8947783984e-25 
3.0939219519e-02 
4.3153681685e-15 
2.3183517500e+06 
-5.2826005792e-09 
8.3771593750e+05 
-4.8484769109e+26 
1.0836183093e-02 
2.8546948527e+17 
-2.8293271923e+31 
2.2489061869e-14 
-6.1209495179e-03 
-1.5364208865e+21 
1.9031950277e+34 
-1.5348600825e+14 
-4.1097398921e-12 
-1.5247262851e-27 
2.8220365047e+00 
3.3538278809e+03 
-1.0681907931e-23 
-3.6553439176e-14 
1.3793436436e+32 
-8.1579529373e-13 
8.2249117022e+30 
1.3063060356e-10 
8.7026681849e+32 
-1.0264895000e+07 
-2.1455156072e-38 
-8.5434844782e-31 
1.5157535729e+17 
-2.3487993348e+14 
-2.1144237691e-22 
-3.9470975399e+00 
-7.0319595803e+37 
2.4046528497e+24 
-2.9408194267e+17 
-2.7323850632e+01 
-4.0521414724e+19 
-2.9601410741e-26 
-6.0056771304e+29 
3.9563881334e+23 
2.4292870855e-21 
-1.4626913545e-35 
-2.2262815013e+33 
-9.3432203855e+27 
-1.6236247373e-12 
-4.4517707211e+33 
3.2513026963e-04 
-8.1755153835e-02 
1.7182403082e+25 
-2.8638974050e+13 
-3.9357937738e+28 
-6.1071336059e-18 
3.4402466744e-27 
9.9853742919e-17 
7.9135023187e-12 
1.1758837128e+02 
-3.2796581665e+14 
6.1413698685e-33 
-5.3504790507e-37 
7.2101193750e+05 
-6.3122307278e+32 
2.4827418327e+00 
1.5263117883e+32 
-1.6696079939e-31 
-4.0245915000e+06 
-3.3394503070e-35 
-6.9912505262e+34 
-1.5744712536e+33 
1.2411595117e-23 
4.7680476456e-08 
7.2569992550e-12 
2.7312357638e+13 
-3.9442330511e+17 
2.1526187631e+20 
-3.6654228112e+24 
-3.7328791822e-38 
4.5089133120e+21 
3.8368983269e+00 
6.6451011360e-10 
-1.0397460841e+16 
8.9479609949e+24 
-7.7443254878e+18 
-1.2452846155e+20 
-9.4954146745e+23 
-2.4949236049e+19 
1.3112265440e-10 
-1.0794148450e+27 
-4.8971453559e-09 
-6.6318209283e-03 
5.7276415985e+17 
-2.5200278664e+24 
2.4893702288e-29 
-4.5629514449e+14 
8.2462997684e+36 
5.2438430820e+18 
3.8105313920e+21 
1.7868940771e-09 
-3.8750194561e-15 
-4.1418244986e-34 
-5.4324380145e-14 
-2.8343824268e+19 
            nan 
-1.1916816880e+25 
-5.1981922905e-28 
-3.4939205170e+01 
-2.3057554562e-20 
-2.0218071921e+25 
-2.4708957500e+06 
6.1852453825e-08 
4.0596534382e-04 
-6.3099879377e+29 
-4.1792052189e-34 
-3.6099980699e+25 
-7.5769324057e-20 
6.5258932790e+31 
-2.9910729127e+25 
-7.6819111391e+35 
1.1934996605e+01 
-7.7402793750e+05 
1.0132323328e+10 
-2.2167932420e-11 
4.6162720814e+16 
5.2001708984e+01 
4.7057369055e+33 
3.0116437442e-24 
-1.0016084306e-35 
-7.7947851991e+20 
-2.4672212733e-20 
5.3274273547e-38 
1.9247217474e+23 
2.5369608940e-25 
-6.6709107371e-24 
2.7787312881e-18 
7.2036802101e+13 
3.9622543738e+29 
2.5889764667e-31 
-5.5113853329e-38 
1.8938238835e+31 
1.0939636230e+01 
-1.4361858762e-21 
-4.5268038421e+27 
-3.3945900206e+22 
-4.0772991204e+33 
-9.5721856628e+31 
1.6401484375e+03 
-1.8516769409e+00 
-2.2068605744e+18 
3.8714901192e+37 
1.9892212409e-26 
1.4342275279e-07 
4.7017383440e-35 
-1.7549746224e-29 
2.7765742556e-37 
1.5135865864e-35 
-1.7856551018e+37 
-4.7702996875e+05 
-7.0104875233e-19 
8.9687174798e+28 
-9.8672065907e-37 
1.6219584479e-23 
4.0787583739e+15 
1.0262221985e+16 
-1.4234106645e-32 
2.6130530537e-20 
1.4504377702e+34 
-7.9635897418e-04 
-2.4404083732e-33 
4.0226379497e-05 
1.5067804706e-21 
-1.0787118750e+06 
-4.3562363312e-22 
8.5723778076e-10 
-2.9843210437e+37 
-6.4001263158e-15 
-6.6853508549e-21 
-4.7412137860e-07 
4.9503479398e+11 
-1.9143065387e-31 
1.2515349219e+05 
7.6176925878e-10 
-2.2080922123e-19 
5.9431107709e-32 
-1.6479634724e-05 
1.0123881491e+15 
-3.2277352243e+33 
1.7273065308e+12 
-8.5213665771e+02 
1.4250797500e+06 
-2.7364789453e+11 
1.4726517463e-34 
-2.8753871094e+04 
-1.9849360286e+31 
-2.4273030019e+33 
-1.6292062536e+38 
-3.5618601600e+08 
1.1893402707e-08 
-1.3067537710e-27 
-1.3370732800e+09 
-3.1818218852e+33 
-7.4602165751e-20 
-6.0027562446e-39 
-4.3704049647e+20 
-4.9708485083e-30 
-2.9941469393e-07 
-4.3752692679e-29 
-4.4190814209e+02 
1.4053780330e+18 
4.4225465905e-21 
-2.2356570039e+19 
-2.8742572150e+29 
-6.9910021055e+17 
1.5354618016e-35 
-2.8812579739e-23 
3.4546824459e+15 
1.1075353582e+33 
-1.0970381048e-08 
1.8372147137e-09 
1.9700165010e-23 
-1.1614439736e+30 
2.3011337253e-38 
2.1041737042e-16 
-9.8932735622e-02 
-2.2714397500e+06 
-3.1908974954e-35 
5.6441099572e-25 
-4.5539166934e+31 
5.1690009415e-33 
-1.9167291016e+28 
-2.1201959680e+09 
6.6434528013e-34 
-8.8260538551e+16 
2.7006664784e-37 
-2.8727314032e-25 
1.4401358394e-17 
2.5983796278e-12 
9.5928215027e+01 
-2.2085332595e-21 
5.4570144130e-05 
7.2028177807e+16 
-9.5962884521e+02 
5.6863556631e-39 
-1.9149261373e+12 
-1.5920293952e+19 
-1.0327005246e+23 
-3.6553787291e-22 
-2.1466837635e+27 
-4.5011320712e-33 
1.1096499826e+24 
8.6547021620e+15 
6.7182072641e+31 
1.4641565672e+36 
-4.3484378424e-12 
-5.9111939107e+28 
4.2555199968e-18 
3.4089479667e-37 
-1.2904421453e-22 
8.9810064290e-36 
1.4628043433e+19 
-7.6955032349e-01 
3.0625357075e+18 
8.0960312500e+03 
-3.3833380542e-10 
-5.6152582169e-02 
5.0399411011e+02 
-6.8451639147e+32 
-3.8711977990e+37 
-6.8656530571e-26 
3.6483852031e-35 
3.5932347178e-01 
-3.1702449633e-05 
1.8223298438e+05 
5.3471500140e-37 
-4.7945790039e-28 
-2.6743623047e+04 
5.1720126527e-14 
2.4902986340e-08 
8.4654172799e-21 
5.3450829344e+16 
-1.7441155796e-04 
-3.8459840349e-37 
-6.6207687680e-29 
-4.1115900000e+07 
2.9641358160e+32 
-1.9983548605e-34 
-3.0296922445e-30 
-2.2255959772e+29 
-2.6811693056e+10 
5.1302899414e+25 
-2.7170962335e-33 
-1.2082420027e-23 
-1.1578348523e-11 
4.1231844179e-28 
2.9114817153e-04 
-1.4092898438e+05 
1.3566167581e-05 
2.4417141168e+25 
-1.9791971444e+24 
1.4596876507e-33 
1.0871925698e-34 
1.7493010768e-22 
2.9966923594e-01 
1.0053593878e-19 
2.6902363205e+20 
-5.7836492167e-40 
4.3017765880e-01 
1.9259319910e+12 
-1.5112976148e-10 
-1.5858107106e+30 
-1.6783192914e-34 
-1.8830891013e-10 
8.8126996604e-16 
2.9480298809e-16 
1.0714568409e+20 
1.9210351165e-03 
4.6785336800e-38 
-2.6642022709e-35 
-7.1018713257e+27 
-1.6277747884e-25 
-2.5887333038e+31 
4.2683081191e-14 
3.7872714762e-21 
-4.6782586945e+27 
-3.5787195124e+34 
-4.5938277255e+25 
-1.9370784369e+33 
-3.0581595638e-05 
-2.7394063463e-19 
5.9959384130e+16 
1.1864105917e+32 
7.1048074759e+30 
9.4730746746e-01 
1.5683067240e-22 
3.1237809377e-14 
7.2945540524e-06 
3.5500590098e-13 
-9.5282074046e+28 
-1.5312176024e-32 
-4.7573989228e-23 
5.0966869614e-10 
2.5942497422e+37 
-1.0515751292e-25 
-1.8926128575e-07 
7.2025152873e-28 
-4.0084015453e+21 
4.5551635913e+22 
-2.1501791707e-05 
-4.5458380596e+25 
1.8166399000e-16 
8.0291548511e-04 
-2.1968052890e-37 
1.4206751271e+29 
-5.4732550729e-19 
-6.1340852566e+31 
3.4825008640e+09 
-1.6791156306e-16 
-1.8195046552e+17 
-1.8529295654e+03 
6.7928224104e-17 
1.4818121225e+34 
-1.9799179610e+36 
-2.5730548714e-06 
6.6253177822e-02 
-1.8063879263e-38 
7.1932966821e-03 
2.9384968802e-02 
-1.3415146644e+29 
-8.8051556368e+19 
2.6934865218e-06 
6.3720627887e-26 
-5.1704585545e-33 
-1.7597643520e+09 
2.8474232554e-01 
-1.4029515200e+08 
-3.3585430650e+24 
3.2378124160e-05 
-5.4353974058e-29 
2.4319958108e+16 
-1.1886337371e+27 
5.2144879897e-36 
-1.3858836431e-36 
1.7825184037e-11 
1.0541781758e+37 
-3.0234895724e-20 
-2.1325210963e-35 
-7.7887912441e-31 
1.2187450409e+02 
2.6591426292e-24 
2.6404367245e+34 
-1.2242078036e-01 
1.6404022559e+13 
4.3576580479e-22 
-6.1598543653e-06 
1.5771582866e-06 
-5.3494993011e-22 
3.4025103446e-07 
-3.5894361052e+20 
8.3352178521e+36 
9.7691782875e+32 
1.0121205712e+37 
4.7114441600e+08 
-2.0758364160e+12 
3.0781602403e-35 
2.7851595150e-27 
-2.4925114219e-22 
-1.7142295710e-38 
6.0832209587e+00 
-6.0079932056e+30 
-1.2689949590e+13 
-1.1189206271e-03 
1.0090383814e-33 
-6.8371411254e+22 
3.0912080073e+16 
5.9856873967e-33 
-3.0890923529e+28 
1.3262060544e+10 
4.6782489394e+21 
-1.8305780254e+28 
-2.0127041404e+29 
-3.9776088623e-27 
-2.3885819201e-26 
4.7163183916e-22 
-1.2925336528e-13 
-4.2415172187e-16 
4.9076352540e+15 
-9.1093840429e+15 
-3.5311428364e-03 
4.3130077754e+26 
1.4777858715e+23 
7.6585887334e+11 
-7.2306710042e-34 
-6.2427834465e+24 
-5.6751133168e-30 
1.4404361764e-13 
-7.7802470793e-22 
-1.1445361007e-24 
2.1452341309e+03 
-3.3600308895e+00 
5.3553033119e-09 
-9.4895320307e-15 
3.3505742188e+04 
3.1122901671e-37 
5.9126308188e-03 
-3.9828127339e+23 
-1.9851117278e-11 
6.4485367516e-38 
-1.5968334025e+33 
-7.0230710000e+06 
1.3199888229e+01 
7.3882596423e+18 
-5.3228734154e-22 
2.4574490755e+16 
-3.3380447917e-07 
2.5636367188e+04 
8.8023224449e-38 
-1.3575085641e+29 
1.5066788095e-10 
1.2989234487e+25 
5.0406277352e+16 
-8.8100082397e+01 
-5.8691790327e-03 
-1.7082083919e+33 
-1.7520837233e+29 
-1.0220729152e-08 
3.0533176881e-23 
-7.5146146611e+12 
4.3475422201e+27 
-1.6678008320e+09 
1.4015804788e+26 
-9.2866665589e-26 
6.4098810812e-23 
2.1331438174e+19 
1.2149652480e+10 
-1.3718261553e-12 
9.2201086379e-15 
6.8713150249e+16 
1.1683775811e-03 
8.9209167872e+10 
-5.7678056880e-20 
-3.3473903809e+03 
-4.4374061758e-07 
9.2031428358e-04 
2.1496953393e-17 
3.9504822225e+28 
-9.8947591255e+18 
-1.4885813019e-33 
1.2583859219e-15 
-3.8257548320e+18 
3.2464346795e+37 
3.5988088697e-02 
-2.9598840320e+09 
-2.1501200389e-30 
1.4724939618e+23 
-2.6409325148e-25 
-1.2160051683e+31 
2.8152284348e-36 
-1.0710626304e+11 
2.7687404286e-15 
-1.7393452145e+33 
-2.5800581833e-26 
-3.4705182141e-35 
2.9019603267e-24 
-4.2609855148e+18 
3.1514520479e-18 
-6.1796165903e-31 
-1.1954708184e-28 
-2.7319203840e+10 
-2.2749694472e-04 
7.0357326735e-12 
-2.0691065402e-16 
-3.2254061078e+31 
-4.0951345152e+10 
7.0969497225e-16 
-1.6462138835e+13 
-7.7543217431e+28 
4.5665956975e+21 
6.5096537720e+22 
2.4469853336e-18 
9.4968276765e-32 
3.7944529466e+14 
-2.5459467907e-30 
1.0041786686e-16 
-5.7995077223e-02 
-1.3635829187e+20 
5.0145883973e-11 
4.1636860800e+08 
-1.5501024609e-04 
2.9685477956e-36 
-3.1050953641e-31 
-4.4998213031e-34 
1.1142552212e-23 
9.4000418210e-31 
-2.0452798933e+30 
3.1833766116e-05 
-1.5677822267e-13 
1.9873612478e-10 
-4.0387997500e+06 
-1.0125579845e-12 
4.0793367302e-18 
1.0593565941e+01 
-6.3759107503e+32 
-3.7219734400e+08 
-6.1572174895e-16 
1.1446926080e+09 
1.6564393548e-20 
4.3024328950e+12 
4.3551035231e+31 
6.3576987177e+22 
4.1276552139e-26 
-2.1671115143e+15 
6.4253694998e+37 
3.6657553293e-32 
1.1341055200e+08 
5.4691173725e-22 
6.6324733539e+17 
-3.0811344382e-22 
-1.1061384839e-28 
5.1717725671e+31 
5.3471695235e+14 
-5.5885122399e-38 
4.3263161010e-28 
9.7098550477e+11 
1.2403514404e+03 
-2.9415919625e+16 
5.3679744614e+11 
9.2661741655e-04 
-6.1591472840e-30 
-2.0173241025e-26 
-2.1220818998e-17 
-3.2791143782e+33 
-5.2308050427e-21 
2.5302090284e-11 
-2.0150875854e+02 
2.1974087576e-04 
4.6462689209e+02 
8.1790466327e-13 
-8.9908035368e-25 
2.4609644840e+28 
1.6132090455e-11 
3.2435404602e-33 
1.3828238998e-08 
-5.3716320228e+36 
-5.8621923776e-14 
-7.7741686669e+31 
6.3188408530e-23 
-2.1687259236e-26 
-5.1742401016e-29 
-3.0064202481e-19 
3.3810160770e-15 
-2.0390189137e+28 
-5.9659104347e+00 
3.1254115105e+00 
-5.5075576000e+07 
6.3652891551e-13 
-3.7123256625e-29 
2.6895150080e+09 
1.2637309462e+19 
4.5094376490e-37 
2.0672823751e-39 
-1.1509940396e+37 
2.0830416385e-12 
-1.2361162226e-04 
1.0392372214e-25 
-4.4273942709e-01 
-5.3926609201e+35 
6.0764206465e-32 
1.9450704217e-25 
3.8775198162e-02 
-5.1964971833e-27 
9.1005897933e+11 
-9.2773387896e-17 
-2.3033336329e-18 
-8.7392235375e-13 
6.6132657424e+37 
1.6252613448e-28 
2.5679732914e-15 
8.8708476328e-12 
-1.2670276359e+17 
-1.7031183937e-17 
1.2788733837e+13 
1.3182741279e+35 
-2.4290592056e+35 
-2.3383467474e-37 
5.2932828454e-36 
2.4275677500e+06 
6.8861536000e+08 
5.2124903944e-28 
1.0733693284e+37 
-1.6810798750e+06 
-1.8895736054e+28 
1.1793526291e-19 
-7.7419670723e-31 
1.2883147514e+23 
-6.1346195200e+08 
1.7254477314e-07 
-3.9958564220e-17 
-3.6700456991e-14 
7.7099195000e+06 
3.8108347686e-33 
1.2438471115e-37 
-2.0519373047e+04 
5.6741950584e+23 
2.0343874608e+23 
-8.6164321350e+17 
8.4146563056e+14 
-4.4074743466e+22 
2.4017570091e-14 
8.5739396269e-13 
2.5477037355e+36 
3.2552945614e+00 
6.2178691814e-23 
4.8338842675e-18 
5.3940705236e-09 
1.0938591144e-09 
3.0855714085e-15 
1.6698125995e-21 
5.2591362973e-29 
1.6613269649e-09 
-3.2019555003e-38 
8.9046325658e+11 
-1.3072683032e-05 
-3.7696625171e+30 
5.9691411200e+08 
-2.8570879976e+31 
3.7836298355e+24 
-1.5771032669e+15 
-8.9786865234e+03 
1.5075864703e+31 
1.0496703943e+24 
-2.4818772837e+20 
-2.3142543195e-33 
-3.0559700548e-08 
-4.5120734588e+29 
2.5602356897e+35 
5.3457039259e-18 
1.9871141432e-30 
7.9145346819e-22 
6.4048192356e+36 
-6.7949945260e+21 
-3.1427460795e-16 
-1.0000105848e-33 
-6.0093637556e-02 
4.1773655796e-14 
-2.2829494446e+33 
-2.0534274694e+34 
6.0709559223e+26 
1.3646805040e-11 
1.8360183481e+21 
2.7743464713e-38 
7.3499600850e-10 
-1.8588635276e+25 
2.9206403482e+11 
-4.3257742188e+04 
4.3620149747e+28 
3.5044273805e-34 
3.7872067879e+35 
1.6935788949e-07 
3.8238148812e+17 
2.7882729774e+18 
5.7022742188e+04 
-7.5302054370e-08 
-3.5605387529e-04 
-1.4198788057e+38 
2.7708306227e+13 
-7.3128416002e+24 
4.7850927734e+03 
-1.4229066568e+32 
-3.0620834757e-09 
-3.9535835716e-10 
-5.2112457083e-25 
4.5425644012e+12 
1.5594326688e+18 
-7.5090816244e-03 
-8.8459133352e-09 
-1.9035187200e+10 
-2.6882266570e+34 
-1.0959596387e+22 
4.5485473026e+33 
6.8732176425e+24 
4.1197098654e-37 
4.1284828334e-10 
1.1018571472e-11 
-1.2100763142e-17 
2.1955101490e+00 
-3.6024317989e-29 
-4.2566387748e-08 
4.0885685838e+34 
1.5456247242e-26 
-1.0534296320e+09 
1.4660856644e-32 
4.6144809524e+22 
5.9305989025e-38 
-4.6108758564e-33 
2.1270850614e-14 
-7.1363974712e-05 
5.4050993485e-15 
-3.6466198367e+14 
-3.3723132132e+28 
2.4066498438e+05 
7.9634182155e-02 
3.1165681147e-09 
2.4120135617e-14 
9.4353993750e+05 
1.4769273809e+25 
-5.3834149888e+10 
9.6378453092e+35 
3.7505402725e+31 
-4.3156567379e+33 
8.2275593750e+05 
-1.2750983466e+15 
-2.1583942407e-38 
-2.6620984077e-02 
-1.3573305419e+35 
1.3977353063e-23 
6.4996011541e+33 
-2.9206213383e+25 
-5.6035282646e-20 
-1.3148420027e-29 
1.6801368289e+25 
6.9863484891e-32 
-7.5656806400e+08 
1.6374884370e-23 
-1.1516141831e-33 
1.4689313134e-14 
8.4760911581e+18 
5.6915357709e-04 
2.2695278835e-30 
3.5659980800e+08 
-3.0357137702e-13 
-1.0981758258e+15 
-7.8778041822e-23 
