2.3509887016e-38 
0.0000000000e+00 
0.0000000000e+00 
0.0000000000e+00 
0.0000000000e+00 
0.0000000000e+00 
0.0000000000e+00 
3.5873240687e-43 
0.0000000000e+00 
0.0000000000e+00 
0.0000000000e+00 
0.0000000000e+00 
0.0000000000e+00 
0.0000000000e+00 
0.0000000000e+00 
0.0000000000e+00 
0.0000000000e+00 
0.0000000000e+00 
0.0000000000e+00 
0.0000000000e+00 
0.0000000000e+00 
0.0000000000e+00 
0.0000000000e+00 
0.0000000000e+00 
0.0000000000e+00 
0.0000000000e+00 
0.0000000000e+00 
0.0000000000e+00 
-4.4236203410e-34 
7.1746481373e-42 
0.0000000000e+00 
0.0000000000e+00 
0.0000000000e+00 
0.0000000000e+00 
0.0000000000e+00 
0.0000000000e+00 
0.0000000000e+00 
0.0000000000e+00 
0.0000000000e+00 
0.0000000000e+00 
0.0000000000e+00 
0.0000000000e+00 
0.0000000000e+00 
0.0000000000e+00 
0.0000000000e+00 
0.0000000000e+00 
0.0000000000e+00 
0.0000000000e+00 
0.0000000000e+00 
0.0000000000e+00 
0.0000000000e+00 
0.0000000000e+00 
0.0000000000e+00 
0.0000000000e+00 
0.0000000000e+00 
0.0000000000e+00 
0.0000000000e+00 
0.0000000000e+00 
0.0000000000e+00 
0.0000000000e+00 
2.8819542102e-32 
4.7978293090e+27 
5.8876868625e-27 
3.0698899200e+08 
-2.4791686285e-23 
-2.4290044537e-17 
-6.7311794425e+24 
-9.6083578593e-11 
-7.2139794938e-03 
-6.9598744848e-38 
2.3520766498e-12 
-9.4381527062e-14 
-1.7772629069e+23 
2.3990628719e+00 
3.4205776254e-20 
-1.4335905689e-05 
3.0915541937e-19 
1.0128200329e+27 
8.4918588400e-01 
-1.5519835536e+22 
-4.9873144855e+26 
3.3467040265e-38 
2.6795991511e-17 
1.6564775958e+28 
-1.7853383702e-11 
-3.9650588368e-10 
-1.6471219715e-03 
-1.4579210234e-28 
-2.0083036505e-21 
-2.7089256293e-21 
5.4162392213e+35 
1.4437310547e+04 
1.8443513184e+03 
1.4751657104e+02 
-1.8685176849e+01 
-1.1938949725e+21 
            nan 
-2.2988412000e+07 
-6.9765363191e-13 
-2.3460238436e+21 
1.3205661538e+32 
8.8644390400e+08 
7.8441891125e+16 
-1.7849558604e+14 
1.6435698490e-04 
-5.3010175179e-05 
-1.4250058113e-21 
-3.1939848668e-06 
2.3860605628e+21 
-3.8789425263e-30 
1.6903527220e+31 
-4.7308134769e-16 
1.3262219303e-33 
1.1084663319e+21 
-4.3087096000e+07 
1.0214967687e-21 
-5.8024448051e-22 
-1.6280289739e-02 
-2.3741048974e+24 
-3.9606549106e-14 
4.3959052734e+03 
6.0586843641e+24 
-1.5303103836e-12 
-8.5723591513e+36 
2.1248070299e+21 
-3.1464827114e+37 
-1.9203511677e-20 
6.2225656000e+07 
1.4563486022e+22 
3.3452206535e+25 
-4.4515172704e-06 
-4.0746590308e+19 
-3.6583880471e+14 
-6.6009095870e-24 
8.8590582353e-13 
-2.7599318392e+28 
3.7945073664e+10 
3.5650030373e-20 
8.3072737578e-10 
3.2646449988e-09 
-1.5100287783e-05 
2.9154872612e+38 
-7.2553576456e+37 
-8.3661957052e-18 
2.1166241280e+09 
2.0750972000e+07 
-6.6507544335e-37 
1.1842848438e+05 
5.3760072595e+24 
7.1680963387e-09 
-4.3046983680e+09 
7.5041427320e-38 
-6.4628264474e-16 
6.7523867792e+19 
-7.2901326697e-32 
1.8060754289e+12 
5.8406080000e+08 
1.0844073968e-25 
-3.4989940244e-20 
-3.0026538710e-14 
-4.4876623265e-28 
-1.2707562796e-36 
6.5601590000e+06 
4.7244030575e-35 
1.4239463424e+10 
3.2369668096e+10 
-1.1419314061e+32 
-4.9324280000e+07 
-8.2734459682e+15 
4.6343879837e+36 
-1.9541089535e+00 
-1.6876073176e+28 
7.4418230000e+06 
2.1829088081e-30 
-6.1644179577e+21 
3.4316936676e-34 
-3.9825492160e+30 
2.8923700722e-36 
2.6744444000e+07 
6.3163503303e-18 
1.5354417698e-16 
3.0001978874e+00 
2.4511811137e-01 
-3.5462679527e+16 
1.8546460791e-19 
4.4838471721e-14 
-2.8693571687e-01 
-3.8975512500e+06 
1.8414626716e-14 
4.7300252627e-29 
-9.2948360170e-31 
-2.5971226823e+29 
-4.4535781103e+24 
-4.9041289634e+31 
3.1492943174e+21 
-2.0087148092e+27 
4.1136323125e-04 
7.6004704663e-31 
1.0678402417e+12 
-2.9109459117e-29 
2.3772648926e+03 
-5.8905379840e+09 
1.4706956250e+06 
3.0778004589e-09 
1.9848297349e-20 
1.0508371734e+22 
-3.2017798922e+12 
-5.4821547852e+03 
1.6367219994e-24 
4.2980328498e-12 
1.1774405036e+28 
2.8458232060e-02 
9.8792582059e-37 
-2.2007151657e-08 
5.6621188381e-32 
-2.7024588154e+23 
9.6257424607e-21 
3.0817831148e-37 
-1.1539788142e-38 
-1.0820596934e+31 
-7.7167282491e+31 
3.7370479107e-01 
-2.0159173875e-37 
6.3189232000e+07 
-3.3404504299e+36 
-2.4995987500e+06 
-9.8020576172e+03 
-7.2108692472e+13 
-5.9304761702e+37 
9.5786453544e+19 
7.6922484909e-35 
-1.0453461595e+22 
7.9367523533e+11 
1.9176927570e-13 
3.1437859586e-13 
-3.2323583984e+03 
3.3371768585e+26 
1.0814652000e+07 
7.9318834469e-03 
3.4963603973e+01 
-3.0661421576e-37 
-6.6168556000e+07 
-2.6823596954e+01 
-1.1666834696e-33 
-6.3817365537e-20 
1.4764459037e-21 
-5.1208454144e+11 
9.4440427700e-11 
-4.9412018571e-25 
4.2645611836e+25 
-2.0071342696e-31 
1.7797261963e+03 
-1.0201597748e-34 
-1.9178824463e+03 
8.9675890531e+14 
1.2624510642e-19 
3.7301910056e-20 
1.6158796435e-23 
-6.1854703616e+10 
-3.3105160425e-15 
-9.0892442470e-37 
-1.0752738560e+18 
-1.0331157096e-15 
1.3281326904e+03 
-1.9271640298e-33 
-2.6392420357e+29 
4.9090718720e+09 
-2.1707053371e-32 
4.4086774287e-36 
-7.3479369632e+23 
-4.6013223129e+28 
1.1884660429e-35 
3.2114619091e-38 
9.5007762237e-14 
6.6131633503e-08 
2.0281462768e-17 
-2.1013793945e+01 
6.2336672255e-24 
1.4243743187e-22 
-1.9205829309e+18 
-2.3525488281e+02 
-4.4950028462e-20 
-3.3458816000e+07 
-9.2041391869e-14 
-8.3871186771e+17 
4.9922269027e-18 
2.8138793945e+01 
1.0043950759e+18 
3.4819583062e-14 
-2.6940030000e+07 
1.7800389732e-33 
-3.4840632971e+16 
1.5481752408e+35 
1.0268782710e+23 
7.5264687500e+03 
-3.4260528502e-21 
1.4442692974e-35 
9.9228816965e+32 
1.1651490822e-35 
4.4622205540e+21 
7.6356497096e-28 
1.3202472072e+20 
-4.0836089629e-19 
-2.3213102791e+19 
-1.0999573145e+14 
3.4092002500e+06 
1.9688883382e+14 
-2.2010600078e-22 
-1.8984333347e-25 
2.9441565275e-03 
-6.6828308105e+00 
-1.8257662049e-10 
9.4394361735e+14 
-2.1351902484e-23 
-6.8102243053e-18 
7.6101585707e-22 
6.6349998760e+27 
2.6754612152e+19 
-6.8268128463e+33 
-7.8612995768e+12 
-3.3637453351e+24 
-2.7698680300e+12 
6.9915893563e+13 
1.7329502106e-01 
-2.8128009345e+31 
-2.2030050114e-27 
-4.5610601050e+17 
-1.0820937318e+11 
-3.3042707311e+35 
2.0730196525e+14 
-8.2150290837e-07 
-5.1953330527e-11 
1.9447199461e-36 
4.2228996754e-03 
1.9658144677e-33 
-1.7532202507e-28 
6.1779818913e-38 
4.3827390515e-17 
-8.8387550347e-28 
-2.6374616482e-06 
-3.7489039662e-17 
7.6014509612e+17 
-7.7614206076e-01 
-2.9704444304e+23 
-4.5605319959e+17 
2.5507653809e+03 
-1.2434862982e-26 
-1.1364041828e-02 
-1.9009080505e+02 
4.0371452000e+07 
-1.5055916414e-28 
-7.3788558200e+15 
-1.9145310944e-05 
-6.0357570127e-24 
-3.8706227622e-14 
-1.1122942400e+08 
-1.8077647018e-11 
-1.7331945360e-18 
-1.8673643961e+30 
2.1705168288e+32 
-1.5256101364e+22 
-1.6485887354e+33 
1.8053775420e-04 
2.9117340371e-33 
-4.6696678400e+09 
2.8292527863e+34 
-3.1683221489e-30 
-4.3734956727e+15 
-3.6401430407e-05 
2.1607681659e-25 
-1.7015107650e-27 
-1.3232220875e-09 
-8.8054597590e-20 
-9.5614956800e+08 
6.7520927734e+03 
-1.3567678000e+07 
-1.0008004917e-20 
1.1539343090e-37 
1.2932878422e-26 
-2.1868611845e-32 
4.9140344757e+20 
-1.1332001097e+14 
1.0503228634e-32 
-1.5695208012e+38 
-7.7070981931e-18 
-3.9564482062e-14 
-3.1129781227e+16 
-4.6910256780e+18 
-8.0668911338e-02 
-1.4470136166e+00 
-2.6457996414e-18 
-5.4904658100e-06 
-1.4006315165e+15 
3.6809886806e-03 
-8.4860843685e-08 
-4.8176593750e+05 
1.7456844211e-14 
1.3188286000e+07 
3.2214980106e-27 
4.6036818310e-33 
-3.5100823279e+20 
-3.0327118234e+11 
6.3016247775e-10 
-2.2702646615e-38 
6.5590008000e+07 
1.4619732668e+34 
2.8627284004e-25 
-3.9626173440e+09 
9.4735326369e-29 
6.0793477120e+09 
-3.5664273455e-38 
1.7429188466e+26 
1.8994679607e-08 
-5.3770132606e-14 
-1.5988644649e+29 
-7.5287095613e-35 
5.3994053632e+10 
8.8712366963e+15 
4.5186159386e+30 
4.0584938209e+34 
-9.1198382446e+23 
4.2527808335e+23 
8.4449319722e-29 
7.7903448401e+26 
-2.5852472320e+09 
-2.9544520378e+00 
-9.0929355469e+03 
-3.5089742188e+04 
1.0569694322e+23 
1.3101116700e-32 
-4.1037943719e+22 
-1.0041109709e+11 
-1.2522612203e-25 
3.4408593750e+05 
-4.7931778408e+23 
1.3828029153e+12 
6.1378389350e-12 
1.1912694677e+33 
-5.8697460000e+07 
-1.9395249584e-17 
3.0097246428e-24 
-1.0859512463e+12 
6.9864934150e-12 
8.4734292354e-26 
7.2362461748e-30 
-5.1653945878e-12 
-1.3017428743e-21 
6.7036290798e-13 
2.1754549486e+38 
-2.3807115213e-04 
-6.4127576796e+34 
-2.7971790625e+05 
-2.6033354140e+35 
7.5056138945e+13 
3.7354616166e+26 
1.3575119598e-34 
-3.5958760105e-31 
-6.4201344000e+09 
-1.4325993334e-06 
-1.3848284740e+20 
-1.1664858812e-17 
2.2885757860e+21 
-8.8924149411e+36 
-5.5175902099e+17 
2.1245475769e+01 
-3.2633359084e+16 
4.7618214012e-06 
-7.5887792931e+21 
1.3051500852e-11 
-9.8306191104e+14 
6.7301519348e+31 
2.6445715200e+08 
-9.6581761091e+18 
-7.8121572717e+21 
5.7611300690e-06 
1.8872728944e-01 
2.8272164709e-26 
-2.8231615234e+04 
-1.5189843318e-23 
4.0520527472e-13 
7.9392300000e+06 
7.2609958599e-22 
-5.8956135604e+15 
2.9927186090e+16 
1.5993302629e-28 
-7.6742792969e+03 
-8.4688630156e+27 
-8.7397087180e-13 
6.0754927145e+27 
1.4168542000e-18 
-2.3117893306e-06 
-1.2999852558e-14 
-3.6421879401e-10 
-5.0890450257e-28 
-9.8667258862e-04 
1.9502931511e-38 
-4.0385473520e-02 
-6.8141668477e+25 
-4.5187151140e-14 
-5.3361248989e+29 
1.5442356129e-15 
3.5495764480e+09 
-6.1035690675e+31 
8.7603013417e+16 
-5.2544113402e-14 
-4.0843480595e-33 
-4.5635682253e-23 
-4.3927714860e+15 
-2.0477977092e-09 
-2.5718522089e-35 
9.0863122582e-10 
7.5105071494e-39 
3.7748639068e-33 
-6.7438792349e-22 
-1.2192682272e-23 
-2.0746148302e+15 
5.3695879655e+29 
4.6086729168e+19 
-1.3234586208e+35 
-1.2560555094e+29 
1.7505582400e+08 
1.9086075026e-35 
-1.3320843528e-15 
-1.1766860634e-01 
-7.1600378418e+02 
6.5432056785e-02 
-3.9592684701e+34 
9.0024783564e+21 
-2.8458039753e+36 
-2.6940820012e+31 
2.8023416990e-27 
-1.4702896198e+27 
-7.8348581601e+12 
4.7775461429e+35 
5.3359728640e+09 
-4.9474985586e-19 
5.0006399155e+00 
6.7007183585e+12 
-3.1089924201e-14 
7.4210392995e-06 
6.0940921307e-01 
6.6136588948e-18 
1.5257696875e+05 
-2.5646356445e-26 
-1.5914486742e-11 
-1.9737366199e+24 
9.0723767614e-38 
1.4747062315e+26 
-3.4966501929e-37 
8.1213249230e+24 
-1.0494647656e+05 
3.0338832844e+34 
3.2682355628e-13 
-7.6830907858e-08 
-3.1712357649e-28 
8.4145472418e+26 
-3.2474748790e-02 
-3.2095936550e-16 
9.7765107057e-05 
1.5870561148e+24 
-6.7188790000e+06 
-1.0856032662e-21 
1.1377581092e-24 
1.7950173353e+37 
-3.7736064940e-08 
1.2579103333e+33 
-1.2084050330e+11 
-4.1387393750e+05 
3.3766907456e-13 
-6.9670787500e+05 
-1.7140661291e-17 
-4.5250870000e+06 
-2.7390584422e+11 
-1.7468904101e-09 
1.0812727915e+18 
-4.0615439360e+09 
1.1751011840e+09 
2.5768396306e-09 
-3.8991547324e+31 
-1.9470914481e-07 
-3.3772640467e-28 
5.8805676474e+23 
9.3246048971e+17 
9.5468953214e-36 
1.2723556872e-29 
9.0939533946e-39 
-5.4837538169e+36 
-4.6622592624e-17 
2.6168480760e+14 
4.4638410054e+21 
-5.0841995182e+12 
-4.1204238281e+04 
5.5034255727e+19 
-6.8691610829e+12 
-1.4445086138e+32 
4.6722362581e+30 
-3.5435629843e-21 
-1.6786708662e+26 
6.8300371200e+08 
1.6613447791e+33 
1.5334846720e+09 
-2.4095037121e-18 
-1.4338945858e+25 
2.6861551507e+25 
2.6819973861e+22 
-4.6037189572e+19 
3.1378502550e+33 
-4.8280835556e-32 
-6.2994501632e+10 
5.0994897165e-21 
-1.5950325458e-32 
-4.1567117506e-16 
4.3508554138e+11 
2.4785446750e+18 
4.1497676284e-04 
1.0444672821e+22 
-8.7451646473e+36 
-2.3290181107e+21 
-1.5826749000e+07 
1.5697328346e+15 
-7.0294413673e+20 
-1.4367394306e+19 
-3.8121976074e-33 
8.2535294045e-17 
1.3528218079e+02 
-4.8564682719e+31 
2.1114058793e-01 
3.1109684209e-15 
5.5020639903e+21 
-3.8447577291e+35 
-4.6057128042e+23 
-2.5978774487e+13 
7.9359437375e-35 
-2.1304674333e-14 
-4.4485683719e-34 
-7.9295940399e+00 
-1.5925078594e-34 
-6.1038161719e+31 
2.7154002229e-16 
-4.9025852105e+28 
-1.5304194386e-21 
8.8791894524e-29 
-1.4264515788e-23 
-1.1040238900e+26 
-1.2790144451e+27 
-1.5587940658e+21 
4.4918199545e-15 
3.7921194292e-33 
1.3360277347e+32 
-4.0416215628e+30 
8.2120388746e-02 
2.3438467167e-08 
-2.0941378963e-32 
2.4621960256e+20 
-5.9843849661e-19 
1.0823723350e+21 
2.8195727306e+27 
-2.1151821614e-12 
-6.0026167148e-08 
3.1090536118e+00 
1.4865212314e-25 
-4.6842522916e-35 
2.5135095808e+11 
8.3637691107e+28 
3.6104393196e+12 
-1.5871122837e-28 
1.1311422713e-04 
-2.2031935387e-08 
-1.6456536925e-13 
-8.7551523516e+27 
3.7915195237e-23 
-4.7919059865e-24 
9.3463464045e+33 
-4.0209328967e-23 
5.3812645888e+10 
-1.0674460800e+09 
9.5146656754e-18 
-3.4518199331e-35 
3.4922043773e-36 
-5.2985249172e-32 
-5.0692712661e-33 
-2.2044057027e-02 
-1.7404305481e-06 
-3.0507819364e+37 
2.1360773389e-29 
9.8689233503e-19 
-1.6059911407e+36 
2.2929326864e+26 
1.6361350674e-07 
-1.0902195984e+23 
1.9887705555e+13 
-8.1508422852e+03 
-1.2277117976e+38 
8.9458473573e-40 
-6.5733788591e-26 
3.1547024502e+25 
3.7358152984e+24 
-6.4898682567e+31 
-2.2548111456e+22 
-1.8492212468e-34 
-3.4900998395e+23 
6.7245929801e-16 
2.2035698278e+32 
6.1654245755e-38 
5.9551502336e+10 
-7.4438027298e-08 
-3.1815445866e+33 
-2.4137272181e-09 
2.2208593145e-04 
2.9963352500e+06 
-1.2743013376e+10 
-2.8847007334e+13 
-1.2491680384e+00 
-2.4946711682e+30 
2.9580264282e+02 
2.4629114000e+07 
2.6363352500e+06 
-3.1758795922e+36 
-2.5256036830e+26 
-2.6200792500e+06 
4.7490781184e+10 
2.2738879305e-23 
-3.0512826242e+25 
2.7126825341e-27 
1.7297495312e+05 
-4.1991381255e-18 
-2.5028725948e-36 
-9.2757480000e+07 
-7.2479204123e-19 
1.5369881765e+27 
3.7464447815e-20 
-3.8742090240e+09 
1.6407635884e-12 
-6.5603517838e+23 
-7.4604792315e-34 
-1.3599660899e-29 
4.4318953156e-01 
-8.0673174739e+18 
-2.3151335449e-12 
-1.4461230400e+08 
1.4677092620e+34 
-7.8027924246e-06 
-5.8762091064e+02 
-6.0394690372e-03 
-6.9852268490e+24 
9.7704541875e+23 
-8.4213970301e-24 
-4.5564652282e-06 
1.9539422647e-04 
2.3889535626e+22 
-3.2223774853e+18 
-2.9139988576e+32 
1.9173279642e+18 
-1.3774146174e-33 
6.3976896003e-10 
-4.4921985714e+19 
5.7508575830e+22 
1.6122768798e+20 
-4.8055538485e-19 
-2.7023587707e+25 
-3.7597237268e+35 
-6.6119770827e+17 
7.2410727323e+15 
1.2750371715e+22 
-1.2707370323e+35 
1.8886077147e-09 
-2.9832954426e+26 
1.3955972139e+24 
-1.0584375737e-10 
3.3904940990e-37 
2.5077961426e+03 
-2.2673420977e+18 
-2.2692524362e-03 
1.1095347656e+05 
1.2029919069e+17 
2.7346752307e+11 
7.2919447388e-25 
8.8772980785e-38 
-9.7859048000e+07 
-1.3821872027e+28 
-8.8446128622e+27 
-2.4481813958e-30 
-9.3712420670e+36 
5.5092983470e-28 
-2.8455746717e+31 
-3.6295195992e-31 
-6.9897484446e+31 
1.3394727220e-23 
6.0587989612e-18 
-5.6790827250e+23 
3.6462516128e+27 
-2.9454256735e+23 
-2.8426171411e-05 
-1.6992876250e+06 
-2.2815808640e-15 
1.5082186958e+35 
-7.9058920165e-30 
7.6435542515e+24 
-3.5102966463e+25 
1.4683959826e-08 
-1.9057397439e+19 
2.7667428257e+36 
2.4389223958e+27 
-4.8095065210e-26 
-1.0158942618e+24 
-8.6900688034e-11 
-2.0849018000e+07 
-4.9225596013e-04 
-1.8022956250e+06 
-6.8709527847e+13 
-4.8948866099e+16 
-3.4997886121e+19 
-2.6775683038e-31 
-6.0733160353e-05 
-6.9274737822e-16 
-2.4672893936e-12 
7.1271148169e+32 
1.3142814614e-10 
-5.6892779376e-10 
-1.1848775650e+30 
2.8736033547e+25 
1.9719488557e+34 
-9.9624487891e-36 
3.7053014400e+08 
-9.8671749942e-21 
3.7472226103e-29 
-1.6361260212e-26 
1.9411352620e-22 
-2.4851583294e-04 
1.7459377856e-13 
4.9081406024e+30 
-1.3852887750e-13 
6.9402657181e+33 
-1.8315203770e-28 
-9.5236840237e+36 
-3.8982277120e+09 
7.3170725955e-05 
6.8596477509e+00 
-4.7653759048e+35 
-2.1953891763e+15 
-5.1125964355e+02 
1.6918080987e+28 
3.0592775322e-24 
-9.4361785889e+01 
1.2248687851e-18 
-6.8089042969e+03 
-1.3874132524e+33 
5.4713892864e+10 
-3.2408043479e-36 
4.9563322272e-18 
-9.2499785829e+23 
-9.8798098940e+31 
-2.0509047896e+20 
-1.8450640366e+31 
2.9511688351e+34 
1.1154017346e+21 
-1.2117274334e+37 
9.7758246894e-20 
-1.9845722550e-16 
2.5970329285e+01 
1.2675275000e+06 
-5.1951387500e+05 
2.2279558470e-04 
3.5042607104e+10 
-2.3443841553e+02 
4.3841776000e+07 
-2.1962390000e+06 
-3.1200041994e-02 
4.3240279413e-11 
1.9793342690e-32 
-5.9275131226e+01 
-2.3029439189e+26 
2.1876066956e+15 
-7.5170010328e-02 
1.6180245504e+10 
9.6774188663e-09 
-1.1582595841e-26 
9.3874155611e-38 
1.5237507410e-02 
4.8239395840e+09 
-2.3470603992e-05 
-1.3620696875e+05 
1.0295047252e-19 
2.9214106413e+18 
-3.2999608049e+31 
1.2408548438e+05 
4.5083244842e+26 
-7.5062589784e+13 
-3.2968948460e-08 
-2.1160164098e+30 
-1.3372241980e-08 
-1.9160811238e-27 
1.6227832154e-37 
4.7962425938e+27 
5.9297213654e-21 
8.8383475079e-27 
9.8927742210e+32 
2.3303383667e-09 
-5.2524746094e+04 
-9.4103019714e+01 
2.2944708141e-26 
1.0604906808e-21 
-6.8856386544e+31 
1.1363817596e+02 
-5.1094154240e+09 
3.1446378231e+00 
-9.0291195085e+11 
2.6296581268e-07 
4.2449341001e-38 
5.4034065055e-24 
1.1393498744e-30 
1.4740384103e-37 
-2.7887344969e+28 
-9.1919640166e+12 
-7.5004175528e-20 
5.0237094724e-33 
2.9291388405e-26 
-9.9102571130e-29 
-6.1784386332e+14 
5.3619254301e+27 
-9.3689274761e+22 
-3.7844246094e+04 
6.2373116000e+07 
1.0951865957e+15 
-1.1406395327e-31 
-1.2392114520e+16 
-1.6006167775e+36 
1.1477977854e+37 
1.1051177773e+30 
-1.9205857510e-22 
-4.9360681695e-31 
-4.8906417895e-26 
5.7544866650e-08 
-5.7784369456e-28 
4.6617382812e+02 
1.3116296032e-06 
-1.7825271200e+30 
-3.2449314161e+12 
2.6194199871e+19 
9.3751987597e+19 
-4.3058092442e+11 
-6.9484641114e+31 
4.6643905122e-34 
3.9944029471e+12 
-9.7541280984e+23 
-3.4738239947e-15 
1.6999167856e-03 
-7.4805982410e+36 
-7.5029236023e-38 
4.8336636000e+07 
-7.1321161606e-19 
-5.2108300510e+22 
6.2380303830e-13 
1.6667443467e-11 
2.5797182515e+14 
-1.8128884493e-27 
6.1871622061e-32 
-3.2650382915e-24 
5.0605746997e+32 
-1.0756728443e-04 
3.4465715973e-37 
2.7290381066e-09 
4.3866563715e-07 
-2.9891207886e+02 
-5.4587828243e-18 
-1.7098616321e-18 
4.0110304411e-08 
7.8999896305e+27 
4.7462461532e-33 
-4.5200818561e-38 
3.6408395386e+02 
-1.3358075619e+00 
-6.6534855403e-10 
-2.1926868903e+16 
-5.6024824000e+07 
3.1755953100e+16 
-6.8461019696e-29 
-1.9187226169e+14 
1.0020459101e+35 
1.1328619109e-07 
5.2363156011e-37 
-7.1520602703e-01 
2.6240871094e+04 
2.0124270250e-08 
1.1070337678e-05 
-7.7613815654e-21 
1.2549083913e-03 
2.1926266000e+07 
-4.4969078794e-35 
1.7795962037e-08 
-5.9023022461e+02 
-6.2500630559e+37 
1.3008067940e+36 
-1.7995323082e+19 
4.8693023897e-14 
-4.7711969608e+13 
-1.0682416000e+08 
-1.5414914046e-34 
-1.9027169786e-22 
-3.6610583278e+22 
4.3098206066e-35 
-2.9815161073e+32 
-5.0403314898e+15 
1.1556039007e+18 
-1.1747614792e+32 
-5.5379256586e-27 
7.1545567236e-25 
-6.4203171730e+00 
4.7580486218e-09 
-1.3844890461e-28 
4.3238373927e+20 
1.7581161876e+30 
-1.7409583757e-19 
-6.3594808617e-28 
2.2536168434e-29 
-1.3534952621e+32 
-2.2754780579e+02 
-6.0872913832e-31 
-8.2470286675e+36 
-2.5437339416e+31 
-6.7800381250e+05 
-1.4249705993e-39 
1.8973955438e-23 
2.6729041773e-31 
1.8732661381e-02 
1.2845531702e+00 
-3.6335786752e-30 
-4.8504883331e+20 
3.4952484961e+33 
-1.6642983879e+32 
-6.3041207613e-04 
-9.1987403506e-29 
-2.6832968090e+12 
-6.6516501295e-33 
8.6816213863e-19 
1.9913644617e-20 
-2.5900399692e-07 
4.7612386517e-37 
-3.5965957730e+20 
-6.7246388853e+16 
4.5131606609e+30 
-1.5417093120e+09 
-8.0515277618e-24 
-8.6706170022e-11 
1.0765339801e+27 
4.2293510144e+10 
-8.7822467084e-17 
5.7502171148e+20 
-8.6440858688e-21 
-1.5364918259e-16 
4.3888667903e-42 
3.0823171216e-38 
2.0411590869e+18 
4.9673034876e-16 
1.4773125854e-20 
-1.6942925605e-14 
3.7909408785e-21 
3.7226283379e+18 
1.5908122657e+15 
2.7903358369e-27 
-5.5199417524e+31 
-6.9905012887e-19 
9.0854555310e-06 
-4.5799557739e+25 
-1.2855761242e-14 
6.5761541919e-06 
-2.2800058286e+12 
-2.5970016009e+29 
-4.5596365794e-08 
-1.6009146637e-37 
2.6966679225e+33 
-2.2101685387e+24 
-1.6892781544e+17 
8.8536983282e-23 
-7.8992999113e+24 
-9.2621981250e+05 
4.0328817704e-05 
-9.7630670215e-10 
1.7303983188e-36 
-6.2422011364e-19 
3.4963060793e-24 
-3.1939759003e+38 
1.8683569598e-37 
-2.0839336719e+29 
-4.2695526476e-13 
-6.3883914520e-37 
9.4282793990e-17 
1.0235902270e-25 
1.3729389202e+28 
2.1081498289e-06 
-2.2897431788e-35 
-1.2860732143e+38 
-6.7002583819e-05 
            nan 
-1.4533547633e+16 
4.0499912414e-26 
-2.5440937984e+10 
2.5324005588e-13 
-8.1438299508e+24 
9.9444180727e-01 
            nan 
1.8326436254e+26 
-1.7114701340e-27 
-5.0432152676e-08 
2.8031908762e+18 
-1.0747856225e-14 
-5.4176736744e-27 
-1.5618203406e-06 
-5.4492533174e+22 
-8.9545570000e+06 
9.3713678991e-33 
-2.2742820717e-29 
-1.1522274144e-04 
-4.5387410991e+27 
-2.6537693352e+38 
-5.2653877761e+15 
-5.8041225565e+22 
-1.3807727555e-05 
-3.5157273678e+25 
-8.6909281674e+27 
-4.4105280191e-02 
4.3418944675e+37 
2.5887333322e-03 
1.8886449870e-38 
8.4555623599e-20 
2.0793571738e+11 
-9.8029241631e+12 
-1.1840002371e-20 
1.5552518181e+26 
-8.2656557301e-30 
7.9687476562e+04 
-8.7414279429e+19 
-2.1342365065e-32 
6.0003026207e+12 
1.3011483383e-21 
2.3718295312e+05 
-1.2076864550e-05 
2.3701532364e+01 
-1.0565644974e+18 
2.6131100710e-31 
-1.2352988089e-28 
1.3053041043e-25 
-4.2929604002e-26 
1.9011440880e+29 
-1.1095853454e+37 
-1.5314862267e-08 
4.4404312113e+13 
1.0775788315e+36 
-2.4735762358e-22 
-3.9512138240e+09 
-1.0629739967e-24 
5.7625703839e+30 
-2.2945213986e-28 
4.4474285215e-30 
5.5064973979e-30 
-3.9822952471e-14 
-1.0804973841e+00 
-1.1985344977e+31 
-4.2214647192e-27 
-2.2950209983e-13 
2.7583086981e-33 
1.1035923064e+32 
2.7025024823e+24 
6.9119773144e-15 
-3.8138343371e-05 
-2.7217595342e+28 
1.2147580892e+23 
-4.3282392718e+35 
2.1728554962e+14 
-3.3493999616e+10 
2.7715583074e-21 
-1.3155728546e-26 
-3.1885867188e+04 
8.7039460938e+04 
-6.4841501858e-25 
-4.2538702053e-13 
-3.0941204168e-03 
5.4653604054e+24 
6.5154184270e-09 
-7.7041801311e+14 
-1.7826456491e-35 
5.0863513710e-18 
-9.3496009868e-06 
3.1671399860e-27 
3.5415396714e-19 
-7.7790197198e+27 
5.3996569199e+20 
-3.9847873692e+18 
7.9743907513e-20 
2.1840599383e+36 
4.9148675537e+18 
-9.1354243022e+23 
-3.5978914070e-08 
7.7070701167e-14 
-3.7535922662e+29 
4.2997758139e-18 
-5.0382024115e+25 
5.4637023794e-09 
-3.0644856000e+07 
-7.9861246049e-03 
4.0458022400e+08 
4.6741439819e+01 
-5.7945309889e-19 
-3.2587868333e+35 
6.4144040941e-23 
-2.6489755074e+26 
3.3966068993e-37 
1.7350631565e-12 
-2.9956472441e+25 
-1.1426102425e-10 
-1.1880347878e-01 
-2.3306786632e+38 
-9.0547244485e+35 
2.2915260416e+11 
-9.7673282907e-27 
-1.2221757000e+07 
-2.0244107207e+31 
3.9173690875e-13 
-6.5654113639e-26 
-1.5316702984e-12 
5.1230703231e+33 
-1.1390131896e+12 
-6.1888378514e-36 
-2.1149583991e-32 
-1.3995914344e+31 
3.1541611894e-37 
-4.6815157306e-10 
1.1413597916e+24 
-8.3513705772e-16 
-4.0546163250e+23 
-9.0856819681e-13 
4.7058050771e+15 
2.1007087588e+26 
-1.2993047656e+05 
-3.6494747224e-09 
-2.5735067075e+12 
5.6839216501e-02 
5.2208035747e-27 
2.6134456414e-20 
5.3909161750e-25 
-3.4031642742e+36 
9.0301629022e-12 
-1.6008691921e+38 
-2.6545002082e+22 
3.3552788664e-03 
4.8211753600e+08 
-1.7663162132e-28 
-1.1101303830e-27 
1.6736768820e-21 
-2.2487938404e+00 
1.5448489113e-13 
1.7052137629e-24 
7.3529765941e-03 
4.4545585000e+06 
-4.2490762598e-17 
-2.8185268008e-10 
-4.5619250987e+13 
2.4528145817e+35 
-3.7462455770e-30 
5.6734530517e-05 
5.5113135791e+18 
-2.3024178551e-21 
1.8358149120e+11 
1.6381809570e+04 
-9.7318512932e-36 
4.4288421863e+27 
-6.8439739449e+32 
2.3501126934e-20 
2.6373799387e-30 
-1.0233045402e-16 
1.2779470717e+13 
5.8546476883e-26 
-5.4918811657e-03 
1.2507527905e-30 
-2.0348626917e+36 
-2.2472282677e-37 
-5.0511317576e-17 
1.4748146623e-36 
-5.7981365804e+18 
-2.5190229745e-20 
-6.6123791776e+16 
-4.8851977248e-26 
-3.1359025594e+31 
1.2948818916e+27 
5.6924047852e+03 
-2.2446942272e+38 
-2.2040897627e+32 
7.8817838757e-13 
-2.3401126518e-30 
-3.8145334003e-08 
-1.1291452789e+02 
2.2720449925e-13 
-7.5982522203e-33 
6.8338208194e+16 
9.4286666366e-32 
4.5745682633e-13 
-6.8698255493e+22 
-1.2617117612e-37 
1.7094734848e+10 
-1.2046096474e-01 
-3.7946147796e+36 
-1.2941922707e-11 
-3.1178947200e+08 
3.9918872500e+06 
-1.3426493237e+15 
-8.2147148831e-30 
-3.9877307543e+33 
-6.9978158006e+13 
-3.8105716371e-30 
-1.0592458880e+09 
-1.5773629268e+33 
2.1094840931e+35 
1.3402429000e+07 
1.3425595281e+23 
8.2863317630e-07 
8.9388759647e+33 
2.6985871870e-10 
-5.9981242139e-22 
1.4841567824e-34 
-1.5234644707e-30 
1.9282082974e+25 
-2.0236012190e-33 
7.8273643567e-07 
2.7004026000e+07 
-3.3267739556e+34 
-4.5928664269e+11 
5.0892245973e-10 
            nan 
2.0019924910e+29 
-1.9923231226e+15 
-1.1424572325e+19 
-5.1065575796e-33 
2.2768316798e+36 
-8.2879930368e+10 
-1.2917807617e+04 
5.7579814911e+01 
6.9119853780e+20 
-5.8322149442e+13 
2.9059415435e+17 
1.5324410185e-08 
1.3275978565e+00 
-1.0806149920e-29 
8.5166490316e-37 
-1.2481508777e-02 
1.7640101543e+31 
2.7254610709e+35 
5.9999645252e-09 
6.5024801678e-14 
-1.1850508925e-36 
-1.8425081384e-29 
-4.5116293120e+10 
1.3493417802e+19 
2.6105842017e+16 
2.0309642856e-11 
4.0149250000e+04 
-7.2841619917e+15 
5.7226889946e-34 
-3.9168848720e-10 
3.9812253906e+04 
-4.3256993543e-09 
-8.4869851414e+34 
6.9378672836e+23 
4.9835388436e+12 
3.2321144095e+12 
-2.5870337049e+13 
1.8576388754e-17 
4.8068772254e-23 
-1.0733228499e+16 
-3.1639401900e-36 
5.9080937716e+29 
1.2417802342e-09 
-4.0347938213e+22 
7.4841832731e-10 
4.9043427257e-24 
1.9635659555e-05 
9.1873840332e+02 
-1.8348018925e+19 
-2.5899320833e-22 
-9.2595029348e-27 
2.3680642147e+38 
1.1743418383e+20 
5.9024241588e+18 
2.8405881128e-19 
-2.7159053254e+21 
5.6974249218e+34 
6.7712428955e+37 
-4.9319295719e-18 
-1.6315081481e-37 
2.0492861995e-38 
4.6709163426e-34 
9.0129318414e-04 
2.6909566119e+35 
6.3436500992e+10 
6.0734517030e+30 
1.5865853553e-12 
-7.4425395049e+25 
-8.2742108993e+36 
2.0565864289e-10 
-7.8412202148e+03 
-4.2602319242e-12 
-2.1023029780e-13 
-1.7274639293e-13 
1.7587587618e-23 
2.0836231995e+02 
-4.7401417655e+27 
2.0227601250e+06 
-2.6976184743e-19 
-2.6101415841e-34 
-5.2623972243e-24 
-6.8924594825e-23 
2.4880092283e-28 
-1.7247283738e-36 
2.2915110385e-31 
-5.6478441715e-12 
2.8738822927e-27 
-8.2984088068e+32 
-2.6388598784e+10 
1.4948889553e-30 
9.2102584365e+17 
-2.6143540972e+19 
-8.0552880974e-33 
-1.5035667276e+24 
-2.8288714764e-25 
5.9058759680e+09 
-1.7167539241e+12 
-1.6038432604e+12 
-1.1245833671e-14 
-1.9922247632e+31 
-1.0734895786e+14 
5.8609610408e-26 
-1.3001441764e+21 
-1.8219886931e-35 
1.7609625000e+04 
1.9727537695e-26 
6.3133777920e+09 
-1.3998524000e-29 
            nan 
1.4575352753e+29 
4.7794185638e+01 
6.2391163110e-17 
9.2186071104e+35 
-5.3322892267e+19 
-2.4222535639e-30 
-5.1602722168e+02 
4.6538915054e+13 
-4.7418427734e+03 
3.0965628000e+07 
-6.9521561600e+09 
4.8141725983e-07 
-7.8327260508e-31 
-1.3989863917e-02 
5.3304313600e+08 
1.7627185616e-39 
-5.8591113574e-18 
6.3812065280e+09 
-4.3235408309e-11 
1.4990499324e+22 
2.6987921401e-18 
-8.6569808960e+01 
2.6905597156e-20 
3.3716954206e+25 
-4.7481233535e+33 
1.0054489186e-10 
1.9606663168e+10 
1.4520680448e+15 
-3.0452680148e-30 
3.9695133664e-17 
8.3137322272e-21 
-1.3411477277e-38 
1.9630069379e+22 
-1.3962907251e-03 
-1.1339093280e+30 
-1.7203979706e-22 
2.6617675639e-24 
1.3041269491e+35 
-1.1807459242e-36 
-3.3385061233e-34 
            nan 
-1.4478655326e-29 
5.4616271093e-32 
-8.5307660230e+18 
-2.8894369141e+04 
-4.7211256623e-01 
-6.3858627587e-12 
5.2708420753e+00 
3.6146564135e-30 
2.7492180495e+18 
3.9376683903e-31 
2.9068824171e-12 
1.4222612113e+31 
-3.9563163857e-30 
-2.0147109391e-25 
1.6924919846e-37 
1.0122978671e-35 
-2.9487945168e-20 
2.6734552500e+06 
1.8058188720e-29 
1.4266670400e+08 
-5.9230559586e+33 
1.5965110699e+16 
-3.3956203857e+17 
1.4854980532e-29 
-1.5387624502e-01 
4.7098545285e-22 
7.6119999429e+23 
-3.4899782685e-26 
-3.8611680148e+25 
-4.5190948924e+25 
1.4547616719e+35 
2.2366803421e-35 
3.7892885555e+37 
2.3796180304e-11 
-2.1320250952e+27 
1.4905732907e+26 
-4.4809971705e-12 
7.2186287371e+36 
1.5162412534e-17 
1.4172974884e-30 
-4.5527478064e+24 
-2.8736143491e+13 
2.2870860759e+12 
-5.1324188226e-33 
-9.1035595703e+03 
2.6676751919e-09 
-1.8807168306e+31 
8.3311947940e+12 
8.9719515017e-06 
-1.2219474835e-13 
-2.3956225892e-09 
-5.9740297852e+03 
-1.9955928525e-14 
-7.8093307085e+11 
1.4305593471e+28 
1.7042688848e-32 
-2.7268134101e-21 
-2.2622905465e+33 
6.0192679480e-20 
7.8327255882e+29 
2.4687620386e-22 
-3.7137208548e+23 
2.4836440424e+35 
9.4625900000e+06 
-3.4138174014e-17 
            nan 
2.0942096875e+05 
1.9877854285e+27 
-1.2451127568e-16 
1.0278237450e+30 
6.5035771968e-07 
1.7897558864e-03 
-5.7957292452e+34 
-5.5689879749e+13 
-5.0456364800e+08 
-1.7801031938e+25 
3.3508252355e+26 
-7.7608484375e+04 
-1.2385341826e-23 
-5.5888908386e+01 
-1.7914490078e-16 
1.7190547943e+01 
2.2298522624e+15 
-5.8687510881e+32 
-1.1892630888e-27 
6.1030204218e+26 
3.1909122223e+20 
2.8904648704e+10 
2.1574860903e-14 
8.6669808000e+07 
1.0510281600e-32 
2.4330361157e-06 
1.4046364887e-21 
-2.1709990234e+16 
-1.1481743556e-08 
-2.4845644359e+36 
-1.9129149258e+37 
-4.5127017224e+29 
3.7639887258e+11 
-4.8729127400e-08 
7.3231203566e+25 
-6.4250590010e+20 
-3.9666843616e+31 
-4.0269213474e-14 
5.5790608056e+12 
-4.0055842486e-14 
-1.5502259358e-15 
2.7648087553e-07 
8.1817996502e-01 
-2.5402083162e+24 
-1.4609766658e-03 
3.5796290893e-29 
-5.7405941193e+33 
-1.5799773785e+16 
5.0434486339e-21 
4.9775302734e+03 
1.3500169734e-04 
4.0308720867e+22 
-7.7103763374e-08 
1.3664689704e+32 
-3.1442287966e-19 
-8.2075523115e+14 
-1.1197293101e+18 
-2.3241212800e+08 
-4.4555621233e-22 
-3.0507397823e-12 
5.5478180002e-05 
4.6133535928e-31 
-1.0631288256e+15 
-1.7342748856e-19 
-1.7192150019e+27 
-9.0312878418e+02 
3.3348474062e-06 
9.0035587500e+05 
-4.0025670808e-32 
-9.0405419565e-26 
3.8509861038e+25 
-8.3399872000e+08 
-6.1549066631e+18 
1.2421167695e-27 
7.0900863647e+01 
4.1852616840e-30 
-1.9108431931e+20 
-4.5381226167e+26 
9.0300103520e-37 
-2.9915032959e+02 
-2.8228541834e-23 
-2.7102065360e-05 
3.7422258088e+14 
2.1138382115e-13 
1.9769220895e+30 
-3.5977699211e-23 
-1.0369464426e-35 
1.5266149376e+10 
3.2345838940e+16 
-3.1187782078e+21 
6.9574856579e-34 
-1.4525037500e+06 
-1.2863988896e-15 
9.2976159668e+02 
-4.3091986084e+02 
8.9573939022e-07 
-9.1133753322e-11 
-3.5792727145e-16 
-2.0930334133e+19 
1.1524940073e-35 
-4.6145833003e+17 
-7.6172064000e+08 
-1.4097416431e-21 
2.2661961185e-18 
-6.2975957782e-09 
2.5112194160e-22 
7.1118533611e-01 
2.9364995428e+35 
5.1815214293e-25 
-1.2901121673e-34 
1.2365939869e-11 
7.2444846712e-28 
3.2263544355e-27 
-8.7456628418e+02 
1.0590888656e+21 
-3.6009728319e-06 
1.2819961626e-07 
4.0033650213e+13 
-1.4443738631e-13 
-1.0049259799e-05 
-1.9807599977e-23 
-2.0366032077e-29 
2.8193109756e-05 
-1.3720513502e+23 
5.4392292954e+23 
-7.0809810152e+25 
4.8569991112e+30 
-1.1819334119e+21 
-8.0757697730e-22 
1.8198879088e-23 
-8.5170004240e-06 
6.3688709417e-08 
-4.0936031145e-35 
-4.4846074077e-10 
1.1813225614e+32 
1.1606528000e+11 
5.3779140084e-37 
1.2782446875e+05 
5.3917967313e-11 
5.0838222656e+04 
-8.4227889562e+11 
-1.5732038210e-20 
9.1289175000e+05 
2.3475059282e-29 
1.6765642658e-37 
1.2067455397e-35 
7.2926901142e+35 
1.8509192765e-01 
4.1788470067e+11 
2.3164516434e-14 
-1.9596352345e+36 
-1.5600568199e-28 
4.5807028736e-30 
-2.0690859076e-32 
1.0753090152e-07 
-1.6859104737e-29 
-1.9572914232e+14 
7.7247765461e+34 
-1.3414656114e-25 
-1.6574314548e-16 
4.5765512397e+11 
2.1313933031e-23 
4.6530498366e-05 
-7.0340143131e+17 
5.5072162108e-11 
3.1817944588e-38 
1.5548249276e+13 
-5.4390679142e+11 
7.5637229993e-24 
3.3224927392e-36 
-3.9741663933e+00 
6.5724542364e-03 
5.9227601761e+18 
-3.3332951323e+28 
-3.2897430590e+35 
-1.4273844001e+36 
-1.6523473432e+29 
-9.3498543174e-26 
1.3678523261e+15 
3.7991546969e+28 
4.0749004111e-03 
7.0204837488e+15 
-5.5944065852e+22 
-6.6452574031e+19 
9.7780746460e+01 
-1.3283032790e+32 
1.3422415956e-10 
-5.5127587500e+05 
-2.2809107006e+38 
-1.1969356062e-10 
5.1154447345e-10 
5.6734330775e-12 
7.5650203587e-20 
-9.7628005729e-36 
-1.2626985925e+34 
-3.0928704834e+02 
-5.1110742188e+04 
-6.7603397990e+33 
1.1228940964e+01 
-3.6875451915e-03 
1.0275788043e-07 
-7.7710866928e+00 
1.5632268585e+34 
1.6192472096e-16 
9.7940273313e+14 
-1.0030548915e-14 
3.6693661628e-26 
2.0468351160e+15 
-1.0122348438e+05 
2.9233617503e-18 
6.9754042460e+23 
-1.2574021429e-35 
5.0756369648e-31 
4.4281966447e+15 
-4.0931702441e-28 
-2.4247333868e-30 
7.5414695783e-26 
-9.7629018874e-26 
-3.5955463867e+03 
1.0597193204e-15 
1.5956878964e+17 
4.9063366703e-08 
3.2432705435e-37 
-3.8315559649e-26 
-5.9506482086e-27 
2.0260777839e+34 
-1.3671079636e+01 
3.9038939576e-05 
-3.4611761680e+15 
-5.2687248230e+01 
-4.6732954283e+29 
3.9258872000e+07 
2.0373020049e-26 
-2.2731682658e-01 
-1.3536391780e-02 
-5.7677740345e-28 
1.5326021713e+16 
4.2571464233e-26 
1.6871871094e+04 
-4.3420911403e+15 
1.4561182708e-23 
-6.7443321042e-22 
7.9603610444e-18 
-1.0196723465e+15 
-1.6649950249e-29 
7.8818538068e-13 
-5.9783178225e-21 
4.2629046940e+14 
9.3997275546e+11 
-3.7046989799e-29 
1.5170497354e-03 
9.4930094145e+37 
-2.7735948168e-14 
-1.3255597500e+06 
-6.5267850781e-18 
5.5743801949e-23 
-1.3814625068e-21 
2.7667997214e+17 
4.9546258022e+11 
5.9864921909e-09 
1.1274243258e-12 
-3.0387907468e-11 
-1.5911685547e+04 
-4.1729217871e+32 
3.7567222148e+22 
-5.2401138068e+22 
2.1161391487e-05 
-1.1736998526e-11 
-2.6744547892e-26 
6.6369314194e+00 
1.1354596615e+00 
1.2535083178e-35 
-4.1818352640e+09 
-4.6068206799e-24 
-2.4941985805e+36 
5.5058839432e-11 
-1.4112990270e-36 
-7.6411637906e-08 
-6.3030292011e-25 
9.8587953561e-35 
-3.3106508143e+17 
5.7938035869e-19 
-1.2234947656e+05 
-2.1575064957e-01 
4.0872058594e+34 
-4.5376528054e-02 
-7.1655493383e-37 
1.9450321978e-30 
-1.0499584058e-12 
3.7073290653e+15 
2.9267835383e+31 
-1.5751561106e-28 
-5.2536723416e-08 
-1.8253869141e+04 
-3.4392698940e-32 
3.0897232371e+16 
1.4076714352e-36 
-1.8149298254e-12 
-3.4437038011e+22 
5.9451097378e-09 
1.2331415516e+33 
-1.6225135821e+11 
4.3588785000e+06 
4.3317942549e-13 
1.4629512879e-11 
-6.7688942283e+16 
5.1285824156e-05 
-2.8735100582e-24 
3.7358186995e+25 
-2.2927306139e-32 
-2.1430958817e+12 
-1.9580022441e-22 
-1.4149172929e-15 
7.1206090856e+27 
-4.4846744071e-38 
1.4325847815e-06 
-1.8076854944e+00 
-6.9090344012e-02 
-1.2475376078e-32 
5.3569613778e+14 
-4.7791518330e+26 
9.7062081843e+26 
-3.0043399315e+18 
-2.8205376884e+34 
1.3625439586e+27 
-1.7993328874e+32 
-3.2713155934e+19 
-5.4407802734e+03 
1.2319080212e+15 
-1.3863971162e-06 
-2.3220343374e+34 
7.8219101660e-14 
3.2579150621e-21 
6.5033420920e-02 
-3.5671263574e-32 
-5.1951546180e+19 
8.0192043243e+24 
-2.9202536464e+31 
-1.6290244244e-19 
3.0941605343e-14 
-3.9419526367e+03 
1.2866604752e+31 
-4.6823395382e-29 
-1.0395053388e-19 
-4.6485208793e-34 
-4.5839612962e+21 
2.6590514439e+19 
4.4564683162e+11 
1.0479651153e+23 
1.0185195001e+23 
-1.5765054000e+07 
3.8474842718e-35 
4.2557098253e-13 
-8.5292484375e+04 
-2.9651448158e+18 
2.6172242624e+19 
-1.3861813354e+02 
-2.4062594604e+02 
-9.0689363999e+22 
6.1304765708e-09 
6.7059510000e+06 
7.8087722536e+21 
2.6370678194e-19 
7.5311863064e-28 
2.1589027840e+09 
1.0125501063e-24 
-5.4027460647e+14 
-1.6611318421e+28 
6.7262669128e+13 
1.1574102100e-03 
1.2408168572e+33 
-2.2304457600e+08 
4.6428102255e-01 
1.1035917500e+06 
-6.1908442817e-09 
-1.3940211489e-16 
5.2846814404e-22 
1.0181736448e+10 
-9.9990000000e+07 
-9.6632026274e+14 
            nan 
3.6678508093e-22 
1.9596151106e+36 
1.2516131054e+21 
5.8666799813e-33 
-1.2230527878e+01 
1.4511899277e+37 
-9.1004766843e+21 
-1.9068566171e-10 
4.7625661858e-38 
1.7703787307e-04 
2.2903081030e-02 
-1.7211403881e+21 
7.6625638011e+28 
-2.9056092385e-13 
-4.2371148800e+09 
-2.7280663838e+25 
-2.1730430881e-25 
3.6920968031e+24 
-3.5868109698e-12 
-6.6354633383e+17 
-2.0039821064e-22 
-1.7112211648e-09 
2.6715566491e-05 
1.9586121094e+04 
-1.2990208992e-33 
-3.0376243475e+18 
5.8859966464e+10 
-3.9579197164e-07 
-1.1098640939e-20 
-2.1144864627e-14 
3.8523696332e-35 
2.2894876099e-12 
4.1729753088e+11 
1.5370174000e+07 
-2.6169354585e+23 
5.4357049527e-29 
1.0957401465e-20 
4.4030057870e+33 
-5.8113059840e+09 
1.3776923679e-18 
1.8302158438e+11 
1.0227684784e+02 
3.6328389213e+37 
5.4870798110e-39 
1.0593721352e-29 
-1.0830135008e+14 
-8.8319118794e+34 
-2.5572374980e+33 
2.0866394233e+16 
-1.3314002678e-12 
-8.2156539620e+15 
5.8960967442e+15 
1.7474246242e+15 
8.5297210405e-19 
3.6496714916e+28 
-3.4341273943e-38 
2.4150647391e+35 
-2.7530233856e+10 
3.9838088989e+02 
1.6442391839e+23 
-1.1730904773e-26 
1.6961307028e-17 
-1.6582356926e+33 
4.3811765404e-16 
-2.9985920822e-20 
-7.4108741569e+16 
-6.8217655428e-18 
4.7432156274e-16 
1.7773731995e+02 
2.2056118696e+15 
1.9945399968e+15 
6.8237138577e+19 
2.8450381449e+15 
-1.8759610131e-02 
3.7433385280e-09 
-9.5860163120e-31 
4.1170670931e+32 
5.3749803454e-02 
-2.4155825864e-31 
2.5323597002e+33 
1.5599206090e-03 
7.0058116663e-30 
-8.6493023306e+31 
-1.3758467144e+33 
-1.1235210434e-24 
-3.7474943469e-29 
9.9127144253e+17 
-1.7844799906e-02 
-2.4706661488e-33 
6.4950026653e+26 
7.7955808956e-04 
1.3443010511e-18 
7.7762163200e+08 
-4.8341757440e+15 
-3.5274030097e-07 
-7.6397964731e-03 
-2.4427931899e-10 
2.8663506606e+22 
6.8469212500e+05 
3.3790918268e+15 
4.8871388572e-05 
1.8577653170e+00 
7.9397685826e-02 
1.0788256510e-08 
1.3632807213e-36 
7.8505131134e-17 
-1.0162737270e-24 
-5.3122931519e-36 
-1.9002319376e-25 
-3.0014607675e+29 
4.1296405111e-35 
9.9282181852e+31 
-5.3732164593e+37 
3.3239126020e-35 
-7.6054032495e-36 
1.7699523059e-31 
1.3213450107e-17 
-6.6756805000e+06 
-1.4031228550e+23 
2.9791031787e-15 
4.6761719159e-35 
1.2666544297e+38 
-4.7337760516e+15 
-3.3929405399e+12 
-7.0783587614e+36 
-3.2676573028e-04 
1.6016919037e+36 
9.5503880000e+07 
-4.2518753906e+04 
-6.4047992546e-33 
-3.0059991366e+37 
-6.2494922063e-31 
2.8996715199e+34 
-1.1795321489e+20 
8.7372245616e-07 
-2.3479375000e+04 
5.7546094947e-18 
-6.9382963284e+15 
-2.5903840000e+06 
-2.0602262361e+31 
-2.3974423584e-06 
8.0201915000e+06 
-5.2570219411e+23 
1.6117870363e+13 
2.2819196894e-21 
-1.7735302563e+29 
6.2375904873e+18 
-3.1177136903e-27 
1.9514894956e-37 
4.9025511544e-05 
7.0488307477e+16 
1.1093832016e-12 
2.1042125768e-20 
1.2216044585e-24 
1.6213964932e+20 
1.9040791691e+13 
1.0329232769e+14 
3.7752463600e-17 
2.0845187798e-09 
4.9203463850e+27 
1.4458905127e+31 
6.5279767703e-11 
-7.8624669558e+37 
2.7427555246e+12 
-3.3873887373e+16 
-4.6485513859e-36 
1.1072395742e-01 
-8.2237675061e-30 
2.5857564062e-02 
3.7546636304e-04 
-1.6632825672e-10 
-2.4996330618e-35 
5.8230705261e+01 
-4.7601242188e+04 
1.8480212929e+36 
-1.4257023877e+12 
9.7325866947e-36 
-1.0354182860e-17 
-9.5947256000e+07 
1.4354378508e+20 
5.2614174906e-22 
-5.1876900128e-13 
1.1083692897e-07 
1.2111281157e+00 
8.4543726727e+23 
7.8138820827e-02 
-3.6897665236e+22 
-1.2105690668e+16 
6.2301489875e-34 
-2.2746804789e+17 
-5.1800462391e+16 
2.7006633690e+36 
4.9638153438e-24 
-1.1055348471e+33 
1.2033249219e+05 
-4.1989971826e-32 
-1.3324098252e-15 
-1.7814379071e+38 
3.2279197500e+06 
5.4600877775e-05 
5.9141026298e-08 
-4.4856729149e+18 
-3.3168046268e-15 
3.7996834452e-24 
1.0685728344e-11 
6.7302777519e+27 
-1.7109826857e+17 
1.6708979314e+34 
7.6447135141e+25 
4.1763630080e+09 
1.5723326000e+07 
-4.7423736000e+07 
-1.8836332019e-03 
-4.2774953842e+00 
-7.9030972716e-24 
-7.3743444501e+22 
1.8357368320e+09 
-4.9205488571e-16 
1.8049919959e-07 
9.9492081433e-30 
3.1408412724e-06 
1.7776266479e+02 
2.9763835692e+33 
-3.4343375810e-19 
-3.1670611619e-36 
-3.6882462155e-05 
2.7803626856e+28 
-9.6427452689e-09 
-6.8366133520e-17 
1.2918297395e+11 
-1.5972905795e+31 
1.0720090880e+09 
-5.6197450249e-06 
1.0777391052e+02 
-3.5258722268e+16 
-4.3803287134e-16 
-2.2575831413e+00 
1.4669401840e+32 
-7.0935173120e+09 
-5.4787881357e-20 
1.7288702136e-16 
2.5425072759e-02 
-9.4626224041e-01 
-5.5320313974e+32 
-4.0020986300e+18 
9.5767995355e+16 
-2.3933595000e+06 
-6.5144168839e+37 
-1.3326604141e-31 
5.6372869760e-02 
-9.2982271281e-23 
-2.3303121829e+24 
1.9431986686e-07 
8.4541830400e+08 
-1.0880477149e+22 
-1.4167323520e+35 
5.7714297549e+31 
1.9677833295e-26 
1.8511853161e-10 
9.6879044210e-35 
-1.3929534903e-16 
-4.5398567149e-18 
-1.6704371198e+31 
-1.9409281894e-37 
1.4462542756e+34 
2.3502013937e-04 
4.6638174768e+15 
3.2906096620e+14 
-2.3947822158e-36 
9.6622901760e+26 
1.1322925240e-01 
-3.2163377135e+31 
-2.2335569532e+38 
-2.9300571047e+36 
7.7689623070e+30 
1.6216493193e+36 
-1.6394894931e-22 
1.8104264834e+29 
3.4625810385e-01 
-2.7938414540e+20 
3.6010744000e+07 
7.2149326656e-38 
-1.1300061034e-20 
1.6750216940e-36 
1.8964649295e-10 
1.3635785580e+00 
1.2283085287e-01 
-1.0763357883e+27 
-1.1884967796e-21 
6.4649597168e+02 
8.6452632279e-22 
1.5326975130e-33 
2.8297186514e+23 
-6.5581470150e-24 
-1.0966382080e+09 
-1.8662117373e+17 
3.9479793750e+05 
-1.6629299200e+10 
3.1935636567e-32 
3.5635547464e-34 
-1.0589351275e-24 
-4.3692704720e-38 
4.6901702491e+22 
3.4562042366e-25 
7.3655301771e-25 
-2.7828570455e-02 
6.1837988596e-07 
-2.3363952431e-37 
-3.3959049216e+10 
1.4160978081e+28 
3.5549816397e-26 
2.9301522300e-02 
-3.0986183671e-12 
1.4043154660e-11 
-8.6881724333e-24 
2.0043376999e+34 
1.0590754466e-20 
7.1578936107e-17 
1.5017448924e-02 
4.9806229789e-30 
4.7321902080e+09 
5.2493247806e+29 
-6.0387005683e-23 
1.2914758952e+35 
6.2442835770e-05 
-3.9098345947e+29 
5.3831249564e-19 
1.5784151914e-37 
1.3747435547e+04 
-1.1610593684e+21 
8.2183789541e-38 
2.4469402109e-17 
-8.5024766427e+13 
7.4036743367e-28 
-4.3257998154e-32 
-2.0657637813e+30 
-7.1687144163e-35 
3.5793031566e-03 
2.0707119236e-20 
-6.0047358507e-30 
2.4633092011e-08 
-4.2025410888e+12 
1.7058291493e-14 
2.5706784069e-18 
2.9642126825e+36 
3.7742771633e+25 
3.7570583070e-36 
-8.9470169969e+30 
1.0526402480e+24 
1.8840951379e-03 
3.8184904128e-08 
-8.7722247204e-15 
-4.3821597116e+20 
7.4233805769e-09 
1.0784712853e+20 
9.9424603372e+33 
-5.5896725335e-32 
6.3745811334e-23 
6.3395570201e-27 
-2.9813326240e-34 
2.4252432245e+33 
-3.8259150603e-18 
1.9143918991e+01 
-2.0932714005e+26 
-8.3109062400e+08 
-4.0750515767e-28 
2.5149337050e+20 
1.7989984802e-34 
6.8073896520e-10 
-3.2195083331e-37 
1.8822082382e-07 
-3.7144560308e+20 
-1.0155007857e-07 
-1.0583338644e+25 
3.2107960369e+21 
1.2400902527e-08 
1.2081117048e-29 
9.7513712436e-34 
5.7179463089e-15 
-3.3140877349e-05 
-1.3925397449e+21 
-6.1321003319e+34 
4.5690721273e-01 
1.2208472506e-24 
1.9516284000e+07 
2.5305781632e-16 
-2.2854620649e-28 
7.2140002576e+33 
-3.4711692317e-22 
-2.0435732100e-12 
-1.0682363911e-20 
-3.2310193750e+05 
6.0943308804e+35 
6.3979669475e+28 
-5.7624693309e+12 
-2.0774258067e-15 
-2.8996480353e-36 
9.4781826859e+33 
-1.5841899916e-31 
-1.7439747004e+18 
-1.3377421879e-25 
1.0841811390e-12 
4.4331720369e-13 
-3.7937115000e+06 
2.0808448861e-20 
4.6577475584e+10 
-1.6700577381e-30 
1.3595680700e-21 
-8.6007989619e-10 
-6.1236994497e-07 
-1.1783623577e-24 
-1.8197993400e+34 
-9.2600819464e-26 
-5.2828930244e+33 
8.2311350000e+06 
2.7570146322e-01 
9.4870486437e+24 
5.5940143951e-20 
6.1951425405e-21 
1.2201467816e-23 
7.9331476562e+04 
-3.9934975387e-21 
6.2806250144e+22 
-1.3939962880e+10 
-1.9467854949e-18 
-2.1907531191e-03 
-1.6875749989e+27 
-3.9268545532e+02 
2.6299690333e+14 
-4.7452588525e-09 
-6.3780073210e-15 
-4.2965400660e-14 
1.2835672629e-11 
1.3517417408e-08 
-5.6421588084e-24 
-2.3518893750e+05 
-2.1688894453e+22 
-7.7785092592e-01 
1.9534296036e+01 
-1.0125646245e+24 
-3.5852338391e-26 
-1.0726896661e+21 
-1.3462592978e-18 
-5.2177468826e+29 
1.3498095312e+05 
-1.2019666944e+11 
3.8502891116e-16 
6.0623058242e-39 
2.1711548336e-21 
1.6561818775e-03 
-2.5661496310e-22 
5.1694973647e+22 
7.6067227599e+21 
1.9375696875e+05 
-4.4874593513e+29 
-9.7174062527e-32 
6.1182414662e-34 
3.0618061866e+38 
6.5029118559e-05 
6.5875992576e+10 
6.2126284800e+10 
8.4878318924e+35 
5.3716219784e+23 
1.1794604521e-24 
-4.1210395000e+06 
-7.7838374662e-36 
-2.9911919165e+19 
-3.9914729497e+18 
1.3905097666e-36 
7.0227400302e+31 
3.4329027869e+37 
1.1175569916e+13 
1.9461420826e+31 
2.6446775016e-31 
5.1572738916e+20 
-9.2812567668e+24 
-5.1665472256e-07 
1.2666031718e-01 
-2.4333739445e+30 
-1.7089246720e+09 
1.3399242240e+09 
-6.8714575445e+34 
-1.1329476675e-19 
1.0600039235e-15 
-3.3087663019e-29 
5.4685299324e+18 
-9.2741722744e+15 
9.1831970824e+14 
1.0178261548e-21 
-1.7048354601e+15 
1.4981409725e+35 
-2.1151874181e+18 
-8.0690680955e+12 
5.0222881339e+29 
3.8243885459e+20 
-9.6148953498e+11 
5.1997309165e-16 
-2.3907913978e+16 
3.3485841029e+18 
-2.7241331078e+34 
4.2874827343e-37 
6.4034873601e-37 
5.2312463360e+09 
1.2800849522e-18 
1.3952927957e-24 
2.1694974851e+36 
-3.9183782959e+02 
1.2878272266e+12 
-1.9052034874e-19 
2.1199132316e-03 
1.7562505859e-26 
3.7932881618e-17 
-1.7058029310e-26 
8.3160605469e+03 
9.9652978419e-36 
6.2913153670e-05 
2.8734328004e+37 
5.0220507210e-15 
-2.7998868376e+28 
6.1599497516e-23 
-1.1962334530e-26 
-6.2537554186e-04 
3.2038828624e-34 
1.3267536403e-08 
-7.3728322983e+00 
4.9343945818e-08 
8.6272586486e-05 
1.1959122121e-01 
3.7930340519e-17 
7.8093326092e-01 
1.0840146171e+30 
4.0608804638e-29 
-6.0330334375e+34 
-1.8721592304e-15 
5.1003672970e-30 
-2.8904415268e-36 
-3.8883242188e+04 
-1.1004875396e-12 
-4.6203919593e+25 
7.8528936444e-28 
-3.7456317345e-13 
-2.8295628119e+30 
2.4633242080e-30 
1.2837562610e-11 
-3.7816311233e-03 
-3.0396409200e-27 
2.6611428910e+20 
-2.4768494351e+35 
-6.3909855232e+11 
9.4037208576e-11 
1.5209274812e-11 
1.4622345001e-10 
1.4512708187e+00 
-3.2150573621e+15 
5.1086071137e-12 
-1.1458152344e-31 
-1.7220892564e+16 
-1.8491049316e+30 
-1.6634611301e-24 
-4.1043443475e-39 
-1.8353563564e-19 
3.1325771928e+38 
8.0671186839e-28 
-1.2361845279e+30 
-1.2754033928e+36 
6.7368117271e-31 
-1.9620896875e+05 
-4.6851047433e-22 
-7.4350909440e+09 
-1.8821407318e+01 
1.7008864171e-25 
-2.8028798033e-11 
2.5612257624e-25 
3.8059936560e-17 
1.5273816586e+00 
3.3875926127e+35 
1.7912426496e+10 
-4.7798274354e-17 
-1.4098656543e-34 
3.7766248799e-28 
1.9023082670e-14 
-4.9366264000e+07 
-3.4781345697e-25 
-2.4790833542e+29 
6.9041416747e+15 
-3.4378937197e-11 
-1.0852100921e-38 
4.4149143060e+32 
2.0882682020e+12 
1.8563988660e-27 
3.8237060347e+30 
-1.7280875746e-19 
-7.7096204413e+21 
-5.0211231581e-27 
7.2270297852e+03 
-1.9708108422e+36 
-1.1839635121e-33 
8.9768168349e-31 
2.1601230577e+28 
-1.9791811064e-04 
3.1849103209e+17 
9.7854050000e+06 
-6.0336109938e+14 
4.2367403376e-21 
2.7242944362e+35 
-5.1984709870e-09 
9.6732350203e+18 
9.6686527831e-04 
3.5330184375e+05 
3.7381296799e+27 
-2.1418970294e+19 
-3.2373755412e+36 
-5.1511372960e-27 
7.9796818318e-04 
8.8606749491e+11 
2.4533284937e-16 
2.1039994000e+07 
-1.9850385032e-24 
-1.8965779702e-07 
6.1679957467e+30 
-8.4809192000e+07 
2.2912781006e-08 
9.1616785978e-37 
1.1010662317e+00 
-4.6136052000e+07 
-6.1256584167e+01 
-8.1564750872e-05 
-4.5028881868e-04 
-2.6054552048e-29 
1.2553154610e+25 
-1.1059641719e+16 
1.0367422000e+07 
1.9457419434e+03 
5.1336377368e-30 
7.2210958730e+16 
-3.5302252387e-32 
-4.8759726942e+32 
-1.5307181305e-37 
2.2703871094e+04 
2.3656458855e+00 
-7.1103425508e-39 
5.1326112639e-35 
1.4789856992e-26 
-2.9011987257e-10 
-3.6656702789e+27 
5.2443936604e+25 
-4.6730317099e-13 
2.2168073039e-26 
-3.1992825600e+08 
5.7865396224e+10 
-2.0125856934e+03 
-1.0626619289e-21 
-2.1625694472e+32 
-1.7078001502e-35 
8.5621558480e-24 
-2.4011501075e-25 
-1.9982919926e+12 
-7.5457409668e+02 
3.2511683703e-21 
6.6891071101e-32 
3.4983641274e-16 
-1.9182630400e+09 
1.5198564818e+38 
-2.6506651096e-08 
-6.9910718128e+15 
-1.8841153545e-14 
7.1046184641e+22 
-5.5224229871e+25 
1.1834520000e+08 
-6.9866683960e+01 
2.9103581348e-35 
-4.1598875569e-30 
-2.8546871257e+21 
-1.3650683819e-32 
-5.7744200571e+32 
-1.8676852417e+02 
7.9413355290e-25 
-1.9983455862e-11 
7.0705553080e+12 
-9.3007583631e+30 
-5.2869569945e+17 
5.7880687319e-30 
-4.7677079422e-36 
8.6937484375e+04 
-2.9257737787e-27 
-9.4766487990e-09 
3.7561517334e+02 
-1.8368550496e-13 
-4.1520086385e+14 
4.2943224000e+07 
1.7890939144e+31 
2.2541715890e-34 
-3.7026989252e+23 
2.5718528999e-19 
4.2844217554e+24 
1.9078711079e+26 
-4.2109140898e-27 
2.0004983372e+32 
-3.5126185417e+00 
1.7381153157e-05 
-1.4661753007e-23 
3.0799436651e+29 
-3.1848008508e+18 
-2.1159504548e+27 
-1.8629216478e-16 
-7.4119485034e-38 
-4.0618302636e+13 
2.6693474693e-33 
9.7318042513e-10 
8.0711031933e-14 
-9.5338222650e-08 
-2.4812334793e-26 
6.2771363106e+14 
1.4988184393e+28 
-2.9750775853e-27 
4.1366039491e+17 
1.0327410751e-25 
8.4444593245e-13 
8.7921296574e-26 
1.2287699779e-23 
2.5725282238e+33 
2.8627822800e+31 
1.9283810881e-19 
5.4365135174e-34 
2.2657336695e+21 
-7.2377905971e+12 
-2.5087316643e-22 
7.3031093286e+25 
-2.5128679226e-06 
5.0043897600e+08 
-4.6600049132e+12 
4.4727032000e+07 
8.1933090816e+10 
-4.1205117337e+22 
1.2582435547e+04 
-3.7716452184e-09 
-1.3161732418e-23 
-1.0446169434e+03 
2.0402070400e+08 
-5.5688083172e-01 
-2.5422333365e-16 
5.9862518300e-16 
1.5905935547e+04 
-2.0763262791e+18 
1.1619104290e-10 
-9.1788098193e+22 
4.9227786537e-20 
3.6991345706e+31 
7.5130787500e+05 
1.6973952338e+26 
-5.8662312069e-31 
1.9880871094e+04 
-1.9171707505e+20 
-3.3461701923e+28 
3.7795518333e-34 
-1.8022106879e+34 
8.9879497886e-02 
4.0922944013e-33 
-1.4414967808e+10 
1.7026247885e+11 
7.4197138505e-14 
-2.2116584960e+09 
-7.2399200960e-15 
-3.7622001958e+29 
-8.6512171599e+36 
-2.0237741632e+33 
-9.4440066814e-01 
-7.4491161600e+09 
-1.2713526792e-13 
7.0092497509e-18 
2.6422061611e-28 
1.2010449219e+05 
-3.3241855137e-27 
3.0417518837e-28 
6.9967582909e-30 
-1.7443902225e+34 
-8.2761317287e+24 
1.1435098767e+12 
-2.1896118164e+01 
-9.4129740210e+16 
2.4965845272e+19 
2.9598254514e-08 
2.0805607161e-35 
6.8616868508e-17 
3.3793039620e-04 
1.9793167105e-11 
3.4028440714e-03 
1.5590111342e-23 
2.7340017403e-11 
-2.1774168913e-18 
-1.7800582668e+29 
-9.2808145285e-01 
-5.0907854658e+33 
6.8788934410e+12 
3.1621962093e+24 
-9.1724804835e-14 
-4.5515261634e-30 
1.3677138680e+36 
-7.5184501626e+25 
-2.7583062940e+36 
-2.9093428759e-31 
-6.2900601356e+13 
-5.1340697600e+08 
-1.5693308548e-23 
2.5995690814e-31 
4.1060339098e-36 
-1.2373163827e-08 
3.3305176903e+37 
4.3869265502e-35 
9.1441984036e+17 
-6.7988616354e-19 
2.7714911529e-12 
1.7248096875e+05 
-3.2237650889e-24 
1.9112036569e+20 
-3.5714770024e+22 
3.7048494050e-08 
-7.5744688511e-03 
2.5417816473e+28 
5.7810439102e-08 
-4.8887825012e-01 
1.7635286712e+12 
4.8681336740e-12 
7.6852657571e-10 
-8.0993312159e+22 
-2.0650177002e+00 
-2.1325736316e-13 
-8.3093254943e-07 
-1.5221549640e+18 
-1.4934847000e+07 
-1.0713998048e-12 
3.1793931043e-07 
-3.6202431910e-34 
-2.8675824026e+11 
-1.5809545584e+32 
4.5976039293e-38 
-1.2317605231e-17 
-3.5032671160e+15 
-2.2120151280e-26 
-1.4508336175e+27 
5.0277087382e-08 
7.9314113406e-30 
-3.3018515921e-08 
-2.0649850199e-24 
1.8601406956e+32 
1.7814150762e-12 
-1.1043648438e+05 
-6.4989747200e+09 
5.1756157953e-13 
7.0549790580e-26 
3.4973371409e+20 
2.9793368584e+29 
9.8029389240e+33 
-4.5596655340e-09 
-9.5237297061e+23 
6.3669181824e+01 
-4.9461496000e+07 
-3.1897115000e+06 
4.3313363277e-16 
6.6366328610e-06 
-3.8909595546e-09 
-1.7171653343e+37 
-1.1215637624e-01 
2.8743775329e-04 
-2.3758555762e-03 
-1.4885197500e+06 
1.3466484950e-28 
-2.1448727697e-02 
-3.8721784000e+07 
-1.1300451840e+09 
5.7052684696e-24 
-6.0179292231e-28 
-1.0777263184e+03 
8.2647894301e-35 
4.5957411830e-34 
-1.0120475394e+18 
6.8084635152e-11 
-9.7188465609e-11 
-8.2952251434e+00 
4.0027126190e+36 
4.9366883894e-23 
-2.2779916288e+10 
-2.1153648814e+27 
-1.9740806968e+32 
8.3877933025e-01 
9.6230380684e-37 
-3.0429121094e+04 
-4.9288610171e-05 
-5.3266112445e-06 
8.5947527467e+26 
-1.2585914912e-18 
3.7148955000e+06 
-4.3837794887e+16 
2.0786637500e+06 
-3.8491740027e+28 
-1.4039982106e-19 
-3.6053644514e-09 
2.4860044458e+21 
-7.9189990230e-29 
-4.1753572226e-01 
-2.1650580935e+35 
3.2308213255e+25 
1.4962636422e-18 
-3.6734883594e+12 
3.1595035000e+06 
1.5793145774e+12 
4.4360953527e+23 
-3.2460060132e-15 
-1.2427577189e-27 
-3.6202034525e+28 
-7.8102766949e+15 
-4.9295850469e-14 
1.2673811523e+04 
6.8966717883e-32 
-3.1484846841e-04 
5.2107534576e-31 
6.7712230267e-10 
5.2463089892e-36 
-7.1786827709e-27 
-1.2509422471e-27 
6.1925965893e+32 
-7.3709117440e+10 
6.7982300246e+22 
-8.5627854807e-10 
1.2015552187e+36 
2.4952021249e-06 
2.3294498438e+05 
1.4594298363e+01 
1.1818176273e-19 
4.7417796875e+05 
-2.6874816233e+13 
1.3161748601e-11 
-3.2322339886e+17 
4.6480327920e-10 
-4.3507056636e+18 
9.2115717325e+11 
-3.6620131393e+37 
-8.0940871981e-18 
-6.3919069255e+24 
-1.3652780581e-05 
-1.7588095005e+34 
2.5389940807e-18 
4.8398290231e+33 
-1.9887711377e+37 
9.8756971725e+11 
1.3143355903e-23 
-4.7147878938e+16 
-1.8130433187e-15 
3.5450440152e+33 
-1.1498149632e-07 
3.8190344696e+21 
6.7828469071e-32 
-8.1163967555e-17 
-2.7965668883e-32 
4.2844815322e-29 
-5.8114327382e+25 
-3.0738643717e+20 
-4.8263867188e+02 
2.8439791488e-27 
5.3654726061e-15 
7.1709607279e+26 
2.3364925385e-01 
-3.1276245117e+01 
2.2150414335e+21 
-6.4007633875e+36 
2.5875727350e+29 
-2.3457343736e-29 
-1.1314534396e-01 
2.4427898438e+05 
2.7074680448e-37 
-2.2475353375e-18 
3.5042036000e+07 
5.3584310095e-16 
-1.4269723324e-03 
6.6585815920e+32 
6.1290307617e+03 
2.9395369347e-03 
-1.6073378325e+00 
-7.0020820324e-16 
-1.1024563729e-30 
3.2386340014e+36 
-4.5423719997e+35 
-1.8428074211e-14 
-6.6503054379e-22 
1.7358760260e-06 
1.0139488554e-10 
-1.7843746816e+10 
-2.7054196661e-09 
-4.9796877732e-08 
1.7683299255e+02 
4.9581929888e+34 
3.4837653809e+03 
1.3517963481e-34 
-1.2949030244e+20 
-5.8065958354e+30 
7.3585060149e-34 
4.4732660366e-14 
3.4241395912e-21 
-3.3763532770e-07 
4.3544110079e+34 
-4.0006930940e-03 
1.5453653387e+37 
3.2941247337e-03 
-2.6923442678e-31 
6.3940511924e+13 
7.8680217600e+09 
1.2266192275e-23 
-2.9043536691e+12 
-6.8456635619e-32 
-3.5458792001e-02 
7.2262474166e-25 
-3.5467558912e+13 
1.6909166339e+28 
-3.6035562701e+11 
7.7967620398e+31 
5.0856865439e-21 
1.9352237500e+06 
4.9405811274e-31 
-7.9394064302e+13 
8.8599597168e+02 
-1.2131299044e-14 
6.8654000284e-28 
1.3295230310e-15 
3.5649384490e-36 
-4.4322051584e-10 
-1.1299348438e+05 
1.0707236815e-35 
-1.2888848959e+21 
-1.1878552337e-23 
4.2289808664e-16 
1.0702971102e-14 
1.5856344391e-31 
-2.4266041692e-06 
-3.0969174581e+34 
-1.0492612839e+01 
3.8156999485e+15 
8.9302208000e+08 
-7.8842186942e-21 
-8.7223690496e+16 
-2.7215834707e-02 
-2.2183146980e-29 
-4.7492361069e+00 
-5.4471587500e+05 
1.3234483380e-22 
-2.0986683554e+18 
4.2833446937e+29 
-2.6717376141e-12 
-8.1411492188e+04 
1.2813289307e-36 
5.7937282557e+29 
-1.9561587062e-38 
9.3695873867e+25 
-8.4885297431e+14 
-2.5125364304e+01 
3.5784767993e+27 
-8.7349739542e-21 
2.5612981635e+16 
-5.3237292233e+31 
5.5325563970e-26 
4.9799671743e+20 
9.1499568339e-12 
4.0885466323e+18 
7.5921033349e-11 
9.2674887245e+30 
3.7164466899e+36 
1.3443079206e-20 
2.3524623222e-11 
-6.5503587500e+05 
6.9218371547e+16 
2.4524565786e-02 
-5.0268357736e+34 
-2.9142859918e-27 
2.0728792151e-05 
            nan 
-4.8554070938e-28 
3.9782211123e-20 
-4.0205655648e+27 
-4.5504085617e-17 
-1.0168736588e+36 
3.9510481060e-02 
3.5934123029e-34 
1.5967442125e-32 
2.9657907241e-09 
-1.4544870453e-21 
-3.4341883659e+00 
1.2312167327e-30 
1.2031810938e-37 
2.4720892800e+08 
-7.0195774627e-20 
-1.5696210321e-03 
3.0634364000e+07 
1.0363868679e-19 
-8.1771550720e+09 
1.0904621740e-04 
7.4818295763e-38 
-2.1966483456e+10 
3.3156438840e-18 
-4.9295384576e+10 
1.9111249447e+00 
4.4889296861e-18 
-1.6447810543e+31 
1.9246794434e+03 
-2.2549268501e-25 
1.6521520000e+08 
2.7714729708e-25 
8.7415476623e+29 
-1.7603285572e-29 
3.5880366397e-23 
-1.7562632591e-16 
3.1247059433e+18 
3.2928930693e-08 
-5.6891507472e+32 
1.4013288021e+00 
-6.7200868352e+10 
1.3353252553e+13 
3.3629944000e+07 
-1.6043783680e+09 
8.7833549028e-13 
3.4946955787e-29 
6.3330137778e-15 
1.6820694595e-17 
-1.0063704679e-29 
1.1643027579e-13 
2.8017304494e+28 
8.6594897919e-10 
-2.6706395000e+06 
1.9306347378e+30 
-1.3984779380e-34 
1.7984237866e-38 
4.4186946075e-17 
-1.5039340368e+35 
5.1870316290e-32 
1.6662969019e-13 
1.0114340969e-22 
-5.7147826498e-26 
-9.8851877098e+35 
9.5651793777e-12 
6.0037910998e-07 
6.9487586906e-25 
6.4763173916e+37 
6.5183691560e+25 
1.1378224939e-02 
4.3078118411e+29 
2.7475836325e-38 
1.0399366784e-10 
-6.1466875111e-34 
2.0554624276e-17 
-4.6461047697e-25 
3.6014025095e-10 
-4.4265378030e-09 
3.5633653585e+16 
-5.4746856624e-37 
1.5217024441e-07 
-6.5624861101e-09 
-1.5473266607e-35 
-1.2510258148e-24 
-4.2763768166e-33 
-9.1109390536e-22 
-7.6762873856e+11 
-9.0697064081e-08 
1.9683408262e+26 
-6.3458397651e+13 
7.3439971867e-37 
2.7548626233e+20 
2.0777138907e+23 
-1.4993467046e-24 
2.2458280895e-12 
-1.9405563354e+02 
2.6860396630e+38 
-7.1188321726e-07 
1.5371696875e+05 
8.3611186825e+27 
-5.5322276437e-14 
2.2706446664e+12 
-5.8796134949e+01 
1.2617413949e-18 
-1.1310789490e+02 
-4.8994593750e+05 
-8.9890117832e-20 
4.0308492333e+35 
1.4536993850e-28 
-2.0496600944e-11 
1.1074598756e+37 
5.4799807183e+25 
-1.4261771091e+28 
-1.5534078979e+02 
9.8416862215e-08 
2.9136196508e+29 
-2.1028086365e-32 
-8.3841352016e+26 
7.8297427136e-13 
-5.1540997120e-20 
-3.1155365992e-21 
-3.9745533484e+24 
-4.8575237749e-34 
-3.2429129094e+16 
2.5057802919e+34 
1.2185480955e-05 
-3.0430294037e+01 
8.0225082397e+01 
-1.5442720843e-31 
1.0649825017e-19 
5.8542315520e+09 
2.6330830524e+14 
9.0616929813e-27 
-1.1307308234e-19 
6.5117192207e-06 
            nan 
1.1904194251e+20 
3.6416344074e-07 
-9.0256332397e+01 
-6.3012730538e-35 
2.0275060015e+13 
1.2211329894e+27 
1.5377561320e+16 
7.4462400000e+08 
-9.3892809001e+24 
9.7461452800e+10 
4.5136476065e+33 
-5.4654525873e+14 
-1.2750209359e-26 
-1.9083513184e+03 
-9.2025189632e+20 
-2.1297748993e-34 
-6.6490359847e+18 
-2.0072793573e+27 
3.9950746298e-01 
1.8309724297e+33 
2.1690977315e+37 
9.3859534812e+29 
9.2856509323e+36 
-3.1840847777e+38 
-2.1961996859e-35 
-2.4866408502e-36 
-2.0573254675e-02 
-1.4476504967e-33 
-6.9429235200e+08 
-2.6938712179e+35 
-1.1513641037e-29 
9.7859561443e-01 
4.1372315000e+06 
3.5173665196e-12 
1.9906711570e-16 
-6.0392448235e-37 
2.4811153132e-09 
2.0369435661e-03 
-2.4726076982e-31 
-1.3636199848e+25 
-5.0365790301e-15 
-1.6048404272e-10 
-1.7330688967e-11 
-1.4841844958e+23 
4.2480443736e-23 
-1.5931119690e+36 
8.8259916400e-23 
6.9218388637e-30 
-7.6184066458e+11 
7.0239110131e+37 
1.1258840506e-29 
-2.9753232246e+29 
-2.3079392314e-01 
2.0856646965e-10 
-1.9952103496e-01 
7.6148834304e+11 
9.1593512059e+12 
-1.9677635594e-38 
1.4285985832e+24 
2.5789049340e-33 
-2.1665435000e+06 
-2.4356889559e+13 
1.9297746690e-07 
1.0951997353e-07 
1.3453899103e-17 
1.3858915200e+08 
-9.6226699497e-07 
-2.1318612480e+09 
-1.2854623293e-17 
-4.5078593750e+05 
1.6488425408e-16 
-4.1380479756e-24 
-4.0542992518e-22 
7.2495124053e-13 
9.4688557568e-28 
6.2734368685e-15 
1.4389615259e-13 
2.7245275136e+10 
1.8596577454e+02 
-6.7767513811e-32 
-4.2473902949e+22 
-3.8886864185e+00 
-7.9288486924e-32 
-4.5040884000e+07 
-1.2758541665e-23 
-2.1679261635e-20 
2.7873501310e-32 
4.8506390590e-17 
-4.5595514031e-09 
1.0533483114e-10 
4.9705273138e+28 
1.3802954527e-05 
1.0470588091e+38 
-8.9334764232e+30 
-1.0779355049e+01 
2.7761916554e+28 
1.1687128734e-34 
7.8752972186e-02 
4.1596323196e-34 
-3.2913430465e+17 
1.2456176430e-01 
-6.2191984689e-14 
-1.5160311325e-36 
-5.7521667238e-22 
-3.0940258613e+21 
-2.2035686698e-07 
-2.5817543545e+27 
-1.2765104398e+29 
8.0037601188e-34 
1.0463264911e+20 
-8.3771488555e+18 
1.3051740799e-09 
6.2135592624e-14 
1.1227895922e-32 
6.7977167969e+03 
6.4087980000e+06 
-6.9986275979e+21 
-1.0288649189e-35 
-5.0270265946e-22 
3.6332502961e-01 
1.2933025401e+36 
4.5240142798e+37 
8.4097145081e+01 
9.5158052444e+00 
8.4281728696e+13 
-5.8021276444e-30 
2.6306410000e-27 
-6.5661884844e-02 
1.5453245964e+38 
3.8305260858e+28 
2.4423129600e+09 
-1.4960054016e+02 
5.1568832289e+28 
2.3814969996e-09 
-3.7661404249e-17 
-4.4482416640e+10 
-2.9847833805e+12 
-6.7897181250e+05 
7.4151916800e+08 
-6.7898160219e-01 
1.1554159755e-05 
1.4010113065e+13 
5.3490838739e-14 
-1.9451996160e+10 
5.9957303879e-12 
-4.8673648329e+34 
3.0451104647e-28 
-1.1084063708e+15 
-6.3177875620e+25 
1.4106865929e+31 
-2.3114717378e+35 
-4.0002933126e-26 
3.5534876750e-18 
-5.4498126607e+29 
-1.1871319703e-26 
4.0321104228e-02 
-1.7941256156e+14 
1.4692798000e+07 
-9.5636220837e+27 
-3.6482809085e-28 
6.6318604628e+31 
2.7461642276e-06 
3.3427190564e-19 
-5.7330498535e+14 
-6.3824069500e-01 
7.5371472168e+02 
-1.8316914688e+10 
-3.0210193750e+05 
-1.8585814555e-20 
-2.6703806591e+28 
4.1118869277e+17 
2.4262930731e+36 
2.0736623795e-22 
-3.7783275858e-21 
-8.8593661785e-01 
5.0495165399e-31 
2.2490687370e+00 
2.2818453504e+10 
-8.7078778849e+19 
-5.9850390688e-21 
1.8762305487e-08 
            nan 
3.9519325208e-21 
-1.3487406204e-15 
-1.0468564892e+33 
1.0832627738e+34 
-2.5544753097e+20 
-4.3403377926e+37 
1.7600755726e-38 
-2.0654298438e+05 
-2.7226470846e+35 
5.8361092670e-05 
4.8295732588e-02 
-1.1530497911e-11 
-7.0026532415e+35 
5.7568684300e-36 
-3.2620967244e+17 
-6.5477578277e+22 
1.0516370083e-13 
-2.2618521219e-23 
-3.0826952704e+10 
6.3722623200e-15 
-3.2640731784e-10 
-8.5698292706e-26 
-2.8928516306e-31 
-5.1705588000e+07 
7.3136324863e+30 
4.6151625159e+21 
-1.7801661837e-12 
4.7925036162e-10 
5.3057122083e-16 
1.5780484482e-27 
-2.0280480385e-02 
3.2271488000e+07 
-1.0365274087e-32 
-5.6715311579e+13 
-1.0870040344e-38 
3.8762604238e-12 
2.9035719711e-21 
-1.9660554240e+09 
3.8801753382e+21 
6.2077597249e-06 
9.9740160000e+07 
3.7150664774e-27 
-1.3899666041e-24 
4.6725121012e+16 
-6.2301389465e-25 
1.5990298152e-06 
-1.3722695389e+18 
7.2494151236e-16 
1.2520138330e+35 
-1.4150083542e+01 
2.1872386424e+31 
1.9463053605e-14 
3.4471932723e+11 
2.2207493594e+27 
1.1586122917e-37 
1.7651608960e-28 
2.3708719928e-26 
-8.5464639810e-09 
7.9933978271e+02 
2.0466170654e+03 
2.0796245388e-17 
-1.8983158195e-15 
-7.0910129070e+31 
-6.1299851659e-25 
3.0356861584e+33 
-5.9545844239e-37 
-8.6317553197e-36 
3.1824780355e+27 
-1.0170604911e+32 
-1.9227965924e-38 
-1.3432958920e-25 
1.1226560489e+14 
3.3166053569e+19 
1.3450317844e-20 
3.5511555083e+20 
-1.1366007227e+36 
4.9521935164e-11 
5.8940703026e-36 
3.1149119476e-23 
-2.8594484158e-33 
-8.5747484375e+04 
-2.6698833142e-38 
-5.8787109083e-06 
9.2849345175e+17 
-2.1521461235e-07 
-6.8140463092e+30 
9.9084719596e-11 
8.0000121670e-05 
1.9824281996e-31 
-9.7574816282e-11 
4.1435763443e-22 
-7.6032395363e+00 
2.2378821671e-01 
-5.0686841804e+27 
-1.2897080151e-29 
3.4990784221e-34 
1.1459226255e-21 
-7.6593817237e+37 
4.3839964152e+24 
-1.0814022064e+01 
-3.3412165503e+17 
6.1004623575e-09 
2.4570559988e+13 
2.7096178664e-18 
-1.6611787790e+32 
5.7326763322e+32 
1.0226105067e+37 
-7.4239704662e-11 
-2.3821533069e-34 
2.0038764954e+02 
-1.7741117746e-19 
2.0392996203e+19 
-3.3382011233e+30 
1.4391783680e+09 
-4.8044190625e+05 
-1.6845942349e+17 
-7.2524968412e-15 
1.3784900941e-30 
1.2155385450e+24 
-5.0390834790e-19 
4.2353351648e+15 
-2.0018834937e+36 
-3.0793053644e+16 
7.0280207183e-06 
-4.4550661533e+17 
-9.8568044186e+34 
4.3366326281e-05 
-6.0472216319e-06 
-5.0527015576e-37 
1.4523327830e-17 
1.0334719192e+26 
1.2440871437e+29 
9.0140289029e+36 
6.7463827460e+37 
-1.7260878009e-20 
-1.8479838673e-06 
6.2465281140e-16 
-1.4407454059e-02 
-1.3133802197e+24 
-1.6184297323e-32 
-7.7795977993e-11 
4.4675295121e+35 
9.7998264173e-22 
-3.3759155721e-18 
-1.5250370180e+28 
2.0479863465e-12 
2.3573990911e-02 
3.1035551116e-24 
-4.9596189911e-07 
9.6643453499e-28 
-2.3383276367e+03 
1.6468689864e-05 
-2.8894161224e+01 
1.5022487663e+28 
-1.5889283270e-02 
-4.0091027200e+08 
-2.6213566429e-08 
-2.5877994522e+33 
1.2713333964e-01 
2.4688196676e-32 
5.5513237935e-30 
-1.2453525220e-21 
4.2983389921e+12 
-2.2365805185e-27 
7.4276609829e-38 
-3.4094386101e+00 
-7.6436876025e-35 
-1.5916865807e-13 
-7.7101285727e-31 
7.8015112958e-20 
4.9870073645e+23 
-5.7607792495e-27 
5.0846470996e-33 
8.9457020164e-02 
-2.8616431464e+20 
-1.3900358448e-28 
8.0401123081e+33 
-4.9174779804e-08 
-2.0838383622e-17 
1.5571728795e-07 
1.9868568828e-22 
-1.1166840863e-30 
-2.4889917465e-14 
3.2640166125e-08 
-3.1788045493e-29 
1.8279358745e-01 
2.1459908113e+14 
2.6265723042e+29 
1.0657950363e-29 
-5.2788211302e-11 
7.9474908168e+37 
-1.2670788921e+24 
2.2209979783e-37 
-1.6676773895e+18 
-1.2944299833e+26 
1.0661098356e-28 
8.3652741783e+23 
-4.9251566078e+36 
-5.5708735242e+12 
-2.3898266600e-23 
4.5354021422e+16 
6.9853530939e+25 
1.5659648332e+30 
2.8982396000e+07 
8.7115605469e+03 
-1.4711070126e-25 
4.7523137425e-08 
1.3044710201e-08 
-4.4482156195e-23 
2.5492276390e+32 
7.4675379832e-33 
1.5455768416e-18 
5.3418264480e+27 
3.3684837455e+33 
2.2780469155e+19 
3.6455672000e+07 
-2.1105953979e+02 
-5.4562395524e-35 
-1.7271021755e-26 
-1.2139337080e+35 
2.5583013649e-34 
3.9973712478e-15 
-1.5649699008e-37 
1.1754410266e-28 
-3.0500890776e-24 
-4.3931808710e-21 
-2.6295850833e+31 
-1.7664973031e-17 
-1.8453117455e+31 
1.1257059570e+04 
-1.3846212588e-12 
-1.6000601551e+22 
1.6391755530e+12 
1.5814380561e-07 
-1.2164567364e-20 
7.3621119308e-17 
2.5262202000e+07 
5.3058589755e+23 
2.7352119141e+04 
1.3484156801e-27 
1.0131929126e+23 
-2.1973800370e-31 
2.0259468079e+02 
1.4606566727e-01 
-8.9427900093e-05 
-1.7619556187e+19 
-7.6501286768e+29 
-2.2777597863e-10 
-1.2465786422e-03 
-1.0980465014e+34 
1.2798781000e+07 
2.3427782381e-08 
-4.3438969442e-05 
-5.4169171200e+08 
-3.1727762682e-28 
-7.6284409900e-09 
-2.1197695312e+05 
-5.3197040000e+07 
-2.8499149707e-09 
1.4197362036e-11 
-3.7877939008e-08 
1.2989264298e-31 
3.7792987500e+05 
-1.1509986278e+30 
2.1127531976e+37 
2.1619622803e+02 
1.7205344000e+08 
-3.5906408541e-19 
5.7312231511e-02 
-1.3139646115e-36 
-4.1319113225e-02 
-8.4843114018e-02 
-2.8737910784e+10 
2.3601821571e-26 
4.1583690023e-14 
-1.1371350044e+16 
-1.8111184835e+00 
-8.8302090262e-07 
1.3870756757e-13 
-8.8659213304e-09 
4.6420450548e-23 
-1.1395350962e+35 
-1.0163066704e+37 
-1.1680162970e-06 
2.7364411048e+14 
1.3902800768e-29 
1.7030238728e-19 
1.0750231434e-11 
-1.7492323779e-12 
1.5907343336e-15 
3.1478599727e-09 
-7.4231122041e+30 
-1.2348789153e-14 
-2.7457369141e+04 
1.1529565670e-38 
-1.7076336145e+00 
-1.1482158059e+22 
-2.5510080723e-26 
-3.9815187850e+20 
1.1606357247e-01 
1.8962932825e+00 
9.8230654839e-04 
2.0586934737e-29 
-2.8765198047e-19 
7.8837186098e-01 
1.8003065843e+19 
-2.3177103969e-07 
4.3647000580e+22 
4.7381191066e+12 
4.7723756370e-12 
5.5657172852e+03 
-1.9269177747e+37 
4.1770423419e+13 
-1.4984861564e-14 
1.5159894551e-30 
-1.9021438753e+14 
1.4702392656e-25 
-1.5855367680e+09 
7.6002822880e-07 
7.2374610607e-38 
1.2673935547e+04 
3.3347708950e-07 
3.4285783068e+33 
-4.5562550000e+06 
-4.6016606348e-07 
-2.4339502343e-36 
-1.9546752319e-14 
1.9770734310e+00 
-1.0114657222e-32 
-4.3534373617e-06 
-3.2955472611e+25 
8.6113791913e-03 
1.5337547012e-31 
3.8354395000e+06 
3.4149663038e+20 
2.1389371094e+04 
-1.7642367284e-38 
1.1682707544e-33 
7.9670327133e+30 
-3.0460113215e-22 
9.2945235968e+10 
4.1848113760e-03 
4.0223537889e+12 
1.0872540995e-02 
-6.1446244705e+26 
-1.7131892622e+27 
1.8038606467e+28 
-6.1864582928e+20 
2.6019554577e+28 
-3.4542510499e-29 
1.9331060012e+36 
-3.6031774225e-20 
3.3963579802e+11 
-4.0899555025e+37 
-6.5041106345e+28 
-3.1602186650e+11 
-7.3928120730e+12 
1.0154123383e+31 
1.2405655556e+19 
-8.2754986941e+14 
-1.7632096634e-19 
-1.6628896062e+37 
-2.0569187200e+08 
6.6065222168e+02 
1.4045496875e+05 
8.2893168327e-29 
-2.4368275309e-31 
-9.7828142266e+23 
2.8197546644e-20 
7.9577621460e+01 
1.3310616899e+16 
1.8148180639e+24 
3.9445986167e+30 
2.6437494403e+22 
7.5238472381e+20 
5.5098930789e-14 
7.8669580607e-35 
-1.8371115034e-24 
4.3041456368e-23 
2.5808790400e+08 
6.6514527026e+36 
3.2619385593e-07 
-3.2087578219e+37 
1.0176869643e+14 
-5.6285085678e+00 
-4.8532150000e+06 
3.4570188610e-15 
3.0328211784e+00 
-6.1459542835e+11 
7.5084481904e+27 
-2.5506296875e+05 
3.6640875041e-02 
-1.0064556248e+14 
-2.7010472851e-12 
-3.2786351716e+34 
-2.4305873396e-24 
-8.7426647544e-02 
4.7867450079e+37 
-5.9091322124e-02 
-2.7990719953e-34 
-9.0614640640e+09 
-1.4674274136e-28 
-2.2010746004e-10 
-1.3506241960e+24 
-1.0071137950e+15 
4.3950726070e+18 
-1.3860958630e+30 
-8.0618661351e-19 
-8.2751718583e-04 
2.5993867885e+21 
3.6724215335e-10 
3.0827206956e-06 
6.1300507076e-15 
1.9203091661e+11 
-2.5296292216e-16 
-7.1568968502e-32 
3.4795596599e+22 
5.9909916073e+35 
-7.2248862125e-03 
-2.0087972932e-20 
1.5420376223e+30 
-1.4936767940e+25 
-3.1208867207e-02 
-6.3629592262e-08 
3.2466355010e-29 
-1.5416056832e-20 
4.5012897527e-34 
2.0691570975e-16 
-5.8292393907e+35 
7.1071581250e+05 
5.6623085243e+34 
-1.1123326328e+23 
4.7779333120e+09 
-3.1820783292e-29 
-3.2550869141e+04 
-9.4113383875e+19 
2.2463371725e+22 
-1.9751929259e-10 
1.4534411021e-02 
-5.6126853120e+10 
3.5942510493e-24 
-2.8038574965e-04 
-8.5728268545e+24 
-6.0047756840e-25 
-3.4332884073e+24 
3.4463896563e-16 
-5.9802757881e-30 
2.1063346863e+01 
-2.7020327747e-02 
7.2002951716e-28 
2.8175115574e-08 
-4.5980507519e+29 
-7.8345335972e-38 
-1.2390642798e-16 
6.3901702721e+32 
-6.4129468369e+34 
-1.7368276596e+01 
6.5048033501e-28 
3.9939267191e+29 
-1.6752612160e+19 
-5.8770459145e-03 
-9.9439700918e-10 
-7.0984589734e-12 
5.7540282184e-16 
5.8054024136e-36 
-3.7111845613e-01 
1.6570774668e-28 
-3.1726789120e+09 
-9.6694376290e-29 
4.1746819858e-25 
8.2138261388e-32 
1.1839389481e-04 
-2.5276775464e-11 
2.8000642779e-32 
-5.5591704986e+11 
4.3418584283e-08 
-4.9319985000e+06 
1.2685751971e-12 
3.2340912730e-04 
-4.2349441214e+14 
9.5888580608e+10 
-1.0956685769e+17 
2.5977977455e-34 
5.6148972511e+00 
-6.9475245255e-05 
5.6142496929e+30 
-1.5375778447e+13 
-6.3716067912e-31 
-4.6319987388e-28 
3.8475323910e+31 
1.1925526755e-12 
1.1007430652e-38 
-1.1160549897e+19 
2.9246482432e+10 
-1.6212760199e+13 
2.1735523537e-12 
2.2476874451e-37 
1.3771550490e+28 
8.1649017583e-29 
2.8518861532e-01 
-7.2490039747e-04 
2.6261843844e-20 
-1.2619597500e+06 
4.0982543504e+33 
            nan 
-1.2890853890e-35 
-2.9418637233e+27 
-1.9174560356e-20 
-5.9297627695e+31 
-4.8904386592e+23 
-6.3210516004e-31 
9.6428493987e-14 
1.5218933133e-37 
9.8327731735e-08 
1.0778539994e-14 
-7.9411705645e+36 
8.7468376523e-24 
-9.2923316469e+19 
-4.1356025960e-31 
-1.1863330257e+24 
-1.3693077746e+29 
-1.9954235177e-04 
4.2139858181e-36 
9.2845093999e-15 
5.2008634047e-35 
3.7990326891e-37 
-4.2664034792e+21 
2.3604633638e-23 
-4.6474319347e-14 
2.0153572269e-35 
4.6684649202e-11 
-3.6450387190e-22 
2.2434078979e+02 
3.9188607158e-31 
-8.1830585962e+16 
-2.4992750364e-24 
7.2931203842e+00 
-4.3177261662e+29 
-5.8203928173e-02 
-1.5970587737e+28 
-5.3054002381e+28 
2.7590151367e+03 
-4.0821029382e-39 
9.7519581177e+20 
-1.6222310547e+04 
3.2584473008e-31 
7.1705600228e-36 
4.4500970459e+02 
-3.9317543610e+20 
8.6116996670e-37 
-4.9099285528e-35 
-2.2269312596e-31 
4.9925850121e-09 
3.8307019924e-22 
8.0868186870e+17 
-1.0937636208e+38 
1.2964443216e+25 
-4.9447449955e+17 
3.1032135439e-07 
4.3534573541e-18 
-6.3780589404e+12 
-1.6568001454e-33 
3.0246243074e-36 
2.6921766221e-06 
2.6684626441e+15 
8.1243737600e+08 
1.1984651049e-09 
-1.2319976636e-11 
-4.1546228814e+30 
-1.6813640563e+30 
-2.6975328557e+32 
1.8477899887e+28 
1.1842234802e+02 
-3.5490080038e-34 
5.3295700297e-08 
4.9881450718e+33 
-2.5831828480e+09 
-4.7821627654e-24 
3.1738723309e+37 
5.7454040115e+34 
1.3417319167e-07 
-9.3785470724e-01 
6.3196523080e+22 
2.6507018134e-02 
-1.0108592214e+31 
1.4941606487e+35 
3.5794028984e-36 
-2.1403409471e+23 
1.7560451840e+09 
-2.7921234141e-04 
-1.2665202934e+12 
1.3335781802e+33 
-1.7646879587e-24 
-7.5102623356e-34 
1.6372153220e-18 
9.5109207099e+28 
3.8969605804e+32 
-2.3559846616e-15 
            nan 
-4.6138648759e-04 
2.7760116367e+13 
-3.5483576357e-04 
-1.1052906513e-02 
-1.1308246006e-12 
-3.8560916684e-32 
-4.9236766884e+12 
1.9209584829e+15 
-9.4594313314e+25 
-2.8893253360e-19 
1.5024945106e+22 
-2.5940820312e+02 
-6.1535003877e+18 
3.0786501500e+18 
-1.0848570128e-05 
-6.4713134080e+10 
6.4981461103e+32 
-1.8525491379e+26 
-1.3642136405e+17 
9.3922507812e+04 
1.5944589716e+34 
-5.9452384707e+31 
-6.9056020753e+18 
1.0794401289e+17 
-1.1012779932e+19 
-1.3187011230e+15 
5.9571512043e-02 
-2.6126945914e+29 
4.8162910586e+19 
9.8966516813e+31 
4.4508320477e-20 
6.4438509071e-06 
-1.7897777907e-26 
-2.2363446400e+08 
4.4259317219e-02 
-2.6498371963e+16 
1.4097064453e+04 
-2.0949224102e-34 
-2.3894334428e-11 
-5.5084291513e-21 
3.1201411133e+03 
2.0749956932e-21 
-1.9110973227e+22 
-6.2807757737e-18 
7.6287109375e+02 
-1.0300622482e-20 
-1.6625532030e-34 
2.4630263448e-01 
4.1667483349e+33 
6.5651599712e-09 
1.5498587999e-16 
-2.2518359550e-23 
-1.5387796021e+02 
-2.4206559603e+32 
5.9394256628e+16 
-3.1507328061e-15 
-8.1553311789e-21 
5.8288892805e+13 
2.1998796800e+12 
8.2161113267e+32 
-1.7616654080e+09 
-7.7021258072e-31 
-5.4060104910e-39 
1.2697562836e-29 
8.1808330000e+06 
-6.7457485685e-37 
-1.9776240680e+35 
-1.6684747502e+16 
5.9981815058e-32 
-1.7851353088e+10 
3.8567876853e+29 
2.9173977012e-08 
-2.5451751650e+33 
2.5241695147e+19 
-1.2640080280e+25 
2.6882194106e-06 
9.7538435662e-11 
7.6810106961e-33 
4.7973380063e-20 
3.1530116000e+07 
-7.5252549861e-24 
-2.1252587364e-12 
2.4619604704e+23 
1.9453818738e-24 
-9.2117872555e-04 
-5.7109212500e+05 
-2.1449327669e+31 
-3.7241125000e+06 
2.5757889249e-38 
2.8727428000e+07 
9.2455320555e-06 
6.8567236812e+35 
-6.3475139439e-02 
-4.0399211798e-07 
3.2288968646e-38 
-2.4209897935e+37 
-8.3435845000e+06 
-6.7754224648e-37 
1.2331794688e-17 
-1.3802854305e-20 
-1.6826292581e-09 
3.3750551040e+09 
-5.5521732330e+01 
-1.0889292508e-01 
-9.4963840000e+06 
-3.8335228885e-17 
-4.7653124936e-15 
-4.0695496704e+10 
2.9062812127e-35 
-7.7238347213e+33 
1.1919319630e-02 
2.7528841429e-09 
-2.3715093539e+32 
4.4648931950e+35 
-9.4430014278e-39 
6.5613024771e+26 
-6.7029343939e-36 
5.2023300668e-04 
-1.6906638827e+17 
1.3147443716e+28 
5.4169192689e+17 
4.0213161047e+35 
-1.2037930079e-02 
1.7612957381e+29 
5.2892258602e+36 
4.1735500595e+12 
-1.2203559979e-18 
7.7615832197e-06 
-1.3208434105e+01 
2.4034958032e+36 
1.3058364041e+14 
9.0838381853e-21 
7.7688650229e+14 
-1.6093338672e-33 
-1.0517408147e-24 
1.3280369568e+02 
2.8012206724e+21 
-2.1083701885e+33 
5.7793802023e-01 
-3.8742106767e-07 
1.5038804527e-30 
-1.6117382050e-01 
-1.6986065332e-12 
1.1878853456e-08 
1.3779260934e+28 
-5.0345153809e+00 
1.9342875000e+04 
-3.2214342161e-20 
3.7555679053e-14 
8.8119362412e+36 
9.9577307701e-03 
2.1952382081e+38 
8.6949480420e-35 
-1.5572204590e+01 
-5.6373486008e+26 
-1.7361041397e-16 
7.2831962683e-11 
-3.9159421984e-31 
-7.7481725353e+37 
1.9810795520e+09 
-1.3287255326e+30 
-5.8855042371e+28 
4.8242603668e+37 
1.0599546694e+37 
1.7304237933e+38 
1.9334857527e-27 
-3.3541085990e+18 
-1.4262145996e+01 
2.3524725815e-22 
-2.7730189335e+28 
8.7331661122e-20 
-4.1620247066e-04 
-1.2118004402e+20 
3.0868891535e-19 
1.3835594979e-17 
-3.3700129484e+27 
-3.4323759113e-13 
-5.5740472748e-34 
-7.9043231744e+10 
-9.1606189729e-17 
5.8123374285e-36 
-1.1326975747e-40 
-5.8073887809e-33 
-3.7668178265e-07 
-9.8928504277e-13 
1.9317862400e+08 
-2.8343428710e+13 
-6.3536784696e+25 
-9.2612113804e-05 
1.9526724409e-33 
3.1664573355e+38 
-3.5906150400e+08 
-1.5291587441e-12 
9.7136125751e+30 
-2.7572204563e-20 
-3.0315050026e-08 
1.4473718923e+23 
8.1674435126e+24 
-1.3136789203e-03 
1.0042680000e+06 
-5.2715925783e-34 
5.0028438771e+17 
-1.9196630901e-34 
-6.8789331788e+20 
-5.6981442442e+18 
-5.5831381185e-13 
3.7162191466e+35 
-2.7437579118e-14 
1.5952670488e+25 
1.6381093438e-29 
-2.6214165387e-14 
-9.2218065154e-18 
2.1592235565e-01 
-3.3303902822e-30 
4.1190585944e-30 
-6.2285760000e+06 
5.9393130414e-09 
3.1000185761e+22 
-2.3988263820e-08 
1.8082402864e+21 
-4.7716277595e-18 
-4.9163200000e+06 
-1.2034082822e+30 
-3.7288619398e-38 
-8.7544971272e-12 
1.0590565600e+08 
-4.6835198914e-11 
-1.8455615052e-38 
1.4000190947e+28 
9.8827853257e-25 
-6.9240679856e-09 
-2.9358365536e+00 
-1.7794426391e+16 
3.2659115755e-13 
3.3917651377e+22 
-4.9203460986e-16 
-8.6231856960e-27 
-6.2936895810e-25 
-9.5812723956e+20 
-6.2471396358e+19 
-2.2620056000e+08 
8.6713193750e+05 
4.1860919233e-20 
1.1026798747e-02 
2.4742966309e+03 
-1.5330394480e+26 
1.6601606039e-03 
1.4629358750e+06 
4.9702532533e+24 
-4.3539060361e-23 
7.9886232044e-24 
7.5927470923e-29 
4.8245746094e+04 
-3.2999555866e-10 
-2.4902799129e+00 
2.4617283212e-10 
4.4658395386e+02 
-8.3126984525e+20 
-6.9052064072e+13 
6.7612744194e+15 
-8.6597186838e+15 
2.2874012745e+38 
-1.8045357361e-19 
9.9808136477e+27 
-9.4737740439e+26 
-2.2622299444e-31 
-1.5915515572e-09 
2.6810077595e-12 
-1.7430061561e-23 
-3.4094594061e+32 
-9.9543042721e-35 
-1.2889468768e+37 
1.1438041480e+18 
-8.3209840645e+25 
-3.2542536916e-13 
3.2481074576e+16 
-8.8032513636e-26 
8.1721981250e+05 
-3.1561617999e-22 
9.2165766660e-19 
3.5954565714e-11 
1.2559060547e+04 
-4.6259169167e-16 
-3.5862663935e-05 
-7.9950320000e+07 
-1.0824956957e-27 
-9.7439274192e-02 
-2.2516696597e+22 
7.0337142379e-19 
-1.3392619032e+14 
-9.6617717645e-05 
2.5371797505e-20 
5.9519030000e+06 
-2.5198801911e-27 
-2.6555679020e-29 
-3.9019847463e-05 
-6.1184539384e+20 
3.9023813478e-13 
-1.7410597996e-24 
-3.3327372512e-04 
-1.0732606000e+07 
1.0272998750e+06 
-1.3538325376e+20 
2.2879705648e-04 
4.8482532327e-37 
-7.4593438431e+28 
-3.8025309355e-13 
3.4501554457e-17 
2.3315426397e-30 
9.8709922579e-35 
-9.0705504000e+08 
1.9981738486e-09 
-3.6356945050e+22 
-7.1233804338e-03 
9.3685921456e-05 
-1.1418863363e-18 
-2.2672197699e+26 
-6.9501432000e+07 
8.5240956954e-19 
-2.5826039999e-38 
5.9010892857e-25 
8.8639982494e-35 
5.1329437192e-37 
1.4971140450e+26 
-1.5251204825e+22 
1.8196898438e+05 
2.5685871701e-34 
4.3851826993e+23 
1.4509736560e-02 
-1.3217117333e-21 
-2.5717656172e-05 
1.0387530087e-24 
2.2843516577e-24 
-4.3044734001e+00 
-3.4150279826e-10 
-9.7042553127e-02 
3.3604583005e-10 
5.1788927311e+18 
1.0942732580e-26 
4.5672884556e-28 
-1.1386969258e-36 
-6.1011196000e+07 
-3.3234069718e-08 
3.6644656000e+08 
-2.5005231543e-33 
2.2358651415e+24 
-2.0137421322e+19 
-1.9716734848e-36 
-1.0615415603e+11 
-3.3337998957e-06 
9.2869623006e+21 
-9.6431800985e-22 
-1.3629385285e-25 
-4.2593465497e+20 
6.5137270403e+34 
1.5550539274e-06 
1.0095888635e-35 
-2.2845429845e-17 
7.6261125059e-07 
-9.3853996277e+01 
6.7083197021e+02 
-6.1711073751e-11 
1.3126021709e+20 
3.4759069993e+27 
5.0229983277e-29 
-1.7744544968e-35 
2.6013277686e-20 
1.0105528831e+01 
8.5763863347e+11 
-2.7044949341e-33 
-4.9210126262e-26 
-2.0652452967e-22 
1.5978811523e+04 
2.1524558524e-10 
-1.2611336864e-08 
1.9827417088e+11 
-4.8401612689e+37 
-4.7812755456e+11 
-1.8389910295e-14 
3.0444082592e-18 
-1.2058604325e+34 
-8.2237151682e-17 
-1.8660870253e+37 
-6.9004314083e-15 
4.9121020200e+15 
-2.0345729275e-15 
-6.1872538053e-23 
-1.1169853213e-28 
-2.1952874564e-19 
6.2357264932e-21 
2.7086957158e-24 
-6.6758766803e+27 
-6.2801237696e-36 
2.6313114823e+29 
-1.6211188669e-26 
4.5508004761e+02 
3.0891099211e+24 
1.0820997542e+30 
4.3798978440e-03 
1.3011305925e-15 
1.4144329498e-30 
2.0523217972e-03 
4.2262250898e+36 
7.3606432672e-37 
4.0004343379e+26 
-8.7510880487e-11 
-3.0599543892e+16 
4.3374483357e-04 
-2.1617303120e-38 
-4.6771396875e+05 
6.4424336976e-09 
-5.1752845913e+35 
-1.6376940120e-38 
2.6250465690e-10 
-1.4544545673e-02 
1.2666943000e+07 
-2.8073924635e-35 
3.6927125945e+37 
2.1789623047e+04 
-4.5300916235e-32 
-3.4749358384e-29 
-1.4556977081e+29 
-1.5787186942e+21 
2.0659117472e-10 
-7.8459008034e-30 
-5.4808390920e+35 
-1.6154742474e-11 
-3.4782739733e+18 
1.5534610176e-30 
1.6929587918e+27 
-4.2984928484e-38 
-2.0070714915e-27 
-3.9006406400e+08 
8.4162982598e+29 
2.7776891948e-25 
9.7691645351e-06 
3.1807617651e-10 
-1.9442991471e+14 
-2.0748191971e+36 
-2.7887175688e-24 
-9.3241434562e+21 
6.9588852367e-14 
6.6475388331e-28 
4.5670989489e-16 
-2.4853821844e-02 
-3.4135923287e+23 
-3.0238538501e+32 
-2.3804790166e-36 
2.6307393750e+05 
-4.4756988550e-32 
1.2189359079e+18 
-1.1742896152e-12 
3.7796987701e-34 
-1.6577555145e-28 
2.3028949798e+33 
6.0308687389e-02 
-5.8955672277e+36 
-1.1300839424e+01 
-7.8106038304e-10 
-5.5302381236e-20 
2.9467343589e-18 
1.3891675972e-15 
-2.4741574400e+08 
5.2194558774e-32 
1.0151072640e+09 
-5.6400585891e-06 
1.0090717474e+21 
-1.0360639831e-17 
-4.4780552599e-08 
3.9638137451e+19 
-4.8836526876e-20 
2.3189461664e+13 
-4.4789057478e+33 
-1.8099304953e-06 
-1.4130646844e+17 
-4.0726854369e+12 
1.4801827875e-29 
-1.5786284815e+21 
9.4300124329e-04 
2.2215449106e+32 
2.4030267141e+28 
-1.1603113671e-04 
-5.9803956690e-36 
2.2105546586e+18 
-1.5594463052e+30 
-2.0959838863e+13 
-2.8215239374e-34 
-5.0926874809e-33 
5.2029393958e-21 
-1.7197558966e+33 
1.2025166870e-23 
-5.0283561960e-25 
3.7748206431e+17 
7.0739136000e+08 
-1.3729437178e-20 
1.4141146812e-18 
-1.3888094579e+17 
-6.4528863724e+14 
1.2944915215e-04 
-1.3235315855e+14 
-4.0254213333e+17 
8.9561555069e-04 
9.8919986953e-29 
7.2003434500e+16 
1.6923469957e-03 
-1.0540183212e-05 
-1.5176466170e+13 
-1.0194334717e+03 
7.9186991337e+31 
5.0931872743e-17 
-4.6052742188e+04 
-1.0087522853e-22 
-4.0049899161e-12 
5.1922052329e-22 
-2.0570321446e+28 
2.3774530308e+36 
-5.2261971862e-22 
-8.2383972168e+02 
-2.5496970764e+23 
8.1202222191e-07 
-4.4185392559e-02 
1.6103235870e-36 
-4.8173698327e-21 
-1.5365745514e-13 
-5.4649151340e+20 
5.8413898793e+12 
8.8923744000e+08 
-4.5476686306e-10 
-1.9060881408e+10 
-1.8692539477e-36 
1.7132404374e-17 
-4.8285370007e-28 
5.4189613437e-23 
-1.5058722606e-24 
2.2972776325e+26 
2.3930482389e+37 
-5.0297685601e+26 
-3.6359746094e+04 
4.3546375394e-08 
2.0830180636e-10 
-1.9118425766e+25 
1.3981062593e+24 
-2.8504106808e-07 
-1.4391251202e+21 
1.3135254725e-38 
1.5200987946e-05 
7.0364197512e+31 
-1.5173697219e+34 
-2.1764841309e+03 
-2.0409216437e+27 
-4.1335108669e-09 
9.4051938683e-36 
1.7125674793e-12 
4.8967182617e+03 
5.7447068037e+34 
2.0297685373e-26 
1.6488655422e-28 
-1.8120620800e+09 
6.6239381301e+31 
1.9079373721e+24 
3.7386765277e+36 
9.6113725507e+25 
5.9245600460e-36 
-1.3888186523e+04 
2.8179499647e+38 
-2.4355210771e-29 
-5.0505432993e+30 
2.2934875000e+06 
1.1438042168e+18 
8.2197534720e+09 
-2.9138335726e-15 
1.7090813268e+24 
7.0762343671e-15 
-1.4492042143e+16 
1.2300124281e-38 
4.3894036625e+17 
-4.1197421993e-13 
-3.4439601393e-08 
-6.7163659668e+02 
-2.3009888494e+23 
-6.5808346862e-22 
-7.2818734261e-16 
-4.3937719945e-14 
6.1439882933e+31 
1.3537475968e+34 
-1.4785446167e+02 
-1.7917079385e-03 
-8.0004273411e-29 
6.0371451316e+33 
-1.4488706589e+01 
-4.0481321514e-02 
-1.1889988708e+02 
-2.1581131776e+10 
2.8241246042e+32 
-2.1724213867e+03 
7.6241422011e-26 
-4.5651437383e-23 
-1.3041400234e-04 
8.8916006797e+13 
-7.0247616318e-13 
3.1696873522e-37 
-3.3960324888e-15 
8.9965810218e+15 
2.4450915194e+34 
4.6849024295e-34 
3.1408647905e-10 
-3.4614579942e+33 
-8.7094944320e-05 
1.6451210172e-07 
-9.3507484375e+04 
2.9484777472e+12 
8.0844515082e-08 
3.8477651775e-02 
1.6087912550e-23 
1.2042360924e-13 
2.1436089720e-22 
-4.5617479086e-01 
1.0604247740e+24 
-5.6144802349e-12 
2.2968015191e+29 
-1.2150189877e+00 
7.1249375899e+32 
-4.4485239906e+24 
-2.9655636178e+37 
1.1119465302e+24 
8.8288102661e+20 
-2.7219001358e-11 
1.0061032653e+11 
-2.2009941936e-01 
3.0669366465e+24 
1.7371191596e+21 
-7.2027590409e+25 
-3.9331952807e-28 
-4.2820285281e-15 
-9.0785503387e+00 
-3.6255546223e+20 
3.1031485647e-02 
3.1302375428e-24 
-5.1116600305e-15 
-2.0143252402e-15 
-2.9394373894e+00 
7.0397048012e+16 
-1.4002683313e+33 
1.6953352747e-32 
6.4613398938e+24 
-2.2769785573e-05 
-4.4564276548e-29 
-7.1898210304e+10 
8.0764223274e+34 
-1.3540811177e-18 
-8.9874172477e+12 
1.5707116250e+06 
7.5861480000e+07 
6.9950975865e+26 
-1.7744876250e+06 
1.3015498731e+27 
-6.2377337815e+12 
-8.6089345703e+03 
1.8304252314e+11 
1.1569898511e-10 
1.0436506818e+17 
6.5828750451e-08 
2.5147421895e+37 
-2.4094438352e-29 
2.3830087144e+19 
5.0773308612e-03 
4.2880264282e+02 
-1.9855257438e-09 
2.3091168739e+24 
-1.7101850920e-20 
1.4548943592e+25 
-9.0070236144e+22 
-2.0141553562e+18 
-1.6995828015e-19 
9.3590908264e+21 
1.0294313142e-05 
3.7282191362e-37 
2.8910025957e-13 
-1.0637578681e-23 
-1.4149730191e+22 
-4.7229093661e+29 
2.0306397838e-30 
1.1205447680e+11 
-2.2179988857e-36 
3.4477190926e-37 
-1.6212751360e+10 
4.5291612144e+21 
9.9802899152e+20 
-4.1644043728e+32 
-5.1411290082e-17 
1.0444379041e-21 
-3.0450399208e-05 
5.2546821505e+32 
-1.1246135001e+26 
-2.6167736892e+23 
2.4432328000e+08 
-3.4752040936e+23 
2.1883703281e-21 
-2.0341647878e-38 
2.1309244037e-19 
3.9048782696e-07 
-2.6298262813e-21 
2.6709638714e+29 
3.7224616722e-09 
-2.6590866874e+35 
-3.9459173631e-32 
-1.7033083643e+14 
-2.6119302054e-27 
3.1966091246e+17 
-3.0800561345e+32 
-8.8072680000e+07 
-6.1033056118e-03 
5.6875403360e-34 
-2.6979192218e-28 
-5.0001895428e-01 
-2.4429133204e-38 
-2.6740465945e+30 
-6.5600302734e+03 
-1.0141264765e+32 
-7.0940930907e-10 
7.3049748472e-09 
-2.9908041998e+30 
-3.6798898926e+03 
8.2697425796e-07 
9.6101541658e-07 
-1.0163410667e-20 
7.6409803527e-30 
5.3780171807e-20 
-1.0411980306e-10 
4.2548670761e+17 
3.9991600513e+00 
-9.0866904903e+22 
-5.8412580339e-20 
-9.0554800408e-05 
1.3598150383e-09 
9.9306919856e-26 
6.1135981538e+26 
-1.2272093564e-08 
1.3993980435e-35 
-1.5559584306e-37 
5.5560050984e+19 
7.7926642916e-06 
-2.5945014610e-36 
1.1720838532e-22 
4.5333235175e-04 
-2.0181526484e-29 
1.4722680954e+30 
-6.2369138002e-01 
5.8111220000e+07 
-1.0604809570e+04 
-1.3795956612e+01 
4.6066634493e+20 
-3.2321126921e-35 
-4.9630827084e-34 
1.5061825715e-38 
-7.9248269368e+31 
1.4877881701e-31 
3.0250896840e+20 
-3.7640391050e+24 
-1.3924048609e+17 
-1.2251784672e+30 
8.9892253382e+34 
-5.3361237034e+35 
-5.5223572480e+09 
1.4601812665e-33 
-1.7252167596e+34 
-1.2088531775e-21 
5.0070319052e-24 
-1.0916769125e+21 
2.9246963250e+23 
2.5488843562e-20 
2.5638808031e+22 
-2.4061587006e-14 
4.1821681518e+21 
1.5362739135e-17 
4.6461250434e-23 
1.5408288993e-16 
-2.8450223153e+24 
1.5525060547e+04 
-1.0067522914e+18 
-1.0244268379e-20 
6.0249333760e+10 
-2.5600035780e-38 
7.2447367550e-11 
8.1060921864e-11 
-1.1825254440e+01 
-4.6828037623e-24 
-1.6919311004e-12 
-6.5757458072e-13 
5.9382257777e-37 
1.7961479954e-19 
-1.9745997500e+06 
-2.2908200817e+23 
2.1821025443e-23 
9.8273050624e+10 
1.0777832540e+15 
-8.1322176198e-27 
8.8311440785e+17 
1.2651848438e+05 
5.1023762165e-27 
8.4679767141e+24 
-2.8342087680e+10 
-1.9756921189e+24 
-1.2287629059e-32 
-1.5542371200e+08 
4.0496481582e-20 
2.1420792048e+17 
-2.0603680537e-23 
-1.0756356096e+10 
-4.6644968704e-13 
-8.0361814119e-17 
4.0455411421e+31 
7.7673360624e-33 
-1.5218740490e-15 
7.8093273956e+28 
4.8763193174e+32 
1.1698760500e-04 
-4.2868939209e+02 
1.8008606701e-26 
5.7408942553e-37 
1.7068200684e+03 
1.0962663424e+10 
2.6042057600e+08 
-1.3387132912e-35 
-9.2461552000e+07 
2.8378593697e-07 
1.0680885225e-06 
2.3791274823e+20 
-1.1758428001e+22 
1.1336054260e-33 
1.5489598000e+07 
2.1430376012e+21 
2.9428336773e-36 
3.5113929455e-25 
1.2010842099e-08 
2.9765793750e+05 
7.5307802734e+03 
6.6354633383e+17 
-2.5427696697e+26 
-1.0345352405e+21 
-1.1815366448e+15 
3.0977736800e-30 
-4.3301552734e+03 
-8.0402687546e-13 
-6.7600491539e+31 
-4.6624648064e-31 
-3.9926323882e+37 
2.6592255272e-16 
-9.2895851315e+11 
-9.5242483992e-23 
7.1822484375e+04 
2.0911757500e+06 
-1.7570121094e+04 
1.2383731214e+14 
-1.7976492889e-16 
-6.4376294517e-08 
1.2695927065e+20 
-2.8334331409e-11 
5.6215540527e+34 
-4.0609377262e-39 
5.3109678146e+13 
9.8391156644e-03 
9.6125605469e+03 
-9.4672953830e-14 
1.0487950558e-30 
9.2311618568e+20 
3.7064260142e+22 
-4.6685198605e+24 
6.2784217971e+20 
-2.7749396730e-30 
-3.3300180462e-25 
-2.7230548323e+36 
3.8553135947e+24 
2.3077782400e+08 
-2.5407516479e+02 
-7.3226312046e-28 
1.0029821036e+15 
-4.0537111461e-02 
1.1415267342e-10 
-4.3368393321e-09 
-2.1842564708e+17 
9.0779719176e-04 
-6.2986560822e+01 
-5.9096870245e-04 
-1.3452806950e-36 
5.5411249986e+16 
8.1160122607e+24 
3.0376082102e-14 
2.9953610889e+26 
-2.2325718500e+25 
1.7259682862e-18 
2.2421500017e+38 
-8.3059316369e-11 
4.0351238281e+04 
2.5454113172e+27 
1.3515419868e-33 
-1.7476423965e-28 
-2.3093566816e+24 
2.0078772679e-02 
-6.4739240635e-09 
8.3977667871e+12 
2.1329799057e+30 
-3.9853008589e-13 
6.7586072301e-21 
-4.2704945000e+06 
4.8736399805e-08 
-2.0294118386e-08 
-8.5029536580e-13 
-3.5235174695e-13 
4.4896376241e+21 
-6.2631713850e-17 
-1.4912259066e-03 
1.2619871370e-07 
-5.2448070663e+36 
5.4405813898e-06 
3.1485192192e+10 
-4.9442979327e+27 
1.6624548702e-26 
1.0414852974e+20 
4.9504682449e+20 
-4.2190613585e+21 
7.8012505166e-37 
1.1939276250e+06 
-1.1809749664e-24 
-2.5825090422e+23 
2.0176672087e-14 
-6.0918519302e+34 
-5.2063689001e-39 
-8.0333477668e+14 
-1.4503244892e-32 
-4.0654973429e+34 
-1.5675703951e+12 
9.3440487878e+33 
-4.5245183468e-12 
1.5500112568e-05 
1.2808104960e+09 
2.3410669416e-32 
1.9729641735e-25 
-9.0059535350e-13 
5.2714778022e-23 
-1.1846902367e+36 
5.8808025296e-28 
2.6674557964e+16 
5.4410642007e+17 
-1.5431282836e-18 
-2.0611086426e+03 
3.3983925997e+35 
1.4991320358e-24 
-8.1543425081e-17 
1.8502546457e+34 
-3.0714884827e-26 
-1.3007661669e+28 
2.6753472663e-21 
3.3301665419e+31 
8.7493410666e-16 
4.5019047287e-15 
1.0518589959e-25 
-2.5164955618e-26 
-1.5053647663e+25 
-5.3278456000e+07 
2.8281897574e+19 
4.3409527824e-34 
-7.5600927734e+03 
-3.0317295312e-22 
-8.9056700624e-24 
-7.2104089917e-17 
9.2738871347e+36 
-1.3885893632e+31 
8.9019475558e+11 
9.8113293977e-22 
-4.5252751605e-27 
7.4049082838e-12 
8.8386206409e-30 
7.6634262085e+01 
4.4974321127e-01 
-1.5418814000e+07 
-3.5254467435e+34 
-2.5855267334e+02 
9.3619355469e+03 
-3.0137647104e+13 
-2.9419718400e+08 
5.7110575824e-08 
-6.0130449666e+28 
-4.8167936504e-02 
1.6336419503e-04 
1.5045648255e-31 
-1.7351246129e-07 
-1.5854886806e+16 
-8.9576327801e-01 
5.1649320059e+12 
-7.4656313132e-08 
1.2538241100e-36 
8.0823769349e+18 
8.1789484446e-15 
2.0034833480e+35 
3.6614196868e-38 
-8.4761418138e+11 
-2.7313513886e+23 
-1.0513572985e-32 
-1.1526492307e+27 
6.0633923312e+19 
-6.9266710783e-25 
-1.3339962074e+31 
4.4784630323e+19 
1.0711811483e-01 
-4.0025187942e+11 
-3.2111218083e-15 
1.6406340175e-10 
-1.1291413656e+14 
1.1909340332e+15 
-7.3417743377e+35 
-1.1937700560e-21 
-1.3929832082e-22 
-3.1916427893e-19 
-4.2253148160e+10 
-9.8048096322e+28 
-9.1454848659e+27 
-1.2124143310e-14 
            nan 
-4.0218674265e-19 
5.3264759270e-10 
-1.6434664136e+28 
1.2870092145e-11 
-1.2894902612e-38 
5.8395496771e-11 
-2.0667999454e+19 
-1.7001546210e-37 
3.1783282672e-09 
-8.3794620548e-12 
9.5708580880e-23 
6.1230253777e-05 
-2.1475220171e-33 
-5.6842967040e+09 
-1.0792005511e-08 
1.3391357344e-35 
-7.2875243617e-09 
-2.3786171702e-15 
7.3845427556e-34 
-5.0224253918e-32 
-2.1048213959e+01 
1.4946290728e+33 
2.1304545322e+16 
6.9140574673e-31 
-6.4311666941e-22 
8.0526264238e+12 
6.8278183921e+30 
1.8468296875e+05 
2.0251101565e-35 
-3.7011069170e+27 
1.3304172381e-18 
-6.4100194741e+17 
6.7433930949e+13 
2.5117091453e+28 
-5.5320547767e-36 
3.7975348182e+25 
-3.7147144898e-14 
-5.7476779602e-07 
1.7436696875e+05 
-1.2233012239e-04 
-9.6365495988e+30 
1.2381413169e-12 
6.9858800000e+07 
-1.5567519586e-04 
2.9960826880e+10 
7.1691264399e+31 
4.6615131460e-13 
-1.3056123497e-14 
1.3961100791e+20 
2.4967759250e-24 
1.0780412769e+29 
1.2843998337e+17 
1.1035646821e-05 
2.0036074488e-07 
-1.1300963815e-03 
-1.4936768678e-32 
-1.9599147501e-26 
2.3473532000e+07 
-3.4830292947e-13 
1.5783666960e-29 
-4.4353123604e-12 
-1.3857541606e-02 
1.6164941244e+31 
-1.0344621871e+34 
-3.7836915675e-13 
1.9963162880e+09 
-1.1517776187e-35 
1.4245012293e-32 
-2.4550957725e+30 
-3.5290059346e+19 
7.6124381250e+05 
4.6677518423e+28 
2.5586609201e-18 
8.0564672852e+03 
-1.0437610443e+31 
-6.7625575686e+33 
1.3392135464e+18 
1.6200015773e-09 
9.3495460263e-09 
2.5703481696e-23 
1.1696031047e-15 
9.7761207581e+01 
1.6451249606e+35 
4.3585804481e-36 
4.7933115275e-04 
-1.3530058203e+18 
-7.0146728831e-05 
-6.4363885407e-27 
1.6088312259e-04 
2.8867183007e+18 
-3.8035404882e-30 
7.3635297859e-10 
7.4069410078e+30 
-3.6843369562e-32 
-6.1656782702e-20 
7.6811814308e+00 
1.9732027608e+27 
2.9525223222e-36 
9.5266717799e-23 
3.1491556734e+19 
-1.1652637982e+34 
3.3687779207e+37 
6.7732900899e-21 
2.6749840970e-30 
-3.5236345283e+12 
1.9542607129e+36 
1.0759293968e+30 
-2.3459528732e-17 
1.5193251371e+00 
2.2284020941e+11 
-3.1249822683e-18 
2.2599571904e+36 
-4.6954706789e-08 
2.0527667066e-10 
6.2826555000e+06 
-4.8557112495e-22 
7.1874232335e-21 
-8.7408822775e-01 
-8.8113169869e-32 
-9.1580781847e-10 
2.1416338754e-12 
-1.2016431308e-33 
1.7909623624e+33 
-6.9843183541e-36 
-4.4436352000e+09 
-1.0919868952e-20 
-7.2137205998e-31 
