2.3509887016e-38 
0.0000000000e+00 
0.0000000000e+00 
0.0000000000e+00 
0.0000000000e+00 
0.0000000000e+00 
0.0000000000e+00 
3.5873240687e-43 
0.0000000000e+00 
0.0000000000e+00 
0.0000000000e+00 
0.0000000000e+00 
0.0000000000e+00 
0.0000000000e+00 
0.0000000000e+00 
0.0000000000e+00 
0.0000000000e+00 
0.0000000000e+00 
0.0000000000e+00 
0.0000000000e+00 
0.0000000000e+00 
0.0000000000e+00 
0.0000000000e+00 
0.0000000000e+00 
0.0000000000e+00 
0.0000000000e+00 
0.0000000000e+00 
0.0000000000e+00 
-4.4236203410e-34 
7.1746481373e-42 
0.0000000000e+00 
0.0000000000e+00 
0.0000000000e+00 
0.0000000000e+00 
0.0000000000e+00 
0.0000000000e+00 
0.0000000000e+00 
0.0000000000e+00 
0.0000000000e+00 
0.0000000000e+00 
0.0000000000e+00 
0.0000000000e+00 
0.0000000000e+00 
0.0000000000e+00 
0.0000000000e+00 
0.0000000000e+00 
0.0000000000e+00 
0.0000000000e+00 
0.0000000000e+00 
0.0000000000e+00 
0.0000000000e+00 
0.0000000000e+00 
0.0000000000e+00 
0.0000000000e+00 
0.0000000000e+00 
0.0000000000e+00 
0.0000000000e+00 
0.0000000000e+00 
0.0000000000e+00 
0.0000000000e+00 
7.9483968833e-22 
-1.3631187468e+31 
6.9370582581e+01 
2.4165278171e+33 
-1.9865370624e+11 
-1.1372367116e-23 
3.0658720492e+37 
2.4746388584e-30 
-8.7451150211e+31 
-2.1408896875e+05 
3.6385186786e+28 
4.3010283520e+09 
1.9720089893e-37 
5.3191465760e+22 
-3.1745141760e+09 
-4.1842424329e+28 
3.1526562062e-15 
-1.1795348067e+26 
2.9933285987e-05 
-4.2231720858e+15 
2.0972377552e-35 
3.4851668670e-14 
-1.2554937439e-34 
4.7491427366e-34 
-7.9257244960e-38 
-2.5535167454e+35 
-1.2671024800e+08 
-1.4130425211e-23 
1.0328047334e-35 
1.7785412073e+00 
1.3735097344e+10 
6.6322932060e-18 
-6.5789301303e-18 
-5.4450892078e+15 
-1.3189695312e+05 
-5.5256353556e-14 
1.3061775853e-22 
2.6978259740e+38 
2.1186194886e+19 
1.4442496875e+05 
2.5889817675e-34 
-8.3733572147e+29 
-6.8590634473e+36 
-2.1582061901e+27 
3.4522003407e+13 
1.9927294713e-20 
-5.9394183455e+22 
7.2809059199e+28 
5.3289208000e+07 
2.5093737269e+16 
4.8270795905e-36 
-1.6453687933e+19 
-5.6134585975e-06 
-1.8748699963e-31 
2.3363688784e+33 
2.7948398520e-31 
5.6393603165e-39 
6.9671657564e+14 
-7.4082309714e-26 
-3.3684564209e+02 
5.6217559040e+10 
-2.6433369227e-27 
-8.5891704559e+00 
-8.1750760771e-21 
-7.3092802734e+03 
4.5662671026e+37 
9.2454254943e-29 
-1.9298934195e+20 
-7.2295023588e+14 
-4.0738821030e+00 
6.3304778896e-32 
-1.5491694039e-10 
-6.3824242188e+04 
7.3438787500e+05 
-6.7111012171e+18 
            nan 
-5.5342796816e-17 
6.8678577910e+15 
-6.7403589128e-06 
-5.0542937865e-29 
-2.4974323689e+27 
-2.8348095282e-23 
7.5414127423e-06 
-2.8712313358e+17 
-6.0323442310e-27 
-2.4963200865e+15 
-8.2124292184e+26 
2.2888448243e+37 
-7.4410622801e-06 
6.6522652344e+12 
4.7307042394e-18 
-2.3169432500e+06 
9.9510760485e-15 
1.6023927533e-37 
6.0239679764e-28 
-2.7724346756e+15 
1.2743448848e+34 
1.6044899121e-33 
2.6765876866e-37 
-7.3554317714e-25 
-3.2955607044e+18 
-2.7358407155e-02 
7.2024265434e+31 
-7.6958744298e+29 
-8.5725226273e+23 
6.9694736754e+25 
-5.6559289156e-18 
4.4684314728e+01 
-7.2723021836e-32 
-1.2829058607e+22 
1.2530989085e-18 
-3.1299427677e-26 
-6.1550381513e-39 
-4.6117933794e+36 
-5.2024723200e+08 
3.2047760806e+38 
1.1465848614e+33 
-4.3036857605e+01 
-2.7527496118e+23 
1.9434613557e+28 
9.6759536199e-32 
-1.4921324034e+22 
-9.3053709168e+15 
-5.3636761038e-32 
3.4591872654e-15 
-4.8453396726e+13 
3.7704025920e-38 
1.3716998893e+28 
-1.6662591488e+10 
-2.0845629070e-31 
            nan 
-1.0261997474e-08 
4.5778159751e+17 
2.1483624397e-30 
1.1648562213e-04 
3.1099854011e-36 
8.8560745109e-13 
3.4360477944e+21 
-2.8011563944e-30 
-4.1414225953e+24 
-1.8414727324e-32 
4.3736363272e-13 
6.0165362623e-32 
1.6447855002e+11 
6.2223108491e+17 
-7.0496950000e+06 
-1.8994652956e+26 
-3.5505775830e+18 
5.5499626985e-36 
-5.7985509727e-08 
9.0228180791e+34 
-3.8395738281e+04 
-1.9475698721e+20 
8.5233809680e-24 
4.4890601458e-08 
-9.8619821913e-36 
-9.5737724558e-22 
5.9858494030e-12 
1.4882915726e+19 
-1.3444147271e-06 
1.6181754343e+22 
6.9723665774e-07 
-1.9214275587e+30 
-1.9266656000e+08 
-1.1290767734e+14 
1.8110645428e-08 
-3.8678430769e-07 
-6.8800741701e-29 
-1.1903044581e-01 
-4.3359070397e+20 
-5.0029476928e-16 
4.8983435768e-36 
1.0034415871e-01 
3.1082539008e+10 
-9.9436869849e-10 
5.8870216278e-24 
3.2315710575e-28 
1.0947053580e+15 
9.9834476562e+04 
7.6387389938e+31 
6.4969299775e-37 
2.3588807188e+26 
-2.9023172101e-04 
-7.6420237747e-06 
-2.4770384810e+33 
-8.6359756989e-18 
3.1079391192e-05 
1.1568923377e-14 
3.8146619397e+32 
-3.1336712564e+28 
-1.0399023855e-19 
-4.5583580147e-27 
-1.1338588378e+33 
-3.9751813528e-19 
3.2454068729e-13 
4.2953294476e+17 
-7.7498126454e+34 
4.1774407959e+02 
-4.5897410524e-23 
9.8235892033e-25 
6.8783921180e-37 
3.5959050059e-01 
-1.3635814285e+38 
1.1960687991e+29 
-5.3267581882e+26 
1.1904809984e+10 
6.8978388622e-18 
3.0812059413e-04 
-7.2098877615e+29 
1.9352827224e-26 
-1.8288428972e-14 
-9.1482429640e+28 
7.1451440226e+28 
3.5162321731e-13 
8.9962454938e-24 
3.8938196667e-07 
5.6659558400e+08 
-1.3649137376e-11 
3.0934456385e-13 
-3.8358543577e-32 
-3.0250446672e+25 
1.7285224332e-26 
-1.5136047363e+01 
-1.2332265625e+03 
1.2567326194e-15 
-1.3699812500e+04 
-5.7928493334e-05 
-2.0678221130e+02 
-5.4059235204e+19 
5.3222854049e-33 
-6.5429891877e+18 
1.4174608154e+03 
-2.2352069753e+30 
1.2147283996e-06 
-1.2339646806e+22 
1.3784600949e-18 
            nan 
-1.6552230912e+10 
3.9213586800e+27 
3.0872630392e-18 
-6.3694028800e+08 
-1.4142353774e+35 
-3.2267931042e+21 
9.3426089734e-05 
-3.5299530029e+00 
5.0691887736e-04 
-1.7909109276e+18 
1.6333602939e+38 
3.2214375000e+04 
4.4688159856e+24 
-1.3484051103e+23 
-6.2784969194e+24 
2.0011678733e+37 
1.7016504705e-01 
3.8144346282e-34 
-9.5733548733e-06 
-1.6422730439e+35 
-1.6335562500e+04 
2.6895065374e-38 
-1.1861641643e+30 
4.5468250000e+04 
-2.2573766858e-15 
9.2698637349e+26 
1.8205144443e-05 
-4.6951805544e-20 
-5.2155156619e+32 
3.5209765100e-38 
7.9394824049e-12 
7.5993061066e-02 
-1.5612646843e+22 
4.2494594512e-21 
-7.3752960599e-32 
-3.3848411489e-37 
-1.7306740514e-25 
-3.5047400000e+05 
-5.2932882681e-05 
6.8190674994e+15 
1.0368153254e+34 
6.8611273871e+23 
6.0670924800e+09 
4.7368003262e+19 
2.5611589825e+33 
-1.6136402252e-22 
-1.0882033335e+31 
9.5290041623e+30 
9.4501865234e+03 
-1.9292204553e-12 
2.8505214287e-23 
-2.2355090789e+26 
-1.1763646149e+14 
-4.9310953582e-32 
7.5872786541e+25 
4.6160496314e-29 
-1.6650863354e+19 
5.8248073032e-11 
1.3762366334e-18 
-3.4095840000e+06 
-1.9525948399e-36 
-6.6269096698e+31 
2.1732754829e+24 
-3.1017795584e+10 
-1.7461171431e+25 
-1.1223128960e+27 
3.6892471201e-37 
1.3157907074e-22 
9.8902531537e-17 
-1.6701915271e+37 
-2.4997946613e+17 
-2.0900389271e+35 
-9.3804608200e+26 
1.3238191654e-09 
6.6619140147e+18 
1.3803419861e+13 
2.1669070188e-19 
3.9999916127e-38 
2.4895337847e+36 
1.2497087000e+07 
2.3345867200e+08 
-6.2429917225e-31 
1.0945843339e+16 
-3.2104667546e+11 
-2.6240170925e-08 
9.4829926400e+09 
3.2474717500e+06 
3.2843243629e-24 
9.7584541653e-17 
-8.0823391138e-20 
-1.9040235202e-04 
-2.5839510400e+08 
-2.2219743428e-26 
-7.1330246925e+00 
3.0781653647e+12 
6.5920238578e-24 
-2.3045040131e+01 
-1.8558368902e-04 
-1.9769989477e+15 
-7.3426809551e-22 
3.7230596500e-23 
-1.8256008433e-30 
-3.1631264414e-35 
1.7464958000e+07 
1.3874072000e+08 
4.2417615847e+17 
5.0334025246e+21 
-6.5784492188e+04 
1.3750180465e-12 
-3.5836273965e-19 
4.5667840425e-29 
-3.6417914898e-21 
2.0745472174e+26 
-6.6088932674e-34 
-6.8648119756e+29 
1.5976001854e+31 
-3.4984246094e+04 
1.7245199880e+31 
-6.4698173219e-07 
-1.6728478886e-14 
-5.5944152775e+36 
2.3149528809e+03 
-5.4820420696e-22 
-1.3411882545e+29 
-3.3390176170e-20 
-1.1105429287e+37 
-4.0792520158e-03 
2.5315434994e+19 
-2.7770693318e+17 
6.1945898172e-24 
1.2490788297e-13 
1.8482638750e+06 
-3.3766989418e-06 
-2.3575919638e+19 
2.8605606417e-07 
9.2152627200e+11 
-7.3021654208e+15 
-4.5116765877e-37 
-8.1000383719e+26 
7.8131599943e-30 
-2.7530596875e+05 
2.8143997056e-28 
9.5299327494e-16 
-2.8015286922e+00 
            nan 
-4.6040817261e+02 
4.1401624584e+34 
7.6498184173e-18 
7.9380307617e+03 
-1.2402608538e+11 
-2.8509177600e+08 
-2.7907883574e+26 
1.8875485229e+02 
-2.9512656526e-15 
2.0168903558e+31 
-4.1965433014e-34 
-8.3013622814e-16 
1.7640752988e-38 
1.2776811997e-34 
-9.4473814016e+12 
4.0167955662e-28 
-1.0443138377e+34 
6.0854917112e+36 
-6.8413503476e+34 
-2.7552641310e-32 
-1.8120813423e+28 
1.6207400999e-35 
1.0907017951e-14 
1.6688950933e-28 
-1.1947437076e-37 
-2.4502348985e+26 
-7.4070452339e+13 
7.2372098921e-30 
2.9991108338e-13 
7.2414117888e+10 
2.2308804910e-04 
-1.3863213198e-32 
1.1611968969e-27 
4.2323244878e-37 
-2.3929474875e-02 
-7.2432026178e-36 
-2.3212626536e-32 
1.6153572278e+13 
-5.2767342579e-11 
-3.7334282240e+10 
2.1917678082e-33 
1.2559107920e-10 
1.8466354363e-28 
8.0484948874e-25 
1.1567066612e+25 
-1.1513081524e+27 
1.7361332799e-28 
7.0450447705e-21 
-3.1885831356e+00 
7.1466444372e+37 
1.9334393028e-12 
-7.7019551800e-37 
1.5495108133e+18 
-4.6356957003e-15 
1.2278566185e-11 
-1.8699000417e+24 
1.6554045560e+28 
1.0226975340e-33 
3.1713315125e-36 
2.3736880293e+35 
7.9174658102e+28 
-1.7736051321e+36 
-4.1575515000e+06 
-3.5735336838e+21 
-8.3347811617e-14 
8.5410211320e-36 
-7.4774168119e+28 
1.5447597500e+06 
-1.4604897351e-18 
-3.4525110364e-14 
2.4209296751e-30 
-6.7493114452e+18 
-1.3952696875e+05 
1.8313540770e-32 
-6.9057518944e-31 
1.2085406785e+21 
6.6202879335e+28 
-3.7440008233e-13 
1.4148402543e-20 
8.0953035206e+29 
7.6358006336e-03 
1.3912416992e+03 
-3.2654090240e+10 
-3.7187944085e+34 
2.4391057122e-39 
-2.0124027023e+31 
7.6229047852e+03 
-2.4241818700e+25 
3.8845540673e-10 
-1.6035720253e-18 
1.2249775627e-37 
-1.8320480301e-31 
3.3561738173e+28 
7.7078951945e-13 
2.8625683593e-17 
-1.7561886229e-37 
-1.3191931152e+36 
-1.9905518206e-11 
-1.6443982542e-14 
6.3506147806e+21 
4.7812706304e+12 
8.0112347312e-11 
-1.0543535968e-33 
2.3227211448e+12 
1.0757947540e-20 
-4.0733631799e-22 
-7.4020106695e-05 
1.6460523370e-38 
            nan 
6.9167723629e+31 
8.6787761251e-38 
9.1129086042e-35 
1.5541605613e-27 
5.3846854087e-08 
2.7550937088e+10 
-1.7377370654e-08 
-6.7515463874e-19 
-1.5660619330e+25 
-2.7159253477e-06 
-1.1500352121e-29 
-1.4100633550e-08 
-5.3633575649e-15 
2.0466482613e+18 
2.3769892678e-36 
8.8803634676e-22 
-2.8309253497e-26 
2.5287574400e+08 
-2.0204830473e+23 
8.7316413513e-23 
-1.6305035100e-09 
-7.2348406538e-03 
1.1522093173e-35 
-4.7860310671e+37 
-1.3234525486e-20 
-1.0684309570e+04 
-8.2142989544e-24 
-1.6745822732e-14 
4.0555710793e+00 
1.5385492800e+08 
-3.5720915695e+27 
2.2581495123e-18 
-1.4374915702e-09 
-1.2345028877e+01 
-1.6690493850e+11 
5.9917517137e-26 
4.9565942657e-21 
-2.3039171153e-26 
1.9192265734e+21 
1.7695680758e+12 
-1.8989809664e+11 
-1.1000616108e-13 
-2.4721522518e+17 
-2.6704235268e-08 
-3.8969349705e+33 
3.7577313378e-19 
6.3145566148e+27 
6.0145739648e-16 
4.5663655000e+06 
4.0067382393e+20 
3.9592543985e+15 
6.4799575000e+05 
3.1329089306e+35 
4.3572172523e-02 
5.6286558509e-02 
2.1148761734e-03 
-3.9772761600e+08 
-9.0014255740e-32 
1.3538357248e+10 
3.9706567757e+33 
-3.3957963075e+17 
9.3352351129e+16 
1.4429582602e+34 
2.3862112144e-31 
9.4480418448e+19 
1.9316430400e-11 
-1.2267239930e+33 
4.7503437273e-14 
5.5405311415e-13 
-2.6732381109e+15 
4.6412758946e+28 
1.6894835167e+22 
5.4018907093e-24 
1.6338384622e+30 
-5.4682292938e+00 
2.2800956718e-30 
-2.8124244750e+30 
-7.2307471760e+22 
-2.4685532429e-24 
1.6440535218e+27 
2.6130478363e-04 
-1.9852197376e-21 
-3.2876926679e+17 
-1.2769749801e-23 
1.0786884523e-21 
-2.2807418000e+07 
1.5703592533e+23 
-8.9259622438e+23 
-1.7987282618e+21 
6.3710814402e-07 
-4.3755140901e-01 
1.3985199283e-11 
-5.9384084300e+13 
4.7975978991e-28 
6.6375581250e+05 
1.5224751033e+20 
-9.6068418588e-15 
-8.5356205948e-27 
-2.6640925728e+20 
4.6824521559e+27 
6.2439736320e+09 
-6.8062800773e+12 
-6.0737259884e+14 
-1.1052292042e-28 
1.5437925331e-25 
2.6738586426e+03 
1.2790342353e+13 
-5.9058854433e+23 
-7.3115825000e+06 
7.0763172171e+25 
-2.4518812160e+09 
4.2824006251e-29 
-1.0013660047e+14 
4.3137494591e+32 
-8.3518658357e-05 
1.5099102156e+28 
-9.1737874665e+33 
-2.3562417603e+12 
2.3217188252e+32 
1.0716892263e-07 
1.4213467271e-35 
-6.0667405128e+00 
9.8075409721e-23 
-2.3347003658e-22 
7.4379794003e+14 
2.3768823107e+35 
4.3451232196e-11 
-4.0776697822e+17 
2.1847772624e-21 
-2.6805020201e+36 
-1.3897012510e-24 
-2.8781786899e-35 
-5.5840500000e+07 
-9.1507141095e+18 
6.0772745697e-34 
-2.9693859989e-30 
-3.6718981948e+26 
9.2703748395e+19 
7.4259149632e+36 
6.4593024277e-35 
-4.7683675602e+35 
1.8674868292e-23 
-4.5863150603e+14 
1.3992913978e-18 
-6.9597391414e-25 
-2.8045258659e-05 
-1.0515331594e+37 
4.8590733312e+10 
1.6728029594e+11 
2.2493073600e+08 
-1.7028250910e-19 
-1.9509409939e+28 
1.7003243692e+25 
-2.4163662815e-38 
2.9933720839e-14 
-1.1919567819e-33 
2.2435960000e+07 
2.3248276168e+19 
1.6063567978e+32 
7.5458973646e-02 
1.2486100994e-30 
6.7680595713e+37 
-1.9561081881e-26 
1.8679435641e-28 
1.2661604352e+11 
1.0383067131e+00 
-2.8313247744e+10 
-2.3040773926e+03 
-2.6404873657e+02 
4.4153594558e-07 
1.4112264554e-35 
-3.5806364277e-20 
-4.5281367989e-07 
4.1829669092e+35 
-1.8240208511e+19 
1.8514936829e+02 
1.2530502822e+31 
-1.8363596250e+06 
4.7529679863e-36 
3.1176461517e+11 
-7.7122428936e+25 
4.2021221620e+33 
1.1651818177e-08 
1.8822424451e+17 
1.4212820118e-28 
-5.6195253165e+34 
-2.0804717497e-04 
-5.7331240449e-11 
-1.2758053730e+23 
9.7102244071e-18 
-1.6883916250e+06 
1.7863146242e+22 
-5.6850238281e+04 
7.1426922556e-25 
4.3427027796e-27 
2.9713840154e+30 
4.2496902833e+23 
-2.4000168519e-10 
1.5879733248e+11 
1.2884857178e+02 
7.8081704834e-23 
5.8753856730e+32 
-4.4644718855e-07 
-3.2264908006e-24 
-1.5549315214e+35 
2.9984039429e-05 
-1.1862594240e-10 
-4.4432170486e+30 
2.7161117188e+04 
1.2727017917e+35 
-4.2563804984e-01 
-1.8204408755e+22 
1.0040988720e+32 
1.2850334532e+13 
8.3737200710e-17 
3.8695454102e+03 
4.3702653205e+15 
1.2526546094e+05 
7.5445720000e+07 
-4.6863642954e-21 
1.8926708167e+20 
-1.3625286865e+02 
-3.2396633554e+28 
5.2530578219e-36 
-3.3038696274e-03 
5.4940027660e-21 
2.3614391937e+28 
-2.1850699503e+30 
-6.8084320288e+22 
7.0974152736e+34 
3.2919234403e-33 
-1.1277988691e+28 
-3.7959205201e-07 
-1.2868074210e-33 
9.0331480000e+06 
2.1461897699e-25 
-7.9859765423e-33 
-4.3900720743e-25 
-1.5499874418e-39 
-1.4419947520e+10 
9.5309194876e-05 
-1.0824655089e-38 
6.5880091419e+28 
3.4119156271e-15 
-1.1158680371e+11 
-1.0184906240e+09 
1.0936342032e-29 
-2.4105699926e-28 
2.3699431293e-15 
1.1295115825e-37 
-7.7456970385e-25 
5.4752664878e-31 
-4.6874394070e+30 
-2.1654417136e-21 
5.5929398513e-05 
-4.4951899326e-05 
-2.4946101191e+13 
-2.5712220697e-22 
9.5144759563e-36 
1.2448534906e-14 
1.2429284202e-37 
-5.1094848365e+27 
-5.4183562576e+15 
3.0322241618e-16 
-2.7397833314e+27 
-1.2978697006e-09 
-1.3188590168e+29 
-7.9160104889e+37 
7.3633827967e+24 
-1.0985623522e-09 
-1.6810346103e-15 
9.1017294381e+13 
-2.5029371359e+21 
1.3621712496e-27 
4.3935570121e-01 
4.8129940238e-29 
-3.1902009141e-06 
1.3737293750e+05 
-2.1514268501e-29 
2.9719577910e-09 
-7.8811780213e-08 
-1.1542227634e+21 
1.1571727734e-13 
5.0617185657e-36 
-2.3273169742e+35 
-9.7669600000e+07 
3.7441547023e-36 
1.4223468103e-29 
-1.8064157598e-29 
3.1320009237e-34 
-2.7331311371e-17 
-1.0302519027e+31 
-4.1146763158e-19 
-5.3723152149e-08 
-9.4038591487e-04 
7.0396287210e-35 
1.1287470925e+35 
2.2516704102e+03 
-9.2026938307e+32 
1.4001313799e-15 
2.1277375376e+38 
3.2652437199e-08 
-1.2958195390e+32 
-5.3217790992e-06 
-1.3926253809e-23 
2.0552401766e-38 
2.7844818170e+29 
2.3248949219e-05 
-5.1537712361e+33 
-3.0550165684e-04 
-3.4334811683e+35 
-2.4126631354e+36 
-1.1772556288e+10 
1.4187560151e-26 
-7.9085832527e-37 
-2.4868757504e+11 
3.5461276020e+25 
-9.8599581250e+05 
1.1036959429e-36 
-3.7914667101e-17 
-8.4117644502e+19 
3.0121747319e-09 
1.3059969516e+12 
-1.2581409464e-05 
2.1969448350e+17 
-6.7836655520e-20 
1.6807315520e+28 
-2.2586716160e+10 
8.4853478677e+37 
2.0791345997e-18 
-4.6950404846e+33 
5.4151742188e+04 
1.3696329367e-33 
-9.8073080606e-32 
2.6322859159e-39 
3.9247782979e-07 
9.7120677242e-22 
-8.8329205435e-35 
2.5317129968e-24 
1.9591398227e-30 
2.0583114028e+15 
-8.1545211791e-16 
-5.8507915144e-25 
-5.8766015209e-33 
1.5211170654e+03 
-4.6183164000e+07 
-4.3658086327e+36 
-2.8242206896e+31 
9.6422032669e-33 
-1.8035032272e+01 
4.9954739863e+33 
1.0348765978e+15 
-3.3964637500e+06 
1.8912638000e+07 
-2.4098622669e+12 
-1.3769460280e+25 
-1.6555954327e-21 
8.3160499064e+24 
-1.5024636218e-21 
-1.7625453612e-37 
3.7032835186e-02 
7.8808277320e+12 
1.6578914139e+16 
-9.4655563355e-35 
6.0665361583e-02 
            nan 
-1.7732094400e+08 
4.0640933383e-37 
6.8883552666e+12 
-1.8082927665e+15 
-3.2964178155e-20 
8.2548093236e+21 
5.7654684497e-05 
-1.1358282350e+27 
-5.3465760421e-37 
1.7148123047e+04 
6.5651091334e-12 
-1.6342221359e-13 
9.9738650663e-18 
-2.4165999474e-32 
-1.9635624951e-28 
5.8480377782e+17 
-1.8504575534e-35 
-1.6517842374e-22 
-2.1039637408e+18 
8.9730949402e+01 
-3.3770215601e-29 
-1.7374629974e+01 
-9.9255981212e-09 
2.1172364053e-23 
2.8648811971e-35 
-2.2179879124e-06 
1.3410950185e+12 
4.0712956000e+07 
-1.6981509969e+26 
-4.9950781753e+23 
-3.8150310497e-22 
-1.4025617151e-23 
1.4757277999e-15 
-4.2939663968e+17 
-1.3413691624e+27 
-7.4100720004e-10 
-4.1259274811e+21 
8.6698157610e+18 
-8.7768052026e-07 
-7.9010487752e-06 
-4.1605668230e-05 
1.5319464965e+37 
-2.9312220408e+23 
-2.6109435904e+11 
-4.8407614136e+02 
-1.5587709288e+13 
7.7919731594e+36 
-7.1509275750e+37 
-9.4228872954e+13 
7.8535456128e+17 
-9.3895557802e-04 
1.1845029831e+01 
1.3513865896e-35 
3.0467627418e+11 
-3.9104327542e+24 
2.6137843707e+34 
1.1197682728e-13 
5.5446075000e+06 
1.1390952802e-35 
-9.1425349829e+13 
-1.4242249017e-04 
2.9064013188e-29 
4.6105894766e-32 
-1.4867111098e-08 
-2.3348538876e+00 
-2.2944167810e-19 
3.9063974569e+23 
6.3181557617e+03 
1.2659211270e-15 
2.0833142821e+33 
-1.8154535680e+09 
-1.1298879000e+07 
6.0598842332e+33 
-1.4060555957e-02 
9.8580548225e-39 
1.5922007461e+35 
3.8610775732e-07 
-7.7157089254e-04 
-4.8167248724e+13 
1.6655701904e+03 
-6.4099514097e-21 
3.8402018972e-22 
-7.4074150595e+25 
-2.6835976150e-11 
3.7753084000e+07 
5.9232504000e+07 
2.0393448957e+32 
-1.7962087980e-12 
1.2858304960e-23 
-4.3909416199e+01 
3.6829454514e+17 
-3.4113615171e+28 
8.1154468521e+35 
6.0468702879e-25 
-1.5922543553e+19 
-8.7517181250e+05 
-4.5291825000e+06 
1.0701384673e+38 
3.2960809159e+35 
-4.6489126205e-18 
1.8829029286e-03 
-8.2536205649e-02 
1.9693356934e+03 
-7.6986847453e-11 
1.0665081441e-01 
-2.1745654730e+35 
-3.3895723561e-08 
1.3440778428e-39 
-4.2077469161e-30 
1.8974512273e-07 
-5.0444528864e-29 
-6.8067734115e+30 
1.3522510926e-05 
1.7642016207e+35 
2.2869515460e-24 
6.9269232277e-13 
2.6978699219e+20 
1.6540328125e+30 
7.1568771711e-17 
1.9146350095e+32 
1.5417271035e+25 
1.3636681387e+14 
1.0052697457e+12 
-1.6562206990e+28 
3.1544858820e-14 
-1.0136344350e-23 
2.4443110145e-33 
1.9658444812e-38 
-9.2316152048e+32 
2.4148464490e-06 
-5.2478147241e+17 
-2.2790835209e+23 
1.8590301414e-37 
-5.6633166135e+13 
-1.1416949116e-22 
-1.1461112803e-26 
-4.4418272772e+33 
3.3753032426e+21 
-9.3640369574e+18 
1.6683496875e+05 
1.5662909694e-25 
5.9468438849e-03 
1.7274743684e-22 
-5.0245992839e-02 
6.4957763990e+16 
2.3210611703e-38 
-1.4586713314e+00 
-1.6230650474e-30 
1.0531481934e+03 
-3.0001634359e-01 
-1.5434739612e-27 
3.3334176514e+13 
2.1786929420e+17 
-1.9149415143e+25 
1.0751127775e-05 
1.7122542927e+28 
-3.8953844295e+18 
8.8904681764e+33 
-8.4655721677e+11 
-2.1080368000e+08 
3.0817270400e+08 
-1.0701794650e-07 
8.2696133852e-01 
-6.9758206606e-01 
2.4626810116e-25 
-8.2715976172e+21 
7.8688998428e-08 
-1.7523976662e+29 
-4.1816301364e-15 
2.7935734286e-20 
-2.2444633115e-21 
8.9578491211e+02 
-3.6874254448e-20 
6.1800496249e-35 
3.4301281504e+22 
-8.8278754918e+11 
4.5393964592e+37 
2.4815699116e-29 
2.4641765017e-33 
-1.2495741182e+20 
2.0060269001e+33 
-4.3672175793e-13 
2.9825895629e+11 
-8.6555812517e-10 
2.2643356715e-05 
-2.6343083985e+17 
2.0953909245e+22 
-7.5706138444e-21 
-7.7754552754e-27 
-1.1074706968e-32 
1.8595252523e+22 
4.0383868471e-10 
-5.3119098009e-10 
4.5193007323e-12 
1.7166225743e-27 
2.3639091053e+13 
1.2034621614e-25 
1.0624859658e-35 
3.7000778229e+32 
-1.4448374941e-06 
-3.0919290000e+07 
-5.7724039789e+34 
            nan 
-1.2055470432e-28 
-7.8160438877e-35 
-1.4201575929e-24 
7.2887722364e+14 
-5.2818782082e+23 
-2.2985169955e+27 
4.1697309352e-03 
-2.2929212825e-22 
1.2340041875e+13 
1.1191273476e+36 
4.5778501779e-02 
-2.4955003208e+20 
4.1459362527e-13 
4.7076728456e+35 
-6.1723546241e+16 
-7.4277163903e-19 
-2.9400466225e+38 
4.9851623298e+23 
8.1686055213e-19 
4.7202439308e+00 
1.6322972273e+26 
-5.2278498001e+31 
-4.1985656509e+25 
3.5944658519e+21 
-2.7908798153e+14 
-3.1450821749e+30 
-1.7445880296e-09 
3.5694563129e-26 
-2.6629996806e+13 
-2.0620055245e-20 
5.4204893839e-28 
-1.8238274606e-06 
3.5308810146e-26 
1.5944268275e+21 
-5.6022935775e-35 
-1.6318211702e-14 
5.3519895357e-14 
-7.2052883063e+13 
-5.6197836281e+37 
-8.7984176353e-03 
-3.4372782398e-09 
-4.8019840621e+17 
-5.1910356120e-38 
4.3627763771e+19 
1.8363083766e+24 
-2.6943852644e-20 
-4.8313929121e-25 
5.2129111793e+29 
-3.0969839107e+35 
-2.3692952500e+06 
-3.7348502246e-06 
1.5538405860e-03 
-1.0634047656e+05 
-4.1286569809e-24 
-7.3162717225e+29 
-3.6548461540e-32 
-1.0042618800e+28 
-6.3032250368e+10 
1.4333304949e-02 
-3.8620839281e+22 
2.2703041296e-27 
-1.9209362268e+00 
-1.6472290771e+28 
-3.1185148926e+03 
-2.9263350727e+13 
-5.3419289923e+14 
4.5923350150e+26 
2.3910552500e+06 
-1.7633501293e+20 
-2.2138185728e+10 
-1.4080127354e-33 
2.5871007469e-34 
3.2345269899e-32 
6.8685727886e+20 
8.1503607915e-17 
4.6497082888e+23 
1.2114837592e-38 
-9.2709000104e-28 
1.2811002322e-02 
-5.0262678415e-02 
7.2378011282e-06 
-6.6258243420e+12 
6.3174796340e-13 
-1.7794629075e-32 
-1.2136769756e+14 
-3.0139292348e-14 
-1.8890934025e-38 
-7.6781642056e+13 
1.4001164529e+26 
1.1917652992e+10 
-1.3114767111e-22 
-8.7452721720e-35 
-1.4818103169e+29 
1.0049847656e+05 
-4.8911745714e+37 
1.0990199633e-02 
-2.2909250545e-32 
-7.7298718577e+17 
2.3238798603e-03 
1.5443977309e+25 
1.1625985252e-18 
6.3102538661e-07 
2.3440377797e-27 
9.9138978622e+26 
-1.1421039808e-10 
-2.1219910551e-10 
-9.9272097792e+12 
1.4054316250e+06 
1.0320923603e-23 
-1.0681525151e+38 
-9.9998449322e+26 
1.2656597619e-06 
5.7821280751e-25 
-1.3601169434e+03 
-3.2534497247e-19 
1.8668609859e-33 
3.3164362520e+19 
-4.3139708472e-10 
-4.7793539959e-11 
-1.4845312604e-27 
-3.1917903651e+28 
-2.4101789810e-17 
-2.0958197203e+32 
-1.9644411904e+10 
-9.7983847809e-06 
6.3901234171e-06 
-7.5410351157e-02 
7.3605854216e-37 
-2.5189867687e+20 
3.0535631429e+18 
-6.6066419200e+08 
-9.1995616368e-37 
-2.2324838867e+03 
-1.4572713306e+14 
-5.7078457877e+29 
1.0185563041e-32 
2.8696310736e-13 
1.7217649377e+13 
-8.4407091521e+26 
1.0833398733e+18 
2.2962363198e-19 
5.4998880909e+31 
-2.4029757536e-37 
-1.2553511564e-09 
2.0365810978e+31 
-5.0577217946e+11 
2.4034227245e-03 
1.1569514086e+11 
4.3102960293e-16 
-9.8275280762e+14 
2.3745825874e+26 
-1.0175740967e+03 
-7.8974388042e+17 
-2.7662194468e-15 
8.6557895354e-23 
7.6470758834e+18 
-1.2557185547e+04 
4.7892324626e-02 
1.2300644444e-12 
1.2499608910e+38 
6.3246272369e-13 
5.9102432150e-12 
-1.3614587200e+08 
-3.9766038449e-19 
1.7123519616e-11 
7.1807403564e+02 
-1.0242493000e+07 
3.3257893667e-38 
2.1062646754e-22 
-2.3286252533e-22 
-1.2703929534e+26 
1.4667823166e+22 
7.0814729948e-12 
-4.0527911214e-20 
3.0867078530e+27 
6.9282197006e-16 
9.3599238402e-17 
8.7049990327e-08 
8.3437704052e+25 
-2.3051621094e+04 
2.0038720220e-02 
1.9620753247e-16 
4.9412993750e+05 
7.0854714573e+17 
9.2369455750e-18 
3.3436665600e+08 
2.8731562712e-17 
5.8153614506e-15 
-1.1508929658e+16 
1.0375406551e+12 
9.9493184656e-36 
-7.6030806835e-21 
5.6494393164e-08 
8.9398259122e-28 
-2.8063804794e-30 
-8.0736897162e-29 
4.4277701199e+31 
4.6457462324e-24 
-2.0874313354e+02 
1.7280096875e+05 
8.7578039845e-15 
3.7692619324e+01 
3.0778462563e-15 
3.5824920051e-03 
6.2764485930e+26 
1.1242255189e+25 
-2.1800731279e+12 
-1.6809988851e+29 
-1.1804159428e-08 
-1.9126496875e+05 
-9.9652142460e-17 
-6.0525679209e-38 
-1.3941379941e+38 
-3.5653307779e+24 
5.3446776015e-19 
-2.4334513158e+30 
-1.2738710261e+14 
-7.6707071250e-11 
-1.1414763184e+03 
-6.8323026268e-35 
1.0591226613e+14 
4.2653303112e-09 
-1.5445626061e+11 
4.3470508182e+17 
2.3523316164e-36 
6.8304037556e-13 
-2.4303742000e+07 
-2.3442879099e-28 
8.4276193380e-01 
-5.1500482824e+36 
-6.6667591586e-14 
7.1209290623e-26 
-3.4224401091e-11 
1.1633251953e+02 
2.3731104193e-08 
7.2331567383e+03 
1.8726444694e-18 
2.3658917069e+11 
7.0086196263e+24 
4.9486041765e-16 
-1.2985745787e-33 
-3.1771042500e+06 
1.3838753822e+21 
-1.0135922324e-08 
-2.5240556226e-25 
6.8262339543e+13 
-4.5724574021e+16 
2.3983839791e-26 
-4.8796444219e-08 
-2.1055460820e-05 
-8.4813302692e-07 
-6.2310656000e+09 
-2.9292077670e-05 
2.6805218379e+26 
-9.9905339576e-21 
            nan 
7.7665113923e-12 
-1.7024368640e+11 
1.4148963878e+34 
-7.3421115995e-36 
2.2989833350e-19 
2.5304839697e+36 
6.0676177979e+02 
-2.0335524459e-04 
-1.1685909758e+14 
-1.3779026462e+17 
-1.7484361749e-31 
3.0251464919e+37 
2.9464226074e+03 
4.4174515169e+18 
1.7117042442e+12 
4.5343726852e-21 
9.3280981162e-08 
1.3170274304e+11 
-1.8629594421e+02 
-1.3581294589e+35 
2.4169428343e-06 
2.4526726000e+07 
-9.6410302923e-36 
-2.1830916757e+17 
-3.0884234266e+36 
-8.1402427759e-37 
2.2350476367e-32 
2.0211880541e-24 
2.7909126953e+04 
-2.1639484434e-14 
-5.8325943896e+30 
-2.9321067690e+37 
6.3037433423e+22 
-2.2858494068e+29 
2.2864296912e+29 
4.0400401832e+14 
-5.1046664000e+07 
-3.9955601692e+00 
-7.8718266566e+23 
-9.1671844073e+24 
1.2177305762e-03 
2.9066137600e+10 
-2.9069338925e-03 
-4.2178443439e-36 
-9.8383718651e-24 
-4.6881643364e+17 
-9.4484603610e+24 
6.7559725615e+17 
2.0975270311e-23 
-7.9860805000e+06 
-3.7318167114e+02 
2.0544799133e-26 
6.8305416000e+07 
1.1233376184e-36 
-4.8147543313e-33 
1.8793585705e+12 
3.2263548207e-27 
1.0582243152e+21 
-1.9174762876e+38 
-6.3136297660e-28 
8.5284237798e-27 
-4.8649789752e-10 
-1.5967018798e+19 
1.8554036705e+22 
-1.3972311523e+04 
-9.0722492188e+04 
1.3953873465e+32 
7.8873075449e-30 
2.7930762840e+24 
-2.8486476367e-05 
-3.3109602278e+28 
7.7601580800e+08 
-1.5827426869e-10 
-7.8904958617e-29 
-1.7079955126e-18 
5.2109273432e-20 
-7.0117752832e+13 
1.6623956822e-33 
-3.2349294142e-13 
-1.7650391344e+28 
6.0899909349e+33 
-5.8628316969e-02 
1.4032887702e-04 
-6.0997384787e-01 
1.0377811523e+04 
9.0176393750e+05 
-1.7169611884e+21 
6.6462884521e+02 
1.0757469940e+02 
5.4434101405e-14 
7.0369021255e+19 
-1.2680811523e+04 
2.1058970396e+19 
7.8059074402e+01 
-1.5996664442e-13 
1.1263264486e+18 
-1.7832602428e+31 
2.5875242094e-14 
4.0050741285e-02 
2.7092584293e-14 
-3.4482320750e+32 
-6.4091763180e-34 
-1.7638243643e-10 
-5.6541562965e-34 
-1.8178303914e-12 
9.8041996360e-02 
1.6047060547e+04 
-4.5006072000e+07 
1.5261002187e+38 
-8.0162484375e+04 
-2.8204338986e+17 
7.0741625507e+33 
-1.5590981850e-24 
9.5090512159e+35 
4.2500930302e-17 
7.2316018672e-32 
3.8286337885e-22 
-4.7681612903e-38 
-1.1642618286e+38 
2.2938404275e-32 
-2.8086831905e-12 
-4.9252172852e+03 
2.0260400020e+36 
6.0879608000e+07 
7.5738166238e+23 
9.9056336896e+10 
1.8971112119e-38 
1.8717801614e-11 
3.4345282560e+09 
-2.6116873106e+28 
7.1342771176e+24 
-1.2871976140e+36 
-1.7445598720e+09 
1.7409663990e+28 
-1.2284000430e+31 
1.1868117475e+25 
-2.1514298438e+05 
7.7084963988e-32 
1.1518699649e-26 
-8.8676935490e-33 
3.2918950332e+30 
-1.3167950848e+10 
3.0195991152e-27 
2.7197929794e+16 
-1.4527244568e+02 
8.0023021796e+28 
-3.6398513018e-25 
2.2681496000e+08 
1.7245608683e+27 
2.0075056562e-24 
1.6969614991e+28 
-6.3184124270e+27 
-5.4228332935e-09 
7.8729919533e-38 
-9.4883492188e+04 
2.4527821632e+25 
2.4828278092e+23 
-2.0905133624e-06 
-9.0540676427e+28 
-1.5848920787e-10 
            nan 
2.1890251454e-36 
4.3774992778e-36 
1.9498652814e-28 
2.3313437310e-21 
2.3126086274e-33 
-4.3737226629e-32 
-5.9978536891e+26 
1.5894649242e+12 
-1.3842328000e+08 
2.1170520517e-21 
4.8297502162e-29 
-2.8883521895e-27 
1.8253658414e+36 
5.8985533281e+18 
4.5957720962e-10 
1.2236164510e-01 
-7.9921653651e-07 
1.9485953089e+16 
1.0398343923e+37 
-6.4160842061e-31 
2.3997643184e+24 
3.9552985158e-18 
-9.0908583526e+11 
-3.3828765564e+35 
-8.6863480818e-13 
4.3260338353e-18 
1.4920026274e-14 
1.9791996825e+18 
2.6648736488e-15 
2.2588901367e+03 
2.7161446533e-23 
-1.8440075684e+03 
4.7722851310e-30 
3.1595951001e-15 
-1.2680862541e-30 
1.1536334166e+14 
-4.1601468295e+18 
-4.5434875322e+35 
-5.9688849017e-15 
-5.4637304762e+21 
5.9898064896e+10 
-2.4080636869e+22 
-5.6148969588e-24 
-1.8074767332e-34 
-6.6545612754e-06 
1.6060247198e-23 
1.9950605865e-24 
-1.3725232132e-24 
-1.6467923933e-19 
8.8526904619e-29 
-3.6741656673e-14 
-3.3778119587e+20 
4.3304766752e+36 
1.2124671551e+36 
3.1220986330e-06 
-1.8679578767e+21 
6.8037223614e+20 
6.0728630287e+32 
-1.4345674774e+21 
-1.1126805878e+02 
-2.6512658990e-17 
-6.3377007146e-32 
-3.2844061540e-32 
1.5239387380e+22 
1.1846906567e-08 
-3.7728606970e+34 
2.6624299212e+23 
1.4353461995e-11 
4.8770730738e-26 
-5.7952393750e+05 
-4.5892379761e+02 
-1.3123189965e+11 
-4.1207817825e-24 
1.0947574451e+21 
4.4517482764e-36 
4.7485235795e+34 
-5.6640521266e-12 
-2.7512852806e+29 
1.3555759593e+28 
-4.3385198312e+20 
-1.8897518828e-19 
1.5880157555e-29 
-4.5090522255e+23 
-5.1882345531e-08 
-8.0179510000e+06 
1.0618724800e+08 
-1.6295386547e-29 
9.9761314213e+30 
2.1472025809e-16 
1.5340073984e+10 
-7.2255561307e+35 
2.5278098740e+17 
-3.6174552917e+01 
-9.7800713861e+32 
-2.8962146015e-09 
2.4006168257e-22 
-2.0428369939e-01 
2.2850163442e+13 
2.5365423244e-23 
1.5320186523e+04 
-3.2088729190e+11 
2.3355373047e+04 
-1.7401556017e+19 
-8.5770683294e-15 
3.7308266482e-22 
-7.5126721318e+18 
1.5753797156e-09 
-5.9696315542e+25 
-8.8204732165e-03 
9.0800404685e-25 
1.1167263289e-29 
-7.2157117250e-14 
-5.5839495354e-12 
2.7414929815e+29 
-3.1751091309e+03 
3.2109127045e+01 
1.5521753393e+25 
-9.4075386704e+31 
1.8940308246e+19 
-6.0667644000e+07 
-1.1452159200e+08 
-1.5610298438e+05 
2.1556516647e+01 
-3.3451677695e-19 
1.9501464320e+09 
-4.5655058784e-05 
-3.0765426509e-38 
8.2691492188e+04 
1.0984396000e+08 
5.0415744763e+26 
-7.1342032439e+28 
-7.5182025822e-20 
-3.2766503240e-24 
-3.3941235655e+19 
7.4403330628e+18 
-3.8063562242e+24 
3.9173977600e+09 
-1.9645621804e+37 
-2.4727743337e+23 
2.6619064839e+17 
1.4566990103e-05 
-3.3368860310e-16 
-1.0602523258e+25 
-6.9924732472e-29 
5.1225796484e-17 
-3.8564818248e-24 
-5.0710600090e+11 
-2.0405759317e-26 
-1.0824540569e-10 
-1.1458548234e-26 
6.1185172703e+21 
-5.1934950054e-02 
2.6302804923e-17 
-1.3028321788e-02 
-3.1787626445e-02 
-1.0537945032e+00 
-6.8505521095e+13 
-5.0142436183e-15 
-3.5582997299e+11 
5.1410168000e+07 
-5.2744076371e+23 
5.0588542566e+11 
2.9511318019e-23 
4.6228250899e-24 
-7.0801687011e-19 
            nan 
-2.4186308768e+21 
            nan 
-4.3963089391e+17 
-2.5453955317e+18 
-2.8696307008e+27 
1.2086809723e+15 
-2.6377559712e+31 
-2.2641692242e-28 
-1.0344763228e+13 
-2.4556868275e-27 
-1.6060129615e-10 
4.9657974578e-21 
-2.2484753748e+15 
1.3794674376e+32 
1.1372471125e-29 
-4.6360682385e+18 
2.1044120000e+08 
1.1110684595e-09 
1.5581698806e-17 
-8.4062209353e-03 
-4.3708668000e+07 
-5.4328553476e-15 
2.4154257483e+24 
1.9102397771e-23 
4.6901458800e-22 
7.0959057617e+03 
3.2119528809e+03 
-1.5431491534e-13 
6.8823657296e+30 
-6.9671287595e+36 
-1.5693246701e-22 
1.0044142206e+27 
1.0786641337e-19 
-5.4172860810e-28 
-3.4995941136e+16 
-6.6388024575e-22 
4.1883377056e-14 
7.0721119692e-32 
-3.0041280872e+13 
-2.7911129761e+02 
-3.0871166000e+07 
-3.2982920267e+22 
1.9269935089e+35 
-6.5060972445e+33 
1.6017302956e-35 
3.1532346725e+01 
-1.9833165289e+18 
-2.3074551228e-39 
-5.3053957734e+11 
-1.0754538234e-03 
-1.3817851490e+21 
2.9604982059e-16 
4.8546271170e-11 
-7.1982856757e-34 
1.9393332915e+31 
2.4175351858e-01 
-9.2574538257e-07 
2.4578417651e-03 
-1.0362748438e+05 
1.6684087296e+10 
-5.7152637964e-06 
-8.3786584848e-15 
1.5049089184e-33 
1.2638508018e-08 
-8.1075071786e-13 
8.6450890342e+11 
2.8154110134e+19 
2.9039324764e-11 
-6.1201853149e-15 
-2.4488525169e+12 
1.5501669896e+32 
1.9503639123e-05 
-3.7561597253e-34 
-3.5168697357e+01 
1.6510454239e+15 
2.7874288273e+18 
1.0091160516e+22 
1.8894551322e-02 
-1.7237360387e-29 
5.0950571762e-08 
5.4828227609e-17 
1.7394698438e+05 
2.9584614094e-03 
1.0639523715e-01 
-4.6159513413e+14 
-1.0017024957e+36 
1.0346039728e+25 
6.3505170893e-22 
6.7421793280e+09 
2.7228057461e+19 
8.4497270000e+06 
-6.8898707411e+30 
3.2208296830e-07 
-2.9761585014e-29 
-4.3805396875e+05 
-3.9810086820e+22 
5.4920491106e+21 
-3.8664725061e-30 
9.8391848858e+15 
1.5503710706e-33 
-5.0257637825e-17 
-9.9283745794e+14 
7.9520545704e+18 
9.3167839797e-35 
-1.7724860682e-14 
-1.2877362400e+08 
1.5324747684e-21 
-1.4450539758e-29 
2.1676306351e+24 
-2.8585021503e-11 
4.7631035000e+06 
3.0681779362e+28 
-2.6112791347e+11 
-6.8848315000e+06 
2.7599641532e+22 
3.4706342663e-19 
1.0788805326e-26 
-7.6121850857e-37 
1.5788648700e-33 
-5.9040216064e+02 
3.5685277940e-23 
-1.1282336200e-03 
1.5432811779e+16 
3.1620460544e+10 
-7.3849052734e+03 
-1.4857648210e+12 
-3.6826168071e-04 
-8.8877857981e-13 
3.1443248432e-32 
5.8060441871e-11 
-5.1060449202e-09 
4.0878018484e-17 
1.6163811523e+04 
-1.9775549320e+31 
-6.3539585542e-25 
-1.1196999814e+23 
2.4811744688e-26 
5.1689367406e-27 
6.3435841924e-34 
2.1267342054e-10 
-2.7637608612e+12 
-3.0517714058e-15 
1.7818929600e+08 
-2.8646935773e+26 
-2.6628439453e-09 
3.4523941576e-04 
1.9705584832e+16 
7.9704212150e-18 
4.3434454250e-23 
1.5554630587e-22 
-8.8045068580e+33 
-2.1009201356e+38 
1.1730487699e+31 
6.8654395100e-29 
2.5448440742e+36 
-3.5186743449e+31 
8.1102703375e+37 
-6.2739466265e+21 
-2.2096271289e-28 
-2.4989322319e+15 
-5.6586240933e-34 
4.6201381966e+37 
-2.1746070678e+34 
5.4070080000e+06 
4.5798629761e+02 
-1.0048290253e+02 
7.8571297311e-18 
1.2658782680e-06 
-9.0632696000e+07 
-2.9399029715e-20 
7.9547989514e+18 
-5.0914467539e-16 
-9.7511760890e-02 
1.1332378926e-04 
-2.5573739189e+34 
1.1515679199e+17 
-4.8335675000e+06 
-4.4326449971e+11 
4.2584974950e+11 
-1.8267963924e-06 
-3.6749869213e-30 
3.5906604079e-11 
5.5917947647e+28 
-1.2578460873e+21 
2.7369276836e+36 
-4.9075943319e-19 
-1.4601179282e-04 
-1.0297244109e+22 
2.1531825066e+00 
-4.2640053814e-12 
-5.4697725133e-20 
4.8245041724e-14 
1.4695215501e-24 
6.0811864104e+30 
5.4229290771e+02 
-3.3781089567e+12 
7.8035438797e+11 
-3.8412114392e-19 
1.1865095168e+10 
2.0903655351e+29 
-1.1086185364e+32 
1.0347997284e+02 
8.5478061520e+23 
-7.0709757494e-13 
-1.4743005091e-39 
6.0471291180e+33 
            nan 
4.5156833989e+32 
-6.9324754270e-13 
1.8024769782e+13 
3.1057389453e-18 
-6.7977568019e-12 
8.5941809225e-12 
-5.4455246000e-33 
6.5866557280e+37 
1.5645842400e+28 
-8.9623149962e-29 
-9.1331894509e-06 
-6.7421642598e-06 
-5.7136886997e+19 
-2.2657771162e-33 
-1.2586614225e-30 
-3.4187809934e+19 
-5.9539585436e+15 
2.4475776995e-29 
5.3411394544e+23 
4.5478422832e-26 
-1.1951792894e-35 
-2.3157800734e-24 
1.8677628928e+10 
8.8520702812e-16 
-2.2428565671e-09 
7.1504270959e-22 
-3.7572749113e-32 
-1.2397677939e+20 
-2.7019018240e+09 
-3.0179133035e+27 
5.1853417062e-06 
7.5470207214e+01 
4.3902064549e-34 
-8.2309888982e-18 
-5.1640976613e-24 
-5.1854848953e-22 
-7.4409193750e+05 
-6.0651513600e+08 
8.1819706571e+30 
2.7034161612e-02 
-1.7238698438e+05 
1.2195656312e+21 
-6.3394786104e-19 
3.7954144000e+08 
4.4440673910e+27 
-2.7661013661e-31 
1.9096672124e-17 
2.3837108369e-34 
1.4443590146e-07 
1.7198921204e+02 
1.0500604049e-31 
-1.6516060675e-34 
4.1512329216e+10 
6.6068820489e+16 
3.3875787533e-22 
5.3456040438e-19 
5.7480907897e-29 
1.1160662012e+26 
-9.5517856489e+33 
-9.1299976197e-32 
-1.0174315829e+32 
-1.2529350387e-12 
-2.8952766689e-16 
-8.8184825600e+08 
-1.2364295654e+03 
-1.0787416657e-20 
1.6558279162e+28 
-4.7463405601e-33 
9.5851621431e-20 
-2.6429500894e+36 
7.6070424263e-20 
2.0674944000e+07 
-9.9261500000e+04 
1.8465890773e-40 
1.2580497494e-22 
2.8708554311e+23 
-5.9758591305e-12 
-8.1756739865e-35 
-8.6985787462e-09 
1.5719666481e+01 
1.1564584141e-29 
-4.6003525302e-35 
5.7780832658e-22 
-4.1591556000e+07 
-7.2661011517e+18 
-6.7190214011e+27 
3.7051785386e+18 
5.7081664488e-25 
6.9156560478e-09 
-8.7630128322e-27 
-5.1064019809e-17 
-1.2597244904e-33 
6.1931386695e+27 
2.4666699219e+02 
-7.6168988854e-15 
4.2393615477e+23 
1.5361182052e+23 
4.5178483716e-23 
8.6945058884e+21 
1.8817025193e-05 
-3.4082003557e-27 
1.0420747113e-28 
-5.1322290674e-03 
3.7756602974e+37 
-1.0699333623e-02 
-1.0069814453e+04 
-9.8398711972e+20 
6.1005723534e-32 
-1.6660767142e-03 
-6.5464496257e+17 
-6.6963187231e+19 
-1.0513814453e+04 
2.0167950541e-02 
1.3479324480e-05 
3.3657857319e-37 
6.6874034703e-02 
-2.4295408066e+38 
4.7842386845e-22 
-3.9160554297e-03 
-3.2800096882e-27 
6.0405889926e-31 
-3.2043433984e+11 
-2.2391140909e+13 
-3.3649640665e-38 
            nan 
9.9771003723e+01 
7.3272005000e+06 
-4.6306739693e-11 
-1.3484188477e+04 
1.6155167985e-31 
3.4848417272e-04 
-4.1639337520e-22 
-1.2045712765e-06 
-3.3856138197e-26 
-1.5865620296e+20 
-4.1246936531e+14 
1.6617984326e-29 
1.5824641410e+22 
4.1669473564e-39 
4.0678535893e-35 
-1.5114563962e-31 
5.6238423270e+19 
-8.7670152682e+25 
2.1109938622e-02 
6.1361895659e-37 
-2.3199099815e-06 
-2.7527509288e-29 
6.2014116509e+20 
-1.1243821575e-36 
-1.5346000837e-15 
1.5289126049e-33 
1.0898063331e-26 
            nan 
-1.0078583390e-28 
3.5236424408e+15 
2.8814216309e+03 
5.3437733274e+11 
2.4188147586e+37 
-2.0231464001e-16 
2.1998383620e+24 
1.8076768652e-13 
3.1148590625e+05 
9.2742881475e-17 
-7.6023272000e+07 
2.7076832653e-29 
-9.1599581250e+05 
-5.0649814882e+16 
2.1324911084e+13 
3.0307851894e+22 
2.6199745349e-30 
-5.0171623230e+01 
-2.6981657600e+09 
3.4192767334e+02 
3.3137088771e-32 
-1.2519656250e-35 
2.9401290022e+18 
-5.8172767688e+20 
3.2855505620e-34 
7.0965073076e+27 
-1.3656856014e+28 
-2.4564328923e+36 
4.1705633280e+09 
-7.6604464945e+18 
-7.0528762990e-06 
3.8220784068e-01 
-2.4229652066e+29 
7.7249620011e+31 
-9.1861114588e-33 
-4.3306852526e+32 
-1.7665164149e-20 
1.8930698438e+05 
-1.0742526748e+36 
2.3493110645e+27 
-8.3523734803e-12 
1.0167851051e+14 
3.2955164366e+28 
1.9550894741e+34 
7.7067540649e+25 
4.3254720000e+06 
-1.9343846132e+25 
-2.5814176101e-15 
3.7605659902e+14 
-5.3481669334e+29 
-2.2531836294e-05 
-4.6317519043e+36 
2.7449763988e+22 
-1.3635744737e-24 
1.2874938011e+01 
-2.7583116635e+17 
-6.1020393750e+05 
-9.2671408058e-30 
-1.3538108745e-33 
-5.6047359249e-04 
1.5480144648e-03 
1.7812981321e+23 
-5.7993254022e+26 
-1.2220093478e-20 
-4.6954883806e-32 
1.2622089849e-34 
3.1040740133e+29 
1.1746603096e+21 
-1.8107083200e+08 
2.2231639006e+22 
2.5559657469e+16 
-1.7573385455e-11 
-2.0674037350e+11 
-1.0635868885e+20 
-3.4418657853e+13 
1.5524519522e+34 
8.9376141924e-30 
3.8246910460e-34 
1.3877884836e-32 
2.7280730431e+27 
-2.8978835456e+10 
4.7530820593e-03 
2.4048655542e+20 
-1.5334653854e+01 
2.0517818938e+22 
-9.4517547189e+25 
-3.6196517944e+01 
-1.3989605308e-10 
4.0389095090e-34 
1.3135620952e-01 
3.6706928982e+31 
            nan 
4.9286042506e-31 
8.4838531386e-27 
6.7161381239e+37 
-2.5165375561e-08 
1.2038333235e+11 
8.4307600998e+11 
1.1624064531e-28 
3.5779633167e+33 
-7.7970067902e-11 
-1.1829567000e+07 
1.5677413947e-22 
-7.0483698845e+00 
1.4881435824e-16 
-8.9978115234e+03 
-1.3828796192e-32 
1.6600484273e+30 
-1.4873852928e+10 
8.1860058010e-02 
5.6117750217e+30 
-5.2096773657e-40 
-2.2363477736e-09 
-1.8458551223e-32 
-8.3003115234e+03 
5.4430981719e+32 
-4.5633049423e-11 
6.1036449136e-37 
-3.7864309888e+28 
-1.3368087952e-34 
-7.6597433632e-21 
-6.5651249315e-05 
9.9724730282e-37 
1.7846841789e+28 
3.4336169812e+37 
-1.9987223063e-38 
1.8143294379e-02 
5.9869450226e+26 
7.4757752635e-24 
1.0526513308e-01 
7.5830788716e-16 
5.9190199708e-26 
-8.8685828747e-28 
9.8706706100e-27 
-2.0718941342e-31 
-2.2098538876e+00 
1.6678657067e-10 
-2.9365181035e-05 
-2.6040501821e+17 
-3.8793233689e-03 
-3.8584059293e+18 
            nan 
1.0085352382e-23 
-4.6654490754e+33 
-1.4285109993e+38 
-5.5668718464e-26 
1.3919505197e-13 
-1.0591664865e+12 
3.8395634832e-33 
2.7970338860e+18 
-1.2636566152e-30 
-9.1024885760e+09 
-3.4304313295e-38 
-3.2650507976e+28 
9.6117367679e-29 
1.0456962045e-03 
2.5844607965e-21 
1.5014331154e+13 
-4.5589003566e-27 
7.7364984868e+21 
-6.7466845742e-25 
1.9911858439e-01 
-1.9057733632e+10 
4.4250039188e-09 
1.9461436896e-03 
1.2585131515e-07 
1.0599228743e-12 
1.0088623057e+17 
-3.5533222389e+18 
-4.1255157327e+27 
-3.9663082886e+02 
-6.7909453877e-20 
5.9120061451e-06 
1.2844727296e+10 
-2.5243792921e-20 
1.2409692103e+17 
1.1010842371e-07 
-2.0731987884e+29 
-5.8526868088e-05 
4.7497008000e+08 
-5.6488700000e+07 
-1.5685924184e-18 
1.3130778932e+33 
-7.0211166303e-07 
-2.3504477500e+06 
3.3272933167e-17 
1.6590314516e+28 
1.6868380607e-12 
-5.4493035985e+26 
5.7434746094e+04 
2.0525906582e-19 
2.7010158084e-18 
-1.9735755520e+09 
-1.7607567832e-02 
-1.9785098438e+05 
-1.0761656761e+01 
7.0167910412e-25 
1.9507758750e+06 
-1.4211429742e+26 
1.3327608568e-14 
4.2233441529e+15 
-7.0790537162e-15 
1.2973601406e-04 
5.3640174996e-38 
-6.4514746094e+04 
-3.5157247775e+29 
1.2453640929e+12 
-1.4162351849e-36 
-3.9111691885e-38 
-2.0376559347e-02 
1.7200347036e-02 
1.5695868796e-24 
3.9594879127e-06 
-2.5184800015e-18 
2.3724961551e-08 
2.3082356048e-33 
-5.7015742188e+04 
-1.5712447486e+34 
8.7315124206e-14 
7.0288242722e-30 
1.5885411200e+08 
5.7529145422e+29 
-3.5024539399e-18 
-6.7904473541e+22 
-1.0641937997e-08 
3.6455512500e+06 
1.4447625726e-02 
1.0439453836e-36 
-1.0348699124e-20 
5.0269066153e-17 
-6.6861654016e+10 
-9.2419207594e-37 
-4.9474490927e-34 
-5.9776953394e+22 
-2.8104758331e-17 
1.1703790714e-10 
5.0001510488e-08 
3.2777752141e+28 
2.1348882997e-34 
4.1964264926e+27 
-2.5482920464e-03 
-8.3681272686e+32 
-5.5253799073e-03 
-1.2735937448e-24 
-3.4958270844e-03 
-8.8474781217e+37 
-1.3455118756e-37 
-7.7812080170e+37 
1.0371024040e-08 
7.8666309517e+28 
-2.5354846370e+17 
5.8606726243e-12 
-2.7946110000e+07 
-2.3984098438e+05 
-1.0048422966e-27 
-1.6914447102e-37 
3.5613927816e-19 
-1.2527701814e+23 
-1.1867673766e-38 
2.1000101083e+36 
-2.9924284623e-31 
1.6249058387e+22 
-8.5103996277e+01 
3.9663643438e+29 
7.2231237503e-16 
-3.6108899200e+08 
3.4897246560e-16 
4.3245680474e-12 
-2.0235605402e-36 
2.6750115840e+11 
1.1609139404e+03 
4.6872368201e+33 
-6.6807102038e-36 
-5.6630474615e-11 
1.8523933610e+30 
5.0240821568e-27 
1.0785507675e-30 
1.8117286062e+15 
-2.3680817403e-38 
4.9012656833e+14 
3.0751314883e+14 
6.9498176103e-09 
1.4547871002e-19 
-2.0395070736e+26 
-7.5708317678e-18 
1.0967739321e-36 
-1.5168654111e+16 
-1.8330439383e+18 
-4.4709711094e-38 
1.1385248015e-28 
2.9944782209e+37 
-8.1756416492e+23 
-2.1541033795e-14 
-7.5188290125e-37 
2.2290870461e+36 
5.5848855614e+16 
7.0318894386e+00 
-3.6625738721e-04 
1.6871365542e+13 
-2.6676379626e-31 
2.1444500800e+08 
-3.2642076975e-12 
            nan 
-6.1118807498e-13 
1.0265538768e+22 
3.9248278072e-30 
-3.3852593750e+05 
-3.9008376951e-38 
9.7771592635e-39 
-1.8114871094e+04 
1.2170157500e+06 
9.3225187500e+05 
-1.2603490683e+20 
-2.8951311846e+27 
-1.9117658138e+00 
2.2174900226e+25 
3.4522116408e+37 
8.8730658563e-14 
5.6021742188e+04 
2.6634936901e-25 
-4.0859868750e-03 
-1.8210401329e-36 
-8.6175498895e+14 
1.3701178791e-16 
5.2764074032e-32 
6.1126562716e-37 
-1.4970170987e-38 
2.6114373047e+04 
4.4160348788e+23 
-2.4226585811e-04 
1.6717387022e+29 
1.7566824346e+28 
3.1789830451e-33 
3.5108441761e-12 
2.9902868316e+12 
1.1602653948e+32 
1.8327215881e-15 
-1.9050238735e-36 
2.0150986966e-03 
2.7662882681e+25 
-3.2689656758e+24 
-4.7400278384e+27 
1.9969487674e+28 
-5.0487388575e-11 
-3.4230630400e+10 
2.0585794458e-19 
-4.2096485757e+29 
-1.1423875910e-27 
-3.1270671621e-36 
4.1260477155e-02 
-8.8400258920e-21 
-1.0916132503e-21 
-2.8871846663e+34 
-7.6558163534e+34 
-2.7818510031e-34 
1.2034377294e-21 
3.6886833497e-38 
-8.4294108413e+22 
2.8424930217e+23 
6.5516825346e+23 
-6.0566871887e+28 
1.5896009965e-19 
2.8941086720e+10 
-5.2628774974e+19 
9.3596816696e+26 
-7.3716398023e-30 
-3.9561302459e-17 
-2.8973871094e+04 
3.6973136770e+19 
5.8317508808e-12 
-7.9668119892e-24 
-2.3038614304e-15 
-5.0939190726e+24 
-6.7292232806e+25 
1.8648129189e-03 
-2.5390062965e+22 
5.0798806043e+29 
1.7534835024e-06 
4.2530396103e+22 
2.0052474308e+16 
-2.8004776829e+38 
-6.1924830227e+18 
9.9345346560e+09 
-3.3613793750e+05 
5.0166583817e+16 
4.6527766932e-38 
9.1967984000e+07 
-1.0908210573e-14 
-1.1354667647e-37 
1.4159751590e-03 
-2.0451022792e+17 
5.7383665990e-05 
-1.8640953309e-37 
-9.3564069064e-30 
1.2243817473e+29 
6.5075583181e-21 
-1.1843019200e+08 
-4.9959427789e-20 
-3.6935208796e+14 
-1.6575690752e+10 
-2.4948649723e+33 
-2.5549039909e+36 
2.1471965921e-17 
1.6028819415e-34 
-4.1906134835e-33 
4.1893753651e+11 
6.2627767399e+30 
-1.2392388324e+16 
-3.9671135710e-06 
1.5408904085e-17 
-4.2032455062e-29 
2.8870012102e+16 
2.5468687168e-29 
3.4993715529e+28 
1.4735006992e-08 
1.6369990400e+09 
-4.2253240658e+14 
2.7943497223e-33 
3.5019380516e-13 
-1.6171014404e+03 
1.3501368662e+33 
1.4305866872e-30 
2.6492983252e+36 
-4.2809041987e+17 
3.4643466462e+27 
-1.1828592793e-11 
5.0560772090e-31 
2.5521524175e+31 
-9.2828451655e-17 
-4.0249208917e+14 
1.1713773635e-14 
6.8029126776e-10 
1.3486061568e+10 
6.2718269440e+09 
-2.3896791187e+13 
4.9206843824e-16 
-1.1767305841e-04 
4.0372722783e+24 
1.1407373310e-11 
-2.5048510464e+10 
-7.0290149212e+12 
-1.7643065884e-34 
2.4370889600e+08 
-1.2732200089e-37 
-2.7056873559e+23 
-2.3938885244e+33 
-9.0353250000e+06 
-2.9436077358e+30 
-2.4020570672e+21 
1.7726888947e-19 
5.6432363089e-16 
2.1703034606e-13 
3.7830153108e-01 
2.3650359901e-37 
8.3865266541e-27 
2.6619666063e+33 
-4.8391220844e-06 
6.5060356733e-14 
6.3113009930e-01 
-3.3677982865e+23 
2.4208252000e+07 
-2.1210547537e-02 
-1.5047746029e-37 
6.8605491122e-23 
5.6399840131e-35 
-3.5087572073e+33 
1.1612697141e+16 
-7.0790537162e-15 
1.4664848965e+30 
1.4613917487e+29 
-9.2983021348e+24 
-2.6479398945e+16 
-1.6911219060e-01 
-1.4444175294e+13 
-4.5809890330e+22 
6.0739725702e+36 
-1.1812147397e-12 
3.8870625812e+12 
-6.6876287109e+21 
-1.0555960899e-30 
9.5445777865e-21 
2.0330752193e-07 
-4.6181457153e+34 
4.5964601947e+36 
4.6928746094e+04 
-9.6450769674e+19 
2.0648373047e+04 
3.5558190453e+33 
-5.7940930402e+22 
3.7597693818e-28 
-4.5338577476e+19 
8.3116627653e+21 
-2.1203468954e+29 
1.9327392385e-15 
-7.3216450782e+25 
2.6524320478e+14 
-3.3583659008e+10 
1.1901805686e-34 
-4.6652494833e+17 
-7.6632350174e-33 
6.0014511238e+20 
6.6459171474e-02 
-2.4509235439e+22 
-3.1506144290e-21 
-1.0157701763e-04 
-2.0587947010e+24 
2.5870158450e-33 
8.9860759651e+20 
-9.3567116220e+37 
1.0527995138e+27 
8.2815005753e+13 
1.1466359457e-29 
-2.0402120881e+34 
2.4445244670e-01 
-5.7095936000e+09 
6.5752404772e-38 
2.1058668686e-23 
-8.0790650658e-22 
-3.0646535130e+16 
-8.6615650000e+06 
4.1133063304e+30 
-1.0469033574e+11 
-3.8365290049e-28 
-1.8951117500e+06 
3.9701743412e-13 
-8.1927178122e-15 
-1.2978731578e-25 
-2.6434307074e-05 
-1.6077021051e-37 
-3.7329249382e+00 
1.4143574260e-22 
8.9014152527e+01 
1.1917114032e-28 
3.5515011104e+33 
-1.0389797427e+31 
-3.3926033303e-21 
3.6532425600e+08 
1.0704408412e+12 
2.3198306158e-29 
5.9235101314e-30 
4.2582821713e-09 
7.7209818885e+33 
6.8547768320e+10 
9.0515179352e-08 
8.0483920642e+13 
3.6788881041e+37 
-2.4689668893e+16 
-1.0731102099e-16 
-1.7424795020e+18 
6.2754126592e+29 
1.9531490406e-20 
5.8536297805e+35 
2.3675076449e-16 
2.9146210068e-07 
1.8190436800e+08 
-2.8768499200e+09 
5.6527744000e+09 
-5.5467531914e-35 
-7.4053612131e-09 
-4.6908463514e+11 
-1.8987298438e+05 
-2.9732383502e-20 
-3.6702028809e+03 
1.5085139704e-22 
-8.8959296580e-31 
-2.4623184282e+11 
3.4918930604e-16 
1.8133555170e-20 
4.8127107955e+25 
1.0080287744e+10 
3.0579573718e-07 
5.3882156514e-09 
3.1117562852e+38 
2.2557095936e+10 
-2.1048756200e+28 
3.4355036553e+13 
-2.3083175571e-27 
1.6543152238e-32 
6.8852035522e+01 
-6.7854860806e+24 
-4.4470088445e+30 
-3.5797648838e+28 
-2.4114275788e-36 
-1.8941893635e-31 
6.2979403266e-38 
-1.0624455392e+23 
-1.6030127614e-28 
1.3879359578e+20 
9.2550631962e-05 
4.5692664000e+07 
2.3118103854e-03 
1.9802226305e-34 
-2.4044061348e+37 
-1.5489497088e+10 
1.4446027279e+00 
9.1480792612e-20 
-7.0790537162e-15 
-5.5270960187e-36 
-2.5285732800e+08 
2.5852965452e+22 
4.6700327817e+24 
-5.1736098950e+14 
-3.2224355895e-37 
7.5524490545e-28 
-1.0735762788e+18 
-7.1199866034e+32 
1.4202776000e+08 
-3.2455796875e+05 
2.1055968117e+14 
-1.2232311255e+24 
-7.6570341864e-13 
-6.8962262977e+20 
3.6510225385e-02 
-2.8525763616e-15 
-3.1495009875e+37 
-9.8018051631e-07 
-4.5030781627e-01 
7.6559830632e-05 
-3.1916520899e-25 
-4.5987095822e+19 
1.1533583094e+38 
5.1939550612e+16 
-4.4850461941e-24 
-7.7051929281e-08 
5.4326275131e-04 
-5.3412477349e-13 
-3.1003632068e-21 
-1.8677102592e+10 
-3.5786926955e-17 
-1.0949287860e-15 
-3.7259027303e-32 
3.7175447165e-09 
-3.0207948773e-13 
-2.1258903045e+36 
-8.1897592874e-11 
-3.2710721493e+00 
-1.7072427524e-19 
9.9878305197e-01 
6.3130298448e-37 
-1.0695745954e+26 
-1.9011329735e+23 
1.1826402044e+17 
-3.7631665070e+17 
-8.5565832469e-32 
2.2893676758e+01 
2.0447317966e+28 
-5.7312812500e+03 
2.6112073101e-05 
-3.2381499402e+26 
7.5065256960e+09 
2.9559858792e-13 
1.3161032104e+02 
1.2219294434e+03 
6.0366173539e+18 
5.4142990848e-04 
-9.0352812073e-36 
-1.0926367248e-23 
1.0197964800e+08 
4.2085958374e+22 
7.5648117065e-01 
2.4454473919e+22 
1.6639553237e-29 
5.7840796184e-24 
-2.4286822400e+09 
6.0131830006e-22 
5.5221235570e-14 
-1.1352233887e+01 
-1.0692732168e-16 
1.9413564710e-35 
-1.0537957886e-21 
-4.5309608428e-31 
2.1355914877e+30 
6.4808300446e-21 
6.7245353542e+27 
-4.4928723936e-11 
-2.0748352292e+21 
6.5817848133e-15 
1.6555690177e+16 
2.6393868029e-04 
-3.5196673858e+36 
3.3852117247e+21 
-5.0654067474e+23 
-1.1796121106e-24 
-7.3243365789e+14 
5.5224403308e-23 
-1.5677129733e-13 
7.5006109982e+29 
2.0793296182e-38 
2.8019583850e-36 
-2.9175689642e-12 
-6.3467188820e+26 
7.1067063345e-09 
1.5868224000e+07 
2.0847096494e-08 
-7.1687812500e+03 
-7.3267183527e+29 
1.7921082799e+22 
1.3471065375e-18 
1.6081892392e+32 
5.3755883887e+23 
8.7494793750e+05 
1.8942378520e-24 
-9.0576750364e+21 
6.5135246094e+04 
2.6201153256e+31 
2.1423531948e+21 
9.3894123327e-18 
1.4638213235e+14 
3.3889918501e-18 
3.6783939507e-32 
-1.1705099170e-14 
1.3625797875e-28 
-6.5444319262e-06 
-3.8729646389e-14 
3.1761151149e-06 
5.4970297852e+03 
3.4198545281e-14 
1.5315492418e+33 
-1.3685652538e+36 
-4.3194018397e+21 
3.3675600086e-09 
-1.2536802292e+01 
3.2914838867e+03 
-7.5942567961e+21 
1.3669106364e-01 
-8.2848492771e-29 
-5.2320588834e-11 
3.8578911928e+32 
-8.9253252141e-13 
-1.7118891860e-09 
-2.0343598750e+06 
2.2088863057e-19 
3.6999654502e+29 
1.8426212492e-30 
2.0815735748e+28 
-8.5370461662e+26 
1.9268499456e+10 
2.0076427264e+10 
-1.2182652019e-02 
3.6743835333e+23 
-3.1170352000e+08 
-6.6268533468e-01 
-4.3911777502e-29 
5.0155664757e-37 
7.4075492188e+04 
5.1791908016e-35 
4.6149026694e+25 
-5.6542362555e+28 
-1.9062638750e+06 
6.3973286888e-04 
-2.3756175123e-32 
-4.8591342505e-08 
5.8910340324e-28 
3.8194067066e+14 
-4.4286310685e+32 
1.1393486522e-02 
-2.0669840276e-01 
1.2679349219e+05 
-2.0908736190e-30 
-1.2982317759e+17 
-5.5582475455e+28 
1.8377762596e+35 
5.7870916947e-08 
6.1831746094e+04 
2.1265365760e+09 
8.2759490796e+20 
2.5478318335e-19 
2.3041335506e-09 
-1.0121938976e-04 
-7.1473180148e-29 
3.2656787973e-25 
-2.6206443417e+21 
8.0987138642e+35 
-2.1679265360e+31 
-3.9320521355e+00 
-7.9185429135e+12 
3.8564600000e+07 
1.8849698373e+20 
-2.8711599907e-28 
1.9633046806e+27 
1.7195435085e+14 
-5.5207995277e+21 
2.7647171502e+19 
-3.3402439952e-01 
-2.0935575299e+31 
-1.6231237217e-22 
-6.5504890621e-38 
-9.1733806713e-34 
1.2131845515e+17 
2.3700164733e+14 
7.7658837195e+26 
1.7659501361e-24 
3.1801181407e+19 
-7.7136850985e+34 
4.5875522560e+09 
-1.5216467388e+26 
3.3369530302e+14 
-2.9821662720e+09 
-4.6822819059e-12 
1.1528096154e+11 
-2.9158655087e+34 
1.7571527167e-07 
-7.5143766603e+25 
2.2227100172e-25 
1.6360493527e-20 
8.4790238495e-35 
2.0357430247e-20 
-1.4524289563e+15 
1.0542176056e+34 
3.2414131893e-25 
-4.7950052915e-33 
3.0935201645e+00 
4.1026239764e+23 
4.8886674643e-01 
4.2251861588e-16 
-4.2894470676e+12 
4.8567696902e-14 
1.0158705474e-11 
1.0164243698e+01 
1.0462678750e+06 
3.0729955328e+10 
3.8506393950e-34 
1.2998836542e-15 
-9.4484542626e+14 
-6.8727383784e-09 
-3.3649153506e-31 
-5.9955831617e-02 
1.9357954820e-26 
-4.7368942261e+02 
8.5291380748e-24 
1.7420473252e+15 
-1.5101326900e-16 
-9.6200815629e+33 
1.7019058316e+24 
3.6796112951e+27 
3.3946075439e+00 
-1.8371920000e+06 
-1.2313356292e+32 
2.3825537944e+24 
-6.8499459577e-14 
-1.1612929818e+32 
4.7636318494e+24 
1.4955234528e-01 
-1.2690368404e-27 
7.7457509431e+24 
8.0442924727e+24 
3.1553500986e-31 
-1.7487511537e+26 
9.3515076083e-18 
3.9286849333e-29 
7.5108120576e+24 
-6.1560717114e-23 
-1.5629549210e-08 
6.4827021561e-05 
1.4683052108e-08 
2.6760328191e-26 
6.3915348059e-30 
3.0304082687e-17 
-1.1889359668e-13 
5.6858313314e-24 
1.2762341160e+38 
-2.7930124222e+17 
1.0703676977e+16 
-6.6934791229e+36 
9.5319151878e-03 
1.3371891089e-35 
-9.6878610526e+24 
1.3143558641e-23 
-5.6347274780e-01 
9.5340251923e-02 
6.2386239132e+27 
-2.7392529506e+25 
-1.1881539601e-19 
1.6187710177e-38 
-1.0554998875e-30 
1.4055500000e+05 
8.9890957937e-20 
4.8431541920e+34 
-2.3334804785e-17 
1.9268892399e+23 
5.8636075500e+17 
-8.7492066001e-16 
1.3015695360e+09 
-9.1655859375e+02 
-1.3407465864e-36 
1.1665475956e+22 
3.9698750000e+04 
3.7392163567e+37 
2.5397500000e+05 
-7.1421177595e+15 
6.7389617173e-34 
-1.1883336581e-24 
-5.2857523348e-36 
8.3671817170e-38 
-1.6921639680e+09 
-8.4109942784e+10 
-7.7795669696e-19 
-1.8753006653e+14 
-3.5285372480e+25 
-8.4387878072e+19 
-4.3002213522e-32 
8.0902458421e-07 
5.9741872508e-20 
2.8019534057e+36 
1.5320105496e-20 
1.5741959819e-11 
-3.9070887566e+00 
1.5126698409e+37 
3.0143239842e-32 
6.2523356999e+37 
-6.8036483053e+22 
-1.0179639843e-15 
8.5348330587e+28 
2.2774841854e+19 
1.8205184393e+18 
-1.4255945336e+22 
9.8750857745e+30 
-1.4506202197e+29 
-2.7618632682e+30 
-2.8773742080e+09 
1.5055907475e+38 
4.8587361657e+19 
-8.7819706329e+15 
4.8801181846e-11 
-2.7162199157e-09 
-2.6455341681e-28 
-6.4261563305e+36 
-4.9755504095e+37 
-1.1690167892e-31 
5.6915183251e+15 
4.3280052632e-33 
-2.1175698438e+05 
-5.3083763254e-17 
1.0242759250e-02 
-6.3448742363e+13 
1.9171428800e+08 
3.8076586410e-27 
2.3911568047e-16 
2.7896076679e-32 
-2.8482717500e+06 
8.7761085801e-32 
-1.9663754468e+14 
-1.1646307510e+22 
2.1997694000e+07 
-1.1157319680e+11 
-1.8022658921e-08 
-5.0964075626e-07 
9.4052511486e-06 
9.9034107304e-11 
-2.5490151517e+38 
-2.2629212160e+11 
2.1789359206e-09 
4.8102597554e+15 
1.1151102600e-27 
-1.0809077648e-03 
3.9495756937e-05 
4.9034365968e-29 
1.3091376127e+24 
-5.9481780224e+10 
-9.9584611221e-26 
-1.0831305977e-26 
8.0432241752e-31 
1.5927226908e-24 
3.5443763139e-27 
2.3004374447e-11 
-5.6546027772e-03 
4.9567334693e-14 
-9.7584465027e+01 
8.1125551636e+12 
2.2386306532e+30 
-9.6361625119e+17 
2.8392734127e-13 
-1.0819903494e+32 
2.2337238829e-28 
1.3057997500e+06 
3.0822040025e-17 
-2.6645216338e-17 
-2.3825162649e-01 
1.6218395103e-05 
9.8049586300e-14 
-3.0744213867e+03 
-9.9858808414e+36 
1.3312762238e-17 
-1.6441696763e+32 
-7.0279774666e+23 
-3.0788079834e+02 
5.4896137379e+16 
            nan 
2.1990537057e-24 
-1.0517520661e+25 
8.4091946569e-28 
1.4854818017e-20 
-7.3834469455e+23 
1.9635406784e+17 
-5.6159619817e-06 
9.5741691589e+01 
1.0549445263e+13 
9.3138368594e+12 
3.1394844768e-07 
6.1276105573e-30 
-1.8736346392e-03 
-1.6295113177e-23 
-1.3117634589e+14 
2.3845559648e-23 
-1.8826029406e+19 
2.1102871314e-17 
-7.9905979335e-02 
-1.3679023677e+37 
1.0270438083e-23 
-2.1735517500e+06 
-1.1946503490e-20 
-2.0853335445e-04 
2.3829433401e-29 
3.6339634508e-14 
5.7294430569e+23 
-1.3528286479e-02 
9.5177971346e-39 
-6.8193241131e-33 
-1.8795640771e-13 
6.4395843928e-16 
-8.7581046582e-11 
-8.6170029651e-38 
-1.5566027520e+09 
1.0218115243e-08 
3.4649372160e+09 
5.5481658157e-10 
-2.4638024624e-03 
-5.1546377026e-20 
-2.1080524076e+26 
6.3552199364e+22 
-7.1673578184e-09 
8.8633885607e-03 
2.8745717904e+34 
-1.2936348872e-36 
1.0192607043e+35 
1.8688959535e-03 
1.9752728939e+00 
-7.4019406912e-22 
-1.1143861338e-02 
2.6574679040e+09 
9.5210999944e+18 
-2.4191565812e-01 
1.2020072586e-33 
1.5843350051e+33 
3.3835896506e+25 
-5.2137549824e+10 
1.2643151053e+11 
-3.3921793750e+05 
3.2909976240e-17 
2.2618035779e-33 
-5.0692395903e-26 
-5.1079369771e-25 
-8.6439706973e-16 
-2.7280996875e+05 
1.4102496295e+28 
-1.9528326308e+22 
-2.8273025362e+29 
1.7485413120e+09 
-3.0260877284e+34 
-2.4313978904e-19 
-7.2336940882e-09 
-1.2426219800e+37 
-2.2878021695e+33 
7.2334677697e-22 
4.5851200415e-38 
3.9182569824e+36 
2.1945267519e+13 
-7.6145392086e-05 
-7.2150033712e-01 
-1.5251263000e+07 
1.3932191912e+34 
-3.0061544313e-36 
-2.7169779537e+26 
3.0525686202e-37 
1.4461035702e-09 
5.8662082803e+22 
-4.5464713672e-14 
1.4132845404e+35 
-5.7869616984e-30 
2.0961136192e-25 
-3.9313125879e-27 
-5.0392723456e+10 
8.9737794396e-39 
-5.9435001600e+08 
3.8395528955e-29 
3.3992956000e+07 
-1.6918854657e+37 
1.5891435032e-04 
3.4381268586e+23 
2.6664001562e-10 
2.2671772782e+38 
-1.3323790881e-05 
1.1281798363e+01 
1.2832344076e-08 
1.0122378676e-27 
4.3958833101e-11 
2.4438243554e-30 
4.0414842061e+11 
3.8534140778e+17 
1.9470433223e+26 
-1.4769060198e+19 
2.2185230403e+25 
-1.9819889026e-33 
-1.2441580321e-31 
4.8904790016e+10 
-2.8612633538e-37 
-8.3481008080e-25 
-6.3849066459e-18 
2.1920855033e-06 
6.7303690594e-04 
-4.1958372540e-12 
3.7402951460e-19 
-7.3055670000e+06 
-6.3435893760e+09 
7.6455556073e-38 
1.0178621840e-18 
1.8774991378e-15 
4.2474288113e+19 
3.0953122345e-16 
7.3996072541e-28 
-2.2212962262e-33 
7.6566438867e-26 
-3.4283732479e+16 
-4.0747036110e-04 
3.2547260442e-09 
-1.2644867525e-38 
-1.0097542759e-32 
-7.0014400871e+30 
4.0864137057e-30 
4.9602355892e-37 
-2.4910575166e-18 
-4.8623906975e-36 
6.0962914376e-24 
2.1685457478e+31 
-6.8600650672e-23 
7.6351165771e+02 
1.0397469090e-29 
7.1004682617e+03 
6.3918588304e-12 
-1.2566885310e-08 
-5.0405746094e+04 
-1.7123524135e+36 
-2.9501760703e+23 
-6.6617286328e+12 
-3.3878566707e+38 
3.8892428748e+14 
-1.4211519000e+07 
3.0671275078e-30 
-3.2378393451e-14 
-4.7788535673e+19 
3.0013788396e-25 
3.3873528236e-22 
-4.7297561906e+36 
3.9887125604e-03 
3.3400161814e+27 
-3.6582966309e+03 
1.2498353758e+16 
-3.8572829093e+35 
8.6781541274e+19 
-4.9528172544e+10 
2.5472776041e-35 
5.9081287260e+26 
8.4421420800e+08 
-4.4746266339e+31 
-1.8223997240e-16 
1.2090954144e+25 
-2.0104221124e-15 
-3.0207713081e+18 
-9.1001176064e+10 
2.8331114715e+38 
-3.5925919731e-32 
-1.8197058408e-19 
1.4540794837e-05 
-1.6541787939e-09 
-8.3737526438e-05 
-2.5516579154e-21 
-5.1695035032e-26 
-3.2949385833e-32 
2.6401323679e-27 
-2.0949533557e+32 
-2.0313667584e+10 
-2.5273365444e-25 
4.5471491814e+00 
-2.6480622562e+21 
-6.5591116066e-19 
-4.5494763205e+16 
8.8429048000e+07 
-4.5893654938e+14 
-2.2228742815e-34 
-2.5068637426e-20 
-1.5483080373e-09 
1.0183244472e+33 
3.7335390355e-32 
-3.4995352394e-07 
            nan 
-1.2234838747e+25 
-1.0566497880e-28 
-2.7763094817e-27 
-1.4458921560e-10 
1.1765976214e-11 
-3.5436657236e-31 
3.3260360958e+13 
-6.0138187120e+21 
-5.2737808228e-01 
4.4966471954e+19 
3.7551502177e+37 
-3.8911980390e+18 
-2.0679673086e-25 
-8.0941912894e-11 
2.1067978393e-20 
-5.6910191843e-39 
-1.2014265790e-31 
-6.9304387970e+28 
-2.9682289165e+36 
9.2098413479e-18 
2.6543277203e+22 
-5.4636530876e+00 
-1.8985041323e+23 
1.7719005230e+32 
-1.2652924234e-23 
-8.6975554863e-39 
-1.9154078024e+21 
1.7081711360e+09 
-1.0425331628e+27 
-5.3895220817e-17 
-1.2113476608e+10 
6.3767572021e+02 
1.0826349568e+10 
-6.2778246094e+04 
-2.2648849387e-21 
-2.4655392155e-30 
3.3871941696e-07 
-2.0663123647e-26 
-2.2122480186e-29 
-6.8589113555e-11 
2.2797541704e+13 
1.0611605046e-13 
2.2626447013e-16 
1.3231138229e+01 
-4.0038248699e-05 
-1.1842847469e+36 
4.2937589170e+13 
1.5190076185e+28 
2.9549950000e+07 
-4.8560310140e+24 
-7.2008002560e+09 
7.9412095694e-28 
-3.1378787152e+35 
-4.2047684608e+11 
3.4656025879e-12 
-1.3165780949e+30 
9.5751509070e-04 
-1.3604407545e-33 
7.2848617530e-34 
-5.3541342612e+37 
9.8946577250e-17 
1.0106277480e+26 
-5.6434098176e+10 
4.3222093005e+11 
-2.3708412822e+36 
1.1319296286e+18 
1.9769696991e-10 
5.1045750000e+04 
1.7502740894e-24 
-2.7973765006e-24 
2.5696088963e+36 
2.6244929000e-25 
-1.1946851594e-28 
4.5952197323e+19 
-4.8783483745e+18 
1.8722429338e+11 
9.1266501980e+18 
-3.6751683942e-34 
-1.3401839830e+34 
-3.9449190400e+08 
4.8636436462e-01 
2.8391219628e+26 
1.0370573507e+14 
1.4369068848e-24 
            nan 
-2.9481972419e-09 
2.4373853661e-37 
1.2277567000e+07 
-2.5805123047e+04 
3.0490104465e+25 
4.0333871912e+29 
-4.8034249591e+29 
3.1155209482e-24 
4.4153681468e-39 
-4.6023524192e-07 
4.7906711142e+11 
-6.1060860753e-04 
-2.5339104456e+15 
-5.8375338744e-34 
3.0537170015e-10 
1.1338383121e+18 
-5.5947539112e+20 
-3.4142451200e+09 
-3.3856942857e-12 
-8.9988893068e-39 
2.9790496440e+28 
-6.6010357821e+35 
6.6008779686e-04 
9.7005688429e+14 
4.1739709440e+09 
7.5890265600e+08 
6.8452019200e+09 
1.3781277368e+18 
8.3653299473e+29 
1.9203107357e+00 
-4.1877990400e+09 
-1.9031189894e-28 
-2.4229198169e+38 
6.6818108598e+31 
-3.8983507202e+27 
1.2721317884e+33 
-2.6245415397e-15 
-1.3522811523e+04 
1.4190808315e-06 
4.8784141374e-26 
1.7524564361e+17 
3.2944415580e-04 
4.8787876964e-01 
1.3108871548e+17 
1.9390518473e-19 
-3.1777014881e-15 
-4.1405665772e+12 
-1.9362578125e+03 
-2.5021003071e+13 
-1.0981317407e+17 
8.5696970252e-18 
1.0254541016e+02 
-5.1542370998e-33 
6.1249194463e-28 
9.1009736061e-03 
-2.3651633280e+14 
-9.5368642560e+09 
7.9096400000e+05 
2.5244805349e+36 
-7.8903515831e+20 
4.3307046838e-10 
9.9731143322e+35 
9.8981545307e-06 
2.2152347648e+10 
-4.8685953453e+32 
-2.9286120247e+20 
2.1358463506e-17 
6.0974986061e-18 
-4.1584473295e-32 
-2.1892522502e-33 
-6.0994407249e-05 
6.1412034118e+31 
-3.4074925813e-21 
-2.4156054424e-33 
-1.4659329356e-38 
1.4698942314e-26 
-6.6976393750e+05 
-4.9125180472e+29 
-4.5871555324e-21 
-1.6571067878e+17 
2.6751300942e+30 
6.4477749299e-22 
5.2103091159e-36 
2.4910117500e-03 
-5.8023144920e+35 
5.5373173799e-15 
-1.7646612295e-32 
-5.3152742188e+04 
1.4680832048e+26 
1.2587111608e-38 
-6.2869563103e+00 
1.7705422163e-17 
4.9631049270e-10 
-8.8352557615e-38 
-1.6051286209e-14 
3.1978121971e-37 
-2.5649022000e+07 
-2.3345159869e+23 
6.9038574790e-28 
-1.1179456666e-10 
4.6981284323e-28 
3.1274358103e-10 
-1.8555927360e+33 
1.1094517147e-37 
-2.4617473323e-38 
-2.7959862757e-19 
5.8514933290e-33 
-2.0107073946e+12 
3.2935652753e-36 
2.2351557525e-20 
-7.7191222867e-26 
3.4582528000e+09 
3.8930624723e-03 
-4.3864353908e-20 
-1.1283354535e+23 
-4.2015000000e+05 
3.4716018038e-15 
8.8746343607e-11 
1.2090259349e-12 
-4.5391616000e+07 
-3.5588333896e+12 
6.4467885174e+17 
-1.2909576210e-17 
5.5211557992e-08 
-5.7804400000e+05 
9.1528759555e+14 
1.3850188720e-34 
2.4635620117e+01 
-1.0633199979e-19 
-3.3896919940e+28 
3.4057023868e-09 
-7.0735109312e-20 
9.6493455684e-18 
9.4605996992e-07 
9.1439817413e-33 
7.0577875687e+19 
1.8663707443e+11 
6.3557070848e+10 
3.6345718151e-32 
-1.5202722106e-35 
-3.5993626214e+11 
1.0037564483e+24 
-8.5492132484e-07 
-3.0487139200e+08 
-2.1072915661e+11 
-5.3438671007e+27 
2.5201463318e+02 
3.7407073019e+21 
2.3900037912e+32 
6.0267373314e-09 
-3.1234796280e+22 
-2.4186152989e+19 
1.3359996464e+19 
-1.8573610532e-12 
6.9337225561e-37 
-2.6267340494e+37 
-1.8601206147e+17 
-1.5014317531e-28 
-6.0955751557e-09 
1.3018936210e-14 
-1.8947874069e+01 
-2.9167846015e-30 
1.3721851125e+29 
-6.6862919645e-09 
-1.4255762369e-11 
1.6182236105e-20 
-1.1512561523e+04 
-5.9598255064e+22 
-3.0115146297e+19 
-2.8928125000e+04 
1.3507905049e+24 
9.8035846769e-23 
-7.1901524734e-09 
5.5701562500e+03 
2.7171598939e-32 
-1.1603727915e-28 
7.5307374296e+30 
-3.0599276978e-17 
4.7333196562e-07 
-2.2739069667e-28 
1.5530390625e+03 
1.1301711202e-03 
1.0469026798e+31 
6.5151647403e+14 
1.7486017202e+18 
1.9158666756e+38 
-6.7001888111e-21 
6.5249423642e-08 
-7.5574846872e-26 
-4.2351020966e-06 
1.6476812673e+29 
4.9077183020e-34 
-8.1300982134e+15 
-2.7144333970e-27 
-4.5720808589e+24 
-3.9259646149e+36 
-4.2660122290e+20 
1.3892849297e-24 
-8.2971183777e+01 
4.8516996875e+05 
5.4330134392e+00 
-2.6325464709e-17 
-1.8562370884e-32 
-7.6038406112e-36 
3.2751592737e-20 
9.5216120000e+07 
3.7398497412e-34 
-3.0400123047e+04 
2.9343278809e+03 
-7.8230375105e+32 
3.2688257355e+17 
-2.0241695473e-11 
-9.6904300000e+06 
-1.0767197646e-32 
-6.5034182984e+12 
-1.7652850044e+29 
2.7276727676e+01 
-4.9858230000e+06 
-1.8781070557e+25 
1.4401517500e+06 
-3.2353091414e-35 
-1.7166374239e-20 
6.9122004872e-29 
-1.6463131585e-13 
1.6384028194e-13 
2.5547985626e+32 
1.0881923884e-18 
-1.1340304045e-03 
-1.7468750234e+11 
6.3715643236e+37 
-8.5142887198e+21 
-3.3254533349e-08 
-3.2717470400e-10 
1.6008223295e+00 
-1.6553140047e+28 
-6.4897050614e+34 
2.3981555426e+20 
1.0013025076e-08 
1.2112185990e-21 
-1.6843124118e-12 
2.1008450590e-26 
5.8805977088e+10 
5.9588911950e-23 
-2.8420027908e+26 
-6.0616229200e+32 
9.1848778538e-06 
7.5550937500e+03 
2.9609148895e+35 
-1.2775984730e+27 
7.7858194709e-04 
-4.0393454387e+11 
-2.3658050345e-14 
3.4472548261e+17 
8.0516911112e-06 
4.7630193096e-37 
4.6613085938e+02 
2.6969954638e-33 
-3.3731142602e+32 
2.5598798052e+20 
2.6491142613e-11 
-7.6113912335e+17 
1.2414686523e+04 
-2.8266333836e-16 
-3.7090355818e-06 
-7.5214791891e+21 
-1.1759328800e-06 
1.2686749219e+05 
-8.2639563011e+24 
4.2735469695e+33 
4.1446325191e-38 
1.2044443159e-22 
1.9153976195e+37 
1.8738000824e+31 
-1.8772804145e-10 
-1.3558606725e+13 
6.5599675000e+06 
7.4401545525e+00 
-8.3904582475e-28 
-1.1238370679e-33 
-5.5726495513e+24 
1.0725231934e+03 
2.6694375265e-05 
-9.9703640045e-34 
3.5363725628e+16 
1.0850645065e+01 
-1.1502428622e-26 
2.4456708784e-29 
-4.1160195620e+21 
6.7900748712e+34 
3.7448291550e-04 
4.3757982617e-18 
1.0681082077e-13 
-1.4730494878e+34 
-1.9550714838e-30 
6.1764392010e+27 
-9.0850090027e+01 
-1.8712735251e-16 
-1.0462576904e+03 
-3.2064365524e+21 
5.5259246094e+04 
2.1207490232e+12 
4.3836317761e-28 
5.7717646671e+36 
2.6626383872e+11 
-3.0175677993e-21 
8.6474830306e+17 
-3.4393011817e-19 
9.9206012189e-38 
-3.9545210952e-22 
5.0640370766e+24 
-7.0385580449e+15 
2.7161245381e+22 
-2.3095864512e+14 
1.4487325025e-35 
1.5184865525e-17 
8.0778753467e+23 
2.9745832298e+26 
-5.6993449107e-05 
2.7029514248e+18 
1.5170312500e+04 
-1.6309354496e+10 
1.7302050781e+02 
5.6450279457e+21 
-1.3443947293e-17 
9.8937666948e-09 
1.7275500547e+37 
3.0197123047e+04 
1.6899001038e-27 
3.5770408350e+17 
9.4149105251e-02 
-7.4715291820e-28 
1.1497357140e-21 
1.5819559849e-05 
3.9862895582e-28 
7.1601491085e+23 
-5.5602121444e+29 
-1.9041384034e-16 
8.9703427820e-18 
7.3902947088e-27 
-6.7430942774e-11 
7.6311127358e-20 
2.3996253660e-13 
-5.3950988865e-28 
1.3272917823e+17 
-5.5893791199e+01 
-7.1093007533e-34 
2.8834273635e-08 
4.1773037013e+21 
-9.6591845703e+03 
-1.3259805457e+31 
-1.4690231934e+03 
-1.4940125402e-03 
1.4901072693e+02 
-4.3154682021e+27 
-1.7025579557e-10 
5.6733301154e-32 
2.8443279790e+32 
1.0438369058e-09 
8.8453969955e+00 
6.1891353607e+01 
-1.5320777536e-08 
2.1412024973e-27 
1.7354336232e-34 
-3.4226442896e-32 
-1.2204148229e+15 
4.7415477255e+33 
1.4974189666e-09 
1.2720632325e-09 
-6.6518490755e+23 
2.3458626529e-23 
-1.2307588490e+16 
-1.6439417669e-15 
2.4099198636e-03 
-3.5657544504e-04 
-8.0763178883e-26 
-1.6564151477e-16 
3.3910161043e-23 
1.1932919154e+30 
-2.1581630067e-27 
-4.5738366301e-14 
2.0084557628e+18 
-3.2029205466e-37 
6.2424050100e+31 
-2.4526212215e+00 
6.5571295773e+16 
1.3463002734e+34 
-1.4011436523e+04 
4.3915881663e-25 
-6.1719219814e-16 
-1.3485506127e+29 
-5.3066629171e-01 
7.5861197218e-26 
9.1079315623e+18 
2.0676338608e-26 
4.0868416290e-11 
-2.2556366323e-27 
-3.8503419897e-10 
-1.0420864680e+13 
-1.4668213453e+11 
1.5183374596e+18 
-4.2528387546e-22 
1.2902751441e-31 
2.2806918836e-20 
-2.6269907084e+15 
-9.1189413488e-38 
-1.0246809721e+00 
2.5634153366e+01 
-7.8051955272e-17 
2.4883171916e-01 
5.0595018547e-04 
-4.2993383249e-04 
-1.6102506051e+36 
1.7612738907e-01 
-3.3356462331e+22 
1.4376197441e-06 
4.6453797683e+11 
-4.4715728896e+10 
1.3737728167e+32 
2.7113399506e+01 
-1.4646898438e+05 
5.7587559960e+22 
3.5485118464e+10 
8.0223020800e+08 
1.4999927501e+29 
8.1147950581e-09 
1.3516079294e+30 
4.9033273102e-12 
1.0420717250e+14 
6.1333246094e+04 
3.8009831309e-01 
5.7225275000e+06 
6.1211691031e-19 
5.6264335819e+13 
7.0687062974e-12 
-3.9242260564e-14 
-1.7603487027e-12 
-7.5823435327e-04 
2.5725153809e+03 
1.2919587135e+33 
2.2880564880e+02 
2.0283742747e+30 
-7.7267467851e-23 
8.0323450362e-36 
1.1742673739e-37 
5.7963831465e+27 
9.9497905950e-19 
-2.8760486629e-29 
1.6130148800e+08 
1.3665998750e+06 
-1.9267235816e-26 
-9.6123794227e+11 
-5.9885365878e-23 
2.5611134890e-30 
2.0834123047e+04 
-3.3857898082e+29 
-7.1724487792e-24 
1.1731581836e+16 
1.8734478750e+06 
-2.1010210816e+11 
-2.4173970654e-36 
7.1956863414e-15 
-1.1151067816e-32 
-1.8529073305e+19 
1.4743346610e+13 
1.1087068560e-04 
4.9484732789e-32 
-2.1419420057e-11 
-1.4420467349e-35 
3.3020940865e-17 
-6.7530034316e+37 
2.1529108365e-36 
-1.8443678617e+00 
1.9770665509e-22 
-1.2503636535e-03 
-3.0566589682e+15 
-9.8896370733e+25 
-9.8949509120e+09 
3.5292228699e+01 
6.4692468000e+07 
1.1986773201e-14 
-5.0108238240e-26 
1.0638791899e+32 
2.2241675472e-38 
2.9806514740e+01 
7.2833427734e+03 
2.0834756435e-18 
-2.1008157245e+13 
3.7860502607e-29 
-3.8098131420e-12 
-3.3791151270e+16 
-2.0493573855e-38 
1.2727743000e+07 
3.1490616589e+33 
4.4480866115e+33 
2.3459967680e+15 
1.4860312576e+11 
2.5001880000e+08 
7.3622851919e+17 
1.3141121930e-16 
6.0172863084e-39 
4.8485380427e-22 
4.7756094582e+18 
3.7450070849e-33 
-6.1294162497e-37 
-3.9633211901e-36 
-3.5485854741e+17 
-1.7636393011e-01 
6.7042549980e+19 
1.4669935851e+28 
-6.7640384097e-32 
-4.3013879366e+14 
1.6549346304e+10 
-3.2280278279e-28 
-1.2933166712e+38 
-1.0513280965e-35 
-6.5873609221e+36 
-3.6748255583e-18 
-2.0895690827e-15 
-4.5657401889e-17 
1.4988277081e-25 
-1.8342515489e+15 
-5.6445054497e-07 
-6.2286636800e+08 
3.8987634837e-15 
-2.4635138048e+11 
-4.3132911174e+26 
3.3841957053e+35 
5.2837653061e-27 
-7.1972935437e+36 
-1.8040264534e+26 
2.7414076686e+18 
1.0977980299e-30 
-8.8925094536e-38 
7.3538894561e+12 
8.4335783425e-32 
-2.9136029102e+32 
-4.3006380272e+18 
2.3431149584e-29 
1.8083796179e-12 
-1.4811592161e+37 
2.7013955156e+22 
-1.3525827007e+20 
1.4682058236e-07 
2.7018406937e+32 
7.1834247168e+10 
-8.6084270032e+17 
3.2125627217e+33 
-2.1778686493e-11 
-2.0537980000e+07 
5.3096685035e-12 
-6.5256006486e+26 
8.2014447021e+02 
1.4407889404e+03 
-1.7600589768e-13 
-1.5502228668e+26 
2.4193698989e+30 
1.4332023795e-13 
6.1968564328e+30 
2.1427851407e+23 
9.5267398019e+17 
1.5267490704e+15 
1.7174526193e-25 
-1.2734948657e-02 
-8.3986588517e-11 
-3.9059704313e-27 
5.4679179584e-07 
-5.2407540041e+19 
-2.0086372720e-36 
1.5301937600e+08 
4.4188543392e+16 
2.8715677565e+25 
-4.7425235317e+32 
-1.6065361648e+24 
-4.8374970192e-24 
-4.8717408377e+25 
-1.2321145280e+28 
6.6784753200e-21 
-1.0210633133e+22 
9.0411745935e+13 
1.1560395360e-03 
-3.9006549385e+16 
2.0611784442e-16 
-6.2197348162e+23 
-2.2174780458e-15 
-2.8188538204e-35 
-1.4668479725e-34 
4.3029229655e-22 
2.3972834007e-17 
-2.2532193861e+33 
-2.1727019437e-30 
-7.7235317383e+03 
-1.5241745307e+37 
-1.5462459076e-36 
1.0130716649e+26 
-3.1984103627e-21 
-1.4198870880e-34 
-1.9074457197e+21 
4.5902441600e+08 
-1.3311935283e+11 
-1.5721673208e-06 
6.2836429345e-35 
-1.4933577211e-32 
-6.2278866201e-31 
4.0351112515e-23 
-7.2244437673e+35 
8.0955370239e-33 
-5.8412936050e-04 
6.4073672688e+13 
1.2670136584e-06 
5.7121813299e+11 
-2.6939803979e+26 
-1.3288609335e-22 
1.5978035570e+30 
-1.3326979960e+22 
1.2946661430e-15 
1.6544732176e-33 
1.7508942805e-32 
2.7022813447e-03 
-8.7540980816e+21 
5.8677583151e+13 
-5.1973712957e+24 
6.3464595788e-15 
3.2838208426e-05 
-1.6077431278e+28 
-1.0592913408e+10 
-7.0893156590e-06 
1.6237195374e+25 
-1.8162416859e-27 
1.0455522876e-19 
3.2477805167e-11 
1.3729161645e-23 
-1.4663541064e+12 
3.4306994995e+13 
-2.0373319276e-03 
1.0311793770e-25 
-1.0803782002e+36 
4.1076256979e-11 
7.2233998714e-38 
7.0539552830e-15 
3.9145147449e+23 
-2.4754318595e-09 
1.4081605911e+01 
1.2495600269e+21 
1.3823776585e+17 
1.7284378899e+29 
-1.2423065344e-20 
-7.6874195447e-24 
5.5067238993e+37 
2.3727800974e-11 
1.6137516609e+22 
2.8716781717e-35 
4.5685568008e-29 
-2.4588110251e+19 
-4.0505055418e-26 
8.3722515625e+04 
-1.2262200836e+13 
2.4410416330e+21 
1.4169922000e+07 
-1.3322465353e-09 
-5.6542083629e-25 
-1.0213542999e-36 
-7.4068059639e+16 
-1.3304923136e+10 
-5.5204951721e-11 
2.2326985215e-33 
4.8367679119e-03 
7.9350877431e+36 
6.8497809660e-31 
-6.0526201248e+34 
-1.0250906093e+29 
5.8634212473e-04 
1.5502735596e+03 
-4.7236233390e+20 
5.8729251862e+01 
3.7246903162e-07 
1.2751038022e+24 
3.9253842734e-17 
-2.4559277272e-32 
1.5287251370e-30 
6.4842981828e-07 
1.0897924136e+29 
-5.4853193155e-29 
-4.5727156155e+17 
4.3305187410e+12 
-2.7638661942e-22 
4.5541055472e-20 
-5.5555332786e+24 
1.7306732155e-34 
2.4800446141e-08 
9.1913578300e+30 
-4.8315493828e-09 
4.7552539918e+13 
-3.1676095277e-27 
-2.0063501562e+05 
-3.6617641499e+29 
8.5647572349e-16 
-3.5426864980e+19 
-3.1865053272e-26 
7.0697618766e-12 
-8.8565703456e-31 
-5.7463411881e+26 
1.1556814230e+22 
1.1044848640e+10 
-1.1758525411e+37 
-8.0850044943e-23 
-8.6149945600e+08 
-8.7303268974e-17 
3.5168014105e+18 
2.1698338785e-17 
-1.1686299835e-23 
-2.5603026669e-18 
-6.0580943207e+14 
4.8643310547e+01 
-3.2118800384e+10 
-2.5248075732e+30 
2.6217317921e+23 
9.7289447021e+02 
            nan 
2.2793507533e-14 
1.5826500000e+05 
8.1611707186e-20 
-5.0136250000e+04 
-6.2008317453e-17 
-4.7680170433e-33 
-4.4767153426e+25 
-5.5437125000e+06 
-1.1586366429e+21 
6.7734507812e+04 
-1.3631124007e-09 
1.0315073000e+07 
1.1142785630e-18 
-2.0066548884e-01 
-1.0394215906e-06 
-9.4427707740e-38 
-6.8820759009e+35 
-9.9663333919e+34 
1.9911002287e-23 
-8.2604580312e+37 
-4.7773588095e+26 
2.5517780600e-34 
5.1939408001e-28 
-3.8382516437e-23 
-2.6157571728e-14 
3.6517628323e-32 
5.3146749055e-34 
-5.2835390184e-21 
1.2536203542e-07 
3.5205857159e-37 
-8.1717818797e-31 
2.3584222575e-08 
-2.2121084478e-11 
1.2543099245e+36 
2.2592679054e+36 
3.5824427443e+16 
1.5788491908e-15 
-6.1961293572e-14 
4.1608641364e-22 
-3.7518908691e+03 
-5.2001108182e-23 
-2.8906402500e+06 
-2.3991821467e+37 
1.5895959294e+27 
-6.9557256218e+19 
2.6852493716e+36 
6.7253779287e-31 
-1.4567450504e-14 
-2.0943626745e+31 
3.8442273280e+09 
-8.8970896223e-24 
-1.0234169762e-10 
-2.8265003125e+05 
-6.5802130184e+22 
-4.3319235795e+32 
1.0537620366e-31 
3.8654834498e-06 
-3.0908073098e+24 
1.2233591080e-01 
-3.7587824409e-08 
-8.7151840125e+27 
5.1033447266e+01 
-9.6125411752e-20 
2.0757083785e+33 
3.3839225698e-37 
1.4635594642e+35 
-2.4427004365e+27 
-2.5005258752e+10 
3.7219987456e+10 
-9.4064951467e-26 
3.8130337902e-20 
2.3021850586e+01 
-1.5863396942e+32 
-2.3905299157e+30 
-7.3184724897e-05 
2.4211539406e-29 
-5.8167985271e+26 
5.2122380927e+13 
-6.8329772949e+00 
4.8073722268e-33 
-4.1565265985e-28 
7.0191860199e-02 
1.0169635308e+12 
-1.6390480440e-20 
9.6330046654e-03 
-2.0538900480e+09 
2.6537968750e+03 
-1.1688833784e+38 
-6.8338997655e-14 
2.9298375000e+04 
2.7266899849e-10 
2.5846956901e-37 
-6.3806314290e-16 
6.9886398315e-01 
1.2071197375e-09 
1.4338680091e-32 
-6.7600942235e-27 
-1.9369944930e-03 
-1.3316267903e-26 
5.2300021760e+09 
3.1258314848e-03 
-4.8387145996e+00 
1.1425859375e+03 
4.5038336000e+07 
1.0985796199e+15 
-3.0557843215e+26 
-3.5687824820e-35 
-2.1285815992e-14 
-8.0737549979e-09 
2.0175440244e-30 
1.0627878032e-37 
-4.5877087437e+11 
-3.1757444632e-27 
5.6029593600e+08 
-1.2067865876e+27 
1.1076513672e+02 
-1.5078997985e+37 
3.8509740032e+10 
-1.1195846768e-27 
3.9155104401e+18 
3.3492986162e-11 
2.7328613214e-05 
1.3893339164e+32 
-7.6644122601e-03 
-3.8405712113e-38 
2.2825197255e-26 
-1.0814720219e-36 
-2.6402909010e+22 
-1.6037047624e-26 
-9.0784182598e+26 
9.7776444607e-31 
-1.1136366176e+14 
4.9615914577e-06 
-1.5208434105e+01 
3.0409467848e-29 
8.7655239601e+19 
1.4958962211e+17 
-3.9536468271e-27 
-1.1532311271e+22 
3.1698843809e-31 
-1.1530379258e-25 
-3.3890196411e-33 
-2.0521648937e-35 
1.5403793077e-04 
-3.4073741517e-06 
-9.5873105469e+03 
2.7262855774e-36 
-6.3386236364e-12 
1.0441838764e-02 
6.7823528960e+09 
1.2642993965e+23 
1.6334811523e+04 
3.4941644698e-25 
-5.9518361587e+14 
-1.9062417761e+32 
-2.7560433418e+12 
-3.8258960558e-05 
2.4580093440e+09 
2.4315048755e+12 
-6.4152849988e+29 
1.2698753710e+17 
7.0980775491e-20 
9.0963193665e+23 
-8.4808492188e+04 
-1.0450789171e+11 
-4.0836496511e-12 
-9.1752730299e+21 
-3.1088987350e+01 
-2.0181593653e+31 
5.2187902675e-35 
6.7412235506e+23 
1.1151810287e-31 
5.6977309037e-23 
2.2857859061e-16 
-2.1287484160e+09 
-6.4115802340e+23 
-4.3878050048e-21 
-1.7008473518e-09 
2.2286187321e+33 
5.5757546804e-32 
8.2281395239e-12 
-3.1994439345e-21 
-2.9906307794e+31 
-1.7079237818e+32 
-5.4969246094e+04 
7.7433397002e-26 
2.3223641942e+23 
-2.8720135603e-08 
7.4114017526e+12 
4.1283754607e-19 
1.2844561523e+04 
5.4327280921e+26 
-2.3945854000e+07 
1.2984919671e-30 
-2.8638082560e+09 
2.8491035681e+19 
2.4670044624e-25 
9.5521902250e+19 
-5.2044719675e+20 
-1.8800692947e-10 
5.9218114508e-21 
2.0790800661e+16 
-2.7449505093e+29 
5.2431077507e+13 
-2.9335139343e+15 
-4.4304021736e-37 
9.6624408628e+24 
-2.2164081778e-29 
7.1459432105e-23 
8.4111883325e-07 
1.0041560031e-22 
1.3598500751e-02 
4.5538467930e-06 
-2.1963521130e+13 
7.5224824358e-25 
9.3545540651e+27 
9.5308668349e-18 
6.3599008322e-01 
-1.5631118750e+06 
1.4135806400e+08 
-3.4941825623e-37 
-2.0414638541e-22 
2.8273095154e-07 
4.6803052834e-14 
-1.2621639404e+03 
-7.1426744947e+16 
5.9260928576e+32 
7.3512807617e+03 
8.1085103494e-16 
-2.3907887226e-04 
-5.7294076681e-01 
-6.0764488879e-22 
6.4694079087e-12 
-5.4331059635e-16 
-6.1774853997e-15 
3.6009394838e+33 
1.9208510778e+38 
-9.4455044506e+12 
-1.1286823676e+25 
5.4326412201e+01 
2.0335603889e-29 
-1.8849669841e+13 
1.5106512436e-14 
5.0096783208e+35 
-8.0011020321e+32 
-2.0753309946e-04 
-3.3109739381e+22 
-2.0798583329e-01 
-4.2196668556e+15 
-1.1839141882e-25 
-5.3143175336e-16 
3.7909631887e-16 
1.4809097886e-16 
-3.2414973647e-22 
4.9365097628e+23 
-4.7707904752e-33 
-1.0460338323e+14 
-3.8549169264e-30 
-2.6653860999e+26 
-1.8174542765e+25 
2.2672859486e-03 
4.5100475000e+06 
-9.6244086478e-08 
5.0465445912e+23 
1.5459341862e-29 
-2.6629465189e+18 
-1.6294794999e-16 
-2.3381627476e+15 
-1.3908617369e-08 
-1.0582886691e+18 
-9.7071006937e-32 
-6.6515136719e+01 
2.3208756965e-14 
8.9360951653e-23 
-3.8147654238e+29 
2.7785039326e+24 
6.8959768451e-13 
3.9335012436e-02 
-3.2991920307e-07 
-6.0120062832e+32 
3.4908403773e+34 
1.1225641912e-32 
-1.5807201674e-32 
1.6254305840e-02 
1.7065097700e+26 
-2.8774871826e+00 
1.0643396050e-31 
1.2241837857e+27 
6.0645654241e-26 
-4.6218020730e-14 
-3.7825701478e+11 
-1.2728082477e-12 
9.0572400000e+05 
3.4222460938e+02 
1.8428703008e-11 
3.5281152849e-38 
-1.8397659136e+10 
1.1576563819e-38 
1.9973217600e-30 
-1.6376070144e+10 
1.4324708086e-11 
-2.2255242982e-07 
2.2850660800e+08 
8.7677959527e-05 
2.2162055375e-37 
3.1459373047e+04 
2.4690055846e-17 
-4.3264996502e+27 
4.8476977942e+27 
5.2998355911e+22 
1.4529751590e-35 
2.8998646385e+35 
1.2996698206e-04 
-1.7300699651e-01 
-4.9030110240e-01 
5.0269595479e-36 
-7.3662936687e-01 
1.3862232251e-08 
-1.8255355200e+08 
-1.7940230668e-01 
1.1844428975e-13 
-3.2127942794e+17 
8.7724649473e-30 
1.9360959273e+14 
1.8791297264e-28 
-5.6440429478e+13 
1.0356520037e+23 
-1.6118083669e-25 
-5.0706595289e+14 
3.6481066696e-26 
-2.8094752788e+15 
2.0721552894e-02 
6.0563044548e+00 
-2.7254133196e-36 
-9.1700337206e-25 
-3.9956099274e-14 
-1.0101058038e+30 
-9.9531747976e-20 
4.3493695557e-04 
-3.7236506646e-24 
            nan 
1.0294965827e-19 
-1.1386630029e-15 
-1.8206131047e-12 
-2.1156000000e+06 
2.4998913491e-37 
5.3687305948e+14 
1.1630050000e+05 
3.5238514329e-09 
1.0117210924e-30 
-3.7256628275e-03 
-9.3366815729e-26 
-1.5360671910e+29 
-7.1205791236e-23 
2.2444210599e+15 
9.4840608338e+27 
2.2112295026e-28 
-1.2326509888e+29 
-7.5550676826e-11 
8.1758275578e+23 
2.0313837013e-07 
-5.4883285811e-31 
-1.0885822128e+26 
1.0508083292e-10 
1.4215087440e-12 
1.2325915028e-14 
2.1507125000e+04 
3.1469404860e-10 
-3.4231784573e-28 
2.3073891379e-20 
6.1891780110e+16 
-6.3843856384e+10 
6.0729337600e+08 
-3.3558278809e+03 
-9.4596883762e-21 
-3.2172929134e+37 
-7.8480830416e-03 
2.2925519752e+18 
-6.0410734266e-02 
3.7825182263e-24 
5.1553951263e+01 
4.9134954894e-33 
1.2382725651e-28 
-2.2728058696e-01 
3.3195505707e-27 
-1.2458540866e-08 
-1.5109692000e+07 
-1.4805453752e-19 
-1.6660650135e+34 
4.2153112590e-02 
-7.8863570356e+35 
5.5121022372e-38 
3.0351404759e-19 
-3.8875763058e+30 
1.0027305355e-29 
-2.5308782989e+25 
8.2069243144e-36 
3.6413373625e+14 
-1.4580916166e+00 
2.6525839716e+23 
-1.7249200332e-11 
1.4211546112e+10 
1.2272238750e+06 
-6.7774617477e+34 
1.3596197234e-29 
-3.3462464207e-35 
-8.0448526144e-01 
3.3430413601e+31 
-6.3332694394e+16 
1.4436106447e+36 
-1.7046605242e-37 
2.3499636706e-32 
-1.2388128791e+16 
2.8417893793e+21 
-2.5200119314e+16 
1.4989845187e-33 
-5.5733814675e-36 
1.4306130270e+33 
-3.1715333738e+19 
1.6098420019e-06 
-7.3785476561e+16 
-1.6011867388e-09 
8.5246655763e+21 
1.9660353661e-02 
2.1828263998e-03 
-9.0369797170e+35 
-1.4978756856e+17 
-4.6408437500e+03 
3.2643210739e+25 
-8.5171435272e+30 
-1.9943626241e+20 
-1.3644843774e-22 
-1.8636090934e-11 
-2.4669738392e-37 
1.7267874630e-10 
-7.5050802787e-22 
3.8601452701e-08 
7.0734307328e+10 
-2.8408596875e+05 
4.4506738050e-05 
-1.3390887680e+09 
7.7505976777e+36 
-1.6151423628e-20 
3.1122224640e+09 
4.0501483938e+24 
-3.2991482961e+25 
-2.3991314229e-03 
1.2449574910e+31 
-2.4359834507e-29 
-4.0228166010e-35 
4.0853358421e-33 
-1.4206078686e-30 
3.6889839934e-27 
6.0821913187e-19 
-4.0436918115e-20 
-1.6507794432e+10 
-1.3788825684e+03 
2.4357386722e-38 
-5.3545549694e+17 
-8.8090073430e-12 
-1.3024777158e-31 
-5.2292845998e-27 
-2.1463147879e-35 
3.6211756524e-03 
-2.5563468124e-30 
4.6550307617e+03 
-5.5425561479e-29 
-1.1922699592e+27 
-1.0405390253e-22 
3.1418334890e+30 
-1.1635548750e+14 
1.4964551553e-07 
-9.3552079512e-35 
-2.2044084966e-01 
6.3394518794e+25 
1.2986190281e-27 
-4.6761096593e+20 
-4.2352401529e+33 
4.0404860375e-35 
-5.3089034088e+23 
-3.3557585262e+19 
1.8141579037e+22 
4.3786685645e+12 
-7.9512499015e-12 
-1.1596695302e+28 
-7.9099547293e-05 
2.9223349769e-25 
7.7394017717e-04 
-7.8367821799e-16 
2.8812881183e-17 
-6.7135995626e-01 
-4.2255302901e-07 
-3.0816499892e-35 
-2.2412883451e+18 
-1.1743120457e-20 
-2.2080564880e+02 
-3.8147123113e-28 
1.8014219469e+11 
9.6616212233e+27 
2.7441279635e+17 
-2.4513825740e-19 
-1.7903741243e+34 
-1.1363050291e+11 
-1.4143003505e+14 
-5.9186061259e-21 
-9.5966825029e-04 
-1.3800021171e-21 
-9.2502355397e+30 
2.4457766368e-10 
8.0230733905e+27 
-1.6794551309e-26 
9.5029113467e-09 
-4.2789102123e-11 
8.9035615234e+03 
2.3988620877e-13 
-1.0511936373e-12 
-1.5165250855e-29 
-5.6005880000e+07 
4.2696207360e+09 
-2.1438532108e-18 
1.1161392282e-19 
-4.5939770231e-34 
-2.4024942924e+24 
1.0978692589e-32 
1.0595616737e-28 
-3.1444795604e+18 
1.3313763247e-06 
2.2082034126e+14 
9.6936832879e+33 
-3.6920316800e+08 
2.4343874472e-08 
9.5733122343e-24 
-2.8714535758e-02 
1.6422733154e+03 
-3.2135286759e+16 
1.1689922829e-34 
-1.2396391779e-29 
-1.6111344748e-21 
-7.0897535182e+15 
-3.9702044887e-05 
-9.6586294174e+00 
-2.5938217415e-25 
1.3966535177e-12 
1.1670918730e+18 
8.4334754658e-38 
-1.4178988265e-33 
-1.0242405433e+32 
-6.6948152132e-27 
1.8879424712e-36 
-2.1582004504e+18 
-7.3675226331e+19 
-3.1966582810e-28 
-2.3146476478e-20 
3.8193292173e+17 
2.2206685053e+20 
            nan 
-1.5122798750e+06 
1.2664878750e+06 
-1.4443641777e-37 
2.9008548717e+37 
8.6505469755e-32 
1.4133471610e-18 
-3.5619168619e-21 
-5.2544918400e+08 
-1.3641661237e+25 
-4.4168746094e+04 
2.9439817429e+01 
-1.5237567000e+07 
6.6951157780e-34 
3.6384908017e-03 
-1.1099102141e+22 
-2.2899197100e+17 
1.6727098438e+05 
1.0152400322e-15 
-9.8669615131e+16 
-3.2059321325e-21 
-8.3215992750e+12 
-3.5954838296e-39 
-5.2336509629e+28 
-1.2342349219e+05 
-2.0403582976e+10 
1.0934263229e+01 
1.0467300031e+22 
7.9311987058e-23 
5.9050267737e-05 
3.1143064046e-35 
9.7220546370e-29 
2.8216722981e+13 
-1.1007993698e+01 
-2.3720015898e+33 
-3.7408881135e-25 
-4.1948587500e+05 
6.1545633232e-34 
4.9935224102e-33 
-2.0037011772e-23 
4.2529816897e-19 
9.7783666820e+26 
3.4345617612e+36 
-7.9812143006e-11 
5.2161184911e+25 
7.6008320484e-31 
6.7460868782e+15 
3.6265402470e-37 
1.8543475089e-10 
-8.0567304394e-05 
-2.4378201962e+00 
2.6540508547e-14 
-5.1508919087e-36 
            nan 
8.0794100957e+33 
-4.2605422837e+26 
-1.1896800370e+15 
-4.8574372307e-37 
2.4857555400e-04 
-7.4066747061e-31 
-8.5535208040e-35 
1.5350324441e+18 
-3.4799610148e-04 
-2.7708623047e+04 
-7.7705513135e-09 
-2.6856419444e-01 
-4.6476775206e-10 
-1.7001014404e+03 
6.8433222035e+26 
6.6386488505e-23 
9.6246567486e-28 
3.4128976218e+16 
2.4119250952e-07 
9.3596538880e+09 
6.8257834819e+27 
9.7051629564e-04 
-1.2178772435e-09 
-3.2530515886e+12 
8.1188371202e+37 
1.0558054426e-32 
-5.7286461816e-13 
2.4471431104e-08 
-8.3976841249e+16 
1.1245733986e+24 
8.3775433112e+37 
1.9135517307e-23 
5.2927461809e+16 
7.3612022788e-06 
8.6533272355e+15 
5.5635683239e-02 
2.4075902320e+20 
4.4725302734e+03 
1.1525072880e+13 
2.3274558049e+27 
-2.7061534686e-17 
2.6549241728e-38 
2.7471281783e-07 
1.0337908743e-16 
-1.7323625294e-34 
-7.6016068440e-11 
2.0220884480e+09 
1.5696246463e-24 
1.0674968891e+22 
5.8031862864e-05 
3.0708896484e+03 
1.3799600315e+23 
-2.2957460861e-20 
-3.5228473833e-23 
-1.6722305318e-08 
-6.3738510944e-03 
-1.1491098626e+31 
-1.8636853838e-06 
3.4401843937e+12 
-1.9499470291e+14 
-2.6775759298e-33 
4.0704220670e+28 
-8.8238513008e+24 
7.9263433613e-31 
1.4020177880e+18 
2.0856686751e-04 
4.1989458785e-12 
-4.7516632729e-23 
-9.5032422076e+16 
4.5728946984e+18 
2.4048371094e+04 
-3.2659123461e+29 
9.9606390448e+16 
-1.4525685547e+04 
-2.0352746465e+37 
4.0025284180e-34 
2.5401463318e+02 
3.0443959868e-22 
6.9402061432e-17 
-1.1104343593e-14 
-9.3476472712e-37 
3.8387504000e+08 
6.0570189817e-05 
4.6856163282e-16 
2.4929995019e+35 
1.4627321216e+28 
-2.5592569451e-17 
-1.7337205138e-31 
8.3685196893e-34 
-1.0571406720e+09 
-7.9807513945e+26 
1.3873812267e+18 
1.1051325823e+14 
7.6657648282e-32 
-1.2278797050e+24 
-2.0090695565e-30 
-1.1518178326e-36 
-1.5304188800e+08 
-3.1054204000e+07 
-1.2874327273e+33 
-3.7126322654e+17 
4.5824950000e+06 
-1.7097245850e+23 
-1.3986753464e+01 
-2.6594079505e-30 
-1.2535920796e-31 
            nan 
-1.8749776700e-06 
-1.9622594424e+38 
-1.4075168292e-04 
-1.0177016918e-07 
3.0210993750e+05 
1.9093096875e+05 
-1.0449305774e-20 
1.7152274346e+32 
-6.7913427734e+03 
4.2541946561e+18 
-7.6540599605e+23 
-7.3829147000e+33 
1.3790869035e+14 
-1.1927221111e-23 
-2.9058202626e-21 
-4.3508506989e-24 
6.6619602935e-15 
-2.3095337288e+12 
-4.1938136110e-38 
3.1840344891e-03 
3.3495746974e+30 
-1.1146992307e-07 
9.7065130727e-14 
-4.3520754662e-17 
-7.4046081766e-11 
7.3161021548e-37 
1.4413887370e+27 
4.0226584833e-33 
1.9724022459e+26 
-2.2356476800e+08 
1.2403648438e+05 
-7.5269106310e-04 
-1.0274006354e-31 
3.8269490688e-06 
3.9671065600e+09 
-1.0222789282e-09 
9.9702739716e+00 
-2.2068786592e+22 
7.6948216067e-35 
-2.3033059864e-29 
5.1112308193e+32 
-3.2242527529e+14 
2.1220004552e+38 
1.4821330812e+30 
-1.8435288812e+18 
-3.6161535510e+28 
-3.8940814209e+02 
3.0189258822e+26 
-1.6039181702e-12 
5.9412780683e-04 
-1.6395040839e-21 
8.3748134240e+16 
4.8915531396e-27 
-3.6310794413e+23 
3.6636749982e-31 
1.0739500427e+02 
-1.6379391479e+02 
-3.4845612556e+19 
1.5919829798e+14 
-2.7370847957e-16 
2.3677438354e+02 
5.7200278241e+18 
-4.4832848649e-25 
-3.0361497478e+16 
-3.3309194801e+22 
1.0288912504e-32 
6.6053807002e+17 
-5.5976568816e+13 
-1.5694525828e-18 
1.1831075260e+25 
-3.7756077561e-13 
1.5668960745e+28 
-1.1735191152e+14 
2.4181898194e-20 
8.7438095263e+16 
1.0955048700e+18 
4.9295158386e+01 
-3.3493945554e+32 
-2.6984511751e+33 
-3.4044795871e-09 
4.3687282704e-36 
2.3645514622e-02 
5.1793271303e-01 
3.1295467689e-21 
2.2913060649e-19 
-9.7649300255e+31 
1.9880555777e-20 
-2.7651228014e+22 
1.2650802499e+33 
-5.3339324363e+30 
-4.4492741055e+33 
1.2763719846e-31 
8.3980921523e-29 
1.4347490855e-02 
-1.4247115706e+18 
1.1085468435e+28 
9.7545195300e+32 
1.5566344018e-16 
2.3138170000e+07 
3.5612336426e+03 
4.6083669798e-20 
5.1233618966e-16 
1.3454430219e+19 
8.9830249811e+26 
2.8443448485e+28 
1.0942829002e+19 
4.5640105584e-10 
-1.5851106560e+09 
7.2924246695e+19 
4.0334434603e-34 
2.3371885618e-05 
-1.8261059018e+34 
-2.7057963867e+03 
3.0350531326e+28 
-2.1784922427e-16 
7.7245779037e+00 
-3.9127757773e-03 
-3.1637553118e-22 
3.2417371094e+04 
1.1811377600e+08 
9.5057392000e+07 
2.0851546156e-24 
-2.9506369594e+29 
-2.4557027289e+29 
6.0245729291e-30 
1.8737996254e-36 
-2.8392226395e-32 
-2.0805125329e+37 
1.4918153386e-38 
-3.9625197383e-14 
-2.9441882509e-36 
4.9708505819e+25 
-7.8756369768e+28 
-6.9228920620e-04 
2.1974606296e+19 
7.8782238688e-07 
-4.5178759249e+29 
-2.1870769085e-10 
5.9817420114e-12 
2.6846879721e-01 
-3.8454684588e-22 
-2.2832542025e+19 
-1.0563797941e-22 
7.3522363590e-29 
-5.7690993909e-13 
8.2107050859e+15 
5.5503599346e-02 
-3.8838574429e-26 
2.8895997952e+10 
1.5366525326e-12 
5.5209546468e+18 
5.0340671587e-30 
3.1424238530e-28 
-5.9052083953e-28 
-7.2118599753e+16 
2.0007321167e+02 
-1.3696516295e-36 
3.4117262158e-29 
-3.3409752500e+06 
8.0442007552e+10 
7.5350321531e+33 
-6.0808926821e-01 
-1.5570365000e+07 
-5.3797459046e-25 
-8.1851877190e-25 
9.9252103006e+22 
-2.1638905064e-15 
-5.9715522523e-27 
-7.1745358229e-16 
1.7270525017e+19 
5.5134645663e-04 
            nan 
1.9244488215e-30 
1.3942281994e+12 
-5.7727764626e-13 
1.8949460765e-25 
-5.3014047852e+03 
5.1824936977e+20 
-1.0760041508e-35 
-4.2377790625e+05 
1.7429757098e-32 
1.4423829141e-30 
-1.5048274231e+15 
-2.3743838324e+23 
4.8421765421e-23 
1.4776596480e+10 
-9.2303238830e-08 
-1.5798155568e+32 
-4.0398000830e-24 
-2.8345052949e-14 
2.5899121094e+04 
1.9219166347e-07 
-1.7838766479e+02 
2.9870029953e+22 
-2.9157623774e+28 
1.6339849830e+22 
-2.4379895294e+20 
1.9557888184e+03 
-5.7065401478e+29 
1.8518375057e+19 
-8.8135227561e-02 
-3.1744375272e-27 
2.3125200482e+30 
3.5894875834e-20 
2.9107034225e+33 
-5.5373720136e-15 
-2.7280155000e+06 
3.6322831360e+09 
2.6741689333e-36 
4.6665738007e+29 
-1.0930847344e+24 
-5.5138391630e-09 
2.0247557627e-16 
1.6786356961e+12 
8.2188461695e-22 
-5.1737570662e+20 
1.0498783914e-30 
-4.5437176000e+07 
-8.6573508778e-12 
7.1074179843e+18 
1.3238371963e-36 
-3.7805171451e-04 
-6.2246981543e-04 
-2.7407742901e+35 
-2.0157839172e-03 
-5.4944431188e-35 
-7.9175592305e-08 
-6.2589607996e-37 
7.1466318775e+16 
-2.2427150368e-25 
-1.3673601906e+32 
8.9178313781e-15 
-1.9788832412e+36 
7.6858939052e+15 
7.1852247357e+16 
2.1893003540e+26 
-3.8518333673e-22 
8.7590639739e-21 
5.9832289123e-10 
5.9663086104e-12 
3.0060388875e-24 
            nan 
-8.8992620405e-20 
8.5314839564e+29 
9.1127956120e+26 
-1.9191425527e-03 
4.4155735245e+11 
6.4968095853e-27 
-2.2641316463e+13 
3.6904344597e-05 
-2.5049854850e+14 
-1.1427536077e+11 
-4.3799756014e+24 
1.2487271200e-20 
5.6820905090e+35 
-2.7579115183e-29 
-5.9614042522e+11 
1.5464235916e-31 
-1.4724650906e-33 
2.1166511942e-05 
-1.1616908902e+11 
1.8912170452e-33 
2.8475460429e+32 
3.1483866721e+33 
4.6076915200e+08 
7.0583962286e-11 
9.5601134262e+32 
-1.2587236212e-13 
-3.9045356680e-03 
-4.3579094721e-33 
-6.1651176668e-30 
4.4966976106e-13 
-1.7592236996e+00 
4.8550136000e+07 
2.4680184317e+17 
-1.2590065601e+34 
1.9637452303e-33 
-1.0279991583e-24 
-3.3608375228e-38 
-4.7923654628e-11 
1.4657773018e+01 
2.5508522430e+19 
1.5870207294e-15 
