2.3509887016e-38 
0.0000000000e+00 
0.0000000000e+00 
0.0000000000e+00 
0.0000000000e+00 
0.0000000000e+00 
0.0000000000e+00 
3.5873240687e-43 
0.0000000000e+00 
0.0000000000e+00 
0.0000000000e+00 
0.0000000000e+00 
0.0000000000e+00 
0.0000000000e+00 
0.0000000000e+00 
0.0000000000e+00 
0.0000000000e+00 
0.0000000000e+00 
0.0000000000e+00 
0.0000000000e+00 
0.0000000000e+00 
0.0000000000e+00 
0.0000000000e+00 
0.0000000000e+00 
0.0000000000e+00 
0.0000000000e+00 
0.0000000000e+00 
0.0000000000e+00 
-4.4236203410e-34 
7.1746481373e-42 
0.0000000000e+00 
0.0000000000e+00 
0.0000000000e+00 
0.0000000000e+00 
0.0000000000e+00 
0.0000000000e+00 
0.0000000000e+00 
0.0000000000e+00 
0.0000000000e+00 
0.0000000000e+00 
0.0000000000e+00 
0.0000000000e+00 
0.0000000000e+00 
0.0000000000e+00 
0.0000000000e+00 
0.0000000000e+00 
0.0000000000e+00 
0.0000000000e+00 
0.0000000000e+00 
0.0000000000e+00 
0.0000000000e+00 
0.0000000000e+00 
0.0000000000e+00 
0.0000000000e+00 
0.0000000000e+00 
0.0000000000e+00 
0.0000000000e+00 
0.0000000000e+00 
0.0000000000e+00 
0.0000000000e+00 
-6.9354605675e-01 
-3.4416405725e-08 
5.7915317901e-25 
4.4561019199e-27 
-3.0613281675e+34 
1.1122940481e-01 
1.1818779167e-03 
-1.2591552832e-06 
1.6129954736e-18 
-5.9386589868e-08 
9.6431634521e+02 
-1.7539152640e+09 
-6.1697587143e-12 
-2.4570886144e+10 
2.7925019745e-37 
8.7733793199e+32 
1.0939333712e+14 
-2.1067875200e+08 
-1.0289396833e-18 
-5.8875727812e-19 
3.4343393750e+05 
-7.7583125183e-16 
-6.6094052734e+03 
-1.6594661180e+31 
-4.9193641328e+27 
-9.7545100713e-27 
9.0794358669e+21 
3.3497190474e+38 
-3.9113482000e+31 
-2.2086465946e+11 
1.4425390400e+08 
4.7435883987e-30 
1.1860414423e-35 
4.2226973029e-09 
-2.0700792000e+07 
-6.4533145269e+14 
1.0426788744e+30 
5.6378942505e-32 
-6.8865991211e+02 
-1.7968515158e+00 
-8.7826133680e+13 
2.9978753111e-25 
9.7447195384e+23 
-1.2936557617e+04 
-2.5872089239e+29 
-2.8141284229e+13 
-4.7318283344e+27 
-2.9894891895e-07 
-4.0175741463e+19 
1.6789194420e-19 
4.2000774194e+20 
-1.9045343995e-01 
4.3766822815e+01 
4.7258150147e-22 
5.8385750890e-05 
3.1331473707e-28 
-3.3502149120e+09 
-4.5404128000e-20 
1.1703540258e+32 
5.8086552783e+19 
-5.5328400479e+26 
-1.7752035332e+15 
2.4304974824e-02 
1.1808005617e+37 
8.7387562500e+05 
8.3166767964e-20 
1.3882883301e+03 
1.4041100642e+16 
4.0337469308e-38 
-2.3003043026e-08 
-6.1891372027e-09 
-2.6070418809e+30 
-3.3015741096e+15 
-2.4073325698e-18 
-1.2547046006e-22 
-8.4289445148e+37 
1.5111892321e+19 
2.4105874631e-13 
2.1468788000e+07 
3.7680559151e+31 
-1.3549758464e+10 
3.1121925734e+11 
-2.8463106517e-19 
-4.6573211954e-09 
3.4578766933e-11 
6.1519756317e+01 
-3.0293622000e+07 
-1.6846268560e+20 
-2.2330593492e-04 
-8.0834940574e-26 
2.7028013605e-08 
6.6719190599e-29 
-7.9814935696e-35 
7.1324340847e+14 
-9.4515851726e-27 
-1.0580403142e+38 
9.2617637634e+01 
-3.1091008720e-16 
3.4091506136e-31 
9.1512263830e-27 
9.1942011657e-38 
2.4592381761e-24 
-2.0099903396e-19 
4.1253305054e+02 
2.8644500852e+21 
-3.2677141219e+25 
2.9630994927e-29 
-3.5138575247e-15 
3.4763066880e+09 
-1.6685673643e-07 
5.5851230469e+04 
-2.2084618558e+35 
-5.0112407735e-06 
-1.2515641754e+11 
6.5436480576e+27 
-6.7363206101e+27 
4.6583335000e+06 
-1.5157394902e+32 
-3.6682602058e-06 
-7.7704320778e+12 
-5.1233990343e+37 
-7.7590583782e-33 
-1.0917715372e-05 
-1.2120126486e+00 
-1.9254952591e+12 
-1.6613681368e-37 
6.6156272640e+09 
7.7113852603e-04 
8.5380787596e-07 
-4.1199964029e-37 
-3.7667688940e+12 
3.7595624024e+37 
4.8214625837e-32 
-2.1325390041e-01 
-1.6518914623e-16 
2.2175019200e+08 
-4.1676842625e+14 
-8.9809925256e-19 
5.9143062670e-10 
-1.0328410084e-13 
-1.0365970390e+23 
-1.1748548597e-01 
1.0685845930e+35 
-3.7767067178e+18 
1.6783489459e-18 
1.5328735617e-33 
-4.3777897378e-20 
2.4997414130e-06 
1.6549407809e-16 
2.0713615234e+04 
-1.3982685150e+23 
-1.1273386392e-28 
            nan 
1.4071261407e+24 
-9.4598347168e-14 
1.5288769727e-33 
-1.4222962774e-34 
-9.5856242010e-21 
-1.3398513235e-20 
4.1545100800e+08 
4.8553235482e-18 
-4.5475633215e-07 
-3.3113529965e+30 
-2.4528424304e+36 
1.6339135742e+03 
-2.8460142229e-12 
-2.2373678144e-20 
4.2869714355e+02 
-4.8280706741e-21 
-1.7321035000e+06 
-1.0442556752e-15 
1.1125190747e-30 
-1.9255536640e+09 
-3.8581011053e+26 
-2.3872744961e+38 
-1.8984811493e+31 
-1.5070407680e+09 
5.6825482469e-21 
5.5700213947e+22 
1.3806196186e-09 
            nan 
-2.6905260668e+30 
5.4091618714e+11 
-3.8163522467e+15 
-3.0922476964e-27 
2.6604873657e+02 
3.4578966522e+24 
-4.3409727438e-30 
-3.7809588766e+23 
4.2075037767e+15 
3.9328709733e-10 
-8.4073981250e+05 
-7.7154762268e+01 
-3.6821793770e+27 
7.4936339466e-27 
-7.2636867023e-17 
4.8575087071e-26 
2.5624881784e+25 
-4.1207882240e+09 
2.2181272056e-18 
6.1827240711e+15 
4.3916597229e+18 
1.7582081060e+16 
4.9546169859e+25 
-2.9191193559e-34 
2.6553227514e+30 
-2.8623380786e-05 
8.0761987500e+05 
-2.3957597507e+19 
8.7762764095e-35 
-1.1952781532e-27 
1.3670096875e+05 
1.0633256902e-14 
1.7326290131e+01 
-3.2421073869e-25 
4.9150189209e+02 
-1.0233318750e+06 
-6.2846030439e+22 
8.4370101205e-19 
1.0018061403e-05 
1.2801049286e-17 
2.8790234410e-06 
-7.9082194756e-38 
2.2949440793e-15 
1.7826485371e-19 
1.4701866840e-13 
1.4032897944e+24 
-7.1448054314e+00 
7.8101659256e-27 
-3.5943692637e-05 
-3.2313526987e+28 
1.7140461181e+14 
-5.3977312566e-30 
-1.2059289600e+08 
8.7070465238e-32 
2.4612981178e+13 
-7.4595600000e+05 
-1.3611704878e+25 
2.1529608829e-19 
-8.3687492422e-26 
1.7405525909e-09 
-4.5073547363e+00 
-1.2230154348e-26 
1.6537739269e-19 
1.2588461077e-21 
-1.4417607860e-29 
-3.3133925068e-24 
1.0171684896e-20 
-2.4940484631e-28 
1.3388273601e-08 
4.1167904145e-22 
1.9605047214e+13 
-1.3112018685e+16 
-4.0869728649e-31 
1.3165942980e-29 
4.8171380141e+25 
-6.6237450158e+12 
2.6161608084e+28 
-2.0898893444e+36 
4.8823226870e-31 
1.2629548689e-20 
1.4957718045e+27 
3.1793271265e+33 
-2.5993100000e+05 
2.1896388798e+20 
-1.2665879172e+17 
-2.1464787599e+15 
-7.1427070523e-37 
5.8761631613e+34 
1.3875485957e-01 
4.9364634574e+20 
3.9052971191e+03 
1.8388081705e+12 
5.1413403125e+05 
-2.2728845805e+27 
2.1132690019e-28 
-2.7084804931e-18 
2.6028828870e-07 
-5.4427191836e-21 
-3.9196268709e+21 
3.1398350029e+11 
1.4467632252e+21 
-3.9084192365e-02 
-1.1114725595e-18 
-3.2907661020e+32 
1.2438212028e+38 
6.0921562500e+03 
1.6675176123e+32 
-3.9738842402e+30 
3.0578155518e+00 
8.8960500000e+04 
1.1741260109e-20 
-7.8902303358e-07 
5.0872870361e-09 
1.1617901650e-24 
8.0130294564e-23 
-2.2827110400e+08 
1.3929462433e-01 
-2.9811582750e+14 
            nan 
-2.4550604800e+09 
2.4255008707e+33 
7.3193289155e+12 
6.8284566514e-03 
-3.6265693796e+27 
-6.7070970740e+23 
2.3180586714e+20 
-8.0451375038e-30 
2.3893321120e+31 
6.7960640990e-06 
-4.6063052521e+33 
-3.4915677500e+06 
2.3881311425e-12 
-5.2587967283e+11 
-1.7869792313e-09 
-9.1824993491e-02 
1.8677470883e-32 
3.4601022271e+35 
-6.0668919327e-23 
1.2818632267e-10 
-6.5891768887e+29 
8.5281399112e+13 
-4.0898584004e+37 
2.4904378559e-09 
-1.0880568019e-37 
5.6905702040e-15 
-1.7979635605e-30 
6.2552957558e+29 
1.6301724526e-21 
7.8832433688e+36 
-4.6002670288e+01 
1.5971885749e+36 
9.6984325727e-21 
-6.0645811260e-02 
-1.4766059983e-22 
6.9784312683e-35 
-5.6465787566e-06 
-1.4869000912e+00 
3.0526628183e+30 
-4.2264249038e+24 
2.3617345683e+13 
-3.3001790625e+05 
3.0668950733e+11 
-5.8018257841e-03 
-4.5881913596e-18 
4.0112341687e+27 
5.0356137331e-31 
-8.4029100163e-35 
3.6458490880e+09 
3.9187355000e+06 
-9.6477680000e+07 
1.6499623801e-38 
-7.3217707791e+22 
4.9452907598e-23 
-1.4384582244e+34 
2.8340064760e+34 
-9.5417457581e+01 
3.0907606630e+11 
-2.1587262750e-29 
4.9577507232e-22 
-2.0133109860e-13 
-1.5996975568e-16 
2.4646542402e+35 
6.2633525177e-15 
-2.0454011788e+31 
2.0382656025e-20 
-1.4895974153e+16 
3.5913807483e-09 
-1.4415299120e-05 
8.8711358330e-06 
-1.2060005076e+21 
-5.2777449125e+25 
3.4884997926e-37 
2.7254022598e+01 
2.6494700797e+18 
6.5893747917e+11 
-1.2150043648e+10 
-3.7502941921e+12 
1.7677158988e+32 
9.9064302444e+00 
1.3831812086e+22 
-1.8766918351e-25 
8.2919696069e-06 
1.7755867188e+04 
1.4185002294e+36 
-7.3184804864e+10 
-1.1875100377e-14 
6.1663172703e-15 
-2.2052961600e+08 
-4.5724271113e-31 
1.7902147784e+28 
2.9814811514e+38 
4.2870707333e-18 
-3.6825861804e-11 
-1.4902427250e+26 
6.8703073497e+35 
-4.9143692905e+30 
-2.0242771134e-03 
-3.0222699343e-11 
-5.4251563597e-06 
-1.5505757141e+02 
3.5650003701e-02 
8.7282462938e+22 
1.0449427496e+22 
1.3383433594e+04 
5.7199233794e-08 
3.6626218861e+19 
2.3856153775e+24 
6.7925684774e+24 
-1.1637754938e-07 
-8.0064488896e+27 
1.0645237721e-29 
1.1627977600e+08 
1.1402006920e+36 
2.0757878749e-10 
-5.4962586225e-16 
2.5192101183e-10 
1.5519435692e-05 
7.7395886183e-02 
-4.5719118450e+19 
6.8349824336e+13 
2.4528867188e+04 
1.0523354492e+03 
-1.2848269616e+38 
1.7276724613e+34 
2.1251968222e+18 
4.2259953169e-24 
-8.1383141450e-31 
-1.8747531996e+30 
8.2572521903e+34 
-1.3847420923e-03 
-2.4529226957e+11 
1.1613873058e-11 
5.5735340000e+06 
2.1989375890e-33 
-4.7345771748e-08 
-3.1765668831e+18 
-4.9341754735e-37 
4.2540730511e-19 
-4.1946697235e+00 
3.7411162851e+20 
-4.2418502044e-10 
-1.5230480297e-28 
-1.0526105224e-30 
2.9609579484e-38 
2.8058606109e+13 
-3.4407313375e+35 
-4.2371382138e-23 
-1.1528328309e-19 
2.9179353135e+32 
-7.2816268080e-27 
-5.2731545260e-25 
-2.5458606008e-26 
6.4691813498e-28 
5.1672371920e-36 
-2.5390023870e+17 
-7.7953882206e-20 
-7.8170576000e+07 
-1.4513984990e-16 
-5.6906439364e-02 
-1.4902027494e-33 
-3.9400460262e-38 
-3.0491615234e+04 
2.3232196506e-29 
2.4703482465e-25 
-2.4048987534e-31 
2.7269990635e+19 
5.2695898318e-14 
1.5584352342e-22 
-4.8041156942e-35 
-2.3381383221e+22 
1.8403415283e-38 
-3.8625520000e+07 
-3.1800493598e-02 
2.9915797710e-01 
2.1823325369e-05 
9.1649550362e-13 
-8.3442805137e-35 
1.5556999190e-37 
-3.6634614275e-07 
-5.9144370513e+25 
-1.4279164875e+20 
6.3007492367e+21 
6.4541588193e+12 
2.5039874352e-29 
3.8214135434e-18 
-1.9714944000e+09 
2.0781483096e-21 
-3.8971722055e-28 
-1.7444311692e-25 
-3.4839489179e+31 
-3.4994136541e-16 
-4.0102669856e-14 
-5.8519603294e-30 
1.4296123000e+07 
4.7615779048e+34 
-4.3149363194e-08 
1.4339046162e+26 
-1.4664314222e-04 
2.7100310943e-29 
9.2737600434e+17 
-9.0847234924e-29 
-2.3895477844e+31 
-2.9064707974e-07 
9.9090930235e-06 
7.2330789310e-34 
-7.1145937545e-04 
-8.0628031564e-28 
-3.4001864700e-32 
4.2653343789e+27 
2.9157706681e-25 
-1.8683712184e-01 
-1.0250009298e+00 
2.0778290092e+14 
-3.8430329701e+17 
6.5908638000e+01 
1.3988455424e+10 
-1.5672942544e-12 
5.3604331105e-25 
-3.0776309663e+36 
1.6658821842e-03 
-3.6080863793e-37 
-1.2577746094e+05 
4.3551503381e-07 
3.1450067500e+06 
-1.9770094578e-14 
6.2926749866e+29 
-3.2859816103e-31 
1.9447672000e+07 
-4.2190315756e+26 
-4.2504593595e-12 
-8.4791468750e+04 
3.3450715361e+38 
2.3236876516e+29 
-2.9092155457e+01 
-3.5001931891e-16 
-4.2907387091e-25 
4.5062119207e-28 
2.1421702361e+20 
2.1946102495e-24 
-2.7500693009e-24 
-3.4660976977e-18 
-3.2554505202e+18 
-6.5447196119e+34 
-2.7595663405e-18 
-1.2626121928e-16 
-1.1709565739e+19 
-6.1117576470e-38 
3.0094822869e-03 
7.5337729078e-38 
3.6486151203e-06 
-1.7992865864e-08 
1.5576231299e+21 
5.1523594829e-36 
-5.8763815000e+06 
1.9249592409e-15 
-6.0234269040e+36 
7.2647007143e+22 
3.5900381379e+22 
-1.4816409728e+29 
-2.9768540064e-12 
-3.9985497221e-18 
1.8774330281e+21 
1.6586333932e+38 
-1.7987595000e+06 
-5.0294473878e-24 
-5.2075450860e+12 
7.0620314337e+12 
4.6512889114e-32 
3.0918183831e+33 
5.3917368073e-23 
-8.8206123074e+20 
-2.3389487452e-37 
-6.0758732800e+09 
5.3538003730e+33 
8.8416383369e-04 
-1.5537202111e+19 
5.3952624590e-09 
5.4436889921e-33 
3.3413307190e+01 
-4.6894312979e-39 
-2.3799622861e+11 
6.1097128755e+11 
-7.2914090197e-06 
5.4442475084e-04 
7.1816599369e-01 
9.8274706981e+13 
1.1722697723e-29 
2.5617642207e-21 
3.3746178048e+10 
-5.1183550503e+21 
1.9419407472e-03 
6.3247226562e+04 
3.6857654757e-32 
7.1983076355e+16 
1.0571317420e+24 
-3.0739459914e-13 
3.2506945673e+28 
-9.0425563976e-03 
-3.2290576351e-33 
-2.4086750012e-17 
1.9034940697e-23 
-5.3754076250e-14 
-3.1245255470e+00 
1.1088200103e-29 
-8.4300453125e+04 
-4.4303079166e-35 
2.1148869120e+09 
3.1073557329e-04 
-1.6935136626e-09 
-1.0286992565e+23 
3.7172820327e-23 
5.0289157889e+16 
-3.9204612978e+23 
3.5588573618e+29 
-3.2412509798e+11 
7.1721441650e+02 
1.6609360007e-15 
-1.2439020984e+21 
-3.1321441375e+29 
1.4014947956e+35 
1.1803499795e-20 
-1.4267033265e-26 
8.2904905426e-26 
1.1164442981e-10 
-2.1741867510e-18 
5.6228258987e-29 
4.0868625000e+06 
1.6752270312e-05 
5.9571693307e-31 
4.2718329873e-28 
8.9664772733e-38 
-8.6734646434e-38 
-2.3571056640e+10 
-2.5331543191e+22 
4.9928199604e-34 
5.0515273774e-20 
-5.0141926202e-36 
1.5541865334e+28 
1.4603336216e-33 
7.8097842034e+25 
6.6115935624e-05 
-3.1614859375e+04 
1.2389636831e-03 
2.3809514940e-01 
-2.1187642024e-19 
7.0389396361e-31 
4.4744435446e-31 
-5.7881303868e+21 
1.0474983040e+09 
8.9330555027e+14 
-9.6132198814e-04 
-3.9815263196e-31 
-2.6755291343e+25 
1.7492693986e+18 
8.4295499776e+10 
9.4981492026e+25 
1.7711086001e-21 
-7.4969759004e-24 
-2.9950667305e+28 
1.4370654270e+22 
1.4552489062e+05 
-3.6092849765e-14 
3.4908213750e-31 
-8.3937988975e+17 
-1.9095814457e+29 
2.5690917560e-14 
-1.9548192768e+10 
-3.4320872162e+22 
4.1903800320e+11 
1.0127589202e-25 
1.2789665982e-33 
-1.1043830871e+16 
1.1697091945e+33 
1.8184457972e-31 
            nan 
9.0112853148e+17 
1.5144416094e+00 
-1.1558749143e+35 
3.1264628433e-06 
-2.5903518993e+16 
8.9770254286e-15 
-2.8286639177e-34 
8.4268445312e+04 
6.3143140000e+07 
-8.1012820151e-18 
2.3154049679e+12 
4.9830940552e-03 
-9.7204627731e-31 
-1.7471763601e+36 
2.6882516213e-09 
-7.5453043567e+35 
1.2679906348e+38 
3.2707241693e+25 
4.4912112640e+09 
9.0387110271e+14 
9.8592988971e-18 
-7.8167361454e+12 
2.4004448950e-01 
-3.9955325774e-28 
1.1242574341e-16 
-2.9372975000e+05 
1.2487079459e-07 
8.4878559355e-38 
4.0541544967e+30 
4.8350605598e+36 
1.7955276450e+20 
-2.4635325069e+28 
6.7525430015e+28 
-2.3407313920e+09 
4.1124760760e+37 
6.9351784154e-19 
3.4830685586e+19 
1.2988314133e+28 
-2.0632666518e-20 
-1.8562961600e+08 
-8.8415733704e+14 
1.1682824517e+19 
3.2369929831e-03 
2.9488746569e-30 
1.2680608333e+17 
1.0644817731e-17 
-6.5720913086e+03 
-3.5201931438e+36 
-1.8197660670e+14 
1.4155500464e-17 
8.6409403011e-03 
-4.9292226560e+10 
7.2321854997e+37 
1.3038332000e+08 
6.8611050123e+28 
-2.0279131105e+26 
3.8708185829e-24 
-7.8441045976e-13 
-7.3602085003e-20 
-6.2785504840e+19 
-1.0987521311e+12 
1.2670729484e-04 
-1.0085259138e-22 
1.5373460132e-28 
2.2905299415e-32 
4.7853388241e-04 
-7.5986478221e-10 
-1.5863195420e+17 
-1.0894399596e-25 
2.1128144536e-13 
-1.3146449055e-04 
-6.5178767545e-04 
1.4118531740e-26 
-5.2974726247e-35 
-2.0827189388e-38 
4.0005172025e+19 
-1.6938315046e-26 
5.5768231936e+10 
5.3576975110e+18 
2.0625928293e+32 
1.1837225952e+24 
1.3019127998e-08 
4.0154432705e-20 
5.2035015252e+14 
-6.7547394212e+12 
-6.4598686470e+15 
1.3882292188e+05 
-4.3662745936e+26 
8.8734226475e-38 
-1.1404515137e+17 
4.1056781713e+21 
-1.7557390098e+15 
4.4617264620e-16 
3.5875603625e-26 
-4.1075347984e-11 
6.9016053983e-10 
5.5249683200e+08 
2.9041360866e+22 
-1.5648692188e+05 
-2.4320670685e-36 
7.3257163086e+03 
1.8654608615e+23 
3.3830137909e-06 
7.4372671641e-37 
3.4546770772e+14 
-5.0015044486e+15 
1.9972273894e-28 
-9.8348330350e-24 
-4.0905848339e-22 
3.4410689212e+26 
3.7277801312e-05 
2.8400981426e-01 
-2.4125147748e+27 
5.5216300000e+06 
-3.3043006876e-25 
3.8594390000e+06 
-8.2294335938e+03 
-2.9507353234e-29 
-6.0216893871e-07 
-1.0530707195e+20 
9.1741023711e+17 
-4.6054593282e-38 
4.2605614661e+20 
5.3692302704e+00 
2.2187431742e-14 
-3.3554224937e-13 
-3.9905104744e-28 
-1.5289715218e+31 
6.5166102522e+35 
3.1769287083e-21 
-1.0465742643e-36 
4.9106435245e-37 
-1.0658896000e+09 
-1.1075308225e+13 
3.6468161852e-04 
-9.9451476562e+04 
-3.3777229201e+28 
-1.1452246417e+21 
3.9169155665e-32 
7.7589004211e-32 
-6.6031978013e-26 
-1.0678862055e+29 
-1.1355622579e+14 
1.0103865356e+03 
-1.0805948781e-34 
1.5108940133e+19 
5.4536338145e+12 
1.6506466560e+09 
-6.9504211354e+11 
5.8820380381e-20 
1.7249781189e+28 
1.9252296875e+05 
-9.5120396754e-34 
5.1927800000e+07 
-6.9855301827e+25 
-4.2878665969e-16 
-3.3916262754e+30 
-2.2724087848e+18 
-1.3945806520e+12 
2.8980382578e+24 
7.5435146689e-02 
7.0377885173e+26 
8.4723252593e+12 
-3.4445499302e+13 
1.3264040474e-12 
7.3920772793e-23 
5.5908179291e-14 
-3.4780930123e+26 
-7.4262647428e+16 
9.7745549283e-05 
2.2520723551e+18 
1.0051583284e-14 
-1.3896682097e+35 
1.7427773601e+26 
-1.2336170654e+03 
-9.7951391701e+28 
-1.2948789947e+32 
4.0603538539e-23 
5.8203176960e+12 
2.9296788769e+33 
-5.2929388650e-10 
-7.0588801809e+34 
-4.9985740977e+35 
-1.9289603930e-23 
1.5770004415e+23 
            nan 
-4.9172266658e+19 
-4.8740033378e-15 
-1.5905569084e-09 
-8.1055224000e+07 
-1.0063762487e+29 
1.4023961687e+29 
-2.3354717500e+06 
1.7208536413e+14 
-9.7191064657e-19 
-2.3741010864e-06 
4.1319517500e+06 
-3.8809176636e+02 
-5.0234795879e-08 
-2.5800792084e+30 
-1.6428421051e-32 
1.3260925698e-05 
4.7014486317e-36 
-3.0574510727e-25 
-9.0575206002e-08 
7.1887807617e+03 
-5.2420532832e+17 
-7.7576947021e+02 
-5.5352898595e+19 
6.5828096000e+07 
-1.7972979268e+29 
-3.6118312727e+14 
-1.4586032385e+26 
-6.4527118814e-20 
1.4657060864e+10 
-3.8414130004e-16 
2.2617276208e+24 
-6.8517850356e-16 
-2.1883939105e-11 
-2.4076471069e-15 
-1.2739511863e-35 
-5.7637023926e+00 
-4.8245582384e+14 
3.0081369914e-05 
7.9234123536e-39 
-5.9681640625e+02 
-2.6214822685e-16 
-2.8351649546e+12 
-1.8845237380e+31 
4.3551626989e-26 
-1.2566801079e+19 
-1.3066300759e-22 
-4.1853858420e-05 
-1.9015122846e+25 
9.5338437396e-37 
3.9386624517e-10 
-2.3152843456e+34 
8.4849830070e-13 
-4.2178196875e+05 
8.6795073003e-05 
-5.6737023646e+20 
-2.2727327316e+35 
-4.0241704571e-38 
1.1943987466e-12 
7.5954176000e+08 
-6.2296672350e+22 
3.8070820176e-29 
3.7684320000e+06 
6.0729726803e-10 
-1.1798490672e+24 
-1.4013436633e-08 
1.1034505948e-10 
-9.9630663510e-22 
-1.7824334701e-19 
-4.0470011104e-14 
4.9163309101e-19 
-6.3383579792e+18 
-6.5631195209e-23 
-6.1241836255e-12 
2.6076783208e+14 
-1.2521519445e+30 
5.4659246981e+14 
-4.1259600209e-17 
7.8661221149e-19 
7.7835922852e+03 
-7.2726585344e+10 
4.8080465404e-35 
-4.0438774400e+08 
-2.7636140950e+32 
2.8043432380e-35 
5.2049989487e+28 
-1.0747112942e+27 
-1.1693051894e-33 
-5.0066751672e-16 
-2.5438495813e-15 
1.8458105338e-35 
6.3861119213e-31 
-1.5497162133e-21 
            nan 
2.7090321586e-33 
-2.6748369141e+04 
-8.9585391106e-04 
-6.6747353412e-03 
9.5683252236e-28 
-6.6699878414e-33 
-3.5349366216e+32 
-8.1065476562e+04 
-5.3743116809e+26 
3.9327003702e+22 
-8.1373689525e-14 
1.3318513883e-19 
7.4371209767e+27 
6.6680968413e-30 
9.9994345703e+03 
4.7553455353e+01 
-5.9876294766e+15 
1.0365038562e+17 
2.9499464657e-34 
-1.3564936081e-28 
7.3185192437e-20 
-1.8513867188e+04 
-6.2396409220e+30 
-8.0835531924e+20 
4.1649119019e-31 
-3.4779150113e-30 
7.1476674560e+10 
-1.2811034048e-24 
1.3316166817e+22 
-1.0795723503e+24 
8.3704255668e-30 
-4.9448262871e-06 
-5.9160762427e-23 
4.8387159293e+34 
-1.3311336355e-21 
-4.6449321318e-32 
-4.2185764215e-08 
5.3761149178e-12 
-6.5409814067e-13 
9.0174965731e+14 
-1.8118622371e-16 
7.5955958163e+31 
3.1962704063e+18 
1.3038011000e+07 
5.1874321400e+13 
-1.3846137363e-15 
-8.4377647895e-23 
6.9011065307e-08 
-1.3705814415e-38 
8.3806645064e+31 
-6.6033660889e+01 
-6.3054800190e-16 
3.3060529412e-31 
-3.8245730469e+04 
5.2488115072e-29 
8.6690228287e-28 
-1.9508995308e-08 
2.2665850818e-02 
-3.0142673280e-16 
1.8669444642e+36 
6.8580708466e-04 
-1.7956395919e-12 
-1.3276020556e+34 
-5.2130624919e-27 
7.6528310038e+28 
1.0047204041e-10 
2.8205365234e+04 
1.0900868153e-13 
5.9050596319e-03 
9.6020421875e+25 
9.2177982378e+24 
-2.4074046172e-17 
5.4562166417e-12 
-5.2235548348e+25 
1.6323848740e+35 
-7.0782468745e-37 
-8.9926647390e-38 
1.6537357111e-17 
-6.6483186144e-12 
1.5525719040e+09 
-1.6357397208e-12 
-7.3932745148e+19 
8.8549727216e+33 
-5.4112172703e+16 
1.6967404990e-21 
3.5901964228e+37 
-9.3471793012e+30 
-2.9784858298e-30 
9.7525372785e+32 
-1.4323105661e+13 
4.3540361524e-01 
8.3377436511e-08 
8.0827980186e+11 
1.0060715622e+11 
-1.5009430045e-37 
-1.1359874199e-36 
-8.9983243505e-21 
8.8816848755e+01 
2.3804472988e+23 
-3.0349603957e+19 
-2.4168828077e-06 
-7.8544822782e+37 
3.6451673098e-31 
1.3337748308e+14 
-1.2511394078e+28 
1.3602190106e+38 
-5.2785413367e-26 
9.5743239164e+17 
5.9087224832e+11 
7.7596642248e+18 
1.7457776475e-32 
-3.8828336742e+12 
4.7124640264e+32 
-7.6433549385e+15 
3.5920836306e-31 
5.2329047127e-23 
-1.2878959780e-14 
-1.0648692639e-38 
-1.0078779636e+15 
-4.8441099569e-16 
-1.1283989121e+21 
2.8551364723e+22 
2.6063788682e-02 
-1.6948290625e+05 
-9.5462707184e-11 
-3.1624394655e-01 
4.4840730469e+04 
7.5318949761e+30 
8.4338303291e+19 
-1.9900380658e+15 
2.3783552194e-07 
3.5041949749e+00 
4.7320750490e+11 
2.2364658470e-37 
-1.0932618144e-09 
1.0180903657e+36 
5.3527705877e+25 
-1.1575976844e-30 
-1.4602824964e+22 
-2.9498282377e-15 
-2.4047971811e+23 
1.7535814083e+19 
-8.4597061800e-08 
4.9447380005e-16 
4.3353774490e+11 
7.7021474518e+25 
-4.5146338382e-13 
-9.8420856252e-39 
8.8465146967e-30 
-4.5817109626e-38 
-2.0217956262e-05 
-5.3187924171e-23 
3.5919296879e-30 
8.2166553570e-38 
-1.6777871847e+00 
6.5851036072e+01 
-1.4656901513e-23 
7.1022587893e-27 
-8.4246378049e-14 
4.2067542076e+00 
5.8655974245e-33 
1.0525726477e+30 
-3.8280133618e+29 
-3.1205938713e+30 
-3.7487559346e+37 
-3.5266137529e+16 
1.6947580200e+22 
-2.9348452352e+10 
1.7623639138e+28 
-1.1382138609e-06 
5.3465481637e-30 
2.8712549465e-05 
-1.7010932994e+38 
-1.6740815078e+16 
7.3750481670e-37 
7.4426228994e-28 
7.4176407798e+12 
7.0413375651e-12 
4.9798899174e-18 
6.2487568750e+05 
1.7556824064e+11 
6.0788916378e+27 
-1.2167452593e-36 
-1.9984570875e+16 
9.0012812434e+19 
-3.4723616244e+18 
-5.2558348738e+34 
1.6818224060e-13 
4.9240567982e-36 
4.6905123200e+08 
5.3815042389e-32 
3.4567136168e+20 
3.9190007407e-30 
7.3006972700e-29 
5.2209368463e+19 
-7.8198963480e+15 
-1.6691600338e-26 
1.3089656830e+01 
1.1208080026e-31 
-3.5794889062e+22 
7.4123811226e+11 
1.7845024859e+28 
6.4831282535e+30 
8.6604666710e-01 
2.0580146745e-13 
2.2444155814e-37 
7.8972309828e-02 
1.2575406906e+35 
-8.6113706876e-31 
1.0320172820e+29 
6.1935648322e-02 
-2.7144204306e+18 
-8.8917639168e+10 
-4.0161889046e-03 
9.1221995719e+22 
8.9897304177e+34 
-7.2912200446e+18 
-3.7267091102e-05 
-3.6949655041e-03 
5.7874038895e-10 
-2.2655539347e+13 
4.5054257547e-10 
4.1273907035e-12 
-1.4126604725e-38 
-2.7072636667e-12 
-6.9595254026e-03 
6.7072163086e+03 
2.2100500131e-20 
1.0214738433e+28 
-3.2068382244e-23 
-1.0885429964e-36 
-1.4531069573e-36 
2.2962884668e-36 
-5.1057802430e-10 
-2.9229520844e+25 
-3.2262924597e+15 
-2.5791529617e-23 
2.7849145212e-09 
2.8620925864e+25 
-3.0590905226e-05 
-4.3418681622e-01 
2.8748685707e+24 
5.0913796424e+12 
-2.0454539271e-27 
-3.0565938669e-10 
1.8283490731e-23 
3.9069749829e+16 
-5.4928730469e+04 
1.5212692188e+05 
-3.6800185315e+36 
4.3027704290e+23 
1.7670233766e-12 
-4.4944060906e-29 
1.7231024103e-03 
2.2804204102e+03 
2.5558392291e-26 
3.6578255823e+37 
-8.9169166842e-12 
4.0071333529e-24 
3.5228032618e+32 
-3.7637270234e-27 
1.5528738800e+16 
-2.7544649728e+12 
-3.4273892185e-24 
1.9270398188e-03 
2.2276865561e+21 
-5.8155903704e-11 
-5.5603944000e+07 
-7.0380822754e+02 
4.9432735478e-22 
-1.9953610174e+25 
5.4403386160e-21 
-1.7700393750e+06 
-1.6940784454e+01 
-1.4343751528e-26 
-2.6961346791e-39 
3.2320388114e+35 
5.6626702713e+13 
-1.3131984581e+20 
-1.0175144486e+20 
-6.1090818272e+33 
1.1209152632e-25 
1.1265554033e-37 
5.2377422440e-35 
1.5865884052e-05 
4.3427963658e-15 
-6.6931193662e-33 
2.9115308076e-02 
-6.3115068801e-33 
8.3228958130e+01 
-9.5557398613e+14 
-8.2048362500e+05 
-4.8078386191e-36 
9.0598126723e-33 
4.3215956187e-22 
4.1627347402e-11 
-5.5174364311e-35 
-1.1068414688e+01 
1.2484907532e+02 
1.2505156557e-20 
1.1965641448e-28 
-1.0875872767e-26 
1.0988852681e-31 
4.3927441926e+33 
-1.7979001807e+34 
-4.1534611037e+30 
-3.9992076017e+17 
3.9883837662e-28 
1.5177467503e-05 
2.0224072500e+06 
3.9292727460e+12 
2.5229381211e+36 
3.9634040416e+36 
2.0573552853e-36 
1.9727677128e+27 
-1.5813307617e+04 
-5.8460255303e-08 
-1.1373117311e+34 
2.4327051346e+28 
-1.2213454034e-34 
-9.5328143338e+31 
-2.6818057527e-14 
3.3593319643e+33 
-1.6124093380e-11 
6.7467062505e+37 
3.4425191879e+00 
-3.3886342556e-28 
8.7284797932e+12 
1.5100807271e-09 
2.2307644940e-06 
1.0898950554e+11 
2.4377656867e-21 
-3.4720314189e-13 
8.4129638508e-20 
3.2234393288e-23 
2.8761691900e-23 
-4.3891237278e-20 
-2.1947366769e+12 
9.7752400000e+05 
1.3295124952e+14 
-1.0631775027e+11 
5.9784106585e+28 
5.8650879462e+32 
2.3857342886e+16 
-4.8605384851e+19 
1.0339393000e+07 
-9.3803016000e+07 
-5.6216217411e-30 
-1.4755744921e-26 
7.4071762190e-30 
2.4965980380e+21 
1.0964677375e+14 
-6.0908206676e+25 
7.3198061061e-29 
5.1539476812e+31 
-1.6274059877e-09 
-2.0584074445e+11 
-3.2965428158e-30 
-8.2788034560e+09 
8.0602129795e+18 
-8.4769296000e+07 
-9.4314956665e+01 
-7.3669355520e+09 
-2.0964233821e-11 
1.3571482214e-06 
-1.3039458284e+26 
3.7088200450e-01 
-1.3286283871e-38 
5.6846759751e-20 
3.3371536899e+19 
4.8713638989e-07 
5.3650202336e-11 
-4.2856992621e-08 
-4.9913281709e-18 
2.5857153807e-20 
-1.9626860046e+02 
8.6869077041e+35 
-1.2500440430e+04 
4.6483773303e+27 
-4.7987602884e-21 
-6.1731673943e+25 
4.0809994718e+35 
1.7464072153e-04 
7.2791908376e+18 
-6.3102967419e+37 
2.0152373789e-18 
1.3914000431e-32 
-5.7870902130e+23 
-1.8319388943e-37 
2.6005567872e+29 
9.7277139200e+08 
1.1015538640e+33 
-7.8766464373e-19 
-2.5876318105e-03 
3.5877298176e+10 
8.6825794273e+12 
9.7089465332e+02 
1.2530051562e+05 
1.1802228680e+16 
5.4593111512e-15 
8.0790854531e+25 
-3.4455027270e-23 
1.1799644988e-14 
-3.2504800629e-07 
1.9368011512e-31 
2.4536429829e-23 
-2.3470103125e+05 
-1.4959873632e-02 
-5.3345506361e-17 
-8.3150106668e-01 
-2.2486443871e+17 
-1.0039230602e-07 
-7.4732917786e+01 
2.4566830300e-14 
-4.4766243309e-21 
-7.1018857879e+24 
-3.9506401945e+37 
-4.9571078579e-15 
-7.5398029822e-21 
-6.2911705340e-30 
-2.2209373284e-16 
-4.3343050493e-05 
1.3793978182e-09 
2.3937651762e-31 
-5.5276011139e-36 
2.0627026367e+03 
1.1518455862e-29 
-1.5619035296e+27 
-1.5800211951e+31 
4.5962294707e-15 
-3.9469978935e-13 
-1.4157643500e-21 
-1.9126049114e+27 
1.1685148950e-21 
-1.1353229354e-37 
3.0684804920e+18 
3.6148382925e+11 
-2.8093686327e-02 
1.1013453344e-10 
-6.3255596161e+01 
-1.4560405910e-01 
-1.0817676304e-14 
2.0003530502e+01 
6.1901135254e+02 
-2.5327130087e+17 
1.3351675200e+08 
-1.6376532992e+34 
2.9389363281e+04 
-2.0986970593e-19 
-1.5113242046e-36 
-1.3569046564e-37 
1.4329540961e-21 
5.6524109668e+24 
6.5125905166e-06 
1.4357306167e-33 
1.8414215680e+09 
4.6385365725e-01 
2.6802539677e-35 
7.4658256000e+07 
-4.3084404100e-11 
-1.2172138089e+28 
-8.2075322482e-33 
2.1930446523e-37 
-3.0688444429e-24 
1.6162640480e+38 
-2.6657391702e-37 
1.0635189721e+22 
-1.6692363281e+04 
7.1021180038e-28 
-7.0315671688e-12 
-1.2168224145e-26 
6.4241478685e-04 
3.9859171993e+36 
-2.4043944242e-18 
-2.6468478376e-24 
-8.4348504662e+26 
-7.5516629219e+00 
2.2946470991e-19 
-4.8248879339e-17 
3.4535361222e+29 
-1.0410049632e-26 
-2.5571013141e+26 
1.0702178233e+20 
2.2372305000e+06 
-3.5412423611e+00 
4.2427798335e-35 
1.1979571530e-21 
7.6572737536e+10 
5.1125865746e-22 
-2.1835713169e-14 
3.4853243640e+34 
-3.7096402194e+17 
3.0978289564e-21 
7.1509045565e-15 
7.2252221983e-09 
1.6777731944e-03 
-3.9860281344e+10 
4.2909826173e-37 
-2.7837132103e+22 
-1.5211140219e+12 
-9.6216340260e-32 
-1.3781544710e-20 
1.1113213326e+21 
9.7365921736e-01 
1.7360326961e-18 
2.2515182314e-25 
1.4638442231e-21 
-8.8294467043e-20 
-4.0990336917e+31 
8.7063568750e+05 
-1.6780395013e+38 
-1.6330539332e+19 
-8.3450899584e-29 
-4.3441418540e+19 
8.2280257159e+13 
6.9244573891e-33 
2.8658738360e-02 
-9.9245449333e+36 
1.2062830497e+33 
-1.2250867347e+22 
7.1767980000e+06 
-9.7242757202e+14 
6.9866215635e-17 
5.7501810688e+13 
-1.2657734189e+13 
-5.2782197804e-31 
2.4083964527e-02 
1.8485294662e-18 
-2.8500379536e+38 
-3.0313346863e+01 
-1.4357111981e+26 
8.5049830553e-26 
1.0549188119e-06 
-3.9524288074e-25 
8.5422464000e+08 
-5.4188132286e-01 
-1.6280555000e+06 
-7.7897918701e+01 
-3.5288239815e-06 
-2.6773658617e-20 
-4.5196250093e+18 
-8.0087385140e-04 
-5.8764371699e-36 
-7.3670006644e+24 
3.0374941950e+13 
-2.0466644181e-33 
-2.1172516675e+29 
-7.8278151476e-27 
3.7324050508e-33 
2.8444458477e-34 
7.4781087460e-04 
1.2304670124e+28 
1.7801069641e+02 
2.3292296395e+31 
3.1422146025e+22 
-8.0208136586e+22 
-3.8922611549e+25 
-5.0243228339e-17 
-1.9045615228e-16 
-1.9811294261e-14 
-1.5622957031e-35 
1.0200956604e-03 
2.6511871809e-08 
-1.9702426178e+36 
2.3993154526e-17 
7.6195370631e+13 
1.5565470736e+23 
1.0911965016e-18 
2.3380755738e-04 
3.6738452812e-29 
-1.3188593872e+18 
-1.1639057357e+19 
-1.3637436181e-33 
7.8745489693e+34 
2.3350089862e-07 
1.5773404737e-18 
2.8168724973e-21 
-4.7479334287e+35 
-6.1899755543e-29 
-2.6957932270e-32 
-2.1045860762e+11 
2.3195887916e-03 
-1.8668172887e+27 
-1.4631630848e+10 
-9.5708792839e+19 
-3.4731819826e-19 
-1.5314503614e+33 
-7.6160246765e+25 
-1.3148694441e-22 
-5.9065515377e+12 
9.1440998452e-17 
-1.6299834756e-25 
-1.1693138658e+17 
-6.3406286863e-22 
-7.4960966045e-22 
8.5099947000e-07 
-1.4258079383e+17 
-4.3062540534e+26 
1.3805698417e+13 
-1.6104339200e+08 
1.8135142326e+00 
5.6196870185e-32 
4.7857066232e-36 
-1.1746636988e-34 
-2.6722853583e+17 
-6.7812790701e+24 
1.9470194173e+36 
2.4251811936e+23 
4.4492115149e+11 
5.5942119598e+01 
-1.7563743027e+11 
-2.0065886266e-17 
-2.0238434304e+12 
2.0566212393e-27 
1.2884797093e+26 
4.1023374078e-38 
6.0882068634e+01 
8.4891780952e+18 
-3.3231409904e+31 
-2.4188940911e+20 
2.3995509240e+34 
1.6856264960e+09 
-8.3479836697e-18 
1.9545863680e+09 
-7.6004379272e+01 
-3.0529939390e-16 
5.7902797852e+03 
9.8554054245e-29 
9.8121734336e-03 
1.1837245000e+07 
1.5623938733e-25 
-4.9485105000e+06 
-9.1299669099e-33 
-7.5813738513e+25 
-2.3521658000e+07 
-2.4034848893e-25 
9.6497714520e-01 
-1.7940277172e-37 
-5.4886129460e+28 
-9.5214374579e-12 
6.1271182659e+19 
-4.0793578368e-13 
-3.7199600911e-07 
-7.3538336437e-04 
-4.0702893992e-23 
2.8152666522e+12 
-1.9490340864e+12 
1.4987282376e-24 
-5.7703682540e+13 
9.5068155792e+19 
-1.2405503867e-34 
-9.6821200848e-01 
1.3207588268e-07 
2.7541244893e-31 
1.1161435202e-16 
5.6963774439e+26 
6.1496897737e-19 
5.1411177722e+17 
1.7748577720e-21 
1.6303279834e+31 
1.2660078064e-12 
-1.4757608292e+14 
-1.8882956250e+06 
-8.2468487322e-02 
2.0520493388e-01 
4.9572502136e+01 
-5.1096810421e-22 
1.1327475278e+18 
-4.2900064000e+08 
-1.6042351789e-25 
-5.9511738073e-05 
8.0924396653e+18 
-1.4957000652e-28 
-6.2726452846e-22 
-2.9766115127e+19 
-8.3644904207e-20 
5.8040568000e+07 
-6.1345407574e+35 
4.2726664514e+18 
2.8638133325e+22 
1.2625746197e-31 
-1.3332182016e+10 
-1.7158903083e+27 
4.4930449128e-01 
7.0973803711e+02 
-4.4207513480e+33 
-2.2758817053e-09 
-2.1509612335e-35 
2.5255182954e-37 
4.1199734375e+04 
-2.0691986081e-32 
4.4081386535e+17 
-1.6193761887e-09 
5.5353819306e-09 
3.7517423465e-25 
-4.8337825055e-36 
1.9900400460e-36 
6.2648666382e+01 
-5.1320048000e+07 
9.1725129891e-39 
-4.2053679983e-11 
9.5436085701e-09 
-2.2304527515e+23 
-4.3607126798e-09 
-1.1956761591e-03 
3.4675045143e+35 
9.0775223938e-17 
-2.5875655751e-07 
1.7959135036e+33 
-6.5732329801e-08 
3.3529082028e+37 
-8.3369616914e-28 
-1.7629995000e+06 
7.5650278550e-19 
-5.6920164069e-17 
9.2638675596e-38 
-1.1860887873e-20 
-1.2121901466e+11 
-1.3746742664e-28 
2.0713795763e+17 
-2.8952167034e+00 
1.9151914282e+29 
7.0605488481e+26 
-2.8095021382e+37 
1.2278208733e+00 
1.1221337950e-34 
-3.6812603392e+10 
6.5034171458e+16 
1.9359420094e-06 
-1.5030921382e+23 
4.2555332894e+24 
3.3666212978e+24 
-3.1940784454e+01 
2.2270205324e+18 
-1.8340448536e+15 
2.0262185847e-38 
-3.8423236788e+27 
6.7028368750e+05 
-1.2021532329e+36 
-3.1376306337e+17 
-2.4891836334e+12 
-8.4727769600e+08 
-1.8974873204e-38 
9.6191740795e-07 
-1.0221907847e-26 
3.1272484995e-25 
8.7680371983e-27 
5.4493503460e-11 
-1.2025077546e+27 
-4.8941978812e-01 
3.6455520824e-09 
-2.2033301572e-10 
-3.4358508000e+07 
9.3701226496e+10 
-4.1183487087e-29 
-9.8370316337e-09 
-3.7826551307e+19 
8.5294840635e-11 
1.7277885173e+28 
5.4836601520e+24 
1.7055502199e-22 
1.7552881582e+20 
-9.3553888142e+29 
-4.9942716800e+08 
9.5789820294e-40 
6.0560837009e-29 
-1.7971074486e+26 
4.3358567590e+18 
6.9203228269e+29 
-1.6439642908e-22 
2.9854515646e+14 
-4.4709362271e-35 
-3.6409339373e-05 
-1.5981592716e-09 
-1.4400054732e+29 
-1.0749833186e+32 
-2.7275274641e-37 
-2.3891054514e+18 
2.9513797931e-38 
8.8756835415e-18 
1.3773899893e+24 
1.8359289795e-38 
4.5439934040e+35 
-1.1238367449e-27 
1.7453176000e+07 
-4.8862031349e-30 
-1.0962407197e-12 
1.0974196551e-10 
9.3453641379e-18 
2.7371728056e-25 
-6.8873379178e-36 
7.4524443712e+29 
1.4737212083e-27 
2.2990665886e-16 
3.0348076482e-12 
-2.8847585204e+32 
4.1036061363e+28 
-1.4422978658e+37 
1.0248785035e+25 
6.4778022158e+13 
-3.9251397933e-35 
1.0810843891e-38 
-1.0759490086e+32 
-1.3810747310e+12 
-5.9925366211e+02 
1.7892221603e-38 
-2.9489771703e+38 
4.4594297634e+23 
6.4244761825e-29 
-1.2290937593e-04 
1.0847141744e-27 
2.7904250074e-28 
-6.5462212880e-15 
-3.7227456673e-09 
-8.3237194957e+11 
-2.9647336022e-18 
-2.3713371871e+37 
1.7368354686e+38 
-4.1805407922e-38 
-2.7071096000e+07 
2.7417607854e+25 
-9.4095429191e+23 
1.7383985642e+25 
-1.7255907304e+24 
-2.1860896194e-32 
3.4281110042e+36 
-5.3536560655e-20 
-2.6031639113e+28 
1.2800174826e+36 
5.8197658509e-03 
9.4658385915e+36 
1.5520297218e+33 
-8.8646550431e-32 
2.5474415002e+11 
1.2691315901e+16 
-6.3394225000e+06 
-1.7322650872e-30 
2.9760364049e-18 
-1.9059499617e+21 
1.7332220721e-20 
-9.0009181250e+05 
-1.9198477926e+11 
-5.8667484160e+09 
6.6195750038e+26 
-8.5094945358e-20 
-4.1740955353e+01 
-4.0119631185e+20 
-5.3958402048e+10 
-2.6270897246e+22 
-5.6369590000e+06 
2.0287201786e+31 
-1.2991274959e-24 
4.1606706381e-01 
1.2417435547e+04 
1.2360485447e-17 
-2.6879616883e+16 
-3.3221563303e+36 
2.3805325847e+26 
1.0539561195e-19 
4.2785477645e+35 
8.4051753867e+29 
-1.0326463502e-25 
-4.8872669473e+34 
-9.3416236309e-32 
-4.6159004519e-34 
3.1306062525e+19 
5.2594491636e+34 
-1.4923815875e+23 
-7.5119643727e+15 
5.1543394270e+19 
-8.6815785975e-22 
-3.4861563709e-15 
5.2464293421e+36 
7.0392601600e+08 
6.2008421058e-19 
7.4627313716e-16 
1.4813586993e+27 
9.2262050514e-36 
-9.1765299392e+28 
1.5177348291e-30 
            nan 
-4.0023964762e-36 
-3.8473436242e-11 
9.1284136943e-06 
-2.3920907302e-24 
-1.3207656674e+37 
8.3488300000e+06 
5.4337725043e-02 
-1.1068652669e-17 
-4.2077664464e-18 
-3.7803095803e+35 
2.5829981262e+38 
1.3652715000e+06 
1.8313586856e-17 
-5.9411738281e+04 
-5.2670310859e+31 
1.1374014266e+15 
1.2315135682e-03 
-1.7802342440e-21 
1.0847265096e+12 
-3.1882670523e-27 
1.9212688503e+20 
7.2053011183e-16 
-3.1086574124e+27 
3.4201961900e+35 
-2.7851798745e-31 
1.2386464088e-18 
-2.2498604218e-26 
-4.9521196634e-02 
-1.5425795072e+10 
-4.3948990037e+30 
6.3522192453e-32 
1.1887841174e-23 
-1.8755962495e-12 
-8.8041861852e-17 
-3.1144864079e+15 
1.6013054771e-10 
7.1169511207e-22 
-1.1192522767e+25 
3.5985844780e-34 
-3.4764057600e+09 
1.3201446823e-15 
1.2313689565e-12 
3.7870993408e+11 
1.7729328675e-16 
-3.1867175776e-32 
1.3784039477e+23 
-2.1090822459e-25 
1.1552803081e-21 
-1.8584103639e-35 
6.0079926011e+30 
-5.0647190909e+33 
1.3899851061e-34 
-3.3284204796e-26 
7.2313159465e-24 
-3.1189838867e+03 
-4.3200515166e+36 
7.9243243864e+30 
1.0802936795e-19 
9.2958868329e-27 
1.9053493227e+25 
7.6608859764e+23 
4.1389701637e+36 
2.6535315389e+29 
3.2813082401e+32 
2.1262008234e-24 
-5.6741941007e-11 
3.5901990387e+32 
3.6157164273e-30 
-1.4096497236e+29 
-5.9849985519e-06 
-1.5282951946e+12 
1.4642722353e+20 
-1.4241228137e-38 
3.9345120000e+06 
-1.4308350516e-21 
-1.3274697837e-31 
-6.6881475504e-06 
2.8966291584e+34 
1.0589888000e+07 
-1.9276663661e-03 
3.8693259124e-18 
-3.5728095099e-05 
3.0394212243e+16 
2.0765053894e+31 
-3.8193762500e+06 
1.2783963731e+25 
2.1902078201e-14 
-1.6833020747e-01 
8.5088033309e+14 
-3.5363953784e+28 
-1.5007110596e+03 
1.1331728456e-04 
2.8752346191e+03 
-5.5941535868e+28 
-5.9764533793e-17 
-1.1752072099e-24 
-2.0648249488e+23 
-3.9618837174e+18 
1.4634449151e+24 
-1.2645569000e+07 
-1.9093062201e-11 
5.6195615919e-25 
2.5035467510e+35 
4.4835094813e+27 
4.2097969718e+36 
-1.0446625761e+17 
2.1524363509e-13 
1.1989974985e-13 
6.7253670810e+27 
4.6272716800e+08 
-3.7552357668e-08 
6.0068338457e+30 
5.7118191181e+37 
-8.7461681513e-32 
-9.1759129530e-26 
-6.3238616174e+37 
5.9756359860e-07 
2.8635992242e+25 
-1.8585614222e-20 
1.2477217636e+13 
1.3193964927e-37 
2.5116163492e-01 
-4.2583514746e+28 
3.4344011072e-25 
-3.1069461823e+01 
-3.3504888916e+02 
-4.1220555848e+36 
-2.8527162472e+17 
-7.0221000249e+30 
-4.4970256201e-27 
1.6883551709e-28 
1.4224016730e-30 
-7.4832402892e-17 
-1.9228593111e+00 
2.8467896443e-14 
8.9073200000e+05 
-4.0843012929e-01 
1.1563713000e+07 
-7.0375654089e-12 
1.6508323862e+22 
-1.6835754173e+25 
-5.5362460400e+28 
-4.7101739794e-02 
-3.7920002015e+13 
-2.4878393106e-06 
-7.6572406250e+05 
1.0203232143e-19 
4.7576370239e+02 
8.9717256471e-20 
7.2716802979e+02 
1.9342164993e+01 
1.1376228470e+21 
1.0164684205e-08 
7.8124631994e-21 
-4.3543803373e-35 
1.1702444343e-27 
-1.2790152010e+22 
1.9473226471e-13 
-2.5992732415e+23 
3.2737789603e+15 
1.5511088976e-24 
1.5121570988e-15 
-1.4507548066e+34 
1.6596443409e+24 
4.5640225599e-28 
-8.3783525042e-06 
-2.0129796356e+33 
-5.5982206274e+18 
-8.0766674395e+32 
8.3275029078e-32 
-5.2414861784e-08 
8.2701272248e-39 
-2.3565966184e-29 
-2.2735651287e-23 
-5.3569596048e-07 
-2.5378388705e+12 
2.3926364552e-28 
-2.5756169167e-15 
1.1577765954e+26 
-1.0725409302e-36 
2.8016187395e+19 
1.5671829169e-04 
-1.0843037106e-15 
2.2306044165e-11 
-1.4657913707e-02 
7.5709388758e-10 
1.1116618391e-17 
-5.2085266011e-31 
2.3047387998e-08 
4.4676407924e-06 
3.5033465643e-25 
-1.2133298442e-02 
8.7738920960e+09 
-2.0453836445e+33 
-2.5588264960e+10 
3.4438544307e+14 
-4.7691820454e-35 
-5.1344413770e-19 
-6.8993662976e+10 
-2.2919000194e-20 
-3.4884454659e-31 
-4.6978230000e+06 
1.6892451226e+11 
-1.4032686900e-39 
-2.7041048811e+22 
-2.8943642471e+37 
1.4100926000e+07 
-1.4302771200e+10 
-8.5039442155e-09 
-2.4850316134e-15 
-7.1498683250e+20 
-1.0956396085e+24 
1.3516517826e-36 
2.5409632886e+37 
-1.2928857429e+24 
1.2994667811e-30 
-3.2554215323e-08 
-3.9265944017e-38 
5.1209200174e-02 
-1.2909986749e-37 
9.8944765766e+25 
2.7473462741e-11 
-1.4882829002e-18 
            nan 
2.5964068259e-18 
3.9969189675e-04 
1.0720883369e+01 
3.7905464809e+32 
3.2162671364e+20 
-5.7009421167e+23 
-1.0342457610e+20 
-7.4758511782e-01 
5.3445510212e+23 
1.0707207256e-34 
-3.5459141401e-08 
-5.1554246079e+27 
4.4682384440e+23 
4.5784230416e-20 
5.9715987710e-09 
3.7222905667e-04 
6.7194770416e+21 
1.6649300137e-25 
9.1543738339e+18 
3.0448012116e+38 
1.1602292633e+02 
-8.3838618082e-15 
3.0102521578e-06 
-7.4535348465e+32 
1.3367228000e+07 
-1.0008416465e+24 
-1.4083776654e+38 
9.0321264248e-38 
-8.0369920198e+37 
5.5252042027e+27 
-7.2922281477e+26 
2.0141088233e-13 
1.7064913384e-16 
-1.5271771240e+02 
-4.9969610671e-09 
2.5468541478e+26 
-1.2536659936e-27 
4.1145362702e-29 
1.4950506657e-29 
-1.3406681330e+29 
4.1409458600e+20 
-1.2632632435e-14 
-8.2927496524e-31 
1.1437444664e-26 
-3.6564977212e-36 
-1.8350105166e+13 
-9.0817517352e-14 
-3.8633077344e-33 
-3.7676652909e-09 
-1.1486354394e-16 
5.2620619052e-29 
-5.1762468174e+35 
-7.2230927024e+26 
-2.5830659069e-06 
1.3745471600e+16 
1.1545994400e+34 
3.4962396603e-04 
9.4865191788e-32 
5.0179878400e+08 
2.1630961555e-07 
2.6650573730e+02 
-1.2378389731e+31 
-9.9257055840e+20 
-2.3225983605e-03 
1.7400749207e+01 
1.5596659587e+36 
-2.9230874033e+35 
-7.9015092512e+21 
6.7318604228e-36 
5.9033108053e+26 
1.2300715000e+06 
8.0395916389e+18 
-1.2055206978e+17 
-1.0679641653e+18 
5.7088061440e+09 
1.8002337792e+10 
4.0299406679e-37 
4.0661687884e-14 
-4.7700264944e+28 
-6.0662517548e+00 
-9.3527736654e+35 
-2.5824792480e+02 
-1.0359804365e-33 
-5.0015491617e-27 
-1.6149995000e+06 
-1.3762284645e-09 
-7.7081512451e+01 
-3.5490220398e-06 
6.6433175000e+05 
2.4121042941e-08 
2.2777337600e+08 
1.0627942970e-07 
-2.7160768107e+32 
7.0086345673e+00 
2.3530755615e+02 
3.4730486058e-32 
-4.4121702400e+10 
-1.7769553920e+10 
9.9487319280e-24 
-4.3766969934e-18 
-1.8855933838e-35 
1.7483092302e+30 
-1.0509473280e+09 
-2.1264429791e-26 
2.0785471031e-30 
6.2088267860e-10 
-2.6563734071e-21 
3.9628211444e-17 
5.9193072000e+07 
-4.3907461120e+09 
-1.8555704276e-18 
1.8970884423e-17 
2.3213543598e+27 
-4.1499490180e-05 
-1.4413711336e-09 
1.0668337958e-12 
1.8571978723e+18 
2.6898744239e-21 
-6.3593523732e-16 
-6.0249738281e+04 
1.2382365370e-13 
6.7367111889e-09 
-2.1442018915e-03 
-2.3665530000e+07 
8.3352884347e+12 
4.3923525632e+10 
-2.0059840729e-26 
7.3196381250e+05 
            nan 
2.1213246715e-09 
-9.3494915229e+29 
6.3109923075e-32 
4.2544116970e+35 
1.2923695492e+36 
5.9109868744e-05 
-8.4756288985e+33 
7.6003504875e+18 
1.2737732613e-03 
1.8937869141e+04 
-2.7294132767e+16 
2.0589604103e-22 
-4.5174795532e+02 
5.5752689451e+13 
1.8184429407e+00 
-3.0880973235e+36 
2.1315272833e-15 
2.7826415731e+13 
-5.0744407973e-18 
7.0384689796e-16 
-1.3055001334e+32 
5.5558489766e-30 
-2.7429760883e+37 
-1.0910525000e+07 
-5.0709943095e-36 
7.4070380705e-21 
8.8394926659e-28 
2.2218063354e+02 
1.4716565504e+10 
-2.3579024150e-11 
-1.2753894091e+35 
1.2035326400e+08 
7.2396377600e+08 
-5.8517725471e+31 
3.8884684582e-25 
-3.6104690351e-37 
-9.1756833821e-27 
4.2084345059e-35 
2.0054908648e-19 
-4.8307429353e-31 
1.4828684058e-08 
-1.2808383301e-14 
-5.9175342718e-36 
-1.2612239972e-37 
-1.2480971538e+13 
7.6908999441e-36 
2.8241971580e-15 
-5.5018520324e+15 
-3.9796501327e-14 
2.8899670960e-34 
-7.3073710923e-34 
-7.1803497314e+02 
7.8881611549e-36 
-5.8641702907e-20 
1.3587901000e+07 
1.0602841627e-07 
-1.3735415334e-15 
2.6459065594e-36 
3.6878034298e+30 
-1.7541169434e+03 
2.8082505253e+13 
-2.0308306183e+17 
2.1629033888e+30 
-9.4534566841e-09 
7.3419771618e+35 
4.2463163652e-08 
-1.7141184000e+09 
2.1371123946e+19 
4.6186284800e+08 
-3.4175525355e-18 
2.1506551266e+36 
-3.8737766896e+17 
7.3108534740e+18 
-1.0476542080e+09 
3.3219958958e+31 
1.8307764038e-30 
1.6423620963e+18 
4.5924113906e+16 
-3.3887239089e+28 
-7.9195905528e-19 
6.2827618853e-26 
8.0520885043e+12 
7.4795304104e+20 
-5.5938107068e-25 
-7.1655719552e-12 
-4.3602726533e-28 
-1.7019191605e-15 
6.6682597178e-31 
6.6996359825e-01 
-8.3022894115e-11 
-2.4901867425e-26 
-8.1526622290e-32 
4.4786282104e-30 
9.2208426193e+26 
-5.6120053221e+30 
-1.5528014025e+38 
8.6791537295e+12 
2.2241669617e-10 
-4.0884895469e-09 
9.6008092901e-16 
2.1836217541e-20 
7.6719377989e+33 
-8.2022193145e+27 
-1.9012928322e-23 
-1.7332185234e-04 
1.7464549376e+11 
-4.2660679433e-09 
1.4099957932e-16 
-1.8986869130e-29 
2.1024982387e-27 
-7.5177104543e-29 
-6.3777420321e-36 
1.3691919532e+15 
-3.8702763520e+09 
-9.4341270447e+01 
-4.3846024668e+27 
-8.7714634836e-02 
1.5676664832e+10 
-1.6135171652e+00 
-5.4642238601e-21 
-8.3907220225e-33 
1.4656479470e-02 
5.4506093885e+34 
6.1320288296e-06 
-1.3217860833e-02 
1.8397133350e+00 
4.2173363788e-36 
8.4971964306e-39 
-3.5632590110e-21 
1.7230673658e+21 
6.9146836992e+11 
5.4824218335e-21 
3.6427598133e+18 
-1.4832453728e+01 
4.6712399980e-14 
7.0652635391e-32 
8.6669784598e+24 
-1.4919834209e+32 
2.6397091930e-28 
-3.6764432559e-24 
8.9181421620e-35 
6.8574474777e-20 
-2.4589145996e-31 
2.4187406635e-13 
-2.4976484146e+18 
-1.2726174153e+29 
-2.4739387243e-17 
-3.7289549653e-23 
3.5223526955e+00 
-5.9323463440e+01 
-5.7135605022e-23 
4.5922402166e-12 
1.6525843805e-08 
-1.7356091817e-38 
-7.5341760254e+02 
9.0918359271e-17 
-3.7070553844e-06 
-3.3447748511e+27 
5.1613147960e-15 
1.8651857972e-01 
-5.2166846054e+11 
-2.3102860451e+00 
1.2095022400e+08 
9.1406801831e+23 
6.4280296000e+07 
-2.7595833436e-37 
-5.3678503985e-36 
3.4786375071e+34 
1.0544509057e-32 
1.9323259577e-27 
-1.1225011060e-14 
2.5794115011e+12 
-4.4892104343e-03 
-2.5760335950e+17 
-2.9731440640e+10 
4.0341740646e-19 
-6.7155265732e+25 
7.0899311686e-04 
1.6261981345e-11 
-4.2424565554e-01 
-2.7168829008e-22 
-2.2175551053e-32 
2.9332524538e-01 
-9.5908952062e-05 
-1.9620460920e-25 
-2.1046490114e+18 
3.3708902640e-14 
3.3080383512e-31 
-8.6655621914e-12 
-1.3922029397e-15 
-4.3436883897e-35 
-4.1401079297e-01 
9.8276066682e+24 
-9.0150502623e-14 
-4.2635362742e-14 
-1.5018166602e-01 
6.8700847962e-12 
1.2083022099e+15 
5.1971458248e-08 
-6.4295960000e+06 
1.5308154529e+33 
1.2460388285e-15 
-1.6917739593e-37 
3.2400130294e-04 
1.1895234560e+10 
1.7085622571e+34 
9.6449872685e+14 
1.3468682485e-38 
-2.4430120418e-29 
1.2025801091e-14 
1.2592441000e+07 
4.1204153466e-18 
-1.2984325209e+27 
4.5027290924e-11 
-2.4656391546e+29 
-5.7368848867e-30 
1.0409898721e-08 
-4.1450029773e-29 
2.8519147547e+29 
-3.6652620000e+06 
4.1656865506e-05 
2.6005630724e+23 
-5.1384185651e+11 
-2.4245783889e-24 
1.5532568032e+15 
-3.2695041656e+01 
-7.2401912976e+17 
1.1576238435e-22 
1.7292079163e+02 
8.7561386408e-07 
4.9814248000e+07 
2.6185483353e+33 
-2.7191253806e-13 
-2.8421585085e-08 
1.7557563842e-04 
2.0312840932e-24 
-7.7944745510e+35 
-4.9705501062e+34 
-1.8220115764e-14 
-1.2306294231e+32 
-4.6074355151e-34 
1.1010442162e+24 
3.1250735126e+38 
-1.7346529019e+30 
            nan 
-1.5649416721e-24 
-9.6632321624e-28 
-1.5505863253e+24 
-2.5293218476e-33 
-3.2830101486e-30 
8.8521162500e+05 
-1.2847179527e-15 
-7.4484073122e-24 
8.0520614268e-16 
1.9358807666e+23 
-4.7814795657e-30 
3.2430719595e+30 
5.2328192759e-21 
-1.8742834085e+35 
-6.0304538953e-24 
-9.4423491830e-28 
-7.1190626435e+13 
-1.6187280606e+28 
1.0399236542e+14 
1.1047654785e-02 
1.2837553088e+35 
-3.0861041791e+19 
-3.4880219685e+17 
-4.0194079667e+18 
-7.1863836031e-21 
-1.0720694580e+03 
2.7543304514e+29 
2.6399485793e-18 
3.4693352191e-31 
-7.3110997677e-02 
2.0721000870e-13 
-7.7017471511e-34 
2.4653465233e-24 
-1.7610473210e+15 
1.1500614405e-14 
1.8432555016e-13 
-1.9266671734e-03 
4.5565054976e+10 
6.2825672334e+29 
4.1984134992e+30 
-2.0316387718e-32 
1.3448162134e-27 
-1.5184954183e+14 
-3.7064957619e+00 
-2.4472378755e-06 
-8.3262067140e-35 
-7.1831882632e+22 
-3.9809057788e-23 
-2.3752432251e+02 
3.5149761741e+12 
-1.2294890754e+19 
-1.7782463833e+16 
2.1024521185e+17 
-1.6532552500e+06 
-3.8494634415e-34 
-1.8889143091e+11 
1.6214320252e-16 
1.3600483493e+25 
-7.2842954670e+12 
1.1823833810e+29 
-1.5100309212e-30 
-1.5951526069e-34 
6.5089301136e-12 
1.1498920456e+38 
1.8567657906e+28 
-6.3055994312e+31 
            nan 
4.2161732912e-01 
-2.0449927680e+09 
2.3054432338e+13 
-3.1359356928e+10 
7.1066112590e-33 
1.8676121958e+26 
-3.4476529436e-06 
-1.2621820237e-23 
1.5370245781e+37 
1.8901146948e-01 
-2.5542522517e-23 
-1.2140552541e+28 
3.6748621613e-02 
1.7065357303e+15 
1.4249890625e+05 
-1.2272673627e+16 
2.5480785000e+06 
-4.8188087150e-22 
4.1499807316e+24 
            nan 
-5.6538199949e-33 
            nan 
-1.7058470209e-23 
2.5537186092e+28 
2.6752481600e-30 
1.1879817009e+01 
4.3338565471e+14 
-9.2690645182e-23 
3.4241107968e+10 
7.9114768750e+05 
3.0011349715e-14 
5.2535872116e-29 
3.4042141550e-08 
-5.1046984375e+05 
1.5121932617e+04 
6.3680935000e+06 
-1.0410686510e-34 
-1.2546995422e-03 
-5.0100690164e-15 
5.9968247770e-21 
6.2298517948e-38 
2.5607748928e+38 
5.5474730469e+04 
-2.5904017966e-03 
8.6122221168e+14 
3.3571204125e-31 
-2.6877175378e-24 
-3.0633417436e-24 
1.5343611751e+16 
1.9146781697e-40 
-6.6325338545e+19 
-2.8615745452e-35 
9.8326068980e+27 
-5.4130860000e+06 
4.5551398400e+08 
8.7996992215e-21 
-2.5102050987e-24 
1.1523158605e+23 
1.6032355811e+25 
-4.3410157305e-18 
1.0602854306e+33 
-4.8508656000e+07 
5.1745802051e-31 
-4.4826817331e+11 
7.8153718045e-30 
-4.5761792438e+30 
-8.2472222900e+02 
6.8541147420e+23 
-2.8431177160e+22 
2.9486989564e-13 
-6.7977868525e-33 
5.2567403027e-24 
-9.3909003587e+14 
1.9609720000e+07 
-4.0028751556e+34 
-4.3627147725e-24 
2.1228302312e+22 
3.4053399672e+31 
2.8254587500e+05 
-6.9061565399e+00 
-4.6733590528e+12 
-2.0920260316e-11 
2.9558380322e+28 
-1.6242466030e+31 
-1.5301724305e-23 
3.3394169019e-34 
            nan 
1.8717210235e+26 
-1.3385995730e-36 
7.1935665717e+34 
1.1405891576e-28 
-8.9242645264e+01 
4.0477050334e-07 
-3.6531980888e-25 
-1.4805771604e-36 
2.7052333056e+10 
-5.0448753072e+28 
5.8512731677e-36 
3.0664311177e+13 
-4.8735599745e-35 
3.3462238376e+22 
-2.9851004263e-36 
2.9122402019e-22 
-9.5958152293e-35 
1.5952582400e+08 
1.7546849280e+09 
6.8598583312e-06 
-1.8662107597e+28 
7.4706343573e+25 
1.2680170585e-06 
-1.2330684000e+07 
6.3275249172e+12 
-3.9432453730e+26 
4.6973444862e-33 
6.7724099988e-21 
-4.4821652741e-24 
9.1231212718e-04 
3.0741087453e-10 
6.9984529283e-10 
1.0408761680e+21 
-2.0117259104e-28 
8.0074212054e-37 
-2.4946371723e+13 
1.2598598539e-23 
1.3069769052e+28 
8.0155840000e+08 
2.2745538990e+20 
-3.6376213074e+01 
-2.7113895981e-13 
-1.7117869788e-07 
-1.7021229645e-17 
-1.3573183000e+07 
2.6016145057e-05 
3.3935104811e+36 
-3.0100067200e+08 
-6.4565398757e+28 
-1.1703870779e+31 
-3.5502848491e-12 
-2.3105233372e-32 
3.5863261587e+34 
-4.0544936271e-22 
1.6683134163e-07 
-1.9757200000e+06 
1.3781067233e-17 
-4.6807492115e+28 
4.8303790390e-04 
-5.3345565812e-14 
-1.9545974116e-29 
-1.8788525128e-28 
-1.6954229877e-21 
2.3954341430e-33 
-3.3380902100e+20 
5.7012940791e-34 
1.0610065931e+18 
-3.1632227040e-17 
-1.1870648828e-30 
-3.5910639425e-16 
-6.6732718817e+12 
-1.0484382510e-03 
2.2761632120e+32 
-1.2144653283e-08 
-2.9376362454e-12 
-2.7133348518e+14 
1.2201689088e+10 
-3.0724660811e+27 
-2.4644194618e+30 
9.3413574219e+01 
8.3925590080e-37 
1.2209701406e-36 
1.1322365507e-19 
3.6484809691e+37 
-5.5616944749e-31 
-5.7607987553e-25 
4.4471605168e+21 
-2.3950580810e-36 
1.0771185759e+26 
-1.7545088436e+31 
-7.6659005880e-01 
-6.9935251289e+31 
-1.8637960166e-31 
4.6102812500e+03 
1.2420391547e-22 
1.3923738607e-08 
            nan 
-3.7119862739e-11 
1.6105307041e-32 
-3.2827195081e+18 
2.3065091088e-28 
2.4142209440e-04 
-9.2931620864e+10 
-7.3198955827e+15 
-4.4885561579e-07 
-6.2219830131e+25 
7.9153506623e+28 
-1.1249727000e+07 
-8.9435365226e-05 
-1.0790585984e-22 
-1.4665410166e-22 
3.3557592935e-29 
4.4786566192e-33 
-3.1526593231e+35 
-3.8832026367e+03 
-6.2969898393e-12 
-6.1705075546e+28 
-3.5263769600e+09 
-2.5478016583e+16 
4.1164021688e-22 
-2.8511214657e-12 
-2.1294202000e+07 
1.4247558511e-06 
-8.8933825961e+21 
-6.4027535700e-06 
-1.7785716057e+00 
6.9874466149e+26 
1.6702361140e-37 
-4.6962450316e-34 
2.8380443382e-06 
1.1875357476e-32 
-1.7727767596e-26 
-4.3074814929e-24 
-3.6994359186e-17 
-3.5108119642e+14 
-2.2294801926e-27 
1.0453854449e-09 
9.4291645686e-34 
1.3606083843e+34 
1.5853765577e-33 
-2.3365262549e+29 
-2.5244152000e+08 
7.3060855449e+16 
-1.4728393750e+06 
-6.2654410156e+21 
1.0975448398e-24 
-2.5258570321e-34 
6.0519438237e-02 
1.4597384279e-06 
-1.6757962409e-14 
2.0173441323e+19 
1.3252920986e-27 
-2.1882959036e+14 
1.3355253031e-04 
4.5773942915e-28 
-8.2254732801e+25 
4.8673419623e-22 
1.1416085987e+13 
1.8877596680e-30 
1.0996392853e-21 
5.7985144686e+29 
-6.4384533260e-09 
-7.4342381678e-31 
-1.3907454156e+35 
-1.4725465129e-18 
5.3515967291e+26 
-5.0921290293e-35 
-8.6365989409e-04 
-2.6805048795e-14 
2.7434196472e+01 
-1.4585156386e+28 
5.1079234375e+04 
-7.5908935880e+17 
3.2574061325e+31 
-1.5338459107e+31 
3.6556573740e-12 
-1.3189508482e+24 
1.0749042827e+18 
-4.1653234375e+04 
1.1900759909e-33 
-2.7344994592e-18 
9.7167472636e-14 
-1.5128380000e+07 
-1.8226047626e+17 
6.5843295518e-18 
4.9793936090e-19 
-8.4963299334e-02 
-3.9496837013e+19 
-3.6889976617e+16 
-2.0900272197e+14 
-1.9821662964e+29 
-6.3211517869e+25 
-1.3706040282e-34 
6.7973140480e+10 
-2.0609170048e-37 
-2.4688273926e+03 
-8.4838178418e-37 
-9.8800505187e+19 
-6.5442607738e-03 
-2.2604876740e-20 
1.1536707840e+09 
6.4813355879e+24 
-3.0082847730e+17 
-8.9589909312e+15 
-3.7386533790e+21 
-1.2559638890e-05 
1.6927938641e+37 
4.3436462080e+10 
-1.6836012330e-33 
1.6280129750e-24 
-2.9375722947e+12 
-6.3117799103e-28 
1.0249260847e+17 
-5.6895164951e-24 
1.0011057261e-10 
-7.4848974780e+36 
-1.7030391693e+01 
-1.1182335257e-23 
3.7306695207e-35 
2.7969471239e+38 
-2.0772988000e+07 
-3.2881618662e+14 
4.2897751555e-03 
1.3495414298e+25 
-8.2822521946e+13 
3.7826593750e+05 
6.8019481818e+36 
1.3683560547e+04 
-3.3258548488e-31 
-1.1811884092e+19 
-1.8309146981e-04 
-4.6866235000e+06 
1.3414594832e-05 
-4.3154597282e+00 
-1.0660175113e-28 
-1.2397992521e-30 
1.9629568807e+30 
9.0619940167e+27 
-1.9861445168e+26 
4.4485223664e+33 
8.1869860165e+37 
5.9787314855e+16 
-3.0760286943e+19 
-2.8115597312e+10 
-1.0027039446e-15 
-1.7898615261e-13 
-3.9458158016e+00 
-5.7976393750e+05 
3.8378696296e-19 
-3.7024105325e-19 
3.4481385094e-28 
6.4272788480e+09 
-4.2431118537e+18 
2.8791233123e+25 
4.0632400119e-21 
1.4149321942e-03 
-2.0815396805e+24 
1.2010324452e-23 
3.5300050626e+30 
-2.4594077500e+06 
-7.8114559874e-03 
2.6836463199e+16 
            nan 
1.0208117225e-28 
-6.8554844990e-22 
8.6714571460e-20 
-7.6807113832e-38 
1.7232160583e+18 
-2.3440290687e-37 
-2.6448952403e-11 
-2.2551419890e+24 
-7.4071679320e+37 
2.9214310956e-30 
-1.8673797553e+22 
-3.4508420394e+33 
-2.7240929512e-09 
3.3896903296e-15 
-1.0320500892e-18 
1.9092248286e-25 
-1.1103681422e+29 
-1.5089826169e-22 
-1.1798908878e-30 
-1.7313764789e+14 
3.7409094919e-14 
1.5357680000e+06 
4.8078853502e-27 
-6.6874163200e+08 
-3.5446833687e-25 
-7.8835937500e+03 
-9.5541707879e-10 
-7.0720772988e-14 
1.6848552722e+13 
2.1876018745e-36 
-1.3166638755e-34 
-7.5719827414e-01 
7.3656906708e+21 
-1.0274787353e-29 
-6.9017228264e-29 
-2.0243301007e+12 
7.7595249670e-11 
1.7467486637e-38 
-4.4503692956e+32 
8.0707970024e-38 
-1.6588686407e-01 
-1.0218628065e-25 
1.8259318474e+34 
-1.7668640831e+35 
2.3533289095e-08 
5.8227147138e+36 
-4.9548095703e+01 
4.9665942788e-04 
-1.0759228516e+02 
-4.4920489017e-07 
2.8550144000e+08 
-3.8302598264e-19 
1.1660431735e-14 
-5.6411999135e+31 
2.8977214486e+16 
1.5940660216e+24 
-1.5732576904e+03 
1.4078667650e-36 
7.6864190219e+21 
3.1276268634e+28 
-3.9950999552e+10 
4.9620619100e+12 
5.4405281698e-23 
5.2373519510e-17 
-4.7262405402e-20 
-7.7392086387e-02 
-1.4157682914e+20 
1.0476424653e-23 
6.2784985454e-18 
2.1120625373e+17 
-9.6453895637e-40 
2.7786821127e-01 
-2.0550753600e+08 
-3.4068070818e-03 
7.8366540827e-30 
-1.3018834279e+20 
1.0584476004e-11 
            nan 
5.5959388946e+13 
1.2761160879e-19 
2.7120686955e+16 
-4.2291324980e+19 
-9.3103134116e-15 
-2.0894993278e-19 
7.4973722537e-26 
3.0790121094e+04 
3.8487260254e-12 
8.4507427216e+00 
1.1484275319e+25 
5.0100297852e+03 
-7.5124000794e-37 
1.0609207379e-07 
1.5145125432e-10 
-1.1972424332e-28 
-3.2595242494e+36 
-8.5576044029e-09 
3.1596247961e-38 
-3.1851037056e-04 
-5.6576010365e-07 
-1.0328329497e+33 
-3.7294696184e+24 
3.8167383907e+31 
8.6321230000e+06 
1.5471442183e-10 
7.2768068404e+22 
5.1239601348e-14 
-4.4737191104e+16 
1.7869764426e-22 
4.3309660396e-04 
-3.7275915687e-09 
-6.3185549465e+25 
7.8524241920e+09 
-3.6666808218e-29 
2.6522648926e+03 
2.0610334117e+32 
2.4162799757e-18 
-7.1456748903e-39 
-3.1897113323e+00 
-1.1504737324e+36 
8.2012295247e-19 
1.4469578734e-32 
4.3053745000e+06 
2.8153112739e+37 
-7.2268105410e-22 
1.0662288249e+30 
7.0915668705e-24 
2.2375663451e+30 
-7.7324999889e-36 
2.9106207222e-08 
4.9473004765e-05 
7.0634468750e+04 
1.0886305495e-37 
4.0336915970e-15 
5.4383238281e+04 
-3.2779051253e-05 
8.0116476562e+04 
2.1428814317e-34 
3.4052500231e+32 
2.6406068998e-10 
-1.1750825001e+13 
-2.8540973681e-17 
-2.9543593148e+13 
-1.8289932768e-06 
-5.8792787262e-14 
-2.0959308500e-23 
6.4329396799e-20 
2.4191811603e+38 
-3.2733367605e+37 
-5.9795200415e+15 
-1.7734189225e-28 
4.1253318748e-38 
2.1308102400e+08 
-2.8339476142e+28 
-2.2075599929e-24 
2.0320894967e-10 
3.6396820166e+31 
8.6502863008e+26 
-1.5176700593e-31 
-1.4981066370e+29 
-1.7654207385e+26 
-2.8357213823e-37 
-1.2895246875e+05 
-1.0846917170e-35 
5.5239631058e+26 
-2.6614472905e+34 
-2.3268838501e+02 
1.1331017129e-02 
3.3417387500e+05 
-1.1999636358e+37 
-2.0697467029e-02 
-4.5367038112e+28 
9.2371425155e-35 
-1.9407173386e-04 
-2.6506865404e-21 
1.2146633728e+10 
7.8958424563e+20 
-2.1319187500e+06 
-4.0945244439e+13 
2.0986971451e-30 
2.8929022069e-39 
-1.8288687502e-36 
-2.6340624318e-03 
-2.1966153128e+31 
-5.7833303603e+29 
-1.5577244478e-36 
-8.8652642711e-20 
-4.6617368986e+11 
-1.0269354688e-30 
1.1034002590e-19 
-1.7299698226e-28 
3.9179657600e+08 
-4.2258734375e+04 
-8.6308521883e+31 
5.2736046303e-17 
-9.3811930495e-25 
-7.7257896762e+34 
8.7111737912e-07 
-3.8416526238e-20 
2.4360788265e-15 
1.0863695499e-09 
4.1863198170e-30 
2.4749451768e-06 
1.7140389931e+27 
2.3683112370e+13 
-5.6750701978e+23 
-9.8861096754e-32 
-1.4873693750e+05 
7.2851848602e+00 
1.2490681705e-20 
1.1271433750e+06 
1.9260580677e-20 
-8.0304831849e+31 
-1.8168234086e+31 
1.2254412807e-24 
3.0334298962e-10 
-6.0296726779e+34 
-2.0164445471e+12 
2.9098067500e+06 
-7.3564150453e-38 
-1.0163332605e-16 
7.0819536664e-21 
-5.2941046480e+21 
2.9448131759e-13 
5.0302146071e+33 
2.3214171199e-14 
-4.7312829768e+19 
4.2479114862e-34 
2.2148871612e+28 
9.5581051791e+27 
1.5486864548e+24 
-2.0482980250e+11 
8.0979080147e+34 
1.1911129993e-37 
4.4233429435e-06 
8.6214786768e-01 
-3.9311356544e+00 
1.0762914575e+14 
3.2136116724e-19 
1.0716589796e+16 
-2.4813097000e+01 
-3.6641469615e+28 
-6.2952316366e-03 
-7.1642313145e+37 
1.5006163385e-27 
-1.7233245633e+36 
1.8008421175e-03 
4.6366026141e-30 
6.8505462937e-28 
-4.7511309177e-36 
-4.4360043830e-05 
-9.1750880000e+07 
1.0969369058e+21 
9.7569647141e-35 
4.2770745325e+25 
-1.3399686513e-17 
7.7264363796e-09 
-2.3162449254e-28 
4.8065480662e+19 
3.0688664521e-23 
4.5159780667e+17 
9.8903879117e-20 
1.6259379364e+12 
5.7156107687e-06 
-7.6052539128e-27 
-7.7620766436e-34 
1.0120451959e+27 
-2.8572473276e-09 
-1.9480833773e-25 
4.5004080200e+02 
2.0767366909e+28 
-9.7871562500e+05 
9.6526091443e+17 
-7.1705182277e+36 
-3.4544939337e-27 
1.8059169073e-35 
5.6734148247e+29 
2.7053742080e+09 
4.2862521840e-29 
-1.1884350619e-38 
8.8461678731e+32 
7.9059468958e+26 
-1.7284231521e+15 
4.5837094120e-09 
1.0749582137e+20 
-1.5545208740e+02 
1.2092829984e-16 
-1.0329405777e-03 
-8.7461167828e+16 
-7.9498292645e-35 
1.4576150234e+24 
-4.5334829790e+17 
6.2848683213e+11 
4.3499085813e-21 
-1.7611806152e-20 
3.2391946240e+10 
4.6080634880e+09 
2.4553354953e+14 
6.5952940000e+06 
9.9643695240e-21 
1.2222681194e-15 
3.7661164967e+18 
6.7616489510e-17 
1.4402593476e+29 
-2.6673865234e+04 
3.9793318349e-18 
-2.7124159336e+00 
-4.7860860882e-20 
3.0199694293e-38 
9.8718692300e-17 
9.4448555632e+16 
-3.3367150080e+09 
-4.3103107195e-10 
5.4124710763e-15 
-2.1077931150e+31 
3.1676172041e+35 
3.7674918148e-39 
3.7915113106e+27 
-1.5077925754e-19 
2.4717366417e-25 
2.4435124654e+23 
-4.8714501862e+24 
-3.6507591605e-01 
-4.5910941536e+21 
-9.5142743086e+24 
2.3747534782e+13 
-1.6582848529e-18 
-1.0742050582e-09 
3.1094571965e+35 
-3.8372184375e+05 
1.0704398345e-36 
1.0211292133e-34 
3.7575984720e-19 
-4.9425213706e+18 
8.3993375447e-22 
-1.2083430717e+35 
2.0616229535e-19 
-7.3367838064e+19 
5.1565724839e+35 
-3.3848658407e-31 
-9.7626318166e-05 
4.5623784375e+05 
6.9681504256e+10 
-1.1584895369e-11 
3.4726883443e-34 
-2.4704605225e+12 
-7.7699997441e+19 
-1.2178987287e-19 
-3.3230024856e-03 
7.3354300624e-30 
1.4621839980e-12 
-6.9876724772e+32 
4.9536114619e+22 
7.3301772953e-31 
2.5118232101e-23 
1.8243573315e-35 
1.3129045172e-27 
6.4225991912e+21 
1.1533014543e-08 
-6.2328127488e+10 
-8.2094665793e-35 
6.4043760000e+07 
1.0485037676e-34 
-1.2194604492e+03 
-1.4829536667e-04 
-1.0216457976e+21 
-4.0554167190e-32 
2.1544840564e-12 
2.6587439771e-27 
1.2582868819e-18 
-7.8635917969e+03 
4.0113261773e+11 
8.5427468750e+04 
4.2485607084e+24 
-4.4853554309e+18 
-6.4265750712e+34 
-3.5781169572e-05 
1.5360615781e+26 
3.0425447636e+22 
-3.6088158523e-31 
3.4999921221e+24 
2.9274132252e+00 
4.9684951782e+02 
-2.4951165142e+18 
-2.0225644211e+18 
1.4694684570e+04 
3.6445081264e-07 
4.7519115217e-32 
-6.9659140132e+21 
3.5728808854e-39 
1.7903290714e-15 
-1.8818849489e+25 
-6.5988194820e-07 
5.8112320239e-20 
1.8394987874e-38 
3.5845179558e+00 
-9.3748825600e+08 
5.3221292546e-06 
5.1763697495e-11 
8.2054235889e-20 
1.7064588629e+29 
-1.2973322166e-35 
-1.0139565887e-17 
-4.4898759421e+37 
-2.8901734933e-28 
2.5187604943e-36 
4.8495276321e+17 
1.9191975463e+20 
1.6941770554e+01 
1.1765795586e-12 
-5.0205747577e+13 
1.0169686707e+34 
6.3180355837e-23 
5.7316142080e+09 
7.7023329866e-20 
-2.2299630963e+32 
-4.8158358469e+24 
-2.1901899203e+12 
-4.1678041047e-25 
1.6166230807e-06 
3.1554890803e+19 
-7.1594360466e-34 
-4.2477283001e-31 
-3.1523892879e+00 
-7.0521778071e-06 
-9.7024712886e-05 
-1.7959969302e-29 
6.6033561898e-26 
1.4201963425e+01 
1.4802651238e-31 
1.6121239113e-25 
1.3672897634e+33 
2.9314122856e-19 
3.3418880776e-05 
-7.7002937360e-09 
-2.8935325559e-28 
2.1778240783e-24 
2.3317377450e+15 
-1.5340898676e-29 
1.1698880254e-15 
1.5820935599e+32 
-5.6720864450e-08 
-1.8005676332e-39 
-4.7116601562e+02 
1.4881932492e-13 
-3.2879150391e+01 
7.5230932595e-11 
1.6937046894e-06 
2.1777209491e-37 
1.5170126851e+36 
-1.9483563783e-31 
-8.9101966078e+33 
-1.0421319016e-36 
1.5920166601e+13 
3.6236359783e+26 
1.2740760800e+08 
-3.4070948954e+24 
5.1901575178e-02 
-5.8745235165e-27 
1.8983324609e+15 
1.8375837690e-13 
1.0090771630e+23 
1.5872520356e+13 
7.8248584599e-27 
-4.9335323248e-20 
-5.7156988568e+14 
5.3604301756e-38 
-1.0858281197e+17 
-2.2874514598e-21 
-1.1111665245e-32 
5.3079800004e+17 
4.0928596718e-05 
3.0767739950e-33 
1.7123574798e-04 
-7.7055389993e-03 
-2.9671381239e+27 
-2.8090992643e-08 
-1.8022092583e-20 
1.5136345020e+22 
4.3176075816e-01 
1.2490019910e+15 
-3.3619075553e+16 
2.7971752692e-10 
-7.5206149901e-13 
1.1303224816e+14 
-2.7049455616e+10 
-2.1927513663e+18 
4.6038470074e-14 
2.8268728944e+21 
3.3844228096e+10 
1.2982409569e+30 
8.5274484956e-13 
-3.2279922826e+34 
-2.7303182701e+26 
-1.2768861760e-13 
-6.2923170634e-14 
7.2208307308e-39 
-8.0007171645e+29 
1.4839869911e-23 
-1.0195843712e+37 
1.5091206908e-36 
1.4849459761e-19 
3.7819186159e-19 
8.9568643457e-21 
1.1671548160e+09 
3.4063213826e+18 
1.5500841721e-09 
-6.1799109196e+30 
-8.4376572396e-10 
-7.2784555907e+15 
-8.7455200000e+07 
-5.8151030657e-08 
8.9534721337e-04 
-3.6217442647e+25 
-1.1507485410e-37 
4.9648422851e-14 
-1.7243745280e+09 
9.8056859095e-20 
8.2188734041e-08 
2.1928051391e-19 
-1.4012111381e+29 
1.8492692759e-19 
-4.1619722915e+14 
2.0784907812e-14 
-5.3240176031e-37 
1.0206198120e+02 
3.0414208984e+03 
2.1291607806e+15 
4.2888450923e-35 
4.3685334320e+23 
2.3244292188e+05 
1.9394422000e+07 
-1.5095229440e+10 
2.3667028783e+36 
-1.0829745331e+20 
1.8501331293e-37 
1.7187931898e-25 
-5.5116952780e-08 
-4.9903747256e-35 
-7.0703568750e+05 
-1.7736032455e-25 
4.2035173633e-27 
-2.3964236602e-19 
-1.9975223430e-35 
-1.3584378955e-08 
-5.1905103673e-17 
2.0837353750e+06 
2.1531376552e+23 
2.3102127528e+34 
-6.1513281046e+20 
4.1625985928e+24 
1.5210554327e+13 
-1.7800233750e+06 
-1.6210815777e-18 
-7.2365612105e+21 
1.9539704546e-02 
1.4338442826e-36 
-1.6087210699e+32 
6.3399068236e-33 
4.2341394874e-05 
3.8487454552e+19 
2.4375904940e-12 
-9.6902638530e-30 
1.2896102794e-20 
-2.9224248889e-12 
-5.3127460065e-21 
2.8952244248e-12 
2.0188580096e+27 
7.0010894549e+13 
-5.3896886183e-30 
3.3219792896e+10 
1.4218833214e+34 
-2.5974208053e+28 
-3.5716072461e-11 
6.2059223974e+14 
-1.1936838215e+37 
-1.7238910495e-17 
-7.0544770858e-36 
2.4679375326e-33 
-4.0372491803e+30 
-1.3637774739e+26 
3.9271177131e-17 
-1.4456039935e-05 
-1.5109118976e+10 
2.0732487461e+17 
-7.1414315720e+24 
-6.2233023337e+18 
5.0710743040e+09 
-4.3295177865e-31 
-7.9192453125e+04 
-5.3214226562e+04 
2.0508663356e-01 
-1.4934264760e+34 
-5.4355205553e-32 
1.6157217817e+20 
2.6360186442e-17 
-5.4328961270e+12 
1.4649632344e-26 
3.7903230469e+04 
4.1513314950e+19 
-5.6572572550e+18 
-6.2288143532e-09 
-8.7986888970e+22 
3.0644270190e-24 
-3.9764911872e+35 
2.2087440304e+32 
1.2297702597e-05 
-7.9811329767e-10 
3.4311015400e-12 
-1.5901807617e+04 
1.7675296990e-11 
1.3827485844e+37 
-1.9326641920e+09 
-1.4104759521e+03 
1.0059428324e-30 
-2.4751995512e+14 
-1.1530088021e-23 
6.4281473637e-21 
6.7368379213e-14 
1.3512869068e+26 
1.6908513924e+38 
3.4266687104e+22 
2.2825692134e+25 
-4.3828130748e-25 
1.9013419008e+10 
4.0960792158e-13 
1.2455566635e-13 
5.1265269711e-21 
-3.6321706543e+03 
6.5077580723e+27 
-3.9168351568e-25 
1.2217416825e-27 
3.2913384375e+05 
-7.1046705926e+35 
-5.3607149194e-38 
-3.5217417073e-16 
1.0295476053e-30 
7.8115233316e-22 
7.6056121826e+01 
-3.6654219031e-02 
1.6455646791e+27 
-1.0985650047e-32 
4.0551827985e+25 
-4.8805265607e+24 
-4.0286200304e-35 
-7.3885576979e+20 
2.3279201032e+18 
1.3563922886e+19 
9.8883260643e-37 
-1.3366046915e-05 
-1.4724294135e+37 
2.9006628480e+38 
-1.2654849347e+14 
1.3497825768e-14 
-2.0052999004e+31 
-3.0504252803e-26 
-4.0226047417e+27 
-5.2936644165e-25 
2.6040529733e-08 
3.3696057056e-09 
-1.0162233933e+21 
2.7666600347e-18 
4.5812971311e-37 
7.7147710043e-29 
4.4252293109e+37 
-6.5435364000e+07 
2.7060140153e-12 
8.9260877003e-33 
1.3828803154e+20 
7.5486511720e+26 
2.9178518831e+13 
-4.2924395160e-16 
-2.8659902229e-10 
5.8151809329e-23 
-2.2947637048e-33 
1.3490794134e-26 
-8.2926585753e+32 
2.4827346389e+19 
6.4895568375e+31 
1.9369520016e+15 
4.2046910524e-01 
1.2838145312e+05 
1.2268594503e+00 
4.5220178901e-38 
4.9957001301e+19 
-6.3833206892e-01 
3.8099340625e-38 
1.4488342291e+24 
-1.9163125753e+00 
-2.1435438063e-31 
2.6725081532e-32 
-1.5299459198e-18 
3.1566906955e-07 
-7.3869534794e+33 
-9.9800416454e+18 
8.0683498346e-28 
-6.1653412484e+19 
6.3375580004e-19 
-9.7273155982e+28 
-4.3418872367e+16 
-2.4775658047e+31 
8.1274841756e+25 
-8.3140663395e-39 
-2.8389655464e-19 
9.0651563369e-04 
8.4101274793e+31 
-7.6610209473e+31 
-1.0241611744e-04 
1.2301369496e-16 
7.0988760660e-14 
-3.4808564714e+22 
1.2933515000e+06 
5.6590740750e+13 
1.2242623901e+02 
-8.8153016951e+34 
-9.0309741211e+02 
3.6726829785e-16 
-1.1539070677e-38 
3.0353016000e+07 
-2.4648152117e-19 
-6.9160218967e-16 
-2.1311860733e+35 
7.2320221450e+21 
1.1167270558e+26 
3.0584366608e-20 
-6.3081673218e-09 
4.6012286377e+02 
6.9257459329e-34 
-8.1805010268e-05 
-1.2071797529e+30 
3.5019276020e+19 
6.3890568864e-27 
3.2833660237e+28 
-3.1152696467e-26 
5.6266409252e-28 
1.9287493750e+05 
-1.9406579473e-35 
-1.1145361861e-38 
-1.5357116000e+07 
8.6997404537e+24 
1.3140074581e-30 
-2.9929898361e+15 
-2.9414137264e-18 
3.1416067525e-09 
2.6076780436e+26 
-1.1793657392e-01 
4.0430347878e+11 
5.7994543966e+16 
8.0837727858e-21 
-2.0196534024e-05 
5.4427158203e+03 
-8.7581903055e+20 
-1.1525738725e+13 
3.4588805886e-13 
2.5352871608e+12 
-8.2586029477e+17 
3.4452355913e-29 
-7.5681649132e+12 
7.8938772298e-17 
-3.7312730683e-07 
-1.0669081284e+15 
-5.7639268353e-26 
8.6517426556e-10 
1.7744063781e+25 
8.1362192998e+22 
-4.3528368032e-17 
-3.1328235626e+01 
-3.5814540586e-35 
7.6624924108e+17 
-3.9073226739e+14 
-1.9369720273e+27 
8.5472498217e-32 
-1.1772523911e+27 
1.7605168286e-18 
1.4934806641e+04 
-5.3779676266e+13 
-5.4217207435e-06 
-8.2730629283e+26 
-9.3078670034e-05 
8.2434446963e-27 
-6.6212633600e+09 
-9.2662559509e+01 
-6.5239618334e+35 
2.8514519043e+03 
6.5303443080e-06 
2.1617970904e+19 
-2.0005223223e+32 
7.1698991860e-19 
1.4144245084e+29 
-5.9928519639e+12 
7.9542736057e-04 
2.1035294533e+00 
3.2583791018e-01 
-1.7262609551e-16 
-3.1131788571e-26 
-1.3703357399e+14 
5.3291437973e+37 
-2.3007451136e+10 
6.6371688427e-35 
4.0676553523e+11 
1.4693193750e+06 
-1.4492379640e-24 
-1.8632822000e+07 
3.7391324257e+14 
-1.3214348215e-38 
2.5776605795e+21 
-9.2673791504e+02 
-2.6761534788e-31 
1.2436570037e-19 
8.6719101667e-01 
-1.1706093101e+38 
-1.1869426158e+32 
1.6268192768e+10 
-5.0616501167e-27 
9.7105228901e+20 
-8.0999155567e-34 
-8.4966959239e-32 
1.2353729422e-29 
-1.4665182208e+10 
8.0228401348e-03 
-2.0496459520e+09 
1.6854102258e-35 
1.3189856117e-20 
2.2947292188e+05 
-4.0628834701e+29 
-3.7882353817e-36 
5.4046517502e-20 
4.4740418560e+09 
2.8085912618e-06 
-1.5234347984e+14 
-1.0971583293e+18 
-1.1313441283e+23 
-1.4653316533e+18 
6.3752658647e-22 
-1.6691964865e+00 
-6.8644110107e+02 
-2.7380832794e+27 
-1.3516255099e+20 
-1.0030573321e-04 
1.6039963882e-33 
3.6445951365e+29 
1.0854884769e-09 
-4.1807394475e-02 
4.4523074557e-16 
-2.9537948099e+25 
1.0372284143e-09 
-3.4832024021e+37 
4.1806374083e-22 
3.4833936384e+10 
1.9436715841e+00 
-5.6182663572e-22 
-4.4778355486e+33 
1.8944412989e-17 
1.3225895680e+09 
-5.6437048912e+00 
7.9172940559e-07 
-3.0666264465e+14 
1.7344129466e-09 
-1.6408946753e-22 
8.5762860107e+02 
-4.3929468396e-10 
4.1502289428e+12 
5.0503859411e+14 
-3.7446968269e-12 
-1.4041003763e+29 
-2.3321987948e+26 
-2.6017138099e-17 
-4.7957400099e-35 
3.4074860000e+07 
-7.1870807083e-09 
-2.8831386433e+38 
-3.7126342590e-26 
2.7024572947e-16 
-3.4055772160e+10 
9.0771270916e-03 
2.6441583247e+26 
3.3391734000e+07 
-9.0261376783e+28 
-9.7246125873e+23 
-2.2947205192e-35 
-5.1911705231e+12 
-6.5978916125e+35 
8.9790564815e+15 
1.8939955160e-10 
-1.0991386459e-32 
-3.4277099830e+37 
2.1349910000e+06 
2.1561642883e-34 
-7.3209010975e-38 
-3.3932271576e+28 
-7.9515138328e+37 
5.2251542969e+03 
9.9906130099e+19 
1.1603577877e-04 
-1.1687945115e+32 
-6.6397920658e-31 
5.4084415569e+30 
2.8974838322e+34 
-4.2800940000e+06 
-2.7384185346e+15 
6.2652969884e-21 
2.9236525043e-18 
-1.4868647241e-22 
-1.3060493659e-11 
-1.5843345933e+28 
-1.2437161058e-02 
-1.2089134745e+19 
7.6600645198e+22 
-3.5092662258e-26 
2.5054272325e+22 
-4.6062844127e-38 
-2.8766849823e-19 
-6.4602815285e-13 
-2.6236338893e-19 
7.8483378650e-13 
-5.0117420000e+06 
-6.1572626115e+24 
-9.6810797125e+23 
-8.3135347366e+00 
7.4808184814e+02 
1.0523548713e+12 
-7.6806622314e+02 
-7.1933728763e+25 
-2.3726996121e-31 
7.2692324473e-26 
-9.8003509782e-23 
-2.3318449813e+32 
8.4666128275e-12 
-3.2215341926e-02 
4.3692295875e-13 
3.7651826101e-10 
-1.6308302848e+10 
-1.2166320902e-11 
-5.4781031622e-07 
-1.3441364354e+32 
3.4816592407e+02 
1.5907554264e+35 
-8.9756210446e+15 
3.5231686457e-09 
1.0139945391e+37 
1.8160023529e+22 
-1.3638724235e-27 
1.4216261607e+37 
1.5364433877e-37 
-8.8849182382e+23 
2.2455589505e+22 
-3.5965172000e+07 
-1.8450636250e+06 
-1.2613933231e-20 
-2.4644650271e+13 
8.1328779826e-26 
-1.5723020583e+36 
2.6569587611e-15 
7.2653307076e+15 
-1.3219784737e+01 
-2.5068896425e-22 
-3.9721862352e-18 
-1.2655107496e+28 
3.3050051688e+31 
-2.6745865966e-07 
5.5249474133e+20 
7.8329535854e+15 
4.0178178460e-04 
2.3558765407e+31 
-2.1112708207e-13 
3.0363673344e-02 
-6.9710788855e+37 
-1.4388840245e-36 
-3.9954966501e-19 
4.2585093025e-33 
1.8440388539e-22 
-3.3756839093e+23 
-4.8095934093e-02 
-2.3660106968e-22 
-8.3391161457e+21 
5.1416387289e+13 
-3.7330562205e+34 
3.2804062559e+16 
-9.0315309925e-28 
1.0067642143e-04 
-1.2245048438e+05 
1.2048638935e-33 
-7.8339899423e-31 
-1.9929569094e+18 
2.2527405835e-38 
-6.4672348022e+01 
7.3414484375e+04 
5.6906692366e-27 
4.6552802734e+03 
-5.0603483136e+10 
-4.2710872229e+21 
3.9511907959e+02 
-9.4468475709e-07 
1.4696215514e-32 
-2.3215800275e+23 
-3.7766215258e-21 
-1.3176950684e+03 
5.4450384899e+27 
-1.4799619675e+01 
-7.7136315918e+02 
-1.4388800138e-16 
5.3251631016e-07 
-3.5413918466e-24 
-1.2629970780e+12 
2.5128145058e-15 
3.0644782950e-24 
-1.4169472000e+10 
-4.3197560871e-13 
1.7382274981e+19 
-1.7007768065e-06 
9.5612620044e-07 
-1.7634274525e+25 
-5.5818760951e+29 
-5.1118215216e-10 
-5.4132185169e-28 
7.3712206349e+31 
8.4898828822e+18 
4.8795662898e+17 
1.7134665725e-34 
7.0275821998e-35 
-1.0576154591e+13 
-1.2670619240e-18 
3.1548400783e+35 
-4.7869300842e-01 
-6.9245996791e+20 
-4.1206874112e-37 
-1.3209394109e-16 
6.3843994141e+01 
4.9295822684e+12 
1.7157734400e+09 
-1.3453701939e+11 
-1.0642922583e-22 
4.2719488741e+22 
1.0678262315e+27 
-1.9637814225e+32 
5.9167280933e-31 
-1.9708833169e+15 
2.3948224931e+15 
4.7545630684e+20 
-2.0303301562e+05 
-5.2878862556e+33 
3.2076056153e+17 
-6.6120236745e+18 
1.1612884604e+31 
-6.4877311063e+28 
3.6826326847e+00 
2.9940709911e-09 
-3.4329854073e-31 
6.1360103490e-33 
1.6505626953e+04 
1.4637916872e-32 
2.5900649096e+17 
1.3627303125e+05 
-9.0121704217e+17 
-1.5724076356e-30 
-1.4235873018e+23 
3.4331756516e+25 
-1.6232353054e-14 
-1.7101583786e-38 
-1.3299319979e-10 
-2.1424503125e+05 
8.3880000184e-33 
-1.7268374326e+28 
-9.8194351216e-34 
-2.7492825668e-37 
-1.0645378433e+15 
-2.2130352558e+20 
5.0237897784e-02 
-7.8901567383e+03 
-2.2773898067e+28 
3.8986522827e-28 
2.0934182122e-15 
1.3556443453e+00 
-1.6631317954e-35 
-2.8475495301e+36 
2.4589995254e+20 
-5.1454537722e+21 
-1.5286073685e+01 
-1.3161672859e-24 
-4.7907648172e-14 
-9.2717311971e+19 
-1.4028695528e+34 
6.5491714478e+01 
-1.2326852839e-22 
-3.2472473278e+22 
1.4866692298e+35 
2.9547338290e-14 
-1.2744320554e-22 
-1.6771669824e+23 
-3.1587029563e+22 
-4.8134792929e+30 
-1.1424209177e-01 
3.6498032244e-31 
1.5433014031e+31 
6.0111028486e+13 
-4.4624245577e+26 
3.0766878906e+04 
2.5577662745e-04 
1.8945244665e-04 
3.8766546612e+15 
-1.0047982104e-17 
-2.9493077278e-28 
-5.0081916759e-21 
-1.2209463296e+11 
-2.0404101393e-18 
1.6846586814e+31 
6.1330336176e-37 
-3.8321928741e-07 
-4.5576255811e+32 
-2.8228013150e-26 
-2.9775154786e-08 
-3.2288360483e-37 
-5.3010952473e-01 
1.3465725708e+02 
1.1220095173e+24 
-8.1253744366e+18 
-3.4999619756e-17 
-2.3007821038e+14 
6.5031531747e+27 
1.0679170662e+11 
-1.2428609000e+07 
2.2347168879e-30 
-2.8618703015e-33 
1.2808812317e-03 
-1.7342041247e-05 
4.8746415242e-19 
-7.6520821760e+09 
3.3368286278e-37 
-1.7587241885e-08 
3.8744110132e-35 
-5.5742082931e+34 
-5.8729636977e+24 
2.5557793659e-09 
-2.3696295368e-26 
5.9889920000e+07 
2.2314541192e-20 
1.7037931846e-28 
2.8337795638e-36 
9.7357420800e+08 
-1.8204599702e+37 
-1.1942284701e-15 
-4.8398253906e+04 
-2.0245191382e+36 
-8.4572174025e-16 
-1.2094528000e+07 
8.2028788194e-17 
1.1260855924e+20 
6.0456622381e-30 
1.6158139314e-26 
1.7191652546e-09 
-3.7487019943e-36 
3.2434917213e-31 
-5.7630667664e-34 
-1.7455295165e-07 
5.0634125288e-34 
-9.7965972625e-22 
8.9370461935e-29 
9.5476078570e-32 
-2.1235090063e+15 
-3.7176672240e+22 
2.3590096510e-23 
-6.2822509766e+01 
-4.7563202679e-04 
7.9914722079e+36 
-2.9771154642e+35 
-1.1035537720e+00 
1.2867709759e-24 
3.5569980884e-27 
-1.3158995628e+01 
-8.4000023530e+26 
-1.5455277500e+06 
8.0250532619e-07 
7.4836373885e-34 
-4.9298577455e+18 
6.1093272349e-37 
-5.4883381173e-10 
-8.3916228332e-29 
5.2668393750e+05 
-1.3965823312e+13 
-7.4228012085e+01 
-4.8530017453e+17 
-1.2676436567e-09 
-8.0670492188e+04 
-4.2596838041e+14 
-9.6398918152e+01 
-5.6225104345e-05 
1.4133758400e+08 
4.9877292477e+34 
1.7654784712e-25 
-1.4881681900e+30 
5.4797187500e+05 
2.2009750000e+06 
4.6124980347e+35 
3.1379937929e+24 
1.6697329631e-29 
-7.7939422901e+16 
-3.5206611829e-27 
8.4110994067e-05 
-2.7327214411e-05 
-2.8725082112e+10 
2.0515196000e+07 
-1.5169676393e-02 
2.3500843399e-21 
3.9586036671e-09 
4.3411494029e-17 
-3.3803037500e+06 
4.2672196875e+05 
1.3953022720e+09 
1.1107915803e-35 
3.8022701263e+01 
-5.0000883434e-09 
2.6492149573e+34 
-3.0496773898e+12 
-1.1530077936e+23 
1.1677233600e+08 
1.8043828150e-12 
-2.0692257406e-36 
-2.4984812505e-38 
-1.2925701393e+15 
2.3002293280e+15 
1.3939084553e-08 
2.7123554082e+33 
9.0381241174e-14 
9.3751052137e+27 
-6.6482069504e+10 
-1.4718746448e+24 
-2.9352380996e+18 
-9.0473129272e+01 
-1.6845447872e-19 
-7.3783792000e+07 
-1.6455180313e+35 
-2.8503705835e-05 
-9.6643874816e+11 
8.7948909565e-23 
-1.9380935116e-13 
-5.5271518230e-01 
-4.3817024758e-27 
-3.2479793750e+05 
1.4675110829e+16 
7.3612318720e+09 
1.2022189708e-20 
-1.2818909062e-28 
1.8730562633e+34 
-1.8013516250e+06 
-1.8359474016e-35 
-7.1119568466e-39 
-2.3719389083e-13 
-2.0277207499e+13 
-3.5854640146e-07 
-1.1916453552e+02 
7.3022100278e-30 
1.4713769400e+17 
-1.8099100578e-18 
-3.3764653614e-33 
-6.5769862400e+08 
-2.4106095793e-37 
-1.3931169434e+03 
4.5568460121e-17 
3.7124256946e+18 
4.5424805540e+22 
-8.4196845703e+03 
-2.5192851957e+37 
1.7873133565e+28 
-3.3376509347e-31 
-7.5704821384e-29 
-1.2830711493e-10 
4.4899654299e+22 
9.7797823911e-33 
-7.9766463773e-35 
4.1865690482e-33 
-2.3806586000e+07 
-2.6290206429e+22 
-3.6235272901e+28 
1.6372188995e-17 
-2.8468858654e-20 
8.4488271904e-35 
-2.8248128234e+26 
-4.8316393022e+23 
-2.8637954753e-28 
3.5960564000e+07 
-5.4871016585e-13 
7.8906367662e-08 
5.0670612048e-14 
2.5532960340e-24 
2.0059398053e+18 
3.7833422828e-28 
7.3088347368e+25 
-6.0107238281e+04 
-6.8377375434e+34 
2.0623676303e+14 
-7.9072023641e+21 
-1.0109110794e-35 
-5.5919897267e-33 
1.1729924859e-14 
2.6295134633e-20 
-8.2620138965e-26 
5.4178263040e+09 
-3.4060744269e-07 
-8.0595288086e+03 
-3.1392948177e-22 
1.0861985348e+18 
-3.9250192813e+14 
-6.0819361395e-33 
6.9386545000e+06 
-1.0764690401e+32 
-3.6253001056e+13 
4.8732404000e+07 
-9.3621261258e-17 
4.3807958443e-28 
9.9007107317e-02 
-1.5711425760e-07 
-3.1321096833e+38 
-3.3200525213e-03 
-6.2823816233e+13 
3.5416556784e-05 
-2.4270724469e+17 
-4.0793332000e+07 
-6.8951993221e+12 
-7.6220881056e-06 
5.8578379697e+31 
3.7087544346e-27 
-2.9970516008e-33 
-3.7846939836e-23 
-4.6184850365e+14 
3.0555370961e+19 
6.3697134060e-18 
4.9899305600e+08 
-2.2055526078e-01 
-3.0803894120e+22 
-2.3864312669e-30 
4.7888619224e+25 
-4.2241322863e-26 
9.7140585938e+03 
4.8415698534e-11 
5.2478553698e-06 
5.5025198265e-14 
-4.2723884584e-35 
4.7901686400e+08 
3.6493681299e-33 
6.8689608582e+22 
-4.8941658561e-27 
2.8961575360e-09 
9.5045365356e-08 
-2.1088565700e-03 
-2.2777557691e-16 
-9.9015687743e-23 
6.3868589989e-19 
4.9208395183e-02 
-4.0998292424e-24 
2.3177277299e+27 
1.9658312069e-26 
-3.5820433282e-25 
3.7439897070e+34 
2.1874516675e-17 
-1.4831241480e+16 
-4.6618869528e-03 
2.6402807407e-07 
-1.7207692164e-34 
-3.4069121396e-26 
-3.1031088750e+30 
-2.3714153401e+17 
-3.7375736000e+07 
2.1730706096e-01 
6.4757873658e+32 
-1.8714887556e-03 
3.1588159975e-20 
1.8260145703e-31 
2.3121285933e-38 
5.3582172852e+03 
-2.0327431482e+37 
-2.8633144238e+23 
-3.5709790625e+05 
2.3212860469e-05 
3.6603384818e-27 
4.7342385567e-10 
-2.3227287156e+14 
-1.0791498321e+16 
-1.4685924568e-26 
-3.0056366046e-28 
9.9844879031e-09 
-2.7750660818e-35 
-4.2284124594e-32 
3.3348940509e+24 
1.0180279564e-24 
-2.8231735172e-08 
-3.9903890191e+14 
4.4753038460e+15 
-2.2538692474e+01 
3.5274528524e+21 
1.2250388184e+03 
3.2207220459e+02 
1.0481158125e+06 
1.8623876499e+28 
1.7012632658e-23 
3.2061278632e-10 
2.4973097795e-15 
-8.8113256562e-34 
1.0717073403e-29 
9.8384997024e-39 
-2.0651300999e+37 
-4.4147740665e+14 
-1.4159198333e+23 
-2.1389739990e+02 
-1.7057632795e-04 
1.7176570880e+09 
-1.1935675461e+16 
6.9173309326e+01 
1.1818146094e+05 
4.1309141711e-17 
6.2415529174e-32 
-2.6169977322e+37 
4.2103191943e+18 
4.0029578940e-07 
2.0768186492e-34 
1.0260170840e+35 
2.4569789488e+23 
4.4261908491e-17 
1.3685581461e+29 
-7.6058254139e-10 
-7.2482267136e+10 
3.0249202251e-01 
-1.6417172480e+09 
-2.6863443924e+31 
7.1357649883e-33 
-5.3666475414e+35 
-1.9199655754e-10 
-3.9614984375e+05 
-1.2757843464e+27 
-6.5913691540e+34 
2.7085065085e-05 
1.4807046366e+37 
4.0426984111e+26 
-2.4443214098e+37 
-2.3035575872e+34 
-1.5893028237e-19 
-3.4183699172e-03 
9.9983744024e-26 
-5.0696772084e-31 
1.5609733215e-21 
-7.7530803680e+00 
7.0957175000e+05 
-3.0816872448e-28 
-3.9923891569e+12 
1.3178528229e-14 
-3.0909427200e+08 
3.2976462152e-35 
-6.9656651467e-03 
2.7402283874e+19 
-1.4689684640e+26 
-1.3105633081e+32 
1.6383054496e+38 
1.1856026572e-20 
-5.9736945476e-37 
4.0945252522e-07 
-7.8867916782e-20 
4.8024127859e+30 
-2.6488001126e-08 
-2.7409871041e-37 
1.1283271808e-33 
3.0738595263e-12 
-2.9867855360e+09 
2.9187551815e-18 
-9.0245024973e+11 
5.8209689513e-08 
-2.1133292188e+05 
3.2601329251e+30 
-5.8466695703e-31 
-5.4842948584e+26 
-4.1977490335e+14 
1.6445547301e-36 
-1.5079820636e-21 
1.0530013830e-16 
-2.5322744547e+19 
-2.3469931401e-35 
-4.6338156631e-35 
1.1208137585e-04 
1.4268054790e+27 
2.8888988495e+00 
5.7076401326e-22 
3.0902730375e-10 
-5.0014319420e+00 
-3.3945409199e+29 
8.9140448886e-39 
-5.5893795987e-20 
-7.3545830259e-20 
-2.6352913087e-35 
-1.6831551560e+37 
1.0272569903e+15 
-3.8151897570e-06 
-1.3059519644e-36 
5.0565722112e+10 
-1.0304258084e+26 
1.5995632981e-24 
-4.1013087050e+28 
-2.9562612534e+01 
2.7200752759e+23 
-4.3278534314e-23 
6.3998743867e-36 
-8.8987973601e-39 
5.9643112000e+07 
-2.6780762454e-22 
-4.9035545537e+25 
-1.7309584000e+08 
6.6416527641e+19 
-5.3893072267e-20 
1.3732161462e-21 
8.9450680320e+09 
-1.0382484800e+08 
-4.4017886901e-18 
3.8085713931e-25 
-3.4482831224e-18 
-1.0290823473e+34 
-1.5424410572e-37 
-3.4344272845e-27 
6.2007963511e+24 
-5.1711604215e+14 
3.0027145600e+08 
5.0532988030e-28 
-8.9029452115e+18 
1.0231799054e-30 
1.5635415185e-09 
-1.3287116678e+29 
-1.3184028646e+25 
1.0305401455e+34 
7.6184237141e-14 
2.8631020541e-06 
3.6620864239e+19 
-2.7467634000e+07 
-1.0557767899e-32 
3.0106178125e+05 
-1.8740260809e-38 
-7.9238810533e-32 
-1.1357186048e+10 
3.4813865803e-19 
3.9051776344e+21 
-1.1449737134e+37 
-3.7950446131e-04 
-7.6025895000e+06 
-9.7306460938e+04 
9.0967643140e-11 
3.0634543914e+33 
-4.0797346202e+11 
1.4803727946e+26 
2.9879431819e-21 
-4.0533239720e+23 
1.4323269318e+38 
5.4120378271e-24 
1.0759045312e+05 
-5.2034729004e+02 
-8.9586285400e+02 
2.4204799276e-10 
5.2790050000e+06 
-3.6462677002e+02 
7.4513861783e+17 
-1.4518682991e-37 
3.8621950083e-09 
2.5495569690e-30 
-2.8551176180e-12 
8.2795333886e+30 
-3.6763866970e+31 
-2.3615705813e+31 
-3.8442667213e+11 
-2.8461121284e-19 
8.8865998440e-17 
6.3983641784e+15 
-1.0595088728e+14 
-3.7013987585e+21 
9.6028740000e+06 
2.2690306970e-25 
8.5828440845e-33 
3.1037657883e-37 
1.2613174649e-18 
3.2472491622e+11 
4.9301637242e-38 
6.4622868526e-39 
7.1652567387e-01 
-3.1655430501e-14 
-1.0823239270e+11 
-5.5277888170e-34 
4.8213685518e+33 
3.1532549102e+28 
1.0154168812e+13 
-4.1150667943e-12 
-1.3680333427e-21 
1.6766374738e-24 
-2.3310090625e+05 
-2.3531743527e+36 
1.1323015915e-34 
-2.2716253625e-06 
1.0006801574e-33 
-3.7913023661e-21 
-1.2284200289e+23 
-1.2117652800e+08 
1.9796062590e-25 
1.4503559811e-11 
-3.7227036955e-05 
-4.7834298174e+25 
5.9413449493e-20 
-2.8760180000e+07 
1.2866830692e-15 
2.4660196900e-01 
-4.9714436506e+11 
-4.0139726848e+10 
4.0109106790e+12 
-3.4737292170e-31 
-5.8334283318e-31 
4.7668673098e-02 
-8.5234514138e-28 
-1.2219830182e-11 
5.4831717163e-02 
-1.0017603245e-06 
2.9735542739e-07 
-6.7648217880e-23 
1.4840822450e-37 
1.5708870649e-07 
-1.7650937378e-09 
-2.8613196300e-37 
2.8677469746e+24 
4.2300173950e+02 
9.0756242799e-11 
1.4595482661e+34 
-1.6859240131e-03 
3.5031032284e-39 
3.6267115520e+09 
-1.5571216608e-21 
8.6126916504e+02 
-2.0684350282e-02 
2.1990453383e-15 
6.2183147862e+21 
9.3526802540e+24 
3.5831538631e+37 
-1.4273800192e+10 
1.0360664150e-12 
5.9645658638e-13 
-2.5697383161e-17 
4.0436908805e+24 
-2.1351770251e-25 
-7.8890985107e+02 
2.8725907500e+06 
-8.6380154716e+12 
-3.7176688811e-11 
-3.1173115234e+04 
1.6296457052e+00 
1.8744214873e-26 
8.0803329305e-11 
-1.4483377190e-15 
-1.0202175578e-14 
-8.0561717859e-24 
1.9541359850e-11 
-5.7457655300e-10 
-3.4226711277e+31 
5.0258041382e+01 
8.3432726308e+37 
-1.6985681920e+10 
9.1261303711e+02 
6.9217276573e-01 
-1.4296774263e-36 
-1.1004664659e-21 
1.6673387011e-28 
3.8088567620e-28 
1.1638097838e+12 
5.5879230050e+36 
-1.8841115525e-04 
4.0255771484e+03 
2.1664208165e-27 
3.3534870000e+06 
-3.1627031066e+16 
3.1383465945e+19 
1.2741030792e+19 
1.3296193037e+35 
-4.5958170602e-09 
2.1940604435e-16 
3.4122200543e-23 
5.9976893464e-24 
-9.4287734232e-29 
-4.9654409179e-22 
2.9158138204e-03 
-9.4874215871e+32 
-6.8878566708e-06 
4.5042743307e+31 
1.4201962488e-20 
1.4075426691e-07 
-1.6953655493e-11 
2.6359930000e+07 
6.6450573504e-02 
1.4515474858e-38 
-1.4579440865e-27 
-7.3425991960e+25 
-8.2191660000e+06 
-3.4672988256e-26 
1.2676608276e+02 
-6.8697165622e+21 
4.6300197563e+17 
1.5685916116e+20 
9.6328933445e-38 
-5.8721185873e-15 
-1.6670838564e+38 
2.9825974464e-19 
-7.8461675782e-21 
5.9008286335e-03 
1.1322872422e-34 
3.6497032642e+00 
-3.6951543808e+10 
-1.0857846260e+01 
1.1049669867e-16 
-6.7255170162e+27 
1.6638475156e+19 
-6.9000333682e+28 
3.0391664869e-34 
9.4395560715e+27 
8.3898220000e+06 
-5.6255788803e+00 
9.1082867584e-05 
-2.5134473412e+20 
-7.7112572977e+16 
8.7004262114e+25 
-1.1656391571e+33 
-2.6059130000e+07 
-1.8991129347e-28 
-4.6547640115e-02 
1.1761116489e+37 
8.6740456000e+07 
5.0097256899e-01 
-2.1728760317e+23 
1.0887007229e-03 
-4.1511773673e+28 
-2.5380890625e+05 
1.2050146263e+12 
1.6684244062e-22 
1.3548356881e-10 
3.6415526480e-23 
2.7759678237e-11 
-7.4723466763e+25 
-4.7202228243e+36 
-1.3146435022e+00 
7.6900372314e+02 
1.2027476477e+33 
1.0244998125e+06 
-1.4581514381e+23 
1.7180766358e-12 
-3.9742937638e+29 
-7.8156022260e+34 
-5.6766476288e+10 
-7.3856639134e+30 
6.6600023685e-24 
7.5861509120e+09 
1.6237331914e-14 
-3.8359575104e+34 
-3.8465482462e+18 
2.2491463492e+36 
-1.6810878378e-06 
3.1852005145e-21 
7.9127565379e+31 
-1.3613550565e-10 
1.4395581000e+07 
-7.1483476562e+04 
1.1696765572e-01 
-4.3487389972e-22 
-2.3757480988e+25 
7.7913245529e-28 
-5.9664534540e+22 
-5.4371762391e-32 
-9.6057528598e-10 
2.5247666749e+16 
1.5535416920e-12 
-1.1861703304e-25 
-4.3826691143e+24 
3.2109257152e+30 
4.6663250205e-17 
-1.1419044582e+16 
-9.3068315076e-27 
-4.8282409028e+20 
-1.1669331530e+20 
5.2045064042e+18 
-3.9273081456e-20 
-2.7410051786e+17 
4.1856389515e-18 
-4.3404128151e-15 
1.0578193065e+16 
4.1270361351e-08 
-1.0883480253e-36 
-1.0302719405e-25 
2.8046970000e+07 
2.6270254415e-37 
2.4759495885e+11 
-3.9589198483e-14 
2.5800312000e+07 
6.5297709007e+13 
1.5136433594e+04 
5.7925523102e-13 
-9.9711357749e-25 
-1.2250142740e-11 
-1.6521540601e-05 
6.8068196382e-24 
-4.9593557377e-17 
-1.3141196018e-35 
1.0735426320e+36 
5.2677628446e-06 
-2.3309921387e+19 
7.2690216064e+02 
6.1488618275e+13 
3.4396735209e+30 
4.0714789975e-06 
-1.0564237599e+18 
4.6497894815e-15 
4.4345814132e-08 
-3.9023529984e+10 
7.0901964929e-22 
1.4194535751e-37 
5.5618781104e-25 
-2.3813091684e-03 
-5.5005466007e-23 
-4.6543379995e-07 
7.9951529847e-20 
-2.6317150735e+26 
-4.9729410015e+23 
-5.3197844480e+09 
5.2174917164e-11 
1.1380593852e-19 
7.4904529990e+29 
-3.6640522758e+23 
-3.3208529931e-04 
1.1392618055e+21 
3.4411888740e-15 
-6.1949839093e-17 
3.2129446481e-05 
1.6495988945e+33 
-3.5814867500e+06 
6.5392093182e-27 
7.6288136041e-33 
6.2526113805e-32 
-2.7642742717e-30 
-4.9154218308e-33 
-9.8505041947e+28 
8.0260547385e+29 
-2.5651638476e-29 
-1.6123323000e+07 
1.9201847839e+02 
4.0974140180e-17 
1.4063103804e+20 
-1.1242991780e+12 
-7.3273073356e+20 
1.2856620015e-04 
-1.1979063076e+20 
-4.9360448122e-01 
-1.3876219925e-29 
-2.0511056391e-06 
2.6691473567e+37 
-2.0137679158e+18 
-8.4964696413e-32 
4.2169229282e+25 
1.7605504070e+28 
-1.2862893290e-22 
-9.8894821741e+15 
-3.3625769242e-26 
2.9816284774e+12 
3.5137716423e-34 
1.5598681466e-33 
7.0964638248e+17 
1.4907738068e+26 
1.3563450338e-37 
4.5607723605e-27 
-3.1817513957e-08 
5.2676490784e+01 
-1.0468661289e+24 
2.9431158866e+35 
-2.6828720555e+20 
3.6944003302e+28 
-1.6895369273e-24 
-7.7847538705e-39 
1.0223810758e-16 
-3.9635966560e-15 
3.4820005830e-32 
6.3583264768e+10 
6.2112409878e+29 
-3.3089105000e+06 
1.3931050944e-06 
2.0023624599e-01 
-2.9758642846e+20 
1.6497350361e-11 
3.9083087444e+00 
2.0585316356e+21 
1.7912339905e+21 
6.7305712115e-09 
8.1456689267e-13 
-4.5446907036e+13 
-7.5722733640e-25 
8.3925893120e+11 
1.6145799339e+29 
4.9013275129e-36 
5.9800574215e-11 
1.1305376142e-01 
3.4924152119e+27 
-2.4420970999e+30 
1.5614953750e+06 
-1.0325669911e+25 
-1.6856888413e-28 
8.0646690936e-27 
-3.4536160332e-25 
2.2150599923e+15 
-1.3722308800e+08 
-5.4193786696e-17 
5.2654552552e-36 
4.5070322447e-32 
-9.0685277613e+24 
8.4717175923e-04 
2.7225220494e-17 
-2.0143913269e+01 
1.8577449024e-02 
4.3973103527e+23 
-9.8084468950e-27 
-4.0423762990e-34 
8.5029283897e+20 
-1.1410071665e-15 
-7.9666432902e+34 
1.0354506830e-14 
1.1930569600e+08 
6.1170554161e-01 
-1.7915526026e+19 
7.2908587552e+34 
-2.7471548352e-36 
-3.5148796002e+13 
1.0651854025e+20 
5.5760309453e+11 
1.7897100276e+25 
6.7565365488e-37 
2.3185833697e-07 
-9.1595400647e-16 
-6.0545694235e-37 
2.6089850000e+07 
-4.3184946106e-27 
-1.3255936067e-25 
2.5383349005e-17 
-7.0873382702e+14 
4.6866766254e-38 
3.4101008583e+36 
-6.9970088749e+18 
-6.7169406976e+10 
1.6888973598e-18 
-1.4434493000e+07 
-6.2370247111e-34 
9.1391000602e-32 
-5.5590181034e+32 
-1.3620408282e+25 
-1.4854012407e-32 
3.6246820026e-14 
3.0918166641e-24 
6.0113161316e+33 
-2.2612568811e-27 
-1.8587794722e+34 
-1.6564605713e+03 
-9.0482600525e-15 
2.0355734875e-08 
-9.6997189052e-28 
3.2114758142e-06 
-1.7862127547e-29 
-1.7702721263e-26 
-1.0363378014e-31 
3.0306824691e+15 
-5.7881737597e-12 
1.2033590771e-33 
-4.7094789506e+34 
4.9688382578e-23 
-6.5884377088e+10 
1.3053155061e-32 
1.6143261194e+00 
3.7658167003e-06 
7.1491699581e+27 
3.0262394000e+07 
1.5456767244e-07 
-4.1797093404e+18 
6.3992008567e-02 
-4.8142232183e-19 
-6.8720570900e-11 
-1.0306712705e-26 
4.8639514697e-24 
4.0851726336e+10 
4.9038470459e+02 
-2.1961913601e-28 
9.8880065918e+02 
9.6788478259e+27 
7.7416095557e-23 
-5.2408206463e-01 
5.2808477396e+21 
-1.7242664158e+30 
-5.1679344694e+31 
5.8556770419e+13 
5.9876200976e-04 
-3.0897593762e+23 
-1.2586941109e+18 
-5.5282047944e+28 
1.0487663689e-11 
1.5365918263e+22 
-7.8632375000e+05 
-5.9032564325e-22 
2.6254747338e+22 
2.5213183973e-30 
-1.5962944558e-24 
1.2220244100e+31 
-9.2279075621e-22 
3.1516280633e-35 
8.7016376973e-25 
-1.2264400556e-32 
8.7582983949e+37 
-6.8427185000e+06 
-1.1453014231e-10 
1.3264011223e-08 
7.4616017246e+27 
3.5839166044e-33 
6.9533045026e-35 
-3.6027943324e-13 
4.6611398946e+26 
1.4477197662e+16 
-1.8714070830e+25 
-2.5974616567e-26 
1.8734257901e-03 
2.9078232500e+06 
-1.5573933824e-21 
2.2595773257e-28 
5.8401731076e-04 
1.8632114339e-29 
-2.0803886391e-10 
3.2771562932e+38 
-4.7712464589e-26 
5.7835828096e+23 
-9.8039896693e-04 
-1.1996872278e+33 
-4.8996000329e+25 
2.7926137847e-08 
1.9853487827e-21 
-1.1828142388e-29 
1.5992657865e-08 
-2.1743605676e+29 
-2.0409039264e+32 
4.8271102454e-23 
-4.2146072892e-29 
2.3695524415e+32 
6.9054194082e-29 
1.0711495416e-26 
-3.8203010980e+24 
9.3993653647e+31 
1.7125514712e+29 
1.0091053375e+36 
-3.2293498516e-01 
-8.4505175000e+05 
-4.2579395239e+16 
-5.9864744544e-02 
-5.1702382068e+21 
2.6174747491e+36 
3.7314903273e-37 
-1.0032952207e+18 
1.3393670721e-11 
7.4665834563e-24 
2.2206034959e+32 
1.0411842570e-19 
-5.0811430207e+16 
2.3617907049e+16 
-2.3202353971e+11 
1.1816005859e+03 
-3.1304652155e+24 
-1.0110515073e-32 
-3.2373557586e+15 
-1.2761406546e+16 
2.2580216500e-24 
-1.2232345312e+05 
3.4450404314e+27 
9.1863939655e+20 
5.2876520453e+20 
-3.4502539240e+27 
-2.7987603206e+37 
-3.2287444480e+09 
-8.1237028703e+37 
-5.5852130754e-04 
8.3175862555e+28 
1.1345313978e-17 
2.7349338431e+20 
-2.0328240163e-14 
1.7705215523e-19 
1.2463252119e-07 
-1.9616531790e-04 
3.1744450713e-23 
1.0721537598e+16 
4.9329543320e-30 
-3.0551429521e+16 
-2.3606618505e-13 
5.8387611641e-29 
3.5379323169e-12 
-1.0278162480e-15 
9.8043322754e+02 
-3.3148332169e-12 
1.3951837540e+01 
1.6514392520e+18 
1.5333473682e+00 
4.1431185428e+24 
-2.4553549206e-30 
-3.2024380069e+19 
-1.3370125517e+11 
-4.9329582026e+26 
-3.5287179738e-28 
1.1879947520e+09 
-6.8954877005e-16 
7.7244734773e-22 
4.9068774217e-12 
-6.7534033203e+03 
-1.1779102342e-36 
-1.6925159620e-29 
3.4696958044e-29 
1.9154038000e+07 
            nan 
3.3605249233e-33 
-4.1856538086e+03 
-4.2880062879e+18 
1.5151974367e-05 
-1.3305995000e+06 
-6.5685478400e+08 
-4.1755651855e+02 
-5.9420381419e+29 
-2.5663429530e+36 
-1.2096119118e+18 
5.3702116714e+17 
-3.5376467223e-31 
1.2397286393e-37 
1.0172559506e+37 
6.8537234176e-17 
7.7880387500e+05 
-3.4649407959e+02 
1.9254160579e-03 
9.5001382400e+08 
3.1925858786e-18 
-2.4567713187e-27 
            nan 
4.4774449152e+10 
6.5261735307e+28 
-6.8637062213e-05 
-1.0620414279e-02 
8.7085841807e+37 
-1.0697809280e+09 
1.5340520767e-03 
8.0821257227e-27 
5.6661441749e+28 
1.3786062581e+26 
-8.6219916910e+15 
-1.6677656957e+22 
-1.3398215492e+13 
6.9314310848e+36 
-3.6704311250e-26 
4.7182305280e+09 
2.0802132971e+28 
1.3511428224e+36 
-1.8322794344e-34 
