2.3509887016e-38 
0.0000000000e+00 
0.0000000000e+00 
0.0000000000e+00 
0.0000000000e+00 
0.0000000000e+00 
0.0000000000e+00 
3.5873240687e-43 
0.0000000000e+00 
0.0000000000e+00 
0.0000000000e+00 
0.0000000000e+00 
0.0000000000e+00 
0.0000000000e+00 
0.0000000000e+00 
0.0000000000e+00 
0.0000000000e+00 
0.0000000000e+00 
0.0000000000e+00 
0.0000000000e+00 
0.0000000000e+00 
0.0000000000e+00 
0.0000000000e+00 
0.0000000000e+00 
0.0000000000e+00 
0.0000000000e+00 
0.0000000000e+00 
0.0000000000e+00 
-4.4236203410e-34 
7.1746481373e-42 
0.0000000000e+00 
0.0000000000e+00 
0.0000000000e+00 
0.0000000000e+00 
0.0000000000e+00 
0.0000000000e+00 
0.0000000000e+00 
0.0000000000e+00 
0.0000000000e+00 
0.0000000000e+00 
0.0000000000e+00 
0.0000000000e+00 
0.0000000000e+00 
0.0000000000e+00 
0.0000000000e+00 
0.0000000000e+00 
0.0000000000e+00 
0.0000000000e+00 
0.0000000000e+00 
0.0000000000e+00 
0.0000000000e+00 
0.0000000000e+00 
0.0000000000e+00 
0.0000000000e+00 
0.0000000000e+00 
0.0000000000e+00 
0.0000000000e+00 
0.0000000000e+00 
0.0000000000e+00 
0.0000000000e+00 
-5.8177415793e-13 
-3.9117457123e+18 
-1.1289186012e+25 
4.8813645496e+13 
-6.7153882548e-21 
2.4278698505e+14 
-7.9712108639e-35 
7.1054824147e-15 
4.1991919579e+33 
-9.9360507812e+04 
-3.8206184634e+18 
3.7608493056e+10 
6.5426486593e-24 
-1.1908591725e-02 
5.3642584229e+02 
1.8419188913e-31 
1.0970192316e+32 
-1.3514153252e+17 
-7.5299302689e-25 
3.8825090933e+30 
1.7191041212e+31 
-4.3727111816e+00 
-1.0808532803e-35 
-4.6790682852e+25 
1.8705337549e+12 
-7.4548788456e+27 
1.4244133052e+26 
3.2912145231e-12 
-8.9595169229e-36 
-1.3546885325e+23 
2.9095457661e-20 
1.2001266054e+14 
-2.6767836839e+35 
4.7100561298e-14 
7.2100160000e+06 
4.0836424353e+26 
-4.2266549553e-35 
-2.1489427466e-14 
8.7185095967e-16 
1.7620519352e-15 
2.5248155000e+06 
-1.4278140800e+08 
3.0614568995e-32 
4.6409260983e-12 
5.8160666055e-15 
-3.8167816098e+30 
1.1733281077e-22 
-7.5642527810e+14 
-1.7070175719e+15 
5.5890833000e-23 
-1.3513291572e+32 
-5.6037640902e+15 
-7.7423160852e+12 
3.9134316657e-24 
4.1427467256e+23 
1.0628987702e+19 
-1.9722421875e+03 
4.4172060918e+12 
-3.0664715212e-10 
-9.3204879761e-01 
-3.5323137373e-16 
-6.2470080000e+06 
-5.3233703715e+13 
-8.1130489707e-04 
-1.8439516425e-03 
1.7305763265e+17 
            nan 
5.1347800000e+05 
1.2858762943e-09 
1.4466562592e-30 
-2.6567896649e+34 
3.6465712535e+34 
3.2870195200e+08 
-3.7944196125e-16 
-2.4781776953e+34 
2.3263937740e-20 
2.9051783201e-10 
-1.8696171875e+03 
-8.0530386911e-17 
-4.5704347305e+28 
4.3135491652e-16 
4.7789785284e-26 
-1.6466837504e+13 
-2.4207638271e+15 
-2.9153289795e+00 
-1.1651583390e-19 
-1.3418643011e-17 
5.1836431711e+21 
1.1795859375e+03 
-6.1027750000e+04 
-5.2251562010e-06 
3.1342204282e-18 
7.3527451605e-05 
-2.1813183594e+02 
-1.2077944439e-15 
-1.7701581098e-19 
8.0301492188e+04 
3.9632982508e+12 
1.0614189615e+17 
1.6881821677e-02 
6.3695212933e-19 
-3.9378329138e+25 
-7.3120843518e-37 
-1.5315127984e-31 
3.8239254761e+02 
-2.8878903809e+03 
-4.0876275200e+09 
3.3979396260e+12 
-7.8196813769e-34 
2.6425800000e+05 
2.0886055056e-35 
-1.2089603929e-30 
4.3807861328e+01 
1.1381997055e+34 
1.4452064256e+10 
-3.8444933111e+25 
1.2773095703e+02 
3.8302687244e-08 
-5.3553828039e-11 
-6.8343536290e-22 
5.0431679300e-30 
1.5015842747e-18 
5.3839656293e+36 
-2.5743279157e+19 
-2.9785108443e-30 
-2.8419579283e+28 
4.9836899624e-38 
-7.1328320000e+06 
-7.3807282899e+36 
2.3998968627e+12 
1.1361932755e-01 
6.8589678750e-16 
1.5069989701e-10 
-2.0115794015e-34 
-3.1062526534e+38 
            nan 
-1.9611713193e-23 
-4.7154724864e+10 
5.6029205792e+34 
-9.1462500000e+04 
-5.8388707203e-09 
1.2046546972e-26 
-2.4918557432e-37 
2.0899400504e+37 
2.6150631140e-14 
-1.0567604557e-19 
4.5804520575e-23 
7.6460836277e-27 
-5.5974919755e-28 
-7.2929622708e-23 
2.6817306904e+34 
2.7406617786e-38 
3.5437822342e-02 
-4.2109955527e-21 
-1.6023293138e-03 
5.1366241122e-11 
1.5865000619e+36 
6.8358798557e-28 
6.7471053626e-05 
1.4002080130e+29 
-2.3130793743e-38 
-9.5588955545e+36 
2.5465291334e-11 
-6.1062044310e-09 
-6.9071669750e+28 
3.1377382470e-07 
-1.8234443955e-09 
2.9418388883e-32 
2.0444636264e-34 
-5.8041109769e-38 
-8.7509362407e+31 
2.0644989014e+00 
4.0257623032e-25 
-3.1067977365e-18 
8.9603598356e+26 
3.2080476333e+38 
5.3350195200e+08 
-8.7721591753e+30 
-3.7322174537e+19 
-5.9727286988e-22 
1.3792358400e+08 
2.0604161145e-16 
-3.0578141014e+35 
-1.0143256720e-28 
2.9131388779e+15 
-2.3251116441e-20 
3.1416403631e+30 
-4.7923242188e+02 
2.7596201073e-18 
1.3838032345e-31 
-4.7621995236e-09 
2.4748651175e-31 
-1.1862692525e+19 
-1.2780654442e+16 
1.9241449264e+21 
-2.3480399363e+24 
7.0420763828e+33 
9.1627947937e-35 
2.0739191064e-23 
8.5976127017e-33 
-1.2953289277e+22 
-5.9464655351e-06 
5.7533260060e+20 
9.3975149783e-31 
-5.4820154326e-20 
-3.3374961594e-16 
-9.1581235200e+08 
1.8966912173e-22 
9.4613875534e+33 
-1.7098211002e-21 
4.6579186474e+29 
-3.4771190242e+24 
-7.5876502864e+13 
1.0912841955e-27 
4.2208990288e-38 
-4.1238474857e-09 
-8.0684179693e-07 
7.1888726393e+14 
1.2052048787e-33 
-3.2204203975e+36 
1.5259043644e-29 
1.6211685547e+04 
6.8938709795e-02 
-5.1619988208e+35 
-9.5211802886e-08 
4.0500361953e+12 
-8.2638880175e+21 
1.1415785551e+00 
-2.4769990216e+33 
-1.1764581600e+08 
1.1638541299e-35 
9.1507177085e-36 
-1.5790444146e-23 
-3.6459224701e+01 
-1.1116127574e-08 
1.7657022027e-29 
-7.2896780406e-19 
5.3346433174e-14 
-1.1434470569e+20 
-5.6299062153e-36 
6.5502154420e+21 
-1.4427713754e-25 
-2.9533007812e+02 
7.3767636155e-19 
8.9777111040e+09 
-4.8126426026e+37 
-2.5240146690e+30 
-1.8465402953e-16 
4.0330860563e+20 
7.2854705593e+30 
3.5716844837e-35 
3.6610688439e-14 
2.4496173859e-01 
-7.3457195536e+31 
3.2766741709e+12 
1.0637006924e+21 
7.2591007943e-31 
-2.0544797593e-26 
4.7530790614e-19 
-1.7628468130e-12 
-4.1149431555e+31 
-2.2274532134e+21 
1.0446142215e-11 
6.5331966417e+31 
1.6490409290e+38 
-3.2120845795e+01 
-9.1526429306e-32 
-6.9718653633e+16 
-7.9916879263e+14 
-2.0765185365e+30 
1.0311728368e+36 
-1.0716613507e-34 
-8.8338487103e-07 
-5.8659639100e+37 
-4.6201171241e+14 
-9.3422793750e+05 
-2.2580106258e+00 
-7.9350793750e+05 
2.5977105613e+11 
-8.7827038205e+21 
-9.5638622423e-19 
1.4317280147e-05 
4.4600282579e+13 
-1.3105430528e+10 
6.0720840848e-38 
1.3675455995e-25 
7.3487680000e+06 
-1.5007100534e-24 
1.0070580174e-06 
2.7602497609e+33 
-1.6346447866e-38 
-7.5528812378e-35 
3.4265664872e-03 
-2.4002069651e-23 
-9.2335334280e+14 
6.8220760883e+11 
-2.2626882743e-29 
-2.4488924578e-34 
1.5235701589e-11 
5.9685750000e+04 
8.1955790520e-03 
1.3893946573e+11 
6.4270628196e+32 
-1.1631191734e-17 
-2.4285491200e+08 
-2.3444741964e-03 
-2.0672130585e-01 
2.1674041748e+00 
-2.0747398936e+23 
-3.1018289852e+31 
4.8468979315e+29 
3.1571868385e+12 
-5.7513875932e-16 
-1.8163137661e-11 
-3.6608600000e+05 
-1.0851621420e+15 
-9.8537654610e+27 
-9.2676171875e+02 
1.9406565061e+27 
-7.3481723666e-04 
1.5523789029e-21 
-3.5521111779e+28 
1.3533888000e+07 
-1.3234279639e-32 
-2.5259875000e+04 
-3.5962883497e+29 
-3.8369894028e-02 
1.6740019422e+33 
1.8646866210e-14 
-3.3533416387e-13 
6.1583871336e-09 
9.0202725101e-31 
1.0214134231e+23 
2.5310197480e+23 
4.0431249887e-02 
1.4342068703e-23 
4.0428601353e-38 
3.8436152749e-07 
1.1556564500e+12 
-3.5068555269e+22 
-2.4456489280e+22 
2.1962984260e+13 
2.2216165482e+21 
5.8773811764e+27 
2.8345623922e-31 
7.1448033014e+36 
6.7217420249e-28 
-1.0587135330e-04 
-6.8617460736e+25 
2.4443967875e+33 
-7.1139332625e-17 
3.3064174662e+23 
-1.2265826519e-30 
-1.9025954894e+37 
-8.1000981393e+25 
1.0743406403e-38 
6.2459756433e+37 
6.0501854193e-08 
-7.1746702830e+16 
3.0676162623e-06 
5.4831150658e-19 
-9.9784105457e+15 
1.8139415658e-07 
-1.8699394605e+21 
-1.1693140376e+17 
-7.1034453172e-22 
-1.7157389312e+10 
9.9850011589e+29 
-2.3263278456e-11 
9.9080808404e-32 
6.2266646991e+32 
1.2527264404e+03 
-2.5807287151e-26 
3.0327516621e-14 
            nan 
1.6257917400e-24 
3.6485833799e-10 
-9.4473603068e-38 
-2.7685269234e-16 
2.1275502883e-22 
5.9811976812e+27 
-2.2580269252e-11 
-4.0652366564e-25 
-8.3608133750e-09 
3.8630164395e+28 
5.9669625771e+36 
2.8239442183e+16 
-1.9938338435e+31 
-9.7895748100e-34 
8.3631552408e-15 
-2.6206174850e+01 
1.7691805789e+30 
-3.5669896007e-01 
-1.2382780198e-24 
-1.7006158750e+06 
-9.7547184851e-05 
-7.6888152545e+33 
-1.8548350000e+07 
-1.9064958000e+07 
4.4714212279e+23 
5.9290225618e-03 
-2.2163360211e-25 
-2.1738772528e+17 
7.4841587267e+30 
3.8787759625e-14 
-2.8683410212e-16 
-2.2169226781e-02 
-7.8732404774e+18 
7.1861484375e+04 
-1.6626091357e+19 
-4.8344169118e-24 
2.6649597035e+31 
-2.0221337618e+29 
4.8401151378e-16 
-8.9470734820e-03 
-2.9981121538e-32 
4.0199574902e+34 
-7.2875518526e-05 
3.2341627630e-31 
-2.2212091168e+25 
7.9701103326e+21 
1.9854858859e-15 
-1.0016401575e-07 
-7.2198963200e+08 
-6.2897605607e-27 
3.7601646693e-26 
-1.2579398184e+20 
-2.5897170417e-05 
-1.8494555237e+17 
-4.5281591613e+26 
9.7101077746e-19 
1.1663914279e-09 
2.2314159350e+30 
-9.2051131597e+11 
-5.7689194495e+23 
-1.7004892216e+15 
-6.9456481727e-32 
-7.8358278364e-38 
-2.5772640000e+06 
2.5798605253e-19 
-5.5130533363e+19 
-2.9048745362e+18 
9.7215110411e+35 
-1.6827050651e-17 
2.5075523288e+35 
-3.4073073696e+18 
-9.6024683125e-22 
4.3849464657e-20 
-3.3614899558e-18 
-5.0172746094e+04 
-7.1350474140e-11 
-1.9491508294e-36 
-2.2849566906e+30 
-1.0803488849e+28 
5.8488783163e+21 
4.4218900257e-06 
1.4134706807e-28 
2.3017676234e-26 
6.8911062057e+12 
7.2048847908e-33 
6.3096583330e-30 
2.5568279938e-08 
-8.8098363997e-23 
2.2600882689e-29 
-1.0461281582e-37 
1.2527964567e+27 
-8.5063511134e-39 
8.4554550446e-16 
4.4088873522e+17 
7.6955691565e+17 
-1.6732015403e+30 
-4.6209894106e-25 
4.7234041122e+23 
2.2674461114e+24 
8.3721646401e-34 
6.9566894531e+01 
3.9768844815e-25 
7.2290331182e-35 
-5.7585352357e-33 
-1.3564438557e-17 
3.9130398720e+09 
-6.5761561759e+21 
-2.3515238400e+08 
-9.1901016235e-01 
3.2801337382e+22 
-1.2971170804e-09 
-5.7428638756e-36 
-9.7967117181e+28 
-4.6004585921e+26 
9.6046017453e+20 
5.9050240000e+07 
2.3594847007e+30 
1.7425251916e+35 
-1.5331424067e+21 
-2.0986952966e+24 
6.2038844086e+18 
-2.0532517067e+35 
-8.1135601841e+17 
-2.1744026911e+12 
1.2232977376e-29 
1.0571656090e+23 
-9.5144799896e+13 
-2.0440531269e+37 
-1.1582224942e-22 
-3.3028222000e+07 
1.2449783480e+12 
3.7005199324e+25 
5.3776938012e+37 
5.9813231175e-22 
-8.9294734423e-18 
1.8963434366e+38 
-2.9075803757e+01 
-5.3364283356e+35 
1.1738101588e-26 
-2.4367614400e+08 
1.5864882741e-08 
1.3914373766e+17 
6.1147839842e+27 
-1.4281534000e+07 
-6.0093187500e+05 
-1.1540569521e+23 
6.9974334315e-37 
-4.2814482003e-02 
-2.5567500441e-21 
9.3426260712e-27 
3.9797498920e-16 
-5.4542951915e-14 
4.8453545484e-20 
-3.6516657469e+28 
-2.1052777756e+32 
6.8155228934e-17 
9.3219199471e-07 
8.3182233846e+13 
7.6759702339e+32 
-1.2786262559e-33 
1.1897412332e-04 
-3.3575901827e+33 
-1.4356678128e+14 
1.1975948350e+24 
2.2102398000e+07 
3.3536403956e-15 
-2.8647301719e-02 
-1.8574445367e-12 
-6.0714951360e-06 
1.2352257786e+13 
2.9797744272e-09 
-6.1966453035e-36 
-2.1960930496e-07 
-2.3615168035e-01 
-1.6390131414e-01 
1.1032352973e+15 
1.8583868549e+22 
2.0099840631e-21 
1.9884353224e-13 
2.3754302433e+29 
1.0838867149e+11 
1.5115654914e+35 
1.2135948196e-15 
-3.8594437034e+19 
-3.5432133820e+13 
9.0149596357e+34 
1.9612516844e-17 
3.7422341309e+03 
7.0979745017e+24 
5.0624916480e+09 
-3.8446127120e+13 
1.0054479032e-37 
1.2042148737e-03 
6.7893330986e-38 
1.6991728451e+19 
8.8469921792e+10 
-3.5909548668e-09 
6.0752820552e-09 
1.6984161649e+12 
-7.5034418842e-04 
-3.5573575497e+00 
-2.3862237500e+06 
2.0393668037e-13 
4.1718708676e-26 
-1.9546042532e+12 
4.9169309617e+34 
1.0837863739e+37 
-2.0964636425e+32 
-8.8168923412e-17 
-1.0557889193e-01 
2.5829489136e+02 
-8.3528034389e-02 
3.7185607653e-05 
5.1208954481e+34 
7.6928445281e+24 
3.5876846576e+25 
4.8611804456e+28 
2.2742314453e+32 
-7.7854504633e+35 
-4.8943550840e-22 
-1.5253350649e+20 
-7.1926238475e+30 
-2.0912628575e-33 
-1.3633269513e-10 
1.7456692199e+13 
5.4972949309e-26 
-2.9196856543e-02 
-2.1211038143e+36 
2.8360007331e-02 
9.6051353407e+14 
-8.9331303891e+24 
5.5916675782e-27 
2.6390495792e+38 
-7.0055600210e-10 
-1.6772977309e+24 
1.7537701632e-23 
1.0958684701e+28 
-2.1495978714e+18 
-5.7325839240e-28 
-2.5695226740e-20 
5.8859593750e+05 
-8.2684408000e+07 
5.6789523607e+36 
-7.9769906824e+15 
1.2811385600e+09 
-1.9616962273e-23 
4.9081246094e+04 
2.9445277500e+06 
1.8214942720e+10 
2.8007377034e+38 
-1.2094033915e-38 
-9.6862973807e-18 
-7.2048278386e-16 
-3.4290054671e+16 
-1.1379530488e+31 
8.4646258915e-14 
1.4827071663e-30 
-6.1619057617e+03 
2.1604755778e+38 
1.0580347407e-05 
6.4242641920e+09 
-3.1868528230e+11 
1.2761242031e+32 
1.1818312407e+00 
1.2305510400e+11 
3.8640681577e+34 
1.7105781242e-14 
-3.2150481121e-39 
8.8159807608e-32 
-3.1369020339e+26 
1.5483696767e-24 
-2.3523636627e-33 
-7.5727323682e-38 
1.2744765771e-33 
4.4155591205e-29 
1.2266138897e-13 
-9.6325250342e-03 
-1.5792839216e-20 
-5.5871587500e+05 
-1.6968871094e+04 
3.7047889352e-18 
-2.7795647365e+12 
5.1331720397e+15 
3.3820580884e-12 
4.0326716309e+03 
-2.9737782235e-24 
6.6406952931e-17 
-3.4845336558e-31 
1.7132916836e+22 
2.7891207613e-14 
1.8786611314e+27 
-1.3567315590e-35 
3.7929070480e-21 
7.8548295680e+10 
-1.6164398750e+06 
4.0458199204e+31 
-2.7901505655e+23 
-1.7916792631e+00 
6.2200043496e+33 
8.1974954602e-10 
1.3872237581e-08 
5.8421696154e-35 
-1.9018917432e-30 
-5.3013742926e-21 
-1.9952246653e-38 
2.4192728983e-12 
4.1670460820e-16 
8.3734383807e-03 
4.2440510717e-30 
7.5739930216e-23 
-9.2199593750e+05 
8.1733008640e-37 
-1.6863375861e+19 
2.8502146199e-37 
-3.8692190016e-32 
-4.2705802917e+01 
-1.6536039766e-03 
3.9764677886e+13 
-9.3687355265e-33 
-4.4964270336e+36 
8.1855668653e-25 
1.6023111598e+13 
-4.5839060325e-10 
4.4809713331e-23 
-2.5066118477e-33 
1.1236645557e+20 
2.1025878758e+35 
4.2201408000e+09 
1.0569843842e+24 
-1.1065732956e+01 
-8.8611013569e+21 
5.0658278790e+21 
5.7052510831e-22 
3.8813793750e+05 
-3.5664194560e+09 
-2.1231874077e+26 
1.7558702439e-06 
-2.5092036088e-11 
-2.5788916805e+31 
-6.5393047876e-17 
2.6840688162e+29 
-1.5087326582e-31 
-1.9139421638e-03 
-5.5506464259e-27 
-1.1378637500e+06 
5.6863062084e-02 
4.2583787045e+13 
3.0715675337e-08 
-1.5481484588e-03 
-3.4547435313e+34 
5.5269156234e-18 
2.7816782376e-35 
-1.6236157745e+25 
1.6865499812e-21 
-2.0936678169e-08 
2.7444001287e-02 
1.2667568022e+19 
-1.1209789884e-25 
-7.6278009857e+26 
-1.4345625859e-18 
-2.8268156000e+07 
1.8265839666e-02 
-2.3500121094e+04 
-1.8058280119e-20 
3.9300242188e+04 
-1.2765507680e+20 
1.3543775082e+00 
-3.1218987012e+32 
8.6549743564e+25 
-8.2433191256e-26 
7.9505378562e-31 
5.3133184814e+02 
-4.9318238281e+04 
-5.0938028498e-21 
-2.2975126968e+18 
-7.5333448499e+11 
-2.1002799988e+01 
-1.4949834530e+37 
1.1280347656e+05 
-9.6319180727e-01 
-4.0184923478e-07 
-1.1926655961e-29 
6.4954950478e-37 
-4.4926390000e+06 
7.8045521386e+28 
4.5605822472e-29 
2.0953263156e-03 
-5.5112158677e+21 
-8.9530945773e-17 
-3.3000796536e-18 
-5.6793286144e-18 
-9.1428532179e-37 
-8.4806585624e+23 
1.6913597278e-07 
-9.6389259299e+21 
-3.5369960862e-32 
1.2621765935e+13 
-9.0323613584e+19 
1.9808393426e-32 
1.1495955316e+33 
-5.0336386058e-24 
-2.1004930278e+28 
-7.1824068018e-36 
-3.4036806028e-05 
1.9726169869e-35 
-6.4563650256e-24 
2.1596780566e+18 
1.2205620806e-05 
-1.0999719306e-38 
-2.4999722325e+18 
2.8741185852e-33 
7.4707409668e+02 
-4.2140763998e-01 
5.5398534558e+29 
-6.6921720249e+18 
-2.9771282328e-08 
-1.0563939729e+13 
-4.9044778571e-03 
-1.1813561684e-07 
-7.9497015527e+30 
3.7866088867e+03 
-1.4531651923e-11 
-1.7457853831e-37 
-2.1768805552e-20 
-7.1955381645e+35 
2.7973185847e+22 
1.0325917484e+30 
-1.1130119275e+33 
5.7593306013e+24 
1.5885246000e+07 
-2.8702525643e+18 
3.8065012253e-10 
1.5544491180e+13 
-2.2000921600e+09 
-2.8050498804e-04 
-3.3969805836e+32 
-1.3449460756e+23 
4.5711848240e-15 
-9.2079513029e+37 
1.0351347601e-22 
-8.4610037447e-06 
2.7604249705e+24 
-2.1104913290e-23 
-2.2580018394e+35 
1.6722518397e+37 
1.0448033772e+21 
-2.9859755813e+37 
3.0749947022e-22 
3.7128107663e-13 
-6.7886005363e+29 
-1.4772974899e+21 
2.7237429258e+20 
3.4917194633e-27 
1.2359057813e+20 
7.5641190088e-31 
5.8237340615e+15 
6.4946493440e+09 
-1.5402419797e+20 
-2.1973414421e+00 
6.0720054655e+19 
1.8932758226e+28 
1.1349810336e-07 
4.0059694080e+09 
4.7017352643e+33 
-5.7492004213e-11 
5.3508558489e+28 
-3.9015742964e+13 
-2.7281460424e-10 
2.6937097410e+34 
-2.3636514968e-08 
3.7603328423e-31 
6.8378254032e-16 
5.4508060288e-08 
-1.0449427840e+09 
3.6648246094e+04 
-2.8348278809e+03 
-1.4477073215e-02 
1.1179191448e-36 
9.0826201891e+13 
7.5868791891e+29 
-2.9096005960e-07 
5.2753924814e-31 
-3.9717196180e-35 
2.1566410916e+35 
3.2975778809e+03 
3.1011221930e-02 
1.9583626210e-21 
2.9981522820e-10 
1.3508907326e-09 
2.0928345600e+09 
-3.0591872205e+37 
1.1265955548e-25 
1.7338022715e+30 
-1.0409345053e-17 
-1.0207719779e-16 
9.8410415559e-14 
4.3844283528e-16 
-2.9286116717e-13 
9.4020707440e-36 
-4.8878366215e-05 
8.1544391656e+33 
1.3430575012e-12 
1.4992331086e-24 
1.2688937865e+26 
7.9804723416e+31 
-3.1971151777e-30 
-6.7569112695e+18 
-3.5154345942e-27 
-9.9761747200e+08 
4.2773041175e+32 
-2.1627953053e+00 
1.1825293522e-10 
-1.3947123200e+09 
1.3937767487e+15 
2.1636976569e-30 
6.0979186789e-27 
-2.3915696875e+05 
9.9803531170e-01 
8.8518165648e+24 
2.4325121094e+04 
-1.5118263589e-16 
-1.5092738991e-28 
-1.1574898583e-35 
3.4345578933e-25 
1.2992251606e+21 
7.0275759866e+28 
1.9155445088e+14 
-1.2153518750e+06 
-1.1398633731e+34 
-4.7629097111e-08 
-4.3143333528e-07 
6.7268131169e-12 
-4.4758195145e-05 
-3.0383756548e+20 
-4.1403439514e+11 
-6.2687472640e+09 
-2.0589222069e-34 
-1.7651130607e-27 
-4.9041704459e-26 
-1.7005269224e-35 
3.6953853607e+01 
-9.4939468851e+31 
5.1705889859e-38 
-3.4488746094e+04 
5.6749746094e+04 
2.6875299443e+34 
8.9259802697e+26 
1.2960755020e+25 
1.8481304343e-17 
-6.6449392762e-05 
-1.9073365256e-02 
-4.6512410045e-01 
-7.5312128357e+35 
-1.1455745798e+37 
3.8221099666e-15 
7.0769274273e+19 
-3.5276329964e+21 
8.0062620483e-32 
2.5972775930e-08 
-1.3963272211e-22 
-3.9702653395e-28 
-1.8584427509e+14 
8.5334853333e-13 
-6.2650197133e-22 
-7.1085500717e+00 
-6.5043904965e+35 
-8.3817287675e-16 
5.4390433380e+31 
5.4697586569e+23 
-1.4980397367e-08 
7.1065559132e+27 
2.5367898856e+14 
1.7087646355e-19 
5.4930852853e+25 
1.0622151603e-04 
-9.8806372762e+12 
-4.1540549345e+12 
-7.7967385866e+30 
1.5046400222e-38 
-4.2192248766e+14 
6.1309150785e-38 
-1.6737803805e-21 
-3.6106956285e-35 
2.6659748426e-26 
5.5184599012e-02 
3.0342673932e-36 
-9.4433910000e+06 
-1.3448061523e+04 
-2.4456246693e+33 
-4.5686714368e+10 
2.0893623047e+04 
            nan 
3.7852023483e+23 
-9.3065583976e-38 
-4.2035087910e+36 
-6.6649984325e+15 
-2.2359161737e-38 
6.4173052451e-14 
-8.1492836162e-19 
-1.0567247521e-08 
-6.1065839646e+15 
-2.7153299615e-14 
1.5098395107e-15 
9.2613112201e-07 
5.9736473519e-38 
-3.0283710785e+29 
-5.5319355867e-12 
-6.6115438786e-32 
-9.8718846186e+24 
4.9420080000e+08 
-1.1331616901e-02 
-2.9048453428e+30 
-4.0733833686e+30 
-5.0532286273e-16 
-4.9027477504e+10 
-1.5261804409e-21 
3.3771616256e+10 
2.0557623047e+04 
3.1546464117e-13 
1.1903194362e-17 
5.3268980651e-20 
-1.3801631802e+19 
2.1988189467e+34 
9.4742355103e+18 
-5.1318385449e+37 
-1.1301416159e-30 
-4.4040286973e-09 
-2.8510773564e+18 
-1.1029193457e+31 
5.0662666397e+35 
1.1731673304e-13 
9.4774727593e-21 
-5.3167519840e-19 
2.8057219742e-11 
-1.9661684205e+37 
-8.1017565918e+02 
-2.7873785474e-29 
-5.8588379577e-15 
1.4987329600e+24 
1.7580155841e+16 
-1.5164781011e-19 
-4.9144326782e+02 
-8.1455680671e+18 
-1.0970035098e+20 
1.0031675339e+01 
-2.9329079767e+26 
-4.7792619467e-01 
1.6083527248e-15 
-2.1245640532e+18 
5.4688615498e+13 
4.7503740171e+20 
1.4549591246e+24 
1.0008126966e-10 
-1.5146693574e-22 
-1.0593375205e-25 
-1.7407162813e-03 
-3.0061852160e+09 
-2.3641402740e+31 
-1.4669686523e+04 
-2.0022557068e+02 
2.6928699406e-16 
-4.7381470969e-10 
9.3699291015e-20 
4.9169562141e+23 
2.4888623926e+38 
-3.0234539900e-31 
-2.2562570776e-14 
1.4529924319e-36 
-6.1686699187e+21 
2.5817677379e-01 
-3.8477950364e-25 
-3.7987041268e-18 
-1.2835291916e+38 
9.9975900158e-15 
-1.2740686523e+04 
6.7018990868e-23 
-3.9670411281e+23 
1.9982303493e-03 
2.4420874070e-06 
8.9652449405e+15 
1.0502347888e+21 
6.3139683314e+33 
-3.8838953972e+00 
2.1530197145e-28 
1.6559376117e+33 
-3.4267323932e-25 
-3.8216449384e-24 
1.6047383946e-28 
4.4287826538e+01 
-1.2702281358e-36 
-6.6382540038e+35 
2.7747288016e-36 
9.6380484375e+04 
1.3688688653e-33 
2.8239147105e+30 
-1.3566757093e-11 
-5.2517723581e+25 
-4.2555646570e-28 
2.7639723539e-35 
-3.9644360186e-06 
-2.5546299669e+27 
-9.7974321152e+11 
-2.1175207524e+26 
-3.2598697476e+37 
-8.2605045463e-05 
-5.4029185024e+10 
3.2009915631e-29 
1.8474219367e-02 
-1.5384573394e-16 
2.0644472539e-01 
-1.1024546560e+09 
-1.9650507615e+23 
7.3900752703e-35 
1.9062050670e+30 
-4.4313847989e-18 
-6.0395295536e-12 
-2.1094322849e-13 
5.3311445031e+21 
-7.5983567725e-27 
-2.9852303143e+32 
-2.9090227255e+32 
2.5004884274e-10 
4.8452187098e-17 
-8.2558760187e-04 
2.7841334393e-17 
4.6430532380e+20 
-1.5826047963e-22 
-2.1518587936e+30 
-2.0729906809e-27 
-5.1401518080e+09 
2.0107372680e-26 
-4.4323068000e+07 
-1.5649428613e-34 
5.7952313171e-08 
-5.7130180856e+20 
-3.0970977375e-38 
-8.3374392986e-01 
4.5587418310e-37 
-2.0646557403e+33 
-3.8237499618e-34 
6.8649457835e-31 
4.9071708160e+09 
-3.5336137767e+21 
-7.2522638561e-08 
2.4927513757e-18 
2.8368960424e+20 
-6.4105728942e-28 
-2.7676358856e+36 
1.7737149972e-33 
1.0972411346e+02 
2.0276968759e+15 
-1.1446824993e+13 
4.6775313702e+33 
-2.6583007288e-30 
-3.6044651371e+33 
8.7952888000e+07 
2.5495669417e-20 
1.7099515500e+18 
-3.9617724098e-29 
7.4357906124e-04 
1.3840210794e-33 
6.5773231306e-09 
1.7064589348e+21 
-1.6244771451e+30 
2.7799343189e-21 
-6.3162263043e+36 
3.2100966400e+08 
7.0074800000e+05 
-1.2961033461e-17 
-5.1028688896e+10 
            nan 
1.2143775838e+35 
-1.6758758359e-37 
-6.0185247779e-20 
-1.4150937500e+04 
1.3367538452e+00 
7.2689999797e-08 
1.3169925660e-04 
-3.2841345065e-20 
1.3287277222e+00 
-2.5132229631e-11 
-2.2136489567e+28 
-1.9548651520e+09 
-2.9644645097e-34 
1.0852971528e-20 
-6.7135694448e+21 
2.0371199966e+17 
-9.6743453469e-05 
-3.2330794274e-31 
2.7624177975e-17 
5.7625472000e+09 
8.0323164110e+16 
1.6418540560e+29 
-2.0117592336e-23 
1.6850682068e+02 
-3.4312133696e-25 
1.1395241574e+11 
-1.5083118750e+06 
-2.1036731674e+19 
-2.1975413307e+33 
1.0999272875e+23 
-1.7917374478e+36 
8.2943948481e+34 
-1.1315607908e+21 
6.4449786095e-30 
1.0115559824e+14 
1.7742930822e-06 
-1.4335785150e+22 
5.7744269710e+35 
2.9250717500e+06 
1.4415412440e-11 
-3.8477462182e-36 
-1.0387079218e-11 
1.3943555464e+30 
-3.7562410945e+36 
1.9269076568e+16 
-3.9314684000e+07 
-6.2880619602e+33 
-2.2339099235e-36 
5.0332336426e+00 
-5.0945079273e+21 
-8.4363916766e-30 
-7.4926720117e-07 
2.7761762869e-38 
1.1011575685e+33 
-2.3060926235e-36 
-2.0120625000e+04 
1.5638153752e+33 
-3.3451136000e+07 
-2.4976338073e+24 
-1.8352382042e-31 
-1.0285752320e+09 
2.1496406253e-32 
1.1461572266e+02 
1.5431291713e+25 
-4.0295758267e-32 
1.7739714387e-32 
2.0245348890e-20 
5.1138801791e+25 
8.9069970943e+26 
1.7175154355e-29 
            nan 
3.6430970880e+09 
-5.7690317901e+27 
1.4407626164e-37 
-2.3513469551e+13 
3.0077563699e+11 
4.1970284656e-05 
4.8432591271e-11 
-4.4238860719e-03 
8.6838366229e-31 
-2.3153648281e-30 
1.1241666047e+25 
3.4145306027e-10 
5.1727807617e+03 
4.5444842415e+24 
2.2646631057e-34 
-1.1974217291e-38 
-2.4909868696e+13 
-6.8399423361e-01 
-1.4581976458e-02 
-1.0609763184e+03 
1.3706874139e+28 
4.9896187500e+05 
3.0833152163e-19 
1.7176423626e-06 
-6.0004423680e+09 
9.6897554158e-07 
-1.6321260096e+22 
1.8866311934e-29 
-4.9426605090e+22 
8.2415284034e-16 
1.5685940675e+12 
3.3917720795e+01 
4.9051070464e+10 
1.2804209255e-02 
-5.6468578051e+25 
-4.9177145386e+02 
-4.5889408948e+24 
-1.4775631049e+15 
-3.1259648265e+28 
-2.0901065133e+19 
-3.5114132525e-29 
-1.7834658047e+23 
2.8059520000e+07 
-3.4912812114e-19 
-2.9304025873e-10 
3.7840820329e+20 
2.3823824857e-13 
3.4939648683e+29 
2.7611378378e+14 
1.0569921875e+03 
2.0608754491e-25 
8.6910199428e+31 
-1.1376664042e-03 
-4.8610090744e-06 
1.9928656396e-29 
-1.7020329833e-03 
-3.2552928323e-35 
-1.5951740459e-31 
-7.2494284800e+09 
6.9184580502e-27 
-3.3356846325e+16 
-1.7643041195e-10 
1.6936604468e-19 
-4.5849537514e-25 
6.0480170905e+18 
-1.0821868801e+35 
1.0029688156e-06 
-3.9619436576e-36 
-7.1937365126e+29 
1.1758632463e-24 
-1.3893879744e-35 
-1.8645339941e-27 
-1.5774722059e+34 
1.5484501459e-09 
1.7466072061e+17 
7.6675508132e-29 
7.8054144979e-04 
-1.8614007764e+21 
-7.1562842303e-23 
8.5747800500e-18 
-9.4030344000e+07 
2.2596395991e+12 
-1.0135347840e+09 
-1.5265428216e-37 
-7.2034026006e+18 
-5.0740487779e+20 
-1.7347583873e-12 
-8.9360992378e-26 
-1.5209749764e-16 
8.1386340332e+02 
7.4129666020e-26 
-6.5188578238e-28 
1.2477094743e+17 
-1.7820387761e+24 
4.1903336541e-14 
-3.1547076416e+02 
-8.0765410352e-33 
3.4272465924e-23 
4.0340616129e-25 
-2.1486377494e+38 
3.9375664321e+27 
1.6383462444e+30 
8.0671641626e-05 
-3.0468143109e+34 
-1.2274217606e-01 
-5.5439915676e-27 
1.2549769232e-24 
5.5878237472e-35 
-4.6603861607e+26 
5.0317064000e+07 
2.6972505461e-31 
-8.0807061094e+11 
-1.5011326261e-14 
3.5939514911e-31 
-3.1892106621e+19 
-1.1147825390e-28 
-3.2236182690e+00 
-4.5885640045e-18 
-1.0867300838e-26 
-9.3354724348e-02 
-6.6278605718e+13 
3.1915546533e-26 
-6.5665617101e+11 
4.4995964830e+13 
-7.8834104588e-24 
-7.4588447266e+03 
-1.4946352814e-33 
4.1747253906e+04 
2.0391761250e+06 
6.8926959450e-35 
2.9305976563e+38 
-1.3945340882e-08 
2.6224974889e+12 
-1.6913788859e-03 
-5.0450045224e-31 
2.3071063993e-07 
-2.6603625600e+08 
7.8867530000e+06 
-1.3573283182e-29 
3.3401618958e+01 
-7.4538378199e+35 
-1.5974512775e-28 
-9.7027981281e-01 
1.1566736578e-27 
-3.8256667766e-37 
-1.4899910144e+32 
-3.9122820889e-27 
2.1694610483e-23 
-7.8941829503e-02 
-4.3306427875e+13 
3.9944452000e+07 
-1.8815798195e+28 
-9.2327973107e-04 
-5.5064837104e+20 
-5.9619833695e-36 
-2.7103579707e+25 
-4.2712569528e-22 
3.5230299545e-05 
1.4712502252e+22 
3.8324542958e+22 
2.1784511379e-27 
-3.7587441034e-26 
-5.2577421497e-36 
-2.3348995209e+01 
-7.2344460609e-14 
1.0892194484e-25 
-4.4471501246e-20 
5.8552421927e-22 
-1.4766497358e-08 
2.9359838867e+03 
1.5793621328e-37 
2.3405378222e-33 
-3.7463212976e-08 
1.7437920461e+11 
-5.9247637102e-27 
-2.1701682910e-27 
-1.3883045341e-14 
-4.2294246094e+04 
-4.3690596875e+05 
-2.9430784225e+01 
8.9127056301e-02 
6.3304392173e+21 
-7.5046795400e-27 
1.1052561523e+04 
1.9240269981e-34 
6.7563321033e+13 
1.6045887000e+07 
-5.1365708487e-07 
7.9492830677e-28 
4.6259556926e-35 
-3.1583931596e-32 
-2.1249125000e+04 
-6.5375323332e+29 
9.1119753260e-37 
-7.3450012207e+00 
-2.5065984000e+08 
-1.0226903709e-27 
-4.1984964639e-28 
2.6717700897e-35 
3.5497688922e+18 
-2.0039465130e-24 
4.6416631034e+19 
3.3658548225e-16 
7.6296500000e+04 
3.3281250000e+04 
4.4663408725e-17 
-1.4561475940e-12 
2.5842123047e+04 
3.7675036509e+16 
8.1160095629e+27 
-2.9342405319e+01 
4.3526215501e+32 
8.4628082833e-23 
-5.4859919548e+00 
-4.3925200314e-37 
-7.2160636902e+01 
2.4726448153e-15 
            nan 
8.8477113249e+27 
-1.5888310547e+04 
-4.7686210904e+35 
-1.2502756166e+34 
2.4846555000e+06 
1.6957443633e-22 
2.3396810752e+23 
1.3621842286e+26 
3.9789808320e-22 
-2.0492008376e+16 
3.0292251636e+34 
2.1270419644e+30 
-6.2218059244e+25 
            nan 
3.2900480000e+07 
-6.2404509023e+29 
-4.6509165933e+18 
1.1056936340e-36 
1.0320411962e+18 
-2.6954663421e+28 
-5.5632640000e+07 
1.2182149031e+18 
-2.6828834602e+33 
4.2085999928e+37 
-1.5019531972e-19 
1.3210893342e-27 
-5.7051811186e+18 
-3.9523887634e-01 
8.5694797612e-15 
-1.2519860896e+38 
1.5343129635e-02 
5.6489404802e-20 
1.8360638530e-14 
-1.0530803470e+25 
-2.0216592656e-34 
2.5636212371e-24 
5.8874115348e-04 
-8.6818721368e-33 
2.1035884146e-10 
1.9607783997e+12 
1.2700007520e+30 
3.9964344320e+09 
-6.6085449219e+01 
1.5970520581e-24 
1.4239731111e+18 
2.7579292423e+31 
-6.5636678581e-27 
5.4602115318e+12 
1.2230537216e+11 
-3.8477748241e+33 
2.4330298438e+05 
7.6710898084e-23 
-8.2441720000e+07 
6.0400857088e+10 
1.2730515424e+28 
2.4406316800e+08 
-6.9073785768e+16 
1.2569023039e-22 
4.3547619328e+10 
8.3967606283e+31 
9.0403722271e-22 
1.1286605430e+21 
8.1454013537e+17 
-8.3536276361e-04 
-8.6866871527e+31 
4.1961553920e+09 
-5.6521967053e-04 
-5.3293615797e+34 
-1.5461953125e+03 
-2.2500634193e-02 
1.2485861423e+28 
1.9673473215e+27 
1.7820842721e+12 
3.0164231201e+23 
-1.1323273182e-02 
-3.3225811586e-24 
9.0220703125e+02 
-8.2123929087e-23 
4.1907928642e+14 
1.1022150517e-02 
2.1051738688e+20 
9.5347539968e+10 
2.8459158306e+31 
3.5280585985e-23 
-5.4367566850e+37 
1.6717535800e-08 
-1.6038312500e+04 
-1.4473476963e-18 
9.4265409536e+10 
-7.2052728228e-09 
-6.7047188270e+15 
-4.6833790839e-04 
1.9265513664e-14 
2.8925100032e+10 
-8.1188886725e-09 
2.7436341297e+32 
1.6394491464e+15 
7.3037229272e-36 
-9.5199610939e+22 
-5.4381142388e-39 
2.4352686080e+09 
-2.6831928470e-38 
1.8985682268e+34 
-7.3902257785e-30 
-1.9736898438e+05 
1.5765301887e-22 
-1.0568407440e+02 
-1.7933847944e+34 
1.6578824463e+25 
-4.3816620746e-05 
-3.7047760171e-29 
-1.7826022258e-06 
-9.9929707812e-33 
-6.8833218430e+36 
9.5016962435e-34 
2.6803721462e-22 
8.8318566870e-15 
5.5077240832e+10 
-9.3397775790e-38 
1.7769914120e-04 
-7.2293359288e+12 
-9.6611529443e-08 
-3.2380615234e+01 
-6.9496672950e-07 
4.8176012933e-04 
-1.4187204692e+16 
7.0136556780e+29 
-1.1250061212e-14 
-2.4474682257e+36 
-1.1173240111e-10 
8.2703781128e-01 
1.9253668755e-15 
-1.7545150056e-24 
-8.6326000000e+05 
1.3283721768e+26 
1.8622760499e-17 
-1.1681641611e-24 
2.2808792924e+12 
7.4115500000e+04 
6.8398790553e-37 
-1.2782137492e-32 
6.5836080435e-21 
9.5353027344e+01 
5.8101213821e-30 
-1.3010878547e-23 
-8.9882768849e-19 
-9.6699190130e-38 
1.1406240873e+34 
-1.0338836601e+38 
-1.3964315815e-12 
-2.4544138374e-35 
1.7278052136e+15 
8.1466950579e-20 
9.3624375000e+03 
-9.8864929417e-37 
4.0359133653e-24 
-3.3432087963e+28 
1.7384634843e-09 
1.8772419899e+24 
-9.7314793750e+05 
-1.1622498959e+12 
9.7215426560e+09 
7.0960452317e+23 
-5.4637878432e+29 
-1.1839249219e+05 
8.9513892988e-14 
3.1578383029e-13 
1.7941709141e+15 
-2.0326690674e+00 
-1.5789112648e-27 
-8.9076365839e-08 
-2.6984935923e+15 
3.3485357056e+10 
-1.4449963483e-29 
-3.4116972052e+12 
-6.0470076278e-05 
-1.3291388093e-34 
1.7148774940e-16 
-2.3953024000e+07 
-3.7153472900e+00 
-1.2272103267e-20 
-1.3526725736e-35 
-1.7537251115e-03 
2.2742323200e+08 
5.0445103923e+11 
-4.1997118387e-06 
3.0201822519e-03 
-2.4967954884e-38 
-4.2956733704e-01 
1.0869706722e-36 
-8.1511020660e-02 
7.8577518463e-02 
-8.4359664470e-05 
8.3545865258e+30 
1.6650234433e+17 
4.1207694623e+12 
-2.9305578209e-05 
-1.5471007553e+24 
8.5897201798e+28 
-4.3547601070e+35 
3.2447156073e-11 
-4.4546350511e+23 
-5.6450677466e-12 
3.5002407988e+33 
-1.1234790902e-16 
2.1225622542e-37 
-2.0627793040e-30 
3.6813781190e-13 
1.7034614824e+27 
2.2236786215e-20 
-1.0435105391e+14 
-3.3676010656e-13 
-9.2228179000e-35 
4.1595409571e-14 
-2.6665447476e+21 
1.1182843441e+38 
-1.0733909642e-23 
-1.9027279861e-36 
4.4934988022e-02 
-6.6925576192e-11 
-4.6321640591e-35 
1.5974146663e-06 
1.7196963154e+15 
-4.7180747962e+29 
1.2538513184e+01 
-1.1576134179e-20 
-2.3335622133e+36 
2.7617375000e+04 
1.0121322703e-05 
5.1221384175e+26 
-3.2241141520e-22 
1.3149090611e+11 
4.0604050718e+24 
-5.7188323027e-30 
9.5867274988e+23 
2.3560561557e-21 
7.1065989736e-14 
1.8754274368e+01 
2.9293278887e+36 
1.4500444570e+11 
-6.1778787524e-02 
1.1983088718e-29 
2.5698001019e-11 
7.0794152509e+12 
1.9223650304e+11 
6.7115516045e+17 
3.8562346191e+03 
1.8119101326e-13 
-3.6024398972e+18 
4.8435293138e-04 
9.3647500000e+04 
-2.1411571911e+37 
3.3054238884e-06 
-2.4632029144e+17 
-1.3973577070e-14 
2.9508555627e+16 
-4.3066915669e-32 
-6.4378230936e-16 
-1.9486656397e+27 
-9.1436726577e+27 
9.6873431826e-23 
1.6520733891e-15 
6.8207459680e+20 
            nan 
3.2182996875e+05 
2.5928668828e-30 
-2.7893632238e-31 
-3.1007358000e+07 
-3.5812996875e+05 
2.4783328748e-28 
1.0402868382e+23 
-2.8612679230e-24 
-1.7218231642e-16 
1.2359497297e-38 
9.6917363098e+11 
1.4627054334e-03 
-6.3013378293e-20 
-4.1133800000e+05 
3.7814227981e+18 
-8.3805033226e-15 
-2.8590053538e-20 
2.0071055360e+13 
6.3113327004e+24 
5.5512310259e+22 
-2.6623833712e+35 
-1.3904454742e-21 
-1.7936378539e+18 
3.6670539787e-14 
3.9498373143e-19 
1.4016896057e+02 
2.9117003125e+05 
-1.6730099659e+19 
-1.0379726953e+38 
-1.2135272727e-37 
-7.1651054676e-18 
-9.1969849377e-27 
-1.5951217920e+09 
-9.0989150612e+22 
-1.3385203499e-24 
-9.4107185971e+11 
-2.6710789013e-18 
1.8489986000e+07 
1.5758536424e-19 
-4.3413957296e-20 
-3.2194726562e+02 
4.8875009842e+15 
2.5931401921e+14 
-1.8098803706e-13 
-1.3560070747e+16 
-2.5101983459e+23 
8.7708064023e+13 
7.3324267347e-19 
-3.7357486896e-14 
-5.5040465610e-18 
1.1071869466e-07 
-8.7875119711e-15 
-6.2868997120e+09 
1.9081864019e+34 
-1.0290856031e-13 
2.2983392738e+35 
7.7910514335e+18 
-6.2253219211e+31 
-2.4276196486e-31 
1.4330965837e+16 
-1.3387447810e+24 
3.2323449850e-03 
-4.1602400000e+06 
8.4042524636e-22 
-7.4231468524e+12 
-1.1973265992e+26 
-3.5005306282e-35 
2.4464737961e-12 
-1.3429138893e+24 
4.3430301034e-29 
-1.5375591425e-11 
8.1649327299e-09 
-4.5525403125e+05 
1.0394001626e-22 
-2.9883188971e-15 
8.6952903459e+18 
8.7472702692e-11 
-7.1397440347e-38 
-1.1785460263e-01 
-2.1029901562e+05 
-8.8670045815e-20 
-2.5436231995e+02 
-4.7601703829e-11 
2.6030290934e+32 
5.7298460888e-05 
-5.2820978826e-15 
2.3361292210e+32 
-4.8803876045e+11 
1.2853289130e-21 
-3.6255053091e+37 
8.3666598458e+23 
-3.1759640377e-31 
-1.5275050240e+09 
-1.2795239200e+08 
5.1163360171e+18 
1.3228346673e-22 
1.5396566232e-33 
-8.7099876601e+33 
-9.8576105472e+10 
1.9782955267e+36 
2.1162803200e+09 
-1.4127509585e+37 
-6.9705371302e+25 
3.5025732359e-04 
-3.8676522736e-28 
-6.7776195705e-02 
7.4314500000e+04 
8.8609984470e-26 
-7.9540312500e+03 
-2.4253487587e-02 
5.2448261571e+13 
2.3845416272e-27 
5.3499068194e+32 
-4.8716340865e+16 
2.9594888271e-38 
-3.1781003125e+05 
-1.3429238735e-38 
-4.5500385681e-07 
-4.4133939075e-33 
7.6830325897e+24 
2.0117873358e+26 
1.3565754076e-09 
1.2546904709e-29 
7.4148033719e+36 
-1.2047418368e+10 
4.9684740000e+07 
3.0775766832e-34 
9.9838810830e-11 
-8.8712951401e-04 
-2.2403857258e-07 
2.5080073322e-23 
-8.6168278020e+21 
3.9775713977e-38 
2.3648741887e+32 
2.7951787342e-04 
3.7336025600e+09 
-7.8382976353e-02 
-2.8788084535e-21 
-3.4538772659e+29 
-1.4392718185e-05 
-1.8486467230e+21 
-3.5836137795e-14 
9.5457680389e-13 
-1.1748353046e-07 
3.0459702400e+08 
6.4430527398e-28 
-8.7897359211e+23 
-1.4441712379e+01 
2.0754913216e-38 
-2.8271697082e-33 
-3.8004530078e+37 
3.6167919600e+15 
2.2879143579e+31 
-5.4906246741e+26 
1.1942214587e+26 
-4.4590984646e+14 
-3.5655458794e+36 
1.9052018640e+25 
-7.0584160355e+23 
1.7501962240e+09 
-2.4118828903e-20 
1.5856478834e+27 
-1.0474180534e-38 
7.5486467448e+27 
6.0199005061e+12 
-6.1570250409e-07 
-2.8114139571e+27 
4.8368355574e-20 
1.4654375526e+11 
-3.1682376953e+04 
8.3379604107e+31 
2.0553876953e+04 
1.5288908232e+28 
-2.2566599364e-04 
7.5519013065e-21 
2.5729830265e+00 
6.3452823455e-35 
-3.8605288871e+35 
3.6242460250e-28 
-5.6186943539e+24 
-9.8443316658e-31 
-1.3074122620e+02 
-1.6820154334e+18 
-4.1679056000e+08 
2.3973003582e-09 
1.9528960472e+21 
1.0586280060e+02 
-2.0426294500e-30 
-1.3099320307e-24 
            nan 
1.2043611518e-28 
-1.1451247357e+20 
1.4823145398e-15 
2.3698036783e-36 
6.0962795922e-10 
3.9606721191e+03 
-2.3052268902e-33 
4.0256464224e+13 
2.8407920421e-31 
-1.7472386000e+07 
-2.5264341942e-13 
-7.1760122664e-03 
-9.3879816000e+07 
-1.7571908218e-24 
6.9203167641e-09 
-4.0152021470e-38 
1.5172481537e-01 
1.1511833153e-12 
6.5352485463e-34 
2.1694322588e+28 
5.7940031442e-19 
-2.1653281250e+03 
-3.0971406250e+03 
-1.8900240000e+06 
1.7560977348e+29 
-1.8252194423e-07 
4.3771878440e-31 
-1.1722321250e+06 
3.4462813185e+19 
-3.6436947625e-34 
-1.2722517030e-14 
-7.2148794741e+26 
5.5572865348e+32 
-3.3143022237e+17 
3.4150015004e-29 
6.3430893089e+30 
-1.3912742088e+14 
-9.4213206250e+05 
-2.1027688350e-36 
-3.3561255211e-28 
1.7297789211e-17 
-1.0635516413e+24 
5.6577595000e+06 
-5.1688648552e+19 
3.3920069109e-04 
3.6186747265e+23 
-3.3490337792e+10 
-6.4712390304e-04 
1.1919013953e-14 
3.2548242188e+02 
-3.1463411520e-15 
-3.9145791752e+30 
-3.3989454096e-07 
-1.9099171040e+31 
1.3765812239e+31 
3.3730293179e-32 
-1.2595805788e+25 
1.8567387044e-16 
-2.2551974764e+17 
-5.2142309280e+25 
1.1998720882e-20 
-1.7761350491e-16 
2.4597416665e-23 
-3.8759582577e-33 
-7.2583180800e+08 
8.6045425415e+01 
-7.3549925303e+27 
-3.6989578803e-05 
6.0294343002e+36 
-3.7425548100e+13 
-1.1252288000e+09 
8.4365857743e-30 
-1.9712157850e+17 
-8.4497988620e+21 
-1.6820909705e+22 
1.2599037753e-13 
8.0471277737e+36 
-2.0377888147e+31 
5.9204875280e+30 
-1.2455612285e+31 
-4.9758527894e-06 
-7.1584709528e-25 
2.0602728046e+20 
-3.8360227774e+13 
-2.2860159119e+20 
-1.0576750000e+05 
1.5999004245e-03 
9.7085715811e+26 
-2.6397120057e-18 
-6.3398383223e-16 
-3.2708815431e+22 
5.3807401158e-28 
-2.2597386568e-36 
3.0278165340e+00 
1.1688076349e-14 
7.2692572021e+02 
-1.7868015048e-24 
-1.9108814365e-25 
2.7608990649e-09 
-2.9296625000e+04 
-2.3628471395e-36 
-2.1412940560e-26 
-1.7008858420e+25 
-4.2228323364e+02 
-3.9139998989e-05 
2.0598328376e-07 
2.2844007445e+25 
-6.9676768695e-12 
2.5596363628e-31 
-5.7464499687e-21 
-1.3881380286e-15 
            nan 
-7.4012764442e+25 
-3.1940144973e-12 
-1.0907669067e+00 
1.2081466393e-27 
5.3461850417e-35 
-5.0255683836e-35 
-3.1045234984e-38 
-4.5332690602e+21 
3.0217667545e+27 
-6.3880750000e+04 
5.6302823875e-21 
-2.4411354015e-14 
1.0376648903e+01 
-9.1682528591e-07 
1.5673470944e+34 
1.8796075977e-28 
-1.8107423096e+03 
-8.1706979578e+22 
1.4670990882e+16 
-2.2901119432e+31 
2.8426159657e+20 
5.3136104175e+32 
1.4602720751e+24 
-9.7101095889e-05 
4.9662317580e-14 
-8.3471490479e+02 
-1.2455548096e+03 
-1.1307595742e-05 
4.6008753906e+04 
1.3070543307e+36 
7.3651153479e+29 
-2.5119039101e-29 
2.2454736412e+26 
-1.5898985596e+03 
-9.8584840122e-37 
-6.9601750374e+00 
-2.0705467609e-16 
-4.2313849907e-32 
-1.5194284500e+18 
1.7000169748e-31 
-3.3041602341e-21 
1.8083591927e-21 
7.1495950658e-27 
-5.8244986003e+33 
2.9601100087e-01 
5.9511523729e-16 
-2.3291369276e+16 
2.5528807956e-09 
-5.8261368809e+17 
5.4633521473e-31 
4.8456602689e+23 
-3.2953327705e+16 
-1.2325860596e+03 
4.5598242188e+02 
-6.6056747013e-27 
-1.0129611162e+11 
-1.9958605650e+14 
9.6714628493e-15 
1.7431521441e-33 
-1.5039873811e+16 
-2.3262028809e+03 
4.2805664062e+02 
-2.9201122043e-16 
-1.9340896606e+00 
1.8271191406e+02 
2.1036731385e-13 
-1.4043724950e-14 
3.3394603125e+05 
-5.4539928179e+32 
1.4100177355e+13 
3.7350894483e-34 
-1.4036963298e-15 
-4.8427480718e-24 
2.5086082000e+07 
3.2569634809e-28 
1.8225041250e+06 
2.0307689197e-22 
2.1295510760e-16 
5.6085714869e+23 
1.5599536636e-12 
-3.9199195733e-23 
1.8188604646e-30 
-5.7558276000e+07 
1.3462236154e-13 
1.6110018119e+34 
3.8805920804e-22 
1.5650795934e+23 
-1.7948101231e-05 
1.4821506078e+18 
-1.5965630207e-10 
-3.2389592515e+12 
2.1456715277e-23 
-2.2146406840e-35 
1.6062860198e-07 
1.0001652599e+23 
2.0153403568e-07 
-2.3198681273e-36 
1.5038590391e-05 
-2.5394131786e-38 
7.6966588385e-03 
-6.7453690799e-34 
1.1688390259e-05 
1.8049142868e-29 
2.5823432281e-10 
1.9623058733e-09 
-5.9170543675e+26 
-1.1783274759e-35 
6.8019198238e+22 
-3.0864955170e-33 
-2.5641122048e+36 
-2.2833689880e+02 
4.4405185085e-10 
-2.5641892184e+13 
9.5212869536e+24 
2.6130606615e-38 
3.8031613896e-19 
-1.7110183340e+14 
4.8066396587e-29 
1.5922054786e-09 
3.5535010554e-35 
-1.6568219882e-16 
-1.0845569503e-17 
-3.0029522913e-16 
-1.9494580379e-19 
-5.1778680220e-14 
2.0515360077e-08 
-1.9033228902e+11 
-2.1938307606e-35 
3.3801113449e+34 
1.7760850191e+00 
-3.9090579987e+01 
2.2326846589e-13 
1.0153547657e-25 
3.4393027720e+14 
1.9665086887e-13 
4.1506100032e-17 
1.0292143881e-20 
9.7898912000e+08 
3.1641596018e-16 
3.4344134847e+30 
2.4491216166e-08 
-1.8914017013e-14 
9.8221576000e+07 
-2.2291721191e+03 
-2.4374349333e+25 
-8.6769029637e-25 
-7.0923052849e+21 
-1.5354887114e+16 
-1.8212111126e-22 
5.9438847073e-12 
-1.2478329003e-24 
-1.8071652949e-01 
2.2483209589e+20 
2.3302617533e-17 
9.4161555171e-04 
5.4949194502e-20 
9.0016875000e+03 
2.8568593750e+03 
1.8922942959e-24 
-4.8705706135e-11 
6.3990239730e+19 
-3.9556502400e+08 
2.4892517908e+12 
-2.4197275000e+06 
2.0647564725e-06 
-5.3422807617e+03 
4.2340030874e+11 
-2.4788988640e-09 
7.2590349410e-23 
1.5728900000e+05 
-3.8936914062e+02 
-6.8560712663e-11 
-9.9722092273e-07 
-1.1123492850e+15 
-2.6277146788e+14 
7.6105886780e+20 
-1.2701131403e-01 
2.9116480338e-09 
1.2344850781e+05 
-3.3169737728e+10 
-4.0654658664e-35 
1.1534750190e+34 
-7.4543607503e-30 
1.1565407534e-32 
3.2021198719e-20 
6.2250396995e+17 
2.8738263939e-12 
1.2888814794e+26 
-9.7518443636e+16 
-6.6007390022e+00 
4.7082952648e-08 
-1.0288749850e+16 
1.0621560250e-05 
4.0419817464e+23 
2.7068203125e+05 
4.1478524109e+11 
-1.0012852879e+12 
3.4037183168e+35 
-4.4296689862e+22 
-7.6586269402e+17 
7.3844712826e-38 
2.7624680321e-11 
-1.3758639682e+30 
1.2592222164e-20 
1.5374694429e+15 
1.8152714948e-25 
2.9813575745e-01 
1.5607595008e+10 
-1.3524180916e+38 
9.9554642783e+32 
-4.7183577933e+36 
-1.3883012022e+13 
-5.2005433344e+10 
-1.0227724807e+16 
-1.5047472640e+09 
-1.3457795160e+14 
9.5631142253e+23 
-3.1160942766e-30 
-3.7983616252e-11 
-9.4132761094e-36 
-1.2643768291e+30 
5.4381962400e-06 
-1.1208677292e-01 
-3.9989399460e-35 
-2.0162078124e+38 
2.9157502180e+15 
-9.5118359375e+02 
3.9276355281e-19 
-3.2515234510e-30 
-2.1437922356e+20 
6.4392441495e+32 
2.9057376953e+04 
1.5178661318e-31 
2.0326852042e-27 
-6.6536295367e+13 
8.9010476504e+26 
4.7156040541e+30 
5.7845693827e-01 
-1.5561364819e-07 
1.6745751822e+30 
-4.2213144770e-15 
5.1817475200e+08 
-1.8613780782e+24 
-4.6864305386e-16 
1.8823169951e+30 
-2.6429272792e-14 
3.0281642079e-01 
-1.6468081250e+06 
9.9222952127e-01 
1.7111646208e+10 
-1.6685500000e+05 
1.0338796036e+37 
-2.9403582439e-20 
3.1686311417e-18 
7.0699886156e+14 
1.0013964414e-23 
-2.2937614989e-20 
1.3993869316e+17 
1.0755777072e-30 
3.2835020442e-17 
-3.3301973822e+15 
1.7349385817e-12 
2.5160974443e-36 
-4.2982827967e-34 
-3.9162434259e-29 
-1.2980428558e+19 
-3.0518408865e-02 
-7.4836743607e+26 
-2.8532682189e+36 
1.1560784576e+21 
2.1205309676e+20 
1.3576986757e-12 
-5.9472400000e+05 
-1.6925996351e+13 
-3.4459200788e-28 
6.1030809600e+08 
-5.4479311340e+12 
-5.4509981636e+30 
1.1195530189e+14 
4.0931295958e+24 
1.0990562500e+04 
-1.2239680000e+07 
-5.0379995164e-32 
-6.0644866491e+26 
-6.6813908068e+36 
-5.9718017578e+01 
-2.4946995416e+14 
-4.1759703040e+09 
-2.4899128006e+16 
1.9002947002e-15 
-3.0312371806e-36 
-1.3583665442e-13 
-8.3955932896e+30 
-3.3328433346e-07 
-1.4184787869e-03 
-8.2652007047e+15 
1.4418514450e+16 
5.8641770297e+35 
-1.7201597703e+27 
5.6705005136e-09 
1.0211392000e+07 
-1.2345790321e+32 
1.5660078125e+03 
9.3063889928e-12 
-4.8677000000e+05 
-2.0146265664e+23 
-2.2739165964e-29 
2.0990941684e+29 
3.2901250000e+04 
-2.9055786133e+01 
1.3123209604e-28 
8.8583129140e-17 
8.6610248907e+15 
-7.4665016494e+33 
-1.1854789840e-20 
-2.7188418433e-02 
1.0225116275e-02 
-2.9490143362e+25 
3.8704528633e-17 
-5.4856214769e-16 
3.3861961294e+26 
-1.1660688479e-24 
-1.2881644607e+21 
-7.3852757353e-26 
1.4569804136e+13 
1.5269126743e-04 
-2.3759744172e-12 
-4.0274707953e-38 
1.2691840529e-03 
-3.9510683921e-28 
-7.6408510336e-36 
2.4260375000e+04 
-2.9704127899e+25 
5.4647263002e-34 
5.0151356845e-07 
2.9063593750e+03 
1.8604001780e-29 
-6.7806437548e-14 
2.5433875000e+04 
3.0737152100e+00 
1.2466546214e-16 
-9.0930575075e-18 
-5.6441025616e-26 
5.8469728479e-31 
6.8301275746e-10 
2.8886425600e+08 
-4.9507314099e+22 
2.0700000078e+38 
-1.5786085188e+13 
-4.8817219256e-16 
-3.6672607422e+01 
1.9696169568e-31 
2.7083528385e+32 
-2.0660608000e+07 
-1.8327104188e+37 
-2.0391808000e+07 
-2.8338304409e+32 
1.0551152345e-36 
-3.2101444564e+15 
-1.2698187500e+04 
-1.6564529042e+33 
-5.9577088000e+07 
2.0024524800e+10 
-3.0714290915e-06 
-1.7243367345e-17 
2.2422822665e+23 
-2.3522373047e+04 
2.3357821124e-20 
-4.1188565247e-15 
-1.6855231629e+25 
-2.3266684000e+07 
-1.7920394242e-01 
-8.9928495206e-11 
4.8558371721e-38 
-9.7087188067e-08 
-4.2028828536e+17 
-1.5143769269e-04 
-6.0655246094e+04 
8.5055871386e+11 
-1.2698925970e+22 
4.1166683618e+21 
1.3906494284e-18 
2.7892391687e-36 
9.1164047869e-24 
1.0534464114e-37 
-1.7515895960e-15 
-1.5734114745e-24 
5.3767192340e+14 
3.6956939697e+00 
-2.7301534462e+29 
-1.4718752936e-06 
2.5200943786e-31 
3.0696411133e+01 
-1.7116650960e+21 
1.9872400000e+06 
1.4472072441e-38 
4.6691858361e+29 
1.0783690709e-23 
2.5923785908e+23 
-1.9577921224e+15 
-6.9552307129e+00 
-1.0619557025e-32 
1.7552829188e+31 
-6.9437325001e-03 
9.2753549617e+24 
-9.4348380562e-28 
-1.4802377878e+30 
-2.7225762606e-03 
2.5400264790e+15 
-8.8273513176e-33 
2.0950907675e-11 
1.0586919224e-18 
2.4655946200e-26 
-6.3164367676e+00 
1.4710507167e+37 
-9.7042976580e-18 
1.3801689309e-15 
-3.0156442261e+02 
-1.5632832604e-30 
-1.2090667616e+37 
2.4366827138e-26 
1.6888064280e-08 
-1.0144253248e+38 
-3.2815312899e+29 
1.7651442157e+22 
5.1959224320e+09 
-2.0620474935e+34 
2.2885004800e+09 
-1.2259579523e+37 
1.6056488361e-09 
-3.1533952102e+37 
-3.1458873195e-07 
-9.9998086691e-01 
1.3550020523e+15 
-1.3701937500e+04 
8.4958082236e-13 
-1.9846372766e+21 
5.0517369601e+18 
4.8053408024e+21 
-4.1045868577e+17 
5.0900941761e-28 
7.7614680985e+33 
-3.2668953170e+23 
1.1556124906e+15 
5.3540800000e+06 
1.2103950000e+05 
1.5369729447e+16 
-1.0676832682e-13 
-2.2600064000e+07 
5.7032208908e+27 
-4.6447012902e-12 
-4.3375603855e-04 
2.8786282364e-18 
4.1935423319e+37 
-4.1420389607e-07 
-8.0174803734e-03 
-3.7239837646e+00 
-7.9955106344e+23 
6.1571229704e+37 
-1.3783280000e+06 
2.1448710565e-19 
-6.0683288574e+00 
-2.7396669440e+11 
2.6541153059e+13 
1.8621824000e+07 
8.1882972160e+09 
-2.1636240009e+15 
4.6707749435e+36 
2.2340923690e+26 
-3.9053294818e-27 
4.4124983667e-09 
-4.2086647528e-23 
2.0801983742e+19 
5.8315719574e+13 
6.1211557793e+17 
5.2610112107e-06 
-3.3267880212e+26 
2.5941626000e+07 
-2.2596269444e+31 
-5.3143993806e-32 
-2.2247115200e+08 
-6.1842762438e-39 
-3.1134794562e+29 
1.5167003770e+24 
1.3266893005e+02 
-1.6455390869e-11 
-1.4205039929e-34 
-2.4631340932e+33 
-2.4924747726e+19 
-3.2616592944e-04 
-3.6307948138e+22 
-1.1862497903e-18 
-5.6137904741e-21 
-8.4726884961e-04 
-5.5063085056e+10 
-3.9333068868e+32 
4.5965231621e-11 
-1.3514812500e+04 
4.5061165346e-33 
1.1629960570e+21 
5.3322354524e+12 
3.0986045624e+36 
-5.7582531171e-33 
1.0024814401e-05 
1.0840121645e+14 
-3.7798471749e-04 
4.5866250000e+04 
-1.4249300000e+05 
4.3648659962e-26 
-2.0353414263e+38 
1.3631408691e+01 
1.1717740771e+25 
2.9863749517e-24 
-2.3670280870e-30 
1.1503548373e-24 
1.4549971471e-11 
-1.2450423603e+11 
-9.6181679596e+19 
1.9449483185e-38 
-3.8394315243e+00 
1.5011147095e+18 
-6.7157341296e+16 
5.4430206219e-36 
4.6291712600e-39 
3.8478364562e+36 
-1.5726603601e+32 
-1.5947893877e+37 
-1.3140053496e+30 
8.9477605445e-36 
-4.2403780421e-18 
-7.5232408093e+16 
2.1002237440e+09 
-3.1485607381e+31 
-1.0992899588e+13 
4.5092458334e+36 
-5.9229498750e+37 
8.0070075000e+06 
-3.0717334400e+08 
2.0315752617e+37 
-2.6844060631e-17 
4.7943818162e+29 
-1.5845521120e-03 
-2.0363889662e-15 
-1.6039278350e-08 
-5.3900967457e-25 
-9.9461431162e-20 
1.3359159753e-21 
8.7887589730e-14 
-9.8686989247e-08 
-6.9374569125e-15 
-5.7561102710e-22 
5.8884495957e-05 
-2.4317179850e-05 
5.9385305804e+34 
5.9389701120e+09 
3.3671702118e+12 
-1.2031349219e+05 
4.6465728790e+35 
2.3414340485e-31 
-6.4199621958e+27 
1.5399667786e-15 
-1.1319449304e-14 
-7.1789540925e-06 
-7.4107776000e+09 
1.5924341191e+14 
4.3797155674e-15 
-1.6993373047e+04 
4.3744332886e+02 
6.3378111405e-29 
3.3022592642e+16 
9.2088215053e-02 
-5.0338566000e+22 
-8.3544844848e+17 
1.5311929721e-33 
4.5895906520e-10 
-2.1704219946e+16 
4.1931158989e-07 
3.6319136258e+19 
1.4504130263e-27 
-6.8854978308e-03 
-3.8835580381e+34 
4.2937684280e-25 
-4.6537010348e-05 
-3.5292235017e-01 
4.2121004319e+13 
-6.2924792010e+31 
8.4094415342e-07 
4.4432728198e+34 
9.8730349089e-34 
-5.8344395217e-27 
-4.8932632252e-11 
-7.5366833415e+21 
7.0235220979e+37 
-8.1238581027e-23 
1.5675393655e-13 
-5.1657525879e+16 
-3.9202639622e-32 
-1.1043557242e+20 
            nan 
2.1240164044e+27 
-1.5480815433e-02 
-4.7129403442e+27 
-7.9989657549e-32 
-4.7335134257e-35 
5.5884703178e-29 
4.6423527598e-01 
7.0370540257e-32 
1.0043572634e-01 
-1.5552698886e-37 
-3.7456362746e-14 
1.3165043930e-20 
3.0226188578e-26 
5.1985510400e+10 
-4.2067361790e-30 
-2.9293572013e-08 
-9.7669004778e+32 
2.4528239737e-04 
5.6850586943e+15 
7.8603635772e-16 
-1.5051262400e+08 
-3.6561773732e-36 
-2.1311290101e+31 
-7.7737314864e-33 
-4.5885707235e+15 
8.8896683169e-29 
-1.9608275428e+33 
3.3790921525e-18 
-7.6964492188e+04 
-4.1382807617e+03 
1.4447678080e-12 
-2.5420488825e-08 
-5.2106882308e+25 
5.6187884521e+02 
9.6002998272e+11 
-4.8278871732e+22 
2.6784370864e-18 
1.9379577487e+16 
9.2346457645e+25 
-1.5643175489e-18 
3.1170258483e-25 
9.1391143542e-09 
-1.9078725018e-05 
1.9362836986e-32 
-3.4470931027e-34 
3.2389722769e+15 
-8.6647111680e+09 
-3.7218763228e-15 
3.4056865468e-17 
-1.4020845227e-31 
-1.6940382719e+00 
2.2147576146e-06 
6.6878864877e-34 
1.9306314643e-03 
-3.7698277794e-39 
-6.2721529091e-23 
-2.9622667077e+25 
-4.6911741400e-31 
1.8806289901e+33 
-1.5945348573e+32 
-2.1015341067e-34 
6.1838939128e+15 
-5.9510506838e+27 
3.2188556902e+11 
5.5833053589e-01 
7.7476074219e+01 
3.7771870219e+22 
2.1479273507e+23 
4.0971754621e+15 
1.4735703308e-33 
2.4241713971e+11 
-1.6213198114e-37 
-2.4570648907e+16 
-8.8462448120e-01 
-4.6388674560e+09 
1.7629272461e+01 
-2.5799178668e+15 
2.1654043891e-08 
9.6793830109e-28 
-2.8616734455e+34 
-5.5399499388e-07 
2.5411175661e-32 
2.3630315520e+10 
7.1307932349e-32 
7.4740295410e+00 
3.3155636309e-31 
9.6100024320e+09 
-2.5168442466e+26 
1.0703974278e+30 
2.6390112318e-11 
7.0945183083e+30 
1.1841496385e-23 
4.1036685161e-09 
-6.2520373004e+19 
1.7418468907e-16 
7.8664001063e+16 
1.4130024469e-23 
-5.5846184579e-29 
3.8982067814e+11 
5.0530541173e+31 
5.0108501455e-04 
-1.4439227706e+29 
4.3375738607e-32 
-5.1011512469e-22 
1.6313718376e-08 
-1.8951239715e-22 
-1.4443592988e-07 
7.9432921329e-22 
-9.3486081655e+36 
-1.1224509213e-17 
1.7739852642e-10 
3.1440777130e-22 
-5.3489916000e+07 
1.0792245133e+13 
-4.6908306232e-12 
-9.0251535177e-01 
-1.1171876453e-02 
-2.0273402946e+37 
-1.8598158750e+06 
-7.6684978892e-28 
-3.0673022000e+07 
8.7671625891e-20 
3.4009793992e+35 
1.5866871923e-02 
5.9147992857e-29 
2.1149650367e+24 
2.0475426120e+33 
-1.7276173232e-27 
1.3727016126e+17 
-5.0490610301e-02 
-1.5352788992e+10 
1.9461618983e-09 
-4.5466975626e+24 
2.6179696875e+05 
9.8407616000e+08 
1.2453838073e-16 
3.9130083702e-33 
1.1007747934e+37 
1.5969922543e+00 
-1.0124907934e-35 
1.7180397596e+38 
8.0302576000e+07 
4.8288964652e+33 
-3.6249686508e+12 
-2.9695074031e+18 
4.2761470085e+37 
-7.2418148973e-35 
4.2808826447e+01 
2.1754632371e+21 
-2.0875751214e+38 
1.3741198108e+17 
1.6007902559e-06 
-8.4728784764e-36 
-2.0447046780e+15 
9.4045981250e+05 
-6.8559852662e-04 
8.2958723017e-34 
4.5514308619e-21 
2.6149466842e+31 
-1.2168875282e-11 
1.6697051670e-19 
8.6496966035e-37 
9.2672376439e-09 
-8.1053581624e-09 
2.2423138816e-33 
-1.7055331840e+09 
7.1707678497e-17 
4.7385393750e+05 
-8.4161646521e-19 
-1.2647338588e+33 
-1.0825948438e+05 
-1.6029884385e-32 
-6.5707999966e-06 
1.0002114121e+38 
2.0617335134e-38 
-2.3793396904e-27 
-6.0661972060e+16 
-6.5566626350e-19 
-9.9889720383e-23 
-1.1638448746e-35 
-1.8331670836e+18 
2.4615899024e+27 
-1.6048593749e-36 
-5.7535955183e+20 
4.6054357071e+17 
7.7053018112e+10 
-8.8642820785e-36 
1.0548090756e-07 
5.2837602731e-20 
7.4919282887e-21 
-5.5864990201e-35 
1.8316993365e+26 
-3.5180592125e+35 
-1.8164594173e+00 
4.1626701355e+01 
6.6969682837e-13 
8.1380677180e+32 
-2.1383476040e-30 
4.7109376989e-20 
9.4673075451e+37 
-8.2814334739e-19 
-4.3100402536e-07 
-1.3602880225e+12 
-4.7823806291e-32 
3.6258446512e-32 
4.3789476156e-01 
7.7164065715e-07 
-4.0215445359e-36 
-1.4035667032e+37 
-3.4036252732e+34 
-3.1674183527e-20 
3.1706851166e+35 
-2.2597920022e-21 
8.5632212028e+32 
3.2890942815e-18 
1.4757516250e+06 
1.3925284259e-09 
-9.4424543204e-04 
4.7939090549e-31 
6.5098834556e+22 
-2.0555838332e-22 
1.6748089960e+29 
-3.5376604046e-07 
3.0234615234e+04 
3.5616197707e-38 
-3.6989916116e-02 
5.7792194520e+22 
7.8612626098e+25 
-7.9589201920e+09 
-2.4301275000e+06 
2.4494336685e-04 
-2.4446955736e-17 
-2.4951454997e-01 
1.2032646472e-13 
-7.3015374571e+22 
-6.0988742188e+04 
4.9729228672e+18 
8.4604278564e+02 
1.4703809325e-30 
-2.2176789906e-29 
2.6520539368e+31 
-2.2663231939e-02 
-3.0451807976e+00 
-1.4850384619e+14 
2.5866565120e+09 
5.8594684928e+10 
1.8067045120e+09 
-3.5319396875e+05 
-9.1431030000e+06 
1.4154984383e-03 
2.9228873553e-13 
6.3023021854e-35 
5.6314761750e-03 
3.7079142207e-25 
9.9989473081e+19 
-7.6476492188e+04 
2.1573158469e+29 
5.8073592359e+25 
-1.1748901685e+35 
-1.3571715757e-39 
7.3029012506e-37 
6.5952227000e+12 
-2.3036671449e+33 
8.6865560573e-24 
1.6272984002e+29 
1.0382354174e-24 
3.2232478261e-16 
4.9894803200e+08 
-2.4629940502e+25 
7.7827176417e+24 
-1.6271357092e-12 
1.8978971320e+12 
-1.2925837896e-28 
1.2947309017e+00 
1.2354020568e-29 
-2.1055347403e-38 
-7.3197172852e+03 
2.7318117188e+04 
1.8800094604e+02 
-1.3661660666e+37 
-1.8073739923e-32 
4.1713452705e-18 
-1.0690811523e+04 
-1.3574097466e-21 
1.9456221184e+11 
-2.3911192875e-23 
-3.2513665061e-36 
8.7750333625e+33 
-1.9364175194e-11 
3.9591737338e-22 
-1.2899546986e-09 
2.4953254052e+12 
2.4096339311e-33 
6.9001414848e-17 
-1.4663731235e-05 
-9.0460878255e-07 
7.8334877335e-29 
-6.1183120792e-09 
1.1748145353e-18 
-1.6710831982e-18 
-1.5583845494e-26 
-1.4167661667e+01 
7.2398857382e-17 
6.1117179317e-34 
8.1901048000e+07 
8.3709862071e-32 
-2.4948670296e-25 
2.0525124191e-23 
1.3545675902e-03 
-1.8507166533e-03 
-4.0870049280e+09 
-2.3262504170e-15 
-6.0939527487e-40 
1.3024215766e-13 
1.0335839332e-29 
1.9426635873e+21 
-5.9323800911e+15 
-2.3628308562e+30 
4.7922541067e+29 
-3.6774419541e-35 
-9.6751800733e-18 
-8.3324828425e+27 
4.0059957886e+02 
3.0559726892e-15 
-8.9403392469e-32 
-4.9023147133e+29 
6.0766007565e+33 
4.7229677734e+03 
9.0516483757e+20 
3.5207247274e-12 
-5.6940324590e+37 
4.6377662453e+16 
-1.9408758180e+34 
1.9420284825e-10 
5.4279532908e+24 
9.7383403778e+00 
-4.2720028262e+11 
3.8443519181e+11 
1.3417315933e+14 
1.2684319290e+31 
9.1542320520e-33 
-2.3998049021e+17 
1.5759825706e+01 
1.9638802435e-29 
-1.6498372369e-31 
3.3284637500e+06 
-5.2262110770e+32 
1.0895908938e-28 
-1.0756163597e+01 
4.5174169864e+30 
-2.6547352761e-08 
-6.1064701574e-15 
8.8619247206e+12 
3.7024484350e+22 
-6.5086093872e+23 
-4.6006648145e+15 
2.3156281561e-02 
3.9812637878e+28 
-3.4492386969e+20 
-2.0043967435e-14 
5.8827285434e+30 
-1.6072306382e+18 
5.7007360967e+13 
1.1143616920e+16 
2.2492460926e-36 
-1.8251968518e-17 
8.8233152000e+08 
1.4039938354e+02 
-6.1877382918e-38 
7.9453334474e-19 
1.3337466631e+37 
2.5964864420e-18 
-6.6226565898e-11 
5.5216063392e+35 
-2.0370456251e-26 
-3.8602813390e-08 
1.9307773158e-08 
4.5457854148e-10 
8.9632788577e+33 
5.0003427267e-01 
3.3767943108e-08 
-2.8265913355e+17 
-3.0425503391e+24 
-1.3605432063e+26 
1.0983964884e-18 
-9.5382895663e-33 
2.4523902000e+07 
-1.4837762653e+32 
-3.3896700865e-19 
5.1925244000e+07 
-8.2723630612e-07 
-1.9295137370e-15 
-1.6016225867e+28 
6.4619223713e+22 
-1.0384618717e-35 
7.1553175736e-32 
3.5944048987e+26 
-1.0101554774e+16 
2.7530124870e-37 
-1.1065117681e+36 
3.3537805979e-31 
6.0180457419e-27 
1.7909697155e-19 
3.5586126766e+17 
-3.8735567538e-21 
-1.8567434903e-23 
-5.0661679104e+10 
-9.7302174954e-31 
-1.4934086143e+28 
-1.0211894849e-32 
-6.6209754550e-06 
-7.0183730675e+21 
-2.0931929541e-26 
3.3310019420e+13 
5.0897517940e-04 
4.0399333096e-19 
-9.2009884430e+20 
-3.5288778926e-34 
2.4050870670e-11 
7.4675476753e-06 
-2.4160117035e+17 
-1.0395195121e-10 
2.8849275746e-10 
1.4500009741e-14 
9.0386325387e+31 
2.3003734029e-08 
3.2417909585e+27 
7.7504354184e+36 
1.3241698359e+33 
-2.3515495441e-16 
-5.4139578463e+35 
4.4110404949e+24 
-1.6575139775e-38 
1.7442304987e+28 
3.5473518948e+22 
7.3590783838e+19 
9.5642929340e-12 
-2.6178807336e-35 
4.9280025482e+01 
-4.1851200507e-19 
3.4687450892e-18 
-7.2001235477e+16 
3.3999049994e+30 
2.6356241278e-07 
-1.1861324962e+34 
8.1930102323e-35 
6.7963425053e+17 
1.2083812993e+35 
-9.2469759130e+31 
1.5867938507e+19 
-1.6313533618e-17 
-1.3465246319e+38 
-2.8893355940e-23 
-1.0019856712e+15 
1.0775367004e+20 
6.5381644047e-21 
6.4762108000e+07 
-1.2885734279e-30 
-8.2635615234e+03 
2.7135863559e-20 
-6.0845918597e-06 
-1.5246097408e+10 
-3.2505011134e-25 
2.8899658708e-11 
1.6986010340e+29 
-1.5831636626e+38 
-7.5127702774e+33 
-1.2471703579e+36 
4.8805639234e-34 
5.9442735124e-15 
-1.4777891100e-35 
9.0984202848e-16 
-1.3378392288e+15 
-5.7951306096e+29 
1.9245880574e+13 
5.0482160700e-19 
3.8760991192e-25 
3.0328125707e-31 
-4.1829153788e+17 
3.8991710448e+37 
-2.6380796800e+08 
-1.0366851745e+22 
1.5947314450e+19 
3.7532463074e+01 
5.1984988800e+08 
-7.6098241292e-25 
-3.8890853882e+01 
-1.8962786871e-32 
-2.1656334400e+00 
-1.1940100111e-19 
6.2549734116e+00 
-6.1962610278e+12 
-3.0489810719e-37 
1.6661235651e-13 
-2.4800578779e+18 
4.6783742188e+04 
-4.7656977016e-18 
1.1794156039e+27 
4.2919259223e+15 
-1.8649885406e-16 
-3.8231622032e-18 
-1.8204676901e-22 
-1.7971745986e-35 
9.2067863464e+01 
9.8452373235e+32 
-1.2444851160e-14 
-2.8843603680e+33 
2.2895073113e+14 
1.5377903765e-04 
-1.5036747888e-11 
1.3726811808e-14 
-5.2699747200e+08 
-2.1714416798e-03 
-2.7592973893e+28 
2.9225373047e+04 
3.1534393202e-04 
1.1783932894e-01 
1.8225063563e+18 
8.8966246502e+35 
1.4001760462e-07 
-1.3420754006e+33 
-2.8631069922e+20 
9.1029900492e-32 
1.0904263705e-01 
2.1423614400e+08 
-8.6704057957e+26 
-5.0413633557e+15 
-4.2363129350e+24 
1.6281988935e-26 
-2.5789524151e-30 
-8.5931256555e-10 
5.4984154144e+17 
-2.7728436515e-02 
-5.6912436024e-34 
            nan 
-2.8872076165e+12 
-8.5046185372e-11 
6.6561236992e+10 
3.9267024943e+24 
1.5590191058e+14 
1.8920409112e-20 
-3.4662476800e+09 
-2.2926936647e+30 
2.1235752971e-24 
-1.0991733446e-24 
-3.6496496205e-39 
-2.4792496181e-11 
8.6366468750e+04 
4.1892238281e+04 
-3.4707380155e-17 
1.1028410001e-16 
-4.5260318039e+32 
5.5168303259e-10 
-1.3666953974e+33 
1.4600739251e+29 
-1.3097637245e+21 
-1.7214272763e-21 
-5.2952750577e+16 
-6.7209074041e-04 
-3.9304539561e-01 
-1.4428462722e+20 
-7.9739319314e-11 
2.8757118000e+07 
-3.0896874070e-21 
6.0947173225e+22 
1.6655165474e-13 
4.4300154780e-35 
-1.6551929002e-04 
3.9777371883e+00 
5.5729404000e+07 
-5.2368934266e-03 
3.2778872579e-24 
4.3457549487e+14 
5.2656222454e-23 
1.6797260222e+33 
4.7877372000e+07 
-9.1196297438e+35 
-1.7411349341e-02 
8.8764000000e+08 
2.7666137534e+14 
1.7369359352e-27 
-4.3645402839e-16 
-2.2501067200e+08 
8.6359405074e-15 
6.0700101631e-37 
6.1234700175e+32 
5.8933651200e+08 
2.0118098438e+05 
2.5838078400e+08 
-1.3413411493e-09 
-1.9979502873e-27 
4.6789740283e+35 
-8.8612439744e+28 
-2.5046654000e+07 
-5.4755123138e+01 
1.6618995676e-12 
-2.5816194931e-24 
6.2499716184e-27 
-1.4376510000e+07 
-4.9582772811e+25 
-4.5692373657e+02 
3.1001085031e+37 
1.7696263707e-32 
-3.9217227664e-26 
1.9306992003e+15 
1.6980186877e+19 
-1.6734293100e+22 
1.0677037761e-02 
9.8238876738e-33 
-1.9194857828e-26 
-2.7550176282e-24 
7.8868260607e-03 
1.0292101679e+26 
-9.1838703226e-36 
-2.6425290827e+19 
-6.0763415210e-33 
-1.1894689322e-07 
4.4843352314e+26 
1.1698151289e-34 
-1.4902600284e+36 
-4.0869483481e-38 
-2.0556971768e-22 
-1.3151606203e-33 
-2.5466640363e-04 
4.2694488883e+12 
-6.0903582720e+09 
-1.5411077999e-02 
-3.6236347005e+36 
-2.1302934006e+31 
-3.2414759073e+14 
-1.6336887927e-37 
-2.7139675129e-17 
-1.8019773394e-37 
3.5779215080e+28 
4.2720996185e+24 
-1.1371500697e-16 
4.3113340507e-04 
1.0267532834e-20 
4.6148108733e-27 
1.7486560360e+19 
-8.0028930171e-17 
5.3203984030e-18 
3.7690843455e-03 
-2.7587372099e-21 
9.8741112084e-24 
9.0507456764e+24 
1.8132953155e-34 
2.8531368256e+01 
4.1073317274e-19 
2.4367997658e+26 
-1.7682426922e+22 
-1.8878880229e+34 
-4.6958466665e-36 
-8.8669457909e-06 
4.8585695028e-01 
7.9825970692e+35 
-1.9696518779e-01 
3.9448766054e+12 
2.8769927768e+17 
1.2935042858e-32 
-8.8891694979e-36 
-5.1601968562e-31 
-1.1900216919e-21 
5.9487502018e-38 
-6.3007574418e-13 
3.1562711122e+33 
2.7632220736e-05 
-2.5831500800e+09 
9.7780187937e+23 
-7.6500323533e+11 
-9.7297165880e-09 
1.8997144000e+08 
3.0691001370e-27 
-3.6238395515e-17 
-9.7022941589e+01 
4.9376361084e+02 
3.2191497920e+20 
1.7948586868e+24 
-1.6577619141e+04 
1.3471474361e-21 
4.9068879196e-18 
9.6519789097e+20 
            nan 
-2.2288898438e+05 
-2.8934236261e-31 
2.9566295718e-29 
4.2268177618e+23 
-3.2146271928e+19 
4.0709015061e-33 
2.9334381913e+31 
            nan 
-1.0700464249e-01 
-2.0006794455e-26 
6.0558695276e+15 
-1.6500140278e+12 
1.2576162815e-02 
2.2165203006e-07 
-3.4393228597e-25 
-2.0978669550e-26 
5.5331464857e-02 
1.3238891750e+15 
5.3290252561e+35 
-6.3507076263e+01 
1.0433889810e+26 
6.3669492000e+07 
1.2624376387e-20 
1.7220628480e+10 
-2.3867696000e+08 
1.8149406829e+36 
4.3668803158e+13 
-2.3494815771e-37 
2.7560922150e-16 
3.2890602499e-22 
1.0323793562e+16 
-1.3125401748e-35 
-7.9638972825e-14 
5.3864331619e-19 
5.5243069539e-15 
-1.5970548151e-37 
5.9730735641e+34 
-1.1296611331e+23 
-3.2520633046e-22 
-2.9751285302e+32 
6.2317565918e+02 
2.9772577870e+32 
2.2545776367e+03 
2.1210844365e+12 
3.5043175046e+30 
-6.5615318531e-21 
-4.9903042476e+15 
6.5745628023e+22 
4.3338336000e+08 
-2.8466658211e-27 
2.8648112176e+21 
-3.9062045980e-03 
5.3713782907e-29 
1.3565478379e+15 
9.1161484375e+04 
-1.9874606934e+03 
-2.8369516296e+27 
-4.5482001615e-15 
1.0304386874e-13 
-2.3303067684e+00 
-2.3426473131e+38 
4.1029156356e-34 
-6.5884909568e+10 
6.9169095133e+36 
-1.1251462351e-30 
-3.6005967360e+09 
-4.5854429007e-38 
-3.1991072985e-11 
-3.9177132914e+22 
1.0436945987e+30 
9.3402588866e-29 
2.1853068874e-14 
-5.3481560775e-27 
-2.4548252058e+12 
-4.2381188404e+15 
1.7529585561e-09 
-1.2133367168e+15 
2.3191938144e+32 
3.9736341280e-25 
2.9159282560e+25 
-3.8864954277e-27 
6.6573052000e+07 
-5.9737056732e+01 
-1.3152618338e-14 
8.9855548132e-13 
-3.9094481162e+29 
8.3923519924e-32 
-3.5667525317e+33 
-4.8835098292e-12 
2.2418867814e+11 
-3.3281414581e-29 
1.8234156072e-01 
3.7819337576e+35 
-3.8462034096e-20 
2.6278568210e-09 
-2.9906832886e+02 
4.2092770386e+02 
-7.5855699527e+31 
1.9307378124e-36 
-2.7769070318e-20 
8.2763519495e-36 
1.3541720494e-20 
5.2985525131e+00 
4.8631724433e-28 
2.9222416960e-20 
6.1275991853e-27 
4.0135295659e-16 
4.3893918177e-14 
-3.3855526320e+30 
3.5683249007e-04 
1.0608267902e+15 
1.4189969308e+15 
-7.4519823358e+14 
-3.0286541416e+26 
-8.4161527158e-16 
1.4666075575e+26 
2.7436838579e-08 
5.4459246094e+04 
-6.2413400412e-01 
1.6060654595e-25 
-3.0913449489e-22 
1.3123684899e-20 
2.5263819200e+08 
6.4161265623e+30 
-1.0926475573e-19 
1.7744974180e+18 
-2.8198066104e-10 
-2.4456343640e-35 
-1.4460704211e-36 
-5.6171289842e-11 
-1.9255751150e-37 
-1.1100599025e+19 
3.8888192055e-23 
-3.1892413874e+13 
1.6004785156e+02 
-2.0540020699e+18 
-9.8681985333e-18 
-1.0202447872e+10 
1.4477377281e-23 
-1.5670626512e-20 
-9.5495449526e-39 
-9.1384468227e-23 
-6.1115538109e-17 
-3.2266304303e-30 
-8.4935798652e-17 
1.7010549363e-31 
1.8281087261e-16 
            nan 
2.0749635851e-31 
2.1974212012e-26 
4.1636900937e+20 
2.0614238509e+29 
3.3366455266e-15 
-6.3611477536e-21 
-7.5230407680e+09 
4.5248190869e+33 
1.2204468658e-04 
-4.6393698395e-33 
2.7974144306e+38 
1.4472944080e-24 
-3.1402636651e-22 
5.2040002756e-34 
2.5279485101e+36 
-1.0184345190e+11 
4.9733296980e+13 
4.8679563491e-08 
-5.2732668097e-17 
3.3044456379e+19 
2.1307296248e+16 
-1.9813722415e+37 
1.3908487246e+31 
9.3034837850e-15 
-8.7990757774e+19 
2.3253504366e-07 
7.9394139325e+33 
2.6769478030e+17 
7.7261999411e+31 
-7.8896541842e-32 
7.6398969143e+28 
1.4275251888e-02 
-1.7021300791e+36 
3.1738359509e-29 
-1.3101510847e+23 
9.1887765473e-20 
1.8819412065e+35 
-1.2371399706e+24 
5.4097950077e+25 
1.5699900818e+02 
-2.7995242843e-12 
2.8967697031e-19 
1.0402669101e-29 
1.5265956119e-25 
-1.4243821170e-05 
-1.7505589085e-06 
-5.2279010114e-12 
4.5281891200e+08 
4.6829507367e-14 
-4.6970563461e+13 
-2.5822093325e+14 
-7.5641399308e-27 
3.1981182795e+15 
4.3360048000e+08 
8.9053126991e+24 
2.3084948692e+31 
1.3225031209e-24 
-1.7413195796e-17 
1.4836246555e-04 
-1.6008124633e-22 
-7.3419132968e-04 
3.3269072970e-21 
1.7718826790e-16 
4.7584041838e+29 
-9.3269754448e+27 
-2.2822550490e-32 
-2.4426179484e-28 
4.0903002647e-17 
2.1249062903e-38 
-4.4072350339e+29 
-8.9809250000e+06 
2.2328602725e-35 
-1.9610927664e-16 
-5.4183190918e+02 
2.2965328979e+02 
3.9312413839e+33 
-8.4663791719e+18 
-1.0341452748e+29 
-6.7065035101e-23 
6.1680528408e-15 
5.5816978367e+16 
1.2299836358e+20 
-1.3467664215e-17 
-1.8414356070e+11 
5.7663401508e-33 
1.8752681883e+24 
1.7962109369e+26 
-2.7074827194e+01 
-1.2489747463e-13 
-2.3152254000e+07 
1.7676897346e+21 
2.1942827275e-36 
-1.9272330850e+29 
-1.5183935000e+07 
-2.5785955840e+09 
-6.9313118001e-04 
-6.1975096320e+09 
-9.8992713682e+22 
3.4816126976e+10 
-3.2117887674e+31 
7.5424657839e-12 
-4.2424971339e+23 
2.1655535053e+30 
-2.2706574847e-13 
-2.0097373053e-02 
2.1567698438e+05 
2.9067056000e+08 
3.9412671176e-38 
-1.7752790843e+27 
-5.9371557617e+03 
4.3040211857e+27 
4.3232046177e-32 
2.3846603200e+08 
2.3783095318e-17 
5.4607616568e-21 
-2.6397955257e+32 
3.6590726376e+00 
-4.7861232304e+13 
6.6952940965e+33 
-7.3039367498e+21 
5.8456070329e-21 
-3.0391935438e-22 
-2.7103451588e+23 
-3.5211364758e-17 
1.8318621094e+04 
-1.5693377936e-03 
-7.0330342400e+08 
-4.7732467978e-10 
-1.2709293213e+03 
6.6293845827e+31 
2.9971391041e+32 
4.6116986084e+02 
-1.7438457482e-26 
1.0124785479e+18 
-1.2346043396e+02 
2.1290316615e+35 
2.5136621965e-34 
-4.1250306130e+12 
-1.0915717448e+12 
5.5934772369e-09 
-8.6295854133e-33 
-9.8271839321e-02 
9.5527485922e-10 
-6.7957837700e-25 
4.6585689545e+01 
-1.2564127067e+19 
-1.0751361515e-05 
9.6257084054e+29 
4.1025087631e+21 
5.3519144777e-23 
-1.6849531297e+24 
2.9799680710e+01 
5.3309542100e+16 
4.0599041812e+35 
-7.4631222269e-30 
-4.2487696000e-30 
4.7120828155e-26 
-1.1075537293e-17 
9.6586540800e+08 
-1.8925819053e+36 
1.7140651214e-22 
-1.1275686523e+04 
-5.2656443523e-14 
-6.5816086530e+26 
2.2744981106e-03 
-1.0409356237e-15 
2.2895979849e+23 
3.1262668376e+35 
-4.9860053880e+14 
5.6224802406e+12 
3.0172006842e+13 
-5.3339913337e+28 
-8.1002177734e+03 
4.7136838638e+18 
8.5247665376e+26 
-1.1661758553e+16 
-2.6893365269e-25 
1.3336268701e-20 
-5.5590340434e-28 
2.0022483168e-19 
-8.7474750443e-20 
-2.1774628662e-26 
1.4018955594e+37 
1.3448937519e-09 
-2.9637489568e-21 
-4.4917419469e-25 
-2.6861784980e-02 
4.4006499156e+13 
-5.7081304128e-09 
3.0840305053e-31 
-2.3376492318e-03 
8.4231725761e-11 
9.1033212080e-34 
1.0850105813e-33 
1.0778307522e-22 
5.4547100402e+36 
-3.2997534082e-32 
-2.5089658093e+30 
-1.5105021369e-27 
-2.1337028809e+03 
-2.1024264971e+20 
-1.8003070000e+07 
-6.3678615374e-24 
-6.2089831943e-08 
-1.7219255865e-01 
-5.5538031002e+11 
4.1383678025e-19 
1.6580743580e+17 
2.1507738531e-01 
-1.3893957167e+32 
-2.7499531279e-04 
3.9913454764e-09 
1.9435809419e-29 
1.4231337984e+10 
-2.0123315968e+14 
-1.6473140440e+32 
-2.0723064931e-10 
-2.0139157924e-17 
1.9703262459e-12 
6.3135002136e+01 
-2.3208745245e-21 
3.1635354059e-11 
9.3086430915e-30 
5.4303769476e+17 
1.2292660751e+22 
3.0256612808e-04 
-2.8205021595e+33 
-5.4193420510e-05 
3.5418542886e+31 
-1.6886258436e-06 
-3.7745164288e+11 
-2.5985510400e+09 
2.8951924129e-23 
9.0626526799e-05 
1.1946921966e+25 
3.9628540000e+07 
4.0483765893e-30 
-2.5865647589e+22 
-2.5909688891e-12 
7.9484504078e+26 
-1.1317680268e+21 
-4.6873373850e+28 
2.5178902126e+21 
-1.6359873142e-20 
-9.6173145891e-08 
2.3503414745e-31 
-1.2623749219e+05 
6.3163174879e-15 
4.0881680383e-38 
2.2997898438e+05 
-3.8062062895e-25 
-6.6067686967e-21 
-2.6817430626e-04 
3.9515187347e+29 
-8.1335266281e+17 
2.2585176579e+17 
-7.7964646170e+15 
2.5087209442e+36 
5.2606093469e-32 
1.0050029551e+32 
8.0122524467e+11 
1.0031992646e+21 
6.2842390846e-33 
-2.9661546717e-24 
-1.6303554643e-12 
-2.6081832886e+02 
-1.4380717664e+16 
-7.6293557882e-01 
-6.0609575361e-02 
3.8321440361e-25 
2.5816741927e+19 
-1.3629713336e+38 
-3.1740514096e-03 
9.0556370996e-13 
-1.0377721723e+24 
9.9189187409e+32 
-7.4446773534e+27 
3.1709954032e+32 
2.7566638241e+15 
1.5435102342e-19 
4.5701238281e+04 
1.0948765784e-29 
-3.6106395000e+06 
1.5531277500e+06 
-5.7072743372e+37 
-1.1187257087e+24 
-4.3362013060e+35 
-3.1961289043e+16 
3.9147741404e-07 
-4.3391731033e-38 
1.7243691758e-14 
2.9325999102e-18 
1.1236326904e+03 
1.5500424994e-26 
-4.3638699425e-12 
-3.8050843237e-32 
-6.0479299562e+36 
1.2804838747e-26 
-1.0204427952e-25 
4.9847883652e-16 
4.5447625260e-21 
-4.3561161600e+08 
5.4342161061e-14 
1.7365773750e-11 
2.2788122103e+32 
-5.4639764439e+13 
-8.5883261407e-20 
4.4455253583e+20 
6.4720697021e+02 
-9.6855152489e-26 
1.9116089809e+20 
-3.9560348511e+02 
-3.5353289099e-16 
8.8300281559e-36 
-1.1614950078e-25 
5.4204668000e+07 
-1.1084865664e-10 
-6.7525006669e-27 
8.2224586708e+31 
-1.7960708108e+25 
7.2664518959e+18 
1.4020707020e+18 
8.7681340264e-32 
-5.9323113716e+15 
-4.7315036011e+02 
-7.6241165714e+36 
1.0052948062e+19 
-1.1543049219e+05 
2.1959159720e-23 
7.8261937233e-06 
-4.7966630407e-29 
-5.6558893310e+25 
-2.7207086232e+26 
1.2301109731e-01 
1.2977134576e+25 
-8.6962113204e-25 
1.4195380277e-31 
-3.2929825058e-24 
1.1811135665e-31 
2.4149198427e-31 
1.1782402785e-14 
-5.7052619615e-25 
5.3251491109e-28 
3.6212858073e+37 
-9.8698632005e+34 
9.4310593113e-07 
4.4452564900e-31 
5.8919384992e-25 
4.2921416821e-07 
-2.3739762933e-10 
6.4109839592e+34 
3.3300925861e-04 
2.7930772037e-34 
4.0939342962e-35 
-1.6931889579e-02 
-5.0788092000e+07 
7.0867643284e+16 
-1.3552921889e-28 
2.0883103943e+02 
2.0072946785e+18 
3.0678940675e+19 
-5.4487103885e+34 
-1.3689385822e-27 
-1.0287975982e-07 
-9.5793193722e-21 
-1.8550482534e+12 
-1.9717958155e-29 
1.3262796000e+08 
1.0442628480e+09 
3.8533998809e-20 
9.0210069589e-30 
-9.8383978271e+02 
-7.0755341690e-12 
            nan 
-1.0114610400e+08 
1.0592531293e+28 
1.6575480211e-17 
-4.2848757034e+18 
1.4789024373e+33 
3.8439751334e-37 
2.0848997131e+36 
2.2653460577e-29 
-2.2569822693e+02 
-3.3717036777e+15 
1.2485436944e+18 
-9.8739246612e-27 
-2.9794900825e-33 
-2.1045603943e+02 
9.9782459438e-02 
7.3747787105e+34 
8.6737840009e-33 
1.0334647491e+36 
-5.4589789449e-14 
-1.6154808047e-10 
1.4715904088e+20 
1.3658632159e-30 
-3.0539773870e-03 
4.7231030000e+06 
2.1022769494e-27 
-3.2195629319e-04 
-1.2876557594e-04 
-1.5030128929e+24 
-6.0728150380e-33 
-2.9856249027e-23 
1.1078401991e-36 
9.2965268550e-07 
9.8928920925e-02 
1.8784422566e+21 
-7.8653562095e-22 
-1.6612244890e+27 
1.4143629844e-11 
1.2804276428e+29 
-1.1780584286e-09 
3.5410972956e+22 
7.1549904985e-23 
-3.5361367998e-34 
1.1620109375e+35 
-2.5328432685e-09 
-1.6017034060e+22 
-1.4104502809e-31 
2.5356625000e+04 
-3.2929005101e-05 
7.2709837588e-18 
2.4593125000e+04 
-3.5728576259e+24 
-4.3172912598e+00 
-3.2626303437e-07 
3.6751747131e-01 
-1.1863736469e+32 
7.1915642357e-35 
-3.6804760628e-13 
3.3849737216e+10 
-1.6346137810e-28 
-1.4569649889e+38 
-7.5483953208e-20 
-1.5568128575e+38 
2.4380882451e+34 
-1.7031642481e+12 
-4.7332111508e+21 
1.6777299886e+12 
1.3840979144e-14 
-6.5372250000e+04 
7.4894428253e-02 
1.1397933017e-35 
-5.9545193278e-26 
7.2551285638e-31 
7.4003982544e-01 
3.8260689986e-17 
-3.3402262651e+12 
6.1752146429e+16 
4.0805893983e-23 
-3.5035342683e-13 
-1.2077871361e-06 
7.8883916165e+28 
-3.6163836025e+14 
-5.3595375249e-08 
-2.1442554593e-22 
3.5952384000e+07 
2.7006582559e+15 
-1.0162066314e+22 
1.2142677606e+28 
-2.3997139345e-11 
3.2511096191e+03 
-2.1429240850e-36 
2.0352640414e+23 
8.1233894348e+01 
-3.0768462605e+26 
1.5540217240e-37 
3.5132577066e-30 
-1.7586921041e+26 
1.5276559531e-11 
2.3211413387e-20 
-5.7793977535e+26 
-1.1438318375e+33 
7.7006773329e-20 
-5.6885657600e+08 
-1.5479286256e-11 
3.3405499388e-30 
-1.8295987835e+20 
-6.6633589313e-07 
-4.0858467868e-13 
-1.5782458560e-27 
-9.4431244800e+08 
-2.4709525633e-24 
4.2421156168e-01 
-1.2895393066e+03 
1.3991067760e+19 
-5.8046132536e+18 
-1.9380390400e+09 
-1.5895116795e-27 
4.1955660661e+13 
6.4460341819e-03 
-1.2701520000e+06 
-4.9484390400e+08 
-4.4060275772e-18 
-2.5591335717e-09 
-1.9156703125e+05 
3.6764479962e-37 
9.0640007569e-24 
-3.3265104561e+22 
4.8991067160e-05 
-3.2549244928e+10 
-1.4639680000e+09 
1.9890377476e-35 
-4.5104889432e-04 
-2.1820929755e+19 
5.5433409235e+19 
8.2622066140e-02 
1.8566627804e+33 
1.0643350781e+05 
-2.6870539784e-01 
4.0964962500e+06 
-6.7160444159e-18 
-4.0446543578e-38 
-3.7635716144e-03 
1.6502721666e+21 
-1.3024335854e+16 
-2.5616273912e-24 
-2.5325547774e+21 
-3.6264484860e-23 
-1.1108108800e+09 
1.2921294400e+08 
-4.6358090000e+06 
-5.8465249836e-02 
-5.4388269333e-27 
-7.3495451389e+29 
3.1963833584e+23 
-4.4141643465e-12 
-3.4561829454e-16 
-3.4936322353e-24 
-5.7164040000e+07 
2.0747413249e+31 
-4.3367028332e+18 
-3.2370987371e+38 
-6.3048800020e-15 
-2.4233060354e+18 
-1.0607497087e+20 
8.1601757184e+10 
6.5861903974e+11 
6.1667011476e+23 
2.3238985538e+00 
-2.8606813431e+01 
-7.7897766872e+17 
2.7897946505e-27 
-1.3007583292e-12 
-3.9637058403e+29 
2.2862853832e-09 
-4.6030036926e+01 
1.0000529041e-37 
1.5254649989e-38 
1.4896927589e-22 
-1.0061332034e-07 
-1.0954726378e+20 
-1.3152736309e+28 
-7.0516919642e+20 
-1.3173486195e-06 
-7.5880266028e-16 
6.1321545218e-05 
1.8627977166e+29 
4.6808386106e+23 
2.4898196352e-11 
-4.5495040000e+07 
9.2698006441e+29 
4.4399559967e+12 
4.8779356489e-38 
-4.5430685880e-09 
4.1666599292e+29 
-3.6587405080e-31 
2.2475683089e-16 
-1.1450459227e+20 
-3.9337552610e+26 
-5.0943403125e+05 
2.1947028115e-02 
-7.4412104225e-35 
-8.2131877485e+26 
-1.1893607200e+08 
1.4685013307e-36 
-4.6641622428e+21 
-3.2743942452e-30 
-1.1874578989e+13 
8.1474887680e+10 
1.2654687846e+11 
-9.7611475720e+20 
1.6693565970e+35 
3.7183815055e-11 
8.1578842466e+18 
-2.2818278344e+23 
-3.0713566495e+19 
-2.8447444443e+18 
3.3853649051e-13 
3.0526556552e-16 
3.4855595754e+28 
2.0335839844e+02 
-4.3855340688e+17 
2.8293597426e+16 
-2.3607736750e-18 
4.4706379618e+23 
7.0245996800e+08 
-4.1937291313e-12 
7.2389087794e+24 
-1.9008552953e-34 
8.2179159311e-11 
-4.1958890557e-29 
2.5723404586e+29 
-2.9023615866e-07 
-6.8604579428e-04 
-5.7547917822e-04 
2.0466301562e+05 
            nan 
-1.0899982017e-30 
-1.9349829472e-06 
-6.5260930061e+00 
1.6263169977e-10 
-2.3269930063e-30 
2.6646050278e+27 
-3.8594101248e+11 
5.9835072643e+13 
1.4905835688e-01 
-3.8812782592e+10 
-3.4719558898e-03 
-1.3240595287e-08 
-9.3586028157e-27 
-2.3203549617e-22 
9.5594283640e+25 
6.9735876451e+30 
1.5087396522e+20 
4.7805011272e-03 
4.2149841763e-17 
-3.6023159874e+16 
1.4312338455e-27 
3.8784685426e-21 
1.2953401462e+17 
5.2103400000e+05 
-8.8791521466e+37 
3.1988677979e+00 
1.0240051270e+01 
3.7872126508e+37 
2.9601408691e+03 
-4.7018810405e-20 
-5.2944062190e-05 
-8.7401141796e+23 
-3.2254594000e+07 
6.7374280945e-20 
-2.2813431366e-36 
1.4011205975e+20 
1.2151653386e+26 
5.6283938107e+32 
-5.9851273494e-38 
-3.2643173196e+29 
-8.2884311676e-02 
7.9098186334e-13 
1.2417250000e+05 
1.2320316022e-23 
4.6509901507e-16 
-1.1201023096e+35 
-5.8723145457e-07 
7.0598247248e-07 
-6.4387451857e-05 
1.3796442039e-20 
-9.0022504481e+32 
1.3529961669e-18 
1.7779589844e+02 
1.3645005964e-25 
5.1809085910e-09 
9.2829282363e+14 
-8.7667156434e+33 
-3.7339709368e-14 
-1.2729356005e-34 
1.4844046063e-06 
6.0397906465e-27 
2.3237348670e-28 
4.5346707061e-18 
-3.1589045723e+27 
-1.5502991397e+23 
3.4887334835e+15 
2.8845192865e-02 
1.9631577730e+00 
-3.1587841464e-27 
-4.5238300784e+21 
1.0596473806e-19 
6.8529927803e+17 
-5.9853500694e-21 
-2.3807325745e+02 
9.3711069991e-14 
6.6871677306e-28 
-1.1420441897e-34 
4.4460750000e+04 
7.9170390884e-32 
2.7543179453e+23 
-5.8788170006e-39 
-3.5866168976e-12 
3.5347840893e+13 
-2.1810621346e+23 
-3.2327178650e+12 
-2.9115125000e+04 
1.9983638246e+27 
-7.6658331244e-31 
4.2498671249e-11 
2.1438982780e+18 
-4.9508165000e+06 
5.8730360852e-11 
-2.4684396784e-22 
-4.5200746030e-36 
-8.6582060177e+18 
7.9602183363e-21 
1.3575342534e+37 
-1.3080081374e-07 
1.9029016992e+24 
-1.9893547071e+23 
-1.6133191801e+28 
3.9931261075e-10 
-1.7139689062e+12 
4.0678723584e+10 
1.8784037373e-38 
7.9900154266e+12 
-1.1859540312e-29 
7.0277228229e-34 
-1.1035050781e+05 
-2.5496194000e+07 
-6.1587093262e-16 
-7.0246806250e+05 
5.4284054601e-14 
2.9175024273e+19 
1.2036686981e-26 
2.9301459457e+26 
-3.0977154000e+07 
-1.7978092046e-06 
9.5871657044e+31 
1.6094673908e-21 
4.3678378586e+16 
3.7547080028e-11 
-2.7865418240e+09 
-3.3069570363e-38 
2.3803188800e+08 
            nan 
-3.9762811099e-13 
-2.4009847858e-20 
-2.7488494584e-34 
-1.2805350009e+36 
-2.5352181046e-21 
4.9679040909e-02 
7.6273597396e+25 
5.4006987686e-31 
-1.4852560071e-08 
5.3591584321e-20 
-2.1369284796e+23 
7.1428656432e-22 
5.7152060435e-06 
-7.8441663693e+13 
-1.5257282806e+12 
2.1781606564e+12 
2.4260438323e-33 
-3.7918201988e+15 
-3.9967864793e+37 
-1.6741579520e+09 
-1.6721973673e-14 
-7.0238482673e-21 
-6.3158075000e+06 
-1.0994407129e-35 
1.7229601138e+36 
-3.4050250000e+04 
7.5368676335e-05 
-3.2104227703e+16 
-5.7440154419e+12 
-2.6844604622e-31 
-2.9114870871e+22 
4.5723810527e+32 
5.3527969792e+10 
-9.5074453292e-33 
-3.1516389132e-22 
-5.6746740772e-24 
6.8175439738e-34 
8.6785003047e-36 
-1.2773562500e+04 
-5.2854566395e-20 
3.1005313913e+37 
-1.9648828125e+03 
-4.4852756064e+19 
-6.3738000000e+05 
-9.4758863071e+33 
-9.0799190389e-10 
-3.2494205037e+37 
-3.0509805981e+31 
1.1810770044e+30 
4.2918202325e-09 
-2.4555454756e+19 
8.5339129724e+32 
2.4992656250e+03 
1.4020800705e-35 
-3.5710237500e+06 
-2.2401272608e+18 
9.1909529558e-37 
4.2154067849e+15 
-1.5998870400e+08 
1.2178892502e-16 
4.5485558076e-05 
-9.8568557776e+29 
4.4081941183e-22 
-1.5638682804e-32 
-5.0654208000e+08 
-1.2661402418e-27 
2.6847963809e-37 
-3.1561523438e+02 
-7.0955937687e+31 
1.1249169922e+02 
-2.8314483530e-14 
-1.7454777600e+09 
-1.5958145113e-34 
-4.4536236563e+15 
-2.7028798037e-12 
4.0522256661e-09 
-2.7044495688e-27 
5.9539892803e+30 
-3.7733400259e-29 
2.5415004880e-27 
-7.1736004315e-20 
1.3017969650e-05 
1.3214051247e+01 
-4.9285761597e+12 
4.0865019004e+22 
-1.8083252423e+24 
1.6704716590e-32 
-7.1631671132e+12 
-4.7704240411e+16 
2.3740876953e+04 
-3.5453819734e-15 
1.4604652557e-11 
8.2161778985e-17 
-6.3507293007e-19 
-8.1734692383e+03 
1.4102078974e-01 
-6.3538948000e+07 
-1.3833339697e-28 
-8.0207449198e-01 
-6.3866323217e-06 
-1.0513428497e+02 
3.9505243106e+27 
-5.6130663350e+13 
4.4632620239e+02 
-7.8341746949e-15 
-3.0478829568e+10 
4.3354787201e-38 
2.5652927889e+19 
-1.6365112305e+01 
5.8463197088e+19 
3.0083341823e+19 
-1.0791198730e+01 
-2.1126272254e-16 
-1.8253955030e-37 
-5.2686885104e-37 
3.2130400000e+06 
-1.0629666884e-18 
-6.9497459003e-12 
1.4876980740e-34 
7.0597867762e+29 
7.7927943494e-05 
-6.7116999626e+00 
-4.9832340872e+16 
-9.1763657157e+19 
2.5118607333e+28 
-1.0091369629e+01 
            nan 
1.0347750504e-05 
-6.2308278528e+29 
3.2671413567e+13 
7.8053772449e-03 
2.9161717760e+09 
-3.8728179932e+00 
3.5002909353e+31 
-7.2023153415e+34 
1.2952050000e+05 
1.6310056985e-37 
-1.3377882870e-24 
3.5407371709e-22 
3.0808491898e+32 
-1.8989694325e-14 
1.7321035776e+10 
1.0801068344e-16 
4.2239117866e+16 
6.3114240396e-12 
8.4826959229e+02 
1.5507043339e-02 
1.1312512670e-26 
-4.1207729571e-25 
-1.7336072992e+28 
-8.6871832958e+31 
-4.4693947763e+15 
1.5246142481e+28 
-1.6767081661e-06 
9.1033196800e+08 
6.4664033070e-38 
6.0752391066e-24 
-2.8602360115e+33 
-7.5598870235e-33 
-9.0806802078e-09 
-1.4900524548e-07 
-2.8964714147e-05 
1.8435482910e-29 
2.4408435822e-01 
-1.0154474917e-14 
3.9738469472e+34 
-6.0257600000e+06 
-1.1927224747e-38 
6.1641049575e+19 
-1.3513125478e+25 
-8.1078745185e-24 
-3.2155051191e-14 
1.6694055689e+20 
-1.6020377600e+08 
2.1048608733e-30 
2.3201554848e-33 
-1.1305465819e+36 
-9.7087890625e+02 
-1.1198800000e+06 
3.1601664000e+08 
-5.9062448707e+27 
2.7731445312e+02 
-1.1975590117e-23 
9.6989638543e-12 
-3.2738098051e+31 
1.0480658075e-26 
1.0621092258e+32 
4.1910351562e+02 
-1.3984107383e-15 
3.2564178171e-36 
-2.4335533381e-03 
4.2198522874e+29 
-6.9479771561e+30 
-4.1336181641e+01 
2.1967031250e+03 
-2.5790729738e-30 
-2.4486131345e+27 
7.8653670244e-09 
-4.1880569701e+15 
-5.5460023245e+31 
2.1054486528e+10 
-3.5091002418e+29 
-4.5917226089e-05 
-2.8093946658e+26 
1.6152057544e-21 
-4.2079868458e+27 
5.6342679262e-01 
1.7951485952e+10 
-1.4896630843e-38 
-1.4898176376e+21 
4.4116731733e-02 
-2.9596477379e-33 
1.6885248000e+08 
5.5951314396e+19 
-1.5344388087e-14 
1.0291238551e-16 
-1.5304568540e+19 
-4.9816650371e-15 
-1.3852146426e-14 
8.5580160000e+06 
2.6191576436e+17 
-3.7739939697e+20 
1.2644668459e-06 
1.6941756197e+16 
-7.0868700277e-06 
1.7736413822e+20 
-8.5546415354e+21 
-3.5217571840e+09 
3.7643047016e-38 
-1.9558297452e-35 
-3.0116211116e+35 
-1.2490142904e-34 
-6.2617812667e-26 
7.8057928366e+30 
-5.4651786363e+12 
-4.9391143219e-37 
-8.7630865479e+02 
-5.9414471672e+34 
4.3749286013e-36 
-1.4203567905e+32 
2.1772376953e+04 
-1.3886075578e-07 
1.3070033523e+34 
4.8453100127e-36 
6.1638677979e+02 
9.5063098880e+15 
-3.7544001792e+32 
-4.6297411295e+23 
-1.4547449357e-32 
1.8135204540e+32 
-5.8631559604e-19 
1.3155173171e+11 
7.3213384242e-28 
-4.9361920320e+18 
-8.6603449745e-08 
-1.7432785715e+12 
-1.1374744462e-14 
-5.7896869435e+19 
-1.8684245904e+24 
1.1368080500e+14 
1.4959437500e+04 
-5.9654680664e+21 
-3.0905881625e+26 
1.7285291781e-33 
2.2072300000e+05 
1.1894172348e+23 
4.8034188923e-35 
-2.6294411093e-11 
-1.0860448516e+22 
-1.1174767682e+19 
-4.9287852767e-31 
-1.2090318695e-19 
3.2447101729e-29 
6.3541993750e+05 
2.3876520031e-33 
-3.6639985028e+22 
-1.9448040071e+15 
-4.1231038441e+14 
8.3892346801e-29 
-1.7772365663e-23 
-2.0678071682e+29 
1.3899988992e+10 
1.9332851565e+30 
4.8376471308e-29 
-1.2001027494e-17 
-6.7401437172e+16 
-2.8665844866e-18 
3.9461212158e+00 
-5.8427708697e-22 
4.5571000755e-32 
7.3253273600e+08 
-1.6352870400e+10 
2.0369322803e+11 
3.7060073723e-18 
-6.4602268634e+25 
-3.9839064241e+26 
-1.3432724934e-17 
8.9253979235e-17 
-3.2972908020e-01 
7.7069969330e-15 
2.3776643005e+27 
-4.4363128225e+24 
3.4904843460e-09 
7.4960593288e-12 
-5.1946326459e+25 
-4.2723691251e-10 
-3.7189558390e+24 
1.7178525269e-10 
5.9640064155e-15 
-7.5163160088e-27 
1.8914652173e-06 
-1.4792393117e+33 
-3.5035048295e-25 
-7.9656361324e+24 
-5.9881353348e-14 
-9.2470630449e-35 
3.2702483049e-29 
-9.8834560000e+06 
5.0265313936e-33 
-2.7884840856e+38 
-1.2341812253e-03 
5.1020758676e-21 
-4.0982981789e+20 
3.2927599566e+38 
4.1150350098e+13 
9.0660469452e+34 
-3.2711985965e+22 
5.7610000000e+05 
2.3041648092e-06 
-4.4731961955e+37 
-2.9355161944e+13 
-1.4141996740e-20 
1.3965095746e-10 
3.9836027272e-15 
2.2581622637e-32 
5.5958568960e+10 
2.3992670644e+31 
-4.8128470098e-09 
1.4861655018e-08 
-1.0193562500e+04 
7.1282500000e+04 
-4.6634708415e-30 
9.7581568000e+07 
1.6196562500e+04 
-1.7420637237e-27 
2.0483901988e-17 
-1.2992972000e+08 
1.6639725404e+12 
-3.2776885808e+33 
-2.2128658531e+38 
-8.2998978150e+11 
1.3347767388e+27 
-4.7930662912e+10 
-8.0117553171e-34 
-1.0656531783e-36 
3.3892781787e+31 
-1.1077007904e+21 
7.1300921100e-15 
1.4644853330e-08 
7.0084237454e+36 
-9.9296676990e-26 
-9.3942163200e+08 
-4.5517539978e-01 
4.9028851675e+22 
-4.2212284257e-32 
-2.6218986511e-01 
9.4673727268e-34 
-2.2829012908e-37 
-1.4344038846e-08 
1.2901564779e-34 
7.8044237739e-10 
2.0124296875e+03 
2.7335852032e+11 
-7.9483959455e+18 
7.3026333111e-27 
4.3984323899e-37 
5.5294897503e+26 
4.7343585992e-35 
5.6851527931e-18 
3.8585494034e-19 
1.6742783082e-29 
1.2607214453e-28 
1.5702779927e-22 
1.3099550000e+05 
-7.3410663777e-22 
4.0212979743e+24 
3.3236955833e-34 
7.0404837516e-09 
-2.9553254400e+08 
3.3775138855e-01 
7.7032670379e-04 
-1.8330465364e+34 
4.0025686566e-22 
-5.1577446400e+08 
-2.3041057587e-01 
2.0211841911e-04 
-2.4345192948e+19 
5.3051096502e-14 
-5.2726720000e+06 
2.9190996429e-06 
4.7269263156e-14 
6.1351757008e-12 
-1.7930199971e+15 
-3.6920859732e-26 
-1.1744941011e+28 
5.3293407217e-17 
-1.6004101680e-31 
2.8738548614e-22 
-3.7302140092e+35 
-1.3037950000e+05 
5.6883234063e+17 
3.3989924249e-36 
5.9230651855e+00 
1.9710036816e-24 
-5.5154678170e+11 
-1.4219201030e+19 
-9.2537548404e-32 
-1.9427368118e+38 
-6.7246183329e-38 
-1.4665428113e-24 
-4.1841254955e-15 
8.3613024060e-08 
-1.8862423531e-05 
1.7261818987e-22 
2.0145408178e+24 
2.2174865481e-29 
2.7724632880e+27 
2.2129187016e-07 
7.3613040705e-27 
-1.3055811523e+04 
-2.9807489810e-11 
-1.6786652399e+23 
-1.8226839246e-32 
-5.9566569107e-36 
-1.2815757421e+35 
-2.5247093480e+27 
-2.2598933803e-23 
-7.1497536454e+31 
2.3712277225e+31 
1.0208474563e+12 
1.0743724488e-07 
3.9416784563e+31 
-4.9069225788e-03 
1.1050050000e+05 
-1.0357690933e-18 
-4.8571999899e+14 
1.1988522601e-06 
-5.7950464258e-21 
6.5304804593e-05 
9.5199545177e-37 
6.6352400000e+05 
-7.2762360373e-12 
1.7653523568e-14 
-4.0247789575e-16 
6.8755192757e+00 
6.7900484354e+13 
-2.5429027062e+13 
5.9516940496e-38 
-8.1175138520e+20 
-3.9344755180e+12 
6.1541455242e-39 
-7.5559714165e+24 
2.3233766395e+24 
-9.4362112000e+07 
2.6745239258e+01 
1.3933898926e+01 
7.8914652590e-10 
-8.1139471698e-26 
4.7122187595e+32 
-5.8510426758e-22 
1.7211368686e-07 
-4.3780200000e+05 
1.4773925781e+02 
-2.7278201399e-14 
2.5083318178e-07 
1.6517200000e+06 
-2.2158598741e-14 
4.9057732836e-38 
1.7022763573e+29 
-9.0332500000e+04 
1.0806676734e-13 
3.3094755905e+22 
-4.0284649003e-06 
5.5128788219e+20 
-2.0599314880e+02 
1.0042211697e+12 
-2.5827610214e+29 
5.7387154509e-16 
-1.0084102629e-24 
1.3856762591e+21 
-4.7531531891e-04 
2.0609489226e-08 
4.4720084875e+32 
1.0896660657e-10 
8.0114213262e+31 
-2.9125809441e-33 
4.4475296261e-23 
1.4474130339e+30 
4.8679593342e-14 
7.4294530353e-17 
-2.9296963255e-33 
-7.0770952307e+33 
-5.1122605801e-03 
3.3710742188e+02 
-1.6223176211e-31 
-1.4480138641e+15 
6.2059292983e-26 
8.2135371876e-36 
7.0274872555e-28 
-7.9339899373e-36 
1.0684432983e+00 
1.8645116847e-37 
7.7967415564e-06 
7.5349601662e-30 
1.1029250636e+23 
-2.1569630127e+21 
-1.4326550611e+15 
5.7164540951e+29 
4.0058946939e+17 
1.9954022719e-06 
9.7106821689e-17 
1.0266086884e-20 
-4.2231201172e+01 
3.5262059182e+20 
-1.4392885108e+33 
9.0191875000e+03 
-5.1841517190e-13 
5.0597839355e+00 
-5.4105555591e-09 
4.6293991448e+36 
-1.1430859375e+03 
3.2324066162e+00 
5.6514193980e+18 
6.3460693359e+01 
-1.6710469271e-15 
5.9198767945e-36 
2.2594981543e+19 
-8.5891468102e-29 
-2.3989714944e+10 
1.2224026680e+16 
-4.9239873886e-02 
1.6332191459e+20 
3.7197460188e-06 
-2.1126808064e+19 
-4.8753319090e-14 
5.6474087770e+35 
-8.0389091428e-24 
-1.2975150000e+05 
-2.7278081301e+29 
1.7197733445e-16 
4.4673171876e+23 
1.4787823743e-12 
-1.2282118905e+24 
3.1678728445e+31 
-9.0199776602e+24 
3.0718551636e+02 
-8.0675285339e+01 
-3.2059720598e-15 
2.8990417838e-30 
2.8620540225e-39 
-1.0504885156e-10 
-4.1195396153e+36 
6.2665441492e-28 
7.1004628496e-35 
4.4218966054e-13 
3.1816024064e+10 
-8.4246171806e+29 
-7.9409898066e+26 
1.4109352772e+38 
1.4071205616e+37 
3.8440942764e-02 
-1.7407426560e+09 
4.1128572505e-32 
5.4254653605e+18 
-2.3925714542e-22 
-3.5447447879e+24 
5.0227118080e+09 
1.6232645280e-17 
-3.8205606491e-23 
7.1705468842e+19 
-1.5480925561e+22 
7.7075260314e-26 
-6.1227840000e+06 
3.0293121338e+00 
-3.1722337008e-03 
-2.1655355980e+27 
9.7731503729e+33 
-1.1382310221e-38 
6.7609088000e+07 
1.6612818703e+38 
-2.0803903490e+18 
-6.4843528323e-22 
7.8594598989e-18 
2.3727701026e+23 
8.5740444500e+18 
-2.7974692875e-14 
-1.9874305339e+34 
-1.1653108711e-17 
1.2508407235e-03 
-1.2627481283e-08 
7.2323587891e+19 
4.7152291295e-16 
6.2013296313e-36 
-8.8611341198e-07 
6.7776142089e-22 
-1.0263080377e-24 
-1.0827599260e+21 
8.1288309417e-11 
-4.7360355202e+24 
2.9341584515e-37 
-7.1692429771e-11 
1.6825399652e+35 
7.6469480991e-03 
4.1585008148e-06 
-1.2012470811e-32 
3.0511527187e+21 
-2.0710528506e+26 
-9.6430988143e-25 
2.4512597656e+02 
4.8890402015e+20 
9.8438092784e-16 
2.1077273414e-02 
-6.2327186715e+16 
6.3168852964e+22 
-4.5923772561e-27 
1.9447261770e-19 
-3.5974298273e+36 
2.3481336149e+14 
3.8508504857e+37 
-2.3922337481e+38 
-1.6924394424e-27 
2.7284043723e+31 
-6.4661483965e-21 
-7.9102221132e+24 
5.1202108711e+22 
6.5537049393e-24 
-5.0869936251e+15 
-6.5159687500e+03 
-2.7027690001e+37 
-5.6527328491e-01 
-1.2922009773e-07 
-4.6903787520e+09 
8.1944472401e+22 
4.7604586939e-10 
3.5494339503e+25 
-6.9817573944e-10 
2.9212856134e-08 
-4.7951341532e-28 
-6.0223747540e+36 
-8.7762227676e-30 
1.0288615016e-23 
-2.6347042193e+30 
-9.4408990479e+02 
-7.2353428636e+19 
5.3504121715e+25 
2.6455202828e-07 
-1.2669038174e+15 
-1.5757378371e-19 
-8.9197459047e-25 
-1.9105085781e-37 
-4.1220753906e+04 
-4.8392290422e-23 
-2.3622636339e+11 
1.5221527130e-30 
-1.4092610372e+33 
4.2771906560e+09 
1.8907289912e+18 
-3.2024871770e+20 
2.5545621679e-37 
7.4930953979e-01 
6.0902962709e+28 
-1.2470450883e+32 
1.0814244468e+14 
-1.2729431152e+01 
-1.6823895554e-34 
4.3602414579e+31 
-3.9777788436e-32 
-3.4458408349e-12 
-6.1271005063e+27 
8.6650004867e-36 
7.8977584839e-01 
-3.7407917365e+31 
-3.1861160377e-09 
-4.1097908202e-23 
-1.4154239325e-03 
-3.8359870086e-04 
8.0045978422e-33 
2.0687218755e-02 
-3.6451034596e-19 
1.2043587973e-26 
2.0175809782e-28 
1.5442803203e-24 
-1.8834445115e-10 
-6.1474601993e-16 
-2.7329660952e-04 
-4.1670802576e+30 
7.9236470982e-22 
4.1128385420e-13 
-4.6813440000e+07 
1.2543965026e-16 
1.8495527065e+22 
-1.9248899140e+37 
-3.2147657406e+25 
1.1436740485e+29 
6.4764313509e+17 
-4.9545418155e+23 
-3.0262512155e-05 
-8.6586289515e+28 
1.5744445801e+01 
-9.0008445142e-11 
-1.1361494297e+27 
-4.5549423461e+30 
1.8220252955e+30 
1.6232342151e+22 
1.6402478847e+28 
2.0600099182e+02 
-1.7319589298e-14 
-3.1568222618e+11 
-9.1382148003e-27 
-2.8405461644e-17 
-6.2810241233e-24 
-6.9654561230e-07 
5.3117630145e+23 
1.0661142369e-07 
3.3575840000e+06 
1.8646749338e-33 
9.5876094528e+17 
2.5141111487e+30 
-7.2328260376e+20 
1.7583164915e+27 
1.3808978399e+38 
6.2585088000e+07 
-5.4433041120e+15 
-2.8125744162e+35 
1.7614651568e-29 
-6.2666605423e-38 
2.6438199922e-24 
1.5770860924e+33 
-3.0850372314e+00 
-3.2556690152e-28 
4.3919123709e-04 
1.0489723781e-15 
1.0221725968e+37 
1.2842102102e-25 
2.6919464921e-11 
-2.7932634536e+23 
2.6701728393e-13 
-6.4659644416e+10 
-6.2424907599e-34 
2.1671896875e+05 
-1.2448305190e-12 
-1.7230849085e-37 
-1.2640874912e-14 
9.4971092992e+10 
3.0318200000e+05 
2.0395091345e+21 
2.0506875000e+04 
-8.0201647079e+24 
1.0973193847e-35 
1.0823309763e+33 
6.5303193071e+37 
-1.0181992188e+03 
1.6215850924e+28 
1.2059789975e-24 
1.2925553960e-09 
-5.7259369092e+31 
2.4174864469e+32 
-5.4191445362e-21 
3.9609027169e-10 
-3.3941323636e-06 
-8.3963058728e-10 
7.9802210347e+15 
-2.0293236592e+27 
2.1080336546e+20 
-1.1846136270e-19 
1.0004914466e+24 
1.4911065293e+11 
-1.9667406868e+14 
4.3566864794e+11 
-2.0982986952e+30 
-5.0262212753e-02 
-9.7126574135e-24 
2.0078375000e+04 
3.8258514404e+00 
-9.0047251433e-05 
-1.9096126134e-34 
1.8125600782e-29 
9.0331956744e-04 
1.1755546439e-06 
-1.5404486126e-34 
-1.3220982827e-20 
2.1042248349e-27 
-9.8077187722e+23 
3.7263023984e-34 
7.6884494432e+32 
-4.7323466065e-18 
-2.4368250880e+10 
3.0178163706e+18 
-9.7928798344e-26 
8.2786304000e+08 
-9.1208553255e-21 
2.2907010759e-28 
2.6769378521e-27 
2.8496989978e-31 
-1.8535127885e+29 
1.3439303486e-31 
6.6355425783e-19 
-6.4000926983e+19 
-4.9576356803e+24 
-1.1556290835e-01 
3.2935135386e-29 
-2.7396415265e+14 
3.6269815276e-14 
7.2256320000e+06 
3.9363824700e-13 
9.8344238281e+01 
-7.0105865598e-04 
-1.0642450000e+05 
1.1727877833e+22 
1.2935802340e+26 
9.5952624056e+21 
-9.7799553178e-11 
-4.9022444950e-31 
-5.8792610093e+15 
2.5863153849e-24 
3.5514920954e-28 
-2.7745069030e-30 
1.4003035927e-12 
1.1439104018e-34 
7.2020993284e+22 
2.7403864586e-29 
-2.6541632513e+33 
-1.4532928000e+07 
7.5538795929e-23 
