2.3509887016e-38 
0.0000000000e+00 
0.0000000000e+00 
0.0000000000e+00 
0.0000000000e+00 
0.0000000000e+00 
0.0000000000e+00 
3.5873240687e-43 
0.0000000000e+00 
0.0000000000e+00 
0.0000000000e+00 
0.0000000000e+00 
0.0000000000e+00 
0.0000000000e+00 
0.0000000000e+00 
0.0000000000e+00 
0.0000000000e+00 
0.0000000000e+00 
0.0000000000e+00 
0.0000000000e+00 
0.0000000000e+00 
0.0000000000e+00 
0.0000000000e+00 
0.0000000000e+00 
0.0000000000e+00 
0.0000000000e+00 
0.0000000000e+00 
0.0000000000e+00 
-4.4236203410e-34 
7.1746481373e-42 
0.0000000000e+00 
0.0000000000e+00 
0.0000000000e+00 
0.0000000000e+00 
0.0000000000e+00 
0.0000000000e+00 
0.0000000000e+00 
0.0000000000e+00 
0.0000000000e+00 
0.0000000000e+00 
0.0000000000e+00 
0.0000000000e+00 
0.0000000000e+00 
0.0000000000e+00 
0.0000000000e+00 
0.0000000000e+00 
0.0000000000e+00 
0.0000000000e+00 
0.0000000000e+00 
0.0000000000e+00 
0.0000000000e+00 
0.0000000000e+00 
0.0000000000e+00 
0.0000000000e+00 
0.0000000000e+00 
0.0000000000e+00 
0.0000000000e+00 
0.0000000000e+00 
0.0000000000e+00 
0.0000000000e+00 
-3.8950368528e+15 
-2.1304073133e-26 
-5.7127548644e-05 
4.2889349163e-02 
-1.0729253679e+18 
-5.9844069804e-12 
3.9123609990e+19 
4.8625199612e+13 
-5.0894853933e+17 
1.2142254657e+35 
3.1929403121e-08 
-4.9608223784e+26 
6.2345200000e+05 
7.4768338581e-21 
-3.5774753699e-22 
-6.4124548924e+15 
-1.6607586417e-09 
1.0414110134e+29 
-1.2431437500e+04 
2.4006905594e+27 
-2.0021647215e-03 
4.8582255840e-03 
2.2890085538e+21 
6.4933884550e-16 
-8.6039481211e-25 
2.9799818993e-02 
1.4517215700e+27 
2.2836399438e-10 
-3.8976817306e+23 
1.1997304276e+28 
-2.1198079034e+30 
-1.1766653465e+14 
-2.7931062329e-32 
7.3191740282e+16 
-2.6973569024e+12 
1.1434679154e-33 
6.3694588000e+07 
2.7920316335e-21 
5.7918257135e+19 
-2.1189498438e+05 
-1.5642381987e-37 
-4.7716818425e-14 
-1.9062215870e-04 
-1.7189498438e+05 
5.9788503712e-27 
7.9603192000e+07 
-5.4486381779e-19 
-5.5534183928e-29 
-5.1204379966e+26 
3.8195530825e+25 
-3.4324477952e+10 
8.5646848572e+18 
6.5643361330e-38 
-2.9067384438e+38 
-4.7600104243e+11 
-5.4875450769e+13 
-2.0954992573e-37 
5.7097927311e-06 
5.2624084437e+32 
-2.5567747116e+01 
            nan 
1.5380618242e+29 
-2.9393646312e+35 
1.1370168809e+32 
-2.1029021336e+30 
-2.2849255971e-26 
3.0107887928e+25 
9.1188313509e+19 
-2.9162190292e-15 
8.5590993920e+09 
8.0518877180e+16 
-1.8795602417e+02 
-4.6130782208e+10 
1.1389915628e+13 
-2.0290856934e+03 
-8.2869837051e+15 
-5.5716004486e+33 
1.1221159064e+15 
-2.5325369141e+04 
1.5526319785e-08 
7.9341112948e-17 
-1.6405205319e-11 
1.2035397141e-37 
-8.7203328425e-33 
-2.5024653832e-34 
1.4382076915e-03 
-4.9538893692e-32 
-9.7072944215e-23 
-2.5300527923e-03 
-9.2935910363e+21 
1.5783809878e+28 
-1.6680840559e-37 
1.7125753048e-28 
1.5691833344e+11 
6.7006816116e+33 
-1.8861963181e-03 
1.0438207000e+07 
-6.2264047625e-33 
-7.1446542754e+30 
-6.9664792327e+14 
-5.8669517505e+13 
5.7870530601e+25 
1.1080241949e-13 
2.6273443672e-31 
-8.5362997276e+17 
9.6591507162e+19 
1.1844491214e-01 
2.3854237500e+06 
8.0274862482e-15 
-1.9845925841e+15 
1.3789741162e-35 
-2.4191517500e+06 
-7.1622073436e+22 
-5.9757997463e-38 
-1.6042601517e-38 
1.4685452787e-20 
2.0312164800e+08 
1.6753703680e+09 
1.0545714378e+01 
3.9796865940e+21 
7.4693434913e-22 
-9.7808412490e-21 
1.7490891651e-06 
1.5687810048e+10 
3.0862616474e+31 
-2.3052859872e+30 
2.2609650324e+27 
1.4357985258e+00 
2.9617846048e-21 
-8.1962231109e-32 
6.7497993750e+05 
-3.4091901523e+15 
4.0503629921e-17 
-7.1492824884e-15 
6.0057476985e+21 
-7.4429404009e+32 
2.6419540353e+23 
1.1889894289e+24 
7.9090873883e-25 
4.4184385928e-08 
-1.4097827055e+29 
2.8532402772e-24 
-1.7702637765e+30 
5.2121502362e+23 
-1.9271596800e+09 
-1.2638538876e+35 
-3.0496957566e-36 
8.9235245468e-06 
-4.0658103551e-09 
-5.1164116344e+23 
4.1913654255e+25 
6.0894793750e+05 
1.2651177531e-04 
3.5846601087e-16 
-1.9778403018e+28 
-1.0654165369e-34 
-4.6655365374e+15 
-3.2880802497e+25 
-1.3407259682e-16 
2.5419059632e-18 
1.4182393255e+16 
1.2450593792e+10 
9.1500687631e-06 
9.7774072000e+07 
3.0706079877e+21 
4.4062385223e-29 
-2.3353582956e-10 
-8.4429867196e-16 
-1.1509747558e-17 
-7.0624471504e+32 
1.6808963626e+21 
-2.4325312901e-24 
4.7452961305e+32 
-6.3542793750e+05 
2.0290093497e+34 
-2.8342411211e+22 
7.5905261110e-18 
7.1660484375e+04 
2.7181505238e+18 
-2.3854063899e-19 
-2.8644633600e+09 
1.3715223127e-15 
-1.4853634136e+27 
-3.0768220952e+26 
-6.8584120768e+22 
4.4352921600e+10 
-1.7480592971e+24 
6.4901302190e+12 
1.7791364215e-10 
3.3655361925e-17 
9.1700727630e-28 
9.6971042319e-24 
-4.7355379706e-07 
-2.5645652357e+27 
-1.8997037360e+31 
-1.5079751242e-27 
7.2360170842e+19 
1.3563525120e+10 
-1.2985148351e-04 
9.2428778542e+16 
-9.5034098185e-15 
-3.3244255533e-21 
            nan 
-1.4380796432e+01 
-2.8080978515e-11 
2.1409734590e+13 
-7.7622037094e+24 
-7.4296730143e-35 
1.1834864091e+38 
-7.4955272054e+27 
5.5337343596e-09 
1.4292221616e-32 
2.6543393750e+05 
5.9598098159e+24 
-9.2769962177e-14 
1.4767807677e-14 
2.7373597500e+06 
-1.6661272539e-15 
-5.9428435701e-26 
-1.2312689488e+36 
3.2793246094e+04 
-4.6537275000e+06 
-3.5228413580e-38 
5.7910728872e+36 
-4.3208915812e+19 
-1.0550196513e-13 
2.7834114326e-29 
5.3050191379e-20 
-3.4206026305e+35 
2.6611915816e+35 
2.7484297752e-02 
-1.1165185547e+02 
-2.4725900000e+05 
-5.5735171180e-21 
-2.8122080000e+06 
-4.5718013962e-21 
1.5014182257e+12 
-3.1413176055e+14 
-4.8288872900e-12 
-1.6282422346e+13 
-1.4090436608e+10 
6.1333688862e-27 
2.3505851277e-38 
7.3874486715e-16 
-1.2419225600e+08 
3.7565113102e-31 
-5.4238736629e-03 
1.0884836593e-18 
1.1575321864e-14 
1.3045694726e+14 
-1.4516142080e+09 
-3.9689775556e-02 
-2.3703314331e+37 
1.7097127320e-36 
-5.2033442399e-17 
1.7784266411e+34 
-2.6328836055e+22 
-1.5266969811e+33 
-2.1587178671e-25 
-5.8635520000e+07 
6.2023450923e+17 
1.4987676877e-08 
-1.0291810806e-13 
3.1270076504e-27 
1.7265792000e+07 
-9.4278515625e+02 
-6.4549853202e-29 
2.8849633793e-10 
-5.2357113314e+26 
-7.9420924625e+13 
2.9268785892e+22 
-5.8280491544e-10 
5.1306398366e-14 
-2.4586033630e+02 
-9.0641009521e+02 
1.4084352345e+32 
1.5594053268e+01 
-3.6628160357e-13 
-6.2090707897e-35 
-3.0468397393e+19 
-3.0604758906e+23 
1.8020828689e-29 
2.3227037218e-06 
-4.4560086176e-10 
-1.1626892090e+01 
-1.8631035346e-06 
1.0399287567e-04 
1.8092428596e+38 
1.1803821809e-12 
2.2199712986e-29 
-2.6766967773e+01 
2.6652424227e-34 
-9.2246520167e-19 
3.5270187226e-18 
-1.6243493064e+21 
3.3079253336e-38 
-1.3596675869e-13 
1.1903453366e+24 
4.4497348211e+27 
-3.2713557934e+13 
-9.7501831055e+00 
-8.9755510000e+06 
2.4546305060e+20 
-2.7918500844e-09 
-4.4409916621e+11 
1.6960612800e+08 
-2.9391091309e+03 
-3.0722929176e+15 
-6.6938291371e-27 
1.9978099092e+24 
7.0177728271e+02 
8.3749827985e-29 
-1.5713983934e-11 
1.9577121433e-34 
5.0350474901e-09 
-1.1641859482e-32 
-1.7058102417e+02 
1.8925006172e+36 
1.2857197849e-26 
4.5297734225e+21 
-2.5930684428e-21 
-5.2135134329e-18 
5.3660242188e+04 
-6.0726426261e-15 
-1.8032329600e+08 
9.6361726993e+24 
6.4570812166e-22 
2.3903928757e+01 
1.1937790720e+09 
1.9244644352e+10 
8.9832449736e+33 
1.4963089800e-16 
-2.4553957835e-16 
3.2435786138e-30 
5.8977672597e-04 
3.5932249365e-38 
8.9383115234e+03 
-4.2819501799e+24 
-9.7146243489e+17 
4.0741176122e-07 
7.0698165204e-12 
1.5306496216e-35 
2.2319885916e+27 
2.8840413324e-28 
8.7177152055e-18 
-1.0543009767e+16 
6.3131755081e-35 
2.8511864829e+19 
4.3569966080e+09 
6.1348832787e-06 
-1.2062771974e+35 
5.1363778134e+13 
-8.9544134521e+02 
2.6484569600e+09 
-1.6607053757e+01 
1.8946306605e+13 
6.2815638304e-22 
3.7482097053e+32 
-2.3338410684e-37 
-2.0490740240e-01 
6.4361917440e+09 
-6.5208000706e-06 
8.9252941310e-02 
2.0252498438e+05 
1.0996549808e-12 
2.0599005744e-02 
-4.9011148565e+24 
-7.8111520017e-27 
-2.0445098178e-31 
2.0917125809e-08 
-1.8726465980e+33 
1.5647592597e-11 
4.5654537201e+01 
-2.6389071072e-37 
1.0384680092e+16 
1.6281220104e-25 
2.9222980529e-27 
-2.7672361413e-30 
-8.0761869249e+16 
1.3326758787e+37 
-8.9349678218e+22 
-8.0912385852e+21 
3.8994702336e+10 
2.8321481642e+18 
2.3471361573e-12 
1.2326445641e-16 
1.3215180000e+08 
8.8098363997e-23 
-7.7036672790e+28 
5.1668076100e-37 
3.7178947449e+01 
2.3362524106e-32 
2.3122026367e+03 
-1.8007045176e+25 
7.2082723090e+34 
1.5767645819e-30 
3.1028565645e+23 
1.1463720056e-37 
-4.0661086426e+03 
1.1854524934e-36 
-3.0894439677e-24 
4.2787317828e+15 
2.7369769913e+26 
3.6329057280e+09 
-1.6762325245e+19 
7.9623167023e-27 
8.1069733179e+20 
-1.2032510263e+14 
1.1210148438e+05 
-1.8433498438e+05 
1.6755555510e-23 
-1.2704213053e-33 
4.3199533839e-24 
-1.7021671572e-10 
-6.2701308000e+07 
-2.1573806589e-04 
1.3372540899e+14 
1.6056771119e+37 
1.6432160919e-04 
            nan 
7.6919353974e-27 
5.9913247824e-01 
1.2427494315e-18 
-5.7195657492e-01 
-2.8281876007e+33 
7.7488244550e-29 
-1.7392403064e+17 
2.0981539219e-36 
-1.4923273586e-02 
8.7899054507e+29 
5.0693501307e-21 
-6.2002828002e-13 
4.8573909942e-26 
8.1655372972e+13 
3.2174387759e+20 
1.4070927165e-02 
-1.7125723954e+20 
3.5345814400e+08 
-6.7965147644e-36 
-4.4942783196e-26 
5.2955701494e+33 
7.5991867392e+10 
7.5587352899e-28 
-1.3943892692e+25 
-4.8057888958e+14 
4.6557581469e-26 
-1.3088716044e-24 
-9.1515821623e-06 
8.8060759006e+17 
6.3926397405e-37 
-4.1881467962e-23 
-5.7436438716e-19 
2.2730497775e-29 
6.0442791225e+36 
-1.1205447355e+19 
-5.1207868815e+22 
1.2615982409e+14 
-1.2467667774e-32 
-9.3660022705e-23 
9.8023247505e-12 
1.1084408946e-08 
-3.8049716606e-26 
1.9241134293e-12 
-6.3366075000e+06 
1.2473284267e-02 
1.3132795845e+35 
2.6014363302e-39 
-1.8442541212e-25 
1.3314192128e+33 
1.3745526093e+15 
-5.8672542515e+36 
-4.3160895488e+12 
2.9237560284e-06 
3.3737894148e-02 
-9.4100040712e+13 
-3.2503591309e+03 
-1.1984340312e-33 
-6.5426341688e-19 
2.0764419949e+13 
-1.3176271610e+17 
3.0312312837e+30 
6.3934903809e+34 
2.9178516706e-04 
5.5296015729e+12 
2.8807303048e-24 
8.2854099379e-18 
2.1991845220e+31 
1.0494327694e-22 
2.8457435000e+06 
-7.3877445002e-25 
-1.4437685547e+04 
-4.2139980357e+15 
6.5128747610e-23 
3.5959540339e-33 
-1.9459816813e-01 
-1.2058704257e-08 
5.7593409404e-22 
1.8257179102e-09 
-6.8369155883e+13 
-1.0975495390e+31 
-2.4939645516e-36 
-2.5521993810e+12 
-3.3723363657e-08 
4.9988510132e+01 
            nan 
-6.9832730254e+22 
7.3760936836e+17 
-4.5909309460e-38 
2.6610525514e-21 
3.6101523200e+08 
4.7727109632e-04 
-2.6712335365e-28 
1.2421105566e-05 
4.6341036069e-26 
6.4890985226e-19 
3.4390861511e+01 
-1.6754043754e-03 
1.9061850699e-28 
-3.2790820569e-14 
1.2809176712e-26 
-6.2557806620e+32 
-1.2175678000e+07 
-2.4194862311e-19 
2.8720698225e+37 
6.1309727030e-15 
-5.4781775031e-24 
-1.2037556850e+14 
1.3762317500e+06 
1.1445080418e-05 
-9.3327288749e-22 
7.1375307617e+03 
-1.3324186909e-07 
6.8952130247e-13 
2.4579424370e-36 
-1.9352075719e-16 
1.7775102950e-13 
1.7006395757e-01 
-8.6757697880e+21 
-3.3622596875e+05 
-3.4466661060e+27 
6.3977894707e+12 
-1.7088118897e+20 
-2.0939071310e-10 
-3.9941876473e-09 
1.7591284473e-17 
            nan 
-3.1818214564e-15 
7.9539773409e-15 
1.6890885590e-29 
5.3589482851e-10 
2.6606530407e+17 
-5.4287629459e-35 
6.8259631886e+36 
2.3152484162e-13 
-2.6669428858e-24 
-6.6167156199e-09 
1.7405239750e+25 
-3.7873093837e+11 
9.1651533361e-29 
-8.6652836652e+24 
-2.9185022183e+16 
-7.8693793752e-31 
-2.0432005345e-21 
-5.0563811576e-26 
6.4677435000e+06 
8.0234845454e+24 
            nan 
8.9813668948e+34 
5.2127258065e-37 
-1.4930326844e+27 
2.4647092814e-23 
2.0198372658e-03 
6.6611565073e+32 
2.8442621985e+19 
1.7735174207e+22 
-2.2447416632e+33 
-4.0044570172e-14 
-4.1647270883e+33 
-1.2417381186e-05 
2.2937206086e-03 
-1.1875136887e-33 
-3.7178010235e+33 
-5.8490101207e-29 
-6.9741791263e+27 
2.1858180196e-11 
-1.5904485235e-14 
-3.8202650692e+24 
2.1517551056e-20 
2.1654463817e-36 
-5.8550045013e+01 
6.4812859080e-08 
-5.0079360976e-23 
-2.9126139278e-09 
-5.9746143538e+35 
1.5319884300e+01 
-1.9276569415e+24 
4.6247892720e-31 
-1.3080651746e+28 
-5.0741208179e+19 
7.1570570002e-18 
1.3499651211e-21 
5.5979934230e-12 
1.2200121362e+14 
2.8102834904e-07 
5.0550008000e+07 
-5.6167261774e+30 
1.0738648438e+05 
-2.7725849271e-37 
-1.6392798905e+33 
-7.5329113600e+08 
-2.6380201984e+10 
1.7102623833e-27 
2.0857352192e+10 
-3.7597964372e+32 
-1.7476933371e-17 
8.3712956214e+32 
-3.6959825516e-24 
3.2455194606e+25 
3.6859654356e-03 
-8.9370088859e+14 
6.5780403772e+14 
-1.0303775701e+27 
3.7284122442e-20 
6.8167875698e-18 
4.8319154468e-33 
-3.1783421923e-13 
-3.5516758423e-09 
-2.1929642330e+36 
-3.6287460667e-13 
3.7231684081e-37 
8.8925924501e-05 
3.2742152214e+00 
7.3447682081e+13 
-4.3089546445e+11 
-1.1129639807e+17 
3.9053516230e-04 
-1.5576798518e-08 
1.4040743695e+19 
-1.7851255407e+36 
-2.5246181622e+12 
-1.2700581129e-28 
-8.4176208889e+19 
-6.9224870513e+25 
-1.9936233166e+17 
7.6724798991e+24 
5.1016055380e-08 
-3.8897762304e+11 
2.6688541849e-26 
-2.8317436564e-38 
3.3540999383e-23 
9.0370962387e+24 
4.3411829841e+32 
-2.7239841309e+03 
-1.5536998915e-23 
1.1257140454e+20 
8.6475908543e+30 
2.1522400901e-02 
1.5993863168e+10 
-1.4381078374e+29 
-2.3771740826e+23 
1.0087631967e+15 
5.7344478607e+01 
-1.0314687000e+07 
2.7895507207e-34 
1.0739691372e-31 
1.8159578030e-04 
-1.2820899418e-31 
-5.7399620576e-33 
1.6110354170e+13 
-2.8864324679e-37 
3.9948333870e-04 
7.4255892931e+30 
1.1959995948e-14 
-1.4740360625e-12 
2.3458365868e-35 
-4.8532892833e-04 
-6.5014732779e+18 
2.8343852872e-12 
-1.9344118237e+16 
-9.7101539820e+19 
5.1599055335e+36 
-3.1061178191e+24 
1.2318642018e+24 
4.9176472833e+35 
8.9345528000e+07 
-4.0207197500e+06 
3.6772252797e-34 
4.6715015618e-14 
6.4281568633e+16 
-9.4717336565e+14 
-9.4706005161e+21 
-3.4745249633e+29 
1.4801978003e-12 
3.1782873047e+04 
1.3134257947e+26 
-2.3696856105e-37 
-1.5297608513e-07 
1.4321502451e-29 
-1.8803188388e-26 
-4.3452617600e+08 
-6.6311247099e-26 
-6.7931572982e-37 
-2.3284780413e-29 
1.8344725195e+34 
1.7032030970e-17 
1.2569382141e+29 
1.0364071936e+11 
-1.5219215271e+15 
1.3110230674e+35 
-4.4813048000e+07 
-4.3751160000e+07 
-2.2289249439e-12 
-2.7052087714e-34 
-5.8436166694e+19 
3.4089524491e+29 
4.1526361084e+02 
-1.2931867624e+38 
-1.6881148232e+12 
-2.6092065023e-20 
8.5657667230e-34 
-9.8582325692e-28 
            nan 
7.4766449354e-22 
9.3337044068e-19 
-5.3357863996e+29 
2.6314729419e+31 
1.8763584293e-33 
5.9692283947e+30 
-1.4711182836e-36 
1.0597285815e-02 
7.2976876462e-25 
-6.8388284006e+12 
2.3216079181e-28 
-2.1211442206e+36 
3.4191606063e-29 
6.0207701250e+32 
4.8184298195e-20 
-1.0281635648e-22 
-1.4218118452e-32 
1.3227944459e+32 
1.5476159676e+14 
5.9140709650e+35 
-1.6892141835e+24 
2.8569833444e-35 
9.0770784300e-04 
-4.0443958717e-32 
-2.2286091776e+28 
3.7282341447e-29 
1.8460261120e+09 
-5.7958750488e-31 
1.5298789802e-17 
-1.6109200831e+36 
-5.8604312003e-32 
-4.9630409194e-05 
3.2005246000e+07 
4.0290489114e-32 
-5.8111924878e+27 
-1.2950613545e+15 
-8.2161926863e+37 
1.0672216237e-37 
-3.7924417589e-21 
9.2166003014e-05 
-2.0725614992e+27 
2.4391449005e-31 
-2.2441580361e+17 
-1.2906326904e+03 
4.2216663132e-04 
-5.1529400127e-24 
-3.8739190492e-21 
-2.8143595788e-26 
7.2371517286e+31 
-2.8211039737e-33 
4.0130998040e-32 
6.4338807719e-12 
1.0718034569e+33 
1.1621829793e-32 
-1.9175077449e-25 
3.9420156000e+07 
1.2082828907e-03 
1.1565111286e+14 
-1.4196958972e+29 
1.5277784025e-38 
1.6023104816e-25 
2.5560910602e-16 
-1.1353797138e+23 
1.8636344976e-05 
7.1906870224e-22 
3.1107109632e+31 
4.2169732188e+19 
-1.1038962830e-31 
-4.0704728178e-19 
1.1963096586e-38 
6.2939096021e+32 
1.7618491041e+14 
-8.3885620517e-33 
8.4162455777e+15 
-8.5111537249e+16 
            nan 
2.3930503795e-24 
-1.3143952545e+22 
-1.6505235518e+14 
1.4425358750e+06 
-1.0733084309e-05 
5.9761959076e+01 
2.3060408764e+28 
4.4448556704e-38 
-3.9192651367e+03 
-3.1265267411e-24 
1.8426450765e-07 
4.1186819077e+00 
-2.8561236104e-04 
4.3239668891e-34 
6.5490601457e-34 
-1.3575296875e+05 
2.2338465171e-13 
-1.6135085195e-20 
8.1849922278e-20 
-8.4703298269e+25 
5.6566702761e-38 
9.5491778238e-24 
4.1057536038e-08 
1.3593240911e-23 
-5.5684310913e+01 
-1.0455715616e-20 
1.4410467061e-30 
-2.3182025600e+08 
-4.1912052912e+37 
-8.1069598550e-30 
-9.4356906414e-01 
6.2799094855e+29 
1.7946878335e-26 
5.1842504534e+20 
1.5646252942e-27 
-4.5114059155e-09 
4.3303166280e+12 
-1.1194029808e+01 
-3.2763265434e-09 
4.1560057388e+19 
-3.3311571357e+31 
-2.1923198000e+07 
-3.2589377579e-17 
-3.0670908840e-23 
-1.8164260226e+17 
-3.5409399156e-26 
-2.0046617132e-20 
-1.1685672028e+26 
6.0516293161e-03 
5.2825820147e-27 
3.3918995496e-24 
2.3722791897e-38 
3.6021236420e+01 
-3.6007655244e+13 
4.8254677734e+03 
9.2129928341e-29 
4.4049046582e+26 
1.6092480237e-08 
2.7347371834e+36 
-7.4956164146e+35 
1.4009911453e-08 
-5.3641772584e+14 
-3.7665698323e+35 
1.2118438985e-36 
-5.7912857664e+23 
1.7235942096e-06 
-1.8014930530e-24 
2.4924098438e+05 
-1.2835567152e-27 
-2.7736388555e+17 
-3.0393183455e-36 
1.8395150085e-26 
2.7939030528e-01 
5.3708692752e-35 
-6.4141380813e+11 
-2.2317150400e+08 
-2.2942866199e-03 
-7.5958972168e+02 
-2.0480948881e-10 
1.5434100707e-30 
-7.7955517371e+37 
4.3722033149e+18 
2.1182435285e-29 
-8.4745110349e-24 
3.1549068913e-12 
-1.0218197566e+26 
7.6628400000e+05 
-8.1942749023e+00 
5.7081728583e-27 
5.0470882250e+17 
1.5107897263e-30 
3.9905843719e+36 
-4.9355104941e+26 
1.9194628887e-35 
6.7555767622e-28 
-1.6087815685e-32 
1.1745843200e+08 
1.1234249087e-08 
-3.6410337310e-19 
2.2831105331e+26 
5.0074211200e+08 
3.5108487606e+00 
2.6826294864e+16 
3.0571324222e-24 
5.2895730734e-01 
1.2533617477e-09 
-5.2765014330e+29 
3.8900677410e+19 
-3.7306423236e-32 
-2.7631608646e-06 
2.3120226611e-26 
-3.9541920475e+30 
1.7922445081e+36 
            nan 
-1.4219734279e-09 
3.8772903116e+29 
9.7025245184e+10 
-1.3916245452e+29 
            nan 
-1.0895163634e+20 
1.2561904125e-15 
8.9273104672e-30 
1.0040041319e-27 
-3.0138255203e-37 
7.3385698531e+20 
-1.0099254231e+12 
1.9400890542e-18 
-7.3872501760e+09 
3.5172346454e-26 
1.3973729099e-21 
6.6424393750e+05 
4.7547396875e+05 
1.3507263006e-17 
5.9751580834e+24 
-9.7512493286e+19 
-9.0139574692e-39 
3.4594768022e-11 
7.1570793152e+01 
1.7648599475e-36 
-1.7570882892e+22 
-5.6729466457e-30 
2.0793760363e+14 
-7.1821654417e+24 
-3.1059945815e-38 
-1.3175241314e-21 
-2.7012963869e+32 
-3.9272701263e+01 
5.7726087478e-21 
4.7530784721e+17 
4.6962641334e-33 
-2.0138638080e+09 
7.5261759997e-27 
-2.7704722621e+17 
6.5620307617e+03 
7.4125549400e+37 
-1.1086892337e-01 
2.7939379118e-16 
-4.3423049820e-20 
-3.7282060952e-20 
-1.7283243034e-18 
-1.7213238787e-21 
1.0870992301e-10 
-3.6977916000e+07 
-2.6491894294e+18 
-6.2264407620e-31 
7.8286022363e-19 
2.4032966656e+10 
4.2479402396e-07 
-2.9764322098e-03 
-1.2607267313e-35 
-3.8990311802e+31 
-1.4762366107e+22 
-3.9613473511e+02 
-4.4824690426e+13 
-6.8691240451e-26 
9.9272832550e+15 
-4.8024057617e+03 
8.9378503076e+18 
-1.2189796641e+27 
1.6646803617e+00 
1.7701377912e-16 
1.0136543865e-15 
1.1272867795e-07 
7.9145460383e+32 
1.0393309942e+24 
-1.0583535120e-35 
2.5404098438e+05 
-3.0858352602e-06 
-2.7479080018e-03 
-5.9419966878e-15 
-5.7768453378e-14 
1.0306381806e-13 
-1.6802636316e+31 
1.3132990681e-20 
9.6757147940e+25 
-2.1863359001e-16 
1.1158543152e+33 
1.6518428903e-15 
9.2407320944e-13 
-9.6701137722e-02 
-6.9344461028e+29 
-6.7225077624e-24 
-2.6998855902e-17 
-2.8924238005e-10 
2.5720776288e-24 
-2.7210513842e-09 
1.0988013344e-07 
-2.9097119381e-08 
5.0776386134e-13 
-1.1980743130e+21 
-5.9942918246e+23 
1.1525988800e+08 
3.1796927121e-25 
-7.1694605265e+29 
3.6278511398e-03 
-4.4180900574e+01 
1.3348862529e-01 
-4.9476854503e-02 
2.6402316095e+31 
-2.1457225645e-13 
-1.1350558267e-23 
3.1596474432e-19 
-2.0806910181e+37 
-2.9543239087e+26 
5.2488996186e-21 
-2.5034910720e+09 
1.5870130062e+00 
1.6576723283e-05 
-9.2750324088e-10 
7.2598979264e-33 
1.6678631272e-38 
-3.6089548545e-32 
-1.0299762001e-35 
3.6679312365e-11 
1.0062875821e-16 
-2.8403580202e-33 
-9.3668537600e+08 
1.3119377141e+20 
-2.6097251676e-35 
-5.6794068115e-08 
-1.6498147144e+14 
-6.4380479740e+26 
2.2973275000e+06 
3.6183354464e-33 
2.2020448596e-21 
1.9768434456e+20 
7.2734173751e-30 
1.0911354760e-14 
-2.2936221198e+30 
-3.6927142334e+02 
-1.4380461153e-36 
2.5965138394e-33 
-1.9404101875e+29 
-7.3152729940e-15 
-1.1301124966e-11 
-6.6868160642e+33 
-1.5261150527e+16 
-1.6681496875e+05 
5.5957743290e-39 
-1.8219525978e-28 
-8.4349325120e-32 
-2.9025728000e+09 
2.5336009395e+15 
-9.2920985983e-35 
3.8763133343e-03 
7.3925640615e-40 
1.3485947102e-31 
-5.7731182592e+10 
-1.1717001748e+25 
-1.5548474534e-15 
1.4375633547e-34 
5.0268432617e+03 
-7.1822635829e-02 
-8.6520159043e-28 
-2.7569120764e-38 
-4.1902015422e-24 
-7.4084700980e+24 
3.8232015049e+37 
-1.8288913495e-08 
-4.0849084029e-32 
-4.6594261782e-09 
6.5806459775e-15 
-3.0413346464e+22 
-1.6333203361e+21 
7.6597690579e+17 
2.2155753472e+10 
9.5454712000e+07 
2.6615166000e+07 
5.2314827815e-20 
-7.0481913600e+08 
7.4904736830e+28 
2.2284727882e-11 
2.4052754285e+13 
1.4284234445e+16 
-1.1963616429e-26 
2.0866271108e-02 
1.9267427890e-36 
1.3888195038e-09 
-5.8121620763e+24 
-2.3584590140e+22 
-1.8064898904e-03 
-1.1952769591e-26 
5.5108197761e+22 
-4.8017255962e-02 
-5.2684677734e+03 
8.9546189229e+14 
-7.7324136782e-07 
-1.5912010913e+27 
5.7361021391e-06 
-4.0046620698e-19 
-1.5418222837e-27 
5.5020812328e-15 
-3.0363333331e-36 
-1.2284376209e-25 
-3.9284260072e-32 
3.2610034647e+12 
-4.4965738281e+04 
2.2032942275e-24 
-2.6236229171e+15 
8.3477715040e+26 
-1.7780163882e-33 
2.4568060303e+02 
5.9407426306e-05 
3.6848966042e+12 
2.1733529617e-38 
-3.7774597051e-25 
4.6006103724e-24 
1.1146671485e+28 
-2.2972299477e+13 
-5.2821719646e-01 
-7.2975817602e-04 
7.1350378418e+02 
3.4262564733e+16 
8.0940930229e+20 
1.9202366983e+27 
2.1706621094e+04 
-1.0487298530e-10 
-5.0993274002e-14 
-4.0787028431e-14 
3.6403721328e+24 
3.2710678964e+14 
8.0654990090e-18 
2.9660637299e+13 
-8.5418325191e-11 
7.0676552734e+03 
-2.7935927928e+24 
2.0103373848e+28 
-3.2375621094e+04 
-5.4066552734e+03 
-6.7477654537e-31 
-1.4313452669e+28 
1.4035904723e-26 
-6.4579890047e-11 
-1.5990085934e+17 
8.5471736000e+07 
6.5397270899e-38 
-8.0103504636e+24 
6.1449246094e+04 
4.0010005951e+01 
2.4062462391e+26 
5.2080606352e-29 
-2.4197269599e+38 
-7.6317801359e-06 
4.1641195169e-17 
2.2339125691e-37 
6.1479317504e+10 
1.6561739042e-25 
4.7189082171e-15 
-5.2900639159e+34 
1.5784527462e+11 
9.2625726253e-36 
-6.3436257319e+28 
1.0500096279e-18 
-8.0065129644e+24 
6.6840893949e-31 
1.9079096963e-35 
-2.0300111660e+19 
-3.9634458741e+36 
-6.0689778779e+25 
-2.2042236020e+17 
-1.5622123275e+30 
-5.9505541659e+32 
-2.0798076000e+07 
-4.7598259698e-05 
-2.8223097406e-27 
-1.7603163569e+22 
-1.5866893840e-24 
-1.2398232000e+08 
1.4754126126e-30 
-1.3190674354e+17 
6.3167289725e-27 
-5.0718142575e-07 
-3.8382218396e-26 
-5.2383701402e+11 
-3.4933868979e+28 
1.3996902354e-33 
1.2322955127e+28 
5.6986422692e-08 
-2.0822093371e-27 
-2.3302878075e+33 
5.6605291867e+32 
6.9089372821e-34 
-3.0198813164e+12 
1.9205010100e-14 
-3.8602501120e+09 
-1.9838905051e-29 
1.7740746471e-31 
3.4144298115e-22 
-1.5758036194e-37 
4.7872587838e-11 
2.4089121143e-04 
3.8267991206e-12 
-2.2213127668e+37 
1.0708338841e-35 
3.5055907597e+36 
-1.1577345508e+20 
-9.4722628866e+26 
-6.3108704805e+36 
-1.4112216886e-03 
2.8039795471e+35 
-3.9369170118e+14 
8.1147063659e+34 
2.7191267358e-13 
-1.2247677681e+25 
2.3345488125e+21 
6.0130838354e-31 
7.9050152643e-35 
-6.0847664827e-06 
7.7983721911e-12 
5.3109538385e-06 
1.3440692646e+18 
3.6482554767e+31 
-6.5654858657e+16 
1.7873930272e-25 
-3.0849423598e-30 
8.4409108385e-03 
1.1883633906e-27 
5.8759657422e-24 
-1.6724698438e+05 
1.8566920960e+09 
-5.8878498701e+15 
-9.6672925620e-26 
1.2540863000e+07 
1.7573694726e+26 
8.7193086931e-32 
1.1436401866e-02 
2.0669743432e-34 
-1.1631112328e-26 
6.0499492370e-16 
-1.3039811026e+21 
3.2384354267e+31 
-2.3690903290e+13 
-1.1598038785e+36 
2.5818953728e+10 
3.7216404005e-25 
6.0532982461e-03 
8.4437051555e-04 
-7.6804962974e+33 
1.3058014312e-21 
-2.5891410802e+28 
-1.9512918463e-30 
-8.8590309822e+37 
-1.2455633157e-20 
2.3543780147e+11 
-1.2452190971e-12 
4.4092746094e+04 
-9.6631018362e+33 
-6.0020859343e+23 
-5.6524218400e+34 
-1.2822243268e-36 
-8.1460317750e+37 
3.4714626257e-16 
-2.9124072904e+19 
-3.2506652887e+28 
1.8878769600e+08 
2.6389563119e-32 
7.9070378527e-22 
4.1025021990e-25 
-4.3109285027e-21 
5.6958390000e+06 
-2.5467647552e+01 
-2.2409609404e+27 
-2.8176551192e+29 
-3.0712748787e-18 
1.6208778035e+11 
-1.3063905726e-06 
-5.1259341660e-08 
-3.5238645213e-31 
-2.4568439339e-25 
2.1506795766e+12 
-8.9137993750e+05 
2.5560801305e-12 
-1.4213562500e+04 
-1.2251250000e+05 
3.1064086914e+01 
-1.3663595569e+24 
-4.0628009761e-20 
6.3854430250e+26 
-4.6171601857e+28 
7.3329002790e-16 
-1.9199783713e+17 
9.0601821016e-38 
-2.2503067988e+29 
-3.9565572000e+07 
7.5951934711e-26 
2.3226057705e+34 
3.8100599638e-23 
8.2539465332e+02 
-1.1695426000e+07 
-7.2766128540e+01 
-3.9349133312e+10 
-2.0411584547e+19 
-4.3520822751e-29 
-1.2142859318e+23 
-1.9364091924e-36 
6.6050689742e+30 
5.2338250000e+06 
-8.7927187753e-10 
2.0530820000e+07 
-1.3090107398e-24 
-1.7768794719e+30 
4.6425126136e+17 
5.0529540000e+07 
-3.1473609852e-06 
4.8079366702e+32 
2.3636690745e+18 
-9.0642130246e+22 
4.7115911229e-15 
6.8636337580e-27 
6.0949447543e+23 
7.0972114068e+16 
2.0373818951e-11 
1.0111921596e+31 
1.4710311624e-21 
-6.8365193843e-15 
-7.0065969116e+14 
-1.1155727945e+30 
9.5261483348e+27 
-3.9620350994e-26 
6.4062262162e-09 
-1.9147472248e-25 
-3.4379443793e-21 
-4.6335885206e-17 
1.3777895947e-04 
-2.3835280538e-01 
3.8322603703e+00 
2.5768618412e+29 
3.4327658359e-03 
7.9057222606e+24 
-5.5156422640e-27 
-9.0293576211e+33 
1.7589630207e-32 
-5.6273479680e+09 
-3.8844257812e+04 
5.8272874364e-29 
-8.4700055671e-14 
5.1685579121e-02 
-1.1017939470e-28 
4.1304025144e-27 
3.7874473492e-04 
-8.4992585886e-12 
7.4419827200e+08 
2.8328206250e+05 
6.0286681638e+35 
-8.8905030775e-26 
6.0008859634e+00 
-2.5219727820e+22 
8.7012106180e-01 
-8.1835787569e-05 
4.0134446384e-38 
-4.8873331491e-23 
2.4960808221e+25 
6.7921305382e+15 
-9.7996902466e-01 
1.5274317300e+26 
6.4581667310e+26 
-2.0641803741e-01 
-8.4669942803e-18 
8.6963680701e-10 
-2.4811010048e+10 
-3.5983852334e+16 
-7.0449310892e+18 
7.5874938929e-36 
5.0009301935e-37 
-1.2102051306e-10 
-3.9549087746e-13 
-6.8582727730e+27 
-1.1617787088e+26 
3.8913643983e-30 
-5.6307591286e+27 
5.0689435288e-11 
-1.3553815007e+31 
6.4405328460e+18 
2.0838919349e-30 
-6.8869431730e+24 
2.6482386589e+00 
6.1595742188e+04 
1.6470602417e+02 
1.4122323573e-16 
-2.2570337169e-03 
-2.2545918400e+08 
-4.9359223218e+20 
6.1293099996e-24 
4.4664315296e-26 
6.1833061042e-16 
-1.6729279000e+07 
-3.7472243286e+13 
-5.2367592082e+34 
4.9225260312e-08 
-7.3213294307e+14 
-5.4867130109e+14 
-3.8698800000e+08 
-1.7589851050e-03 
-5.0381299462e+36 
2.7276051530e-33 
1.6587336677e-38 
-2.3798793830e+11 
1.0010254720e+09 
-5.9570477440e-09 
-6.9244826761e-08 
-6.5318860081e-26 
3.0649651497e+30 
-4.9055192328e+23 
3.2718583808e+10 
-4.6336930820e-11 
-5.3772092334e-10 
-4.4533086436e-25 
-1.8118407560e-34 
-1.6152826356e+32 
-1.7753741753e-15 
-2.8477176676e+15 
7.6381519988e+36 
1.3941141333e-05 
5.9774283005e+36 
-1.1535360457e+17 
-2.8813690048e+17 
6.5771792792e+37 
-1.0899208960e+09 
-2.6860926000e+07 
-2.4383792948e-19 
1.1523805166e+36 
-1.5147384796e-38 
1.2197020721e+02 
-1.9535980968e-23 
-2.9837226803e+11 
2.3751723719e-14 
-3.3632896908e+36 
5.5943206565e+23 
3.5080869566e-04 
1.2992088318e+02 
-3.9055667914e+27 
-7.1213791415e-33 
1.6700251726e-03 
-3.0823479390e-35 
-2.7374208107e-36 
-4.4465572357e+01 
6.2329534345e+32 
1.0155657464e-20 
-2.7878486835e+11 
7.0533054994e-39 
2.1277080577e-06 
8.7107415771e+02 
4.6416821533e-06 
-1.7433388227e-34 
-7.6430564812e+17 
2.4868650818e+02 
5.7575399987e-03 
-2.1462026625e-34 
-4.8798073221e-11 
4.9013252326e-15 
1.8412352806e-12 
-1.6846327666e-09 
-4.1063796875e+05 
-2.9733208064e+11 
-5.1655750088e+30 
-1.2254057997e+32 
-5.1396037426e-10 
-6.1576068465e+12 
-2.0045191027e-25 
-1.0728572371e-30 
-1.3413140770e-13 
-2.5149271040e+09 
-9.4476284221e-22 
2.7333674488e+38 
1.9856845350e+30 
-9.7173987500e+05 
-6.1641094400e+08 
6.4179137513e+28 
1.5995272598e-13 
-6.1796145000e+06 
3.9648921154e-29 
-1.9947720093e-29 
-1.3035278713e+25 
-3.2555956220e+34 
1.1968493339e+21 
-9.5049015493e+19 
-1.1709445618e+18 
6.1151401609e-30 
-1.6580299200e+08 
-1.8379765606e-05 
1.4788466306e-18 
-1.1863170923e-35 
-2.4856598445e+36 
-7.7647640946e-35 
-6.6242668152e+01 
3.3050687313e+00 
-3.9017258910e+24 
-1.1064908825e+15 
2.8523629761e+02 
4.2288944000e+08 
6.5390675097e-09 
-2.0991678448e-12 
1.2230054069e+34 
1.0737811523e+04 
4.3334372341e-16 
4.9972395687e+29 
1.2804259300e+01 
1.3246035696e-15 
-2.9263891792e+13 
-1.4912088231e-09 
2.3276030400e+08 
-3.3527758205e-06 
1.5853585482e+19 
4.2979175774e-11 
1.0037847289e-13 
3.3259645038e-12 
1.2793446857e-12 
2.9236864000e+07 
-1.9554677664e-32 
3.5752706598e-36 
-3.9358856156e-05 
-4.9354178560e+09 
-2.8790323467e+22 
9.2415106194e-17 
-9.2962956509e+13 
4.2337082084e-35 
-2.0305061377e-38 
1.6102642267e-19 
1.2181733785e-20 
-1.2326961253e+33 
1.8915761757e-07 
-2.3002644480e+09 
-3.5413648109e-33 
-4.4039935918e-22 
-3.2732119040e+09 
-6.8794257158e-37 
4.9092023849e-14 
2.3663429019e-24 
1.1486054400e+08 
-6.2417954406e+13 
-7.0539757720e+30 
2.2288820265e+30 
-2.6006469727e+01 
6.3156583968e+36 
-2.8108298374e-38 
1.6863236223e+19 
-2.9791398427e+32 
-8.4636052437e-36 
6.5907430435e-25 
-2.5374214798e+22 
1.5495301701e-37 
-1.3904410956e-08 
4.6575529019e+17 
1.8740324437e-14 
4.9290849484e+23 
-1.3242185061e+30 
5.3332807617e+03 
1.8785056207e+25 
-8.7649004966e+27 
9.1139557867e-27 
8.7616436183e-02 
1.9487457757e-04 
-8.2846590035e-15 
-1.6543750689e-38 
1.2671169713e-07 
1.4770189107e+13 
-2.4621035327e-14 
2.0306086673e-11 
-9.0286042572e+31 
-1.4273013440e+32 
5.5975823278e+12 
-8.7316702775e-06 
-1.9464312274e+36 
-4.4700725778e+26 
-2.7612632500e+06 
-1.8388680473e-04 
5.8837553906e+13 
1.7230038874e-21 
-3.9310342669e-29 
-5.6206255038e-33 
2.1466811809e+26 
-5.9938256120e+24 
-1.6465070248e+00 
-1.7707945476e-31 
-9.1203841918e-30 
-5.5310746094e+04 
-4.8888420034e-24 
2.8251825585e-30 
-1.0960005522e+00 
-7.7496073431e-23 
1.0821101945e+13 
9.0989957873e+25 
6.7946061177e-27 
-2.0977020830e+13 
-6.7009932498e-34 
-5.2484053345e-13 
-3.0491580204e+25 
-3.8225661934e-29 
1.4979621354e-23 
4.6270558599e-38 
5.2161484652e+37 
-9.9379272461e+00 
3.2712070362e+32 
1.3637981454e+15 
-7.1513060904e+16 
1.2123766594e-25 
-1.2037757956e+30 
3.2569160548e-30 
5.5841750000e+04 
2.9074375000e+04 
1.3861770121e+28 
1.3530740669e-37 
1.1064378957e+37 
3.5616671854e+35 
1.1607054746e+11 
-7.3140160000e+06 
-4.5436113262e+32 
-2.5705025276e-21 
-6.4310702007e-26 
-2.9066288795e-28 
1.0419464163e-24 
-1.4978387253e+25 
1.4784164429e+00 
-1.4240137026e+23 
-5.5672891663e+17 
4.4489476525e-36 
5.4332750000e+04 
-7.2520165073e-20 
-9.4692916702e-14 
-5.5945008626e-09 
9.2849106181e-10 
4.1410817527e+34 
1.5590725642e-37 
4.1377199534e+15 
-5.7765789696e+10 
1.2683358364e-07 
-4.4429626465e+00 
-3.2056184385e-37 
-3.9940243335e-28 
1.7221245798e-06 
-1.7907116093e-20 
1.5622590976e-16 
-9.8718924318e+34 
-9.2706159194e-08 
3.3286814974e+31 
1.0418739331e-30 
-1.7028154742e-31 
-2.2616768377e+33 
1.4658446924e+25 
1.0684918922e-10 
-4.5781713835e+28 
3.6816924842e-25 
1.3076626445e+36 
-1.8814697012e-29 
2.1585353247e-23 
-1.2517060116e+12 
8.7061728241e+35 
2.9452807613e+26 
5.7770766157e-35 
1.9842546865e-28 
-2.0725295032e+37 
-1.8932989897e+19 
3.1018935250e-12 
-7.0319128715e+18 
-2.8603695556e-20 
5.3960396403e+29 
-2.7330227242e+17 
-2.4697545600e+08 
7.5041938885e-08 
-3.3866136052e+23 
-2.0440488744e+32 
1.2112808071e+32 
-1.8767969656e-23 
-7.5921178942e+18 
-2.6760323873e+28 
-3.0268590893e+16 
-6.6621671451e+30 
-1.2296333229e+27 
-3.2393289451e-17 
2.7526748403e-19 
4.0749726804e-19 
1.5056995465e+20 
5.5525882581e-33 
2.0172338667e-14 
5.0475355238e-02 
1.2861205131e-27 
-1.0952916464e-28 
1.6298006475e-01 
2.6886366822e-20 
-3.3796286011e+02 
9.6051877563e-10 
-1.3681156902e-13 
-5.4548548305e-26 
-8.4832206632e-29 
-2.4083246141e-32 
1.7563329805e-15 
2.0032750857e+27 
7.4688948068e-37 
1.1602833183e-07 
-4.4493158412e-17 
-1.6163102786e+13 
4.6568615274e+36 
1.1804809403e+25 
1.0167672395e+23 
-1.5559430975e-33 
-1.6827441406e+02 
2.9873176746e+33 
-1.6503515625e+03 
2.3002772814e+17 
-9.2272192309e-34 
3.6146721587e+11 
8.2786700513e-31 
3.1096417354e-35 
-1.7036313693e-08 
-8.3849909031e-17 
6.2701120000e+06 
2.3133228666e-10 
-9.3520527360e+09 
-5.4589111328e+01 
2.2587887116e-10 
-1.9963499653e-07 
3.0583805710e-08 
1.2134702178e-26 
-2.6205431645e+28 
-1.0789657776e+38 
7.1596516046e+28 
2.2037679509e+24 
-1.8908876800e+08 
-6.6549890598e-13 
-1.9513418659e-12 
-1.3956009667e+27 
9.1523415032e-23 
-8.4364127533e-35 
6.1444045381e-38 
3.9857149124e-02 
7.3094318172e+34 
-2.6902541552e+32 
9.7255239451e+15 
-1.4271847704e-08 
3.6967560047e+17 
1.3399601164e-32 
-7.1535110474e-01 
1.5056337760e-35 
2.0805613356e+30 
9.6220493317e-02 
-3.3288976865e-30 
3.1977242035e-14 
8.3495725341e-35 
-9.9875069356e-15 
5.2576907264e+10 
-2.2061098174e+15 
3.0193038559e+26 
-6.7193980098e+27 
            nan 
2.8933688079e+14 
-8.7406779913e+29 
5.0115685907e-11 
-1.9273341941e+14 
3.9549137715e+11 
8.2189922183e+23 
-5.3438624019e+29 
-1.0576809595e+33 
6.3133301981e+35 
-8.3119283383e+15 
1.8516596758e-38 
8.2119656527e-35 
-3.7318276009e-04 
7.2463021330e-39 
1.2071944831e+33 
-2.6813778156e+33 
-3.6227876258e+29 
6.8379736149e-06 
-5.3692629704e+21 
-4.4873774163e+31 
1.0513243520e+09 
-1.9615952531e-23 
1.5236437191e-24 
1.2553708339e+11 
1.4487229775e-12 
4.7753091490e-32 
-2.6112300000e+05 
-6.5092965446e-29 
-1.1475889855e+32 
6.9492684031e-20 
2.9985802945e-33 
-1.1761407163e+16 
-1.7004543867e-38 
7.9473017673e-30 
2.6657143964e+20 
-8.8553228877e-16 
-7.8278667625e-25 
5.8181042686e+34 
-8.4033673822e+36 
3.5790948459e+36 
-7.7835890402e-16 
-4.2238168085e+27 
1.2367008723e-34 
            nan 
4.4476144444e-22 
-5.0224249481e-25 
-2.9617338441e-05 
1.9992401674e+13 
8.1939587400e+12 
-3.5296903168e+10 
-1.0174653653e-07 
-2.4911577792e-15 
3.6492247040e+09 
-2.7983862425e-24 
5.8974925730e-25 
1.0503533807e-13 
2.0244575061e+31 
3.8966727590e+37 
-1.4065087870e+31 
1.7323692820e+37 
-1.5669718685e+28 
-5.1682500337e+37 
-1.2068506626e-33 
6.7631938212e+37 
-1.4220247040e+09 
1.4442026376e+35 
-8.9717769617e-35 
1.5170573131e-12 
5.7236188577e+24 
3.5233612061e+00 
-5.8650096472e+19 
-5.6568173585e-30 
-1.8888300000e+05 
-9.5138104284e-27 
-2.3643507663e-35 
1.1704983682e-29 
-8.1466880000e+07 
1.0710835200e+09 
1.2862429122e+31 
-3.3539511750e+38 
-6.0728309196e+30 
1.6191782912e+10 
5.1751314345e-10 
-8.4483176011e-10 
2.6113957574e-07 
5.1069924224e-20 
-1.6214355469e+02 
-7.8393500000e+04 
-9.7613347391e-17 
3.1110375000e+04 
9.4550476254e-17 
-1.5524958074e-01 
7.9653676800e+08 
-4.2277575335e-25 
-3.0845825869e+20 
4.1056233272e+14 
-1.9909401892e-17 
-1.1093941438e+21 
-4.0789628361e-25 
8.3165519714e+01 
3.4957643598e-02 
6.2124246359e-01 
-3.0742842445e-17 
-6.9381705868e-35 
8.1948828789e+20 
7.0761868587e-10 
8.9423326028e+32 
-1.1594835896e-27 
3.2758449996e-22 
1.2415701813e-31 
-2.1996011124e+23 
-2.2295746663e-21 
3.2547692399e+22 
-1.3272858758e+36 
-4.8170800000e+08 
-1.8788276951e+29 
-9.5519079723e+24 
1.0767971482e-18 
6.0079416320e-21 
-6.5307967033e+16 
2.6787320283e+31 
4.3042608283e-36 
1.5380123841e-08 
-9.9418767360e+09 
6.9158757633e-28 
5.5859250000e+04 
8.2642211914e+00 
1.0111166631e+21 
-3.4123680000e+06 
-8.4594534537e+21 
-8.4422230721e-03 
2.9607348901e+28 
5.4572060621e+17 
-4.8090296332e-06 
-3.0667882769e-22 
1.3384049574e+22 
-1.3603858022e+11 
7.1550820063e-24 
-3.5776537794e+24 
-3.3317506583e-33 
4.8259680093e+23 
-9.3233883422e-29 
4.4947567194e+23 
-1.2405770087e+28 
1.3066182202e-36 
-8.9827884714e-14 
8.5110500000e+04 
1.3931444767e-34 
-1.9125292237e+11 
8.4743372800e+08 
-3.0460317500e+06 
1.0614676357e+38 
-2.1811218670e-14 
1.1159192000e+08 
-1.3976769481e-18 
5.5974298642e-28 
1.0995503903e+24 
-4.1464562604e+17 
6.9116668273e+33 
1.1650644797e+28 
-1.4461478212e-16 
5.3862470040e-11 
5.4229272839e+29 
5.0812730478e-05 
3.3679001129e+22 
-6.0479174167e-16 
5.0772606417e-24 
4.8402517219e-16 
-5.6537833938e+22 
-1.6014568170e-26 
-8.7376527347e-08 
4.9511751527e-31 
-1.5625480211e-34 
1.9423964162e-32 
1.7298929352e-33 
-2.7372857256e+34 
1.4029024685e-25 
-3.2652495360e+09 
-4.4798522643e+35 
8.9399271857e+22 
-4.0083034791e-29 
-2.6125368118e+01 
1.8214372187e+16 
4.0958379808e-13 
2.9369190515e+28 
7.7974740992e+10 
5.3877637756e-21 
-4.2289684643e-04 
5.3488964049e-27 
-2.2080410383e+23 
1.4779197695e+19 
1.5265277542e+11 
5.6794840200e+17 
1.1249437691e+38 
4.9661741367e+35 
2.7566971525e-23 
8.1236717353e-10 
-3.3334462515e-28 
1.9873349346e-37 
6.6570285838e+15 
-6.0295388474e-12 
-2.2375800497e+20 
-1.9984865080e+16 
            nan 
-2.1928694307e-24 
-5.1299115876e-04 
-4.3521024458e-12 
2.3201700000e+05 
1.7258300047e+12 
-1.3967132846e-29 
-3.8573596191e+03 
2.2443656389e+33 
1.0759019561e+12 
6.4733312442e-16 
8.7937799336e-33 
9.3479232227e-31 
1.5650126880e+24 
-1.8012047991e+24 
1.1260565583e-20 
-6.7958538420e-03 
6.3567766502e-12 
1.6221926780e-03 
-5.4775016957e+22 
-1.3180979798e-26 
-2.8750562500e+06 
-1.7278376334e+33 
-1.0828836035e+19 
2.0085041250e+06 
1.1999744744e-18 
-3.6967328216e+36 
-3.7984015933e-10 
-1.2663655743e-35 
1.0281484375e+03 
1.4814025250e-23 
1.2817545212e-06 
-8.5306499595e+23 
2.9911247548e-03 
1.2477954160e-29 
-3.7692246094e+04 
9.4812202817e-17 
1.3145000346e+11 
-8.0632976871e+32 
-6.3230526129e-22 
-5.0114816000e+07 
-5.1082745523e-20 
-1.7750528000e+08 
2.4113539042e+19 
-3.5849272656e-23 
-1.5710137894e+38 
1.5011150390e-04 
2.9938816000e+07 
3.8468281250e+03 
7.9778804493e+18 
-2.5077300793e+26 
1.0714387894e-01 
-2.0372096000e+07 
3.9990564033e-27 
-2.5796081242e+36 
2.4793369805e+13 
-5.4735297075e+26 
            nan 
4.0537834075e+14 
-3.0591602869e+32 
-8.1188504136e-23 
-4.5825371746e-24 
-8.4720327066e+11 
3.1245301716e+26 
1.2179596871e+33 
6.2780761702e+11 
-1.0482250612e-38 
-6.8240333349e-05 
1.0752017382e-38 
-9.7685456276e-03 
-1.4765402908e-35 
-7.0785756160e+09 
-5.1017523076e-25 
1.2264024830e-25 
5.4972678438e+35 
-6.8347821071e+37 
9.7990991048e+31 
2.9865902791e-22 
2.8610998832e+35 
-1.7072550437e-27 
-3.9721097607e-15 
1.2273939780e+20 
1.0721017201e+12 
4.9383393750e+05 
2.2148643319e+18 
-9.6081907200e+08 
6.9604701375e+33 
-8.3269557916e-10 
2.5386594772e+01 
2.3117821952e+10 
-1.4756044605e-22 
-2.3995029637e+38 
-9.8386789957e+34 
3.3340222371e+37 
1.1794917402e+35 
4.7727548990e+36 
-9.5303628768e-05 
-3.1189379318e+13 
1.0094470642e+26 
-5.2166797104e-07 
-2.7497718317e+21 
4.7283744812e-01 
-2.4845793308e+34 
-2.1480809664e-06 
-1.2886413574e+01 
2.5415358767e-36 
-1.2118574108e+22 
4.0739268041e+14 
6.6903536484e-36 
2.1117683173e-27 
3.3204608000e+07 
-3.6730793177e+29 
2.3923513304e-23 
2.4493495550e-29 
4.8824327057e-27 
-4.5118353498e-11 
1.7928669889e+13 
-2.1550805167e-16 
1.6347949219e+02 
-5.5865463364e+36 
-8.8692332954e+11 
1.2077289308e-21 
8.6733256770e+15 
4.8478923127e-22 
2.7284396536e+33 
9.0853796170e-20 
6.0683814809e-05 
6.7255963185e+35 
3.4614105225e+00 
1.1603927612e+00 
-3.9539193969e+26 
9.9594133938e-16 
3.8105906425e+18 
-3.8421686093e-28 
1.0201679790e+12 
-2.1198587692e-17 
4.4477665995e-10 
4.0219134843e-31 
8.8589295040e-35 
5.1952326885e-09 
1.0324368171e+27 
-1.0862379828e+29 
1.9428884609e+34 
-1.3164665320e+14 
2.7752343750e+03 
1.0646760464e-02 
2.2514665745e-35 
6.1600341797e+01 
1.5759920000e+06 
-5.3586710481e+32 
-2.0179754756e-08 
1.6821980338e+31 
-2.5126375000e+04 
-4.5157113128e-19 
-8.7771913968e-06 
1.6685159397e-18 
-1.1465848256e-18 
8.3555734247e+20 
3.0031054688e+02 
1.2170696518e+20 
-5.2489585598e+17 
-1.2614202125e+17 
2.6091463704e+19 
-1.5233187500e+04 
8.8798688012e-06 
4.3408961831e+13 
3.2730118144e+10 
-8.8476213248e+10 
1.6473884170e-04 
6.3146428508e-23 
2.5270474122e-14 
-3.0089216225e+27 
1.2949889344e-23 
6.7196074927e-29 
3.4422062423e-10 
-2.7277694000e+07 
-2.7849868268e+28 
-5.5418811748e-36 
-1.9145537445e+37 
2.6374355320e+15 
-2.2653488243e-13 
-4.5580820778e+18 
3.6352993750e+05 
-5.5061674856e+24 
2.6778202165e-17 
-1.0018841567e-04 
-1.7458201904e+03 
3.2877751487e+38 
-1.9923839529e-14 
-5.6074850745e+25 
-1.3768970035e-02 
-1.5071980504e-31 
3.6396827420e+31 
2.1952470002e-36 
9.2142290259e+20 
-9.9264373601e-32 
4.5625164596e-32 
6.8168183808e+10 
7.5197259521e+02 
4.9355951506e-33 
4.3208225651e+36 
2.5077503855e+28 
-1.2554754599e+32 
-3.7703400000e+05 
2.8385981743e+17 
-4.5477282196e+34 
4.9670201351e+36 
-1.5327411900e-32 
3.8294748944e+23 
5.6857288655e-08 
2.9829677915e+27 
2.4130063835e+37 
5.7705995632e-24 
-2.7674366332e-17 
-1.2122201920e-01 
-5.2482800409e-21 
7.7328271177e+34 
-2.3861640880e+33 
-2.4073281710e-30 
-7.5841468052e+31 
-3.0837682121e-27 
3.8241953639e-35 
9.4908610415e+27 
1.8207034517e-31 
-4.8667938169e-15 
1.6910926529e+21 
-1.2909490186e+30 
3.9302069523e+19 
-8.1246800000e+05 
9.5479907143e-21 
2.5919067383e+01 
-5.4303184152e-04 
7.0531598340e-09 
2.0049810930e+37 
2.1929872146e-31 
-6.3965941392e-22 
6.5626171164e-11 
4.6324211985e-35 
-4.0448987634e+34 
1.2843998494e-22 
            nan 
2.6150153512e+29 
4.3667276096e+15 
-4.5146897448e-20 
-1.2118005753e-01 
-6.0334336000e+07 
-2.3795326779e+13 
1.3970111194e-21 
7.1277160645e+00 
-1.5158149349e-21 
-3.6680296599e-25 
-9.0479584816e-26 
9.8700162198e-05 
-9.2436351211e+27 
2.9474717500e+06 
1.0092331294e+38 
-8.4217303423e-27 
-1.9524246502e+18 
1.0475428149e+20 
-9.4852603904e+10 
-3.5174529475e-19 
4.7107104459e-13 
4.3522194182e+36 
1.1217149708e-21 
-2.1432641953e-15 
-3.6246105091e-25 
-3.5498595200e+08 
7.8226655839e-13 
-1.2217181211e-04 
2.6847843200e+08 
-3.5886578396e-16 
-8.4483755213e+11 
-1.4152329053e-17 
1.7466734080e+09 
2.7641400385e+20 
3.6694367113e-34 
5.9868486037e-12 
4.0567992466e-23 
1.4258825104e-04 
-3.4627335541e-17 
-2.8495632807e+30 
1.5475398026e+29 
-3.7835818519e+21 
8.4919171365e+28 
9.3349953841e+31 
3.3773844232e-15 
1.0792139019e-34 
7.0006767055e-04 
9.6541492188e+04 
-2.8395640229e-38 
-1.4241436453e+19 
1.5424035339e+31 
1.6429662677e+29 
8.1488646435e+16 
-4.1730512748e-04 
7.6291515000e+06 
1.0277252081e-36 
-2.2423920143e+32 
6.4999549726e+16 
-4.2804181281e-26 
2.9872922897e+01 
3.8038762094e-33 
3.1036642313e+33 
1.1146398990e+24 
-1.4709401617e+33 
1.1284609375e+03 
-1.1222221642e-23 
1.2210798264e-01 
-7.2134201434e-31 
6.3953019834e-38 
3.3324817244e-16 
4.1607412308e+32 
-5.3530029297e+01 
-2.2553495415e-23 
-8.6774149818e+32 
-6.0577850111e-37 
1.3379888279e+16 
2.1916328919e+12 
-3.7360387848e-21 
4.2125157529e-13 
1.0847163244e+16 
5.7051875046e-07 
1.6745147491e-09 
1.3502360561e+33 
-1.0297364651e-19 
-2.0768687452e+20 
-4.0943491795e+36 
6.5281614661e-04 
3.4019780569e+25 
-7.6625358919e+34 
-6.9445259100e+12 
2.4672192584e+27 
-5.5337200000e+05 
2.4101485920e+36 
-1.6737482707e-20 
-1.2249315448e+16 
1.2588072960e+09 
-4.4451800000e+05 
1.5968784759e+35 
2.8732581995e-05 
1.0684517581e+11 
-8.9884696908e-13 
6.5591790771e+02 
6.5280637297e+17 
-4.4650185056e-36 
-5.8449854981e-25 
-6.4655978496e+10 
2.0423528717e-25 
-2.7766770933e-21 
1.0457893712e+37 
1.1554328149e-35 
1.7653602735e+15 
-3.0804873047e+04 
1.0085546399e+34 
3.2266255840e-37 
-9.5542771375e-37 
3.7358797246e+21 
-7.7040292652e+36 
-1.1076047885e-24 
-3.2882727824e+35 
-1.2657354680e-34 
1.1020025934e+20 
-3.1053411840e+09 
2.9140412342e-19 
1.3844738615e-13 
-6.3483010285e-15 
4.9917390570e-03 
3.7370585269e-37 
1.3249516465e-24 
2.5110902192e+18 
-3.5003453586e-14 
6.5257788129e-18 
-2.6806128687e-20 
-1.9098474921e+27 
1.3009160408e-23 
-6.1811231983e+27 
2.4580400742e+11 
-8.9349154406e+11 
9.1829889201e+32 
5.8312517141e-12 
2.9743390420e+21 
-3.4543906104e-17 
-8.2581173695e-29 
-5.3362063977e+34 
-5.6724435931e-16 
-5.6711246094e+04 
-9.4624718108e-35 
1.1714268109e-23 
-4.5963819139e-03 
-6.7353987276e-08 
3.5847697920e+09 
1.3282438724e-33 
2.8642014720e+09 
-7.0092448732e-04 
-1.5883405997e+20 
-5.8851071777e-32 
1.3801449493e+23 
3.6129819514e+22 
4.3199588517e+17 
-3.6649890608e-35 
-1.0550389404e+03 
3.1183151595e+29 
-4.0957498726e-08 
6.2168938486e-26 
-1.5194764404e+03 
-1.4535597436e-32 
-7.4748315619e+14 
-1.7703371411e-37 
8.1983850574e-19 
-4.7552659642e+19 
2.2211796020e+25 
-1.1344791038e+32 
2.3592658575e+37 
1.7152057593e+14 
-3.1640947508e-15 
4.2317242747e-35 
-1.9645158923e-24 
1.4765205592e-14 
1.0226168586e-36 
1.0017610656e-12 
3.2737232613e-32 
-1.0402759375e+06 
-2.1540750795e+22 
-2.2933298438e+05 
3.8765411278e-25 
6.4857307477e-16 
-6.6769362826e+37 
1.9048153966e-27 
8.9076216000e+07 
3.8365831167e+25 
1.1427540655e+22 
7.6859290712e-03 
-3.9629367275e+23 
1.8396129018e+23 
-4.3932361262e+30 
-1.1575656734e-29 
-9.4868356244e-36 
9.0637683046e-38 
7.8822422831e+31 
-1.9238569122e+24 
-2.5218421616e+33 
-3.3641592832e+10 
5.1398716491e-36 
-2.3625360217e+34 
3.7205283625e-17 
1.5930231734e-29 
8.0807807617e+03 
1.8892898438e+05 
4.5321728038e+26 
1.1456448614e+14 
2.8383916385e+22 
3.3935656239e-24 
1.4058872644e+37 
-2.4523927359e+19 
-2.9999244769e-29 
2.7513109295e-36 
-1.0880189230e+27 
-6.6397460480e+09 
-5.1302268868e+28 
-1.8905002964e-28 
1.8575838445e-35 
-4.9763637498e-37 
5.0822818279e-01 
-9.5607583763e-20 
1.3727008851e-33 
-3.7684080183e-32 
-1.4377297883e+18 
2.7536629334e-20 
3.9746742188e+04 
9.1781359515e-05 
3.2126986298e-06 
2.4665128666e+21 
-1.7924808231e-13 
-3.0689029120e+09 
3.7124943211e-16 
-5.2206409680e-36 
2.4799948001e+25 
5.4829314669e+28 
-8.1133165228e-22 
-6.5603324000e+07 
1.6125677182e-10 
-7.3826715574e-11 
-3.5649097185e-07 
3.3765059148e+20 
9.3600471040e+09 
1.3916737201e+18 
-1.5230557437e-05 
3.4446738468e-38 
-5.4556778034e-15 
1.3133191776e-25 
-5.7307366378e+16 
9.8843218167e+29 
-7.4977193608e-21 
-1.5826254213e+27 
2.1064841309e+03 
1.2209181688e+13 
9.5314303325e-12 
-1.5902976376e-18 
-6.7262136451e+13 
-6.9992862188e+12 
-3.2751563026e+16 
5.5777560147e-21 
1.2492494214e-32 
-9.0696509654e+18 
4.7185298920e+01 
-2.5337594052e-27 
-1.8190658491e-36 
-2.1507615244e-08 
-7.4024470919e+23 
-1.3807844352e+10 
9.1197435057e+20 
3.9992804718e+19 
-5.6951365084e+24 
-3.0218137741e+01 
1.4280805772e-04 
3.2601641578e-05 
-1.9951135302e+33 
-6.8090366332e-25 
1.5838527978e+21 
-1.4549576545e-18 
-8.9644454806e-17 
-4.9503432617e+03 
-1.3348503485e-37 
1.1843233642e-12 
3.2604228468e+16 
-2.5373546229e-29 
5.9996264959e+32 
-1.0499034804e-36 
-1.5106579265e-37 
3.3475500497e-19 
1.1178876660e-34 
9.5933933384e-30 
-1.6745074971e+37 
-1.6721513418e-07 
9.2028847320e-38 
-2.1562750000e+07 
-1.8400444114e+37 
4.6122582717e-05 
3.5962977779e-31 
-8.3447199151e-10 
-1.6276944361e+24 
-7.6111188361e+21 
-3.5153921440e-10 
2.4212599357e+34 
1.8767832220e-01 
3.2517533219e+28 
-3.3174425436e+12 
1.4607133791e-38 
-4.7892027802e+11 
-6.9610787500e+05 
-4.1768594062e+18 
8.9798944228e+19 
-7.8022210546e-14 
2.9882678111e-34 
1.2188640312e-33 
-1.4481732845e+00 
-1.3975666794e-21 
1.8910949087e+20 
1.6750346209e-27 
1.8222885177e-32 
-9.5557414936e-21 
3.1998048552e-14 
7.2006947960e-08 
1.1511830782e-21 
4.0394183637e+19 
-2.1621810744e-27 
-1.3249890944e+23 
-8.6885002231e-13 
2.2345321090e-33 
1.3461448294e+12 
-7.1701974606e-29 
6.2633768124e+13 
3.2175500861e-19 
-1.0058309305e+27 
-1.2539146895e-19 
2.9195283423e-04 
-5.7960010362e+29 
3.1888623047e+04 
-2.9999178606e+19 
4.1540659716e+21 
-3.5785099864e-01 
-1.4896168141e-03 
-1.6629473840e-11 
-1.7432786059e-36 
1.1952948634e-14 
-2.4941392752e-30 
6.7065990569e-21 
2.7535138905e-30 
8.8613532329e-16 
-9.2517739340e+17 
-3.2868142184e-34 
-4.3924052370e-37 
-3.4785505384e-02 
-4.9464867099e-18 
-8.2948750091e-09 
-4.0633434095e-21 
1.6404758805e+29 
2.5787419257e-24 
1.7230131620e-37 
-7.5941555227e+37 
5.6825478846e+22 
-3.1920254000e+07 
-8.3530581550e-31 
-6.0049034179e+29 
4.6518560499e-02 
1.0858089293e+27 
-9.4598342400e+08 
-9.5818658587e+35 
2.1485423403e+18 
2.7326835117e+14 
-1.3138042581e-36 
1.1353233838e-37 
-1.3338101617e+25 
2.3025929750e-06 
1.4855225202e+38 
-1.0339491200e+09 
2.0627266292e+15 
2.8917917500e+06 
6.9270311539e-23 
-1.2454542080e+09 
8.7123975099e+17 
1.0397129870e-18 
-1.0662616782e-36 
-4.8107445590e+21 
1.1764419783e-34 
-1.1984496747e+33 
-2.1961510597e+25 
-1.1862253301e+27 
-1.0864866454e-05 
-4.4686542163e+23 
-5.5004741636e-25 
4.0146087424e+15 
1.2873200702e-38 
-1.3228152022e-29 
-2.2384670506e-10 
3.5066284892e+21 
-7.5709172265e-09 
-9.7340360201e+25 
8.0285193750e+05 
-7.9665128572e+22 
-4.5567567213e-06 
-3.8393113600e+09 
-2.8017759600e+38 
-6.1332426051e+29 
7.3767942357e+15 
2.3705746512e+14 
-1.4417464378e+37 
-7.1051587500e+05 
4.7441653802e-28 
1.4263975143e+01 
-3.7467961686e+21 
4.4273704040e-25 
-2.5179550654e-24 
-2.9775855115e-09 
-1.1596921668e+36 
-2.4294057984e+10 
-1.3075428311e+32 
2.2664845748e-37 
-1.5007464889e+31 
1.1125275759e-29 
1.9229477039e-04 
            nan 
5.7351023803e+30 
-4.3670795868e-09 
9.1210197277e-19 
1.1382762701e+11 
-6.5878264000e+07 
-7.6622011234e+28 
-1.3391851894e-07 
-1.5156878750e+06 
2.6731476992e+10 
1.4455568503e-17 
9.3656024154e-27 
-3.7578333388e-25 
3.3254680269e-16 
-1.7727471076e-18 
-3.1624869330e+34 
-6.1144411359e-21 
-9.6641191175e-22 
2.3500718080e+09 
1.4766132242e+21 
5.1832886736e-38 
1.8377343900e-30 
1.3909932727e-29 
-6.1206691840e+10 
-1.8017904793e+28 
-9.9956837512e-13 
8.2189652826e-31 
-6.0450511228e-05 
1.1890430400e+08 
-4.0804855155e-12 
9.1055504162e-18 
3.9791841205e+15 
-1.9836123101e-05 
4.5413785600e+08 
1.4441437500e+04 
-8.4009584499e+19 
7.1307848515e-11 
-1.5770797729e+00 
-5.9911711009e-14 
-4.1781265934e+18 
-2.5428409378e-12 
3.4345800829e-31 
6.9794168667e-08 
7.2631606835e-26 
-3.0253894236e-28 
1.7354043506e-34 
-2.0208601391e-19 
-1.4493437500e+04 
5.2030629882e-22 
1.6582180864e+12 
1.6218326664e-06 
3.3074824774e+24 
5.1306434596e+22 
1.3596056402e-01 
-3.4606858217e+36 
-6.0263868421e-02 
9.6878051758e+00 
-2.1506347656e+02 
-7.2769944930e-38 
-7.9562342400e+09 
-4.9240874409e-23 
-2.1994700800e+09 
-2.7751858245e+23 
1.1587790845e-29 
-9.7061193750e+05 
-9.2507095351e+24 
-1.9105406000e+07 
-3.4301518807e+12 
3.0313474425e+13 
-1.4448899113e+29 
4.0418945582e+37 
-2.8489882074e+20 
2.7887831521e-27 
3.0887475114e-27 
-1.3159245679e-27 
-3.8921305280e-23 
1.5943788210e+38 
2.0918217228e-25 
2.1387222878e+37 
4.3038931507e+34 
-1.4101543030e+37 
3.4394658424e-19 
2.2671785883e+16 
-1.1645338027e-08 
3.2191756426e+32 
9.2927017192e-09 
-7.7616455620e-37 
1.6666375586e-06 
9.6912303718e+11 
2.0433258577e-24 
3.7529892384e+16 
1.0979079762e-17 
4.4900269586e+30 
9.9895601273e+00 
-2.0510034466e+22 
-1.2404964836e-36 
-6.0761728477e-16 
-4.8079575876e-09 
1.3807129697e+31 
1.9360397500e+06 
8.0425456000e+07 
1.5886254090e-08 
-8.2453077919e+29 
1.7210973642e-29 
1.6274839962e+11 
2.0623908027e+29 
1.2015053525e+37 
1.2628858089e+00 
7.7123290393e-12 
1.2897683338e-16 
-9.0924843899e-35 
5.8828147303e-05 
2.0744541137e+36 
2.4676121094e+04 
-2.2158674515e-19 
-2.2366766541e+24 
4.2637451264e+10 
2.0874933760e+09 
-7.9620592000e+07 
-1.1513648438e+05 
7.4652395248e+00 
-3.9237856503e-36 
1.2930306053e-28 
6.6212872447e-25 
-3.5120565810e+24 
-1.2935666972e-33 
3.6669892716e-29 
6.3736070923e+28 
-1.0372696444e-02 
2.9781273432e+31 
7.7220099490e-27 
-2.1058860072e-33 
-6.0600387500e+05 
9.9292266496e+10 
-2.2869767896e-24 
-8.4889376344e-13 
-1.6471978277e-02 
1.2844247139e-17 
2.9479835000e+06 
-6.6855302734e+03 
-7.0394212490e+34 
7.3317407891e-35 
9.3660315059e-09 
-3.0491683281e+35 
1.8992546596e+36 
6.5110425527e-24 
-1.5783369701e-31 
-6.7775887129e-23 
2.7159086820e-38 
1.2112717500e+06 
2.3504390717e-24 
2.2653060009e+24 
-6.6510302734e+03 
-1.0092039490e+02 
3.5565535081e+28 
-4.7922504820e-22 
1.5770812745e+28 
1.1845067980e+24 
1.7092698812e-08 
1.1905930975e-26 
5.6774407543e+26 
2.1471389961e+30 
-6.9364735983e+32 
-8.8033479502e+29 
-4.7951726264e+34 
-6.6784689053e+31 
7.7490314841e-02 
1.3830978781e+30 
-3.0202173045e+31 
1.4320001348e-12 
-4.1126887561e+35 
5.7233910974e-21 
-1.1244547589e-24 
1.1301587557e-17 
3.1223500892e+24 
-3.0795771070e+17 
2.0140428999e+24 
-7.6557606693e+31 
3.7963593837e+36 
-2.0614495198e-34 
-2.8902196875e+05 
-3.4313936659e-17 
3.5742371649e+29 
4.6036408074e+13 
-1.9899887320e-06 
-1.1282792551e-24 
1.4918239817e+30 
-1.5096799331e-34 
7.2405387477e-16 
-3.8793426082e-29 
3.1485609799e+31 
-5.1535225338e+21 
2.5555111376e+20 
-1.8516885879e+20 
-6.8333432617e+03 
-2.0608003028e+14 
3.0327424530e+32 
2.2989862400e+09 
-1.7007458519e-24 
4.0446662323e-16 
-1.2294029968e+26 
1.1454402227e-07 
1.9986594560e+09 
2.2203472909e-03 
3.0594943091e-02 
-1.0347063437e+18 
-1.4190390659e+21 
-4.9899312000e+08 
3.5018456401e-06 
-9.3243315099e+27 
3.1479560143e+13 
-4.1735591367e-05 
-1.5719905496e-03 
-4.3416985600e+08 
1.2517266441e-05 
1.6905903571e-27 
2.5515205234e-15 
1.1226853746e+20 
2.2325805264e+20 
-1.6922991143e-28 
-4.3882159708e-26 
1.6557945637e-03 
-1.4153517085e+20 
-3.5568188129e+12 
-6.8426154661e-36 
-2.0002286434e+00 
1.3196342594e+30 
-1.0131252202e-04 
-7.1811023134e-17 
-1.0842245867e+23 
1.5820468648e+35 
3.1264477500e+06 
1.3469753198e-32 
9.6242841465e-17 
-4.2057511863e-17 
-4.1206166148e-01 
-1.3186580645e-06 
2.5310221259e+24 
8.9361084192e+15 
1.9263841161e+24 
2.9638688726e-10 
7.2933805417e-29 
-8.8947436684e+20 
6.6748887859e+13 
-8.2357669982e+34 
-9.7182521887e+34 
3.2605877735e+16 
3.8428082149e-33 
3.2939747688e+19 
2.7161477134e-02 
-2.1939744568e+02 
2.6406763928e-11 
1.0558162985e-15 
-1.0163177576e-27 
-2.8932511051e-24 
8.4982775516e-32 
4.9263861084e+02 
6.5816296917e+32 
3.2892702440e-35 
-1.9342886963e+03 
2.0631119609e-01 
-4.9388908386e+01 
1.5985180035e-19 
-1.1516531468e+24 
-4.9357796875e+05 
7.1806897021e+24 
-1.2312379387e+28 
-2.2998197079e+00 
1.9779417038e+01 
-6.7651914296e+15 
-8.8984109492e-19 
1.5641598561e+38 
-3.2844966888e+01 
1.6593703032e+00 
-6.7566656386e+19 
-7.0273264640e+09 
-2.9486642262e+27 
-6.7606620695e+37 
5.0981118995e-26 
-3.7159396875e+05 
-3.0019056100e-17 
2.7085348511e+02 
-3.3146321523e+15 
5.5429067129e+25 
1.5390909033e-11 
5.0840439519e-39 
-5.7267187712e+10 
3.7440846083e-28 
3.2969979657e-05 
5.9393595000e+06 
6.4961765168e+35 
-5.9343225575e-21 
-1.8736308961e+28 
4.7542217680e+35 
-2.8486672305e+28 
7.7978792260e-31 
1.0233654998e+19 
1.3900342927e+26 
-4.3989380591e-35 
8.8774189353e-02 
-9.2119554062e-23 
2.2380815677e+21 
7.3497561685e-18 
-1.8636826110e+14 
1.5337713199e-18 
4.5353212314e+11 
3.0710931576e-09 
-9.5763766941e-29 
-1.4039289393e+32 
-6.0108918478e+25 
-1.3918362123e-11 
9.3260749210e+11 
1.4590446617e+28 
7.0148670206e-10 
-5.9120996606e+28 
-7.9084677734e+03 
-1.6029752525e-10 
-5.7524390280e-30 
2.5410910940e+15 
1.7001169434e+03 
1.2256064608e-08 
-3.1105393816e-08 
-3.0622076000e+07 
-2.4870447998e+24 
-1.8980281236e-10 
5.1931217183e-33 
-2.0442295304e+13 
3.0777132800e+08 
1.1640253007e+17 
7.8524669789e-07 
-9.4055994850e-06 
-1.3783966969e+22 
1.5754579474e+21 
-2.8455878137e+20 
-2.8744189104e-13 
-2.1980133046e+26 
1.4404590508e+31 
-1.0889351930e+32 
6.4715071646e+36 
1.3168396928e-10 
4.1549840867e+22 
2.4257545195e+28 
-1.6728475566e+12 
3.3879385536e-33 
-4.5603870680e-10 
2.4911088867e+03 
3.3871413471e+16 
1.9405302709e+19 
-3.0735184429e+13 
1.6564004773e-33 
1.3258493042e+02 
-5.5928997881e-27 
-1.5265976364e+33 
1.2650739712e+10 
2.5110216179e+31 
6.4182262547e+15 
-7.0027796617e+18 
2.2044221877e-26 
-2.5573191136e-26 
-1.7250000798e-13 
-1.2906414922e-03 
4.4213540977e-14 
3.7615530193e-02 
1.3116379872e+19 
6.3934605223e-13 
-1.7046305127e-29 
-3.2476438024e-31 
2.8780106084e+19 
-1.0700716250e+06 
-3.2451717942e-29 
-5.7732084221e-37 
1.8259495312e+05 
-2.4578811376e+30 
6.1709129113e-06 
-3.4443928651e+30 
-4.0229806422e-34 
-2.9110961478e-34 
-2.3239218267e-27 
6.0722907982e+15 
1.9299259613e+27 
1.0073010351e-26 
5.6390043121e-29 
-1.7684423195e-28 
4.6184978723e-23 
2.7825343609e-01 
-2.0213524844e+17 
1.9089402880e+09 
-2.4177733008e+31 
1.4252553131e-12 
1.8220609426e-01 
-1.9319963633e+37 
-2.5843271484e+03 
-2.0239502259e-26 
-4.0597280763e+25 
2.0989521484e+03 
-1.8823734952e+34 
2.4171031755e-19 
-3.1107126395e+12 
-4.2595537379e-03 
-1.9484467722e-37 
-1.3871663809e-01 
6.5719897461e+02 
4.4944703655e+29 
1.9879288000e+07 
-4.6387675136e+10 
1.6723414174e-20 
-9.1250152000e+07 
1.4996374427e-37 
4.3982496858e-01 
8.3832651476e+31 
3.6469501264e+25 
-1.5818571965e+37 
-2.4808024524e-09 
6.5518411009e-12 
1.0428615913e-38 
-1.9648449767e-26 
3.7324014282e+02 
-6.7488457744e-37 
-1.5459012846e+24 
-3.3247270852e-27 
-2.7266674806e-05 
-3.0805037067e+19 
-6.3760219816e-16 
1.2721694761e-22 
2.3602077696e+11 
-6.7156980929e-36 
1.7495919375e-36 
8.0099874166e-28 
-8.1155967766e+23 
-7.8662735390e+14 
-2.1324812806e-16 
4.0219055104e-37 
1.3432026338e-24 
-2.9470586000e+07 
2.5755455494e+00 
-2.7397399649e-31 
2.8665197257e+23 
2.9224788856e+17 
-8.3859858530e-23 
-5.4886857725e-08 
2.1170991516e+02 
-3.8010471509e-36 
-5.6195751533e+16 
-6.8358599071e-37 
-4.3800198386e-13 
4.4533027536e-37 
4.3205853184e+12 
-2.0732394632e-24 
5.0411819075e-07 
-1.9825528731e+31 
-6.8654439911e-34 
8.6702676490e-03 
-1.5113354492e+03 
-9.3771371951e-27 
2.5454840856e-36 
-9.2950782204e+26 
2.0260052992e+11 
1.5490463356e-09 
1.1912255919e-18 
-1.9489101533e-07 
7.5463853573e+17 
-5.4885187789e+17 
-7.7400575432e+37 
2.8202245514e+33 
-9.1656240528e-21 
-3.3531129939e+22 
8.0509093836e-10 
6.8118056645e+25 
-2.5354523926e+03 
-3.2320704690e-07 
-2.3283181264e+19 
-4.6747706400e-11 
1.5518261194e+00 
-3.8239465210e+34 
-3.0365654628e+19 
1.1043508020e-26 
-2.4612008383e-22 
4.6689488928e+36 
5.7961706486e-15 
-3.1292739921e+34 
1.4887118231e-34 
8.7792183947e+23 
7.3492480888e+36 
1.3147913887e+27 
8.2815354739e-29 
3.2748455792e-15 
1.1049828123e+24 
1.0838224040e+32 
-4.0642352652e-27 
-1.7292443488e-27 
6.8456899615e+17 
6.8455055185e+18 
1.1215439809e+37 
-1.3053246886e-24 
-7.1328909199e+18 
3.1880596423e+13 
-9.9503760123e+29 
2.1591938626e+36 
2.2416390174e+22 
-1.1863468739e+15 
-4.2297982110e+17 
-3.7624722609e-05 
-7.5178031259e+21 
-2.6404662550e+25 
-1.6462453145e-12 
-4.9659268261e-14 
6.2883247273e-19 
-4.4943171463e-26 
-1.9798872556e+12 
-2.9128122713e+22 
-7.4245033732e-11 
2.8607130698e-21 
2.1038727443e+26 
1.3830396314e+11 
-4.8196993024e+10 
4.9355394771e-11 
3.3245593778e+25 
1.8744572969e+38 
-4.3268382549e-01 
8.0300887904e-26 
-2.1617068380e+25 
6.5796446618e+11 
-4.2976874683e-30 
-3.1468980879e-24 
-2.4791098536e-13 
-1.3457265970e+26 
4.3050237756e-31 
1.1185903632e+13 
3.4750439883e+13 
-1.1109619833e-24 
-2.1757336426e+03 
-2.9414835637e+33 
-7.8111281206e+37 
-1.1555018773e-06 
2.5067963113e-13 
-1.4851734642e-37 
-4.6224168584e+26 
-2.1234835784e+12 
-3.6765426681e-22 
-8.4492614045e+37 
-3.6747036347e-07 
-1.5508077500e+06 
1.7985137320e-19 
2.8974717855e-01 
8.9786562603e-04 
1.4476273612e-27 
6.4889862328e-18 
-5.0136012800e+09 
-3.9685736084e+02 
-1.9118026752e+10 
            nan 
-2.7544187180e-37 
-1.0939794952e+16 
-7.5063513846e-18 
-5.4726832603e-14 
1.2927362247e-17 
4.7073478400e+08 
-2.7432491302e+01 
8.3382409668e+02 
1.0129378890e-29 
1.9633068520e-26 
4.4139547731e+20 
9.4195043775e+35 
-4.3010099034e-05 
1.8906089711e-17 
-1.0781101806e+26 
7.7454940570e+11 
6.8110586327e-16 
2.9176648172e+13 
1.4532678487e-36 
9.5646202001e+25 
1.3057468345e+23 
1.7256169510e+36 
-7.2764649788e+35 
-9.4470720756e+18 
-6.1148589518e+27 
7.0137600000e+09 
-8.5058418335e-04 
-5.5524738281e+04 
-3.6485853791e-01 
6.9566235845e-37 
1.9408869141e+04 
-3.3228981451e-26 
3.9905235767e+00 
1.2451332295e-03 
4.9269857781e-16 
-6.5478110313e-01 
9.5237540076e-10 
4.0055536257e-17 
-4.6768592516e-26 
4.4507704559e+15 
-4.4334512160e+27 
1.2131121885e-08 
7.4940988300e-21 
7.7219280808e+31 
-1.3743116250e+06 
2.1753857382e-08 
-2.4596577454e+02 
2.9374307110e-33 
-2.1774451024e+21 
3.2958410691e-32 
4.2663605702e-37 
-6.2484754036e-32 
-4.1073344512e+11 
-4.7320004224e+33 
-1.1511092352e-38 
-1.2079094350e-01 
5.2575769587e-06 
9.8073483764e+28 
-7.1520313621e-02 
1.2210007631e+27 
1.0239268606e+16 
1.1780845490e+35 
2.2217000288e-25 
-9.9806628418e+02 
-1.5066789888e+10 
-1.6550485229e+02 
-1.6414689052e-10 
-8.7664772751e-36 
-1.5340818279e-24 
6.7578662540e-18 
1.6483606942e-06 
1.3837785868e+25 
-2.1103195620e+37 
8.3235304000e+07 
1.6027213533e-14 
-2.6854194484e+27 
6.6898709536e-01 
-5.6815099730e-39 
-1.8026908228e-32 
3.5839647055e-01 
2.9671518498e+15 
4.8232330089e-26 
-4.8058043345e+25 
-3.1324213850e+32 
-1.2232824996e-11 
3.8879444245e-17 
-2.7139027365e+20 
-2.1446522338e+17 
1.4640513855e+29 
-6.1793266468e+24 
6.6701448479e-22 
1.3734936523e+04 
1.1793587440e-08 
1.1421458965e-15 
3.4279884189e+16 
-4.9946170067e+23 
2.5590547617e-26 
-5.4934834529e-29 
-5.2711164000e+07 
7.0832602432e-06 
5.2608522907e+15 
-3.3768723380e+18 
2.9050507227e+23 
1.6645716414e-06 
1.8175313690e-17 
-8.4649977600e+08 
1.2076917723e-22 
-2.6281642128e+36 
-1.6239317242e+34 
1.0858441175e-29 
1.6469819793e+27 
7.0845942498e-35 
5.9080878943e-19 
2.9851840850e+31 
3.3670653815e+15 
-1.9804145303e-14 
-2.7555084229e+00 
8.6661101320e+15 
-1.1332238600e+36 
-5.0576781150e+26 
3.8875593554e-16 
-5.6396132209e-10 
-5.8288460034e+25 
-6.3070697021e+02 
-7.1278343635e-18 
-3.5805985196e-17 
-4.3751103017e-23 
3.6646711426e+03 
2.9345913970e+28 
1.7990904011e+31 
-3.3330558000e+07 
-2.0533066155e+33 
3.6791517500e+06 
-2.0750134873e+22 
-4.2393442243e-02 
1.6060725872e+36 
-6.0293338693e-31 
-2.6116184435e-25 
3.6768170141e+30 
-5.6788118252e-26 
1.1700062476e+22 
2.8414085183e-30 
-5.2323038690e-03 
-1.6270475474e-23 
1.8324285941e-16 
-1.2524593807e-08 
6.4484781027e-01 
-1.0681534000e+07 
-1.2610617571e-27 
-5.2645208043e-32 
-7.1357006857e-17 
-2.3673055333e+20 
-1.9265529355e+17 
3.9463735505e-23 
-4.5574367267e+26 
-8.3388172193e+20 
5.3268642201e+27 
-6.3704266040e-07 
-1.2740347827e-26 
-6.0251489280e+09 
1.3846939933e+34 
2.0837330246e+38 
6.0586986365e-04 
-1.1889877375e-13 
1.4586779424e-34 
-2.5979873657e+02 
-8.1258492793e-18 
2.3590332878e+31 
2.2511764698e+29 
-7.7931273174e+28 
2.0625326616e+22 
1.8534068346e+15 
5.2538087658e-08 
7.3526836932e-02 
3.5290235179e-09 
1.8530426000e+07 
-3.2140019983e-17 
6.7434327284e-33 
-2.0470817566e+01 
-2.7476540982e-31 
-2.8126286798e+24 
-5.5899716968e-32 
-4.5888793639e-22 
-7.5058761893e+33 
3.7810685588e-26 
1.2572066099e-19 
-1.5997381689e+37 
-1.1824829563e+12 
3.0910758397e-08 
-7.8866360031e+31 
4.0542775228e-37 
-3.5054392574e+21 
-6.9965455074e-15 
-1.4603182926e+18 
-3.3359643279e+12 
-4.5624094327e+23 
-1.1345685547e+04 
-2.9899541638e+26 
4.3192143919e+35 
-1.6471036716e+33 
-1.7976669369e+16 
7.0362773601e+26 
2.9907697040e+19 
-8.6056306525e-10 
-5.5932673715e+20 
1.5692316417e-37 
-7.2928273198e-08 
4.6747849276e-30 
-4.3156044421e+17 
1.2506797500e+06 
5.4706936000e+07 
1.3865399449e-27 
-2.7023599389e-15 
1.8067806187e+19 
1.2678245929e+18 
6.9581163597e-37 
-8.0753746039e-30 
4.1297623798e+29 
6.3062401835e-30 
-1.8542104277e+20 
1.1950683865e+31 
2.8433575936e+10 
3.2238513074e-12 
-1.2391494380e-18 
-5.2932738370e-33 
-5.2114179970e-21 
-4.7769498221e+24 
7.4176050475e-06 
-4.6229681175e-05 
8.8435628442e+11 
-2.0573141016e-30 
1.6266278400e+09 
6.1814009467e-10 
9.4986795780e+17 
-2.5358792763e-27 
6.6646487593e-24 
-2.6581829834e+02 
1.9635360658e-32 
-1.2548229710e+17 
-2.1564654162e-05 
-2.2742934400e+08 
-4.9601293912e-24 
3.8047762020e+28 
-1.9568237500e+06 
5.0107019816e-18 
-4.1092763991e+36 
-3.5399709491e+11 
1.5037583125e-06 
-2.3977413177e+01 
-1.1938500739e+24 
9.2927340000e+06 
2.5870955410e+17 
-2.0514546217e+16 
5.3543536719e-29 
-5.7651069190e+13 
9.3588650731e+33 
-7.2753682131e-16 
-5.0056597879e+21 
-8.8343168737e+22 
2.1373091556e-13 
-3.6330957502e-14 
-5.6554978017e+12 
-1.5179706803e+23 
-2.1779336406e-27 
2.7050114113e-06 
-1.0340755127e+19 
1.4702759368e+30 
1.1056942486e-30 
2.2387050099e-37 
1.1697584128e+10 
3.7171857707e-27 
4.7168673883e-21 
1.6358557887e+27 
1.9404579251e-19 
-2.7097226944e-23 
-9.2067543329e-26 
-8.0299476562e+04 
3.8681268191e+13 
1.7337377523e+19 
1.1436381619e-08 
-4.7101431095e+29 
-6.5416194697e+32 
-4.3619586093e-31 
-1.3754926776e-30 
2.0992777453e-31 
4.2763529041e-29 
6.0216456176e+15 
6.0751170739e+29 
-3.0759274743e+25 
-1.9930395164e+34 
7.6034540591e-29 
8.1934885858e+24 
-3.4223831132e+32 
1.1949845487e+24 
1.0262960815e-25 
2.7377451226e+29 
-2.4338156800e-04 
-6.3063713074e+01 
1.4275426740e-31 
4.3884367053e+11 
-1.5078446269e-01 
2.8081262826e-06 
-5.5319458170e-07 
-1.0215828879e+21 
-7.6907322064e-15 
8.6071664706e+13 
-2.9440202175e-14 
3.7399046892e+18 
3.0118828769e-27 
4.5773892415e+27 
-9.2927211220e+29 
1.9518666240e+09 
-2.5524169442e+17 
3.0525021383e+37 
8.3457048783e+27 
-1.2741770075e-30 
1.0891926941e-03 
4.9196719351e+25 
-2.0420214269e-25 
-1.7118528874e+33 
1.1459994766e-06 
4.3144718890e+30 
-4.1929812869e-04 
-6.5935018938e-04 
-6.3147797970e-22 
3.5274077225e-14 
1.7528111012e-38 
1.2094419600e+16 
6.4027985939e-37 
-1.8464383867e-16 
9.7900933120e+09 
2.3755707681e-34 
3.6343647518e-31 
-2.5325964221e-38 
-3.3994432227e+19 
-2.4788067852e-31 
-3.6061685194e-08 
-3.7260776367e+03 
-4.1595035000e+06 
-1.5934125244e+13 
-2.1865976911e-12 
-6.6818763170e+36 
-5.5306223007e+20 
2.9987259111e+33 
1.2996448438e+05 
-7.0204238132e+24 
1.7399085550e-07 
7.4522804224e+10 
-4.0014298886e-24 
-2.5877398400e+08 
5.1078921908e-13 
-3.0261809808e-27 
1.2612327942e+21 
-1.6553611550e+19 
4.1310719524e-22 
8.3076940918e+02 
-1.6065541614e-37 
2.6508326530e+00 
-9.6003776578e+13 
1.3508016538e+11 
-6.8028824334e-24 
6.0384902577e-15 
2.1541533206e-13 
-3.8202669676e-19 
-1.1564312503e-02 
1.0545109760e+09 
2.9832866691e-27 
-3.6347877229e-29 
-8.4475035197e+33 
-2.7918399881e-27 
-4.0065187216e-01 
-2.8432946102e-12 
1.1050850445e-36 
3.6345839624e+23 
-2.0669533570e+33 
-8.3479672670e-01 
-3.0831549119e-11 
-2.3314027385e+23 
-1.8944716250e+06 
-2.8103724484e+23 
-4.5229862400e+08 
-2.5132713986e+29 
7.6762376538e-37 
7.3459978933e+23 
-5.2567655090e-12 
5.9713713974e-09 
4.7360379558e+14 
9.1763958088e+12 
-2.1194413683e-13 
8.2823204514e-16 
3.5855112277e+24 
5.8332505837e+18 
2.2876131481e-17 
-4.8399091757e-33 
9.4683115520e+09 
3.5555793147e-05 
-2.3722417763e+24 
-4.1672800053e-24 
-3.1605082148e-29 
2.8750652301e+38 
1.0993242683e+27 
-1.5661522746e-01 
2.8314076477e+37 
-1.9654368958e+15 
3.5458819443e-25 
-1.3149676169e-15 
3.9465183018e+37 
-7.0493833846e-06 
-2.1744073601e-17 
4.6524555895e-32 
6.0307740526e+29 
-1.7843828459e-07 
3.0254341471e+38 
-3.7221365813e+18 
-1.3063236604e-10 
1.5210714285e-26 
2.6717231807e-14 
5.1899096132e-10 
2.6445723653e+36 
2.8828746542e+34 
-6.0112432863e-22 
-4.6226790442e-38 
-3.2805681761e+17 
4.1111249790e+15 
-1.0932792611e+25 
2.7454179220e+14 
-3.7265196800e+08 
3.1980556514e-07 
-4.5138132284e+21 
-6.0373188552e+23 
-8.9985187500e+05 
-1.4882474716e-05 
6.7354419856e+19 
3.0899421416e-29 
-2.8045424996e-16 
-8.8646588910e-35 
-8.2051246864e-06 
-1.0553665960e-13 
-4.3333825575e-24 
1.2462576812e-37 
4.0818777084e+00 
-4.1733179279e+32 
-9.9591624176e-31 
-3.5642231815e-03 
1.9322273229e-18 
1.3350183068e+36 
-5.0445392323e-33 
6.6007945819e-18 
2.8697623833e-08 
4.7965993881e+00 
-2.8217096298e+30 
3.5986019435e+33 
3.9890043437e-02 
4.7306437387e+23 
-2.5243923676e-24 
2.0136382115e-25 
-4.5625270000e+06 
-2.9668131156e+38 
-6.3820172800e+08 
-9.0581349727e-37 
1.0281696332e+25 
-2.8817761510e-09 
1.3949165372e+20 
3.5100404000e+07 
-1.3079577699e-10 
-1.8179928320e+09 
6.1846655786e+21 
5.1262196000e+07 
-2.2188720998e-32 
6.7298110051e-21 
-1.0751838695e-29 
2.1429377370e-12 
8.6470739423e-13 
-1.9953388093e+12 
4.5629517215e+31 
-1.3243625872e-03 
-4.3054135737e+24 
-9.9369226838e-17 
-1.8360970530e-25 
-2.4414916574e-31 
1.5956742555e-33 
1.3631359438e+30 
-2.7779548106e-10 
7.8018949372e-22 
-8.4524810762e-11 
-1.1222811515e-36 
6.9580327611e-11 
-9.6294260790e+19 
-4.4697192857e+27 
-1.3854779377e+17 
2.4007688916e-18 
-2.5604652946e-12 
1.5788548854e-12 
-2.0323532104e+02 
1.3968810547e+04 
2.0257172925e-33 
1.8289180756e+01 
7.6155161959e+36 
-1.2390540306e+33 
-1.6582635872e-12 
-9.8328871695e+33 
4.5603220627e-24 
-7.5827401815e-06 
3.2569621094e+04 
-9.9806946562e-13 
-6.7604633600e+09 
-9.3078788283e-28 
2.9643164822e-14 
1.8666297993e-15 
3.6644903881e-22 
4.1860623360e+09 
1.2058048438e+05 
-2.0031232478e-30 
-3.1617550871e+18 
-9.1840123209e+15 
-4.4592468926e-24 
-6.5644531200e+08 
-1.5702733881e+13 
-2.0224644232e-22 
1.4304590877e-03 
-5.1755945715e+34 
-7.4589440918e+02 
-5.8296571533e+29 
3.0616754791e-12 
-4.4708643988e+33 
8.9603329503e-15 
1.8196295844e+13 
2.3978282723e+16 
-2.3208276252e-04 
2.4411846223e+21 
-7.3559939861e-01 
-8.6599721083e+17 
-3.0032833099e+01 
-7.5806133725e-28 
2.2547818095e+16 
4.4502308684e-18 
-3.2656967051e-06 
1.4553591144e+29 
8.6232840289e-33 
-3.6776491090e+12 
-4.1390217642e-11 
1.9760075684e+03 
-3.2338208768e+10 
-4.4832264235e+23 
5.7527777972e-04 
-2.0524334400e+08 
-6.6888005882e-30 
1.1470624466e+38 
-1.5368055251e-27 
-4.5187715502e-17 
-1.2647863437e+37 
1.3696380002e+32 
-6.7945975000e+05 
5.2034038771e-21 
-5.9348684821e-13 
4.7573410665e-15 
-5.0138401693e-25 
3.5351264232e+21 
-6.0882478143e-28 
-1.2645672711e-37 
-1.9397327351e+33 
2.4373869141e+04 
-3.3852065086e-25 
-7.7297383603e+37 
-9.4165688857e-23 
7.2642856139e-06 
1.4215548162e-21 
1.3432661616e+16 
-2.1881983514e-07 
-5.9512711057e-14 
-9.5585550336e+10 
1.3506541365e-38 
1.7684028612e-13 
-1.9573118237e-08 
-1.3317706279e+29 
9.5760037183e+13 
-1.7712726830e-16 
-1.3504358282e-32 
8.8291230227e-31 
5.9049766612e-19 
1.4403662963e-23 
1.3912830487e-17 
-2.1582586202e+29 
-1.0123303680e+09 
-6.4424232616e+13 
            nan 
9.1714341459e-24 
9.2753604651e+21 
-3.2622028839e+38 
-2.3416120598e-07 
-5.1556151589e-37 
1.0648328936e+18 
1.7316659320e+34 
-3.0553026401e+28 
3.0258622464e+10 
-7.1712515293e+13 
2.5805049896e+01 
9.5957348732e-34 
5.8529886883e-04 
4.8305339117e+31 
4.5471190804e-36 
-1.1367861589e-04 
1.4781178379e-06 
3.0861212603e+24 
1.1230398000e+07 
-4.4813125479e+26 
-6.6223939220e-18 
-1.2421140533e-18 
-3.6995148263e-39 
-8.6429501110e-21 
-1.0812568000e+08 
-1.1368023291e-19 
7.1876847869e-06 
1.3053521412e-14 
-3.2321324800e+08 
-1.5487375044e+16 
-5.0778114622e+23 
-4.2203923689e-10 
-9.4387091064e+02 
-1.1285004206e-02 
-7.0157800000e+07 
-1.0587894579e-34 
-1.6216776000e+08 
-3.0319027289e+35 
-1.4207968697e+30 
-2.6768082753e-02 
-6.3526933553e-34 
-6.1068856638e-09 
6.2926035910e-12 
-6.3603613006e-27 
-1.0797178609e-17 
-5.0665340928e+10 
9.0584873109e+36 
8.5283605454e+30 
-7.2288868250e-04 
8.7523823094e+32 
9.6550781250e+05 
-2.8642965777e-09 
-2.2596954659e-04 
6.8018854183e+17 
-1.3216745729e+37 
-1.9417762552e-28 
1.6363326810e+38 
-5.0267537910e+32 
2.0787562550e-20 
-2.0570585015e-39 
1.8098145205e-08 
5.4146956016e-12 
3.0480000532e-06 
-1.9648585161e-15 
-2.6935590124e-14 
6.4498798952e+14 
1.7155293860e-31 
1.6564777487e-15 
-3.3855934589e-07 
-2.5850215912e+01 
7.1616387500e+05 
-7.3511889204e-03 
2.8112258251e+30 
-3.9646384310e+26 
5.1985931619e+26 
-6.8827593750e+05 
-5.4695013811e-15 
1.0175743200e+08 
6.4447259521e+02 
5.5007575540e+14 
5.3045162201e+01 
-4.2024043526e-23 
-2.9531370163e+01 
1.9477213624e-13 
7.7915000840e-11 
-6.9663830034e+32 
1.5357684510e+33 
-4.6693435000e+06 
2.9314615106e+33 
-1.4884747513e+19 
-1.1630032358e-15 
3.9619483212e-35 
2.2215401833e+37 
9.9755398423e-16 
-3.4893507528e-10 
-3.4015902959e+38 
4.6385999769e-02 
-1.1930596745e-27 
4.7911744307e+11 
1.3073547363e+01 
-8.8771438599e-01 
-2.6451063603e+11 
-1.9779280000e+06 
6.8876114589e-23 
-1.4139998706e+14 
-1.2311504569e+26 
-2.7723185076e-15 
-1.4051895142e+00 
1.6530407216e+37 
1.0812369749e+19 
-7.9044626321e-23 
1.0498625000e+07 
1.2714751547e+25 
-2.0505043843e-11 
-6.3077557400e-08 
-1.1783458418e+19 
6.9271592104e-38 
-1.4454180640e-31 
-3.4804000879e+21 
6.4942238459e-39 
2.1149458915e-20 
2.0481305964e+35 
2.2485697888e+25 
-1.6919250843e+19 
-4.3157229614e+02 
2.8386525669e+27 
4.2302017432e+27 
-9.4117502645e+18 
8.3907846823e+37 
3.4212171606e-16 
-9.6485625000e+03 
-6.6133422179e+26 
-7.1432618383e+36 
-1.4736129710e+32 
-2.4190941352e-34 
-5.4815246582e+02 
-1.1566833260e-25 
-1.0736627044e-35 
-1.5282888279e-24 
3.1301145600e+09 
-1.3457270581e+26 
-9.4703011771e-33 
2.1883810423e+36 
3.0251107091e-05 
-4.0583779586e-29 
1.5487666176e+10 
-4.2637311945e+28 
5.2520485998e-22 
-7.3979324599e-20 
-3.9479471975e+37 
-1.0021228164e-14 
2.1168704000e+09 
-1.9919135253e+30 
1.4132354842e-08 
2.0809842646e-01 
2.6036656923e+24 
-1.3668267301e-18 
9.0466420354e+18 
3.7609091189e-12 
1.0236022591e-15 
1.7979170167e+34 
1.2791790596e-06 
2.1646025316e+35 
-2.5118026226e+34 
3.9716469381e-25 
-1.3252727669e+13 
2.5819184568e+28 
2.9964727657e-24 
1.3362164020e-30 
1.2366682724e-14 
-7.3437105079e-28 
6.0589257812e+04 
7.5032504320e+09 
4.9179550514e-39 
-1.4098894596e+00 
-7.8377358613e-19 
2.2430534328e+29 
1.5159762500e+06 
4.7893003125e+05 
-5.8884390613e+21 
2.1395953065e-10 
-1.0528168360e-38 
-5.4774983548e-28 
-4.8607723520e+09 
-7.3109919185e-07 
-1.1091961262e+21 
-2.4305024109e-21 
-6.7215903684e+27 
-1.1820511793e-28 
-1.2692417079e-15 
-1.3359905638e-33 
1.3872818036e+23 
3.0155543238e-02 
-1.2047047536e-21 
1.9927886128e-01 
1.5352374320e-12 
9.9227746582e+02 
2.4066009700e+26 
1.3553800061e-02 
1.9374398340e+21 
-1.2403939313e-18 
1.7486855327e+14 
-8.2957894002e-18 
-3.6002935791e+02 
-1.9687424898e+00 
1.0751006624e-22 
-1.2278155182e+12 
6.1707064320e+09 
-1.4461828833e-23 
1.2561388720e+34 
-8.0349176364e+37 
8.5229838336e+10 
3.4342776489e+02 
1.9054256839e-08 
1.8513376953e+04 
4.8665878504e+27 
1.2334697487e+36 
1.2627067955e-20 
4.1666283477e-34 
4.5595742546e+24 
2.7368842854e+12 
1.2242717398e+28 
1.5207470395e-02 
-5.1534938923e+16 
4.3718349587e+27 
-2.1723726479e+12 
4.1924750000e+04 
5.9000113469e+28 
-1.8085394195e-19 
2.2794099152e-20 
-3.3216238022e-02 
2.2490924388e-16 
-5.2232245059e-22 
2.5683696875e+05 
-2.7728157896e-22 
-1.2518612159e-36 
-5.1716774953e+14 
1.9963863451e-07 
-3.9579905570e-04 
-1.0357603603e+21 
-8.9585374978e+36 
-3.0364244378e+12 
1.7213718868e-34 
2.7961727487e-36 
-5.4131888751e+13 
-7.0795118809e-03 
1.4573118478e-16 
-6.9808255784e-38 
-6.6509352571e-38 
-1.5511383441e+14 
-5.7941922371e-09 
8.8628246685e+27 
-2.2667028010e-01 
-1.1017951632e-23 
1.7268370868e-29 
1.6785671168e+10 
4.8580684974e+35 
2.0130371998e+34 
1.8830982288e-23 
-1.3558933670e-17 
5.5053175240e-18 
-1.7975996980e+36 
5.8319578965e-16 
-3.4422457260e+18 
-9.4095002610e+24 
1.5122111136e+13 
-7.5945537542e-25 
2.2459855020e+35 
5.3121567383e+03 
1.0812998304e-36 
-9.5764333478e-37 
-6.9308375164e+17 
-5.4781652525e+37 
3.3556137495e+34 
-7.9995190163e+32 
-1.2495534643e+31 
7.8855481480e-38 
4.1321084514e+30 
-6.7560623762e-11 
-5.9276252938e+12 
2.4393979856e+32 
9.5600306390e+30 
-1.0495303680e+09 
-2.5318033996e-20 
1.8361665414e+37 
1.0821638084e+29 
1.6455153227e+00 
1.4511303033e-23 
9.1072484375e+04 
3.5860238281e+04 
1.8415102768e+20 
-4.5351523200e+08 
1.7450855052e-35 
-1.6972270960e+23 
-2.9638784057e-21 
-4.7646552747e+26 
-4.8537841797e+01 
-1.1528293504e-34 
-6.4625747178e-22 
6.8530023169e+24 
-7.3671904828e-28 
-7.3240517018e+11 
-4.3437239583e-08 
-7.3266880000e+06 
-5.1712354047e-19 
            nan 
2.6245533524e-12 
-4.7674891141e-31 
-8.0125162266e+22 
1.4424628159e-11 
-1.8246666400e-09 
1.5335205427e-33 
-3.4434292545e+32 
-4.2869874317e-12 
3.5691970300e+36 
1.4536626338e-37 
9.9690272178e-17 
4.1107576982e-37 
-4.7999082917e+35 
-1.4040671610e-36 
-6.5787643370e-35 
1.5039921246e-33 
9.5448537962e-11 
5.5578416581e+25 
2.1774083830e+29 
-2.8089668858e+25 
-3.3075307272e+25 
-1.3579366846e-38 
2.1897531210e-35 
-8.2298672945e+24 
-5.6703342125e-05 
4.4944362275e-18 
7.8640457276e-37 
3.6808750000e+04 
2.3717320443e-36 
7.5809996800e+08 
7.3777807360e+12 
8.5931486179e+26 
-1.4955049239e+22 
2.5276988745e-03 
-2.7161775833e+13 
1.0221526736e-08 
-3.7777760000e+06 
2.4529900000e+05 
1.0426719711e-26 
-2.6348406898e+24 
-9.7635746615e-21 
-2.2151250569e-21 
-8.5874389817e+24 
-7.8274881093e-25 
-2.2004287484e+30 
-6.9251171875e+02 
4.5079361998e-32 
-2.9688072205e-01 
8.1391061071e+22 
3.3906122162e+22 
1.0372003953e+24 
5.5058920934e+17 
-3.4335234546e-30 
4.1621450393e-36 
8.5375347137e+00 
-4.4849444310e-24 
-1.0674978475e+14 
-5.4072331469e+11 
1.1321447892e+27 
-8.3170402527e+01 
4.9632076263e+01 
6.4051238736e+23 
-2.5674748037e+27 
-5.6164575709e+25 
2.5077006439e+37 
5.9296028621e-20 
-1.9004113593e+15 
-1.1719145952e-21 
3.8960103424e+10 
3.7641827039e-34 
2.4933564416e+11 
2.7640585450e-30 
-7.4919772160e+09 
6.9066175001e-09 
-5.0083707520e-38 
-9.8981904384e+10 
-4.8034556265e-35 
-7.8484151992e+12 
6.0864722389e+35 
-1.6927106418e-14 
-9.7552448081e+33 
8.7102272307e+12 
-7.2613298011e+37 
7.2519779205e-02 
4.9048196615e-09 
9.2202434691e+25 
-1.3503071386e-05 
9.3150458675e+12 
-1.0695120000e+06 
2.1978144447e-23 
-3.9834478042e-25 
1.5456753807e+38 
-2.4761935437e-34 
1.9435396782e+20 
-2.3857519531e+02 
-2.4557519531e+02 
-2.5014603468e-18 
3.9206885786e+11 
7.1889460087e-03 
-7.2331100160e+09 
8.2903207541e-22 
3.8662939517e-10 
-5.4199531684e+23 
8.1643580785e-11 
-6.4214692697e-19 
-6.7635059357e-02 
-6.5142492722e-23 
-6.4770100358e+35 
-1.5302521799e+16 
1.9391973147e-22 
-2.5495300315e-12 
9.6863269806e-02 
-2.1088139320e+29 
-9.8434000000e+05 
2.9155877712e-10 
7.8592193613e-29 
6.5565229027e-15 
-7.5048320382e+26 
1.1065006791e-26 
2.4757399454e+13 
-1.4070875363e-22 
-3.6029668138e-10 
-2.7409570312e+02 
-7.5564061832e+25 
-8.1059948570e+17 
1.5485181496e-12 
-7.7956671078e+12 
2.3497433088e+11 
3.6167043010e-32 
-3.6539010470e+35 
-2.6198384235e-24 
-7.0553732714e+16 
4.9202902358e+34 
-7.3262256934e+14 
1.0302197937e+32 
-8.6970703604e-34 
-1.9977984235e-35 
-6.0257246094e+04 
-1.9027476873e+15 
4.6251693310e+13 
7.7899167081e-04 
1.1072690571e-20 
4.7600327973e+16 
3.3213504568e+22 
-4.4015097400e-35 
-2.0988621094e+04 
-8.9054685086e-03 
1.5207276829e-22 
-4.0992771976e-22 
-1.7172446328e-37 
-2.1800247718e-10 
-4.5222080027e+16 
1.9310061561e-16 
-5.6756678431e-34 
-6.0576616490e+27 
-1.5221235354e+36 
-6.4261834231e-27 
2.0348024320e+09 
3.1964869499e+00 
2.3077428857e-09 
-9.4660664587e-33 
-3.0654253654e-37 
2.2187178281e+16 
-1.2649971778e-18 
1.0277453160e+31 
-4.2519350000e+06 
-3.3607110150e-11 
2.9071813261e-37 
-6.6683447489e+16 
-9.0578669187e-06 
3.8002631849e+21 
-1.9255174936e-37 
3.3324251426e-14 
-4.1863169598e-34 
-2.6629914473e+35 
7.7716421345e+12 
-1.0726443808e-33 
1.2618554945e-24 
-5.7038481669e+17 
-4.2491099382e+21 
-7.0612723939e-03 
5.1230114650e+27 
-3.4366714487e+36 
-4.2704399742e-38 
1.8975978078e-23 
-1.6295374185e+32 
3.6953474291e+30 
-1.1368592581e+30 
-7.8469609919e+31 
-2.3138614779e-04 
1.7249444175e-19 
8.4265615234e+03 
7.4076492188e+04 
-5.7527817505e-36 
1.3707690113e-22 
-1.4288173947e-16 
-1.6537395368e-12 
-1.1511182633e+24 
-6.7651449624e+18 
-4.6227767630e+23 
-7.8116880153e-34 
7.9616557617e+03 
3.8772817701e-02 
2.5023159411e-26 
5.0451793327e-26 
1.0957634181e+35 
-6.1482664198e-02 
8.5154767831e+12 
1.1861390224e-25 
-5.0492719337e+26 
-8.6622618220e+32 
-7.7972461661e-36 
1.2230445958e-21 
3.3551955762e+19 
3.3341531525e-04 
-8.3701356957e-09 
1.0064948826e-34 
-7.2641842067e-02 
1.2212605716e+38 
3.6468989038e-06 
-3.6455637087e-07 
2.7523892188e+31 
-8.0601657519e+23 
-1.1388748611e-08 
-2.8804524845e-05 
-1.4250698940e+25 
-3.5433675173e-14 
8.3224492188e+04 
-1.1526485263e-33 
3.4486874112e+10 
-1.3211883327e-15 
-4.6885395942e+20 
1.0687937536e+10 
-8.0142176013e-29 
2.0780239763e+36 
3.1180218845e+21 
3.3262946227e-25 
-6.5906131268e-01 
-3.2736803405e-03 
1.0565627593e+34 
-9.3490997314e+02 
6.6521297255e+25 
2.5347528458e+01 
5.8566647694e-33 
7.0996121600e+09 
1.3365458850e-27 
-1.2709912180e-32 
-1.6951783336e+28 
-6.6216364427e+15 
-7.6481586575e-07 
6.7980478258e+20 
8.7258957240e-16 
-1.8448743644e-09 
-2.2634802261e-19 
1.2380162165e-22 
3.4513875763e+11 
-3.9528227802e-08 
2.8091547326e-19 
1.7618064172e-36 
3.0161045389e+32 
-1.9648669017e-14 
1.4084871242e+26 
3.5023986129e-06 
-3.9120173767e-10 
2.2759457531e-24 
-4.8087185845e-26 
-1.3604478115e-38 
-5.8618956513e+24 
9.3110604947e-16 
-9.6489259926e-36 
-2.2337101095e-38 
1.7047034435e+16 
-5.0110530482e-30 
-6.5987040897e-21 
1.8947685021e-06 
-9.6102237279e-11 
7.4159172049e-37 
-7.5426940918e+00 
-1.3142277769e+19 
9.5526783518e-33 
1.7747985983e+14 
-3.7275068462e-04 
1.1773870080e+10 
3.4915008545e+00 
-3.7553647848e+15 
9.1186875000e+03 
5.9075171397e-20 
-3.8050673902e-04 
2.5014211654e+14 
-1.2384437500e+04 
-4.3541133084e-19 
-1.8336663743e-08 
-1.8163109636e-36 
7.3881877064e-34 
-5.4535827637e+00 
-4.0451000000e+05 
-3.9324672000e+08 
-3.2091445880e+17 
-1.2616640000e+07 
-4.3518156800e+08 
-2.8239301173e-06 
-7.5045426692e+13 
1.2163591646e-18 
-2.8304110348e+20 
-2.9982179403e-03 
-3.5148393152e-19 
-1.8236797068e+23 
-1.2894717275e-28 
2.7758574106e-08 
-7.1317596324e+19 
6.4689600000e+06 
-4.1289329529e-01 
1.7002614913e-26 
-1.8250476569e-04 
-1.8116064204e-11 
4.7711721405e+26 
3.6462304688e+02 
-2.2285803425e-07 
3.9948389557e-25 
7.1853287209e-13 
2.6821816501e+17 
-2.8424507308e-27 
1.0827437500e+04 
3.1665119712e+34 
-2.6990164770e-06 
2.2039712584e-16 
1.6436179419e+33 
-5.4991351972e+12 
-3.2973493588e+35 
9.6476358175e-01 
1.2157177947e+38 
1.1577907476e-30 
-1.2352643400e+12 
2.0984437796e+23 
-4.3526710677e+32 
1.5204019339e-33 
-1.5785327212e-10 
4.0239216309e+03 
7.9531795261e-22 
-3.7067018303e-23 
-1.0055200422e-10 
2.0123990150e-32 
-5.2687417224e-30 
-4.0551088867e+03 
4.4679282496e-07 
3.8079857531e-37 
-2.6082399084e+24 
1.8805732083e-08 
-2.1608605359e+24 
-6.5426574803e+13 
6.8025583029e-01 
-7.2599374416e+30 
-1.1653312686e-04 
-1.1056556300e+18 
1.2941304297e-21 
-8.8830729954e+27 
7.9625410191e-35 
2.1064594213e+22 
-2.2527653809e+03 
1.6313923850e+28 
5.5812348000e+07 
-3.8646246094e+04 
-2.9241139442e-37 
-1.4002014160e+01 
-2.9421969087e+16 
8.3159051919e-21 
5.4506221865e+19 
6.1369191390e-19 
1.8129456270e-12 
1.7982171308e-11 
1.9135665419e-18 
-1.9205344870e-07 
1.8382877424e-22 
4.0288038530e-20 
-1.3131962151e+17 
-4.3967062224e-32 
5.4177812500e+03 
2.5745241932e+13 
6.3670159700e-20 
-1.3254131637e+16 
2.0918488503e-02 
5.7900188753e+32 
3.6189474881e+31 
-7.0439362379e-26 
-6.9271166581e-10 
1.5828088219e+36 
-1.7324167463e+24 
-6.9577403870e-17 
-8.8666328269e+11 
4.5758598834e+20 
6.6655148299e+32 
4.3689643751e-28 
-1.3534203054e-27 
1.8293400438e-31 
-7.9807286339e+30 
-2.3251936536e-32 
1.8829230080e+09 
-7.1926933742e-08 
5.5941709598e-13 
1.1989845421e+33 
5.6520010485e-20 
-3.8576160000e+06 
3.7538120523e-05 
7.3778664955e-08 
-8.8559172997e-35 
4.8026429296e-16 
-3.1541125000e+04 
1.1290460461e+29 
7.7499771118e-01 
1.5739474034e-38 
-2.1286159155e+24 
-5.3900039115e+17 
5.8384558039e-15 
-5.4678581453e+27 
3.6454617103e-11 
6.9489002228e-02 
1.1451341210e+11 
-2.7786909058e-14 
-2.4196093599e-32 
2.5757003641e-08 
9.2414633756e-37 
1.8331501633e-04 
1.4275443050e-09 
2.7869531250e+03 
-1.5329897404e-02 
-4.2831155645e+26 
1.3967639475e-18 
-9.0254090226e-20 
-4.0363400000e+05 
-7.2416465186e-14 
-7.8101682579e-22 
-9.8364544101e-06 
7.6738107932e-35 
1.0843166310e+11 
5.3723089813e-30 
2.6235471725e+01 
-1.0342292254e-33 
-8.0004192939e-22 
-1.7235379959e+14 
-1.8891563650e-23 
2.2324631526e+26 
-2.5822229045e-34 
2.0992306527e-03 
1.7317729745e-28 
-5.4306952795e-34 
-1.7915897105e-14 
-1.8771742582e+00 
-2.7799753007e-03 
9.2837884521e+02 
1.3634028742e+15 
-5.0734798026e+18 
2.2614507520e+12 
8.7854550657e-06 
-9.7580362478e-37 
9.4040200381e+19 
-2.6929109609e-08 
2.4222731460e-11 
1.1845630070e-04 
-9.9287034480e+30 
5.0385982360e+19 
-3.9856584221e+29 
3.3546092248e+23 
-1.7046355761e+31 
-1.3613086291e-38 
-5.1327877045e+01 
-1.9256645666e-25 
1.4913664050e+17 
-1.5907164574e+01 
-4.8734400512e+10 
1.5530445176e+27 
2.7709382066e+13 
8.1846017565e-05 
1.2262886706e-08 
8.9026514615e-05 
1.8806990385e+00 
-4.8151364136e+02 
-2.2291520233e-14 
6.8908313563e+16 
1.4505965138e+17 
2.8702493192e-30 
-1.1054763866e+26 
-9.5915914326e+36 
8.9978883277e+12 
-2.3869872184e-38 
-1.5380847420e+35 
-1.8360205081e+37 
-1.7739739269e-04 
-2.7922798280e-23 
-1.4142229054e-12 
4.3108930347e+15 
2.4672174080e+09 
-3.1757400000e+05 
2.3769440000e+06 
1.1463373889e-32 
-1.9068064083e-20 
1.1977621504e+11 
1.5581265056e-24 
3.4471947159e+25 
1.2502985932e+38 
3.7251561880e-03 
1.3018475187e-10 
-2.4183953451e-13 
-2.0952035272e-38 
7.2936246325e+20 
2.3598479587e+32 
-1.0001060310e-14 
-2.7958145719e-32 
2.5645874023e+01 
-9.9339281279e-39 
-4.1774743387e-13 
-1.8400819063e-13 
2.1919267524e-37 
-1.0075494400e+08 
-3.2686420793e-28 
7.8505128160e+30 
2.4401352545e-34 
4.4715710437e+27 
7.7913692860e-21 
7.9241999629e-08 
-1.1833974930e+16 
-9.1091956045e+28 
2.2893283175e+30 
-9.7301722235e-09 
3.6619750159e+15 
2.9617624914e-24 
4.3362576009e-32 
8.1570800000e+05 
1.3610679162e-07 
1.5323104858e+00 
1.7378211312e-25 
-8.6449886589e-20 
-1.9450528404e+29 
-6.4406486977e-28 
1.7371721566e+37 
1.7827500000e+05 
3.6410002560e-22 
5.0267123797e-11 
-6.7473414858e-29 
-9.8659038544e-02 
2.2221922874e-02 
1.0193428480e+09 
1.0592894064e+37 
7.6572771049e-19 
1.5870600899e-16 
-7.4945252054e-25 
8.2296531900e-07 
-1.1467684864e+10 
-5.5230690984e+32 
5.9487963167e-11 
3.4691535732e-26 
2.3443862226e-29 
1.0583949219e+05 
-1.0649045379e-07 
-5.3763286658e-34 
1.4670361592e-09 
4.1000715394e+29 
-1.9338096773e-38 
-1.0067670390e+33 
-1.1210477081e-22 
1.0043642991e-34 
1.1917445701e-35 
-1.6602437366e-16 
-4.1642361066e-23 
4.5707543240e-32 
-2.7457925591e-16 
1.4099295654e+03 
-7.6099113464e+01 
-2.9050631680e+09 
9.9281870081e-39 
2.0298509891e+20 
-1.5564619564e-02 
-7.0345918775e+13 
            nan 
6.1306085556e+19 
-3.7031724800e+08 
-2.2115213419e+15 
8.9045283992e-32 
4.7613227007e+28 
2.0140217619e-11 
-5.4129027804e+19 
1.1155858601e-06 
1.7295312773e-06 
-1.3316106561e-05 
1.4015766828e-16 
6.1452808146e+14 
2.3787534769e+24 
1.2374426074e-21 
-1.3632581360e+31 
1.7547294496e-22 
1.1537292969e+36 
-2.3399940744e+35 
2.3814893888e+36 
-4.3070916488e-29 
-4.6457555684e-12 
7.0290235000e+06 
-1.5936718750e+06 
-1.3960005401e-29 
-1.5101087732e+31 
1.7249483520e+09 
1.0252334198e-20 
-1.7248208678e-05 
-4.6247663512e-36 
-1.2148515410e+20 
1.1842693243e-33 
1.6623856069e-08 
-7.2587960958e-01 
-8.3865633351e-14 
1.3224629560e-22 
6.8125838071e-28 
-8.0272579322e-19 
-2.4088208974e+17 
-2.7262559925e+15 
4.0079614322e+17 
-7.7312032768e+10 
-6.4034466618e-10 
1.7758403819e+24 
-4.4553250000e+04 
-9.0244680056e+34 
-7.2498017164e+15 
3.9781976875e+31 
-1.3358239084e-04 
-8.1835389137e-03 
2.3685493699e+36 
-1.0717403993e+32 
3.2058507204e-03 
1.2976277901e+20 
9.6896297063e+20 
1.0976142870e+35 
-5.6827813979e-27 
-1.6106899748e+32 
-1.7494754018e-15 
-3.3567318830e+25 
-3.4388469350e+11 
-1.6782915602e-19 
3.3752038951e+37 
-1.1196350098e+01 
-7.5274250123e-34 
5.5076782080e+09 
7.8280937288e-11 
-6.6676265204e-14 
-1.1263917382e+33 
-1.0818564795e-28 
-4.8700129280e+09 
1.0934560074e-16 
1.4755466307e-34 
-3.0781218640e+35 
6.8996828544e+16 
-1.6389715937e+22 
-5.2328034946e+31 
4.1422070312e+02 
5.3526611328e+01 
-2.6264396104e+13 
1.4505685811e+11 
-1.7708691406e+02 
6.0386120905e+34 
-2.0961143587e-27 
-2.3770308856e-29 
1.6620724786e+36 
-1.3150388702e+25 
-1.0451589051e+35 
1.1963891983e-01 
1.2784433769e-37 
-9.8540510697e+29 
-3.4902069295e-33 
7.1098440332e+37 
2.0576413879e+15 
-3.7893210180e+27 
-3.0407890633e+32 
2.1406320627e-07 
-9.0380480220e-24 
2.2372435501e-11 
1.3373377676e-34 
3.0726067177e-24 
-7.4140610227e+16 
3.0851190972e+35 
2.1443992308e+23 
3.1239133213e-37 
-1.1037331572e+36 
-5.7847355000e+06 
1.7301783920e-12 
-8.9699974535e-21 
-8.7535632253e+17 
-1.8826958713e+20 
3.3534446645e-37 
1.9803326274e-25 
5.4897299679e+20 
2.1221539106e+14 
-3.7278179328e+10 
-2.3609109748e+14 
1.9941421056e+10 
-3.4420969964e+12 
-7.1199978933e+28 
5.0494169251e+27 
-1.0565853119e+01 
-1.5957630454e-13 
2.7445680277e-12 
1.6647013629e-11 
1.0614980420e-04 
-5.8830301115e+14 
-2.8884459508e+24 
8.3377656000e+07 
-1.5782571620e+24 
-2.0077114415e-17 
-1.1348608992e+23 
7.5057759948e+18 
4.7603352489e+17 
2.9457512448e+10 
1.9316847084e-22 
-5.2472111280e+20 
-1.0628011569e+33 
8.4872102402e-11 
2.8457723915e+30 
1.0681439145e+30 
1.9973263029e-34 
-8.8648283319e+19 
-1.2711228397e+21 
1.7937458789e-22 
-5.2587970560e+11 
-3.2388950463e-12 
-3.1236707200e+08 
-5.8145199865e+36 
-1.6751106458e+11 
8.6448048051e-23 
1.5051914215e+13 
4.0812045926e+11 
2.6984816291e-14 
3.0892252922e-02 
3.0129229941e+16 
-8.6088176017e-22 
-6.5166474094e-24 
4.4655902240e-14 
1.7994309555e+31 
-6.9162367711e+37 
-1.1400854461e-25 
4.5230208467e-12 
-1.0477686808e+34 
4.8166750000e+04 
-1.5573475781e-31 
2.3711520000e-21 
-2.3878738712e-29 
2.7961540222e-01 
-2.5045927525e-35 
-3.2658426790e-06 
-8.5330210866e+25 
1.8436252525e-11 
3.2582266153e+14 
3.3277131051e-12 
1.0186687500e+04 
1.0882908075e-36 
-4.5609750000e+04 
-1.5369325974e-20 
-6.6609687500e+03 
9.6695164718e-29 
1.5421480879e+29 
-1.1042165756e-01 
-7.6001271249e-14 
6.5341910606e-34 
-8.6188347828e-35 
-1.6885424765e+31 
-4.1608402660e+32 
4.6194176819e+11 
-3.3305104407e+19 
2.1189352856e+27 
-3.7841883103e+14 
7.4471781406e-22 
1.1053336024e-10 
1.3507531094e-08 
5.4437521158e-09 
3.9110031687e+34 
7.6185169284e-12 
-5.0802148438e+02 
-2.8744390614e+37 
-1.9135680467e+20 
8.3427215714e-07 
1.2707661766e-14 
-2.1279389495e+29 
3.2237261587e-22 
-1.2504972727e+31 
1.4685603967e+19 
-8.1274054400e+08 
3.7156604000e+07 
-1.8397066029e-14 
-2.9844216759e+30 
1.0478967166e-32 
1.8784023189e+25 
-7.3214658534e+28 
1.7366922516e-13 
1.3286912806e+20 
1.0373822415e+16 
-6.3952703215e-27 
-1.2295816171e-24 
-2.0295098438e+05 
-1.5042366669e+12 
5.5260677034e+23 
1.7279166054e+11 
-5.8182267598e-13 
1.4317604899e-01 
-1.6348290998e-20 
2.3214838867e+03 
-1.4711655551e+30 
2.5463271484e+03 
1.0059362932e-34 
-6.5583449655e-37 
3.8849169249e+20 
7.9047434362e-20 
2.0240586928e+28 
3.1866121094e+04 
5.8880317511e-07 
-5.3087155853e-35 
6.2017331375e-12 
-4.3637734848e-07 
8.7817209679e-20 
2.0680223380e-16 
-1.2422559448e+20 
-2.5801025925e-23 
7.2677302361e+00 
2.1450315475e+01 
6.9462238760e-39 
-4.0086847488e+11 
9.9512794051e+24 
1.2633970904e-22 
1.7248937943e+38 
1.3717188267e-03 
1.4422363703e-28 
-2.1502145141e-19 
-8.4670478948e+19 
1.1582524094e+30 
-4.5969588142e-22 
1.9435269620e-22 
2.4150601747e-22 
-1.6663406582e+18 
-1.4580370961e-23 
-3.4051611229e+18 
8.0091713339e+27 
8.4687464204e+17 
-1.3514346716e-29 
1.3508573174e-03 
3.5108067095e-04 
-3.5066152599e+20 
2.9284708313e-18 
2.1118268295e+15 
-3.2698427299e-12 
1.7514785048e+27 
-3.0937857393e+13 
5.0600942449e+14 
3.9084053040e-01 
3.2075641000e-30 
5.1878451914e-19 
1.4074288291e-23 
1.1661319392e+14 
-4.1047706987e-22 
5.3712466739e+11 
4.1429328918e-01 
3.2941622061e-36 
2.9489887413e+24 
3.2705604835e-36 
-2.6894125000e+04 
5.7440035547e+20 
-4.9820507812e+02 
-6.1703142595e-12 
1.0035289017e-18 
-5.7851598042e+37 
2.0635375977e+01 
-9.0819660454e+18 
-1.2687273469e+19 
3.2614560000e+06 
1.1971562500e+04 
-9.5713920000e+06 
3.3258638297e-22 
3.6484531250e+03 
-2.0972380422e-35 
1.5225708806e-28 
1.3699705505e+02 
-1.7586561845e+31 
-3.9992028809e+03 
1.4557921410e+01 
3.4890342580e-17 
4.4144898923e-27 
-3.7617735303e+13 
1.0290443630e-17 
-7.2195319945e-07 
7.1362142647e-36 
7.3470083761e-32 
6.2439529619e-22 
2.4812267583e-13 
2.2483123047e+04 
-9.6668531998e-34 
-3.4269241150e-03 
2.1680549102e+24 
1.3054230960e-34 
1.1142173742e-20 
6.4478398333e-32 
-2.0844015564e-36 
1.3131306468e+26 
-8.1239602304e-16 
-1.9292873795e-26 
-8.7189091845e+32 
4.5136602658e-38 
2.1947581530e-08 
4.1735380309e+25 
-5.6104351701e+25 
-1.7029311418e+30 
8.0289828777e-01 
8.0042815637e+37 
1.1431264132e-01 
-2.4592692136e+20 
1.2472668075e+29 
4.4478861566e-11 
1.1402046341e+12 
4.1341917598e+24 
-7.6556237273e+16 
-3.2208398276e-34 
-4.2512655258e-02 
1.1441641882e+12 
-1.2425769884e+15 
7.9633776640e+09 
3.7663639712e+24 
1.3146499894e+19 
5.7014016000e+07 
-2.6271379260e-28 
-5.6711750000e+04 
1.0762466308e-27 
-5.4010795836e-11 
-1.3686335828e-35 
1.7321693549e-30 
-2.1326490379e+27 
-4.2362750000e+04 
            nan 
-6.5001647185e-16 
-2.1199506823e-37 
-2.3435539725e-38 
