2.3509887016e-38 
0.0000000000e+00 
0.0000000000e+00 
0.0000000000e+00 
0.0000000000e+00 
0.0000000000e+00 
0.0000000000e+00 
3.5873240687e-43 
0.0000000000e+00 
0.0000000000e+00 
0.0000000000e+00 
0.0000000000e+00 
0.0000000000e+00 
0.0000000000e+00 
0.0000000000e+00 
0.0000000000e+00 
0.0000000000e+00 
0.0000000000e+00 
0.0000000000e+00 
0.0000000000e+00 
0.0000000000e+00 
0.0000000000e+00 
0.0000000000e+00 
0.0000000000e+00 
0.0000000000e+00 
0.0000000000e+00 
0.0000000000e+00 
0.0000000000e+00 
-4.4236203410e-34 
7.1746481373e-42 
0.0000000000e+00 
0.0000000000e+00 
0.0000000000e+00 
0.0000000000e+00 
0.0000000000e+00 
0.0000000000e+00 
0.0000000000e+00 
0.0000000000e+00 
0.0000000000e+00 
0.0000000000e+00 
0.0000000000e+00 
0.0000000000e+00 
0.0000000000e+00 
0.0000000000e+00 
0.0000000000e+00 
0.0000000000e+00 
0.0000000000e+00 
0.0000000000e+00 
0.0000000000e+00 
0.0000000000e+00 
0.0000000000e+00 
0.0000000000e+00 
0.0000000000e+00 
0.0000000000e+00 
0.0000000000e+00 
0.0000000000e+00 
0.0000000000e+00 
0.0000000000e+00 
0.0000000000e+00 
0.0000000000e+00 
1.6261307678e-07 
-3.3447490063e+18 
-1.1246815105e+18 
7.1614432327e+30 
-2.2410306543e+28 
-2.2414817217e+18 
1.1793653496e-27 
5.6918685312e-30 
1.3167284329e-17 
7.4942855835e+01 
3.9663178875e+12 
-5.8580241443e+31 
-3.0607835000e+06 
-2.7233660000e+07 
7.0294909668e+02 
7.1090209579e+21 
-1.3361824980e-09 
3.1750460327e+35 
1.9666028012e-30 
1.3875496875e+05 
-5.7348005353e-20 
-3.4585035334e-20 
-3.0570876000e+07 
8.6855092103e-30 
-9.2787731518e-20 
-1.3543698172e+37 
-1.0411032790e-30 
2.7764550334e+15 
-1.2498629598e-25 
-2.0651113023e+33 
4.9007025000e+06 
-1.8173495312e+05 
-3.4684000116e-09 
-7.4429615623e+14 
-2.3598728753e-18 
-9.2820815123e-17 
-7.3831461778e-12 
3.5923785608e+27 
-7.0991131906e-07 
-9.0886048430e-30 
-2.9817855751e+22 
-4.1855930337e-39 
1.7231602778e+13 
2.2976936686e-30 
9.1688772408e+37 
1.0602694937e-12 
6.1344705203e-36 
2.2433011940e-31 
1.5174956800e+08 
-1.7580706234e+13 
-1.1881755146e+30 
-1.5513821987e+35 
-7.6768947439e-35 
3.0583652875e-37 
1.2676550618e-23 
-1.5722676733e+37 
-4.3757066805e-21 
-1.0835263252e+01 
-7.6186151832e-10 
3.0201790625e+05 
-5.7840567433e+31 
3.3068673133e-07 
-4.6574515258e+24 
-1.7555846595e+15 
-1.7954227619e+31 
-1.0348331416e-03 
-2.4805430720e-26 
9.1176034239e+27 
6.0293767591e-13 
-6.1452126466e-24 
-4.4187735610e-13 
-7.6999323279e+16 
5.4394949228e-02 
-5.6097791530e-03 
-3.1118496668e-09 
1.8136717917e-37 
4.6790177587e+11 
8.0850681635e-20 
1.3572246896e+23 
-8.1247725639e+19 
1.9949420848e-25 
3.9608759523e-13 
-5.4928760772e-26 
-3.6423238743e-19 
-5.1787708344e-07 
-7.7520897612e-03 
-3.1448844406e-17 
4.0329713310e-13 
-5.6127556905e-21 
4.2256552734e+03 
-1.1441560578e-17 
-3.6356372719e+34 
-5.4574299795e+27 
-3.9139359813e-28 
-4.4696170660e+12 
1.3116188632e+35 
-4.0266671941e-11 
1.6889401721e-28 
-3.9747683708e+35 
1.6422530458e-20 
-8.9221153758e-05 
9.9376815173e+34 
2.2737729573e-34 
-4.2231859613e-26 
1.0019048702e-08 
-4.6072811377e+23 
-5.9874022554e-05 
-9.2895737120e+27 
3.4823114656e+35 
2.9143199744e+10 
-1.6561614932e+34 
-2.9184785737e+20 
-5.7492251181e-15 
-3.3568494810e+25 
1.2713525436e-13 
-5.8138987173e+20 
-2.3344081920e+09 
2.1312819238e-29 
-1.1916240649e+26 
3.8582026367e+03 
1.9937379200e+08 
3.0263244407e-34 
-2.8261998173e+20 
-2.6092148886e-08 
-1.2312485871e+36 
-7.8403887846e-20 
5.0812949280e+25 
-1.4645635056e+13 
2.7647376015e-22 
-4.6224529633e-27 
9.1340756284e+27 
3.9049738234e-16 
2.6586512234e-20 
5.0316484851e+23 
-1.3132974595e-30 
-5.1570802688e+12 
-2.7282371379e+11 
-8.4860217358e-27 
-1.5055669887e+26 
-4.5142802734e+03 
2.6743391400e-21 
-7.0741536602e+15 
2.0105090784e-22 
-2.6708581572e-05 
5.4002790693e-17 
-2.1705839484e+33 
-1.8611866684e+37 
-4.7982555306e-18 
4.4099843581e-39 
2.8363329165e+20 
2.8809186071e-02 
-7.3444347085e+11 
-2.2924940339e-30 
2.7045723800e+25 
8.8449457130e-34 
-9.9184850145e+15 
1.0331028963e-19 
3.9987648926e+03 
1.2162901645e-26 
-8.5387798026e-03 
2.3121196069e-09 
-9.9986220692e-11 
2.7829535093e+21 
5.2740997314e+02 
-4.5153819011e-38 
5.3355825000e+06 
-1.5609282322e+16 
-1.4741771487e+38 
-1.3044375200e+08 
2.1102512552e+21 
-3.8873436451e+00 
-9.8344404978e-23 
-4.8312239476e-31 
8.8442118732e+20 
-7.6784684237e+11 
1.0911759920e-02 
1.6649518400e+08 
1.1424130440e+01 
-4.6272482586e+36 
-3.4019890319e-31 
6.8752708875e-14 
-6.1483197558e-18 
-4.0106208404e+23 
4.8067320138e-02 
-2.9599002748e-22 
4.5730050086e-20 
1.6588896875e+05 
9.8222800313e-29 
2.0768048000e+08 
-1.8656046759e+15 
7.2880926554e-13 
-5.8809378536e-23 
1.5217582378e+16 
1.0181049243e-27 
-1.7733415802e-07 
7.8982977246e+29 
-1.3271917038e-21 
4.1759659227e-36 
-2.7408880555e-33 
4.5169850028e-25 
-3.6715000674e-38 
1.3680389404e+03 
-6.7465831200e-15 
-6.1954797827e+27 
1.4705150400e+08 
-5.7535623168e+10 
-8.4555854113e+33 
-1.2056647800e-02 
-3.2850334294e+22 
5.4090856726e+31 
5.6064695057e+34 
8.6333155902e-11 
4.3336559436e+20 
-7.1804987784e-31 
4.7977464016e-14 
-7.3380807208e+34 
-2.5544153433e+38 
1.3148931409e+24 
-2.3447248409e-17 
2.5717740089e+31 
7.7023419046e-19 
2.6565939200e+08 
2.6519039280e+26 
-3.5611040000e+06 
4.4312514365e-04 
-8.7141752148e-13 
1.2349358080e+09 
2.8816125000e+04 
-1.7286777496e-01 
9.6680362852e-23 
5.5758710951e-02 
3.7213892937e+00 
9.7815236751e+23 
1.1493516555e-10 
-2.2717356682e-02 
-8.7780891659e-26 
-5.4761177395e+22 
2.9149637991e-20 
7.7183057920e+10 
-1.0190497935e+25 
-5.1867663860e-03 
1.4051768870e+29 
6.0186724296e-18 
-1.6634157181e+01 
-3.6962277156e+14 
-2.9564644884e+12 
2.5704987347e+24 
-8.4750752000e+08 
2.7962868821e+24 
5.4599768385e+22 
-4.0584897047e+30 
-8.6903455667e-06 
-3.8710785126e-26 
1.9041522137e-08 
1.0019505867e+16 
5.4209024422e-14 
1.0956776532e-04 
6.4265915000e+06 
-1.5412496875e+05 
1.0590031105e+34 
-2.5983319859e+29 
-4.9275634766e+01 
-3.6499712000e+07 
-1.2297551866e-11 
-1.7557383634e-16 
-6.2992578125e+02 
7.4021613835e+20 
8.8776346274e-09 
-1.0603882086e+11 
-5.3669066329e-17 
1.0493417665e-34 
-3.3674651984e-21 
-1.3532624188e+17 
-1.4068697598e+23 
-1.9860017346e-06 
-3.8371854948e-36 
1.8345700000e+05 
1.8640804456e-09 
-1.1939393918e-11 
1.0289865206e-33 
-7.5389873685e+37 
-6.1988363920e+35 
1.0509121618e+12 
-2.5435656598e-17 
1.7567180008e+34 
3.5216491761e+24 
4.9639622274e-11 
6.5288467194e+18 
3.3287907456e+33 
1.7003761576e-16 
-6.6854543686e+00 
-1.6479586091e+13 
-1.1658342410e+34 
7.2968166093e-18 
8.7558308610e-18 
-8.6667802726e+25 
1.1139933394e+20 
-5.5871608418e-18 
-6.2829059546e-35 
-3.4439283565e-13 
-7.5894668764e-15 
-2.2699633243e-13 
3.5284320945e-25 
-3.8623836800e+08 
-6.4843365749e+29 
-8.6449287997e+29 
1.0283033589e-06 
1.6495591257e+33 
8.6766196053e+32 
-9.4184240540e-39 
4.6664215516e+28 
4.8825691920e-04 
1.2758778449e+24 
7.5012256976e-29 
2.8785654400e+08 
-3.6205619599e+22 
-4.8275392608e-14 
-3.0405662638e-19 
-2.8943776555e+15 
3.1026863538e+20 
7.7878784660e+32 
-3.1988335154e-31 
1.2190801036e-24 
4.5637418826e+17 
4.4036582433e+34 
7.9570466882e-10 
3.3852307578e+37 
1.8383465067e-04 
4.6410151642e-33 
-5.0959061014e+19 
1.8693384845e-05 
-2.4489280838e+36 
-3.2066881911e+21 
-1.7433051770e+37 
-1.3406328998e-11 
-5.9045542032e-02 
4.1590872500e+06 
3.7018129752e-21 
-2.9863584349e-25 
-3.9627864097e-37 
9.1729005774e-31 
1.6417235824e+19 
-6.6769235973e-11 
-6.6692381250e+05 
5.6730835544e+34 
1.4729836250e+06 
3.2279391985e-25 
-7.1874474689e+31 
9.8516070511e+34 
1.6069632726e+22 
2.9332635180e+34 
1.8017880521e-08 
-3.4172206398e-08 
-1.8322645448e-24 
5.4827610697e-35 
6.1041833008e-17 
4.0120916655e+25 
-2.2606058374e+27 
9.6429219979e+29 
-1.7744794968e-15 
2.5745474268e-03 
-2.4150460596e+13 
6.7216263599e-20 
-8.5481252220e-38 
9.6147678987e+31 
-1.0007908225e+29 
-5.3897002772e-07 
-1.2366149725e+17 
1.7337576829e-30 
7.2013314423e-08 
3.5314887924e+29 
8.5246465760e-35 
-1.5081211955e-32 
-2.8288142248e-31 
-4.3210764744e-08 
-7.0516058120e+17 
2.9227167501e-27 
1.6113316397e+14 
3.3227403729e-26 
2.3905405619e-28 
-7.0688774471e+22 
-7.0607109100e+37 
8.8214032521e+22 
-2.5865610788e+34 
-3.1843090275e-24 
4.0501260583e+13 
-2.8841492480e+11 
-1.2226381146e+26 
2.1367728929e+18 
2.3290555193e-29 
3.6976537745e-16 
3.8082454529e+17 
-4.5393933928e+21 
2.5549405865e-21 
-4.8355468028e+34 
2.7304432315e-14 
-6.8794508257e-15 
1.9179193115e+02 
-1.3382820992e+23 
-8.7676415316e+21 
-1.4061637188e-08 
8.0299393998e-25 
-1.8343699547e-33 
4.6907826466e-26 
-8.2559051585e+18 
2.7474367226e-10 
-1.7383316299e-03 
-7.5579815000e+06 
-1.0042669828e+19 
-4.1589111279e+27 
-2.0085856702e+30 
-8.5113376612e-34 
-4.8305056871e-20 
-4.9096538086e+03 
1.1689557617e+04 
1.5280687883e+26 
-4.5293977564e-06 
-8.5163085938e+03 
-1.1081664425e-32 
-8.4202518707e+21 
2.0955341629e-11 
2.4366767320e-05 
-1.4081585139e+37 
-3.4712155594e+20 
1.2883772000e+07 
1.4494520428e-07 
3.6038699974e+33 
4.3299577142e+21 
-5.0446831972e+20 
-2.2682513428e+02 
1.0617223580e+16 
-2.3979145058e-11 
2.7567831806e+31 
2.1618702423e+17 
-1.3452321550e+25 
2.9800201494e+27 
1.3309077454e+02 
-9.1862669397e-23 
-1.8038039122e+30 
7.0132611171e+16 
-3.3000293945e+18 
7.0786547852e+03 
8.5799458964e-19 
-4.9308297457e-04 
-2.1222506576e-22 
-4.4199553132e-01 
-2.1429146618e+17 
7.1311287636e+16 
-4.6883569486e-24 
-7.9499135511e-32 
-5.2524612499e-36 
5.7297090554e-15 
-7.1985501469e+33 
1.8373931086e+28 
1.6587422159e+23 
-5.8080940875e+19 
2.0041324463e+03 
2.3024152500e+06 
-2.1344863872e-31 
-1.1436434385e+33 
-5.1298865000e+06 
-2.9824552520e+18 
6.5273298470e-33 
-1.1379733504e+10 
-5.8384623863e-32 
-2.3398175086e+32 
-3.7007559091e-02 
5.8331698938e-07 
1.3735229000e+07 
1.4746857261e-38 
-5.7059881510e-04 
-2.3105837234e+22 
3.8435271032e-32 
1.5295688905e+23 
1.5719911885e-15 
-8.0277479926e-38 
6.4773008074e-33 
1.6906597372e+28 
-6.5457899663e-18 
-1.2364361822e-18 
1.0776014304e-23 
-1.4068853343e-03 
5.9048751815e+25 
7.2735832073e-03 
-7.3576338767e-24 
-6.7883798353e-20 
-1.8864643062e-03 
2.6985729793e+30 
5.1449177903e-25 
1.2954032306e-28 
1.5884165388e-37 
5.8058680862e-29 
-1.1315065737e+37 
5.6932303110e-14 
1.4992892102e-04 
1.4625070123e+27 
1.1370503541e-19 
6.0315581250e+05 
-1.3642821857e+38 
-8.2900937003e+27 
3.6745386160e-29 
-1.5441474170e-23 
6.0996824465e+29 
3.7245266566e+22 
7.6097054303e-26 
3.8977320178e-13 
-2.4164290726e-01 
-2.3845053370e-30 
2.7259826035e-33 
9.3066452702e-28 
-1.5591179679e+17 
-3.4284399555e+29 
4.4336729414e+36 
-3.6242824539e-26 
2.8823703719e-33 
7.3681825956e+12 
-2.6579253241e+19 
-1.6837372607e-09 
-3.4407703788e-04 
-1.6679159757e-15 
6.0429536236e+32 
-3.1848404378e-27 
-3.7602576182e+31 
-1.5314237732e+14 
2.1456094752e+32 
5.9799430758e+11 
1.5673213318e-33 
-1.1606717044e+17 
6.6023362396e+12 
-3.3129814353e+17 
-4.3685575157e-09 
1.2037351392e-38 
-3.9665270086e+26 
-7.7639443609e-17 
2.7977723559e-14 
-1.0069505191e+15 
9.8563768154e-30 
-3.9044130241e-37 
-3.3113584874e+18 
-4.4512157849e-11 
-1.3140985352e+38 
-3.1640606937e-26 
2.1456674219e+21 
-1.8360037278e+13 
9.5640101776e-28 
-1.9992964738e-25 
2.2494210124e+22 
-2.1837355138e+33 
1.3126263428e+02 
-7.5797260003e-29 
-2.3609857178e+02 
3.7832202247e+17 
3.2593712211e-01 
-2.8721169732e-35 
-3.4755659722e-12 
-8.2912938189e+30 
-6.9739752981e-14 
3.5677628517e+00 
-3.0765074432e+10 
2.6279270315e-08 
-3.1280384099e-12 
-9.5719288547e-15 
8.1609576002e+37 
-1.0723310797e+11 
-9.9334575368e+18 
8.3236532197e-24 
6.7160627805e-04 
2.9139762044e-31 
-6.3901160805e-16 
2.8877270000e+06 
-2.2018989548e-03 
1.6773801501e+16 
-7.4715476570e-20 
-3.7106771469e+00 
2.4682765343e-07 
3.4707253827e+26 
1.8675238425e-15 
-1.6325251223e+15 
-1.4202105467e-21 
-1.2430455693e+16 
-5.0260979200e+08 
-1.8058042042e-03 
-6.0419698126e+22 
-2.3802984184e-26 
1.5600557690e-21 
-3.2839513611e+27 
2.5572867188e+04 
-2.7265769285e-22 
6.5141119165e-09 
2.5954907582e+23 
-2.9839677440e+09 
2.4069650338e+23 
1.1753354379e+29 
-1.7163303495e+16 
1.2510169241e-32 
-2.3417784367e-14 
-1.1985854680e-32 
-8.7338290177e-04 
-2.2005800960e+10 
1.2862475000e-34 
1.6090190640e+29 
7.6496313008e+23 
2.1691488526e+22 
4.5963002827e-14 
-1.6794029181e-31 
-8.9750289220e-23 
1.7991476512e-23 
-1.8985567580e-14 
-6.2895693086e-34 
2.4720870424e-03 
-4.4055579497e-12 
-6.1484443939e+31 
-3.3102986270e+17 
-8.8221249825e-06 
-2.2570289715e-36 
-1.2943916250e+06 
-5.2500901222e+00 
6.1410652041e-21 
-4.0619656663e+26 
1.0913889237e-10 
1.9135352000e+07 
-8.3495574951e+01 
7.5258503470e+29 
9.0064755528e+15 
1.9040197134e-01 
-1.3367651200e+08 
-1.6378314201e+14 
-8.1521481276e-02 
-5.7985086681e+33 
8.9609539153e-38 
-1.0089846591e+23 
3.5013550834e-28 
2.4985185406e+17 
-1.6555996277e-31 
-6.5873302322e-17 
-9.6808818754e-36 
7.9149584961e+02 
-6.6585618894e-32 
-6.1912272179e+25 
7.7393278418e-13 
2.4310201026e+34 
3.1006873600e+09 
5.2718334961e+02 
8.9640197648e+32 
-3.2927046295e-24 
3.9278566510e-11 
1.5143763947e-30 
2.9473856329e-35 
-1.7745815563e-25 
2.9413847358e-08 
2.7952017778e+28 
1.7253675000e+06 
-1.8554534904e+38 
-1.8543288054e+36 
1.9454520844e-31 
5.5154867340e-09 
-6.9935999661e+37 
-4.2470432504e-08 
-1.0260844231e+00 
2.3544588268e+24 
2.3039003457e+27 
8.4393738588e-30 
3.3970053120e+10 
2.9335510000e+06 
-5.0843340324e-34 
5.7514427294e+32 
1.9682623331e-21 
-2.0042497062e-19 
-9.3127663616e+10 
-1.7210834950e+20 
-7.5667120397e+30 
7.9096527257e-28 
-2.2550749510e+20 
-2.6887249279e+28 
5.9285770474e+34 
4.5262444814e-07 
-7.2757390239e+16 
-7.3361671530e-03 
-3.0204088147e-26 
7.8574944984e-27 
1.2185033750e+06 
-2.2985925341e-07 
7.9658561198e+21 
-3.8994655733e-33 
1.5752498627e+01 
1.2931452223e+23 
-4.8681427076e+18 
-4.6679451234e-26 
-1.5171432707e+30 
-2.3821104961e+24 
2.3713617188e+04 
3.2457214355e+02 
-1.1666452026e+02 
1.1506544379e-20 
1.1990513603e+16 
2.0603902996e-24 
1.2493236378e-26 
1.6944288854e-12 
-4.2153378357e-38 
-7.7546522772e-16 
-1.1988240730e-19 
2.1819887206e-14 
1.5681287649e-13 
-9.0949918222e+16 
-2.9050038388e+19 
-7.4639599770e-03 
3.5821808145e+37 
-1.3258625968e-12 
3.3689718246e+00 
-6.3954745373e-21 
-1.5748016192e-28 
7.8658468750e+04 
4.7930808628e-12 
-7.6172375927e-17 
4.2374707282e+12 
1.4575203965e+34 
-2.6545150647e+25 
2.6322710000e+06 
-1.6936917591e-25 
-9.4400382042e-01 
1.1529015076e-17 
-1.2508524060e+28 
3.0994788425e-16 
2.0030966307e+23 
4.7081629583e-23 
1.5338060621e-05 
-8.8776349506e-39 
-3.2243296668e-26 
-1.6818760624e-23 
-2.4885159507e+27 
5.3108519002e+34 
-5.7713456236e-10 
-3.4606247720e+28 
-8.1623210852e+37 
6.1590110789e-09 
4.0555551923e-31 
-5.4031220736e+11 
-5.0816510471e-24 
5.4395736694e+01 
-1.5650073600e+09 
5.0370432205e+11 
-8.0408981851e+15 
2.0550594115e-08 
2.1099964006e+11 
-4.4770532187e-23 
1.8422755595e-26 
-2.7587494409e+19 
-3.3980771484e+03 
5.6331916943e+18 
4.5317458379e-32 
6.2366948736e-24 
1.0554697954e-19 
-8.8095902129e-08 
7.6033447840e-06 
9.0138607490e+15 
-5.7050996816e-08 
6.6845413964e+28 
5.7133357301e+21 
-5.3114472394e-05 
-3.3008105489e-37 
5.8296949526e+35 
1.1148586132e-28 
2.2937398524e-36 
-3.5673917433e-14 
-8.8960654062e+27 
2.2238048476e+33 
1.7640292427e+18 
2.3084207900e-23 
9.9375082189e+26 
2.3406116664e-01 
6.9737032754e-04 
1.0151185137e-07 
-6.4867788875e-14 
3.6233386230e+02 
-5.6221235051e+34 
1.3454179280e-03 
2.2629050919e-28 
1.3316611109e-18 
-5.0659110400e+08 
1.7267547096e-35 
-3.9289273660e+14 
1.6311042063e-31 
2.0611955148e+20 
1.4057570212e-12 
2.0007006824e-02 
8.5885478502e+11 
-7.6649097812e-36 
3.6868142407e-27 
5.2318969469e-12 
-1.4156802020e+35 
-1.4126652070e-09 
4.4344102771e-33 
-4.2348465000e+06 
5.4179539327e-11 
-6.7420757401e-16 
6.5108801468e+28 
2.8030027494e+29 
-3.1350972713e-31 
-1.3693596098e-25 
-3.1645344985e+21 
-3.2891904848e+31 
-3.3985038584e-19 
-4.0902232500e+06 
1.9799869141e+04 
-7.1862770081e+01 
-1.0792239890e+19 
-3.7475652028e+32 
7.8866902659e+27 
-2.1068373589e-27 
9.9815814400e+08 
-1.0873191319e+34 
-2.9381710052e+01 
-2.0923400309e-21 
1.0123171190e-09 
-1.7090243593e+19 
-6.2610881905e+12 
4.1901539125e+32 
6.6502008121e-04 
3.8099323261e-24 
1.5598756727e-03 
-1.3087900646e-38 
-4.7426394133e+29 
-5.4745704002e+15 
2.0434371094e+04 
-3.9207398400e+09 
2.5267096875e+05 
-2.0355181429e-10 
1.4721513459e+24 
6.9404306279e-38 
4.1233560895e+13 
9.2520988464e+01 
5.7632005985e+23 
2.8850961775e+17 
-4.6866771859e-38 
1.4437453362e-38 
-5.5542793255e-36 
-7.0465339569e-24 
2.0902648218e+12 
1.2105219072e+10 
-2.9411413034e-28 
7.2890027347e-09 
1.7078318750e+06 
3.9565097310e-30 
9.2383014696e+22 
-9.5177808544e-04 
9.0801763886e-37 
-1.3217619688e+30 
9.0937512260e-22 
3.3464977605e-05 
-2.9716522477e-05 
5.2995101336e+26 
-2.3611237339e-05 
-2.3390728264e+27 
-7.8134621193e+19 
-1.5944467976e-22 
-5.6028053058e+14 
-7.6969797647e-07 
3.4333848769e-23 
1.8060443176e+14 
9.5114511251e-01 
3.8350570636e+26 
3.3937624391e+23 
8.6573386513e-34 
-1.5678443270e-15 
2.7038600000e+05 
1.3130264282e+00 
-3.8674670577e-08 
4.5472161248e-27 
2.3467180153e-18 
-7.3163681478e+37 
-8.7538054115e-36 
4.9216464237e-12 
-6.1385929585e-03 
-1.8640747070e+01 
3.5145141514e+18 
-3.5713246033e-37 
-1.4855582703e+29 
-3.9362126632e-16 
5.9066361383e-38 
7.4707430031e-05 
-3.9182531491e+32 
9.8119004726e-27 
-5.1299745291e-33 
-2.8156477130e+31 
-7.4074503476e-11 
-8.0364135655e-22 
9.7764398141e-31 
4.5938410759e+00 
9.6206355411e+33 
7.0225595000e+06 
1.5604968046e+35 
6.2206095067e-25 
-2.4133144733e+38 
-3.7134561267e+26 
-7.4833861303e+25 
-1.1243619353e+13 
3.4387446135e-07 
-1.6667887556e-11 
-4.3130996875e+05 
4.4151796875e+05 
-4.6686535309e+29 
4.1265408868e-07 
-1.0127267549e+30 
-2.7757386620e-34 
-1.0907186523e+04 
-7.3895058182e+22 
-6.4059358107e-32 
8.0343751705e+29 
3.2378842661e-34 
-3.3495089101e+33 
            nan 
-4.4882252167e-32 
7.1009642610e-09 
-1.2130590291e+35 
-1.0204500859e+26 
-5.7044702150e+25 
-5.3650249424e+20 
6.2793109100e-04 
-4.1897810130e-32 
-6.0077702898e+26 
-1.4664614153e-27 
-1.1676471059e-26 
3.7591551145e-32 
-2.9924676337e-21 
4.1085561805e-15 
4.9926565910e-38 
-6.9675229184e+10 
-8.2135985000e+06 
2.0340140032e+10 
-1.1172716250e+06 
-1.3004927496e-05 
1.1139434064e-03 
-6.7386956800e+08 
-8.6477709961e+02 
3.0520443050e+17 
3.0545058738e+22 
3.0278110398e-29 
-9.3966462604e+34 
-1.7948218120e-29 
-3.1554655089e+27 
-1.4583025843e+30 
-5.2680407653e-18 
7.8123798975e+17 
2.8290061358e-37 
-3.9318238281e+04 
1.4542566831e-33 
1.6471119141e+04 
1.3975024645e-29 
7.0734183903e-19 
1.7639619141e+04 
-1.3690879160e-11 
-2.9172971101e-34 
-1.8449560457e+33 
-6.4500293385e-33 
-2.2043224442e+21 
-1.9083334939e+35 
8.1927990000e+06 
-3.5712655360e+10 
5.6077242188e+04 
3.7306883242e-16 
-1.8311682032e-11 
-2.3277416552e-31 
-2.1449187448e-35 
1.0565128066e+21 
-9.4495737949e+23 
9.8361707444e-39 
-5.0422064209e+02 
2.1916586396e+33 
-1.0749636218e-02 
            nan 
-5.2797932693e-10 
-8.9131828904e+13 
-2.8796660032e+22 
-3.3241984000e+09 
-7.7070839656e-16 
-2.6628609747e-02 
-4.1138182669e-16 
-4.5872452691e-26 
2.1841814468e-10 
5.5815489990e+32 
-9.1449721393e+36 
-7.3664440918e+02 
-2.7060635000e+06 
1.5280702000e+07 
-3.7596512934e-26 
-8.4369245451e-04 
3.0395135420e-17 
3.4043205261e+01 
-1.0030932248e-12 
-2.4318208849e+14 
-6.6919725629e-38 
-4.5564617195e-20 
-7.7475716367e+25 
8.6890258784e+18 
-2.9973621094e+04 
3.0654906450e+18 
2.0001997500e+06 
-3.9471034002e-34 
-2.3239685283e-37 
-9.6953276079e-04 
-2.3286512245e-29 
2.0860028000e+07 
6.2490423196e-15 
1.8312740987e-28 
-1.1766148015e+21 
-1.4916579005e-18 
-1.3500034708e+38 
1.1112815511e-16 
-9.7712025046e-02 
-7.8622389884e+21 
4.5951302232e+21 
7.4477587423e-22 
2.3273438276e-23 
-2.5390006457e+28 
-1.2114193737e-07 
1.7787794463e-17 
2.3270207102e-23 
7.9953047221e-13 
3.1448629816e+29 
1.1367848438e+05 
-1.2987716594e+23 
1.1863541530e+25 
2.4459401395e-32 
-3.8939246098e+33 
4.9295369348e-30 
1.3437958572e-24 
5.2480151730e+37 
5.9807595160e+32 
-9.2101246483e+15 
5.5072321919e+18 
6.5755380000e+07 
1.7842956250e+06 
-2.1012483703e+28 
2.4568951472e+13 
2.1879738279e+29 
2.1421142325e-27 
-2.7344011631e+14 
5.2254986240e+10 
-3.2007945709e-15 
-2.7335202388e+36 
9.9062729300e-32 
-7.1886083453e+22 
2.8246306271e-15 
-3.8664569641e+32 
-7.6397396624e-02 
1.4367762734e+23 
-2.0327093436e+32 
-1.6368239500e-13 
2.8875032500e+06 
2.0980472915e-09 
1.5356393457e-12 
5.0646256430e+24 
-1.1073549312e+10 
3.9646653171e+24 
-2.8141678644e-15 
-3.8983289225e-37 
-8.6394839850e-14 
-1.2194263175e-29 
4.0959718256e-12 
1.4717473930e-13 
1.2231360582e-20 
-1.1290770838e+22 
5.3532368750e+05 
-4.4961851443e-27 
1.1374932750e+33 
-4.3266790937e+21 
4.1742400985e-29 
2.0482413471e-02 
-8.3508626194e+13 
4.8940897322e+27 
7.7015921064e-28 
-8.3069801331e+01 
1.7252085982e-08 
-1.1241293408e-36 
-3.9802949312e+35 
-3.8307197747e+11 
-1.7109101317e+19 
2.2754693853e+32 
2.5304975289e+33 
6.5393406000e+22 
-3.8376605462e-37 
2.1508654314e+14 
3.1957453467e-19 
1.2438784592e-33 
-1.9204215944e-18 
-5.1054932519e+17 
9.3068966463e-20 
3.6765461426e+03 
9.3326252442e+12 
-7.0127454819e-04 
6.0023058206e-02 
1.5419308214e-25 
2.6237717786e+24 
-4.7629670363e-20 
7.4008008187e-23 
3.4566530995e+26 
1.6211477616e+19 
3.1342225230e-25 
-3.4837815504e-27 
-1.9923017025e+00 
1.0025327360e+09 
-1.4002419434e+03 
2.7594406760e-08 
5.2418347168e+02 
-2.0877637478e-18 
-2.8445074159e+27 
8.6183131742e-09 
-1.3429040000e+08 
-1.0590847039e-19 
-3.6219364851e-31 
-1.0872146239e-10 
5.7620108591e-36 
1.9419575617e+38 
-7.5818787500e+05 
1.2429902208e-29 
1.9934333788e+27 
-5.1436251513e+13 
-9.6323484375e+04 
-3.1015896518e-09 
2.4008683984e+21 
-6.4476600320e+09 
5.0724240223e+15 
2.8741844906e+29 
-3.7503135772e-38 
-4.4337742188e+04 
5.7892978191e-01 
4.8170993750e+05 
-1.8937674871e+30 
6.6633588736e+10 
3.5414697488e-20 
9.9868992995e+19 
1.2957577221e-28 
2.6037641373e+17 
1.4225223650e-35 
7.6016072524e+13 
1.5222718000e+07 
2.1509595000e+06 
2.0746384365e+25 
1.4572874019e-09 
-2.3072723436e+24 
-2.3342001256e-17 
-1.1182641172e+35 
2.7313212740e-06 
4.9312105645e-21 
-1.2354148438e+05 
-3.2553155210e+27 
1.4237590949e-04 
8.3186011761e-03 
-5.0102968649e-12 
5.1355397528e-14 
7.7610668818e-38 
-1.0216696739e+27 
-1.4882683212e-17 
3.3783063472e-31 
2.3187610210e-23 
-4.4614476097e+37 
-6.3450069851e-12 
-3.5373977044e+31 
-1.4809983127e-23 
9.4491784668e+02 
5.5218126782e+17 
-2.9851785084e-19 
-6.8347964951e+20 
6.6565802331e+24 
2.8077803194e-08 
8.0699399349e-19 
1.8372476000e+07 
-4.2775910591e-10 
-5.3299869373e+20 
1.8269441229e+11 
1.0016017725e-34 
3.4559004019e-26 
-4.0520879837e-13 
-2.9065486044e-02 
4.9840425097e+21 
-1.2725537143e+36 
3.5820687824e-34 
-3.1190766401e-25 
2.6924801013e+15 
8.5201557448e+33 
1.8346847086e+38 
-3.8972117519e+20 
1.9311287868e+19 
-7.8908989440e+10 
-1.0372024262e-03 
-1.6179791418e+16 
-1.3283757543e+37 
-1.4221613908e-18 
4.0015959870e+24 
1.5993958380e-09 
1.3553809945e-25 
-2.1008554694e+28 
1.4824674815e+21 
-1.1623780000e+08 
1.5081089223e-03 
3.3302844519e-37 
6.1378213714e-29 
2.5083470368e+34 
7.7270489496e+20 
1.8679671286e+38 
-2.7280205861e-02 
-5.5829245984e-14 
-1.6173677153e+38 
-8.8236836018e-04 
5.5424883006e+21 
2.8464192525e-02 
4.9844705769e+23 
-1.1232665618e-25 
-2.6790143695e+17 
-3.4429638163e-07 
1.1400156374e-09 
1.0730546875e+05 
-1.5086904614e+30 
7.7542400360e+00 
9.7448016357e+02 
1.5191204511e-05 
-2.4823800722e+16 
2.2398105278e+21 
-8.1720711652e-35 
-7.3633750145e-38 
8.9594995640e-25 
-1.5707275000e+06 
2.3837050439e+34 
-7.6928181932e-23 
1.3288065481e+22 
-2.4896895312e+05 
-4.3405517815e-16 
1.4441530321e+17 
-5.0436300247e+15 
6.2097779879e+22 
-6.1536280096e-21 
8.2995848951e-36 
1.7524295351e-15 
-4.5304047852e+03 
-1.0276725079e+24 
2.7185550341e+19 
3.9197218804e-09 
4.2482400994e-36 
8.1370794086e+34 
-3.7150413990e+00 
-6.9922247314e+02 
6.1208970641e-18 
-4.5362456014e-09 
8.2326503471e-03 
-1.1720875288e+32 
3.1424165889e+22 
1.5257680388e-05 
5.5449732893e+16 
5.8744852638e-33 
1.5775007013e+24 
-1.9683513184e+03 
1.1898331444e+27 
1.9883987887e+33 
2.0384187671e-09 
4.3209580435e-29 
-2.6930870455e-36 
3.1940082488e-16 
-1.9201213600e+25 
-1.1657909043e+11 
9.8297803193e+20 
-9.6854484375e+04 
9.9386174115e-17 
1.7090610931e+25 
-4.6507239670e+13 
-2.2534082239e-11 
8.4286069348e-21 
6.5012277449e-15 
-2.0624507803e-17 
-5.2037296990e+32 
-1.7516240167e-18 
-1.2735171287e+36 
-4.8435413228e+14 
-1.7119317075e-09 
-1.7305354372e-10 
2.4884695419e+32 
-2.5607750809e+30 
-4.4892969185e+29 
3.2661171219e+34 
1.3863132015e-33 
-4.7572502136e+01 
-1.8535747876e-30 
-2.3059852734e-21 
-1.6802408506e+33 
-3.2824308995e-24 
1.1533787915e+19 
2.2981109851e-06 
-1.4221443562e-03 
1.5804525081e-19 
-5.3792086270e-34 
-1.7809382413e-08 
1.2291779380e-36 
5.2626223187e-19 
-1.5688969242e-18 
9.9465150290e+20 
-3.4680425973e+31 
-9.0060271936e-33 
-5.0288824652e-15 
-1.5005073277e+13 
1.0954049255e+27 
1.5656761344e-15 
-5.3710831179e-27 
-2.7498678484e+23 
-1.8379925539e+27 
5.2433108040e-14 
-7.8064970000e+06 
2.4214663567e-17 
5.9602350512e-35 
-3.3626025697e-07 
1.5600494226e-04 
-5.4016706373e+27 
6.2105248881e+28 
-2.1981316000e+07 
-1.7637287328e-06 
7.6928559297e-16 
-1.2892226000e+07 
1.3792103125e+05 
1.6063381958e+02 
2.0460761907e+11 
-7.5655119476e-34 
-7.0949998801e+19 
-3.1698875773e-06 
8.2027577344e+11 
1.0581115904e+10 
8.1734552947e-29 
1.5716489660e-14 
3.6455848346e+11 
-1.3779484220e-07 
-1.2830185525e-10 
3.2008772913e+17 
-3.1903730086e-28 
2.8702008915e-38 
-6.0020706397e-36 
-1.3558545060e-16 
1.0214321223e-26 
4.0049085704e-15 
1.7642603200e+08 
-2.4919438171e+02 
6.8310169899e+20 
1.0650681926e+32 
6.2342119082e-30 
3.5187331266e-22 
-9.4394394531e+03 
-1.9965501843e-28 
            nan 
-9.8703124480e+09 
-8.2433599078e+11 
-3.1220121888e-25 
-1.2601903175e-30 
-1.7576217864e-25 
4.7436111017e-39 
-1.1800854290e+16 
-2.5762319044e-22 
2.9416844072e+24 
3.1987462044e+00 
-1.2094926400e+08 
-1.3570642500e+06 
-2.8611144565e-09 
-4.7450441179e+30 
2.3342298761e-08 
1.4901563517e+15 
-3.5835670133e-05 
-6.4354495066e-08 
-9.0126973068e+25 
5.8974070309e-26 
3.3827621738e-24 
-1.9966238764e-19 
-1.3281596644e+14 
-8.4967275882e-08 
-4.2614980988e-10 
-7.4179336285e-11 
1.2671953223e-38 
-5.8537929039e+30 
5.3675893184e+25 
-1.3143308599e-15 
2.6986646658e-33 
-2.3037973995e-28 
-2.7737904922e-37 
1.0574741101e-27 
-8.5256853216e-36 
1.3762100224e+10 
5.0737748097e-05 
3.3997595000e+06 
-1.5271653790e-26 
-2.7640229829e-19 
4.9448434887e-29 
1.2828439266e+30 
2.9471727252e-36 
4.5143726302e-15 
-1.1458177921e-38 
-1.5485640364e-36 
-4.1546250977e+12 
-3.7438878269e+15 
9.7893177884e-27 
1.5006698682e+24 
-6.7113991389e+37 
-2.4931746854e-18 
-4.2396785037e-24 
-4.7319091385e-37 
-5.9160563200e+08 
-2.8881221771e+01 
-1.5354105937e+19 
-7.6085951538e+31 
-1.2087854331e+30 
-2.7788125217e-37 
2.7582148423e-33 
2.4336270144e-05 
-1.4226377780e-13 
-3.5551183242e+20 
4.1198006552e-27 
-1.1976687691e+19 
5.8623633175e+32 
8.6306417568e-10 
-2.5896707603e-14 
-1.6098541961e+13 
-4.2724951174e-24 
-1.4555823213e-07 
-8.0103637376e-21 
5.6983484229e-14 
-1.9748348800e+08 
-1.7863627523e-02 
2.8309825583e+27 
-1.4802929056e+16 
-8.0733519872e+10 
2.8920800747e+25 
1.5005277874e-06 
2.7699371094e+04 
1.7593263157e+36 
1.4548659007e-38 
-2.4409966591e-21 
4.0253230416e+13 
-8.0279209020e-25 
-7.6947033600e+08 
1.1434878397e+27 
1.3968624990e-04 
4.1914309018e+13 
8.9380077568e+10 
2.1011779116e+34 
1.0117415978e-25 
2.4499843126e-11 
3.7180137472e+10 
2.1658696875e+05 
-5.1620905026e+33 
1.3821916127e-06 
1.3834884744e+29 
7.0078513230e+29 
1.4952031450e-19 
4.3949416338e-23 
-3.8207240105e+00 
1.1839917500e+06 
-4.1266961790e-36 
-1.7522078434e+18 
-5.3813888935e-33 
-1.5388077690e-21 
-2.2926749831e+18 
2.1349591941e+12 
1.4820329545e+20 
1.9288343183e+12 
6.2727620825e-03 
2.2993720499e-16 
5.7466913710e-37 
-4.7295986640e+32 
8.0411669642e+17 
7.3054929802e-39 
-4.1058891389e-38 
4.7598399533e-07 
9.0488906122e-19 
7.0616858624e+10 
-5.5686742188e+04 
-5.8041967221e+30 
-3.0501361084e+02 
-1.1442748438e+05 
-8.9909786283e-09 
-2.9111371094e+04 
3.4970484980e-38 
1.3180577294e+31 
-1.4555890560e+00 
5.6786556205e+20 
8.9248996228e-03 
-3.2467527490e-05 
5.5939379106e-25 
4.8923814580e-29 
4.3826832806e+36 
1.3127218930e-11 
9.8842983789e-06 
-1.7184529243e-35 
9.3615953273e-15 
-6.5447000088e-04 
-1.1545305747e-21 
-2.2666295312e+05 
7.3795566043e+13 
-1.1904350721e-30 
1.4609272766e+02 
-1.3606760134e+18 
3.5785043601e-23 
4.3288280129e+15 
-6.0072416876e-13 
-3.8322054315e-03 
-4.4979887391e-25 
-1.5401060925e+12 
-1.2107771650e-22 
5.5557490032e-12 
9.6700025765e-27 
4.6679440000e+08 
-7.1639568458e-29 
3.7274155756e-37 
8.0353881417e+27 
5.7311762124e-02 
3.8737652000e+07 
-1.6140374691e+14 
1.4265819971e+35 
1.3132911873e-18 
5.5126894265e-02 
3.0263562903e+30 
4.0146565150e-36 
1.8127677860e-37 
-1.7565050219e+31 
-3.7238875031e-01 
5.4773244083e-35 
-1.4882795788e-13 
-5.7697040483e-23 
-2.5430954474e+30 
-9.4368358961e-21 
3.0386238265e-17 
7.4344824514e+19 
6.7795012539e+32 
-3.9745101991e-17 
-4.5539276394e+27 
2.6595975555e-07 
-5.4726914874e+27 
-1.9817982521e-32 
1.0408097717e-09 
3.7179926690e+35 
-1.2379648740e-17 
-9.5140636262e+11 
1.6580106749e-20 
-2.2297308703e-36 
5.6956954870e+12 
5.2298040320e+09 
-2.1602015837e+25 
-2.5368657376e-25 
1.7975043751e-24 
5.8969174934e-24 
-9.9475294624e+14 
-3.9699040172e+27 
-1.0361381283e-04 
1.6392083598e+15 
-2.2712188184e-06 
-1.7223526811e-05 
-4.1695323168e-21 
-8.2213887925e-26 
-1.8881161283e-13 
1.6997387942e-09 
-1.1905339267e-38 
2.8988420783e-34 
-1.7425119125e-08 
6.1411345728e-29 
2.8315318362e-37 
-8.5051609973e+13 
1.2913974167e-28 
-2.5118592584e+33 
-3.3992703685e+36 
6.0373541585e+13 
-3.3020172587e-22 
1.4665552314e+28 
-2.4181748740e-03 
1.1815784477e+27 
-2.4628540874e-01 
2.0343984505e-31 
1.9952518700e+33 
-1.2681957483e+00 
3.5613471895e+19 
8.7394568207e-19 
-2.0819451200e+08 
-8.6108610041e+32 
1.1638942003e-36 
-9.1331734392e+32 
-4.3642550000e+06 
            nan 
1.1858569118e+27 
2.7079996211e+11 
-3.1120891576e+12 
-1.3770382619e-20 
-1.3049556332e+32 
-8.5558104494e-16 
1.4600759284e-29 
9.6748500282e-17 
3.9906151295e+00 
-2.8847804080e-28 
-4.0583987471e+34 
5.6036672592e+00 
2.3509664167e+18 
1.0982060547e+04 
1.0065555556e-17 
7.9542918892e+22 
-1.3394619047e-25 
4.5946810801e-09 
1.4129837411e-25 
6.6383823752e-02 
-1.7571873630e-33 
9.8874870565e+31 
6.8160307617e+03 
2.5941610714e+18 
-5.3955784704e+10 
-2.3371241065e+30 
-3.5647390595e-10 
1.8765855536e-09 
1.3513375778e-37 
-7.7964440918e+02 
-4.0325449207e+20 
1.5111051052e-34 
-5.7285883320e-26 
5.9893330153e-28 
5.2645267975e+35 
-1.2934268242e+17 
-2.4625803928e-29 
2.8407994438e-22 
1.8863106822e-19 
-1.0619006577e+26 
-6.3434821014e-30 
1.4337643776e-30 
1.8584654652e-35 
4.5249784000e+07 
-5.4773590675e-17 
1.5971358370e+31 
-3.0321407318e+01 
2.9553709258e-20 
-1.2520848438e+05 
-1.4974432861e+28 
2.9910558724e-15 
-1.3774854246e-15 
1.0733811942e-16 
1.2870910400e+08 
-2.2143795131e-10 
5.3062047799e+24 
3.1432236429e-20 
-2.0843695552e+26 
7.9758852300e-11 
6.5925675672e+15 
-5.7357533682e-22 
-3.9180034946e-05 
-1.2642316069e+30 
1.0652571165e+27 
4.4413630759e-12 
4.3228279843e+30 
-1.1048930876e+15 
-7.9548101680e+35 
-1.5518063354e+02 
-1.2763870720e+09 
-3.3899445553e-18 
-3.7142220037e-16 
-1.7290276849e-11 
-5.4817116000e-24 
5.7751314841e-08 
-5.8776673564e-29 
1.6131653807e-16 
2.2092056369e-36 
2.8190733646e-35 
9.0255482137e+30 
4.3880031444e-03 
3.2645537448e-38 
-1.8345448767e-26 
-3.1250345791e+15 
-1.0956352492e-09 
-1.5499068287e+32 
7.2271926395e+13 
6.9590781569e+23 
-2.4736628219e-13 
-7.3677299817e-09 
2.1652966097e-04 
7.5642667008e+10 
9.4392267522e+20 
6.8812650683e+14 
-2.9405448844e+28 
-5.8989095000e+06 
6.0748312813e-22 
-1.2996094499e-35 
7.5923121956e-12 
-1.3809428215e+00 
2.6444127528e-38 
-4.6652935726e-15 
1.4655400881e-32 
3.3107202982e-18 
-3.4902932384e-05 
-2.6001753056e-19 
4.3450540617e+21 
1.8564266632e+22 
-8.3686228436e-07 
1.1355648994e+01 
-1.0631702095e-01 
1.8678974622e-28 
9.4450548715e-08 
-1.2451367453e+37 
3.1714520276e+21 
-5.7181356785e-25 
-7.3500707447e+19 
1.0037585726e-13 
6.1627175937e+18 
-9.6289672160e+30 
-3.5882893312e+11 
1.6846677227e-06 
2.2582833415e-28 
1.2051198456e+23 
1.3548584358e-26 
6.7504337057e-03 
1.1993346857e+32 
-2.2237082445e+14 
6.9252687099e+19 
-7.7409941221e-39 
3.0967112663e+13 
-1.4044815460e+22 
6.7619679609e+31 
-4.3494597712e-20 
-1.3078440020e-07 
-4.9354498652e-21 
-3.3885678181e-38 
5.2880973184e-30 
-1.2547570714e-26 
-1.7958565749e+26 
1.2425731755e+37 
3.6068088000e+07 
-6.1856650611e+19 
-2.4625261682e-13 
3.8182456830e+16 
-2.8534652752e+38 
-2.2942988431e-20 
1.0464805928e+16 
1.1425362982e+30 
7.9669955384e-39 
-5.5769104975e-37 
-1.5133392830e-38 
1.0450261489e-10 
-1.9255605403e+16 
2.7454344576e-08 
-5.3776759380e+15 
1.8375439104e-03 
-6.8607472000e+07 
1.6517741188e-38 
-1.8359494664e+26 
7.9372658837e+35 
-1.3753534000e+07 
-1.6378086798e-07 
-1.3303159714e+01 
-7.2434787500e+05 
3.0612617149e+35 
6.6523488256e+10 
1.4062956052e+14 
-3.5213355669e-12 
8.3328641418e-37 
3.3483041761e-07 
6.9005676173e-11 
-1.6124941749e+24 
9.0932620500e-37 
-4.9770010379e-36 
-2.3635975852e-38 
8.6695115786e-31 
1.9393463328e+29 
3.0960577087e+33 
4.8088213665e-37 
-1.4981612551e+24 
5.9888268102e-16 
-4.6621593174e+13 
-1.8160055542e+02 
-3.5985606400e+08 
1.3677551360e+34 
2.1886555000e+06 
5.4869495851e-30 
6.5628845448e-36 
-1.8424869473e+14 
5.8138102082e-23 
2.1463620251e-26 
7.3036398154e-19 
-2.1286188712e-05 
2.0952457727e+14 
-1.3419107236e+15 
4.8769775092e-28 
5.9389688000e+07 
-1.5016628367e-06 
3.1790972000e+07 
-2.5657110984e-12 
3.3956168965e-35 
2.1132796800e+08 
1.1550625600e-34 
5.8228608805e+20 
-2.3601702938e+28 
-2.5291977692e+32 
-6.4752023607e+21 
1.2827506339e-34 
1.5359597500e+06 
-6.1470558669e-31 
1.5520510357e-31 
1.2482781925e-23 
7.3745063018e+32 
-2.2054477069e-26 
-1.1710960673e-37 
-2.8676361084e+02 
-2.0144531476e-28 
-2.9307369687e-07 
5.6468645137e+22 
7.0748118706e+26 
-2.5370397901e+11 
-5.0251361084e+02 
-1.2107566091e+34 
-1.9584573752e-19 
1.5860717479e+31 
1.7164250333e+25 
1.0919385134e-34 
1.3481697280e+11 
3.1829786628e+32 
4.9947598848e+10 
-1.2758025870e+15 
-2.7691995000e+06 
-3.0767718481e-22 
8.0043293536e-02 
-1.6682758400e+09 
7.2470094574e-34 
-2.4761123244e+20 
5.3590438676e-18 
3.5602589765e-09 
1.1422004137e-21 
3.2602264870e+27 
4.9624140111e-14 
-9.8017798799e+27 
-1.7308483407e+24 
-1.3588614762e-01 
-4.6129158222e+18 
7.7105945600e+08 
2.3199121642e-05 
7.3104982543e-25 
-4.1388655518e-05 
1.2601114596e-09 
-1.3775945263e-05 
3.7942801413e+14 
-3.5908730880e+10 
1.4555701066e+19 
-8.9555152893e+01 
-5.4906252437e+37 
1.5492047922e-10 
7.4512123180e+17 
-3.4329112500e+06 
2.7594947200e+08 
-4.3407225037e-10 
-2.1725780151e-14 
-8.8357798524e-17 
5.7295873816e+31 
1.9903037014e-29 
-2.2736444473e+01 
-3.3870887660e-19 
-1.1612850225e+13 
2.0704743266e-01 
3.8760229476e-20 
-2.6666806882e-25 
-1.3397474162e-34 
-3.8153155326e-32 
-1.5257627487e+01 
-1.6514157104e+02 
1.5561397878e-21 
2.1056674280e+26 
-3.3125861229e+35 
2.4924057502e-30 
-1.3147950534e-19 
1.1006351090e-29 
-1.8445352884e-11 
-7.5764094998e-10 
-2.5469936927e+36 
1.1247642086e-13 
-1.2064109802e+02 
-5.7209394681e+25 
8.0059492427e-19 
-2.6181386920e-11 
2.5160126905e-15 
1.8790954415e+27 
-3.1402457927e-20 
-2.3956911900e-25 
-1.4772883787e-06 
-3.1185736607e-20 
4.0930689910e+34 
-7.0873787627e-03 
-2.8352257691e-21 
-6.5943904773e-32 
2.8547516453e-27 
-2.8178621094e+04 
1.1147630867e-03 
-3.2292634518e+19 
1.4331700006e-31 
4.8941790625e+05 
-4.1791912764e+31 
1.1142695972e+33 
-3.4640906961e-04 
-1.6048770615e-28 
1.8775449199e-14 
-1.4635085601e+35 
3.4625793225e-34 
1.1716572551e-30 
1.9823872700e-14 
8.9591711795e+21 
1.2677000977e+27 
-5.6082038597e+33 
-1.1726995138e+38 
1.6572246658e+36 
6.6432170539e+34 
-1.5263395474e-13 
-1.5061444314e-09 
9.9694709377e-08 
2.1577427845e+12 
5.0426133925e+14 
-2.3563302400e+09 
1.7713584980e-14 
2.0465760198e-09 
5.7052969120e-12 
3.4503418188e-38 
3.0277178666e-05 
1.5789100109e+28 
-1.0034375043e+15 
2.3763390864e+25 
4.9085347535e-17 
9.6662400000e+06 
4.6582187500e+03 
-4.6578045296e-35 
5.1698781389e+11 
-1.3049432963e+34 
1.4306912644e-22 
-2.1979936035e+28 
1.8709034748e-06 
-7.9746987226e-29 
9.7691281040e-17 
-1.7791057209e+32 
-4.0858101475e+22 
1.1089185570e-08 
-3.5878289228e-09 
-1.3685029444e-05 
4.7414953482e+35 
-2.8306744178e-20 
1.6008178373e-15 
-1.1186280060e+02 
-2.2886435147e-07 
-1.3210910452e+31 
-4.6405397433e-35 
3.8570015007e+34 
3.1104718272e+24 
2.2578718409e-11 
2.3250545871e-34 
-2.5596098131e-38 
-6.1506014041e-13 
2.6906407413e-32 
5.6335139275e+00 
4.8189267741e-20 
-1.3446161250e+06 
-3.5636002500e+06 
1.5496799676e-18 
1.0388843101e+33 
-3.4406451416e+02 
7.5405130000e+06 
-3.0958163067e+12 
-1.4433348328e+14 
-1.3845615859e-18 
-5.8625676047e-07 
3.9048477887e-30 
-7.7511492443e-21 
1.1328291812e+33 
-3.4934959410e-27 
-2.6712683375e+19 
1.2033263616e+10 
-4.4705073818e+36 
-2.7303748265e-19 
-1.7218543350e-14 
3.2767053006e-37 
4.7163353937e+31 
3.1633940523e-27 
-3.8335445959e-29 
2.5159460076e-33 
-6.5193577021e+13 
-1.0406131224e+29 
2.3732932478e-36 
-8.3285968384e-26 
1.3169935746e-26 
-8.7898302726e-33 
2.5203493118e+01 
            nan 
-9.0653863249e+21 
-9.7000866337e-15 
-1.4539610596e+03 
-4.5706919567e-16 
2.2009515790e+19 
-8.7439855169e+18 
-1.4227704411e+30 
1.1114455014e-01 
-1.0675250956e+30 
1.6909608413e+37 
-7.5319446765e+23 
-2.3137634996e-14 
3.8994753906e+04 
-1.0403927547e-23 
4.0469328942e-30 
-2.8066306426e-18 
9.8795578982e+11 
-2.6813591830e-05 
7.5529348710e+12 
-3.2744335938e+02 
-4.9965503104e-25 
-8.4143607637e-09 
-3.5094335938e+02 
2.4135058594e+02 
-1.5016239648e+20 
-1.5235789873e+29 
-5.9684909500e+29 
1.1338108633e+13 
2.6540661822e+15 
-3.5566468881e-08 
-1.9695526073e-17 
2.7927057794e-36 
6.5228651473e-12 
-2.9456927092e-27 
-2.7403591309e+03 
1.1847512423e+36 
3.1666577693e-10 
3.4414586852e-21 
-8.2638163830e+14 
-2.7584875934e-03 
5.7528900276e+18 
-8.4194347945e-32 
-3.8827967644e+00 
8.4787120612e-28 
-5.8505544662e+00 
9.3377698892e+26 
-1.9926993832e+17 
5.3195600458e-07 
-5.2639738281e+04 
-1.1348504229e-14 
-1.0011678292e-10 
4.0457558856e-19 
1.4005780091e-30 
-7.6807133786e-35 
5.1221491200e+08 
-1.3759450358e+20 
-2.3779816579e+16 
-1.2123618259e-27 
-2.8083217654e+36 
1.2948118799e-29 
1.5976499680e+38 
6.7762001395e+17 
-1.8000190714e-19 
-2.7972640617e+31 
1.7837980769e+19 
9.7109732451e-04 
-9.5361909866e+00 
7.3001584549e+23 
-5.0937685684e-33 
-4.4606574518e+25 
-6.8234747314e+02 
7.3145297852e+03 
1.0622385389e-06 
3.8435090859e+31 
-8.2532989154e-07 
-2.2265652810e-37 
-1.4577526931e+29 
9.9948141337e+35 
3.4480574464e+10 
-1.6345690558e+36 
-3.3636568696e-04 
2.9550999621e-28 
-1.9212804958e-10 
-3.8714784480e+28 
-8.5525613773e+11 
-2.9379855165e+34 
-1.4010228418e-27 
-1.3274749980e-17 
4.0291387500e+05 
2.5409571009e+34 
-4.4095411820e+33 
2.8695942867e+19 
-4.6754075963e+17 
6.6582138255e-37 
-1.5227714321e-03 
1.3876750407e-38 
6.8127513600e+08 
7.0193767548e+00 
5.1156823730e+02 
6.6384381440e+20 
5.3218530277e-11 
5.4701512848e-37 
-1.2953180920e-33 
2.2358410885e+36 
8.8423085746e+19 
1.1927936012e+38 
3.1871832500e+06 
1.7249836250e+06 
9.9112951808e+10 
-1.5276703819e-28 
1.0028684570e+04 
9.2899008215e-31 
-1.3159527043e-05 
-1.0999983156e+20 
-1.0044307538e+12 
-2.4917706454e+19 
-1.7256192223e-04 
-3.8735091663e+21 
1.3632192444e-27 
5.2741932461e+32 
-1.8050763607e+00 
2.9250605493e-37 
-2.2179032916e-11 
5.5879511269e-23 
1.1668870780e+33 
-6.6997050733e-33 
5.7742413281e-12 
3.9135684125e+24 
-3.5693264579e+25 
-4.1623103198e+33 
-1.2270051164e+29 
1.7313580011e+38 
-1.7979843364e-19 
4.4930288867e+27 
-3.4979648248e-33 
4.1175515000e+06 
5.1560447325e-23 
-6.7929420311e-07 
3.0777817794e-11 
-6.3685863207e-20 
-3.0046555000e+06 
5.0801858560e+09 
-1.0938895049e-25 
-1.5007428700e-22 
-1.9664958838e-25 
-7.0378643090e+22 
-3.0748791877e-30 
8.3097118310e+11 
-4.6883040534e+28 
-1.8593534554e-17 
            nan 
-4.3930993750e+05 
-6.5262098486e+20 
-2.7433856000e+09 
6.5567949839e-19 
-4.0133762883e-20 
-2.9530371539e-03 
8.3935785421e+32 
9.0961284637e+00 
7.2593590000e+06 
-1.7582904240e+30 
-1.3801209207e-05 
-4.9156816954e+22 
2.5670371094e+04 
1.3257281580e-17 
-1.5835668474e-33 
-2.1791988777e+13 
4.5990469124e+19 
-6.6853455281e-32 
1.2016887670e-37 
7.8494380773e-08 
1.3785148023e-10 
1.4072034653e+21 
2.0534242503e-03 
5.8264521472e-20 
-5.1522193750e+05 
-1.4590880362e-17 
4.4057602259e+37 
-7.1659553291e-11 
2.2435326418e-24 
-1.4125720050e-24 
-2.0375714498e+31 
5.8909379962e+22 
1.1847870703e-16 
3.2105278996e+13 
7.3952909525e-35 
-6.0353427734e+03 
4.2304728894e-30 
6.5244445289e-38 
-4.7618575749e-09 
1.4647515235e+18 
3.0048455961e-36 
1.3038812205e-02 
2.5299767510e+36 
2.8526848478e+23 
-7.3257353506e-05 
6.4315902710e+01 
2.2348873199e+24 
-3.2796231860e+13 
-1.5098297485e+22 
-9.3507671356e+00 
-3.1663683990e-14 
-3.4288429957e+12 
1.2100380477e+15 
-3.6530880296e-28 
8.3468808931e-36 
-6.8266011338e+35 
-7.4446257634e+34 
-5.9765281035e-15 
1.0511685547e+04 
-1.6110161945e+15 
3.2577174651e-24 
-2.0225836250e+06 
-1.9940347670e+31 
1.5650683560e-38 
7.0533097417e+20 
-3.4369381250e+05 
3.0286695464e+36 
            nan 
9.1636012241e-35 
1.2749939369e+22 
1.2218070522e-12 
-2.4060032451e+12 
1.2441781546e-12 
-5.0000414169e-15 
-1.4528981981e-28 
1.9631863329e+15 
-4.7302430868e-01 
1.0544328147e-20 
-6.8549162904e-25 
-6.6619375616e+11 
-9.7224503328e-24 
-1.3732683146e-03 
7.8822002094e-13 
-4.1421258090e-10 
-7.9957475866e-35 
5.3298420000e+07 
7.2182680702e-29 
4.1214149205e-36 
-3.4654684714e-04 
9.7070958510e+14 
-6.2277037132e-31 
-4.6951065154e+18 
1.7021548981e+29 
-8.3299232583e-14 
2.3722866584e+29 
3.6048385876e+23 
6.8356249097e+31 
1.9402740531e+11 
3.3678333629e+19 
-4.8119307650e-08 
-1.4208123827e+28 
-1.3961735728e-29 
1.0591682978e-02 
1.8379795451e-15 
7.0882715238e+12 
-2.2661642799e-13 
-4.8462671310e-26 
5.4951497686e+19 
-1.4031559640e-24 
-5.4538882223e+37 
-4.7380788917e+30 
-1.6377832424e-08 
8.2401462839e-17 
4.9450238281e+04 
-6.4567194613e-07 
-3.5957912500e+06 
-1.0363553571e-07 
1.7833060671e-14 
1.1850211769e-01 
-6.6475199207e+31 
1.1244835792e-11 
-3.8533614565e-35 
1.2631908000e+08 
-4.0529967413e+17 
-4.5766552734e+03 
7.5606513418e+12 
9.6713518472e+21 
-1.1752245910e+23 
6.8343522924e+19 
1.0751279459e+23 
-3.8074621015e+37 
-6.2315830000e+06 
5.2988169108e-26 
4.5673544946e-07 
4.7790107104e-14 
-3.3287951388e-12 
3.9527835000e+06 
4.1577954761e-39 
5.3745481681e+26 
-5.8569513636e-37 
-3.5297888000e+08 
-8.8823601252e-11 
2.8355708000e+07 
6.9929273507e+36 
-8.0870337949e+37 
1.2921248438e+05 
-1.0270388184e+03 
-1.2616480766e+35 
1.8530866945e-12 
-6.3234791720e+29 
-3.6088043104e+19 
-1.5869815575e+15 
9.9574222979e-39 
-1.3627798046e-33 
6.6078947915e-31 
5.9606118780e-17 
1.1161140700e-33 
5.9268132766e+15 
-3.5739017599e-33 
-2.5449130344e+38 
1.6517132714e-12 
-6.4206343066e+28 
3.8753894400e+11 
3.1944135740e+22 
3.8602356739e+28 
-5.1582853832e+23 
1.4836950684e+03 
1.7561474343e+34 
1.5193112903e+29 
1.5983561734e-34 
-1.4802040320e+09 
-1.0876363200e+08 
-4.6376222372e-01 
1.9507785060e-35 
-3.2677957051e-07 
-1.0228351035e-32 
9.4230753353e+24 
3.2318726688e-12 
-7.0580059505e+12 
6.5762718832e-24 
-1.5952836274e-10 
-4.3881720000e+07 
-3.8477817725e-05 
-8.7574952356e+27 
-5.0771525130e-03 
2.0563544970e+20 
1.4067962351e-09 
-1.6750046976e+14 
3.3112763704e-18 
9.9079016708e-25 
2.7346086838e+16 
1.0714273352e-36 
-5.7108790000e+06 
-7.6447083211e-28 
4.2805085865e-11 
-6.3855936751e-03 
-1.2264576688e-23 
2.8751556608e+10 
4.7255532991e-05 
-1.5272345166e-08 
-6.8778857595e+12 
-8.2813932878e-35 
-2.0815623680e+09 
-2.3587669974e-23 
-6.3187419741e-09 
5.2132150000e+06 
4.3911890221e-38 
1.9149316565e+38 
1.1111002695e-36 
2.3835417442e+32 
2.9388645723e-37 
1.6092083601e+28 
3.2873139811e+27 
2.4616547075e+16 
1.1594943382e-14 
6.1833893439e+27 
6.9054670706e+26 
6.1732894187e-13 
1.6020468736e+10 
-8.2467349616e-10 
-1.1355042354e-38 
5.7028631591e+16 
-1.0439096258e-17 
-5.6556092431e+23 
5.5713945962e+24 
-2.5553922048e+10 
-3.8715997679e-29 
2.6121329091e+35 
1.5993093642e-38 
-5.0689786880e+09 
-1.5495238586e-06 
-1.2885387038e-32 
4.8853072912e-22 
1.7083617188e+04 
-2.6009265296e+31 
-9.6901707569e+35 
1.2144958816e-35 
-4.4410768786e+26 
-2.2989299074e+26 
-7.8575898630e+26 
1.3869674772e-29 
7.3173246346e-04 
-2.4742057647e+33 
8.0591668450e-08 
-8.5552262441e+27 
-5.2905978265e-08 
4.0948091756e+18 
4.8893640984e-18 
1.5716488838e+01 
5.3558890496e+10 
4.0719558558e-37 
8.6684072866e+18 
6.7537162977e-05 
3.8306964561e-35 
-4.5627257771e+26 
-1.2496885844e-02 
-9.4231720076e+37 
-6.0699363836e-24 
5.8035201446e-36 
-7.9906078287e+35 
2.2720528537e+27 
-5.2977632376e+32 
6.9948256841e-31 
-7.7003471620e-37 
5.9824073332e+15 
4.5727532800e+08 
-1.1868148531e+11 
-3.8559374635e-22 
4.1962489600e+08 
-6.7064103869e-32 
4.7795321510e-23 
7.8457216314e+23 
1.6892729172e+21 
1.4507710184e+16 
1.3573369415e-06 
2.3747896982e-09 
2.0880813167e-07 
3.8980058399e+26 
-8.4509592853e-05 
1.2155926260e-30 
-6.2537390010e-35 
-8.4962683250e+28 
2.2519427298e+26 
-2.8048056265e-05 
4.6009497388e-29 
2.6182497143e-11 
3.4526721935e+30 
8.1522620242e+37 
-1.9823760192e+22 
1.9705212000e+07 
7.0642662114e+22 
-8.2776460800e+08 
5.9544836661e+35 
3.1384516326e-33 
8.7409147394e+24 
5.6682839479e+16 
-7.8981911482e+34 
-9.7853570033e+31 
-8.1338107039e-37 
1.7338402869e+16 
-4.6838489022e+13 
-2.4942600069e-11 
8.9507008000e+08 
8.2509384485e+33 
-1.2292854993e-13 
-2.7534258612e-15 
1.7313797534e-19 
-1.3526974000e+07 
1.1466882975e+22 
-2.7346770366e-05 
-2.1718853857e-16 
-3.7067512000e+07 
2.2016226353e-07 
-1.8938955996e-35 
-7.9426230000e+06 
-4.9032317862e-28 
-4.7980382536e+37 
-6.6255345418e-30 
6.9191577108e+12 
-1.7967371094e+04 
-3.1169583291e+30 
7.6483250254e-17 
4.6845701115e+34 
2.1020221082e-16 
6.7141769179e-23 
-8.1401749525e-32 
7.7964504050e+21 
-1.0366962850e-01 
4.2656688305e+35 
-7.9260631819e-25 
7.3606620016e-30 
-2.5512926077e+16 
-1.8939321765e+20 
1.7376233785e-08 
-1.0314892232e-01 
-4.6461124349e-28 
-9.8406653851e-03 
3.5944028509e+33 
-5.7282409668e+02 
1.4455933816e-33 
6.3057171806e+30 
1.5072068010e+19 
9.3770030261e-14 
3.8023683700e+15 
3.6516448000e+08 
-8.5070171356e+00 
-1.4961844251e+37 
-2.5904820368e+17 
-9.8593574400e+08 
-3.5107884482e-12 
-3.5231195000e+06 
4.3659957594e-11 
1.6035715294e+32 
-4.2714760639e-03 
-2.5116571426e+01 
-1.4867908612e-04 
-3.2995211612e+36 
-4.5613039285e-02 
-4.2461625416e-31 
8.7822639147e+18 
1.5236445577e+36 
1.4965387894e+19 
3.0298331628e-31 
1.0477649143e-32 
2.9944615038e-13 
2.9065374911e-35 
1.4346921717e-29 
-2.4407896619e-21 
-9.5065977651e+11 
-1.0765547656e+05 
-6.2870774269e+00 
1.9355877838e+35 
-4.9613363610e+11 
-1.1815553816e+16 
-1.1424939148e-03 
2.5374584000e+07 
-3.5851015127e-05 
-8.7863196706e+23 
2.7249158922e-37 
7.5080626459e-35 
4.7731852121e-35 
-3.3722487056e+29 
-1.7844790818e-06 
-2.7337581230e+28 
3.3862689108e-32 
1.0871999023e-36 
1.0697360671e+12 
-1.5743892800e+08 
2.7426601803e+33 
1.0912123079e+18 
-4.2843982697e+01 
-9.9820012830e+20 
-3.2899926273e-12 
-5.6478639428e+35 
5.4248373155e-11 
-4.3964653195e-33 
1.1164781445e+16 
-9.2638000984e+32 
-8.2132703255e-16 
-1.7598511809e-19 
2.4296777676e+23 
4.0669652025e-22 
-2.3151119141e+04 
-2.0590176915e+38 
9.3020582543e-31 
-1.4824716250e+06 
-4.5999404907e+02 
2.6108344173e-05 
-1.2812886438e-27 
3.4847183227e-27 
-1.5212332457e-37 
-4.6094593750e+05 
1.9728376534e-28 
1.4016392356e-27 
-5.2196600000e+07 
-1.4675661575e-08 
-4.4088789072e-33 
-2.2548363631e-05 
5.7741858170e-12 
6.0674911890e-38 
7.3113518080e+10 
2.7745404623e-06 
2.6385507346e-20 
8.3185602610e-34 
5.4581076146e+31 
3.9951449185e+26 
-2.3425630844e-24 
-1.2014422737e-06 
7.8982765111e+20 
-6.5171125243e-17 
-9.3954271446e-12 
8.1418736000e+07 
7.4522253418e+02 
4.0960198400e+08 
2.3777500610e-04 
1.9480053386e-27 
6.4488607800e-15 
-1.5615148090e-29 
3.1489249723e+29 
-5.2606093230e+13 
-1.8283665471e+17 
-2.0721685904e+24 
-1.7207124021e-26 
-5.0180344000e+07 
8.0955614779e+21 
8.9017958724e+35 
-1.5028135300e+01 
6.2101533841e+19 
-3.7827014410e-08 
-3.9604640007e+00 
1.9481483348e-14 
-4.5732271847e+33 
-6.7197534008e-06 
-1.0873875427e+02 
-2.8959942711e-07 
4.1303437948e-01 
2.9751368483e+13 
-1.3725810547e+04 
-1.6288195434e+24 
1.0017317891e-06 
-4.0248890720e+33 
2.1452704514e+16 
-8.6294226182e+24 
5.1846710500e+29 
5.0880413454e-30 
-3.5439563610e-12 
2.3788718954e-36 
-7.8714623604e+21 
-3.6675651498e-33 
-1.1682911642e+22 
3.4726711791e+22 
-7.4733708904e-37 
-3.0804069527e-18 
5.1034365622e-10 
-5.1255169813e-13 
-5.2291817462e+32 
1.9844557500e+06 
3.5619626715e-07 
-2.5467680990e-26 
1.9568216421e-32 
-7.3763442285e+23 
2.0031738112e+21 
-9.6519581537e-27 
1.2159442523e+26 
-2.8292122735e-27 
-2.2758677796e+17 
-3.1074753629e-16 
-4.1029095459e+02 
1.6278381751e-17 
8.7398444037e-09 
7.7507689156e-09 
2.7226809607e-07 
2.9476781461e-20 
2.3754433975e-09 
3.6879912417e+34 
-1.5863312951e-27 
-2.3882222906e+21 
-1.0193797575e-13 
4.5033527424e+32 
-1.3383629839e+23 
3.9781669329e-05 
-8.7163110511e+20 
-1.6785160960e+09 
9.8733391048e-31 
-2.8800182725e-11 
-5.3815627085e-13 
9.9909921533e-23 
6.1064447021e+02 
1.2336561523e+04 
-1.7066766584e+29 
-3.5809506383e-28 
-3.1885427716e+23 
1.7287833520e+37 
3.5762395243e-35 
1.1947975703e-15 
-9.1201642144e-29 
5.9716153654e-19 
-6.3982400000e+06 
5.2861676166e+20 
4.1428839526e-13 
-1.5067355074e+31 
-5.9162857724e-08 
-5.7698460296e-05 
-4.2450111634e-17 
6.7297571110e+28 
-4.2245163084e+19 
1.9602277279e+00 
5.8521929656e+21 
4.2920873966e-06 
-7.2920156078e+12 
-3.5728096644e+25 
-3.3280954219e-36 
3.3392081525e-28 
7.0975170186e-12 
5.1656750000e+04 
2.3371436812e+38 
-1.6335080019e-19 
-2.2886298911e+23 
6.2150817826e-10 
-8.9340270716e-18 
3.3089936387e-36 
2.7087367016e-08 
3.0681726976e+10 
1.6657456230e+37 
2.3560962582e-17 
2.4170830234e+11 
-8.7918571978e-08 
5.3737016970e-06 
6.1232164228e-08 
-2.6032424327e+21 
-2.8257580862e+28 
-5.6166919830e+19 
-1.2561905184e-15 
1.3060761600e+08 
3.8969540608e+10 
-1.2890875340e-02 
3.4225017324e+12 
7.5810471936e+10 
2.2737830909e-26 
-1.0591574313e-40 
5.3377880249e-06 
-7.5963974694e-14 
-5.5709527391e+21 
-7.1515982875e+26 
2.5913219081e-35 
6.3677139224e-06 
2.1118048266e-21 
1.6484742717e-23 
4.6665478159e+27 
-5.2137678393e+14 
2.5681200000e+08 
1.0932705535e-17 
-1.1166679758e-34 
-7.4063752254e-23 
2.7312686157e+02 
2.6582775802e+17 
9.3134847702e-04 
-1.7491793213e+03 
7.2448423129e-12 
5.8003990470e-29 
3.6218024108e-23 
-2.5264973233e+22 
2.7762848843e-23 
-3.6072990417e+01 
-4.5056494348e-37 
7.3783156587e-39 
-4.4707326500e-30 
-2.5412181509e+27 
4.6439085701e+20 
-1.0207657409e-28 
3.8127007740e-34 
-1.8239066818e-23 
7.9621804669e-21 
6.9014163132e+27 
3.6945393750e+05 
-5.2304267745e+37 
2.8202881274e+16 
1.5861793067e+35 
4.5161567357e-14 
4.4846427917e+01 
-2.4242700169e+38 
5.5654670499e+35 
-3.3124783814e-30 
3.2077009943e+22 
1.4918894526e-22 
5.2558969180e+19 
1.0288589032e-14 
-1.1516551208e+02 
1.2225470792e+12 
-3.7440095868e-22 
-1.5860766212e-07 
4.1034742188e+04 
-1.9562280613e-06 
1.2437337600e+09 
-2.2979035000e+06 
-3.4907388498e+30 
-3.9513021581e-17 
-8.6216254340e-35 
-7.7295936183e+34 
-1.3824552149e+15 
1.6526814060e+36 
3.2401484800e+09 
-9.6886198681e+16 
-1.0913460705e-30 
9.8023034668e+02 
-8.3089312154e+36 
-1.1596932249e+17 
-7.3597649055e-23 
6.8774800070e+29 
-1.3745452032e+10 
-1.3256293023e-03 
3.6373450287e-16 
            nan 
-1.0761480713e+03 
-1.6568175915e+15 
-1.5768937736e-39 
-1.1618338468e+21 
1.4122459265e+38 
-3.6262816617e-25 
1.5400372376e+23 
-8.3367421970e-25 
-5.0922877360e-19 
-1.3615814412e-25 
9.5229052505e+34 
-8.1921808714e-07 
6.1536658905e-05 
2.1522949616e-23 
-3.5598235000e+06 
1.1232830000e+07 
1.6306787857e-19 
6.8313741735e+27 
1.0723367680e+09 
2.5197815556e+22 
1.6020261514e+37 
-5.8066310403e+34 
3.1021321544e-25 
-8.7286732800e+09 
8.6045343568e+33 
-1.8387453151e-30 
-1.0599551134e+32 
3.5600797500e+06 
2.7349757048e-14 
2.0424196426e+17 
3.0612368525e-34 
-4.1046613365e-33 
4.1728617090e-11 
8.3782587247e+33 
-1.2866290455e+19 
2.4194864091e-03 
8.1825384521e+02 
6.8554820575e+16 
1.7241750618e+37 
1.0357140365e-21 
3.5164562014e-38 
5.4319640576e+10 
-7.7416342439e-21 
1.1174676742e+27 
-1.3368753254e-32 
1.3259269355e+28 
-1.6073172923e-18 
5.0878649377e+23 
4.9070855622e+21 
-4.1261300893e-17 
-7.2810932617e+03 
3.4345163432e-12 
-5.3416820966e-10 
1.1967473078e-16 
1.5169223395e+28 
4.8773673779e+11 
-2.3067121543e-38 
-3.1955921660e+21 
-6.6058800000e+05 
-1.3100425362e-35 
-5.8049219283e-19 
-2.9884038848e+16 
1.6103644332e+13 
2.9225375000e+04 
-1.0116436330e+30 
-1.5995760000e+06 
8.0525343483e-25 
-1.9912849147e-11 
8.7303575128e-05 
-9.1303744737e+27 
8.3444010165e-13 
6.0817734246e-30 
-2.5092066533e+23 
1.8301152039e+27 
2.8685705177e+17 
5.5890781250e+05 
-5.6328664937e-28 
-3.3313871461e-15 
-2.5256769932e+17 
-4.3537848671e-23 
1.0575545781e-32 
1.4927766630e-35 
3.9637664764e+16 
2.7889736836e+34 
-1.5813062366e-23 
-1.2498521060e-01 
6.5125193750e+05 
-4.6044514360e+22 
4.4258505470e-20 
-3.3920156250e+03 
-1.6438391500e+30 
1.5921637571e-18 
-9.1374456612e-11 
-4.5089057617e+03 
2.9384296960e+20 
8.3066669903e-35 
-3.8821380798e-16 
-4.4670041464e+26 
-1.1193229584e-03 
2.5952037741e-10 
2.5681123047e+04 
3.3374783993e+00 
5.8605589649e+22 
-4.2788063990e-24 
5.9598386389e+26 
-9.2813925804e+31 
-4.1094966888e+01 
7.0441453732e-20 
4.4319952791e-34 
-1.1817773507e-20 
1.6792123047e+04 
1.4596520923e-02 
-4.9363893984e+34 
-9.6031634521e+02 
-2.4068898438e+05 
-6.6178839362e-21 
7.1719649280e+11 
-1.4151713817e+13 
-7.2405595995e+37 
3.4876466751e-29 
-4.3415089360e+17 
3.5274017471e+19 
-4.2722836839e+17 
-3.3128969371e-02 
-5.4118250217e-18 
1.1456535757e-01 
3.7056401367e+03 
5.7680242105e+37 
-9.6640011797e-21 
3.0146374923e+29 
6.7374282241e+15 
2.4008404427e-17 
-9.0225759500e-33 
-4.1385363200e+08 
-3.2608224216e-24 
3.0303932697e-09 
-6.8764495762e-16 
3.1017886037e-09 
1.5359821054e-11 
-2.8057212000e+07 
-6.3775845276e+25 
2.5843431932e-23 
5.9561848502e-06 
7.4423446422e+32 
-6.3198936268e+26 
7.6805152893e+01 
2.9282199776e-08 
2.6162534451e-24 
3.2157731988e-18 
3.7643912279e-35 
4.5748035448e-19 
3.1850700378e+01 
-1.2333681213e+12 
-7.3883298736e+16 
-6.8220786640e+19 
1.0610644329e+20 
7.7105372160e+09 
1.8074029204e-34 
-1.7560181146e+11 
-7.8113175000e+05 
-1.6164922237e-32 
2.1869286738e+31 
-2.1191368000e+08 
-1.8873265111e+37 
6.9880693760e+09 
-1.2772238005e+29 
-1.2955934570e+04 
1.3367735927e+19 
-1.7895844133e+29 
-3.7357733040e+30 
-7.1407822217e-17 
7.0351388480e+37 
-3.7460657441e-17 
-4.0073754083e-17 
-4.0786522957e-35 
1.0834565467e-09 
-2.1700975126e-20 
2.3073002783e-16 
-7.3035633030e+26 
-1.1585938372e-12 
-9.8614355469e+03 
-1.2040402018e-38 
2.0711410833e+30 
-2.3347031040e+09 
1.9737436095e+23 
2.0330498917e+23 
2.7244175025e+24 
1.2696490015e+20 
-8.0812279516e-34 
2.3238505237e-03 
2.0510461652e-34 
-9.9180632782e-14 
-1.2651145858e-19 
-3.5529453367e+30 
1.5386774356e-16 
3.2063788827e-20 
5.2048172951e+23 
-3.1924884822e+20 
-9.3061309308e-03 
5.5654473581e-32 
2.8073972889e+20 
9.1304708100e+28 
1.9036061616e-08 
4.3492323581e+35 
9.1811156623e+22 
-2.5691789389e-01 
-4.1292723082e-35 
-8.4594962878e-27 
-1.4023477172e+29 
5.8062083747e+30 
1.3046306184e-37 
-4.5980877808e-36 
-3.8025811280e+27 
2.1213138884e-11 
5.9083311044e-07 
-4.1205591040e+09 
            nan 
-7.8595927734e+03 
1.1653563488e-37 
-1.0551502380e-11 
-1.8219267872e-07 
1.6016847542e-22 
-4.2147390544e-02 
-1.0757444863e-31 
1.4398172257e+38 
-9.6331606922e-28 
-1.1027147552e-14 
-4.7441393750e+05 
-2.2971195790e-07 
6.4553577713e+35 
-1.1746316309e+33 
5.7598084288e-12 
-1.1338043997e+22 
3.5305463867e+03 
-1.3507004110e+27 
6.5699469814e-35 
1.0676860919e+17 
1.8023539771e-35 
-3.4731829834e+02 
-1.6218467541e-11 
-7.1298816475e-25 
-3.5620166539e-11 
-9.6156712971e-05 
-4.2917317236e+21 
-3.9696948963e+34 
1.3849974986e-11 
1.2240171932e+14 
-1.0922518001e-08 
-2.2205339223e+37 
-9.0636135042e-08 
4.5134680113e-04 
1.5383813504e+17 
-2.9410108890e-26 
2.6125736097e+21 
9.5406524931e+27 
2.3944287525e-11 
1.3366992568e+12 
4.2705637032e+30 
1.7153007679e-21 
-1.6365771728e+36 
-8.5117583228e-27 
-1.0025965806e-33 
-1.2415895691e-19 
3.2243510398e+38 
-2.4648371094e+04 
7.6578867692e-09 
-2.1223983135e-36 
-2.9618488098e-18 
2.0863350580e-16 
2.4563500285e-01 
-3.2626972000e-21 
1.0980192384e+24 
-3.9193985044e-32 
2.1957492736e+11 
-1.2670527655e+14 
4.5789723658e-35 
1.6839505346e-09 
1.5680137255e-34 
2.4157179287e-37 
6.2138250071e-24 
1.9642333666e+20 
-4.1200905346e+21 
-2.4434670953e-10 
-3.7671795687e+14 
-2.9662802581e+25 
-1.3698596146e-30 
2.1880073206e-38 
-9.3757931916e-38 
-7.5060925764e-15 
1.0740948245e-37 
1.1044948815e+25 
-9.8756833280e+09 
5.4855847168e+02 
-2.0653357500e+06 
-1.6696501461e-06 
4.4880690541e+23 
1.9930981892e+22 
-8.0297187500e+05 
3.7484264841e+34 
1.3248414666e+14 
-1.5129938413e-09 
2.4892707169e-01 
5.3882898856e+26 
-5.2324591064e+02 
-1.3682275161e-21 
1.0586208720e-29 
4.8104488211e+24 
2.2795495312e+05 
8.7767996370e+30 
-1.7953369301e+26 
3.0566067995e+13 
1.8290682072e+32 
-3.2893190144e+11 
-1.1281553125e-30 
-2.0247910352e+16 
-3.8157943726e+01 
-8.6558937059e-37 
            nan 
-2.4363615234e+04 
4.9983766528e+10 
5.2878054577e+36 
1.5249221910e+36 
-3.0111564756e+22 
-4.9981809980e-07 
1.1408906865e-37 
-2.3446881769e-08 
-1.9105548039e-02 
5.3329390217e+15 
6.1506804000e+07 
1.4675137404e-36 
4.5441811797e-23 
3.8562157154e+00 
-4.7118791242e-23 
4.5629658511e-22 
-8.2370644290e+31 
-2.1289536357e-01 
-1.4075063886e-27 
-1.4674354901e-34 
-1.3925288919e-35 
-1.1152179796e+17 
1.9472135680e+09 
1.4966230190e-27 
3.5841551450e-28 
2.2673160856e-05 
1.8378876000e+07 
-8.0632614400e+08 
-1.5806492996e-18 
-5.9434438299e-05 
-8.1377802734e+03 
1.9550374341e+37 
1.3270342393e-24 
1.9061920650e+32 
2.6292802980e+29 
4.0863515000e+06 
2.0125273031e+13 
6.6143077126e-11 
4.7366949929e+18 
8.3347025793e-04 
-1.8365294319e-27 
-1.2851534547e-14 
1.8872175027e-23 
-2.7913334838e-11 
-5.3398546239e+28 
-3.9975802067e-35 
9.5138919353e-01 
-1.5445166355e-05 
-3.4785855024e-24 
-3.9152979851e+00 
-9.3629187500e+05 
2.2383390948e+23 
-4.5108003333e-25 
-4.9420154595e+29 
2.3805067758e-04 
4.2959285097e+16 
1.7430766088e-26 
1.2511630885e+19 
-3.1765168905e-01 
2.0392681472e-03 
-3.5143901367e+03 
-1.3955290953e+15 
-2.5469922548e-05 
-3.4995938989e+16 
2.5881090845e+18 
-1.6401301564e+17 
-6.5325967963e-33 
-1.7751825508e-03 
-1.3728322923e-09 
-1.2462814763e+30 
-3.4254006193e-29 
5.6257344906e-15 
-2.7469019045e+32 
4.7443699964e+17 
-2.8945351951e-03 
2.3403406349e+31 
2.0175914908e-38 
-8.5876565427e-03 
-5.7017963357e+34 
3.7573988713e+30 
1.4257781337e+25 
1.1119949824e+10 
-3.7734107536e+22 
1.5735700684e+03 
2.6918305792e+11 
1.4069542753e-10 
-1.1095358214e-24 
5.5484745077e-22 
2.7046270779e-10 
3.0167621094e+04 
3.4798576568e-32 
-2.6595666311e+20 
2.2132660899e+31 
5.9577803527e-32 
1.5685291414e+33 
-8.0191077095e+25 
9.2430787500e+05 
-1.8002054349e+11 
1.0969208181e-01 
-1.9279869472e+22 
-4.7849642801e-28 
-9.2835221190e-31 
-1.8822423106e-15 
1.9743064804e-16 
-7.3362679804e+36 
4.5626252890e-01 
-2.7227856998e+21 
7.6378660991e+17 
-3.2617559123e-38 
-9.1359737023e-15 
-5.0411930186e-10 
-1.7153089046e+00 
2.9905089605e-07 
-1.6057932627e+28 
2.9728051275e-02 
2.0593116671e-28 
-1.0961513841e-22 
1.1449543131e-35 
-3.9312139290e+20 
-1.8577063088e-07 
-2.5555782318e+01 
-2.2520674915e+38 
-2.6954414168e+17 
-3.1835912506e+17 
9.6288818310e+34 
6.2293242188e+04 
-6.9405712111e-07 
-7.2907806720e+09 
2.5970566683e+20 
-7.4044847601e-32 
1.4866274320e+14 
4.3301112000e+07 
1.9617338688e+20 
3.9291844100e+22 
-1.8271010801e+21 
1.0394536951e-35 
-1.6799695492e+00 
-9.6047738651e-09 
2.3213500416e+10 
1.6130898851e+21 
1.7696260854e+22 
-7.2692655461e+18 
-2.8664954000e+07 
8.9041605035e-13 
8.1295113954e-23 
2.1071658895e-18 
1.4778935707e-21 
-1.4446240648e-08 
2.9618845060e+33 
4.0570029974e-12 
8.7374603641e-26 
-5.6583882545e-12 
-1.2364522012e-25 
9.3519593720e+17 
1.3237207474e-23 
5.1082910004e+19 
1.0100555510e-13 
1.3320069993e-03 
-4.5130501404e-38 
3.0268061858e-28 
7.9967994765e-26 
-1.6183209681e+23 
2.0332731934e+03 
2.3165125847e+00 
-3.0029634804e+17 
-7.4911402525e-26 
5.1426003746e+33 
2.9031465763e-24 
-2.0770774962e-36 
-4.3446037292e+01 
4.9023291981e+21 
7.6040943104e-28 
7.4114916352e+10 
2.5282261893e-02 
6.2697670135e-14 
1.5069307437e-06 
3.0619066807e+29 
2.1246099197e-22 
2.6673195884e-02 
-5.9714548002e-27 
6.3615156067e-28 
            nan 
2.4332773816e+30 
3.6017558400e+08 
2.5373498438e+05 
-9.2003404652e+27 
-5.4680498976e-38 
3.5104007605e+22 
9.0481984216e-07 
-2.4462889093e+25 
-8.8968008785e+15 
1.3860970682e-07 
-1.3034768938e+27 
-1.7201932924e+23 
-1.9325605904e+13 
-3.1784830000e+07 
-6.5484544275e+35 
-1.7030544434e+03 
1.5492264126e+14 
-5.4456878188e+16 
1.0911180000e+08 
-6.2970795697e-16 
1.9332647517e+24 
-1.7069274807e+19 
1.6327816392e+16 
-1.5213733051e-12 
6.6702625645e-09 
1.5017365547e+20 
2.2822625000e+04 
            nan 
7.5632450171e-39 
-5.0641472128e-33 
4.7550642949e-19 
-1.2438266918e+34 
-6.4624209304e-16 
1.2392033668e+29 
1.6928769497e-10 
9.7953125000e+03 
4.3174267827e+37 
1.2102554089e-37 
-3.4686631945e-34 
1.2381651707e-19 
-8.6405454129e+15 
-3.3139329126e-19 
-6.1352168653e+11 
5.0748984603e+15 
-9.6267895060e-06 
2.2946704901e+38 
-1.6966150701e-01 
1.8316013943e-36 
-1.0079265973e+19 
2.0991973104e+14 
-2.3183928852e+12 
3.5217237686e+37 
-9.0778362605e-09 
-4.1062094619e+18 
-1.6984079778e-01 
-6.2586700900e-30 
-1.0584323953e+36 
8.5344994916e-34 
-2.8133878661e+12 
6.7939892206e+19 
-3.1975466186e-07 
1.1584384717e+16 
-1.5349727417e-36 
3.0704397033e+35 
-1.4885925796e+29 
-7.8022304929e+34 
-1.4486936523e+04 
1.3644251767e+38 
-2.1396350000e+07 
-1.4501240364e+38 
-2.2664702400e+08 
-3.1174837017e-11 
-4.9582719316e+26 
-5.3804942091e-35 
5.7824982450e+37 
-3.8406554141e-14 
3.7281513351e+15 
-4.4397823599e-27 
2.9048810596e-26 
-1.6001974231e-37 
7.2819027774e+31 
3.3655702914e-23 
3.0728226883e+35 
2.4576953677e-21 
-1.6058008207e+13 
7.7703542709e+00 
1.2549778934e-30 
-8.4489747012e-35 
-3.4642937977e-20 
3.5554016738e+23 
-2.6649838867e+03 
-3.1964918376e-37 
-4.0017673423e-27 
-5.3471223080e-20 
2.3020137879e-11 
-1.3930259168e-09 
-1.4528257307e-03 
-2.7698371094e+04 
2.3633269007e+27 
2.1749546945e-21 
-2.7436413657e-21 
-1.2698317253e-38 
4.7771190045e-27 
-6.8090588078e-18 
5.6604546621e-25 
9.9049049600e+08 
-1.4337365620e-38 
8.2078834271e-32 
1.5787299943e+29 
2.8324838867e+03 
-1.5519746231e-38 
6.1132042892e-33 
7.3676381250e+05 
-3.2797575982e-21 
-9.9985293109e+31 
-3.3384604983e+31 
-2.2593467212e-32 
-1.1809666962e+34 
-3.1605505708e-26 
-2.6429827842e+14 
7.6456090774e+31 
1.1806865931e+00 
1.6332016457e-05 
6.4824779675e+34 
-7.3435998166e+23 
-3.5391534122e-33 
-3.6103049439e-08 
-3.8477950983e+14 
-2.0246627016e+19 
-1.1931764322e+27 
-3.8238896484e+03 
-3.8549161642e+28 
-8.0886433859e+21 
1.9219511618e+25 
6.5396687470e-16 
-7.1616305000e+06 
7.5724962301e-08 
2.4950801838e-27 
-5.7965384681e+26 
2.5564462400e+08 
-7.3300996384e-09 
-1.8458779646e-19 
-1.8339181899e-29 
-1.6057662000e+07 
4.9284093228e-16 
-3.7343319170e-21 
-4.4625851548e-25 
-5.1204193835e-17 
3.3445395121e-22 
-4.1586923833e-34 
5.9048892415e-34 
-4.3823264774e+30 
-1.8356291737e-31 
2.6014352204e-36 
9.9345761694e+35 
9.3068448230e-38 
-2.6405849005e-31 
1.2260317594e+13 
7.9839010141e-05 
-9.0826396247e-35 
3.0171473178e+18 
-1.4109988911e-07 
9.6983429120e+09 
2.2712843875e-35 
3.3463917383e-19 
9.3530849732e-10 
-3.2016084121e+21 
2.0117792707e-23 
-9.4311825963e-36 
4.9219223409e-18 
7.6823676794e-24 
-2.0266176648e-07 
6.2093540528e-20 
-1.0484954592e+23 
-1.3713325773e-15 
-7.3154241444e+24 
-6.5991326160e-38 
1.4917810506e+36 
1.0960658355e+27 
5.4775558951e-19 
-7.6234971572e+15 
1.2556724695e-29 
-1.2200552568e+28 
-5.7945937920e+09 
1.3236991899e+19 
-1.7186483179e+27 
3.6800398567e-17 
-9.1328503150e-28 
-9.8841498085e-26 
-6.6789668316e-39 
9.0156714264e+22 
-4.7220796477e+14 
-2.4694882304e+12 
-7.4443587500e+05 
5.1941148937e-02 
2.1148190717e-04 
2.3148233600e+08 
3.9705385525e+33 
-8.1917087122e+35 
-5.6224505379e+32 
-2.0575394187e+19 
-1.8326766327e+17 
3.3950593750e+05 
-1.0092456427e+22 
1.9342597728e-13 
-6.8389144897e+01 
-1.7007709992e+36 
4.0001548752e+32 
-2.9223472878e+17 
1.4456985501e-37 
-1.3554392800e+17 
-8.3305155522e-22 
2.8145787923e-08 
1.6359190455e-22 
-4.9941233357e-35 
1.0092653437e-30 
-1.0256906718e+23 
-1.5062791382e-29 
-5.4740427469e-11 
-3.8596008334e-11 
-5.0470048289e+26 
4.1139541474e-35 
2.9657260280e+16 
5.7729568925e+37 
-8.6290623881e-16 
2.3602799502e+16 
1.3215048371e-21 
-2.9211046473e+19 
2.1905696007e-11 
5.3146518815e+12 
-9.4481987500e+05 
1.7600626775e+20 
-2.5320091648e+10 
2.4030979989e-33 
-9.1562910143e-08 
-6.2816604895e-07 
2.1442228951e-22 
-8.7583704178e-11 
4.0805120126e+37 
-5.7257449627e-01 
1.3837874241e+37 
4.6318293120e+16 
-1.9974332829e-24 
            nan 
2.4842457952e-11 
-2.4424205226e+22 
-2.3104196671e+36 
-1.0777071020e-26 
-8.5334169249e+36 
-4.5161242188e+04 
-2.4673006666e-28 
1.7717838915e-12 
-7.0668679713e-31 
1.1066894241e+14 
9.3543474756e-33 
2.8202572376e+28 
2.3602029815e+26 
1.2410456096e-33 
-7.2577656899e-34 
2.2680811882e+00 
-9.6743091941e-02 
-3.1427209424e+35 
-8.5706539085e+29 
-5.8019895731e-18 
1.9715533597e-34 
1.1994843372e-22 
5.8264270733e-19 
3.9064056352e-13 
-4.5455507128e+36 
7.4576186869e+34 
1.5807240561e-04 
-1.6151656278e-34 
-3.4816166346e+36 
-7.2300446913e+37 
-7.7133695285e+26 
1.1501461311e+18 
-8.4577223826e+21 
2.8892080149e+36 
1.3417147622e-33 
1.0034659983e+12 
2.8453196865e-04 
4.3704083252e+02 
-5.8902180172e-05 
4.6312335790e-37 
-8.6640932153e+16 
-1.2718285253e-14 
2.1679159458e-14 
2.4452643843e-18 
-5.6831090529e-32 
3.0644789780e-30 
2.2453779169e+12 
1.1082135681e-29 
-2.6347691023e+32 
4.7222973145e-13 
1.4790461362e-31 
-1.0018594633e-24 
2.8728366376e-21 
9.8993748240e-26 
-1.9663181661e-07 
6.5353525001e-14 
-1.3976839551e-38 
-3.7012328966e-12 
9.7015345000e-21 
-5.1327157805e+26 
-1.5249896078e-28 
1.6950714153e-17 
-1.9856623607e-29 
-7.9851149066e+12 
2.9153660000e+07 
7.0527819029e+15 
-8.3705698350e+25 
-1.0733708749e+38 
2.9439327240e+01 
2.2815999136e-24 
-1.0650918003e+24 
1.0695582660e-06 
7.5302164135e-14 
3.2285019574e-19 
2.2839169105e-05 
-5.4307909281e-09 
2.2744905554e+16 
-8.9944713427e-16 
1.1632193472e-11 
1.6958895269e+23 
-3.1179575306e+37 
2.1940132976e-01 
3.4923169296e-37 
-7.0731403187e-37 
-3.5493529323e-25 
-1.7574618028e-07 
-2.3574713145e-13 
-1.8735608280e+27 
7.0107867941e-03 
3.2478371094e+04 
-9.0340438311e+18 
-1.0026875298e-19 
2.8212091780e+19 
-2.2464119345e+31 
-5.9825609122e+31 
7.6890305987e+12 
-8.9760959148e-01 
3.5308145893e-28 
5.6814865401e-34 
3.6295110533e+35 
4.5935255598e-33 
-1.6898773083e-06 
-9.4846793952e+33 
-8.9852383956e+30 
3.0106594299e-28 
2.1998034920e+31 
-9.5555399870e-24 
-4.4202193750e+05 
8.8815587500e+05 
8.1873974622e+33 
-4.4917486512e+19 
-2.2283883667e+02 
-9.2966584951e-13 
5.7115422317e-35 
7.0419418335e+01 
-3.2145895217e+38 
-3.9141146148e-20 
-1.9647277500e+06 
-5.2548593469e+27 
-2.1582086447e-06 
-1.2366924299e-29 
3.7093092126e-16 
2.8759328062e-29 
-1.2738820096e+10 
-1.6535786551e+34 
1.7263835825e-19 
-1.8890873425e+14 
-1.3306622400e+08 
9.7746459558e+13 
2.4764277523e+20 
6.7684343085e-03 
-5.0970113080e-05 
5.7926070000e+06 
-4.8211769899e-04 
-3.2305334086e-35 
4.1529613967e+33 
2.5127246020e-33 
1.7238049566e-16 
1.4527665182e-10 
4.6039384604e-01 
            nan 
2.8268400456e-06 
-7.9040300503e-26 
-5.0918580224e+10 
1.1399590161e-09 
-1.2813125222e+11 
5.5141594369e-22 
2.8547520816e-18 
5.4271651607e-05 
-2.7461909212e-36 
2.1873496875e+05 
-1.1412290573e+01 
4.2116897503e-22 
-1.9859672698e-20 
6.5982553393e+22 
-1.2477098083e+02 
-1.7216307200e+13 
-9.6069937803e+30 
1.1143930693e-20 
-1.1355692613e-17 
2.4033280255e-08 
-1.0596577435e-11 
1.2249947105e+30 
4.0939781755e+29 
-8.4133484375e+04 
-2.6697215402e-13 
1.8215467270e+37 
-9.0472083539e-03 
-1.4895194512e-38 
-4.1540763855e+01 
-1.6925052000e+07 
-3.7852875131e-13 
-9.1522639226e+15 
-3.4538493635e-26 
1.1409046442e-26 
-3.4706165479e-06 
-2.8645592500e+06 
5.1151790625e+05 
1.8047866000e+07 
-1.6857495312e+05 
-7.1961476562e+04 
1.8541254582e-24 
1.0171243750e+23 
1.7397231649e+13 
-6.7509469537e+35 
2.4134631418e+34 
3.3488470000e+06 
2.4133998865e+26 
-4.1029869016e-27 
1.5879812217e-18 
-3.2295222135e+25 
-2.9218895435e+00 
-1.2923454055e+22 
-1.9297301796e+33 
-1.3762073259e-08 
-1.3858309570e+04 
-1.3894695539e-26 
-1.5083595831e-11 
-5.8625195292e-23 
-2.9754326810e-21 
-6.1445448828e+31 
-4.2269131446e-13 
-1.9191490064e-10 
-4.5046939805e+25 
-3.4370773031e-31 
2.0972358241e+22 
-1.2854846000e+07 
1.3816198243e-30 
1.7477267456e+10 
1.0325613550e-34 
1.4471649074e-32 
-3.1273195589e-08 
3.8505340926e-03 
3.1955368525e-34 
4.8217710395e+13 
-1.7299080522e+22 
4.5665920195e-18 
-1.4778686000e+07 
4.0184867840e+09 
-5.0856910327e-17 
-2.7510913465e-33 
6.4234530322e-28 
-3.6259465782e+36 
3.3370236000e+07 
-2.7059679232e+10 
1.2071593998e+24 
-5.3084407558e+25 
-1.3664558430e-18 
1.2600418972e-11 
-8.9617009592e-23 
1.0385007150e-26 
3.9835044869e+23 
-4.1824108384e+37 
-3.6701155807e-26 
-1.8202731869e-28 
-4.2405882880e+09 
-3.0296048350e+14 
3.2683197639e+35 
2.2245499492e-01 
3.8121769965e-17 
1.6004798712e+38 
-2.2543185258e-34 
-9.7609078345e-15 
-4.3821336538e+32 
1.2913098351e-25 
-1.1246252474e+21 
5.3964879440e-12 
2.5965879701e-14 
1.3465973735e-01 
-1.7657784695e-27 
-5.7133789033e+14 
7.7022496775e+15 
-1.7673227544e-20 
-1.3954366000e+07 
-3.4752397163e+16 
-4.8328986744e-32 
3.9249453865e-25 
3.5038371512e+12 
6.7925252554e-14 
-2.3717639124e-05 
1.0639354675e-10 
2.5800302627e-17 
1.4513128208e-27 
-1.1820693436e+29 
-6.4109148545e-11 
-6.2528704980e-22 
2.2818291640e-26 
-1.5203390000e+07 
1.4797093328e+35 
6.9274089503e-13 
4.8316552734e+03 
1.9008958388e-38 
-1.9225252327e-03 
-7.1999072387e+32 
2.2034213235e-39 
2.1438901367e+03 
5.8428102662e+29 
-6.9209055135e-35 
-3.2698091250e-24 
-2.9032128184e+12 
5.2502876362e-27 
-2.8018486609e-27 
1.3372818089e+20 
-4.6371118292e-20 
-2.0987382482e-23 
3.1352264931e+24 
-5.3992760456e-20 
6.7678272225e+12 
-2.7983578881e+33 
2.8456120162e-06 
1.0773537573e+15 
6.0072827708e-32 
3.5341342483e-13 
2.3218305106e+33 
-3.5315242188e+04 
-2.9017652677e+15 
2.4534224958e+26 
1.7599572593e-34 
1.9652220000e+07 
-3.4730079923e-10 
-2.5841817922e-23 
-4.7691000000e+07 
1.7526121094e+04 
-3.3988785427e+25 
-9.1447977574e+11 
1.3495091919e+32 
-1.8500589013e-34 
1.6495606303e-01 
2.9994000339e-11 
1.9832888184e+03 
3.1486785223e-26 
2.9195637308e+35 
-7.8431246048e+15 
4.7044980900e+12 
4.5364753417e+21 
            nan 
-1.0602736343e-34 
1.5025211032e-03 
-2.3738200917e-17 
1.7170117524e-16 
2.0317232022e-27 
3.8995110134e+12 
5.9326515851e-16 
2.4117886000e+07 
8.4317686925e-30 
1.8361281157e+00 
-1.9156901593e-15 
-5.3662950394e-29 
-2.6011748800e+08 
-2.2854724617e+36 
1.8652021044e-38 
3.2624797500e+06 
1.9451102374e-22 
6.7564351466e-13 
-3.5892415075e+34 
1.1948178144e-14 
-7.8683636306e-32 
1.9962059741e-04 
2.8396213769e+30 
2.2146865478e-18 
7.1069547716e-38 
1.3203074079e+27 
-1.1335107547e+38 
-2.9961854000e+07 
-5.5087324232e-02 
-6.1258828552e+25 
1.8001358750e+06 
7.2375145903e-39 
2.5927664492e-20 
9.5440659820e-09 
-2.4353881518e+22 
1.2323042719e-26 
4.1595916091e-23 
6.6629926912e+10 
8.3418072450e-10 
3.2233109023e-24 
1.8673937111e-30 
-2.6058831255e+30 
6.1577825791e+22 
3.4359840000e+06 
6.2494343168e+10 
2.3410249090e-38 
-2.8911310892e-06 
1.1358083226e-02 
6.1377341242e-35 
1.0372848531e+17 
1.1590892039e-24 
-5.9653823264e-03 
1.0075742443e+22 
-1.3607420170e-27 
-1.1806168022e-11 
1.9669885128e-16 
-1.0907764275e-10 
-1.9322952933e-29 
-7.4516367476e-07 
-2.5650377158e-23 
-1.4957310116e+12 
-1.0708489488e+16 
-1.2473156279e-36 
-1.9411298433e+34 
-2.8322952309e-33 
1.4841433435e+31 
-5.7235361252e+16 
2.7486930657e+36 
-1.9954929209e+27 
2.1182842309e-18 
1.1424397695e+27 
7.7918482777e-10 
2.1471571992e+25 
-3.4349715226e-31 
2.4619649193e-32 
            nan 
1.7509294434e+03 
-1.2961930763e-30 
1.5190008791e+12 
3.6615485857e-19 
9.3588008013e-27 
-3.4485539840e+09 
1.8479489927e+24 
-4.4098563004e+23 
-3.0786458500e+32 
2.1660485428e-33 
2.0922522149e+29 
-2.8154205873e+15 
2.4176483974e-02 
-9.9700728243e-23 
1.0336339562e-09 
-6.4127115141e-23 
-1.6114704238e-07 
2.1910910547e-26 
-1.4544723759e-10 
-5.8361047195e-06 
-1.2343419715e+36 
-3.5309620139e+34 
-2.4797847486e-25 
-1.3789232885e-13 
7.1474108771e-35 
2.1452453673e-29 
-3.5565022395e-34 
-5.5103883738e-20 
-3.0353034155e+37 
4.9808525489e-19 
1.2702754477e+26 
-1.3383211568e-02 
2.6247656618e-28 
5.0648431249e-36 
-1.1504234746e-02 
-8.7244161024e+10 
-1.1896579044e-27 
-4.3141797794e-36 
1.3012498775e+35 
-4.2114509583e+01 
-1.1226564453e+04 
-5.4259771860e-14 
-1.5906933695e-02 
8.8612139638e-23 
-7.6769630576e+15 
-1.6707262743e-12 
-1.1941616099e-11 
4.1751143683e+36 
9.1105664363e+21 
2.7501808136e+30 
-2.4036088693e-29 
            nan 
-1.0141640625e+06 
-6.4003291613e+23 
-1.0608144019e+17 
-5.0644395536e-21 
-1.2823082105e+23 
-1.0440960800e+08 
3.6353239151e+21 
4.3948387274e+28 
-1.8689964394e+24 
-4.5167335534e-25 
1.2446363550e+27 
-7.2075803463e-35 
5.6470753407e-08 
7.7308416000e+07 
2.0835113525e+00 
-2.1400770045e-11 
-3.1304508448e-03 
4.9145683079e-08 
1.2626245637e+33 
2.2330464017e+27 
6.3649099715e+23 
3.0879336366e+13 
-5.9351691743e-04 
7.1471101347e-28 
-2.1379393906e-35 
1.6279722764e+20 
2.5619213417e-08 
7.7906707382e-26 
3.4733234221e+26 
4.9925671545e-36 
-9.6783614588e+32 
6.0462514765e+31 
-1.3294420871e+32 
-9.7944375456e-20 
2.3687515000e+06 
5.3045584147e+15 
-3.5888406110e+29 
1.4107724227e-29 
-1.1594017466e-22 
-5.0921933373e+13 
3.6011707952e-34 
-7.2194920890e-30 
-6.0648293867e+37 
-3.0831332777e-24 
2.9034139746e+30 
-2.9906736125e-23 
-2.0665135193e+02 
-1.0592623316e+14 
-5.1930185407e-02 
-2.5222136682e+21 
-8.1128405737e+24 
2.9793011134e-37 
1.2796800532e+14 
-1.4128929502e+16 
-1.0962935016e-16 
1.9337604719e+23 
7.6667796815e+18 
2.4952233256e-15 
-1.7097420787e+31 
-3.3294751400e-09 
-7.5036382860e-28 
5.6568824619e+30 
-1.2747236146e-33 
-6.7436154767e+34 
-8.2280030474e-03 
6.7401988612e+35 
2.7185220741e-09 
-4.4082365994e-30 
-6.8652172490e+28 
6.1421946099e+37 
-8.9787647490e-27 
-1.3711389961e+16 
-1.3358055614e-02 
2.1659669230e-13 
-5.3336395871e-20 
-7.4239827629e+28 
5.6173112279e+19 
-1.2986560512e+11 
1.0726894899e+15 
-8.3452779272e+36 
-8.8363006638e-35 
-2.6966927573e-02 
-5.6540167774e-38 
6.1089261427e-10 
-4.7725395072e-38 
1.1691948148e+38 
-3.6473852800e+08 
1.2499819783e-35 
8.4586548826e+26 
1.0692118935e-36 
1.9708997791e-21 
1.0203243211e-32 
3.0154575955e-27 
3.2106649449e-18 
-1.6690231336e+37 
-4.1112164272e-37 
1.9527672055e-14 
2.4259154321e+35 
-6.6610592224e-29 
-8.1878432617e+03 
-3.8915087698e+33 
1.0807531580e+24 
7.3920671212e+28 
6.7542460692e+22 
-1.2637631000e+07 
-6.6649111977e+26 
4.0118304768e+11 
1.8364318205e-19 
2.1969370260e-29 
1.5553414374e+22 
-2.0463060579e-08 
1.7127997776e-18 
8.8516090245e+29 
-9.3091312435e+11 
-3.8294877500e+06 
-1.6198669435e+13 
1.5319975472e+16 
-2.8859097958e+00 
-6.6989567330e-27 
7.9030840335e-26 
-1.1006211318e+21 
6.2737010079e+14 
-3.8532572441e+29 
1.4088295146e-13 
7.7097066496e+10 
2.3745642694e-32 
-3.1965177059e+00 
-6.6596688311e-17 
-8.3025254161e-32 
-2.1958463192e+00 
-2.3202227408e-24 
-7.3032869484e-16 
-6.1179096811e-03 
1.8659654400e+09 
-4.5803721600e+08 
2.8622896864e+16 
-5.3853115000e+06 
-1.1996376130e-29 
-1.2712327557e+22 
8.1626476609e+21 
-7.7129160338e+28 
3.6655746094e+04 
6.8057026681e-08 
6.1469615718e+11 
1.1857151318e+24 
1.3993023626e-30 
5.4959809149e-37 
6.5522787500e+05 
2.6484992689e-31 
-8.8170502255e-30 
8.5234008064e+10 
1.6333607881e-33 
-1.1580579861e-17 
-6.2498052964e+27 
1.0489545216e+29 
1.3383009355e-04 
1.6714665134e-13 
-4.2804483281e-38 
-6.8312445747e+12 
-3.9919778215e+14 
-5.5289746983e-14 
-3.3074087199e+12 
-3.2674216200e-03 
6.2505981250e+05 
-1.2328969510e-20 
4.7723735455e-17 
-1.5937204334e-10 
4.2414673356e-19 
-2.2585388137e-07 
5.9517026465e-18 
-1.5160933926e+25 
-7.0814895614e-11 
2.0427779803e+18 
-4.2159239982e-19 
-6.0473263961e+35 
1.5390700102e+00 
4.7742121733e+30 
7.2341557617e+03 
2.2133830324e-09 
9.8658836871e-29 
-1.0732889404e+03 
-9.8215482564e-34 
4.9165679229e-05 
3.3571615540e-12 
-8.0402807617e+03 
2.3603423526e-23 
3.0676536263e+21 
9.7564605945e+16 
-1.2890430155e-26 
2.2455570372e-28 
-5.8144221763e-27 
-1.4817589863e-11 
8.2498659474e-22 
-3.0877928812e+25 
-6.4225907612e+33 
-2.0105701904e+03 
8.4231714936e-06 
9.8385269185e-20 
1.2526680015e-21 
3.6567562951e+14 
2.0332829980e+24 
8.3587645269e-13 
-7.9067340800e+10 
-6.3572222673e+13 
-3.9266283520e+10 
1.2678297758e+00 
-2.3008728749e-27 
1.9673912282e+24 
1.2851054939e-29 
-9.7796193523e+35 
1.9725555376e-06 
5.6885774247e-03 
1.4949027737e+16 
6.3372731423e-35 
-9.4362288816e-11 
-2.0069626626e-03 
2.7269703861e-33 
9.4390710526e-11 
1.5667511114e+37 
1.0204128124e-12 
-1.8844800801e-26 
-6.6016628257e+30 
1.8523581280e-10 
5.4618079538e-38 
-2.2533102500e-13 
-6.0376632386e+26 
3.5514246094e+04 
-9.1113964700e+13 
-3.3393584884e+31 
4.3258960359e-03 
8.6187239925e-32 
1.0724467507e+11 
7.1747986802e-19 
1.2743304478e+27 
-6.6512814074e+19 
2.8394927943e-14 
6.6131250470e-34 
9.1951685155e-10 
-2.7756696054e+20 
-1.5733387549e-19 
-9.8766152615e-17 
2.3313997686e-01 
3.4565556027e-34 
6.5752129479e-22 
-2.5157245119e-25 
-1.5000869129e+38 
7.3275406245e+17 
-2.8670952573e+38 
3.4435864385e-30 
-1.4534451904e+03 
2.8630123047e+04 
-2.6814906248e-23 
1.7572978688e+11 
-1.2137811523e+04 
3.7047613522e+12 
1.8873101494e-25 
3.9004666805e+00 
4.8758397906e-35 
1.8945270394e+16 
1.8822370231e+19 
9.1531043855e-10 
1.7235010381e-37 
-4.0155791955e+24 
4.3290896429e-05 
7.7062722727e-21 
-1.3634002380e+26 
-2.6225807531e+25 
-4.3812882879e-38 
8.6096764530e-27 
5.6486223402e-24 
-8.2021376176e+28 
6.1282838715e-07 
-7.1069403667e+16 
-1.2277576904e+03 
-1.7078638614e+30 
1.1211979829e-21 
-7.7705558777e+01 
-5.0176974859e+33 
6.8905132473e-19 
6.7518499470e+29 
3.0720400626e+34 
-2.8603589580e-24 
1.9241102934e+00 
3.2475445121e-24 
-6.0003105464e-33 
3.1811167250e-15 
-4.9130788843e+26 
2.3454871378e-09 
-1.0400573030e+12 
2.5960012691e+19 
-1.1870621890e-01 
1.2107764343e+22 
2.6252668532e+29 
1.9488329829e-28 
2.3274918775e+25 
-4.4964487800e-29 
1.5675561329e+36 
-2.1446143364e-05 
9.8160132800e-11 
1.0794472871e-07 
-3.4327883776e+10 
-2.6683984930e+30 
1.0245699584e+10 
2.0955723328e-18 
1.8101039923e+11 
-1.4001107073e+37 
-8.6754770035e-10 
1.3247646580e-17 
2.4925633092e-25 
2.0045373361e-08 
-5.5978335381e+29 
-2.6578767751e-32 
-3.4679649980e-04 
-5.7151746624e+22 
-9.4297275341e+14 
-1.3191310544e-10 
-7.7825045700e+37 
3.4996302731e-12 
9.4552212954e-01 
9.6425839520e+30 
-1.4893413782e+00 
-3.2501045029e-18 
7.2173385490e-08 
-5.0326569180e-05 
1.5113713508e-23 
3.3618762071e-13 
-5.8686829002e+24 
-9.9584386793e+14 
-3.0567788153e-24 
-1.0551860134e+13 
-5.2542494720e+09 
1.7827246398e-30 
5.1419941883e-05 
-1.2674023804e+18 
-7.2631344199e-02 
2.8218993750e+05 
2.3845543199e+20 
-1.1589794402e-10 
-2.3092192047e-10 
2.1811335077e+24 
2.0288615014e-24 
2.6638557690e-39 
-4.1217858120e-12 
-2.5749932982e-23 
-1.4900197901e-34 
-2.1592365567e+34 
-7.5090534647e-14 
2.0233973541e-20 
4.9905853627e-18 
7.7312339272e-05 
8.9090821120e-07 
-2.4466398959e-12 
1.1494238722e+17 
-7.1132623917e+34 
2.6266373047e+04 
-8.9941830404e+35 
-1.7238582005e+19 
-2.9148414238e-10 
2.2816873047e+04 
4.2092468777e+23 
-5.1467790330e+15 
-1.8635715548e-22 
2.5386174613e+15 
2.5465837350e-37 
1.2493848932e+22 
9.1193496369e+28 
-3.6610071318e+37 
1.1160656498e-34 
2.7911517500e+06 
-2.0467467793e+23 
-7.4639612826e-24 
8.8885249345e+30 
7.8827137008e+13 
2.4941042565e-09 
-6.3985037625e+27 
-4.9059804198e-16 
7.9128579955e-07 
-3.9410390507e-09 
9.0758142025e-37 
1.0901209406e-12 
1.9986815320e-25 
1.5337719687e-28 
-2.8738854453e-02 
-4.7913370853e-38 
6.2713205518e-27 
-8.3326915046e-04 
2.2016481248e+16 
2.4833558127e-02 
4.1472722660e-04 
-2.3032412368e-17 
2.3546689536e+10 
-2.4163721502e-01 
-2.0606685703e-24 
1.1230134118e+29 
8.6551345627e-27 
1.4482597211e-26 
2.4036215726e-11 
2.6510615268e-29 
-1.9829184395e-24 
3.8187738508e-02 
-1.0117799393e+31 
7.4381612653e+15 
6.8200675964e+01 
2.3048473919e+38 
-4.7748738327e-21 
-2.5085424848e-09 
1.9052747655e+16 
4.8738627189e+20 
-1.8526150666e-12 
-5.3012826237e+34 
2.0874069451e-30 
-4.2032892000e+07 
-1.0481421307e+37 
-8.2525494145e-26 
9.4089347424e-10 
-1.0835686523e+04 
3.3523225862e-10 
4.6822017670e+01 
-5.2568432617e+03 
-8.2042837143e+00 
-5.2758268000e+07 
1.6780637741e+01 
-6.7145230377e-29 
-7.2761951390e+21 
-1.2753195421e+32 
-7.6287368997e+27 
2.7776599020e+34 
-2.4951948840e-10 
4.1627084796e+30 
-6.3630521139e+11 
-1.1964537913e-30 
-3.7459841309e+03 
7.6028222793e-06 
2.2047532077e-31 
-4.3044705779e+28 
9.2335389805e-16 
7.5537182617e+03 
2.5754349309e+29 
3.6710270890e+17 
7.1016468262e-09 
6.8764975625e-37 
-1.9374650880e+09 
-9.7518227913e+29 
-3.9146285699e+26 
-8.6618311336e-32 
7.9152226861e+29 
5.8577110074e+25 
-1.8126147751e+31 
3.0728841996e-24 
9.4879779499e-04 
1.1849510991e+33 
1.4314185547e+04 
-2.8782333247e-03 
1.2134339733e+25 
1.4023155397e+23 
-5.6615752086e-09 
-2.3485391202e+15 
-1.6743614597e-17 
2.1979213867e+03 
-1.1273725033e+00 
2.3711786987e-32 
-5.0133000134e+33 
2.1287575127e+27 
-6.8015940081e+25 
2.5305943048e+34 
1.2095352149e+32 
3.2632048647e-13 
6.7799507994e+35 
4.1663163888e+27 
-2.8290395176e-27 
-3.4017793027e-09 
-1.4100134672e-31 
1.6033113686e+32 
-3.1198117188e+04 
9.4594035823e+20 
-3.7903587227e+30 
2.6936762880e+09 
8.0599798433e+23 
1.2792883287e+16 
3.2718115233e+37 
-3.5866535526e+11 
-7.6416723969e-14 
4.6927999286e-18 
-2.9559230564e-27 
-1.8042652522e+17 
-3.5132746426e+26 
-9.6050101848e-32 
-1.8467130127e-33 
8.4005983791e-33 
1.4353683173e-11 
-4.0139460230e-38 
-1.5368700800e+08 
-1.2932776276e+38 
2.5826439368e-27 
3.6351645435e-13 
-1.2076634336e+22 
-1.3738619617e-11 
-6.0731939455e+33 
2.8515319931e+34 
4.0251117464e+32 
-7.6281415031e-37 
6.7597116793e-10 
-2.0521018389e+18 
8.6537364405e-04 
-1.1592812986e+14 
8.1800602151e-18 
6.2836163371e-31 
-6.7833508290e-25 
-8.6309116314e+11 
3.1652979347e-17 
5.0010110395e+29 
8.7373468667e-24 
2.9599195151e-24 
-3.5312938809e+35 
1.5128940821e+21 
6.1625450232e+21 
-1.0163300835e-27 
1.0735758750e+06 
1.8639769349e-19 
9.7542104721e+00 
1.3699308899e+35 
-1.2224161938e+33 
1.7956128775e+38 
4.1278376579e+00 
4.8455998302e-01 
-1.0408158001e-29 
4.7210286895e-12 
3.0079580160e+10 
-7.3583643374e+32 
3.3099819306e+27 
-3.0100153809e+03 
6.4705527178e-13 
-3.1570677263e+24 
7.2240924383e-15 
1.0163196566e-04 
1.8578123047e+04 
-8.1160393750e+05 
-2.1642179875e+24 
-1.2289910810e+27 
5.2061322021e+02 
9.3243801569e-10 
-3.7669027392e+34 
-6.7842870202e+37 
1.9519651413e+01 
2.5062115068e-17 
-1.3312064460e-19 
-1.9293382536e-07 
3.4511484781e-09 
-3.2969095819e+29 
4.0877198444e-06 
2.1258677649e+31 
-4.6574568243e-29 
2.1706884710e+11 
2.2212674618e+00 
2.7888148218e+16 
1.0095143333e+18 
-5.1270953992e+14 
-2.8748296112e-15 
-3.0164603959e-04 
-1.4198703324e-09 
-3.1279895411e+28 
-1.5790794406e-29 
4.5348658380e-17 
-6.7151129600e+09 
-7.4782526997e-27 
-3.0410628948e-39 
1.3269861600e+08 
-1.4800481228e-29 
-7.3365806763e-09 
1.6785099200e+08 
1.3375343888e-10 
1.3881107118e-15 
-1.4850346568e+16 
-2.0387231416e-05 
5.8313826857e-27 
-2.2696468115e+18 
4.9166173331e+37 
7.3015733502e-21 
1.8229043533e-30 
5.2880146532e+31 
-4.1095835000e+06 
5.7037907558e+11 
7.9606552734e+03 
-1.9049362163e-04 
-8.0576825047e+29 
8.7290233635e-13 
-5.6562654674e-02 
5.1342154615e+20 
1.5886544487e+32 
9.5694355222e-28 
-2.9633258938e+19 
3.1357153929e-24 
9.1035991723e+25 
2.2380955000e+06 
1.3479720422e-27 
-6.5074230000e+06 
-3.5991076969e+28 
-1.0967329955e-22 
-1.6170212626e-01 
9.0348166850e-06 
4.7630593750e+05 
-4.4598249793e-32 
-1.5182493612e+18 
1.2676178995e-29 
-5.0121514050e-07 
1.4355868916e-04 
-2.2282151281e-17 
1.8543375522e+38 
-3.6520000036e+31 
-1.7904726180e+12 
1.2946142399e+31 
-5.8191763210e+12 
-1.8489176085e+33 
4.6124332028e-34 
-4.0094606578e-02 
3.6115677184e+11 
3.3302900736e+10 
5.7063333550e+32 
-4.0763067314e+17 
7.8869525456e-31 
6.2943587569e-26 
-1.6610101329e+34 
8.2995096564e+26 
2.5437005824e+10 
1.5036945300e-10 
-1.5356778850e+19 
1.2238338470e+01 
7.5286542969e+03 
2.0318342428e+37 
-5.9164801379e-17 
6.8990101992e-31 
1.2281047525e+17 
-7.1455401574e+11 
2.1010704384e+10 
-4.1602559139e+25 
1.5429295933e-24 
-4.9732053678e+29 
3.1171206017e+21 
-2.5814105680e-21 
7.7122585077e-20 
8.0936709384e-30 
-1.2223076412e+26 
-3.5925595000e+06 
-1.0527554537e+25 
-6.5192855835e+01 
-3.2358682067e+13 
-4.2374261966e-07 
6.4100961086e+34 
1.0964410284e-36 
-3.6316704010e+37 
-7.6771617891e-25 
-3.4779981731e-15 
3.1338573166e-28 
8.9148387500e+05 
-1.9582440853e+00 
3.2207406086e-16 
7.1833627503e+31 
-1.7708320224e-30 
-2.0757999616e+10 
-2.2281617404e+35 
-1.0249643313e+23 
-6.1254608827e+16 
-2.8278875000e+06 
-7.6558844633e+31 
-7.8406208717e+11 
1.7082106934e+03 
2.7866090630e+26 
7.2696697316e-05 
1.4640299417e+22 
-9.4314933391e+28 
-8.4085069094e-14 
2.5862705472e+20 
-1.2021839360e+09 
-1.2893856886e+29 
-3.1549243431e-05 
1.6669118000e+07 
6.0587286423e-24 
-7.1316640275e+28 
1.1808019429e-29 
-2.3567465113e+24 
2.8548223754e-16 
-3.2233442070e-26 
-3.6347640000e+07 
1.6684085028e-22 
8.4276790062e-19 
-6.5224742188e+04 
-5.1104342937e-01 
-2.6137559957e-20 
-1.0498732124e-37 
-2.3742410767e+20 
-1.1292086218e-38 
2.6344159062e-31 
-1.7605367983e+34 
4.9518328755e-14 
-5.9678549097e-15 
-3.0239117804e+13 
-4.1437160026e+18 
-8.8265152412e+25 
-3.1124961549e-12 
-7.1365932617e+03 
5.7376377072e-07 
-5.4523865753e+34 
-1.1266446805e-19 
1.1215178826e+14 
-1.0595389843e-10 
-4.3150996365e-39 
1.0958879361e-23 
-1.3748138483e-23 
-3.8496537398e+20 
-1.4385061570e-27 
2.7256028890e+15 
1.5854526000e+07 
1.0132948438e+05 
-3.1189068800e+09 
4.1140179042e-33 
3.6461507096e-29 
-7.0049697921e+21 
2.2718696875e+05 
-9.2787689375e+27 
3.5012552726e+20 
8.8144781555e+32 
1.5121998705e-12 
-1.7289389021e-34 
-6.8438411820e+35 
1.3686329251e-29 
-3.1259198852e-26 
-3.4853635254e-33 
3.2689177754e-11 
2.0084369621e+37 
1.1250948438e+05 
-8.0762559778e-33 
1.9398950245e+28 
3.3514754614e-04 
3.9760085334e-19 
-4.0533093148e-34 
3.1913747530e-35 
3.2663859863e-35 
2.6725923696e-09 
1.2606939463e-31 
6.7389933532e+17 
-2.8518076986e-02 
-1.8569135338e+24 
-8.4396106451e-25 
-4.8726789653e-02 
-2.1578484692e+18 
6.3328801580e-29 
2.1732418335e-33 
-1.7492784640e+09 
2.4746333591e-36 
-5.7245825533e+35 
6.4168257883e+36 
7.0533260703e-02 
-4.2494944725e-26 
4.5192952000e+07 
1.9128245020e+18 
-3.7861893188e+32 
1.7235096875e+05 
6.6962575912e+00 
7.4680851492e-16 
9.0447549265e-38 
-1.4924435547e+04 
-1.6431221717e+35 
-1.7128107003e-37 
-2.5550002496e-23 
9.1372387500e+05 
3.5516234787e-34 
1.6019666757e+25 
7.7748646276e+27 
-2.4770428599e+25 
-8.3529599161e+30 
-8.4480928724e-17 
-4.2754126027e-31 
-2.3701012135e+00 
2.2660325684e-16 
-6.2730330440e+12 
-1.7073485212e+37 
1.1508536323e+30 
-2.4300345467e-38 
-4.7729106882e-05 
-1.1666493162e+33 
-6.9924389796e-37 
3.8876446506e-10 
2.7468447450e+28 
7.9716142254e-29 
5.6413001333e-24 
1.1719956169e-20 
4.1243585129e-29 
2.0745771741e-24 
2.0706899737e-12 
-3.8394531998e-08 
4.5448042442e-26 
-4.0434400894e+30 
5.9082234512e+36 
-4.6302181924e-13 
            nan 
3.5777664727e+29 
1.3528225417e-17 
2.6015773926e+03 
-5.4978607563e+28 
1.2597504155e-28 
1.9364474000e+07 
-2.3328543212e+12 
-6.7536309814e+02 
5.1222529353e-20 
5.2510156704e-38 
3.2071680111e+32 
-1.2165559878e+13 
-7.5587825274e+23 
1.3345830400e+09 
1.8232930450e-28 
-4.6385492865e+20 
-2.9192441856e+20 
4.0672487020e-01 
-2.3563095927e-01 
-5.0463995649e-06 
1.5857025981e-01 
-3.9788242188e+04 
1.3364500064e+19 
2.0350213958e-07 
1.1332107242e-03 
8.2345845285e+18 
3.8293242188e+04 
2.3494054518e-30 
1.1519435735e+13 
-2.2842408554e+30 
-5.9440712844e+25 
5.7899474944e+10 
1.4342029126e+29 
5.6691003418e+02 
-5.6192091333e+24 
6.7112524758e-17 
3.3461570512e+16 
-2.5826576416e-37 
4.7449928755e+35 
5.4857061944e-25 
1.0860942712e-04 
-7.5361570438e-24 
-8.8404273577e+22 
3.3332193750e+05 
6.1619937420e-01 
6.5827663128e-16 
-1.1239990999e-04 
2.7943915655e-30 
6.9846176147e+01 
1.6716981790e-23 
2.2605553994e+31 
-1.8303612000e+07 
2.5513643026e-01 
-1.0330024302e-30 
3.4909692823e+28 
1.4849598000e+07 
-1.4292496875e+05 
1.1627135740e-22 
-1.2323310547e+04 
3.4337690324e-25 
8.5648195584e+10 
2.0927488472e+36 
-3.3234804067e-29 
            nan 
1.5430371761e+00 
-8.7434871890e+15 
1.2844053268e+01 
-7.1094045639e+00 
-6.5891512691e-08 
2.6003554016e+14 
-3.5820189778e+12 
-2.1028608899e-04 
-4.1597582401e+21 
-8.6358281991e-22 
-1.2798398562e+15 
-5.7120302734e+03 
3.1425082609e-19 
-4.9673818344e-30 
-3.3560526580e-10 
1.7836179777e-23 
7.7216802737e+28 
5.7502232721e+19 
-5.4651536253e-27 
-2.1480354360e-18 
-1.6867536786e-36 
-3.3619570688e+10 
-3.4691677396e+26 
6.5321987500e+05 
-4.9219510412e-11 
-9.1417599597e-25 
4.5924583579e-32 
-6.6022085570e+34 
-7.7618473051e+18 
-2.2209641337e-01 
-1.0346625601e+35 
4.9126902963e+14 
-5.9512663894e-12 
-9.6025396488e-05 
-4.7847955775e+27 
-4.6803443712e+10 
1.4262070438e+18 
-8.3119855966e-18 
7.0579340862e-19 
3.5942143023e-33 
-1.9828860000e+07 
4.0439175737e+23 
3.8035354919e-06 
3.3503648744e-09 
2.5195475380e+15 
-6.4125051498e+00 
1.0762888447e-23 
5.9114352607e+32 
4.3400479292e-17 
2.5653014528e+10 
2.8775311994e-11 
-4.2832182762e-26 
-1.9258398660e+31 
-1.0460571181e+26 
6.6504559140e+24 
-8.9345445558e-17 
1.2305589060e+36 
3.1044259293e-27 
8.3513725449e-12 
-5.1649763397e+14 
1.0334278920e+24 
-2.4942117743e-38 
8.6719264000e+08 
3.5508974795e+37 
-4.1304254651e-22 
7.1504949587e+31 
-1.2966675971e-14 
-3.5389690311e-04 
-1.2039045510e-15 
-1.4241100785e+35 
4.5616155232e-21 
-4.9619644643e-28 
-2.8770135880e+01 
-3.0990897782e-12 
3.9629026898e+18 
-3.2943222802e-12 
9.8189906736e+32 
2.5673271484e+03 
-4.9309417195e+33 
1.5843494927e+36 
7.4003261686e+12 
-1.1981165771e+03 
-1.6560440117e+30 
-8.8158014503e-24 
5.6945786155e-23 
3.6181310277e+18 
1.7546712112e+38 
1.8438508546e-27 
-1.0445275644e+38 
-2.1224116516e+02 
-4.4341425000e+06 
2.1897198399e-32 
-2.7223208157e+22 
1.3208869493e+26 
-3.8402241904e-24 
3.6442887397e+34 
3.0068032470e+35 
-9.9480801821e-01 
2.9232022010e+16 
-6.5730320801e-35 
-3.2719347739e-22 
-2.6212242101e+17 
1.5075528102e+28 
-4.1069374825e+29 
6.3109432437e+37 
-1.7505010127e+31 
-7.4105023740e-20 
7.1632751990e-38 
-5.1408548049e+35 
-1.3225851450e+24 
4.3174562846e+21 
4.3250213945e-28 
-2.4913788000e+07 
5.9918562407e-22 
3.2111889501e-22 
3.7518072000e+07 
-1.0155744000e+09 
7.3312267661e-02 
-4.3443603200e+08 
-4.7263087538e+23 
-3.4096422924e+31 
1.2382149635e-06 
5.9935614596e-17 
-1.2409314730e+19 
-1.4465265528e+32 
5.7470712000e+07 
-2.5561905972e-14 
-2.6114717002e-06 
4.9701694409e+15 
1.0619236824e-27 
-1.3581376340e+32 
1.1468511927e+23 
-4.9964801017e-24 
-7.6252927819e+25 
-2.7553315894e-18 
9.0764447739e-20 
-2.7395318331e+17 
3.2394290924e-28 
-5.4463892986e-37 
6.0487884800e+10 
1.5483048449e+30 
-5.0170046961e-06 
4.1815690323e+20 
-3.7803830614e-30 
-1.1879331168e-38 
1.0698818563e-17 
4.3012006615e-37 
4.5656376130e+23 
-7.6622354311e-37 
-2.1739291598e-30 
2.3826808444e-35 
-7.2503754274e-38 
9.7473484375e+04 
-2.1617018659e-17 
-3.8097404480e+01 
-3.4887149872e-36 
7.2134542541e+22 
-8.5986839101e+13 
-1.5799748932e+31 
4.3066960781e+30 
-6.5982306451e+26 
5.7508185369e+31 
-1.3683640282e-04 
3.1353759334e+12 
1.3881337025e-34 
4.0185850880e+09 
5.5257111192e+26 
-5.8240644634e-02 
2.6175001739e+24 
-1.7809480352e+13 
3.7497089943e-04 
4.8185661440e+09 
-4.8021501267e+26 
2.1217148789e+38 
3.2781432352e+38 
-4.8844699625e-32 
-6.6476899076e+17 
-9.5703198067e+30 
7.1323863384e-18 
-1.6106160211e-39 
-4.6507589519e-02 
-4.8522710127e+22 
2.3390497081e-03 
8.8874967736e+35 
1.8843757500e+06 
-9.8618949084e-24 
-2.1121716418e-34 
-2.0520338494e+38 
1.3166140000e+07 
7.6342748659e+32 
-1.8327991904e+28 
