2.3509887016e-38 
0.0000000000e+00 
0.0000000000e+00 
0.0000000000e+00 
0.0000000000e+00 
0.0000000000e+00 
0.0000000000e+00 
3.5873240687e-43 
0.0000000000e+00 
0.0000000000e+00 
0.0000000000e+00 
0.0000000000e+00 
0.0000000000e+00 
0.0000000000e+00 
0.0000000000e+00 
0.0000000000e+00 
0.0000000000e+00 
0.0000000000e+00 
0.0000000000e+00 
0.0000000000e+00 
0.0000000000e+00 
0.0000000000e+00 
0.0000000000e+00 
0.0000000000e+00 
0.0000000000e+00 
0.0000000000e+00 
0.0000000000e+00 
0.0000000000e+00 
-4.4236203410e-34 
7.1746481373e-42 
0.0000000000e+00 
0.0000000000e+00 
0.0000000000e+00 
0.0000000000e+00 
0.0000000000e+00 
0.0000000000e+00 
0.0000000000e+00 
0.0000000000e+00 
0.0000000000e+00 
0.0000000000e+00 
0.0000000000e+00 
0.0000000000e+00 
0.0000000000e+00 
0.0000000000e+00 
0.0000000000e+00 
0.0000000000e+00 
0.0000000000e+00 
0.0000000000e+00 
0.0000000000e+00 
0.0000000000e+00 
0.0000000000e+00 
0.0000000000e+00 
0.0000000000e+00 
0.0000000000e+00 
0.0000000000e+00 
0.0000000000e+00 
0.0000000000e+00 
0.0000000000e+00 
0.0000000000e+00 
0.0000000000e+00 
8.6611615232e-13 
-8.2797478171e-06 
-1.3057248878e+27 
9.4944256971e+33 
-4.4894404785e+27 
-9.5429364592e-05 
9.3361278284e+33 
-2.6964345708e+31 
1.3427193385e-13 
-1.2587542512e+13 
-9.2729531607e-21 
2.8377251840e+09 
-2.8409857344e+32 
9.0993046761e-03 
2.3830071784e-22 
4.5742305547e-34 
-3.5700932714e+22 
-9.5250609407e-26 
-1.2870253325e+00 
2.7929879761e+02 
4.2390014301e-31 
2.6056407019e-02 
2.9661741257e+01 
-1.0117802701e-36 
-2.6482592844e-33 
8.2176118127e-27 
-2.6450339901e+19 
-1.4099393707e-20 
2.4075566400e+08 
2.1398506114e-21 
2.0145899368e-27 
-1.0740300186e+11 
7.7680520985e-19 
-6.1336844029e+14 
-2.5064640761e+38 
-3.3648962011e-34 
-2.3112602719e+29 
5.0601948193e-24 
-2.5832603120e-37 
2.4503107191e+14 
8.9224989223e-38 
            nan 
8.7245818577e-05 
7.0098971523e+20 
1.9457741680e-21 
2.6313385248e-08 
8.1792545634e+31 
-4.2348257272e-25 
4.5453176201e-26 
-5.0391240620e-06 
-1.2760010403e+26 
-2.2590760067e+30 
            nan 
7.0063280735e+15 
-3.4851327378e+20 
4.9039604447e-17 
2.6738636521e-35 
-1.8069070301e+33 
-3.2402433188e+15 
4.0284857146e+14 
5.7299056789e-04 
7.8487479738e-22 
-9.1885628387e+16 
9.5601297712e-11 
-2.9962401792e+10 
-9.4399961613e-23 
6.2579035759e+00 
-2.3842070983e-37 
3.7670048236e+12 
1.5942177972e+20 
1.0054297719e+38 
-2.1925653567e-12 
4.8606937467e+27 
-3.1627899639e+25 
-8.9458595840e+09 
3.4573328387e-29 
5.4798040908e+25 
-3.4104361104e+27 
2.0953265484e-03 
-1.2898874917e-33 
1.1835728629e+21 
8.0439645764e-27 
3.8957645433e-27 
-3.1225463187e-11 
-1.1028956242e-23 
-5.6415671636e+24 
6.5792540895e+21 
1.5626483154e+03 
1.1128053071e-27 
1.9974145966e+13 
-6.2090488639e-34 
4.0494135973e-28 
-3.4839828191e-30 
6.7684324981e+23 
1.5926492160e+10 
-3.2410753612e-19 
2.3499714194e-29 
1.9693911002e-18 
1.6637984114e+20 
1.7586696854e+38 
-8.6119025759e+33 
-1.5214748760e-29 
-1.1492430232e-02 
4.0489991079e-04 
-2.6506871463e-21 
-3.3205830618e-07 
-6.0268490193e+26 
1.2010175000e+07 
4.2460237927e-26 
1.7170154444e+25 
-4.2457082483e-26 
-2.6808917308e-09 
4.4980509660e-13 
6.9668238356e-35 
-1.2890755199e-02 
1.3914156772e+26 
1.5951460524e+22 
-3.1506027086e+34 
9.2512630000e+06 
-3.7497214039e+18 
-4.1942869606e+12 
-1.6223457514e-14 
-2.2358690134e-31 
-2.8962608000e+08 
-1.5374154752e+10 
-2.4284507333e+35 
9.9004694111e+33 
-2.2555785216e+10 
3.9713350028e-23 
-5.4785573209e+35 
-2.5624049168e-27 
-3.0459026024e+23 
1.4258823068e+31 
1.3986281931e-30 
-7.1041348122e+34 
-8.8888402110e-20 
4.4794260170e-34 
-3.5032795000e+06 
-6.5944793173e+19 
1.9852392190e-25 
2.3389851668e+14 
1.1692685547e+04 
-1.5100695647e+35 
1.2549359798e+00 
-3.2036639136e+24 
1.1228496526e-33 
2.1485383618e-18 
-2.4330075000e+06 
7.1445796834e-08 
5.8684253837e-22 
-2.9895763745e+26 
5.9458451820e-15 
1.5595661201e-18 
1.1970107705e+37 
-1.4794046490e+29 
-3.5200701689e-25 
-8.3640693555e+11 
-3.0880122000e+07 
2.8389966508e-32 
2.3431785094e-17 
-1.0090433594e+04 
-7.6188174022e-34 
-2.2165733509e+16 
4.6997091461e-22 
-5.9238074937e-25 
9.3702823143e-23 
-9.2748182979e+13 
3.1723331237e-29 
1.4823176743e-20 
3.6876315000e+06 
-1.2531962576e+33 
2.1720640575e-07 
-9.3442540552e+22 
1.0781928220e+26 
-3.8238674944e+10 
4.1878166199e+01 
6.3407780271e-21 
-1.7922446665e+36 
-5.2098278359e+12 
2.1655668570e-19 
4.9825302734e+03 
-2.2499934857e-05 
1.4103038941e-13 
1.0188042409e-15 
1.1648024859e-17 
-3.8011910002e+30 
-1.2451459891e+12 
-3.0705147902e-20 
1.4463184816e-10 
-3.5163724422e+00 
-3.6049958323e+16 
-1.6729577276e-15 
-1.4008116722e+01 
6.9444837920e-16 
1.1940276679e+14 
-1.1863703045e+34 
-1.5950807608e-07 
-3.5641761798e-20 
6.2008520649e+28 
-3.8640808930e+32 
-2.7791287587e-30 
-7.4375112427e-19 
-1.1726589850e-32 
3.4422541028e+35 
-2.7831039515e-31 
2.0617816343e-09 
1.1090458918e-27 
-1.7185578522e-14 
-1.4379762374e-27 
8.8436544329e-13 
1.8253715866e+11 
-2.1293614487e+35 
3.4245169256e+17 
3.0712793420e-12 
-9.3382768923e+32 
1.2803328000e+08 
-5.4675689592e+16 
1.9141744572e+30 
4.6628448382e+37 
1.0295998082e+29 
-1.9720473276e+38 
-3.0297926082e-34 
7.8790800000e+05 
-1.0912162907e-07 
-4.4109612960e-20 
3.8864213035e-31 
9.8350003331e+31 
1.4672275984e-30 
-5.0485947375e+29 
3.1476967803e+24 
6.9403530114e-33 
-3.4117387482e-19 
-7.3536067009e+00 
5.2432711236e-03 
8.7572235682e+14 
4.4735405789e-23 
-1.0527496692e-26 
-2.0071552747e+21 
-2.0601281411e-31 
1.6891001639e-17 
-1.8211568032e+31 
-1.5265777792e-34 
-2.3431658745e-02 
-2.8772078599e+32 
1.6651109202e-15 
7.1799594807e-16 
-8.8923729243e-28 
6.0189825210e+35 
2.7856745279e+22 
-3.4717261379e-36 
2.6552058952e+24 
1.9573925730e+27 
1.2812122334e+32 
1.1449518750e+06 
5.8270299846e-18 
2.0252981963e-13 
-3.1672917012e-28 
3.7147727972e-31 
-8.7288572104e-07 
3.2721053726e+16 
5.7644775391e+01 
2.6333841983e-30 
1.1626605121e-21 
1.9621759459e-28 
1.3743931190e+35 
2.3474246028e-32 
4.5253974454e+16 
-6.5775397657e-32 
-5.2720079313e+14 
5.2152250000e+04 
4.8262880603e+25 
-3.0298639607e-31 
-6.2938932038e-20 
-4.9216999189e+17 
-9.7371943001e-17 
7.8361226652e-23 
-1.1986347024e-25 
1.3215117889e-10 
-2.5071058781e+33 
-2.4046551151e-26 
-2.4492656250e+03 
-4.3625021440e+09 
-1.7900202787e+25 
1.0491743361e-29 
-2.6041077484e+19 
1.6328714143e+19 
4.8223730177e-02 
1.2649962425e+01 
-1.9833055201e+30 
3.7518220708e-24 
2.0697418117e-13 
4.8493633846e+29 
4.8219052734e+03 
-7.7635986724e+22 
8.5146117405e+22 
-5.7539749390e-27 
9.8612806116e-39 
5.8302471161e+01 
-4.4213794673e+19 
-2.0656984781e+15 
1.3700648892e-36 
5.6858052133e+14 
-7.8599256244e+23 
-1.9591354909e+13 
3.0767492146e+16 
7.1343776221e-39 
-1.2178172801e+29 
-1.1124534067e-03 
            nan 
7.3319759153e-09 
-7.5264941288e-23 
-6.6184033664e-24 
4.5536909875e-20 
-8.4746582363e-22 
-3.9949893317e+15 
2.1970312048e-18 
5.5364472013e+12 
-6.2185994800e-33 
-2.0605883706e-30 
-2.7190295514e-03 
-1.3106821477e-01 
            nan 
7.2486366909e-10 
-2.7089705449e+25 
1.4100230144e-33 
-6.7804066214e-27 
-8.6445688498e+21 
-4.7467496918e-21 
1.4620724119e-34 
-6.7380416313e+24 
-5.7036170800e-30 
9.5723469648e+24 
4.6039823155e+11 
1.9381221376e+10 
-1.1748138282e+37 
1.6000154624e+10 
-9.5919796416e-25 
1.4797656032e+21 
-5.0756695882e-23 
1.4991376708e+37 
4.6572847407e-33 
-4.0649743105e-17 
1.0917420654e+03 
4.9173561802e-30 
-2.5550319194e-08 
-8.6694895228e+24 
-1.9769187892e-29 
2.5189205299e-31 
-4.2498144923e-29 
-4.0044187424e+25 
-4.3904719353e+00 
2.3183197500e+06 
-7.1645472820e+28 
-2.4444798000e+07 
-4.7206196875e+05 
-1.7612658338e+38 
-4.3179792279e-22 
-8.0772795000e+06 
-1.2672341351e-21 
2.1556904497e-19 
1.5103898438e+05 
-5.2846586880e+09 
-1.4670418612e+20 
2.2386174400e+08 
-1.9633545162e-34 
-1.7941744355e-17 
-3.4247956890e+11 
9.1572271945e+31 
-9.5205244849e+14 
3.0199350808e+30 
-1.6205286663e-38 
3.9971555557e+36 
-3.0100051683e-13 
4.4191669202e+31 
4.5346611882e-11 
6.3107173920e+01 
5.8076716082e-23 
            nan 
6.4359746094e+04 
2.9162922700e+38 
-8.6055043300e-12 
-1.6988398750e+06 
-5.0708349059e-14 
-4.1734733477e-19 
1.4742436523e+04 
-8.7407700497e-23 
-2.8702528392e+18 
6.0241746094e+04 
-2.3258974830e+28 
2.1174022082e-17 
-1.7062638750e+06 
3.6390284849e+34 
2.4593985515e-08 
7.6029725675e+24 
1.1396251264e-15 
-6.5612785339e+01 
2.0121385193e+02 
3.3129528716e-14 
7.8959655027e-29 
5.2805167985e+33 
-2.0810141508e+32 
-2.2997986368e-14 
-1.1741638245e+36 
1.9931257963e+00 
5.1106955332e+27 
-5.9841193750e+05 
3.8325187309e-15 
1.1201514063e+34 
-5.9339281172e-02 
-2.1632034165e+24 
9.9705782388e+35 
-2.6967862591e-22 
-2.8414871094e+04 
-3.2920251438e+29 
-4.5826270556e-10 
-1.7991479591e+13 
-3.3568803765e-31 
1.4571080838e+25 
5.0045921310e-26 
-2.8830485488e+25 
-3.4845650116e+34 
5.7053902642e+14 
3.2472371094e+04 
5.5337131023e-01 
-1.0686025361e-13 
-5.9223786506e+32 
1.0906553922e-36 
-2.4734201999e-31 
6.9180296978e-31 
1.0794582913e+15 
-3.4565451196e+28 
-5.5375427672e+36 
-5.8122031198e-27 
-3.0440412348e+17 
-9.6417289153e+36 
-1.6263320551e-11 
9.5157178078e+27 
-7.9882958972e-13 
2.5447471827e+20 
-1.5939879354e+35 
1.0472668548e-26 
-1.3221424800e+08 
-2.0015277493e-32 
2.1400749207e+01 
1.1687146910e-11 
1.1386135334e+32 
-4.9869724485e+37 
6.6095096412e+19 
1.7735607900e-23 
2.2524352372e-01 
4.8428403123e+33 
-7.4307022457e+36 
1.1732487267e+22 
6.6494342859e+35 
-6.6754529982e-24 
5.4246113406e+15 
6.6961343674e-25 
-1.4133204482e-35 
7.3118417276e-06 
2.1196456163e-35 
3.6095236695e+34 
3.9413994800e-14 
-7.0635988378e-12 
-8.4922925647e+37 
9.4546302075e+12 
-3.8112156577e+21 
1.4216237661e-32 
1.3603129999e-35 
-7.1657968000e+07 
-2.6105363531e-12 
-5.2831346644e-36 
5.8777266013e-31 
3.5209033286e-36 
2.6764619205e-22 
1.0652886672e-27 
-2.8450916713e-30 
-4.9304044247e-34 
1.5534306903e+30 
-5.3386443198e-16 
2.1278473735e-01 
2.1108121094e+04 
-1.2014980703e-24 
-2.6419112231e-08 
1.5841839559e-12 
-4.1668887315e-19 
-7.0491125807e-03 
6.3250240326e+01 
-1.0318355840e+09 
-1.5993235633e-02 
-3.3352025386e-24 
1.2933090079e+15 
3.8693002370e+35 
2.7472709648e-25 
-3.1296740199e-10 
-6.9818289081e-38 
3.6342045665e-01 
1.2174458452e+32 
3.7622406919e+14 
1.8055400730e-08 
-2.3310252380e+02 
-3.6112146413e-29 
6.9410700798e+00 
-1.8750898052e+22 
5.6061029823e+20 
2.7375035263e+29 
-1.1260634665e-06 
-1.2378274346e-27 
2.9578332320e+28 
-6.7506534834e-29 
4.5192520915e-29 
-1.5371388518e+11 
-6.0465948383e-14 
8.3891779011e+12 
-3.1554221750e+18 
2.5238298137e+17 
9.7564957082e+11 
2.8040675248e-27 
-1.3397692542e+28 
-9.7880761173e-29 
6.2667498578e-26 
3.7796097825e-26 
-1.1164434391e-30 
-7.5227771699e+11 
-5.5482890938e-23 
3.4381006885e-31 
-5.6894490262e-04 
-3.8045900706e-38 
4.5979604602e+30 
-3.7838894344e-12 
-1.4794053135e-11 
-3.2571564199e-30 
-8.5727145915e-07 
-1.0400725778e+33 
-2.3299100399e+00 
-7.2354057617e+03 
1.9805300064e+13 
3.0484158993e+00 
-3.6268393117e-19 
1.0268704113e+12 
3.8560752344e+37 
2.7162756877e-36 
1.2206843974e-30 
8.8301997588e+35 
1.6427779097e+13 
-1.6276979817e+15 
-2.9189123047e+04 
1.9810297984e+38 
-3.0626816523e+21 
2.0403295027e+11 
-3.7639340045e-23 
9.8122935316e-18 
-1.3410093721e-28 
2.9441547667e-05 
-5.1598735952e-32 
2.7504962560e+09 
7.3075093668e+13 
6.2090360461e+32 
-1.1884412879e+16 
3.7166895866e+00 
-6.4709880000e+07 
1.4442211675e+30 
2.1565819334e-13 
7.6031136011e-22 
-1.1172479100e+16 
9.5621367870e-26 
3.1366186919e+26 
2.6829371452e+00 
1.6407596854e-23 
-1.9215167242e+20 
-2.6176816000e+08 
-4.5523626709e+02 
3.0291983112e-29 
-1.4073191211e-02 
-4.5230118058e+15 
-1.1946360107e-21 
-1.6348503703e+18 
-9.6664303404e-37 
7.9360921912e+31 
9.5321000950e-16 
-2.3694222205e-24 
1.1900237346e+22 
-1.5885183863e+21 
-1.2482841115e+33 
1.0175409506e-13 
9.3858737526e+31 
-8.6342640509e+21 
-6.8321211102e+29 
1.4046965005e-32 
-2.0846796036e+01 
-1.5122095312e+05 
-1.9332639842e-24 
5.9436959867e-27 
1.1162937164e+02 
2.4253249769e+31 
5.4151413624e-31 
-3.9084475034e+32 
-5.9307171840e+10 
-4.2089104356e-22 
-5.7132443501e+13 
-7.0837424137e-03 
-4.6951998025e-02 
1.6684943795e-28 
-1.2253761781e-33 
-5.2330276867e-21 
-7.0996527105e-15 
1.1320318095e+29 
-1.8212791590e-17 
4.0152500003e+22 
5.2004345159e+26 
2.4883629093e-14 
2.1297336310e+37 
1.4170558000e+07 
3.0394028623e-31 
2.8511824247e-30 
3.1071673584e+02 
2.5829419447e+30 
7.4340196079e-06 
-1.1791029746e-37 
2.2149279428e+24 
-2.0446074700e-07 
2.4245918863e-22 
5.7784323508e+35 
-1.4704653801e-30 
2.9239170543e+30 
-4.4521846062e-13 
6.2281003227e+32 
8.2736264062e-08 
1.0473238750e+06 
-4.0558002073e+19 
-1.1097756351e-24 
2.5225736747e+21 
-2.0334248907e+37 
3.1011766195e-01 
5.6855992832e-21 
2.1880445906e-17 
-2.1369277316e-20 
-3.1130487509e+23 
1.6852813864e+37 
-1.9905927413e-29 
-6.5575451557e+28 
-9.9193798652e-22 
-4.2078858087e-07 
3.6984160889e-25 
7.0120611539e-09 
-2.1212614229e-05 
3.1314439050e+29 
-5.6737212047e+17 
2.3621203734e-13 
-1.6188618240e+09 
3.2185336750e-05 
-1.1102186571e-16 
-3.8687687651e+25 
8.0817742141e-38 
-7.9202123599e-20 
9.3465665122e-04 
5.8094837493e+34 
-1.7857699580e+15 
4.4878490585e-32 
3.7222113310e+37 
-1.8279074175e+37 
-1.5747324450e+15 
-2.9706222409e+36 
-6.1022784659e-31 
-2.1007521213e-25 
1.0369733648e-18 
6.2201523077e+12 
1.6565911278e-32 
-1.0112953306e-33 
5.0513946853e+30 
8.5949319601e-01 
4.3395672699e+22 
4.9118833595e+23 
-5.2529310762e-11 
-1.3202635193e+02 
-2.0365360252e+34 
-1.6483659304e+38 
-6.4069134708e+28 
-2.9140412342e-19 
6.3008133968e-15 
4.8058043345e+25 
8.1518225016e+17 
1.8563187825e-13 
1.5395138145e-17 
-2.9024308534e+14 
-8.4131305318e+26 
4.3672131142e-04 
1.5943613091e-31 
-3.9389642334e+02 
1.5207781963e+32 
-2.4436839219e-09 
4.1916398318e+16 
1.8242156756e+32 
-9.8247484375e+04 
5.0681839448e+30 
6.6641102947e-18 
1.5011462892e-05 
2.2034040740e-05 
-2.0572389476e-03 
1.0668417090e-34 
9.2588138084e-15 
-1.6467302555e+38 
-1.1626443200e+08 
4.7930353830e+24 
4.9127706591e+13 
3.9170050510e-33 
5.2207149844e+28 
-6.0075742188e+04 
1.0119748438e+05 
-8.9498892982e+33 
1.4261618042e+02 
3.9226222977e-31 
4.2394222570e-31 
-1.3094538573e+29 
-2.2892352194e-02 
-9.1405847168e+02 
-3.7192230502e+12 
-4.6827632428e-29 
-1.1475429456e+23 
9.9257022141e+28 
1.7845051094e-38 
-9.7596387500e+05 
-1.6692787925e+22 
-1.7408949789e-03 
1.6658129614e-35 
-6.8230152897e+26 
1.9112821285e+36 
-4.0708089078e+37 
-1.0593737858e+28 
-1.0098259050e+27 
1.1276992673e-08 
-1.1716080825e+36 
1.5769933373e-13 
2.9267000393e+29 
2.2742756668e-26 
1.3308236708e+35 
-3.3934329622e-06 
-4.1731150314e-38 
-2.2390021477e-03 
-6.3228081293e-18 
-2.2842506695e-14 
-3.0842083129e-19 
-1.4969713319e+38 
5.1938221085e-11 
9.2415575069e-34 
1.9938847218e-33 
6.3394592144e-03 
1.2398649123e+34 
-9.7230893373e-01 
-7.3600378418e+02 
5.8253653809e-31 
-1.0788037777e+00 
1.0647015103e-32 
-4.4166409020e+18 
-1.0077915274e+16 
-1.3676811064e+20 
-6.3793825918e+31 
1.3023108782e+17 
-1.1613153494e-10 
1.0372043465e-32 
-8.3897161692e+32 
3.0493759242e+12 
-1.3857060547e+04 
-3.2702636906e+18 
-6.3609914780e+00 
2.6588873600e+08 
5.4210715796e-36 
3.3994207449e-09 
-1.0489870119e+35 
-2.1944929928e+18 
-9.8470860090e-29 
1.3794562714e-10 
3.4042983463e-37 
1.1857807175e+20 
2.3982588800e+08 
6.2161669325e+11 
4.2467707536e+18 
1.5916510332e-09 
1.6721553276e-18 
-5.8542396191e-13 
-5.7373609377e+17 
1.4818072251e-27 
3.6353277159e-12 
-3.0220408878e+21 
-3.9458075000e+06 
-1.1206265930e+14 
2.7628531712e+10 
1.1256648438e+05 
-9.1677608151e-25 
-3.5689626673e+15 
2.0858880132e-02 
-1.3045898454e-13 
-9.6804790497e+00 
-8.0229026082e+23 
1.0744578552e+02 
-1.1315852800e+09 
-1.2632624529e-33 
-9.8687114716e+00 
-1.1180239334e-16 
-5.3107771487e-36 
-1.4981187378e+16 
1.2594572587e-24 
-2.4177621094e+04 
9.5043851387e+13 
2.1783368762e+38 
1.9869454945e+19 
1.7698856053e+22 
-1.1526880786e-02 
1.9161695018e+22 
-2.1473916000e+07 
-1.3511352284e+25 
8.1806762181e+13 
2.3506460030e+14 
-9.0481348709e-23 
-2.9773368362e-19 
3.7306212121e-26 
-1.4625043966e+20 
3.7303195000e+06 
1.2321248438e+05 
-4.5611721253e-19 
-1.8097046400e+08 
2.7013326832e+13 
1.8345460441e-16 
4.3352535524e+15 
7.2824170492e-18 
-3.7487821828e-05 
-3.1912203087e-31 
2.9625606537e+01 
1.6876264954e+02 
1.5332805256e-29 
2.3468302336e+10 
1.8031434068e+17 
-5.1513741238e-24 
1.5127822453e-27 
-4.8764664000e+07 
2.9002233413e-16 
-1.0114892864e-12 
1.3656854834e+28 
1.1641604360e-03 
4.5673539862e-03 
2.8346408682e-29 
8.8590046294e+15 
-3.6379529760e-14 
8.6544069927e-04 
1.2299809365e+36 
1.2779271456e-13 
2.3871991508e-35 
-4.1768537711e-34 
1.1251220695e-16 
1.4187987215e+35 
-1.2351612360e+19 
9.3724923171e+33 
1.1181792758e+26 
1.1657378823e-01 
7.0486115022e-20 
-1.3615135909e+35 
-2.2798123246e-04 
1.4826559000e+07 
2.3683640551e+20 
1.0077782440e+02 
-8.1191650147e-28 
-6.1730962967e-18 
4.9710201263e+01 
2.2709947681e-27 
-1.7317375246e+13 
-7.5063237046e+32 
-1.1687817762e+34 
-9.9425897019e+32 
-8.1347257544e-19 
1.1900640523e-35 
1.0521896210e-17 
2.3935437202e-02 
4.7312863171e-04 
-1.6949279539e+38 
2.1274542872e+27 
6.4619723418e+32 
-2.8980127782e+25 
-1.2600141475e-27 
-1.6317723214e-11 
1.9548354098e-17 
4.3527560078e+27 
3.0440308231e-24 
3.3105131645e-24 
-2.8018543041e-09 
3.4228008960e+10 
-4.5301816597e-24 
1.6304077041e-26 
3.3824538145e-18 
1.6135268848e-13 
1.7700124603e-38 
-4.1210886091e-02 
-2.0203272288e-04 
-1.1611440687e+24 
-4.4377225095e-06 
3.8345876509e+22 
-5.4742447433e+32 
-1.0776802099e+12 
-4.7144531576e-25 
2.0429340657e-03 
-7.5220917913e+22 
4.9355001037e+11 
-1.2201122511e-14 
6.8482367130e-13 
7.6259738270e-14 
-3.6068695021e+25 
-8.5633158550e-12 
-1.3165412337e-11 
1.3515774353e-33 
-1.2804629886e-15 
-2.2148839227e-14 
8.0999737006e-27 
3.8438478731e-35 
2.5198471562e-22 
1.9733826570e+30 
9.7008657455e+00 
-3.2666716309e+03 
-9.9109903257e+37 
4.7208055709e-15 
1.6804917197e+15 
-3.9642613956e-06 
4.2056884945e-38 
2.2869681921e+30 
-7.9024343491e+00 
2.1414213867e+03 
9.4719909668e+02 
-1.5071708242e-23 
-1.0906856915e-04 
-2.3806813260e-05 
6.7190196302e+27 
2.9180565519e-08 
-8.1175524697e-30 
-5.9477757642e+33 
1.1532009168e-33 
8.6782365543e-06 
1.2240428116e-10 
-5.9625729058e+14 
-5.7608991548e-32 
8.0248858932e+35 
-4.8134988582e-28 
-1.6717311649e+38 
1.0418869362e-23 
2.7920627515e-36 
8.3919870655e+15 
7.8647692800e+08 
-3.8251155571e-16 
1.2966416638e-29 
-1.2535042867e+11 
1.1567025533e+17 
-1.8576517391e-07 
-2.5133448643e-18 
-8.7511761726e-11 
5.1615797254e-18 
4.5627752427e-17 
2.3773626368e+11 
-5.5577450906e+11 
-3.8669340312e-02 
3.5631284513e-22 
-2.5460283544e-35 
6.9257910000e+06 
-1.1954497281e+34 
-2.1704294327e-38 
5.5500263777e+28 
1.1801135060e-19 
4.4256041702e-14 
-1.7823036713e+35 
4.6244076085e+16 
-6.5189690076e+15 
3.8690414950e-27 
4.2065367856e-10 
-3.0449410792e-27 
-1.6867036392e+25 
5.1540812725e-26 
-3.9317161665e-28 
-2.2949542513e-37 
1.7782553186e-05 
4.9169373204e-15 
9.1595047519e-12 
3.8249319629e+11 
-4.8669677734e+03 
1.6263843594e-26 
3.3292742188e+04 
1.0377687868e-03 
-6.7498459816e+00 
-1.4501071881e-33 
5.4230841384e+35 
1.0999635221e+31 
1.1418675212e-34 
-2.1696941790e+34 
-1.8529773379e+15 
1.4227158490e-23 
6.3910690369e-04 
4.2876226960e-38 
-5.2140281676e-11 
2.8589207824e-12 
1.6389095312e+05 
2.4879328907e-02 
-1.0423157126e+27 
-3.5354782647e+17 
-1.4355232939e+15 
-1.2622465318e+28 
-4.3961534705e-20 
3.2656917673e-36 
3.5001254041e-35 
2.0132568687e-33 
-5.2512566130e+23 
6.5943946240e+09 
-3.3098426368e+10 
3.3488272000e+08 
3.4426161907e-17 
6.7635443864e-36 
-9.1890450598e-14 
6.9819248411e+13 
4.5755305577e+21 
-1.4839949473e-13 
-1.2745330483e+16 
3.7188669375e-34 
5.3552529078e-10 
-4.4648626709e+02 
-1.1300518012e-16 
-2.4024889717e-11 
-2.7351923759e-14 
2.9831332035e+25 
-1.1491648438e+05 
1.5289620794e-38 
-8.9961129652e-23 
1.4224315490e+31 
-1.4501514683e+37 
-3.4230317798e-18 
5.9800242188e+04 
-6.8910029297e-23 
2.0872020637e+34 
-2.5637280302e+25 
6.3799812096e+10 
-3.0657476743e-33 
4.9499811102e+22 
-1.1564737188e+22 
-4.1352838019e-30 
-1.8643823168e-37 
1.6013731733e-15 
-8.2034802688e+10 
-4.8338346967e+14 
-6.2233239552e+10 
-1.1154245550e+12 
7.1208791733e+00 
-2.4317269975e-08 
-1.3935920000e+08 
8.0614958082e-23 
4.9005251253e+29 
-2.5631355274e-30 
-1.4804479065e-07 
-3.7074829452e-03 
-2.6768351479e-32 
-1.8870181969e-24 
-4.7579373291e-30 
-4.4003170013e+01 
5.6175220031e-09 
-6.6419530628e+20 
3.3497663150e+35 
3.6051396875e+05 
-5.3484950400e+08 
-1.7676029029e-27 
-1.0518751668e-11 
6.0741507468e-07 
-1.2695466080e+22 
-1.4920621968e+29 
1.0014490925e-07 
-1.9495155901e+31 
-6.3167307341e-16 
7.1113043430e-26 
1.5192515905e+25 
-1.3008321280e+09 
7.0048471967e-30 
-3.6302428291e-29 
1.4211199497e-17 
1.1705416627e+15 
-8.9697804288e+10 
7.9893666733e+28 
-5.8457995777e-08 
-2.1718941169e-27 
-6.7252106207e-21 
2.3993478103e-13 
3.5072579144e+30 
-9.4154104603e+34 
1.1214582301e-34 
9.9646175540e+26 
8.5529777527e+01 
7.0118158265e+21 
-1.5531999427e+32 
5.4900519586e-33 
-2.5543743674e-23 
-7.9839482569e-23 
1.7555716607e-29 
4.9347411574e-11 
-1.3176209992e-28 
9.9163062549e+19 
5.1740786148e-05 
1.9439651585e-23 
-9.8116974976e-30 
1.1763557410e+34 
2.0534740294e+18 
-1.0668275712e+10 
1.5125240045e+15 
-2.0216121094e+04 
2.2809883928e+33 
-9.5146785416e-13 
-4.2931045007e+12 
-1.9814007890e+27 
9.7425987500e+05 
2.8147091008e-33 
-4.4634974909e-27 
-2.6973699336e+35 
5.9192402792e+31 
2.1749516450e-16 
-1.0029197299e+25 
1.8216638184e+03 
5.5737674236e-01 
2.2823568736e+34 
-2.8929007698e+38 
6.3152580261e+01 
1.5015159022e+29 
7.2431379024e-35 
3.6687121941e+31 
1.0071738941e+12 
-1.6564391933e-20 
2.1468546309e+35 
2.8219861159e+14 
7.0840148325e-20 
7.8252061406e-14 
3.3888438851e-36 
6.9668399848e-31 
-3.7006095886e+01 
-1.8864762000e+07 
5.1870475966e+35 
-6.0031491518e-01 
1.3458797568e+10 
2.4599447220e-33 
-1.7121685760e+09 
-1.3903236924e+21 
8.6941193343e-37 
5.5822946786e-23 
-4.0101071335e-13 
1.2257880093e+19 
-3.4890190625e+05 
3.4631121320e-38 
-7.8458694043e-04 
6.3499332144e-30 
-2.8739130020e+01 
9.6107741184e+10 
3.3452505815e+20 
-1.4324181886e+28 
-2.2011407360e+09 
1.7673122784e-05 
1.5145287325e-34 
-7.9148812758e-23 
1.8756069651e-19 
-6.7325920866e+21 
-5.0576387128e-25 
-7.2091281414e-01 
-6.1828382289e-21 
5.8405840067e-33 
-1.3507804754e-35 
-5.0750167927e-29 
-2.5443772804e+24 
-2.1764834996e-29 
-6.9303208717e-16 
-7.0437083019e-15 
-3.8841836208e+27 
-4.3766204834e+02 
-5.7114032184e+14 
-1.4000279407e-05 
-3.0233843149e+35 
5.0334623083e-03 
-4.8520086655e+30 
-1.2878684822e+33 
1.1094282866e+00 
3.8596646786e+00 
8.3510868251e-02 
-7.4040564210e-34 
5.5635873029e-29 
2.3333063308e+32 
1.3228454170e+25 
-4.4509008767e+26 
1.3420650509e+24 
1.4347171682e-36 
2.0277855918e-02 
1.4182486985e-30 
4.1770399826e+12 
-2.7176472545e-01 
3.6592877700e+25 
-2.1776058192e+27 
-3.1588136974e-29 
-1.5165515416e-21 
-9.2301088589e+21 
1.6847299597e-11 
-1.6268686523e+04 
6.0798326436e-24 
6.2525259250e-38 
-3.8416990625e+37 
1.2632965677e-26 
-1.7028196335e+01 
2.4528953005e-23 
-3.0579160810e-34 
5.1696478271e+02 
1.6456615648e+24 
-3.5204121470e-01 
-1.3241440678e+25 
3.2008389098e-05 
-1.1180992895e-17 
3.6045368014e+22 
1.8244560866e+38 
5.6456355297e-14 
4.0218373377e+18 
-3.0948032509e-04 
-1.2649952434e-02 
-4.5490252664e-26 
-5.6402081255e+35 
8.4698019431e-11 
-4.0128907153e+31 
-1.7392705090e-26 
-1.1816827248e-27 
-7.5466793750e+05 
1.7723514238e-33 
1.9827454294e-13 
-5.4162793750e+05 
4.0057369232e+01 
-1.4663640788e-26 
-1.8174204828e+19 
7.7014628465e-23 
2.8941380849e-36 
-9.2840574117e-10 
-2.4663245718e+15 
-8.5456596855e-35 
-9.6152632863e+29 
1.0512257037e-10 
-7.2329215139e+23 
2.2207868174e+31 
-1.3837311949e-35 
1.6650923491e+00 
1.1787258096e-21 
-4.3935381698e+17 
-4.7796957168e+27 
-2.8864336209e-21 
-9.7866626941e-20 
2.9767860542e-04 
-3.4356988000e+07 
2.1516308261e+28 
1.3437285520e+35 
4.0774928493e-05 
-7.2834441386e-13 
2.7537355444e-17 
2.3216010853e+15 
1.1562280178e+31 
-3.6711789188e-22 
-2.0653142016e+10 
1.4366968999e-25 
7.0085850643e-14 
-2.4496513896e+21 
1.7476298342e+11 
-8.3719703525e-07 
-2.3947073121e-18 
-1.6145684614e-28 
-3.4349800799e-22 
3.9041873379e-07 
1.5936095267e-36 
-5.9851029307e+26 
1.8784651000e-29 
5.6214699771e-35 
1.8869777103e-29 
-1.6569340833e+30 
2.3875468287e-06 
1.6668165799e-16 
1.0826671504e-10 
1.9261629274e-31 
6.3860447090e+16 
1.5692180427e+35 
-7.4371706782e+21 
1.0469947656e+05 
7.5232960284e-02 
-4.8247488994e+29 
-2.4571584922e-25 
-8.0399744136e-35 
4.3953511712e-32 
4.7273787500e+05 
-1.6636429105e-13 
1.5635279255e+34 
-2.0304182482e-35 
6.6910963773e+31 
1.1856237829e-23 
1.2302218936e-02 
-1.4029629475e-14 
-8.2187433967e-24 
4.6046505235e-24 
1.2821160148e+37 
3.7254896757e+25 
4.4689763001e-10 
-4.4957589410e-22 
1.7817571418e-08 
1.8126715249e+37 
-6.7207106451e-19 
-1.4992257093e-05 
-3.5844441998e-11 
6.7345177968e-07 
5.9814543099e+32 
-5.9990397974e-23 
1.6813547141e-25 
-5.3655359940e+23 
1.1742451562e+05 
1.1451365671e-27 
-1.6587639525e-22 
1.1580484082e+26 
5.0911232259e+19 
3.6964746885e-34 
7.1623853380e+34 
2.3327179538e+13 
-1.4364987607e-13 
4.7085855116e-25 
4.2712599039e-01 
-5.1534606250e+05 
2.5849536133e+03 
2.8245508902e-18 
-6.4095815365e+22 
3.5387649113e-32 
-2.9104431452e-26 
-3.6189130195e+13 
-2.8556031949e+31 
-3.0039409160e-33 
7.5370000000e+07 
2.3040262932e+24 
5.0719304011e+33 
4.3046052914e-16 
3.5943251702e+33 
1.2951424357e-26 
-3.9459246991e+15 
1.0293881875e+06 
7.3857173361e-14 
-2.7158312932e-08 
1.9748940173e+28 
-3.2531121024e-28 
-1.1394998543e+30 
-5.5852342269e+17 
-1.2230861816e+03 
-6.6622441774e+16 
-8.1380835328e+11 
6.4936602799e+33 
-1.2900296536e-19 
-1.3366878134e-12 
9.3687626546e-09 
4.1265337969e+17 
-4.6899706296e-36 
1.4122200110e+35 
7.5131680593e-23 
-4.2511884003e+29 
1.3436125342e+37 
-1.5009689725e+21 
1.4143045660e-21 
-1.0840174474e+18 
-1.9424529823e+14 
-1.9618360737e-35 
1.4218281357e+17 
-1.0775873449e+33 
3.7273956696e-04 
-1.3264647893e-34 
-2.7118235748e+37 
9.1286032000e+07 
4.5814167504e-18 
-8.2439284597e-05 
-2.3093928593e+31 
4.4422229983e-34 
-1.0195203629e-22 
-3.2713635539e-14 
-1.7372425352e-38 
-3.9489278042e-32 
6.3410282135e-02 
-7.3518895078e-06 
-2.4614986970e+30 
-5.7864488142e-28 
1.0921700347e-25 
-1.1221786290e-32 
-4.2518411647e-04 
1.4485167503e+01 
-4.5330310797e+18 
-2.1112446466e+32 
8.3505700742e-33 
1.3488612390e+14 
-1.5703017836e+16 
9.2677824740e-21 
-4.6409976464e-28 
-7.4143795270e-11 
-5.8008936950e+31 
1.5113139277e+24 
1.6153264282e-09 
-5.1271529753e-33 
-1.1277054250e-01 
-3.5383075118e+29 
-1.8599948594e-23 
-3.4930318062e+14 
1.3535214616e-10 
3.4811773418e-14 
-3.2127129089e-05 
2.9919123075e-29 
5.6670476577e-29 
1.4446914286e+21 
-4.6426160323e-24 
-4.8587805622e-21 
-1.5352068469e-02 
7.4070302734e+03 
5.8258424832e+35 
-2.1733922040e-05 
1.4910008796e-22 
5.0784864000e+08 
-1.4985130588e+17 
6.4565394439e+21 
            nan 
-5.9240034284e+14 
6.6807204213e-09 
1.6912084855e+23 
6.8051181720e-35 
2.6577521768e+16 
-7.3612105521e-19 
5.0090335724e-32 
2.4297180017e+30 
-4.8478539776e+10 
-2.2931066854e+25 
-6.7551581250e+05 
3.3106433493e+34 
3.9439727115e-25 
-1.1695932047e+13 
-1.6629311442e-01 
-1.8683576279e-13 
-2.1499324810e-21 
9.7606855469e+03 
-1.2509681130e+14 
-1.1741304363e-17 
-6.4899490737e-30 
7.8293955232e-16 
-2.1789529797e-35 
-3.3423407875e+30 
-7.4098369626e+13 
-1.9536738449e-08 
6.6485097632e-03 
2.4900483453e-08 
5.4509048252e-27 
4.6340899575e-18 
2.7744333181e+22 
-6.7248830774e-36 
-1.3182874353e-33 
2.4009216309e+03 
2.2942343136e-08 
1.8766958750e+06 
-4.6110769876e+24 
-3.7708131131e-03 
4.8054064000e+08 
-1.8728470474e-35 
1.3981913030e-01 
6.2312777154e-03 
-6.0283120332e+35 
-1.2632768462e-26 
2.5809384477e+17 
1.7586115366e+18 
1.8300903058e-34 
3.6305460879e-30 
2.5474190633e-26 
5.1819150769e+29 
1.3276329347e+20 
-4.9075179831e-17 
7.7017879005e+35 
4.9684859507e+22 
2.6787746594e+20 
-2.5683138034e-32 
-7.4614130837e-35 
-1.8461678750e+06 
1.4130828452e-10 
-9.5860977304e+13 
-1.4573503000e+07 
7.0060441258e+22 
2.4042963224e+28 
-3.8461857002e-17 
-3.7929706673e+31 
1.1916171671e+19 
2.5822223591e-13 
-5.3622527326e+30 
-5.0325131078e-27 
-1.6699640747e-29 
5.2545877158e+17 
-7.6284881920e+09 
-1.9869486277e-04 
-6.6283512012e-08 
-9.7962294110e-36 
-4.8867770386e+02 
-2.6147305965e+00 
-1.5714332279e+31 
8.9114620285e+18 
8.1554441241e+13 
1.8474192597e-29 
2.9694601311e-34 
1.9566629827e-01 
3.0540272593e-01 
8.1786721945e-01 
-7.5090846955e-29 
-1.4961607933e+01 
1.7468110467e+21 
-1.2959637556e-37 
-4.3096828000e+07 
7.4896205846e+20 
5.1910238863e+24 
-3.3411518837e+22 
9.4063007304e+31 
-2.2823168347e-18 
8.7125844955e+00 
-6.7240913920e+09 
5.8671325278e-15 
1.0628663126e+20 
-7.6597182617e+03 
2.7656765805e+33 
3.7011742560e-09 
6.8459208123e-03 
-1.2610071876e-09 
4.9537109108e-26 
-1.3982875971e-03 
3.0328688894e-08 
1.3969698772e+35 
-1.2786078685e-21 
5.2666560512e+10 
-1.6747420117e-09 
-4.4071746094e+04 
2.4423161875e+31 
-2.8380856180e+31 
5.8794688174e-36 
-2.2673168401e+24 
4.8691405341e+34 
5.2559873678e+14 
-1.2722947686e+11 
-2.0067191723e-13 
-2.4711200967e-12 
-4.3543567697e+30 
-1.4345830118e-21 
2.0092701808e-11 
-2.1048168809e+36 
8.8898861477e-33 
3.2558405270e-37 
1.0226316833e+02 
6.3313336796e-06 
9.2281548597e+22 
-1.0237428682e+14 
4.0561766564e+12 
6.3861725539e+29 
5.8453479815e+36 
-4.0615951284e+18 
1.2474518400e+08 
-1.1341478872e-24 
2.4630598597e+15 
-1.6856722645e+24 
-3.6270094483e-07 
-4.5336820000e+07 
5.9195755920e-29 
-1.8922307277e-07 
5.7999270211e-05 
1.5071725933e+26 
-2.5173121795e-39 
-8.0227833079e+21 
4.3359052734e+03 
3.5471359360e-20 
-1.0228574683e-04 
5.6834854400e+08 
2.3591326528e+38 
-5.8956442159e-12 
-7.8201552734e+03 
-2.1018200641e-05 
-6.9164009808e+31 
2.5165605357e+26 
2.1040587466e+35 
-4.3717962944e+27 
7.5204882181e-34 
1.5934689840e-26 
-3.6600148926e+03 
6.8695147520e+09 
-1.0957836250e+06 
4.8768936157e+02 
-4.4052427179e-13 
-2.0778768237e-34 
-1.7436245389e+20 
-1.1141286968e-32 
6.7257849423e-07 
3.4908877004e-12 
-1.3298018242e-09 
-6.0697139200e+09 
-4.2720315144e-17 
-3.1029494636e-24 
-3.2591000192e+19 
9.1109989999e-35 
-3.1155342195e-10 
1.1444220952e+24 
-1.4212462425e+01 
6.2465207371e-27 
-3.2374213179e+21 
1.4590892690e-32 
1.8172246867e-19 
1.1002364818e-11 
-1.5412225315e-11 
6.2524817670e+20 
5.7088751258e+20 
3.9935656357e-20 
-1.4806498438e+05 
1.8329884903e-22 
9.5174203802e+11 
3.5126783020e+16 
-1.0610066619e+18 
-2.3360511667e+25 
-1.3154962713e-15 
4.9759211048e-18 
1.1825606949e+32 
4.6510371611e-15 
1.1151904750e-24 
-2.0695432663e+01 
1.2432925949e+35 
5.4685853490e-24 
1.8642266659e-18 
-2.1392659421e+20 
-4.5727035000e+06 
1.3539625510e-27 
4.3324673710e-11 
-9.3413712470e+25 
1.7518743122e-33 
-1.9069488845e-31 
-2.0833358316e+12 
6.7632443562e+28 
-8.1092553369e-32 
1.3890329813e+28 
8.0762199402e+01 
-8.6032999934e+15 
-4.0544772052e-32 
-4.9498352640e+09 
-8.1354819479e+21 
-6.3994053829e+23 
-2.3389265786e+32 
-1.7152829480e-19 
1.6567194132e-37 
5.7177915000e+06 
-4.0941396699e+32 
9.9906451563e-36 
3.1190541550e-14 
3.3722600685e-24 
3.1680784225e+01 
4.9993831039e-39 
7.1846893129e+22 
-4.4840882181e-35 
-4.3793180106e+21 
8.6905858901e+32 
2.5736353294e-17 
-4.7935327039e-26 
7.7551557617e+03 
2.0048154041e+14 
-5.0373518029e+30 
-1.0323001770e-03 
-2.4119104168e-25 
-4.7206039258e-23 
4.4169133616e-05 
2.6029905319e+01 
1.0188676792e+12 
2.2893252439e-14 
2.1416150705e-36 
-6.3660894320e+16 
-1.4555157662e-32 
-6.3373727947e-17 
-6.8262277775e-11 
2.7332701181e+26 
2.3790654534e-24 
-8.4793083802e+30 
-4.2959170560e+09 
2.2068076604e+18 
-2.4984263388e-20 
-3.4509751427e+35 
-2.3335611060e-27 
-2.1945632136e-25 
-4.6308519086e-04 
-2.6133027503e-23 
-8.5517214826e+35 
3.6214790928e+25 
-8.0650090580e+21 
-1.5807870976e+10 
1.6436096875e+05 
-2.4315367621e+27 
-1.0404342014e+31 
-4.4337537426e+27 
6.4643468800e+08 
3.3105772270e-35 
-1.1525926180e-02 
1.0972551223e-07 
4.2738540852e-30 
5.6626707696e-23 
-3.0883917650e+34 
3.2599009298e+33 
-8.7369702432e-35 
1.6399509423e+30 
-3.7145012089e-37 
-1.7238726637e+36 
-4.9061189963e+14 
-8.1745923566e+16 
8.6982794770e-23 
5.6834323265e-23 
3.7930715000e+06 
7.7924269071e-29 
-1.1187185009e-04 
-1.2139496903e-05 
5.6097120005e-11 
6.0110478923e-18 
2.9170812896e+33 
-3.5509649793e-15 
-6.9767343474e-38 
2.7862110983e-06 
1.7909265596e-38 
2.1556711714e+31 
2.4068241022e+38 
2.2710925383e+15 
-8.3409297247e-08 
8.0557367008e+28 
-9.1359471986e+32 
-2.5880174843e+33 
-5.6782679040e+09 
-4.1298533600e+18 
-3.1907373047e+04 
2.0307638272e+10 
1.4786560506e+17 
2.6836328337e+17 
-2.0016373047e+04 
-1.6269452247e+12 
-1.4112772346e+24 
-8.0661097309e-04 
2.7692848131e-37 
-1.5997297008e-27 
3.6901266773e-31 
-4.2037108704e-20 
1.3919022422e-05 
9.5812103271e+02 
-1.6439807040e-16 
-1.1326884123e-04 
-1.4346861839e+01 
1.3047945948e-18 
5.1466596544e+17 
6.1666704521e-24 
1.3139956891e-21 
-1.8330023936e+10 
8.3014412632e-24 
-1.7505644732e+36 
4.9466380013e-16 
-1.3770601548e-08 
-1.8154250072e-23 
-8.1730923520e+09 
5.8470931005e-13 
-6.9904921758e+31 
8.4539568658e+28 
4.9119159969e-27 
3.3477523145e+13 
8.8292662042e+26 
-3.0878060260e+32 
-1.7291794690e+15 
-9.2536865234e+03 
-1.8024661886e-34 
-4.3890052694e+14 
-1.4265049403e-25 
-3.3110235762e+20 
-7.1506962677e-12 
-5.8410659840e+10 
-5.1932379954e-18 
-1.6901895052e+20 
-1.3221811666e-11 
-1.6112618516e+27 
-3.7487919772e-22 
-1.0767118695e+37 
3.6860579712e-05 
-4.8385386761e+37 
-1.8090458602e-12 
5.1819270805e+35 
9.7305007785e-07 
7.6363561526e+32 
2.4496819307e+31 
9.0976670011e+21 
-1.0440474341e-17 
-1.7045011732e+25 
-2.6452594524e+14 
-2.9081153640e-18 
-2.2540667287e+38 
-2.1464016222e-26 
1.1993988344e-26 
-5.5929001733e-27 
-1.3268286775e+16 
-1.2697548210e+36 
6.0681457540e-32 
1.2463301420e+00 
1.4510880173e+30 
1.2819022753e-11 
5.7734020472e-13 
1.6841598000e+07 
1.6975868193e+36 
-6.1212169555e-08 
-3.2098844051e+00 
-2.7572373047e+04 
2.5549799061e+29 
-3.1213319599e+20 
-4.3471846202e-30 
2.5136156706e-28 
4.1827677500e+06 
3.4797926173e-23 
1.0098949219e+05 
-9.8465116269e-12 
-1.3240979221e+24 
-4.3721316279e+23 
8.6335446253e-32 
-2.1113101807e-29 
4.6136447324e+20 
-3.6361032325e+35 
7.1828049820e-16 
-9.5460094940e-08 
2.1050406400e+09 
-1.9819348353e+21 
-4.5069401329e-30 
-8.2642787500e+05 
2.7263416996e-05 
-3.7769795550e-23 
1.3704180635e+21 
-1.3002643300e-06 
-1.9696805900e-14 
            nan 
3.5090335402e+35 
-1.0523150912e+19 
-2.3732738302e+22 
5.2839156000e+07 
-3.2528197391e-31 
1.1589015142e+11 
6.7740919153e+29 
3.6582843797e+28 
7.0031596788e-27 
-1.4425534720e+09 
-1.2335835025e-02 
1.6241200892e+35 
-9.0095847552e+20 
-5.6174167185e-06 
-1.6411332293e-09 
2.2838741688e+21 
-6.1595628722e-06 
1.4994060800e+09 
-9.9120332541e-36 
-1.9063127693e-03 
5.6866040000e+07 
-1.9586082710e-20 
-2.3125160073e-26 
-1.1414761854e+27 
3.6939870607e-10 
-6.7219593750e+05 
-3.4428957500e+06 
1.9278209960e+28 
1.0486912732e-38 
1.1369290065e+33 
8.7844762050e-15 
-1.8579194268e+18 
1.6503047791e-25 
2.6707610229e+19 
4.9222596875e+05 
9.0559115633e-03 
-3.1053660437e-02 
-2.6301877975e+01 
8.9431175729e-04 
-2.8932249069e+01 
1.7351985600e+08 
-1.2225213569e-34 
-5.4358159120e-35 
-6.7506274008e-12 
-8.0528147070e+26 
1.6603075354e-25 
7.8408786794e-04 
-8.6679859691e+23 
1.4726337487e-36 
6.9695336819e-20 
-1.2578343067e+28 
-1.0513685942e+00 
3.8620996875e+05 
1.9057701728e+18 
-1.9543898115e-20 
-2.2345752364e-13 
-1.1034032907e-25 
-6.4047280128e+10 
1.5984718499e-23 
3.8772756159e-27 
2.2606744000e+08 
-2.2343578449e-29 
-1.6170977056e-01 
-5.6332169334e+34 
1.0195359503e-13 
6.9656097456e-25 
-1.4100513908e-05 
1.5681638659e-13 
-8.0603615684e+22 
-2.0166428887e+31 
8.5047393649e+12 
9.1313178975e+21 
4.5683588680e+23 
-2.8099132675e-33 
2.4866311107e-31 
-4.5096072797e+33 
-2.1225698438e+05 
-1.6027697458e+22 
7.3851336483e+29 
-4.4057497350e-20 
1.1323203008e+31 
5.0461523691e-30 
9.7252460000e+06 
6.0400679424e+22 
-2.9777941496e+13 
4.6757914067e+31 
1.3388148170e-17 
4.8819157419e-34 
-1.8731007616e-26 
-3.4738627728e-03 
1.3680597845e+38 
6.8157452910e+34 
-9.0457421875e+02 
-3.5424302380e-12 
1.0489450371e-34 
4.7137451172e+01 
1.3568765135e+18 
-3.2395791507e-16 
-7.7438261754e-35 
5.6039446112e-27 
-6.4243460000e+07 
8.5439975459e+18 
-5.1687987556e-15 
4.2724592907e-30 
-2.7347152000e+08 
-2.7811403275e+01 
4.9931409194e-06 
1.7656934354e+14 
-1.3463185120e+02 
-1.2093115598e-01 
-1.8513324409e+13 
6.8659394836e-10 
3.9486082126e+32 
-2.1164572079e-24 
-1.2859411981e-05 
2.9822237827e+28 
-7.4976389296e-03 
-1.0444961133e-24 
-3.5710989020e+35 
3.6086783235e-17 
-2.6228799688e-10 
2.8783884766e-36 
-1.7119305085e-08 
-1.3843776000e+07 
-5.6976915890e+17 
-4.7150800375e+17 
2.6897179850e-05 
6.6068412891e+37 
2.0250209116e-13 
-8.0205216362e+31 
1.9076946850e-25 
-5.7496761322e+29 
5.1886915626e-17 
3.0564948378e+11 
2.8414306144e-05 
1.6825851318e+31 
1.3872089600e+09 
-6.7040284435e-09 
6.6029616958e-16 
3.7173010504e-31 
2.9669437343e+38 
4.1064225681e-28 
-1.4467564453e+04 
-5.7744342006e+34 
5.5800369814e-20 
-2.2028672856e+18 
-4.4441345302e+24 
-7.6568512015e+19 
1.5161444800e+08 
-1.2937245885e+34 
-3.1226091944e-35 
4.0609030998e+34 
-2.7262419469e-33 
-1.4461083277e-20 
-2.7845253253e-23 
-3.2155057869e-31 
-3.9984801248e-08 
-1.3213661865e-17 
4.0735870976e+10 
8.8971509602e+28 
4.2509452167e-32 
-2.3771490425e+24 
2.3338169388e+30 
-1.3221807360e+09 
-5.0008507352e-29 
            nan 
-2.7566822111e+32 
-4.7129694127e-37 
4.5088810921e+00 
-6.0233039506e-33 
1.5933874416e+33 
-1.8081426981e-11 
4.8632455568e-39 
-5.1631710598e+28 
7.4309599492e-30 
-2.6217583660e-11 
-2.5346300000e+05 
4.7615574016e+10 
-1.6692774807e-07 
4.0621459484e-03 
-2.7261129600e+08 
1.8655623198e+00 
-1.8264172599e-02 
1.0534774509e+21 
4.4081899178e-20 
-1.4353711497e+13 
-5.7053169303e+20 
1.0126221605e-04 
-6.1103360830e-33 
-8.2230719726e+37 
-1.2806606171e-23 
4.4870081456e-17 
8.1533193750e+05 
1.3636024968e+37 
-1.5158205358e-08 
-1.4301128641e-12 
-2.3621991030e-09 
2.6004384424e-08 
-5.9369134521e+02 
-4.0162229272e-34 
-3.2351404334e-16 
1.8586898438e+05 
-3.5120107458e+32 
-1.9453375425e+31 
5.6157406855e+20 
2.9381149222e-32 
1.3777921326e-30 
8.9934793750e+05 
3.6475616853e-18 
1.3410116354e-14 
-1.1446116457e-31 
-7.7721288648e+25 
1.6009844908e+21 
-3.8185815494e+17 
-4.5761050530e+27 
-2.1885597500e+06 
-7.4018875552e-28 
-7.0437151382e+36 
-9.2783683777e+01 
1.9623369596e-08 
-4.6459306368e+30 
-8.9722280502e+00 
1.0226200997e-09 
-1.1877001190e+02 
-1.9546183574e+20 
-1.9600706582e-04 
-1.3217311523e+04 
-6.1647161975e+37 
-3.0128118750e-11 
-4.5456594767e-38 
-2.9926232391e-13 
-3.0183850339e-22 
1.4479306395e+36 
-3.9962225649e+36 
2.9097744054e-34 
-3.1048265470e+24 
1.1400254093e-20 
1.9497178047e+34 
3.1164096911e-12 
1.7214296758e-01 
            nan 
-1.1616501350e+27 
-1.6629418269e-06 
-7.7894793750e+05 
1.2582471303e+33 
6.0917844658e+21 
-3.5018161011e+02 
2.1492121741e-02 
3.6612263355e-27 
-9.7353683394e-39 
1.5943763555e-31 
-6.8419870813e+18 
3.4338393555e+13 
1.4280983160e-25 
-7.1770083904e-01 
3.6237730031e-35 
-7.0983137531e+17 
5.9746990383e+20 
-1.4522881162e-11 
-3.5843009949e+01 
-3.5720151367e+03 
3.3916889306e+37 
2.8868610790e-14 
-1.9043375535e+33 
9.3105407432e-03 
3.8984646364e+23 
-1.4734607978e-10 
2.2192200413e-04 
1.9746960415e-13 
-1.1515697521e-13 
-9.8991470251e+30 
-9.0379922529e+35 
3.8368475000e+06 
1.5965359542e+25 
-8.2866656091e+14 
-4.7004593750e+05 
1.5946588190e-35 
-7.2903048992e-01 
3.5777064644e-10 
1.4225494738e-07 
-2.6421613810e+23 
4.8445440272e+33 
-1.0175170478e+12 
1.3537171178e+28 
2.4609328465e-23 
-4.1587601399e+32 
1.1279036959e-17 
-6.1699252478e-12 
-9.5977242726e+17 
-2.5697897510e+22 
2.3430815219e-35 
-4.6486836685e-37 
-3.5342929993e-29 
-1.2797957351e-28 
-1.7711728919e-15 
2.7393707792e+25 
-3.4447966309e+03 
5.0610306263e+26 
3.4443573185e+24 
7.6490762767e+31 
-3.6203106442e-33 
-5.4317751502e-35 
6.5342795776e+10 
-1.2802555743e+25 
1.5293582110e-03 
3.7618914960e+33 
3.6021875299e+29 
-4.2248328100e-04 
-2.6718565138e-08 
1.8869250278e+15 
-1.9643366583e-20 
1.6691770554e+01 
2.0504062400e+08 
2.4252791111e+36 
-6.9553610752e+10 
1.1874499994e-10 
-8.2861985512e-19 
4.9970496279e-33 
7.3469223922e+23 
-3.3212966309e+03 
5.7412531618e-08 
-1.0358504057e+00 
5.2921543779e+30 
3.0245720488e+32 
-3.5465947460e+15 
-2.8720800028e+33 
-1.0555122483e+11 
-3.6577341309e+03 
-6.1304866320e+29 
-2.7540895388e+17 
-2.2110859191e-32 
-6.8431019315e-13 
1.0522213101e-09 
-1.1680028459e+20 
-1.8672361648e-06 
7.2835412070e+26 
-2.0264026911e+26 
-3.3591747459e+33 
1.5099619329e-01 
5.6658930255e+17 
-1.2432585790e+23 
5.9802044685e-29 
1.7755182402e-19 
2.3285347793e-35 
1.8201536179e+01 
4.5217539906e+25 
1.1711200000e+09 
-1.7255878220e-06 
-7.2746793750e+05 
-8.5958548490e-39 
7.9937630749e-22 
-3.9334854001e+15 
6.8589395285e-01 
-1.0988082400e+08 
4.0520675885e+30 
1.3111718767e+18 
1.6012126558e+27 
-3.1017045187e+29 
3.3649945758e-14 
6.8464561562e+19 
-1.3658071630e+36 
3.8297372124e-38 
-1.7359323268e+27 
-3.8698179194e-17 
-2.3161875961e+35 
1.8917916753e-14 
-6.3811182741e+15 
1.3783999000e+07 
7.8338656749e-05 
-1.5694955366e+18 
-1.2203902006e+00 
-5.7316125179e-08 
1.6545930937e+16 
8.2999397164e+28 
-4.8252674937e-01 
1.5051554101e-06 
-2.2541411200e+08 
-9.4326824191e-33 
-4.2808701585e+32 
-4.2495927734e+03 
5.5983278435e-04 
2.0048664986e+11 
-7.9717595729e-30 
-9.7393056338e+31 
1.6683140224e+24 
-8.1448021118e+32 
6.8132931119e-06 
2.3167118019e+16 
1.2427506968e-02 
2.7991253633e+17 
5.4403755348e-04 
-4.2817143560e-27 
5.6422793069e-25 
-1.1302237908e-05 
-2.0817547847e-20 
1.1096282607e+21 
2.7300042227e-09 
-1.1063908041e-01 
-2.9776197255e-30 
1.1047000199e-33 
-4.0336412191e-01 
-8.1388588032e+20 
-3.4343343757e-18 
-7.0141363469e+31 
4.4293066992e-08 
4.4958435305e-25 
-5.8812720522e+28 
-2.5692052310e-28 
3.7690670897e-12 
1.6625495255e-01 
5.9769450397e+22 
1.3606403330e-12 
-2.1066894541e+12 
-1.0019613082e+11 
-9.1251827776e-02 
-1.0107986270e-07 
1.9055388184e+03 
-9.0020407129e-08 
4.8913758993e-01 
1.4767430304e+35 
-1.1779344177e+02 
1.9260361242e-17 
-6.1290931814e+11 
3.0799599291e-35 
3.2294910682e+31 
3.4920303743e-23 
1.2405939351e+34 
-1.8812913726e+30 
1.6911760384e+10 
6.7352867635e+13 
6.0377242399e+34 
-6.8772273064e+00 
-1.3696564224e+10 
-1.4936958227e-32 
-7.4774935752e-26 
-3.4114961522e-07 
-2.0672598653e-31 
-2.0513036966e+17 
2.7213868622e-37 
-3.5749399968e-11 
2.8899835650e-18 
-1.4603196643e-02 
1.7534358345e-28 
4.4072505951e+01 
-5.4097365319e-27 
8.3937260342e-07 
2.5813972992e+10 
2.5488664248e-32 
-3.6404568249e-08 
7.4325560060e-33 
-2.2228688575e-35 
-1.6569479255e+33 
5.5903200943e+31 
-1.6368635863e+33 
-4.2276046552e-10 
6.6845462246e+17 
1.1290955747e+25 
1.2873649219e+05 
-7.5458010261e-23 
-7.2659870709e-19 
8.8669519884e-17 
3.0707521028e+21 
6.3026983515e-37 
2.5780646891e+14 
1.1518429646e-17 
-3.4406781143e-20 
-9.4643321063e-05 
-4.6070999527e-14 
5.9952705044e+12 
-9.1230580661e+24 
-4.1976017055e-34 
7.0222388579e+32 
-9.0265008486e-26 
2.2263683296e+19 
2.0275553842e-36 
-1.2771986723e+00 
-1.0768165195e-13 
3.9226730308e-08 
-5.5920875866e-31 
4.1618581861e-02 
1.3930866441e+17 
3.5319396875e+05 
3.6931036628e+30 
2.7996085636e-28 
-1.0211202324e-28 
3.0709277500e+06 
-2.8111565614e-18 
-6.8262148173e+37 
-9.2931838643e-15 
2.2764434050e-32 
-1.6343731701e-08 
-4.1886932795e+13 
8.2276333892e-28 
-5.5669342157e-24 
8.1113844530e-09 
-3.2365362997e+24 
-1.2056212644e+16 
-4.3155002462e+16 
-4.7370596875e+05 
-1.5889156135e+27 
1.8623190408e-04 
-1.9678967859e-35 
-6.1243674273e+31 
-2.7653141601e-19 
6.0287683875e+35 
-5.3941766064e-19 
1.7025046650e-10 
4.3840092701e-17 
-1.3970832464e-37 
8.2766439047e+29 
1.7147808264e-15 
7.2771661598e+27 
-1.1492456560e-29 
-1.2236660149e-16 
-1.5623494995e+33 
9.3157828118e-09 
-5.9410010928e+36 
1.6873226148e-18 
2.5969750335e-22 
4.3758738855e-08 
-1.5539474268e+12 
-5.5212033969e-22 
4.5347459594e+21 
2.9549929639e-31 
-1.8183667660e+00 
7.1350393086e-30 
1.7833012516e+20 
8.3625650041e-27 
-2.2291928872e-06 
-7.4571175946e-18 
1.7174822915e-06 
-7.6261872000e+07 
1.1983292203e+13 
-1.0756729543e-01 
-4.4724393688e+27 
2.1078730933e-03 
-9.8573607467e-16 
4.6515060205e+36 
1.9536155827e+34 
-1.7296774167e+15 
-6.2196822816e-18 
1.4697896579e+38 
3.5565933403e-32 
1.5510241203e-13 
4.5399930156e+36 
-1.1447436965e-12 
-4.8143804499e-09 
4.8727871093e+36 
4.0633409597e-28 
-1.1394441936e+16 
-6.1416901254e+30 
1.1333607137e-01 
-4.9936191891e+22 
7.2269103104e+11 
2.2551244001e-06 
1.0222513357e+11 
5.1143400371e-02 
1.2020977667e-36 
8.7653498681e-32 
-4.5010537677e+11 
-4.2948735191e+26 
-1.3484791950e-08 
-7.2741290055e-24 
-8.4129766757e+31 
2.4379351762e+36 
7.4616975632e+20 
2.4824531533e+32 
-8.9558660316e+29 
-1.0825345586e-34 
-3.2670909164e-13 
-2.6445272496e+38 
1.6456720085e-26 
2.0216789760e+09 
-1.8508377811e-34 
-4.1118195338e-16 
-3.7787598950e+24 
1.7769050828e-05 
-4.8544412509e+29 
-5.6470130182e+29 
-4.1050320153e-13 
8.2041785766e-35 
7.2325038067e+36 
-1.1120062316e+21 
-3.9358204000e+07 
2.0283156118e-05 
-2.0441592893e-24 
-7.3883231941e+19 
-2.5581950000e+07 
2.7109714687e-14 
-2.0171252545e-03 
1.5011283929e+20 
-7.8533643437e+15 
4.3999249470e-24 
-1.3842623000e+07 
-1.5500497894e+38 
2.5133844533e+17 
-2.7704313121e+19 
9.5366052722e+21 
-7.4409882419e+11 
8.9196033796e-33 
-3.3105077435e+24 
-2.5063557071e-35 
-3.6063416142e-10 
1.7815863065e+28 
-4.3885781120e-10 
-1.7297237850e-28 
2.6047270835e-37 
1.0676148321e-07 
1.8061784392e-18 
-2.5391783838e+27 
-1.6929997985e-12 
-1.8170280852e-29 
-3.6356893834e-03 
-3.9200343631e-40 
-1.9813962611e+22 
1.1942949219e+05 
-7.7284550400e+08 
-2.4938386227e+11 
5.1936580676e+27 
5.6433150058e-20 
7.6439076157e-28 
-3.8822800293e-26 
-5.9793042053e+23 
1.4501859609e+21 
1.1022436523e+04 
1.5235815911e-32 
-1.1067967102e-16 
-2.9938665684e-03 
2.6864830054e+11 
-2.1212374258e+19 
            nan 
-1.0770781664e-03 
-6.9990983983e-37 
1.3612441595e+25 
2.4522952807e+36 
1.0792158842e+00 
-5.8796623489e-04 
5.4824824427e+24 
3.7057056634e+22 
1.3375935000e+07 
2.3440368245e-25 
1.2271807558e+35 
1.4412869422e+35 
-7.0511992089e-03 
1.4238908698e+29 
1.6877998750e+06 
            nan 
-2.1672159239e-13 
3.7277963867e+03 
3.7101548910e-01 
-3.7739874606e+19 
-5.5826575713e-16 
1.8652259200e+08 
3.8294546306e-02 
8.2845110000e+06 
1.7472159452e-35 
8.2492528145e-16 
8.6396743680e+09 
6.1456885770e-17 
5.2780844800e+08 
-2.7643274129e-33 
1.0602898462e+23 
-2.8376061131e-14 
-4.7663800320e+10 
-1.7605329522e-31 
-1.7245257866e-18 
6.0240879850e-25 
-5.6681739967e+16 
-2.3835337600e+08 
-1.6901265450e-28 
-1.5505820949e+19 
1.4711858987e-25 
4.3794168000e+07 
1.7336614999e-12 
1.1195169841e+17 
-2.7653110057e+26 
2.8475366998e-03 
1.7458093139e+15 
5.8889403490e+27 
-1.1798631022e-05 
9.5692196696e-35 
-2.2739036800e+08 
1.5749079356e-32 
3.5662875412e-34 
-3.3476522031e+31 
-9.1708514258e+30 
-5.1027280092e-01 
-3.0766910124e-32 
-3.2320775820e+28 
-1.4380771747e-11 
6.3461405020e-09 
-2.3025486366e-32 
-3.2154744805e+34 
-9.5556116263e+34 
1.9718664373e+29 
-9.9092748012e+31 
1.9597279535e-38 
-2.3748796607e+24 
-3.2504442520e+13 
2.8122411008e+10 
2.2747298129e+31 
-2.8170030753e-09 
-4.4773524111e+14 
2.9196054463e-09 
-2.0757737472e+10 
1.0126342820e-10 
-8.8524221024e+18 
-3.0850525945e-02 
3.9062969526e-10 
3.4694953855e+14 
7.8081569587e+11 
4.0861667898e+14 
-2.7124949446e-32 
1.6457984495e+34 
-2.0886704326e-01 
1.8896477627e-07 
-8.4789376706e-03 
5.2367843395e-09 
9.4902401909e-12 
3.1048324941e-33 
2.5375499347e+28 
2.5264774174e+23 
2.5389420958e+38 
2.7925305613e+18 
3.6391021294e+37 
-3.5012680404e-30 
-4.8710064375e+22 
-2.9822340039e-19 
2.9431289477e-39 
-3.5521645996e-18 
-3.5398012439e-16 
-1.0938514349e+31 
-4.6994288640e+10 
2.4549810612e+26 
-9.9651842379e+26 
-4.9335714430e-02 
-1.9250578614e+14 
4.2049460305e-37 
-1.0551118106e-01 
-3.9827250663e+32 
-1.3506623000e+07 
9.7103350664e-32 
1.0848352217e-09 
2.0595717135e-33 
9.2396838912e+10 
-3.7750293993e-39 
-2.6212806925e-10 
-6.2594807967e+35 
-6.6119673755e-13 
-4.5055872695e+18 
-1.4241313033e+18 
-1.7612631006e+27 
-2.7469767501e-28 
8.6532717394e+19 
-1.8389960804e-19 
1.4040098438e+05 
1.2675735639e+15 
-3.7810344470e+22 
-4.8120733351e-02 
1.9556570583e-25 
1.3069770489e-17 
6.8164997032e+31 
7.9984296299e-15 
-4.2630239355e-33 
-6.4873117208e-01 
-3.6610083333e-18 
8.2858873865e-17 
-1.6346159452e-12 
-1.6101282117e-15 
-7.3084475000e+06 
-4.5697968830e-27 
3.7198159151e-15 
7.7599942400e+08 
-2.7474127862e-08 
1.2822895523e-10 
2.8028925853e-15 
2.5994055555e-33 
3.2813346132e-21 
8.7511205038e-07 
-7.4296229639e-34 
-6.7461842254e+31 
1.0691492361e+33 
-1.1669204221e-37 
1.2181472706e-19 
1.2076564992e+26 
3.5178593750e+05 
-2.2402653435e+14 
-9.2502099730e-12 
4.1758433256e+32 
4.0548592640e+09 
-1.0665746432e+11 
-7.2012412033e-08 
-1.4603094173e-26 
-6.1588254276e-25 
5.7099668993e-06 
8.2752121128e-12 
7.0177368607e-35 
1.1216977782e-06 
1.9683365467e+36 
-8.1077139975e-35 
-5.6786511777e-06 
3.4494023408e-15 
-1.9777572607e+18 
1.5105171722e-22 
-2.0469160699e-19 
-8.6568530122e-09 
3.1455470069e+30 
-1.5917351224e-19 
-1.0595441857e-08 
1.2001463212e-18 
-5.2772672284e-20 
-1.1891834898e-36 
1.0417261365e-04 
-8.1473378791e-29 
1.5080925531e+29 
-9.9035615234e+03 
-9.0656212766e-29 
2.4825123047e+04 
-5.4761047772e+14 
9.7660537102e-30 
2.9876147803e+34 
-2.9866551127e-16 
7.2295003634e+25 
-2.7972788530e-09 
-4.0818187549e-38 
-1.2076064026e-16 
-1.5771794686e-26 
4.9745040136e-32 
4.5335109161e-17 
1.6522839459e+24 
9.7955646309e-18 
-4.6176557617e+03 
2.5601696875e+05 
-3.1324334688e-33 
8.8669434714e+24 
-3.4241211015e+17 
-6.2896563477e+37 
7.3209595149e+33 
2.2998616660e+19 
-2.6872258401e+21 
-9.5524864000e+08 
-3.4328948942e-31 
2.8473208658e-05 
-7.8935823190e-36 
-3.1720250845e-03 
-2.0662901079e-07 
-3.1163833542e-30 
1.0214972440e-34 
-8.6133689159e+34 
-3.9844360913e-30 
-1.1578338477e+16 
2.8226390852e+13 
3.0530967962e+11 
-4.3933690880e+09 
-9.6944896796e+18 
-2.8173680370e+36 
-5.9988252819e-02 
-4.1365190145e-16 
-8.7271206081e-02 
2.6996892188e-07 
4.3831429277e-35 
4.8811332377e-17 
5.3135868192e+30 
-1.2988778053e-08 
6.1642399220e-17 
2.3318791342e-11 
-2.4906410268e-11 
9.9232864380e-01 
-6.9785915000e+06 
1.1267572431e-09 
-4.6567252936e+27 
3.2397478034e-09 
9.1357259650e-18 
-6.8201013725e-09 
1.4153311523e+04 
-8.0183792000e+07 
3.6451206462e-25 
6.9865636154e-38 
3.4187734176e-15 
6.5759363003e+35 
-4.0695612047e+13 
-1.3574489276e-04 
7.9417250448e+22 
-1.3275706119e+34 
3.8617379947e+31 
4.8631626454e+33 
-4.5543702072e-06 
1.0557703939e+23 
3.1642952081e-07 
-3.5797332980e-12 
-2.1020264522e-12 
1.8054170699e+23 
-6.4146559040e+30 
7.0484812041e+30 
2.4816297459e-34 
3.0730463957e+31 
-1.1135277500e+06 
-1.5617653728e-01 
5.7087400346e+11 
-4.5800742188e+04 
2.4701415354e-23 
3.5048464565e-19 
-2.5024135966e-36 
6.9520345036e-09 
1.8443581462e-01 
-1.5654286464e-20 
1.3831277500e+06 
-1.0057265600e+08 
-9.5826090665e+28 
-1.9775083821e-25 
1.2527306062e+37 
-1.4382106934e+03 
-4.8516299317e+28 
4.9255464371e-32 
-2.7846063665e+31 
-3.3380703893e+28 
3.3085160514e-28 
-2.2315244763e-08 
1.8249552264e+16 
3.7979014084e-23 
1.1162338802e+20 
1.4065279816e+22 
8.7630146751e-34 
8.6264688673e-26 
-1.4080159080e-36 
-3.8614748229e+28 
-3.0033494147e+13 
4.1047079890e-33 
1.6883890444e-20 
-7.1418947476e-38 
-4.1034666984e-12 
5.3665716035e-34 
-1.7612456143e+16 
1.7607565969e-02 
-1.7692008340e-13 
1.5986157500e+06 
1.6174669781e-06 
1.5135874319e+18 
5.4542330327e-04 
-4.3451666432e+10 
7.5676381250e+05 
-1.1050057728e+12 
-9.7870783266e-37 
-2.5446765873e-28 
-1.9467456980e-07 
1.6509366096e-10 
3.4923275900e+22 
9.8278159595e-23 
2.0201525175e-10 
-1.7150233850e+37 
-1.5872011767e+34 
-3.0190568550e-33 
7.0363707352e+23 
2.9220375133e+15 
-1.9189473242e-02 
-7.9263787263e-25 
-3.0036591792e+16 
-2.2484771881e+36 
8.0007009885e-18 
2.1461988799e-03 
-1.9328603652e-32 
6.5488336531e-07 
3.5026528432e-32 
4.3561216502e+29 
-1.4496518997e-03 
-6.6944639148e+27 
-8.8731266470e-22 
-8.7966887108e-09 
1.3385915578e+25 
-5.5781720361e+27 
-3.7636427371e+28 
-2.6909028472e-26 
1.4786540531e-02 
-6.9884475000e+06 
-1.3452624092e+35 
            nan 
-1.3817598050e+29 
1.3405419363e+31 
-5.2546851976e-20 
1.2284087926e+30 
-8.8826245883e+33 
1.5631331908e-37 
-1.5369896617e-31 
2.6143268666e-18 
1.9170265878e-03 
-4.1022629607e-33 
5.6786415150e-39 
7.5003015748e+22 
1.1112232071e-35 
-1.4441795654e+03 
1.7999329690e+11 
3.6936776107e-31 
1.6444794635e-37 
-4.9531784772e-30 
-7.2416094384e-32 
-4.3725944822e-32 
-1.0991277879e-25 
-4.4119406291e-32 
6.2895130240e-22 
-1.7724590346e+28 
1.2643908027e-21 
3.4415769481e+18 
-8.7062561485e-38 
1.2806108127e-27 
-6.3756852877e+27 
-1.6674646689e-12 
-8.7885122496e-33 
-8.6557525602e+37 
1.0438341346e-32 
8.6002530000e+06 
7.0758162382e-38 
-1.1644779123e+37 
3.1744870387e-23 
1.0530900210e-01 
-4.5344381649e-19 
5.3262128000e+08 
-3.7976690350e-30 
1.9611864994e-30 
-7.2309270874e-28 
2.8338647602e+38 
-1.0720623322e-07 
-1.4644774637e-07 
3.5314697266e+01 
-7.0215598080e+09 
-1.5122400444e-23 
-9.8532485962e-01 
9.3566719443e-05 
2.3392366280e-37 
3.7272170800e-35 
-5.0360524800e+08 
-6.8512812500e+03 
1.0948312500e+04 
4.4762492756e+16 
-2.6595672300e+16 
-9.1458498760e-12 
5.1800448091e-06 
-5.6830144144e+18 
4.7713940195e+22 
-2.8897929361e-24 
-1.6409230336e+10 
-1.1689423770e-01 
-1.0699040959e-10 
5.0364617600e+08 
-1.1373279434e-13 
5.2044549677e+16 
5.2560596663e-14 
6.6836484375e+04 
-2.0705308672e+10 
-1.5469084815e+36 
3.0593790625e+05 
4.6748611066e+21 
1.2046407935e-24 
-1.1468798261e-23 
1.6309274292e+02 
2.5698112182e+17 
-2.7034358078e+29 
1.0718931198e+01 
-7.5094472786e+12 
-1.4794344507e+38 
-4.6864326468e+36 
2.9901867869e+20 
-1.9663951927e-16 
-2.2557923411e-12 
7.7374293509e+18 
-7.3935993328e-08 
8.9939222107e+25 
-1.7662878522e+15 
2.4073473801e+17 
-5.8977402331e+22 
-1.8460821215e-26 
-6.9702944297e+33 
4.0730207926e-17 
-2.7722262844e-36 
-8.3900387500e+05 
2.8478878021e+01 
2.1655442700e+20 
5.1218776207e-05 
1.5333796924e-25 
9.8771734086e-23 
-6.4373907456e+10 
1.1483578801e-33 
2.6440127840e-05 
3.3195484561e+37 
6.4390121460e+01 
1.7587443874e-18 
-6.1918861872e-34 
-7.4032331609e-22 
-2.1644634061e+20 
1.3726281389e-30 
-3.9425698491e-32 
2.8037728000e+08 
5.8839150442e-26 
2.3502251506e-01 
-1.1113435547e+04 
5.6795651285e-15 
4.6970299648e-17 
2.2180738561e+36 
-5.4939384000e+07 
3.7224905233e-13 
4.3437801770e-32 
-8.8936919040e+09 
-9.7903713584e-02 
5.6699742188e+04 
-6.7870192000e+07 
-3.9199741440e-31 
-1.9075151360e+09 
-8.4985014127e-30 
-1.0633037562e-07 
2.8476182278e-17 
9.5489580471e-22 
5.5355078793e-17 
8.6539212268e-26 
8.9221163749e+37 
-8.7121447409e-37 
-1.4868516320e+29 
-3.5849129947e+17 
3.5194058418e-33 
-4.6849813987e+20 
1.4727267961e-31 
-4.5806722483e-04 
-1.0557566833e+02 
            nan 
-2.7487124316e-03 
1.0480176823e-33 
1.7133218251e-22 
1.5637108684e-01 
-1.6902019160e+17 
-4.3566380725e-08 
-4.5393431757e+12 
3.7057054382e+22 
2.6486966917e-13 
-1.9460732396e-13 
-4.4589880399e-11 
-7.8983564133e-10 
1.2980127841e+18 
-2.1717111118e+18 
-2.0196977559e+37 
-8.6257054244e-18 
7.4917177734e+03 
-4.4024017334e+02 
5.4446485838e+20 
-3.1915442165e+30 
7.3181028422e+25 
-1.3851024423e-33 
3.0100193957e+29 
8.3676586155e+35 
5.2840502211e+20 
-3.0097260297e+25 
-1.3764276385e-09 
1.1663342752e+17 
3.0872371094e+04 
-4.9345650846e+19 
-3.0697408939e-27 
-1.3838442655e+38 
1.7991158366e-01 
-1.2895708945e-09 
-2.4598239129e-15 
-1.1571035580e-33 
5.9185327944e+16 
-1.4746542777e-30 
1.1223044434e+03 
8.3365953176e-36 
-8.2557286145e-29 
-1.3352996303e-17 
3.4536007831e-08 
2.7631522859e-31 
-3.8366577245e+27 
-4.4310193750e+05 
7.1514181796e+34 
-6.6643645987e-03 
-1.5797273052e+31 
-5.0174255861e-09 
1.3285732800e+08 
-6.4327176578e-22 
-2.4619496875e+05 
-2.1314487698e+22 
1.5291572528e-26 
-3.3811677061e-33 
-2.7619764242e-33 
1.2955441205e+25 
7.2316165816e+12 
-1.2930488277e-11 
-1.2783149077e+26 
1.2727314410e+22 
-9.6847724544e+11 
1.3162217422e+36 
5.4289682287e-14 
-1.0468931198e+01 
2.0107155307e-31 
-1.2130750040e+23 
-2.8949673696e-17 
1.6642265837e-04 
-6.1324754510e+31 
-4.1020558613e+36 
1.4644451855e+34 
-5.2049673165e-13 
-2.7312862396e+01 
-9.6703263522e+37 
-1.0146715065e-11 
8.1658808981e-31 
-2.9430025542e-33 
-4.1956711634e-17 
-1.4504899865e+35 
5.3339712322e-02 
5.2950927734e+03 
-1.8326393180e+18 
4.0029393750e+05 
-3.6219089492e-33 
-5.3669030534e-39 
1.1016067751e-36 
1.4142086792e+02 
3.8250873055e-26 
-3.3670992044e+15 
-2.9770409203e+21 
-5.8647229507e-18 
-8.9540469617e-07 
-2.7917842865e+01 
5.9260647461e+37 
-8.0877871067e-10 
8.9891170774e-07 
-2.2864296875e+05 
2.2589589668e-30 
-9.7710293339e-23 
3.5652314389e-27 
-2.2065272331e+00 
-4.0031713867e+03 
4.9594373734e-30 
2.3250370591e+15 
-2.7512447959e+12 
-8.5756052455e+32 
8.1659380186e-15 
8.3255713148e+18 
8.6165960310e+16 
-3.9755301644e-14 
-3.4410193750e+05 
2.4138406147e+18 
2.9275978270e-27 
-3.3584278767e+26 
2.6992225949e-27 
1.4139855451e-24 
-3.8497167373e+25 
1.6609352315e-03 
2.5103504393e+26 
-8.6249283379e-16 
1.1032793346e-08 
-2.0114298924e-19 
5.2215985000e+06 
-6.4979438000e+34 
1.3408012337e+13 
1.2398041992e+03 
2.1157250209e+28 
-1.1549753321e-18 
-1.2509986730e-25 
9.9433994372e-10 
1.3695500288e+11 
-6.8569346905e+28 
-1.0140209929e-16 
-2.3371492884e+12 
-1.0662946045e-28 
-2.0665759221e-02 
-1.7096968140e+26 
5.7304917003e+20 
1.4235150302e-03 
-2.2849436647e-21 
3.5578758717e+00 
7.5297909975e-01 
-1.0142910156e-07 
1.0476212288e+16 
4.3207684597e-28 
-6.0081849627e-32 
-2.9372426319e-33 
7.0345404311e-06 
-1.4600004883e-34 
-3.0516529233e+35 
-1.1622415779e+24 
-8.0145025549e-07 
1.9371601472e-30 
6.2807398400e+09 
1.5241113838e-28 
-6.1021736982e-35 
-9.6237248204e+33 
7.1433618508e+23 
-7.0568387500e+05 
2.0938668358e+35 
1.5140760659e+20 
2.9821297006e+25 
-2.8848974746e+23 
-1.8812308482e-12 
8.2014127230e+31 
1.3707142460e-30 
-4.7970364110e+19 
-1.5895634336e+28 
8.7680423260e-01 
5.3114242188e+04 
-1.1786281466e+16 
-1.6875457195e-12 
1.5360717500e+06 
4.6376769044e+24 
3.2963861176e+33 
7.2233269747e-32 
-2.4348204448e-30 
-3.2359533203e-16 
-1.6054782104e+02 
-1.2436232821e-23 
-6.4856296824e-38 
1.9136739499e+15 
-2.3261713710e-32 
-2.0264138240e+09 
-1.9290524221e+12 
2.5835907618e+16 
-2.0900371524e+37 
-3.3843112747e-26 
-4.7681235696e+29 
-4.9302242188e+04 
1.2405144186e-12 
-1.3588579200e+08 
-6.2875675273e-25 
-2.8792287795e-30 
-3.7787972360e-06 
-1.8707431155e+25 
6.0019695616e+10 
-1.8976558023e+14 
-1.1579344177e+02 
-4.9210611027e+18 
-1.1404129617e-34 
-1.4195253085e-26 
            nan 
5.5845670309e-34 
-1.4339397239e-05 
2.0690798927e+19 
-5.7513761921e-38 
-8.9480439038e+28 
1.4576884496e-05 
1.6614802723e-16 
1.3719036546e+14 
-6.4331455359e-23 
2.3067423775e+38 
-1.6591585068e+30 
2.9719467921e+33 
-8.9656436443e-01 
-3.3107942343e-01 
7.9163980140e-38 
-7.3280324936e+00 
2.6002568842e-23 
-2.0003960320e+09 
2.2931270599e+01 
1.3296640233e-08 
5.9819377663e-24 
-6.1213493589e+22 
3.4758185113e-33 
-1.2424978652e-18 
1.4747263184e+03 
-6.3905934445e+30 
1.0875691579e+24 
-1.8480240764e+29 
-1.0220988103e+32 
5.1364351650e-22 
-2.7925579281e+20 
-5.5191621868e-06 
2.4998771364e-14 
1.4702229772e-36 
2.3706749029e+27 
5.2595956751e+20 
-2.7017125690e+22 
-4.6135496906e+18 
9.1399113612e+35 
3.4068259788e+31 
1.9451810601e+24 
2.7209872380e-02 
1.2070341808e-30 
1.4554638982e+21 
-2.3278085371e+17 
-5.7345449400e+20 
3.0531461912e-33 
-1.4845951427e-36 
-1.7156065779e+31 
-5.9001238281e+04 
-2.0534871814e-35 
-3.5778579661e+12 
6.2823059255e-11 
2.1497695490e-20 
5.4036542969e+03 
-5.4686684578e+35 
-3.5160851933e+33 
2.9479116440e+01 
2.9467466902e-06 
-3.1276232715e-09 
-5.0716741917e-10 
-3.6706899008e-21 
-5.4458482168e-08 
1.1285560677e-28 
-5.6732944105e+24 
-3.4004915506e-02 
-1.4880846080e+09 
-1.4130690130e+12 
-1.1403701858e+34 
4.7847601918e-29 
-8.1484465000e+06 
-7.0184837120e+10 
4.1561188519e-11 
4.4900430596e-10 
-9.4875888152e-26 
9.4054396715e+24 
-1.7031846059e+36 
-2.6688654334e-36 
-4.3637699958e-20 
-2.5867289151e+23 
-4.8916253945e-06 
1.9484362360e+26 
-6.0130668278e-27 
-4.7268154814e-16 
4.8746649600e+09 
-1.6488480469e-05 
-8.7351441591e-15 
2.7571269828e+35 
2.3085896875e+05 
3.5471195000e+06 
-4.2001997016e+17 
-4.3452705159e+21 
-6.1417027245e-18 
1.0513927506e-08 
3.3769399222e+26 
6.8013106650e-27 
1.8619603354e+12 
-3.2654402747e+27 
5.8446063518e-25 
3.0847932160e-38 
9.4635895851e-37 
-6.1691480917e-12 
4.8873878984e-14 
3.3716301415e+18 
-1.4024138868e-29 
2.2128807068e+02 
-3.7443177677e+11 
-3.4878625595e-12 
3.3201716309e+03 
-1.3423020884e-20 
3.1898322037e-35 
6.5858978271e+02 
3.5956018264e-32 
-1.0665407000e+07 
-6.6023396528e-08 
-2.6083702866e+12 
2.6598663102e+29 
5.1470980133e+29 
-4.8717291312e-10 
3.2282660090e-21 
-5.3099190708e+15 
1.5632256038e-24 
-1.1585700007e-28 
-1.5903737194e-23 
-1.0059618017e+36 
-3.7492112747e+37 
-4.8059284258e-32 
-1.4307519000e+07 
5.6377666560e+09 
-1.5811518000e+07 
1.3384546654e+30 
1.1610660213e-37 
1.1779193600e+09 
-1.3040362857e-02 
-8.1152944565e+00 
-2.9756575823e-03 
-1.7372364800e+09 
1.1209913486e+34 
-4.3763936800e-32 
1.3368495274e-05 
6.4517939301e+36 
2.1531501799e+36 
-2.4027113632e-11 
-1.5728396533e-32 
1.6423492791e-34 
5.3268318589e-37 
-1.8952093696e+10 
1.4096565723e-24 
-5.1537812500e+03 
2.5651007383e+33 
2.2560978693e-12 
1.4259620499e+23 
5.7065670013e+01 
-3.4124235232e-38 
-4.4896584958e-14 
-3.8473225772e+18 
2.8867688448e+10 
1.4463501567e-28 
7.3573408853e-15 
1.9466478750e+06 
-1.5039559598e-09 
-1.3767250144e-12 
-3.3448970795e+01 
3.7263775987e+28 
-6.2249325631e-24 
5.2692977062e-23 
-1.2447284027e-28 
-4.8604984926e-08 
-6.5949035825e-20 
-1.9926230803e-25 
3.0358352551e-12 
-3.9870903307e+35 
8.5645058048e+10 
2.3909114891e+14 
-2.0696716309e+03 
6.4506986721e-14 
-5.1310297102e-02 
-2.7794751471e+20 
1.7529776717e+26 
1.6046782000e+07 
-2.3094590172e-26 
2.2077096875e+05 
-8.5662665850e-10 
2.5719811336e-16 
2.1818607658e-26 
-1.3146978792e-14 
1.1351435291e-21 
3.4566897433e+37 
-1.2195596887e+38 
7.2577001646e-15 
2.5901080326e-12 
3.1551219944e+33 
-1.2108319082e-20 
-3.1070931922e+30 
-8.9928313646e+20 
-1.1765339273e+28 
-1.9105865334e-08 
7.7056186102e+23 
1.0992434179e-18 
3.2236720435e-03 
3.0524955000e+06 
2.3528373694e-10 
1.2077298207e-37 
-2.8197578820e-12 
-7.3221430000e+06 
1.1101941230e+28 
2.9534064823e-24 
-2.4170395000e+06 
-1.2243757957e+12 
-2.0405613649e+18 
1.8813207387e-15 
-1.8509386297e-18 
1.6981733497e-03 
6.0016919774e-26 
-5.0678448704e-28 
-2.8049653769e-01 
-1.3346357821e+29 
-6.5393491768e-30 
-4.5120625107e-25 
-6.4273349443e-24 
6.4979261440e+09 
1.4066527498e-08 
-1.8456558504e-09 
2.9337343908e+26 
-1.2709935606e-24 
-1.1627009078e-10 
-3.0243062543e+30 
-1.2046112295e+28 
-4.7253882940e-07 
-4.0339251709e+02 
-3.2526230962e+38 
1.3642975688e-01 
6.6408484375e+04 
-2.2354747338e-29 
1.5339625747e-07 
-2.0479294658e-01 
-6.2968197699e+16 
2.4624329126e+17 
-3.7739270387e+36 
9.3969216262e+21 
2.3186510971e+13 
-5.6336763136e-37 
-3.2809340097e-13 
1.2652750610e+31 
-3.3068127230e-12 
9.9034308198e-31 
5.8340139389e+00 
1.8402085686e-35 
1.3403368648e-03 
1.2790670487e+21 
8.6617817088e+11 
-1.5697634837e+32 
-1.0331057183e-06 
1.8829471079e+38 
3.0278624230e-30 
1.3289275055e-24 
1.5609213388e+17 
-1.1004796761e-05 
-2.5221613678e-30 
1.6225129882e-31 
-2.6313175915e-15 
5.3984109646e-16 
6.9870901108e+00 
-5.0190407680e+09 
7.8976274714e+14 
-9.5488056540e-02 
-3.4447811863e-38 
-9.7883419615e-37 
4.9905657959e+02 
-7.3059264105e-04 
1.3239895766e-14 
1.0335810547e+04 
1.4473515199e-28 
-2.6404474163e-09 
-2.2922537206e+12 
2.8270548557e-37 
-8.1750378418e+02 
-2.6353463296e+10 
-1.6249568960e+17 
-6.3793825918e+31 
6.8855762739e+31 
3.9889817422e+21 
3.1744214610e+18 
1.7429428719e-15 
-7.5510328656e-08 
9.5633270775e+29 
3.3497267858e-16 
9.7747549662e-24 
1.3341242880e+09 
1.8181659622e-15 
-2.6928852729e+34 
1.1054570035e+36 
-2.3308961582e-26 
-7.1670986712e-02 
8.5652341330e-30 
-3.9155914301e+37 
7.3943053069e-11 
-2.5280742557e-04 
4.0693936157e+02 
-3.5316624758e-37 
1.8013182807e-36 
-5.4119047852e+03 
-1.1059964500e-08 
3.0303531502e+29 
1.4255579561e-02 
-3.5086707866e-32 
-7.9801803694e-20 
-1.6054783191e-04 
1.3468532882e-36 
4.3313033715e+33 
-1.8868092852e-12 
-3.7939115438e-32 
3.6161798309e-37 
1.2456071677e+31 
1.6681869141e+04 
2.0191438243e+36 
3.0755882725e-35 
-1.3866173000e+07 
3.6643577161e+14 
-1.0244711031e-13 
6.7338772925e-19 
-8.8625851151e-31 
-3.9397441705e-25 
-5.5025025019e-39 
-6.7488962823e-14 
3.2198496358e-15 
-1.7669371094e+04 
-2.7479346576e-10 
-3.4016593750e+05 
1.6926997230e-17 
-7.3293484375e+04 
-2.5198462396e+14 
-3.4269144336e-35 
1.1511473083e+02 
-2.0755822098e-37 
-8.8064055890e-03 
-1.2572155833e+21 
-3.6986714176e-19 
6.0790393036e-04 
3.6244912432e+27 
-3.1313319206e+00 
4.0146680647e-08 
1.4725586827e+20 
9.4278157100e+16 
-1.4317843935e+25 
1.2490027464e-36 
-2.6793059200e+08 
-5.8019626141e-01 
-5.1052177734e+03 
1.3105052525e-13 
-2.9002615132e+20 
-1.2902490022e+32 
1.3787948410e-04 
-1.7377075778e-07 
-4.4776860871e+36 
-1.4602926080e+10 
-1.8172873688e-13 
2.2567528460e-15 
-3.4699853961e-34 
2.4802897366e-13 
1.0024685547e+04 
2.4223612338e-16 
2.0997591485e-38 
1.1759831214e-31 
-9.9728693592e-15 
1.0794185547e+04 
-1.0307497618e-28 
1.0170425863e+17 
-6.5769189275e+34 
-3.2034611365e-16 
-1.0261394763e-37 
-2.5350675437e-15 
3.7930074554e-35 
-3.6025476556e-29 
3.2666973293e-11 
-4.1873196800e+08 
3.0502658903e-27 
-2.7246288939e-20 
-4.2394704819e+00 
6.1089233799e+26 
1.6150362112e+10 
4.3531048584e+02 
-8.2188387500e+05 
8.6141270003e-05 
4.5259512000e+07 
1.6798645168e+33 
1.7564743042e+02 
-1.7399294058e+21 
1.7481180991e+31 
-6.7667243438e-21 
3.0432135002e-19 
1.0891642492e-35 
-1.7892792730e+11 
7.3936310000e+06 
-1.0676074254e+38 
-4.0936300190e+27 
1.1780417679e-13 
2.3557496485e+22 
-1.5973619649e-10 
6.0107397222e-38 
-1.7086278184e+35 
7.3861691635e-04 
9.9050573005e+11 
-6.3786784106e+16 
1.5498001048e+31 
-5.5980748047e+17 
-5.5939630393e+27 
5.8474505345e+20 
1.7414051825e-19 
-7.1597281120e+22 
2.6693936000e+08 
-1.4500185547e+04 
-1.2971402858e-37 
1.0720013082e-01 
1.9295072633e+31 
-9.5946480848e+33 
1.5976247210e+22 
8.0827143393e-05 
5.5341348688e-30 
1.8355526845e-04 
1.1519391537e+00 
5.0669715826e-21 
-8.9694012147e-29 
-1.3222735632e+20 
2.4283848204e-20 
-7.1095994154e+18 
-1.1539906993e-15 
1.2216651486e+36 
-5.7599142450e-25 
8.0428297006e+18 
-9.5179324394e+37 
7.0123097600e+08 
1.9791489007e+33 
8.1565987500e+05 
-5.7761675420e-15 
4.7384016216e-02 
3.1519381199e-19 
-3.1241837064e+33 
-1.5498018911e-05 
1.9669522899e-08 
-1.0793053596e-29 
-1.3593120044e-33 
1.9784920633e-28 
1.6219593561e-15 
-7.0927845985e-34 
-5.0144671442e-27 
1.0436038318e-11 
7.0082076672e+10 
-3.8617654354e-04 
4.2028996849e+36 
-5.0850576782e+02 
1.4373506019e-05 
2.1793948092e-15 
8.8397733577e-09 
1.2441380927e-23 
-8.9789468750e+04 
-5.8941239119e-01 
4.7273323464e+27 
-1.3585251442e+36 
-7.7943565654e+18 
-1.3953226684e+15 
9.0988775502e-18 
4.1608799563e-31 
4.8489422070e-34 
2.2702365076e+30 
-5.1330427990e-27 
3.5298712500e+06 
-4.1865112500e+06 
2.1571194000e+07 
-2.6578241348e+01 
-1.0045848467e-04 
6.5185872700e-06 
-3.2182461496e-07 
-4.2825297852e+03 
-1.9239935280e+20 
3.4715935373e-19 
1.4513265189e-28 
-5.1028482616e-02 
1.4564756393e+01 
-3.4710607813e-18 
-5.3577580153e-17 
-2.8540646516e-33 
1.1035004507e-11 
8.0314059328e-18 
3.0950613838e-28 
6.4477192192e+10 
7.0831387630e-12 
-5.8961852289e-08 
1.4026499637e-27 
-1.4600339777e+31 
-1.4203889805e-05 
8.4998078464e+10 
-3.4271393750e+05 
9.5904334797e+16 
-1.0670388184e+03 
-1.0222069889e-35 
3.7554085935e+16 
-1.8261709397e-17 
-1.8290702346e+17 
-9.5713304938e+34 
4.0882326857e-07 
4.4960302734e+03 
-3.7741316673e-27 
            nan 
-8.1919463227e+25 
-1.1309769506e-35 
4.7739259899e-02 
-4.6583931266e+34 
4.5782911235e+20 
-3.6740234464e-06 
-4.8981324196e-19 
1.7842851604e-17 
5.7404417591e-13 
-1.8947872162e+01 
-4.2949477923e-16 
1.6146588052e-31 
-1.6780018347e-11 
-2.9217455629e+16 
6.6571752124e-18 
-9.6740460000e+06 
-4.7953539725e-31 
-8.0971696761e-24 
2.5430122213e+24 
1.4807803537e+32 
-1.0168556694e+17 
2.0649220531e-22 
3.3595309632e+33 
3.6859576502e-10 
-7.2723393010e-19 
-2.6689644903e-02 
-9.3335437747e+23 
8.2346424460e-02 
-3.8131797967e+31 
2.5705868545e-09 
1.8531130063e-16 
-2.8292805412e+23 
-2.2854746203e-04 
-6.2850663973e+13 
-8.9642909338e-36 
7.4988559263e-21 
-6.7429257823e+15 
9.0486514568e-01 
-1.9411325684e+03 
-1.8333478759e+25 
1.2430665047e+20 
-4.1126661188e-08 
-4.0036101120e+09 
-6.4146166249e-29 
-7.9462679030e-20 
2.0165750075e+30 
1.1703498039e+26 
1.2185684912e-15 
3.2063208212e+26 
-4.4597643059e-20 
-1.6563299477e-33 
-1.5652697600e+09 
2.7085165550e-27 
1.4299005320e-33 
1.2987607465e-17 
1.0594692170e-13 
2.8919661564e+38 
-4.9113732698e-27 
-6.7094677186e+14 
-2.2123364829e-07 
3.7911678157e+11 
9.5662083859e-29 
4.7762771626e-37 
4.8782787587e-08 
-2.7498638036e+20 
-8.0419072104e+19 
1.2279137553e+16 
-3.9648341248e+33 
-2.7689482085e-03 
1.6254898906e-01 
5.7242314914e+23 
-2.9155810385e+28 
3.0096057820e-21 
3.8107140283e+16 
-4.2996552734e+03 
8.4703105469e+03 
1.5209617949e+13 
9.4534128000e+07 
-3.7366690247e+34 
-3.1418460258e+36 
8.3794165081e+32 
-2.3006460017e+35 
7.6859136367e+29 
-2.6812586639e+33 
2.2136461614e-17 
-1.3932268417e-35 
-5.4305780557e-39 
2.4257998810e-20 
-1.2020513022e-26 
-2.4757152350e-29 
-6.1092088000e+07 
6.4326561855e-09 
-1.4788064566e+37 
1.1454691247e+19 
-1.4657681341e+21 
1.5620920627e-13 
8.3554698653e-34 
3.8330964128e-31 
-5.6961630006e+31 
-1.2041935185e+18 
1.0945716284e+35 
-2.5988650468e-11 
-8.2057937920e+09 
-4.4395185308e+13 
-1.8067574617e-13 
2.2414853167e+25 
-1.4081947717e-32 
-1.4928444299e-15 
2.9131663360e+10 
1.8380694365e-16 
1.8787407339e-34 
1.4393496266e+16 
1.1824873976e-26 
6.3139487941e+13 
4.2471084450e+35 
2.1553519194e-27 
-6.4435244434e+26 
-1.7632516743e+31 
5.2459574728e-20 
-2.4511839830e-34 
1.6817521964e+38 
1.2499309889e-37 
3.5815269947e+00 
-3.0036601792e-29 
2.6801369141e+04 
-5.3572786586e+11 
-2.3744438092e-22 
-1.4132571607e-21 
-4.6101633011e-31 
2.6787932160e-26 
2.6452945737e-11 
-1.4302881546e-08 
-5.7555444791e+23 
-1.1344619068e-34 
-1.6096778214e-01 
3.4884234498e-22 
3.7666392500e+06 
-1.8678869141e+04 
2.2908538070e+19 
2.9142939020e-03 
-1.7351816257e+31 
2.0481375552e-38 
2.6988386747e+38 
-3.6387031166e-09 
-6.9854244590e-02 
-2.6692327754e-36 
-1.9741752661e+35 
-1.1690277601e+12 
-2.1610963759e+33 
-2.5158325201e-08 
-1.9419815194e-17 
-1.5726688092e-22 
7.9937484375e+04 
-2.7104920346e+37 
-1.1950749711e+27 
            nan 
2.1600856626e-27 
-4.4093017649e-19 
-1.2896559432e+12 
-3.3596557611e-13 
-4.8360927734e+03 
8.1959350000e+06 
1.3958243200e+08 
-5.2929969111e+24 
2.4202002301e+13 
-3.4143094849e+15 
-7.3045670063e-25 
2.2287463246e+30 
6.2535246079e-12 
5.2670339515e-25 
2.6489152941e-25 
-1.0375221635e+15 
6.1363309989e-09 
-3.1601783009e-21 
-2.1112187790e-13 
-1.8225444226e-25 
-2.8396797131e+23 
4.0081974839e+30 
-1.1849434570e+04 
4.1660121298e-38 
-2.6883928200e-30 
-7.1652469743e-32 
-7.8332686380e+23 
-1.0268719169e-29 
-6.8535327130e+11 
2.3457695750e+19 
-5.0073523107e-36 
-1.2240068307e+32 
7.7421471581e-31 
-2.2562845063e+31 
4.0202110890e-24 
6.2888462878e-33 
-4.5457338332e-18 
7.9650493563e+12 
4.9566093367e-04 
4.0197225838e-14 
3.9342596875e+05 
-1.8789448371e-28 
-7.1014277120e+10 
-1.8933707355e+34 
1.9320607727e-37 
-3.0708841683e+15 
-1.1725037863e+23 
1.3973004213e+23 
-1.9124917629e-15 
-1.1512667472e-15 
-3.1601145241e-35 
-8.4572061750e-39 
2.1600770458e+11 
-4.3661253869e+33 
3.5794187626e+19 
-1.8475595969e-20 
2.6456519493e+30 
-2.4743873617e-11 
1.1431183701e-21 
5.8722844155e-21 
-1.0798745600e+08 
-9.9713605376e+36 
2.7615498706e+22 
8.8992935706e+21 
-4.1577460458e+20 
9.3831340564e-06 
-1.8757332228e+29 
-4.7256236313e+30 
-1.3298535200e+08 
-2.6258624888e-22 
3.2145275811e-20 
8.6333726626e-12 
4.9552618205e-39 
9.6100246906e-01 
-2.0805913634e-26 
-1.6302649954e-22 
5.4595668264e-11 
-3.3290346133e+28 
2.1235386880e+09 
-4.7520460783e-17 
2.0568419002e-16 
-8.5991397500e-02 
-2.5835390155e+22 
-1.3946985600e+08 
5.1712054860e-27 
1.5828757193e-28 
-1.1970612000e+08 
1.0473419567e-32 
-1.9130587530e+19 
1.3186657379e+34 
-6.4464644000e+07 
-1.8104509120e+34 
3.1968653968e-15 
4.8001682085e+26 
-1.6274470179e-16 
-9.4371433677e+11 
1.1548218144e+27 
1.4371109955e-06 
-1.7336214440e+33 
3.2924268800e+08 
2.4983489217e+15 
6.9070099700e+22 
-4.1541426737e+36 
-2.3729779887e+23 
1.7861892796e-36 
2.8214093284e-09 
-2.4096900345e-18 
1.6747354653e+13 
-1.3484117985e+00 
1.1909138432e+10 
2.4479531735e-32 
7.8026564136e-17 
-3.6372346191e+03 
1.6892049462e-04 
1.1443332999e+32 
-4.8195510864e+02 
9.1479806801e-23 
-7.7344152832e+02 
-3.5376228333e+01 
-1.3056928926e+21 
3.7289324462e+29 
-3.7044916207e+33 
-3.2140328960e+11 
-4.4083759576e-07 
-1.3353216640e+33 
-6.0013118751e+12 
-1.6272722500e+06 
4.9552433794e-37 
-6.1670471247e-13 
6.6967692692e-04 
-2.9929499986e+23 
4.6856812412e+23 
-3.7706305644e+30 
7.7950835625e+21 
-1.4020725128e+32 
1.0042173200e+26 
-4.5653161685e-26 
5.9080366045e-02 
-4.8474821374e-35 
7.2251588871e-24 
4.7221033712e-28 
2.5422680119e-16 
-9.4338172528e-14 
-1.5794537029e-27 
9.0134011875e+17 
1.7266007103e-37 
4.9051055542e-25 
3.3921289062e+02 
1.6975544320e+09 
-1.2565559704e-11 
-8.1430529171e+30 
4.6597736780e-10 
-2.5238971109e-25 
-3.2865662000e+07 
-2.5983820489e-36 
-5.0133127291e-17 
8.6939848067e-30 
3.8636572437e-20 
1.6060892486e-24 
2.4692948101e+14 
1.9046538410e-37 
2.5466308594e+02 
-2.7454612072e+14 
1.6226464616e-11 
-5.0235787552e+23 
-3.7880299520e+09 
1.2028671335e-05 
-4.0982404955e-21 
-9.4554800000e+05 
8.4975138037e-11 
-4.0326622135e+29 
1.4218701586e-22 
1.0779037615e+27 
-3.3037189120e+09 
3.1875502440e+13 
7.5972275226e-07 
-7.4634345931e+25 
-1.8692228631e-28 
-1.6780849546e-04 
-1.8485448003e-32 
-4.6129830678e-37 
6.1838991250e-28 
1.2524193355e+16 
-9.3868208590e+36 
-4.7744697085e-11 
3.0342031067e+26 
-6.2541206550e+19 
-4.5308494568e-01 
1.0622687500e+04 
7.7507220443e-18 
4.7720902785e-09 
-5.6440152600e+29 
1.3181099550e+29 
1.4432259832e-08 
3.4388033201e+34 
2.0523148902e+12 
-3.0829553379e+22 
6.2416773289e-05 
7.8207297409e-15 
-1.7716809090e+19 
3.1847023486e-28 
-4.6270092397e-22 
-3.1652343750e+03 
2.0919682913e+37 
-5.5873718262e+00 
9.8343616118e-23 
1.5895107452e-10 
1.1333353498e+21 
2.2366442032e-11 
1.6398784922e+11 
-8.0321911735e+37 
-1.0284716797e+02 
6.0993918249e-13 
-6.2709204940e-08 
-1.6272778680e-09 
3.2994592488e-38 
-1.2683307945e-29 
-8.3690412065e-20 
-1.0104428674e+28 
-3.3534843493e-38 
-5.3778989241e-05 
4.8533311600e+21 
5.9514730405e+24 
7.7945896265e-14 
-1.6404971184e+15 
-2.1254502775e-22 
-1.6430541992e+01 
1.2592837386e-29 
-1.6999950320e+13 
-1.7856273468e-34 
9.1727734375e+02 
-1.2339467555e-14 
-9.1036400000e+05 
-3.1672662540e-15 
6.2769750000e+04 
-1.3786103707e-32 
4.8739291149e-21 
-1.7251338136e-09 
-1.4546200662e-25 
1.2523789284e+18 
2.3235057667e+24 
-2.9620481491e+01 
2.6644946312e+18 
2.0326013821e-13 
6.2827341238e-18 
6.3170662315e-23 
-6.0721064074e-05 
4.9685435000e+06 
2.2492283597e-32 
4.6322938043e-32 
2.8650935573e+29 
7.9345899425e-13 
1.2060487211e+17 
-2.9361348662e-34 
3.8337957004e-20 
-6.6373954628e-19 
2.0374168606e+20 
4.5119022596e+19 
-2.8168990578e-12 
1.2187462423e-30 
1.1333975072e-14 
2.9689147789e-36 
-2.7834740735e-08 
-2.3920742863e-32 
8.5836175029e+33 
7.4090293849e-27 
-2.0665501200e-24 
1.4400902656e-20 
-7.4342562322e-25 
1.0962247974e-33 
-6.1133052000e+07 
3.6933503336e+35 
5.1269641813e-19 
-4.1325307258e+19 
1.6707421708e+16 
5.1533429342e+13 
1.1469542503e+01 
-1.2215661154e-13 
2.2649087813e-28 
1.9892466252e-32 
7.1115465465e-38 
7.0426493836e+22 
-1.1469548264e+14 
-9.2321503259e+27 
2.6261190656e+10 
-2.4519959002e+20 
5.1999035000e+06 
6.6036744782e+30 
1.4893561523e+04 
-6.8312426826e-09 
-3.1872465996e+24 
-2.6521756649e+00 
-2.5839680263e-14 
3.0011749820e+32 
-1.3808974028e+00 
-7.9942450248e-20 
-5.1340700268e-38 
-7.0766709965e+11 
-1.0794318750e+06 
1.1155539943e-27 
4.2849658250e-24 
5.7316061109e-02 
6.3553835420e-27 
4.3095124595e-32 
-5.8871499902e-26 
9.0956736286e-37 
-4.4769980941e-38 
1.1390050894e+13 
3.8447059457e+17 
9.9248769481e+18 
-4.4996148063e-05 
-8.9157071903e+14 
7.6399301047e+14 
-1.4126309086e+26 
-1.8344497969e-37 
-3.3952779688e+25 
2.1696114957e-12 
9.7549627753e-06 
3.3506850816e+10 
-6.3667774206e-26 
-1.7817080634e-21 
5.6578099460e-31 
6.7825993750e+05 
-3.5153307530e+37 
-8.5572439123e+20 
-6.7341640436e-31 
-3.6037985039e+36 
-9.4722360373e-01 
-1.3053532203e+14 
4.6430000000e+08 
-6.0535603214e-25 
-1.1209588691e+16 
2.4328308257e-16 
-1.2735076904e+03 
-2.5685579467e+17 
-1.7215823726e-21 
-6.9010246277e+01 
-4.1201541317e-32 
3.2724611072e+10 
1.2799797580e-02 
-1.4466139796e+18 
-2.4202812023e+29 
-8.4874975496e+36 
8.9945828563e-08 
-2.5085926046e-28 
-3.0698760192e+10 
1.1996871495e-34 
-3.1892882667e-37 
-1.5161433682e+31 
-1.9270553528e+27 
5.8115494540e+16 
-3.7124894215e-34 
-1.1243893433e+02 
8.8866858708e-17 
-5.0514789079e-36 
-9.1501147461e+02 
1.7191899815e-07 
-2.3248345498e+12 
6.2137420860e-13 
5.3382234573e+00 
-1.3750877406e-04 
2.5713894043e+03 
2.0328615234e+04 
7.9576697350e+00 
1.1142136086e-15 
1.2737448327e-02 
-2.7697749458e-29 
-1.4970842513e+13 
-1.6033932582e-07 
-1.8131318153e-38 
-1.3320525818e+17 
2.7909401457e-09 
3.6374226547e-11 
8.8907307014e-36 
-5.2505187500e+05 
-3.0590304050e-06 
-7.5814014053e-06 
-1.5124087602e-17 
3.9686466560e+09 
-9.1575360992e+32 
-3.7793673202e+29 
9.0636405062e-39 
2.2023194203e+25 
9.1753335226e-38 
6.0068279995e+21 
-3.8730296320e+09 
-6.6215568570e-31 
-1.8643677639e-13 
3.6458219402e-03 
1.4391989983e-29 
-1.2817529790e-33 
-1.2754416436e+31 
-7.9452160000e+10 
-3.1432655018e-23 
-1.4842880258e-09 
-2.5202996586e-25 
-2.4210643511e+19 
-2.3959488275e-17 
-1.1320972828e-23 
6.1404178022e+11 
1.2065794620e-28 
9.8325797274e+11 
3.6111585796e-02 
-7.1745863720e+29 
-4.8892095557e-32 
8.0623587500e+05 
6.5333828330e-02 
1.7177243042e+02 
2.4177267698e+17 
-3.8140154062e+31 
1.0628364239e+13 
1.5169606934e+03 
-5.2130400000e+08 
1.2735239888e-15 
-4.0624165365e-08 
1.5914513925e-36 
2.2854226167e+32 
1.0444707641e-06 
7.3518069410e-10 
3.5036583055e+35 
-8.3943146878e-10 
4.8712435263e+14 
-2.0688699232e-23 
-6.1259042951e+17 
1.1625419675e+20 
-1.7852673639e-28 
-1.4701569129e-10 
-1.1838052387e-06 
-1.0109044896e+24 
1.9948217300e-07 
-2.6251173457e-10 
2.4319502920e-18 
-2.2832598442e-13 
-2.2674943320e-03 
2.7634839039e-34 
-4.1735195000e+06 
4.1560538983e-26 
4.1270148919e-14 
6.0001414948e-10 
-8.3302217070e-27 
8.4657795014e-06 
-1.3287509005e+21 
1.4243698438e+05 
1.2857102477e+24 
-6.1441716723e+29 
-3.2997075124e-12 
-2.8038781311e+16 
-3.3492948282e+36 
-7.1582004214e+28 
1.1747060573e-12 
4.2437219200e+08 
2.9105623047e+04 
-6.0828872878e-18 
3.1808686703e-31 
2.4795472342e+31 
-2.5917082822e+25 
-8.2228533305e-22 
1.6567735411e-13 
9.4329219870e-26 
-2.0999175724e-34 
-2.5162397500e+06 
2.7460843387e-13 
4.6354042151e-16 
-3.4274009522e-03 
-4.1810856720e-27 
1.2850597478e-36 
1.9269789457e+00 
-1.1702371017e-10 
-2.3934505294e+30 
3.7070517554e-13 
-6.1352254472e+36 
-3.1313903809e+03 
-1.3672861076e+32 
1.8273162901e-19 
-2.0137889029e-17 
1.0629976531e-28 
9.8531628713e-18 
9.6750983915e-36 
-4.1105582241e-23 
7.4231201556e+14 
-2.1655197113e+21 
-5.4895270948e+21 
-5.0326281066e+31 
-1.2649278640e+15 
6.3894718509e-12 
-3.5114904762e-08 
1.9457945608e+17 
-2.0201221230e-33 
2.3387928988e+18 
4.8887981399e+32 
-3.5493278809e+03 
-3.6318979502e+34 
2.9424575623e-03 
1.0706951904e+03 
-3.7793509746e+17 
6.6142489987e-35 
8.7478466869e-37 
2.6818435471e+26 
1.4956105199e+17 
-4.7131195000e+06 
-7.4156846495e-06 
3.8459138580e+27 
-5.7655615819e-05 
-4.5676800026e+15 
-1.1059624009e+21 
5.7544404394e-37 
1.1399651356e-07 
-8.3900505190e+25 
8.0498647690e+00 
4.3533899312e+30 
-1.4769666349e-29 
7.7407968851e-20 
3.5696598887e-01 
6.1029969575e+27 
-6.1404868608e+10 
-6.9769729398e+23 
-2.3596185836e+19 
5.8384097201e-07 
4.5510312572e+21 
-5.2779165587e-12 
-8.6161661168e-32 
1.5191318328e+32 
-1.2760106459e+17 
2.1499835807e-14 
-1.7668634624e+10 
2.3743982084e+38 
1.8758584841e+24 
4.7588950110e-05 
-2.5653239159e-37 
-2.8530819212e-17 
1.0945743444e-11 
-2.5291336909e+11 
-4.7136652469e+21 
1.6564085007e+01 
3.5357602201e+28 
1.2770460844e+00 
-2.7333296657e-06 
9.3006328000e+07 
8.2102651596e+00 
-2.1203970073e+17 
9.4257606540e+17 
5.2064693451e+01 
-5.3070499548e-31 
3.7041734877e-34 
            nan 
1.3600046649e-37 
2.4886783246e+13 
1.1543290470e+16 
-2.0120228317e+34 
3.0382797938e+17 
8.2981849798e+15 
5.9711342036e-31 
3.2986982388e-15 
-5.9241254942e+36 
-9.1215680608e+34 
6.6786883676e+23 
1.4548493255e-06 
1.1309003483e+18 
-1.5207862534e+20 
4.6061047808e+10 
3.2970655710e-02 
6.8471623569e+14 
8.5419577940e+14 
-7.4093652850e-18 
1.2159147321e-22 
-4.6139838797e+36 
-4.5093601643e-33 
-2.5782238566e-08 
-1.0241267140e-25 
-2.1044385924e+18 
2.2950279779e-14 
2.3061419167e+37 
-8.9495072212e-33 
2.9652999279e-28 
-1.9213397872e+35 
6.8967470199e-32 
1.1472081063e-08 
1.4619063139e+00 
-1.8257938617e+17 
-6.1655804000e+07 
-7.9703800380e-02 
-2.0195275511e-17 
3.3012428846e-16 
2.4981466013e-28 
2.4366180800e+08 
-1.4722968000e+08 
1.6246135808e-20 
6.5805006347e+35 
-1.4727033290e+18 
-4.1394156917e+20 
-2.6789714175e+22 
-1.2923983154e+03 
-8.2254521657e-25 
1.4505120496e+22 
8.2114235000e+06 
1.1643095640e-03 
1.3437015896e+34 
            nan 
1.5265850342e-33 
-1.0517135392e-20 
-1.2561367152e+30 
1.8124294954e-08 
-2.9433917868e-13 
1.2558580480e+09 
-3.0509563362e-27 
-2.3655166301e-21 
-1.6279314563e-09 
-1.2207623059e+33 
-2.2994806534e+27 
-1.7103815828e-22 
1.5696582975e+33 
-1.5034382841e-06 
-1.1389794159e+02 
-2.8774873047e+04 
5.8443840878e-09 
5.0446734459e+12 
1.6517911984e+37 
5.4685573303e-30 
1.8429650784e+37 
1.8570082127e-32 
1.3117731612e-07 
1.0372507127e-14 
-1.1109810301e-20 
-3.3236957500e+06 
4.2447801679e-02 
9.3567452431e+27 
-5.4587351368e+12 
-1.0612427257e-02 
-2.5066171411e+25 
-7.8086550348e-03 
-1.3713314106e+16 
-7.4923795037e-25 
-1.1611256220e+24 
-1.0601247639e+21 
-6.0545994107e-28 
6.9909080796e-15 
-2.8576964471e-13 
5.3518309458e+31 
1.2991445760e+09 
-8.0150195200e+09 
-1.7803898438e+05 
-4.5072949155e-17 
2.3714488320e+11 
-3.7625825058e-38 
-2.8836508467e+12 
2.2861461011e-29 
5.5234637095e-35 
4.6645747267e+19 
5.9367969107e-35 
1.0296134855e+34 
-5.9860544707e+22 
-2.2542643479e-13 
6.1167453925e-32 
-1.0156089695e-30 
4.2683680043e-15 
7.5754611681e+28 
-4.5482764108e-05 
5.0490364800e+08 
-1.5431776495e-20 
-1.8268615900e+23 
1.5444951917e+36 
2.3295266027e-35 
-4.0936947519e-26 
-4.1411812417e-03 
-1.6069275198e+15 
9.7171771074e-08 
1.2422226536e+17 
-1.9437106917e-38 
2.1673217040e-11 
-2.5782833234e-16 
9.6042424730e+11 
-8.3602278949e-15 
-4.5945993614e+23 
-1.6992644233e-31 
-5.5620388544e+23 
4.3082331941e+21 
9.8380932036e-14 
-1.3477193984e+16 
-7.1482183728e-08 
2.3661063096e-05 
-2.0045603943e+02 
6.3338864348e-38 
5.6469793800e+14 
9.4798101289e-24 
-1.8200213027e+34 
-3.6362258252e-03 
-5.2317621953e-17 
-9.8287096754e+17 
-2.5371678727e-18 
4.0250790957e+25 
-2.1808026243e-17 
-7.8921522818e-28 
-5.4869934366e+34 
7.4541773963e+21 
1.0976487560e+21 
2.8233512141e+27 
-7.7412718163e-13 
1.6215947830e-23 
1.5940771187e+29 
5.0547139614e-20 
-1.9795223505e-15 
6.7636746240e+09 
7.0196591151e+15 
-3.7284418337e+37 
-8.0529754398e+21 
2.7397673590e-18 
-1.9423430993e+28 
-1.5542684570e+04 
2.9029646516e-01 
-1.2090162057e+29 
1.5155933594e+04 
-7.5697085603e-23 
3.3963464355e+02 
-1.0187069352e+14 
4.2007746219e-34 
1.1504888079e-18 
-6.8878320982e+19 
-1.6891795238e+23 
-1.1832782695e+29 
-2.1657833099e+01 
-9.8753008000e+07 
-2.1550496875e+05 
5.1429560408e-03 
-2.0450084800e+22 
1.1737277555e+29 
2.9052055271e+29 
-3.1404182842e+32 
2.5418490811e+21 
-3.7313867647e+22 
1.4240211385e-05 
4.3938867748e-02 
6.9426301803e-29 
-3.7392485551e+37 
3.6930818368e+33 
1.0886359405e-06 
-6.3145599902e-27 
2.5419945950e-33 
5.0066218376e+00 
3.3583695721e-19 
3.0434868878e-34 
2.8380009532e-01 
2.2667548228e-15 
2.4260299200e+08 
1.3526970655e-08 
7.2912926652e-27 
2.1504308056e-10 
4.9650065471e-20 
-2.7002113108e+15 
-6.4483482573e-13 
-1.9536039899e-20 
-5.7009759521e+02 
1.8117223988e-07 
-6.1551524480e-34 
1.9815673037e+11 
9.8861791943e+27 
-4.9044375332e-12 
-4.6391841888e+01 
8.8785636902e+01 
-5.1142373669e-10 
3.6865077412e+12 
3.5048391877e-24 
-2.4879611472e+22 
1.2237573646e-18 
8.7206356227e-02 
7.4197065260e-05 
1.1969964200e-32 
1.7938235430e-07 
1.0955227017e-16 
3.3508196875e+05 
-4.2103686938e-14 
1.4500182033e-06 
-1.8905298438e+05 
1.1371229220e-06 
2.4629818111e-20 
9.0736853794e-12 
2.7426111563e-15 
-1.7671306288e-19 
-4.1695271544e-23 
-1.3518303991e+34 
-1.4203819098e+23 
2.5183919769e-28 
6.3230011726e-19 
2.6894509613e+19 
-3.2667267189e-32 
3.0472161982e-36 
-4.3724986778e+11 
1.3261033630e+02 
-2.2605581119e+29 
-1.2121517104e-17 
5.4156617537e-32 
1.4847576904e+03 
-2.4322135269e+30 
-6.2174770950e+34 
2.4007702252e+19 
-6.2058455796e-07 
-8.3842102996e-26 
5.1636795000e+06 
1.0162817254e+35 
1.1730434013e-36 
1.2889037003e+28 
7.3448219867e-23 
6.8192656735e+19 
1.2075585801e-05 
-3.1066683587e-03 
6.2657040203e+16 
-7.3385307105e+19 
8.3348663828e+13 
-2.9397459467e-10 
-1.8364338536e+13 
-9.3401117697e+29 
3.0465570180e-16 
-8.7061048612e+33 
5.7509906213e+18 
-7.4730252571e-15 
-1.7117806911e-18 
6.8408492188e+04 
6.1091641503e+33 
-3.0571677500e+06 
-1.8820879548e-28 
-1.8120861967e-07 
            nan 
7.5871035000e+06 
1.5029712501e-12 
1.5829857164e-20 
-2.2171529417e-04 
            nan 
-1.2588196027e-15 
6.4214506428e-27 
1.3191954991e-17 
-4.7697246094e+04 
-8.6542793750e+05 
9.5086641492e-17 
-1.3432419497e-18 
-7.1388768000e+08 
2.5959097355e-20 
-5.6216503592e-28 
-3.4242793233e-19 
-3.4193870401e-16 
-4.6524803993e-16 
-9.1037544938e+28 
1.9747110491e-04 
1.3373427574e+16 
-1.1624825675e-05 
-4.2247374656e-38 
-9.1717370605e+37 
-1.2127434910e-29 
1.2068348646e+35 
9.9396127946e+30 
4.1108141985e-37 
-4.0391731216e+22 
1.3228502475e+35 
7.0554790341e+19 
-6.1825807264e-15 
-1.4113744648e-25 
-6.1381080781e+31 
-1.7339460423e-10 
1.7139987151e-24 
7.8594139387e-20 
6.2985471420e+37 
2.9235341875e+31 
-9.8939023360e+09 
1.1802378981e-21 
-4.3822139264e+31 
1.1696065651e+30 
-3.3128938180e+17 
2.0504636161e+30 
8.3643737769e-11 
2.7567174417e-29 
6.5133728800e+17 
2.6998292349e+13 
3.5380110346e+25 
9.2805126373e+37 
-6.9913773893e-21 
-1.3927096854e+20 
-1.3346505061e-20 
3.9051829456e-30 
4.9142256379e-01 
-6.8142079679e-29 
1.1156269850e+21 
8.8037925666e+33 
2.6492189562e-23 
1.3937885224e+29 
-8.3539852269e-20 
1.9544012061e-16 
4.1755652220e-22 
1.5742856335e+28 
-1.2720151901e+01 
-1.0226544716e-26 
-3.7351143587e-35 
-7.7898599438e+32 
9.4374178779e-26 
-8.0329752590e+16 
8.6641313879e-30 
-8.0449566245e-02 
-6.0537187500e+05 
1.2864298697e-05 
1.6415576445e-14 
1.4327922316e+15 
4.9453481310e-09 
2.4391732723e-07 
-1.7035874712e+34 
-2.0114610787e-25 
6.6753801135e-19 
-5.4543289575e+14 
1.2154471873e-09 
5.4494395518e+19 
-2.7524986880e+10 
-3.0073968228e-03 
-7.0529279014e-32 
-1.1641929121e-25 
3.3845278722e-06 
-1.9986373047e+04 
-4.2425396875e+05 
8.6023430997e+21 
5.2885705600e+08 
-6.0444103837e-30 
-1.4654176145e+32 
-4.8521597833e-27 
6.3415232561e-17 
-5.1516746094e+04 
1.1932616326e-04 
-5.6899283072e-29 
-4.9078407886e-31 
9.8121058892e-22 
4.0796121788e-28 
1.7142358601e+34 
-2.1112944640e+10 
7.9083116306e-32 
-3.0414915085e+01 
-1.5674119727e-30 
1.0124150291e-28 
-1.0383826438e-10 
-2.5548421120e+10 
-2.0709160076e-22 
2.5995818432e-03 
-3.9807926272e+11 
-5.7681170677e+28 
-9.6797537524e-28 
1.7239580075e-06 
2.3493597500e+06 
1.3199140547e-25 
-2.4292567286e+12 
-1.4564480433e+35 
2.7730996875e+05 
7.9368567073e-18 
-6.9474409317e-37 
-2.7163689955e+34 
-2.9019012016e-22 
5.3830324580e+18 
6.5317213422e-22 
7.3677925211e+15 
-9.6860608423e-09 
-2.3235918234e+11 
6.9251430426e+34 
1.4737278680e+37 
2.6272025934e-05 
-7.6055968208e-25 
1.9219110002e+21 
-1.3430940037e-22 
1.0224872307e-32 
-2.8525178197e+17 
1.0720880850e-09 
3.4867770386e+02 
-9.9497492188e+04 
3.3913651107e+19 
-6.5145644800e+08 
8.4665255492e-13 
3.3007148176e+28 
-4.5320170395e+27 
-1.7935122003e+17 
-1.2371612795e-13 
4.2221694976e+10 
-2.4461617600e+08 
2.4567043753e-14 
-2.0745206079e+25 
3.6453578240e+09 
-2.2351898438e+05 
1.3296669439e-17 
1.1714962110e-24 
-4.4284065682e-16 
-2.0307576454e-10 
-6.0386235000e+06 
2.1215110831e-12 
-1.3140141033e-02 
-5.3497606140e+27 
1.0643858017e-09 
-8.2507863641e+37 
5.5662963482e-19 
-3.5246860508e+14 
-5.1568002185e+26 
-1.8062601093e+12 
-3.6457221790e-12 
2.0238744320e+09 
4.7731870587e-22 
2.1220487175e+15 
-1.4459677420e-14 
-1.3445853360e+29 
-5.9509895697e-24 
3.8441207886e+02 
2.2564760000e+08 
7.7714387915e+30 
-3.8235575113e-31 
-1.4351498438e+05 
2.7527201005e-11 
-2.7178688341e+16 
-4.3364826103e-38 
-3.9800275834e+19 
1.5661407108e-14 
5.9721429811e+11 
8.7052234995e-13 
-1.4540977417e-24 
1.3551853456e-20 
2.2424772516e+14 
1.0451538478e+31 
8.8010636020e+36 
-6.0783437761e+33 
2.8339685267e+20 
2.9652791333e-09 
4.1025463583e-20 
-1.6363534883e-07 
-1.5185421188e+31 
-1.2306628749e-02 
-4.6191595789e-35 
-8.1034736000e+07 
-4.8431412019e+11 
1.0597386367e-17 
6.4034802514e+26 
-1.7054124273e-35 
8.3142074585e+01 
1.0831277500e+06 
9.8700881576e-31 
-1.0732987069e-24 
-6.9146908572e-06 
2.0819658168e-30 
-3.5525837498e-37 
-2.5037918960e-10 
1.3197214043e+18 
7.9069562856e-32 
-2.3092208756e+14 
5.2594633591e+26 
-1.1951859712e+10 
1.4047058594e+04 
-5.7999252319e+01 
3.8553790625e+05 
-9.7400372314e+02 
2.6061989478e+13 
7.7184476562e+04 
2.8754941679e-13 
7.6752750894e+29 
-1.6424503169e+35 
1.2521517929e-03 
-8.5138145369e-04 
-1.3959567022e+32 
1.5552062000e+07 
-1.5430797500e+06 
3.4955755467e-14 
5.1260694725e+13 
2.8323337245e-28 
6.6620690918e+02 
-2.9027263926e-10 
1.3502355446e+14 
6.4570229738e+28 
-3.8274097433e-12 
1.8732774860e+27 
-2.4996662518e-08 
-1.1432029714e-04 
3.5933835427e+31 
1.7760397500e+06 
1.6161351673e-32 
3.7972475402e-03 
-3.9522401989e-02 
-3.4046047690e+37 
-3.1728292815e-03 
-5.1027026928e-33 
-2.3126615959e+38 
2.1550963098e+14 
2.8559785747e+35 
1.4894305728e-02 
4.3283818731e+15 
-3.3481754499e-18 
-2.0560352032e-10 
8.5595334400e+08 
1.3475184476e-19 
-3.6998114538e+28 
1.5971650746e+24 
2.3500491200e+08 
2.1401516800e+09 
1.7637112257e-11 
-5.3583100550e-19 
7.7225200832e-02 
9.7837078114e-38 
2.7947553297e+26 
2.1002835638e-05 
1.4076731591e+20 
2.9183502915e+21 
1.5399503520e-28 
4.2438441626e-23 
1.0360445161e+30 
-9.1821109988e-30 
2.6381022720e+09 
2.3147001307e+33 
-5.1329646111e+00 
-1.2223063968e-02 
-1.4468755745e-27 
-2.0852385096e-10 
9.4138523920e-20 
3.3378179599e+18 
-2.1108496699e-34 
5.1429175065e-21 
-1.4747867794e-30 
-5.8637989530e+20 
-1.2713389879e-04 
2.2507701107e+24 
1.0816767200e+08 
-1.1196669340e+00 
8.8102227935e+14 
1.1587649219e+05 
2.3205297475e-04 
8.0686624643e+15 
5.5386042368e+10 
1.4049878350e+21 
2.4128375554e-14 
-1.4430489341e+20 
4.7605857434e-25 
4.6432292297e-22 
-2.6610502088e-20 
-6.6626875000e+06 
9.9156445793e-19 
9.3567277303e-27 
1.0716259003e+02 
-2.4948873682e+23 
-5.1523341675e-24 
-3.2890559080e-20 
4.4357511488e-32 
-9.3260388532e-25 
7.0239551216e+30 
-1.8436371975e-23 
1.1540094953e-18 
2.2073312061e-19 
2.7687012318e+38 
-4.0277047557e-28 
-2.1640894935e-02 
-2.5058409483e+26 
-9.5650620408e+36 
4.0142272000e+09 
2.6179540989e-20 
3.2998732004e+38 
9.0882168586e+12 
1.9359123047e+04 
2.3844761296e+26 
-2.0354965543e-12 
7.3531925898e-24 
-1.6396996456e-22 
-8.8600811596e-23 
7.2498448723e+18 
5.9850976659e-31 
-8.9434718208e+11 
3.8388486952e-02 
-9.5358492188e+04 
3.0597246958e-09 
-1.5479237260e-27 
3.3302579743e-22 
1.8852585805e+15 
1.9831258192e+14 
-2.8494974000e+07 
-2.3536964363e-05 
-8.6229129683e-23 
-6.4464502129e+13 
1.9921698438e+05 
-1.9757518005e+02 
1.2479630410e+13 
3.6190835277e-16 
8.7152056405e-11 
-9.0528248000e+07 
6.0201868939e-19 
6.3883485444e-18 
3.0257357124e+32 
-4.6941876146e-20 
9.3481382707e+11 
2.5363263984e-39 
-4.6156145611e+33 
3.3862883065e-14 
9.2493204685e+11 
3.6113332325e-09 
-2.3657831538e-29 
-4.5964263506e-08 
-2.1649968715e+21 
6.0566151205e-07 
-2.1100339799e+33 
1.1165364413e-03 
-1.3348612121e+20 
