2.3509887016e-38 
0.0000000000e+00 
0.0000000000e+00 
0.0000000000e+00 
0.0000000000e+00 
0.0000000000e+00 
0.0000000000e+00 
3.5873240687e-43 
0.0000000000e+00 
0.0000000000e+00 
0.0000000000e+00 
0.0000000000e+00 
0.0000000000e+00 
0.0000000000e+00 
0.0000000000e+00 
0.0000000000e+00 
0.0000000000e+00 
0.0000000000e+00 
0.0000000000e+00 
0.0000000000e+00 
0.0000000000e+00 
0.0000000000e+00 
0.0000000000e+00 
0.0000000000e+00 
0.0000000000e+00 
0.0000000000e+00 
0.0000000000e+00 
0.0000000000e+00 
-4.4236203410e-34 
7.1746481373e-42 
0.0000000000e+00 
0.0000000000e+00 
0.0000000000e+00 
0.0000000000e+00 
0.0000000000e+00 
0.0000000000e+00 
0.0000000000e+00 
0.0000000000e+00 
0.0000000000e+00 
0.0000000000e+00 
0.0000000000e+00 
0.0000000000e+00 
0.0000000000e+00 
0.0000000000e+00 
0.0000000000e+00 
0.0000000000e+00 
0.0000000000e+00 
0.0000000000e+00 
0.0000000000e+00 
0.0000000000e+00 
0.0000000000e+00 
0.0000000000e+00 
0.0000000000e+00 
0.0000000000e+00 
0.0000000000e+00 
0.0000000000e+00 
0.0000000000e+00 
0.0000000000e+00 
0.0000000000e+00 
0.0000000000e+00 
3.9847131583e-33 
3.9744941584e-15 
2.9295574288e+20 
-5.6205303202e-15 
1.1521922536e-29 
2.8997250240e+14 
2.8001403809e+03 
-1.5147069795e-35 
-1.1675881594e-01 
3.0645139694e+01 
1.0819248534e+17 
-6.9088218155e-31 
2.8474166888e+27 
1.0667624462e-37 
-2.9594429939e-25 
1.8224524681e-19 
-2.3635845120e+11 
-2.1013872395e+38 
1.9019750019e-15 
4.2796952703e-38 
3.0859095040e+09 
3.2066120990e-16 
-1.7377210315e-03 
-3.0196353862e-08 
6.5127309312e+10 
-1.4605154402e+16 
5.5484591636e+12 
-3.7369581171e-13 
-9.1454787500e+05 
-3.3848684544e+10 
1.6256467034e+24 
-1.2206234601e-07 
9.0657418934e-35 
2.0638476250e+06 
-3.6400595707e-17 
1.8216846088e+19 
            nan 
-6.1008116000e+07 
-3.1631873503e+30 
8.0814470400e+08 
-4.9237219896e+17 
1.7489955841e-16 
1.1070784167e-30 
-6.0230012438e-14 
1.1880003925e-10 
-6.4021985279e+30 
2.6573365344e-34 
1.5771669627e+12 
-2.8193287862e-26 
-7.1004961910e-07 
-2.0336936359e-05 
6.0348290808e+26 
1.4317712791e+24 
-4.8016302975e+26 
-6.5660797306e+37 
-2.9779910244e-15 
8.1527212553e-14 
2.8727809483e-19 
3.8972639299e-22 
-3.2284024373e-19 
2.9696634000e+07 
5.7259045246e+24 
2.1147281408e+10 
-1.6036560372e-13 
1.1625264441e+22 
-8.5311631185e+16 
1.0539546917e+21 
-1.2928881039e+38 
2.9561654471e+26 
7.4850391825e+33 
6.5796223580e-28 
-7.0511942682e+16 
-1.2774447656e+05 
-7.3741147204e+26 
-1.7660331214e-03 
2.0920213555e-35 
1.6348809570e+04 
6.6318221113e-22 
8.3674800216e-14 
-1.7895003931e+37 
2.0401619141e+04 
1.4237202454e+02 
-6.1611499236e-10 
-1.3756616291e-08 
1.0911979770e-29 
-1.9355575744e+31 
3.2175504753e+12 
-3.2792145832e-32 
1.2456587473e+29 
1.7431675587e-05 
2.5936523975e-38 
1.8607990525e+36 
2.8711569477e-26 
2.0636372042e+13 
-1.5507236606e-09 
7.4810144724e-04 
-1.3105670690e-14 
1.0633659187e+11 
5.9644077271e-18 
3.7523085333e-11 
-2.0307208101e+23 
8.5613866100e-26 
-5.5817601796e-18 
-4.3126972741e-05 
-2.0879338348e+35 
-1.1118336205e+15 
-1.1898834784e-20 
7.2068659631e-29 
-2.4504691982e-25 
-3.2384716112e+13 
3.1370228600e+25 
-1.9812697561e-36 
-3.8668528000e+07 
-1.7961333506e-03 
-7.0190292969e+03 
8.2076195570e-17 
1.2000569524e+20 
2.9973628846e+13 
-7.5443080706e+26 
-4.4335129253e-30 
-2.8061505567e-25 
8.9397878784e+10 
-4.1421651509e-35 
-9.6211606783e-35 
9.8591852188e+00 
-7.7382822400e+08 
-9.6165848075e-31 
-2.2009174526e-01 
4.8540513757e+23 
2.2842641830e+01 
-1.2713199535e+35 
-5.0669593016e-24 
1.8874322667e-17 
1.8551091670e-28 
6.0270143802e-35 
8.1049468750e+04 
6.9980639763e-24 
-5.7384019214e-22 
-7.5168771545e-20 
-2.6294754802e-17 
1.1127477789e-30 
-2.8089077526e+16 
-1.0656027579e-19 
-7.3975749177e+22 
5.7290244102e-01 
4.1405500973e-16 
7.4803209830e+12 
1.5316209106e+23 
-3.2279986323e-38 
-1.5539718718e-20 
6.1045036155e+32 
1.8874334990e+25 
-4.1946924433e-16 
1.6429803509e-05 
1.4385019879e+14 
2.1853728324e-31 
-6.4903306660e-15 
-4.1506518809e+36 
1.3699693227e-05 
1.6229789696e+10 
1.1739962391e+16 
-1.4386166992e+03 
1.8808064485e+18 
6.7660749237e+30 
2.4817064877e-26 
1.0326354527e-07 
3.0136140032e-23 
1.8153054199e+27 
2.3186161090e-16 
1.6221838993e-17 
-1.4020341899e+30 
8.7580757621e-34 
2.0448147727e-19 
-7.3937582970e-01 
-1.1732485643e-12 
-3.7338493018e-27 
-4.1896324665e+30 
            nan 
-1.2949963906e+26 
3.2296572128e-27 
5.6876403281e+26 
-2.3526772097e-15 
3.8857870395e+24 
1.6635665068e-10 
-4.8813467407e+02 
1.8715287524e-06 
5.5404781876e-24 
1.1459902537e+21 
-3.4605732892e-17 
-3.3596984146e+27 
1.1462983675e-02 
3.1591829847e-11 
-1.6376998757e+20 
1.5999091700e-13 
-7.7575636177e-35 
1.5467288460e-24 
5.3339596066e-32 
1.8425574498e+31 
-1.2389582742e-23 
-6.8373519897e+01 
-8.0414235981e-07 
-2.9902550164e-35 
-1.2211143039e-02 
4.6863543267e-38 
-3.3441203572e-36 
-3.9215504342e-27 
3.6095926602e+19 
-1.1720344800e+08 
1.1809764404e+03 
9.0440053940e+00 
-2.1056177502e-04 
-3.7099065825e+15 
3.9484618242e-07 
-2.4287541417e-30 
-3.3446356795e-11 
-2.0540511514e-09 
3.2961297016e+16 
6.7397056360e-16 
5.7145098240e+09 
-1.2347890625e+03 
1.7422973633e+01 
6.3855907229e-09 
1.4878591229e-30 
1.6441894531e+02 
-2.2024984294e+30 
-2.0756719154e+25 
1.5419018492e+15 
2.1324937609e-38 
4.7329558583e-07 
3.2911803838e-10 
3.8419092912e+27 
-1.2742950348e-03 
3.4163020268e+34 
1.2192783842e-16 
-4.1635904522e-16 
-4.9829237958e-13 
-2.2453330395e-38 
7.3483913452e-33 
2.6872548631e-10 
-1.3878022727e-19 
-5.2415800000e+05 
7.6518655837e-23 
-2.5623669191e+14 
-4.5535031879e+14 
1.6794374778e+21 
2.5262779293e+30 
6.5382413723e-23 
7.0196893274e-14 
-2.0652504716e-21 
1.3435585000e+07 
9.0293412184e+30 
3.8263800000e+05 
1.4760802715e-15 
-3.8779771326e+28 
9.0080703497e-35 
-1.0199926237e-08 
-2.3097947693e+02 
4.3059350733e+11 
2.1117384471e+14 
1.6023562507e-19 
5.4627942170e-09 
-1.1429939200e+08 
-1.2361327782e-15 
1.5045865159e-25 
-5.8262737760e-17 
8.2559421327e-26 
1.2782266909e-20 
4.8224200000e+05 
-8.7427326597e+36 
2.6314325098e+13 
5.1092001740e-08 
1.4344433188e+22 
-4.9230284740e-25 
-2.1635514713e-07 
1.9210833802e-26 
1.3550756807e-26 
1.1485380608e+10 
2.4561866063e-29 
1.8403613281e+02 
-1.3954377669e+37 
1.9841751343e-22 
-1.0393506808e+18 
9.7779461168e-21 
1.3025773687e-36 
-7.3637487162e-22 
-3.6494300637e-32 
2.5090555482e-06 
-1.5857907420e-04 
-2.0219865523e-18 
3.1272342400e+08 
-2.0120034851e-28 
1.9495757500e+06 
-4.2473851608e+23 
-2.5852745999e-31 
2.8324537160e-10 
8.1803830000e+06 
4.8767925462e-12 
-3.2240890096e-38 
1.8400415740e-12 
-7.9497465322e-07 
-4.3041616585e+21 
-2.0181963590e-19 
-5.6749504940e-23 
-3.4121976000e+07 
-1.3888072203e-07 
-6.2433190918e+02 
1.2906174393e-11 
1.3632574000e+07 
-2.5687752000e+08 
2.7990595994e+12 
2.9013966280e+32 
5.3907899572e-25 
2.5290909367e-09 
5.1555709200e-17 
1.3149371592e-09 
-2.8727348625e-11 
-1.6821356134e+11 
-1.0529263724e+16 
-4.8711812575e-30 
2.2257124131e-30 
7.2593647760e-10 
-4.1768314988e+22 
-8.4479420111e+18 
7.8253463930e-36 
6.1976697897e+12 
6.5970225000e+06 
-3.6298002268e+12 
9.2537733226e+37 
4.3563811825e-32 
-1.0297123390e-37 
-3.1453203333e+32 
8.8130663118e-23 
-1.1054477339e+37 
-5.1994716881e+25 
5.4503849431e+37 
-1.7762818770e-15 
3.2600512752e+36 
-4.8276524244e-15 
-9.1103367302e+23 
-2.4203410109e-11 
-3.6810723952e+28 
-3.2709056013e-33 
-2.0053563569e+23 
-5.8797622126e-15 
-2.9436011392e+24 
-5.1955217906e-10 
-1.5707380936e-37 
2.8354491569e-29 
-6.4559098529e-24 
5.8105735412e-37 
4.5124477933e+20 
-2.4280112824e+13 
1.6558270156e-15 
-3.3235698790e-16 
1.5674583810e+14 
3.3194042580e-23 
-2.1478146681e-14 
1.1707389359e+16 
1.5564051363e-28 
-1.9556984000e+07 
1.4092069162e+26 
2.7801174861e-22 
1.7829697754e-04 
-8.8175960337e+17 
3.9559135579e+31 
-9.1100464569e+27 
2.3491604395e-07 
1.1863464713e+15 
1.2731708079e-19 
7.1260539023e+33 
-9.6259536000e+07 
-1.1382041889e-35 
7.8419758683e-15 
-7.6674145280e+09 
1.8234993843e+36 
-1.9976790771e+03 
-7.2603666548e-33 
-3.9605482044e-27 
3.5203753983e+34 
-3.5552012920e-01 
-3.9854228497e-01 
1.5435707017e+17 
-2.0000470658e-37 
-5.7522503817e-34 
1.7816693115e+02 
1.9354909658e-01 
2.9888497492e+34 
9.4090209961e+02 
-1.8589367188e+04 
-3.0803229183e+27 
1.5796857775e-28 
-4.1989767878e-31 
5.5197056827e-38 
-2.6917747534e-17 
-7.3429591949e+34 
3.2755093506e+19 
-1.5919402013e-35 
-2.0592622720e+36 
6.4261764539e+16 
-4.3167727171e-09 
1.7605903551e+19 
-1.6591073835e+17 
-8.3537249856e-28 
-4.1480261230e+02 
-2.8919991735e-08 
-1.8839463323e-09 
-2.5900924072e-08 
2.4469293532e-30 
-1.2800783298e+36 
2.3377419470e-38 
5.0598802927e+32 
4.6298001976e+17 
1.1759946938e-04 
4.3122602711e-11 
1.3881579031e+36 
1.3156117645e+35 
4.4651631015e-07 
3.7563582507e+28 
3.0236510907e-22 
-1.0288852962e-17 
-1.7817410341e+25 
2.1671857357e+11 
-1.9299416284e+36 
-5.4227618358e-21 
1.1432518312e+30 
-8.7197285037e+16 
-1.0546820702e-26 
2.5387598897e-28 
-1.5418683594e+04 
-4.3539988995e-01 
2.6870367188e+04 
-1.7523897848e-34 
-1.6836993396e-02 
5.6867568000e+07 
4.3664120564e+23 
-1.1109187584e+11 
2.0511246352e-25 
-2.4872383979e-20 
-1.5959907243e+35 
9.3550141855e-08 
-8.8813620458e-36 
1.5867366791e+01 
-1.0713266557e+24 
-1.5024846792e-01 
1.3120270356e-20 
1.8743138281e-14 
1.8706677419e+19 
5.4714452549e+28 
-8.7738332613e-25 
-1.0400661880e+17 
-3.0981107200e+08 
1.1205977886e-17 
-7.7794242810e-20 
-9.4606679081e+12 
4.9512878698e-22 
-1.6781182134e+14 
6.9020006777e-06 
8.8184207115e-14 
6.6063803388e-05 
-4.9721206402e+27 
-1.0668463272e+34 
-1.0745521635e+14 
4.0144424673e+34 
2.0349671831e-04 
-1.3311902168e+15 
-7.4766653329e+22 
3.0337701078e-28 
-3.3766364322e-23 
-1.2179753733e-11 
2.9905881084e-32 
-1.0524010456e+25 
-5.9986592083e-18 
-1.0400707098e+19 
9.7553110379e+32 
1.3378550394e-18 
1.7812858582e+01 
-1.0199846040e+14 
-7.8377513709e-18 
2.6929851207e-38 
1.9897715123e-38 
4.7202889161e+20 
-1.6593949907e-21 
-2.9945735815e-28 
-1.3258008506e-16 
1.6520135678e+22 
2.5907121009e-19 
-1.2955876610e-19 
3.9578561704e-25 
3.3617057786e-36 
8.9130850000e+06 
-1.6282454758e+38 
-1.3427885558e-26 
7.8019758287e-39 
-4.2378187500e+05 
-7.2805419962e-17 
-1.4676937103e+01 
-1.4848188449e-24 
-2.9664461201e+28 
-4.5848768000e+08 
3.3198343979e+13 
-2.0346660715e+24 
1.1752228796e+22 
-4.9032567109e+18 
1.2445847782e+16 
1.2993670850e-07 
7.3813680862e-12 
6.4801115680e+28 
-3.0238247618e+29 
2.9902495817e-14 
1.3415030813e-33 
-2.4618478203e+36 
5.0923522904e-26 
-3.4062129105e+23 
-1.7703975222e-13 
-1.1003306299e+23 
-1.7389978984e+17 
1.7824701938e-16 
-4.6130111694e+01 
7.1276093505e-37 
1.4746550676e-29 
-4.2839736864e-17 
-1.6811288166e+11 
2.0553777243e-17 
1.7870235402e-32 
4.1984649018e-36 
1.2796199887e+19 
-1.3163306111e-30 
-3.3144892625e+36 
6.9708852529e-26 
4.5371587021e-07 
2.2220198236e+28 
-6.0062562814e+29 
1.7466422113e+27 
1.8653733423e-04 
3.5970850318e+30 
-3.4143263426e+16 
-5.6691817008e-04 
-6.4297847402e+32 
1.9228173187e-04 
2.6568917860e+29 
-5.6353695044e-09 
1.9514403840e+09 
1.6055724409e+13 
-1.2027095072e-03 
4.8610992361e+19 
-1.4722876000e+07 
-1.1020389934e-07 
3.1624907067e+30 
1.0830956730e-21 
1.2782531698e+32 
-3.9603623140e+36 
-2.3165006774e+14 
-2.2057168186e-02 
-1.7185346860e+27 
-1.4852379015e-36 
-5.6714721898e+32 
-2.7991343285e+27 
2.4636841178e-11 
-8.3286953537e+15 
9.9503189321e+37 
-2.0530533663e-37 
-9.2327232361e+00 
-3.6875693978e-28 
-4.2750240477e-23 
-1.6501113541e-27 
-9.4166319337e+26 
5.4969624192e+35 
2.2015850620e-38 
3.1976261639e-09 
-3.1850477681e-03 
-1.6957457302e-14 
-2.4404064000e+08 
4.8701217178e+12 
5.3246322277e+19 
-1.3958499055e+25 
7.7775489396e+33 
1.5996258857e+33 
1.5397331258e+26 
1.7038462841e+21 
-1.9883915000e+06 
1.0355184786e-03 
3.8804299039e-27 
4.0113238198e+25 
-1.4126205814e-33 
-3.5040892275e+36 
1.3523882509e-33 
-1.6960942199e-12 
-9.4803214073e-01 
3.8313191635e+21 
1.8589723538e-08 
1.8252149792e-10 
-1.7126911817e+25 
5.6524581763e-24 
-1.1986797955e+29 
-7.1475686812e+35 
2.8893877503e-37 
-3.6292167173e-25 
-1.4402026864e-05 
-2.0263479200e-16 
1.9420096638e+18 
-4.7010984501e-21 
5.8362489519e+17 
5.0298512846e-24 
-3.9387064331e+31 
4.2463490431e+35 
2.9550346617e+25 
1.8868924156e-16 
-7.3188104510e+34 
-1.3571428257e+26 
4.9467927418e+23 
8.6281715829e-36 
2.0814591370e-12 
1.5451162067e-32 
-9.3458737878e-38 
-8.5501175608e+14 
1.9313023358e-07 
2.2473315223e+23 
-2.7394541746e-08 
-3.0605547076e-30 
-1.6686974614e+18 
-1.2523212260e+20 
-3.9074382145e-36 
-4.7108303369e-11 
-2.7433184288e-16 
5.0072478319e-30 
3.8793512969e-24 
8.9029381086e+20 
2.6322330814e-04 
-4.9421928811e+36 
-5.4945575731e+11 
-1.1228584775e-35 
-1.0401083000e+07 
-7.9606397762e+36 
-8.4537951750e-08 
-5.2475087473e+30 
-2.9287281289e+26 
2.0330392783e+15 
-2.1014958353e+21 
4.1120668175e-04 
9.9708907291e+14 
1.5924913330e+03 
1.7454690625e+05 
6.7335157740e-26 
-7.5525592000e+07 
-1.4696417389e+18 
1.9718308890e+37 
3.4227021388e-04 
-5.1922834289e-18 
4.1650364800e+08 
-4.0187514387e-03 
7.0685404692e+12 
1.0999343200e+08 
3.0784690372e-15 
1.8835204663e-20 
2.2050340893e+25 
6.4091161657e-34 
-2.3592310000e+07 
5.1437541203e-38 
7.4465569725e-30 
1.5896323031e+12 
3.1488272550e+34 
9.2190692898e-35 
-1.5930697553e+33 
-2.5770615321e-04 
1.8993144035e+00 
-1.1290690157e+32 
-3.4665644032e+10 
7.5339245674e-23 
-3.4645744000e+07 
-3.0822007674e+28 
3.0658067546e+18 
2.2689046860e+00 
-6.4056286305e+36 
-2.8595493880e+34 
4.6593536424e+30 
-9.6605664000e+07 
1.7369747834e+36 
1.2712900640e+22 
1.5009287673e-37 
9.8796580849e-35 
-1.5011583560e-37 
6.7741772461e+02 
-7.1679168701e+01 
-3.9752030716e-06 
2.2817662027e+21 
-5.5488159966e+17 
-3.7261270000e+06 
-2.7320094337e-27 
-2.7960568283e+31 
-2.1078125999e+25 
-3.9738355200e+08 
1.7036106714e-38 
6.1646497726e+37 
-1.5595149994e+01 
-3.3969446045e+28 
-1.7247902776e-18 
-8.8331323144e+20 
-7.3833367787e-04 
-3.3958395943e-03 
4.8783734375e+04 
7.1313071251e-01 
-1.5678742340e+35 
2.9704708972e+25 
-3.1953240054e-09 
6.8747731193e+32 
-1.3266060939e-20 
1.6986530213e+38 
1.9147677222e-07 
6.1822790051e+18 
-1.8176346685e+12 
-8.4595046937e-03 
-4.6079239019e-25 
1.0643763200e+10 
-8.9230501080e+15 
4.8570969600e+08 
1.2115556274e-06 
-1.0842947167e+24 
4.8563431483e-04 
1.2313151360e+00 
-4.6894988217e-28 
1.1297526360e+00 
5.3406147287e+20 
6.3154016184e+34 
2.0895595044e-22 
4.6802783591e+32 
-8.3022579261e+27 
3.8148901212e-31 
1.8452150918e-09 
2.1725270000e+06 
-7.4646156281e-03 
-1.4149743355e-30 
4.7292360504e+26 
-8.6215458816e+10 
-1.9273365820e-25 
-2.3550325286e-27 
-1.6193669609e-24 
-3.9422879334e+11 
3.5253315218e-06 
2.8757951552e-38 
6.0599725693e-03 
-7.0893032638e+25 
-1.1678038472e+37 
1.0892776762e-24 
6.6597613926e-19 
1.0083883240e-07 
-1.1911639792e+30 
1.9303834051e-06 
-2.6181083228e-19 
-4.0897852159e-05 
2.3694944673e-08 
-6.1993272738e+13 
6.0358944358e+11 
3.2693594676e-07 
-7.6432656221e+34 
5.7738167546e-13 
-3.4156121686e+13 
-7.0900267855e+15 
5.7671841205e-06 
-6.2021655593e+12 
-6.2139786650e-09 
2.1506699769e+15 
-3.7335709484e-35 
1.8616072834e-02 
-1.0040935129e-02 
-2.1789900959e-02 
2.0590954815e-28 
-4.3117349816e-26 
6.0628646851e+01 
2.1546759934e+19 
-1.7074204028e-30 
-8.9254605323e+34 
-2.2219747305e-01 
3.0626388252e-06 
-1.4346210983e+21 
6.0704055406e+23 
7.6942218425e+18 
4.8042674523e-33 
5.4243478827e-37 
-7.6216375560e+21 
1.8661837094e-03 
2.8935595239e-12 
-2.5156577052e-24 
-2.0650672035e-22 
6.4648792632e+16 
1.6687447575e+36 
1.5960911657e-35 
-4.3902944651e+22 
-3.3874547611e-09 
5.9715804171e-25 
5.0256476464e-16 
-3.7236267403e-09 
-6.7833194086e+11 
1.9646645187e+31 
-1.8808780133e-27 
-9.0416778564e+02 
7.3633550528e-06 
-1.3467209527e+15 
-1.3051480713e+03 
6.6888020374e-03 
1.2012238813e-06 
6.7830878926e+18 
3.5021824568e+23 
2.3436061563e-32 
1.9020117179e-04 
-3.6242831037e+36 
-2.4040551789e-14 
-2.0638948222e+25 
5.4787667200e+08 
-7.1355211401e-26 
6.8323253451e-31 
3.0673222906e+29 
-6.3732550479e-03 
-1.9987446012e+18 
1.2275827060e-29 
9.0261855469e+03 
-6.9165750000e+06 
8.9390252032e+11 
-1.5147862956e-02 
2.3404469624e+34 
2.7065647146e-07 
1.8969925460e-29 
-3.0922547569e+33 
1.2195936132e+33 
-7.9303305296e+19 
2.6802752717e+11 
-7.5397340843e-26 
-4.3536232397e-07 
-1.2224646967e+27 
4.2176351745e-31 
-6.4109392943e+35 
-9.9218351718e+11 
3.7171920876e-34 
-8.9168428129e+30 
4.4048886322e-17 
-1.7694608154e+03 
4.0902653785e+23 
2.0244250481e-04 
-6.4489538781e-03 
-7.7352312675e-17 
-8.2051616414e+21 
3.4463485020e-19 
9.7061121772e+20 
-1.6678694487e+00 
-3.9720658665e+13 
-4.1019750486e+36 
1.3851841865e-27 
3.3246434494e-09 
-2.3085268664e+24 
-3.7194867215e+28 
-2.2785192912e-33 
2.0786590937e-07 
-1.3654061149e-05 
-1.0763889088e+22 
1.8313900851e+11 
5.7760068598e+37 
2.4008839682e-04 
7.0476045517e+18 
1.8977903464e-18 
7.0162306575e+16 
-1.3655264814e+19 
-6.5606159919e-23 
6.6924931215e-32 
2.9358030319e+01 
3.6987695669e+26 
-1.5996432218e+36 
-1.3496616520e+33 
8.2093140038e-32 
1.7753709108e-04 
-9.0362167800e-28 
3.3758484890e+11 
6.2029485043e+19 
2.8137926288e-16 
4.9200528097e+12 
-3.1785740395e-29 
1.0386779904e-03 
-9.7622664753e-17 
6.9259611823e+16 
3.3088387725e-21 
1.8600062000e+07 
9.3295120290e-27 
-1.3609604821e-06 
3.5043612526e+29 
-8.4910123684e+15 
-3.5710507214e+34 
1.7180231837e-22 
7.9861465565e-06 
-9.8723644217e-19 
1.1557656343e-23 
4.8315756023e-02 
1.8906495058e+12 
2.0253038750e+06 
-3.5909396875e+05 
-8.5923855860e-35 
-4.1761982927e+22 
1.2559442088e+31 
3.6054780000e+07 
3.6981917881e-22 
-3.6973469825e+22 
-6.6984865792e+10 
-1.4078243403e-03 
-6.8980155000e+06 
4.6993967146e-02 
3.3970619651e-09 
3.4814992556e-10 
-1.1843335794e-14 
1.5659432673e+12 
-1.5791741829e-12 
2.4744810129e+32 
-5.1787481981e-27 
2.5364042464e-11 
-7.3563025246e-13 
1.0150993280e+09 
-4.7800981265e+22 
-6.1377568855e-21 
1.9355506115e-20 
3.2683848683e-11 
4.2553426386e+21 
-5.7243266200e+31 
1.0283916459e-13 
9.3417746819e-32 
-1.9075923315e+25 
1.1882559759e-38 
-1.4946515560e+00 
6.6868387500e+05 
7.9605415070e+31 
-7.3477373959e+33 
-1.9101999982e-08 
9.1725768933e-30 
-2.8418554575e-04 
1.6796552502e-17 
-4.2402873078e-05 
-2.5613428647e-33 
5.2598054801e-09 
-9.4879476573e+17 
4.0966354115e-13 
1.2020451103e+27 
1.9727708789e+33 
-5.5514672852e+03 
9.5884689269e-20 
2.7952070088e+35 
3.9296053390e-12 
3.5613439309e-07 
1.1995259369e-32 
1.2441345968e-13 
-7.1062379681e-15 
-8.9829277350e-10 
-5.5391151092e-32 
2.7726730332e-03 
-1.2334870829e+24 
8.3580057731e+37 
-7.4448974599e+25 
1.0528453355e+26 
3.3253135203e-22 
1.5915744546e+14 
8.3526779142e+15 
6.9441553257e+34 
-1.1897801047e-27 
-6.0087414098e+31 
4.5560352054e+14 
-5.3251242305e-10 
-8.7969453825e-40 
-8.7973004532e-13 
2.2089665789e+36 
6.9760911186e-26 
-2.5585555008e-08 
2.3096685234e+33 
-1.0131136902e-10 
7.5052002246e+20 
1.7663305263e-09 
1.5671952337e+16 
-1.2444077313e+35 
-9.1258965662e-11 
-1.1035396576e+02 
-2.0343692188e+05 
-1.2695840574e-14 
1.3864285067e-19 
4.6229784375e+05 
1.7481822400e+08 
4.5997676907e+33 
-4.8336544438e-33 
-9.2431108708e+33 
-1.0311128413e+35 
8.0537994052e-08 
-4.0580084531e+11 
-4.7711023343e-17 
4.3645205258e-34 
-3.3783583269e+23 
-4.3228771732e+37 
-3.3114071016e-23 
-2.0330385742e+03 
-4.7616742809e+27 
-5.3316264948e-29 
-3.0444764529e+12 
1.7788256280e-25 
-8.6318354160e+35 
2.8254160452e+29 
-4.4737430120e-20 
4.0261815110e-36 
1.1500063557e+17 
-1.6904732066e-25 
-1.7016555798e-38 
-3.1015779947e+26 
1.2331356049e+01 
6.8691819561e+25 
-9.1456263893e+25 
5.0795445834e+31 
1.2771616261e-36 
-6.5944896050e-06 
-7.8530066542e+23 
4.4192614199e-30 
-1.3026012160e+09 
1.4286409132e-03 
1.1127733217e-17 
-1.7944980739e+35 
3.8047299113e+21 
4.4931513428e+32 
2.0400072742e-08 
3.9158587500e+05 
1.4739097054e-08 
1.4728318853e-31 
5.0456032592e-24 
-8.1874505223e+14 
8.6704609283e-25 
-1.4072947502e+00 
2.6101880000e+07 
-1.0992867433e-24 
2.7496640000e+08 
4.5764621573e-34 
7.3972762009e+36 
1.4519934519e-36 
1.6960288570e+34 
5.6427441720e-37 
1.1656070018e-17 
2.1154207530e-35 
8.9539816804e+34 
-1.1478251371e+31 
7.6545968750e+05 
-6.2810105085e-01 
-8.7942041020e+33 
5.6371446695e+34 
7.3506712715e+13 
-2.0428896075e-10 
2.1429340247e-10 
-8.4456669014e-35 
2.8065063083e-34 
4.4384062232e-33 
-1.0333310456e-05 
2.2992610821e-29 
-4.0511798777e-11 
2.2404355014e-38 
-6.0228018803e+19 
-5.1019298034e+17 
4.8038581250e+05 
2.7688386222e-31 
-7.4504932278e+33 
-1.4195246102e+21 
3.3742781715e+34 
-9.5906381824e+10 
-5.0028845045e-19 
-1.5372965477e+31 
-1.0752863884e+01 
4.0308491407e-06 
2.5650661932e-18 
-8.1844093927e-32 
9.7799578857e+02 
-4.2240574603e+29 
-1.1538957141e+27 
1.6579045591e-33 
3.4083988046e+15 
2.8460826819e+20 
-3.8764268000e+07 
1.2694588341e-36 
1.1358294836e+33 
1.2332926262e+30 
2.9288996899e+17 
4.0614900531e+11 
1.6332530647e+12 
5.2469542400e+08 
2.1832495228e-20 
7.0081462860e+00 
-7.3645427830e-16 
-3.7564225425e+19 
2.7433867188e+04 
8.0220794600e-38 
5.1060982401e-18 
1.0223770010e+11 
1.0670000174e+33 
-5.7251992249e+23 
-4.3306987500e+05 
-6.5571735055e+27 
7.0964426790e-37 
-1.2568326371e-13 
1.6500023106e+16 
-9.0286956324e-31 
-1.4251702032e-13 
-1.3875345744e+27 
8.9662126186e+26 
            nan 
1.3069443090e-15 
5.7012447647e-18 
2.8691261147e+18 
6.7175173227e+23 
-4.4997992963e-29 
-5.2224766017e-36 
-5.1316439986e-10 
-1.8921886280e-09 
3.2333603118e-32 
1.1927180290e+01 
-5.6268373072e-08 
-1.1977628191e+34 
2.3581592739e-01 
-1.9435015620e-19 
2.0222725283e-38 
3.0276430267e+35 
3.8760211468e+00 
-4.8363013945e+30 
4.5517314911e+01 
-3.9520961729e-31 
2.4944703686e+21 
4.0671994161e+21 
3.4619939881e+12 
-1.7099263933e-25 
-2.6136139776e+10 
-1.4737892188e+05 
-1.1750708054e+27 
8.1298860000e+06 
3.8170053784e-09 
-7.6642376063e+14 
-2.3071893750e+05 
-2.6406041435e+35 
-1.3680940800e+08 
-4.6501424280e-22 
3.7872252535e-14 
-2.6307706002e+26 
-1.0785451126e-26 
-1.0288064679e-32 
3.2529402823e+13 
-5.6961942026e-23 
8.9766291762e-37 
3.1724789775e-22 
6.3060100546e+37 
1.5151886643e+29 
2.6539547323e-17 
-6.9710305088e+34 
3.3661247488e+10 
-3.4054153628e-32 
-7.8105804278e-05 
9.0398307491e-26 
-1.7939805237e-19 
-7.9834629340e+33 
-9.0325972997e-04 
-2.1238166323e+11 
-1.6702625902e-25 
-1.2122475346e+35 
-1.0286693819e-26 
-1.0383374418e+12 
1.8835359152e-17 
-8.3854168653e-02 
            nan 
5.9592085783e-32 
-1.1915677408e-29 
3.1320288363e-15 
1.3180559375e+37 
1.5201467276e-01 
-1.0413820800e+08 
2.2496735334e+36 
-1.5846683594e+04 
2.5925394859e+31 
-3.4677469253e+24 
3.1503752654e-30 
4.5711338667e+37 
-8.8499996309e-07 
1.8557047844e+00 
-2.3295110464e-01 
1.2397366057e+14 
8.4578276802e+37 
-3.4081715298e-16 
-5.1734801652e+19 
1.4117786198e+38 
1.6798082662e+13 
5.4395513929e+23 
1.4286635000e+06 
8.9490332396e+27 
1.9781268297e-35 
-2.5988984000e+07 
-3.4440977953e-19 
-8.1733033902e-19 
2.0315007233e-37 
-7.3248968540e+12 
-9.7567468028e+27 
-2.9584867188e+04 
-5.0345229189e-22 
5.7702443956e-38 
-1.9184668650e+15 
5.7855200780e+23 
1.8852895498e-01 
2.7649910407e-05 
8.1022754728e-08 
-7.4705079896e-04 
3.5199089377e+12 
-7.7236628117e+26 
-1.6221548080e+01 
1.5116528203e-38 
-2.3332510318e-04 
5.3318289496e-33 
7.5140932365e-10 
3.3319537640e+00 
-4.5767444249e+36 
-1.3398809328e+17 
-7.1223538819e+28 
-1.3481361866e+00 
2.4940236800e+10 
6.7452397066e-35 
-1.5041430581e-31 
-4.7874114515e-24 
-1.3521692765e-37 
5.1591400000e+07 
7.5204130000e+06 
-1.9380693528e+21 
6.0496815535e+15 
1.1493276971e+36 
5.2457863631e-32 
-6.6762167050e-15 
-7.5358247020e+20 
7.1124337764e-32 
2.0944349104e+27 
-1.1449353750e+06 
-1.5646349906e+36 
4.5238178307e+27 
-2.9508118171e-09 
-2.5747054462e-27 
2.6645571083e-08 
7.3042887953e+32 
3.5388307500e+06 
4.4100577862e-38 
-3.5842784296e-10 
1.1460915224e+29 
6.7838459472e-07 
-6.3065041877e-15 
1.9399425793e-25 
-2.1559534138e+24 
-1.7133634034e+22 
4.4133920708e-33 
-7.4897760005e+29 
-1.4874532603e+16 
1.6260591616e+10 
-2.3518328000e+07 
3.5120839570e-09 
1.1135046875e+05 
7.1696009191e+32 
1.4369058594e+04 
6.0407312707e-28 
-5.9159340000e+06 
-6.0781741902e-33 
1.2895260141e+14 
-9.9199191512e+31 
4.2877985456e-22 
-5.0578840624e+36 
-3.5129525356e+16 
-9.2065443368e+21 
8.4263648039e-29 
-4.0848234375e+04 
-3.9613921873e-21 
-5.1897825796e-33 
-2.5877490778e+38 
-5.6357175000e+05 
-3.7917851726e-25 
-8.7031258781e+16 
-1.0319689250e+29 
8.8718952321e-39 
-1.9070627022e-11 
2.4597125120e+09 
-5.2369648000e+07 
4.0383016375e-11 
1.6983428815e-16 
3.6413793056e+14 
4.1582548799e-29 
-1.6944902370e-08 
-1.1840117077e-21 
-6.6667836390e-20 
-1.6572449752e-16 
7.6526733220e-15 
1.0397292016e-35 
9.4590398472e-19 
5.1131386152e+20 
2.2629026413e+01 
-3.3768962904e-26 
5.1203882815e-15 
-8.4419108554e-17 
-4.9723791192e-25 
6.4767391450e-08 
4.8024810166e+20 
4.9977124914e+35 
1.4189477760e-25 
1.3644471765e-03 
1.0946881000e+07 
-1.4517161259e+18 
-3.4246494781e+12 
3.6141147078e+37 
-2.6817966023e+29 
5.1441654205e+01 
-2.5192631794e-14 
2.4375819815e+27 
5.8457535283e+12 
-2.6433621533e-03 
-8.0288349838e+32 
-1.1122315979e+02 
-2.6319401270e-30 
-3.3301800323e-19 
-3.2797763325e+24 
2.2694096876e-32 
6.4277690412e-28 
-6.5812702510e-11 
-5.8425862621e+17 
4.8069806250e+05 
-1.0897930442e-27 
1.9307020527e+27 
1.3290405735e+20 
-7.5453274544e-38 
-6.4689072266e+03 
-6.0525568450e-36 
6.6232888984e-16 
-1.2081167367e+36 
-5.3784891308e-14 
-4.5375806250e+05 
-1.9900861816e+03 
-1.0926565820e+27 
3.9046322970e-17 
5.0000977446e-15 
-1.8250573194e-03 
6.0932351696e+31 
1.0451440430e+04 
-6.7970298443e-13 
1.1159682807e+24 
-5.2837144722e-06 
1.0404534970e-23 
-3.0638876343e+02 
-3.7041989324e-23 
-4.4594222810e+17 
4.2816061807e-08 
-7.1539345712e-27 
1.7648455680e+10 
-4.1405599652e-13 
2.3329435959e+20 
-1.4499124991e-11 
-8.2079430579e+34 
-5.9570440000e+07 
3.1475388070e+35 
5.2764485676e+25 
-3.3606775105e-02 
2.6729991131e+36 
3.5903018336e-09 
-9.8135000710e+30 
-1.0419907048e-02 
6.7005655040e+09 
1.7911940000e+07 
4.1409738362e-02 
-2.5827142704e-33 
-2.4259187442e+13 
-1.6673090000e+07 
8.4548675342e+15 
-6.8237513431e-37 
-4.8943706351e+30 
1.7043304743e+13 
6.9749508448e-25 
2.7994237736e-15 
-2.0850666208e+27 
5.7186959689e-32 
4.1442553629e-04 
4.1356361937e+32 
1.0853801609e-27 
-3.4200355804e-28 
-1.0098130445e-21 
3.9007318264e-07 
-2.2485375404e-02 
1.2684177244e+19 
1.5225962713e-08 
-1.0443030510e-19 
-3.2560522881e+16 
3.7405246094e+04 
-1.4625810188e+17 
-3.2169202706e+33 
1.9989811759e-25 
-4.3581664563e-14 
-8.4768334961e+02 
-3.9301283360e+00 
-6.5312028629e+19 
-2.5687699350e-24 
2.3464154570e+29 
1.7615965389e+11 
3.0620888353e-25 
1.8553654663e-03 
8.0502240000e+07 
1.9920576142e-31 
1.1101318691e-32 
-3.9166187930e+11 
-1.6363983741e-04 
2.9053280256e+10 
-6.3388734375e+04 
-9.4622093679e-33 
1.6297005179e-36 
-6.4640540099e-14 
8.6703505486e-11 
-1.3676112326e-11 
-4.4805603491e+15 
7.6132488251e+00 
-1.6154418603e-19 
-6.7063647461e+02 
-6.0347385737e+29 
-1.3295175507e-13 
5.8217436792e-35 
-1.1951302376e+26 
-8.9201498685e+35 
-3.5035051208e-38 
5.2129905671e-03 
5.0092615417e+21 
-2.9680180637e+30 
-1.8518925271e-14 
-3.7948446274e+00 
7.2785091171e-17 
3.8317393046e-04 
-1.4929876722e-26 
1.9575028107e+26 
3.8587292656e-03 
1.3311810395e+24 
7.9154302060e+34 
-6.0926413536e-01 
3.7466207164e-24 
4.0418199369e-16 
7.4364910126e+00 
1.9647210525e-09 
-7.9580314560e-11 
3.6059682780e+37 
6.5686346328e+35 
-3.9628271968e+28 
-2.3653071168e-10 
-1.4994419365e-29 
6.9234152000e+07 
-3.1004666322e+34 
2.9040671017e+15 
1.4679991592e-35 
-1.5554284545e-14 
1.0112087888e+24 
-5.5399722971e+26 
-1.9542487039e+32 
-1.4090434570e+04 
-7.0391871071e-33 
-1.9542413734e-24 
-1.0496565470e-35 
1.8149895312e+05 
3.6321033478e+01 
1.1052579230e+35 
1.8095907175e-33 
-2.8220640998e-24 
-3.7612047401e-14 
-1.7712105713e+03 
1.3176057614e-18 
-4.6736905122e-38 
2.6628490035e-20 
1.4204387209e-32 
1.4089156292e+19 
6.0947141778e-10 
3.6870150407e-16 
7.9168929230e-34 
1.5732820905e-29 
-1.6581369141e+04 
-1.7672231196e-37 
7.0960209705e-03 
-1.1839649979e+37 
-8.4091285046e-09 
1.8129883224e-38 
-2.3671495418e-17 
3.9723612840e-32 
1.6114350891e+02 
8.8100745880e+20 
1.2924188454e-34 
1.8061243125e-30 
-2.0116081245e-08 
1.5349283685e+17 
-1.3019308594e+04 
1.7634841598e+18 
1.1529718513e-08 
1.0521386011e+23 
6.1128300886e-19 
9.1608152863e+31 
6.0380008531e+15 
3.3980778008e-35 
4.2423174403e+22 
6.4410254272e+18 
-1.3702895312e+05 
-2.0076491806e-14 
-1.5254565120e+09 
1.0045672751e+37 
8.6271598589e-13 
-1.2910558844e-08 
3.4051173578e-25 
1.7890895312e+05 
-4.0671543504e+35 
-1.2557631601e-09 
5.2333026708e+24 
-2.4949664250e-02 
7.4569303635e-35 
-1.4069436797e-23 
-4.5071611087e-20 
9.3508090160e-10 
5.4457978936e+29 
1.8672013650e-32 
-2.3768632190e-14 
1.4131350926e-18 
-3.5840460556e+15 
-9.5309335938e+03 
-2.9319838409e+25 
-1.2433316218e+30 
-4.7862834528e+13 
5.3850481018e-35 
-2.6141201794e+29 
-5.1813132347e-34 
1.1656360599e-10 
1.4075715626e-05 
6.5304308000e+07 
5.2527756691e+00 
1.2362629978e-25 
4.8995403440e+22 
2.5143233152e+30 
-3.2757604980e+02 
1.5641470997e+18 
7.5345236177e+23 
-9.5443861840e-26 
-1.0899326825e+20 
-1.6360777622e-08 
5.9745175285e-18 
-4.8685580244e-18 
-1.7536409662e+37 
-2.5287423192e-26 
-2.1726798962e-13 
-4.2151057720e-01 
-2.1030836794e-11 
-6.8999707547e-17 
9.2001706445e+25 
-5.8127890350e+25 
1.2380057001e+18 
-1.2631223819e-14 
2.8476387470e-08 
-3.3748690565e-27 
3.3407781058e+32 
4.0774858921e+24 
5.2477110177e-02 
5.7677048000e+07 
-1.3373679544e+29 
1.8027259360e+17 
3.8040261346e+36 
1.9206821411e+25 
1.6679064796e-09 
5.8811013120e+09 
-6.1700150000e+06 
-1.0453496182e-14 
-3.4579338074e+01 
2.4604218160e-36 
-2.3442385057e-35 
5.3549781096e+16 
2.1593643146e-30 
-1.0627089068e-02 
-4.7422132716e+12 
-4.7456445338e+20 
-9.4196271675e-05 
3.6238538754e-13 
1.7781825875e-35 
-3.2289426224e+37 
-7.7396896121e+13 
4.5510881302e-23 
6.5826652160e+11 
8.2772228661e-20 
6.8005324934e+34 
4.6499154527e-10 
-2.9629319906e-01 
-2.0195632926e-35 
-5.7379622400e+08 
-1.1773673835e-31 
-1.3041189880e+27 
-6.0043057601e-05 
1.1050748932e+26 
-5.8288882713e+18 
3.4481891441e-38 
1.1939800777e+16 
-1.6870246023e-17 
2.5235828611e+14 
-9.7610351791e+22 
1.1762303766e-03 
8.1584955392e+10 
9.3673850880e+09 
-6.0146207208e-34 
5.1995112814e-20 
-3.2698646716e-20 
1.5503402054e-01 
2.8312569600e+08 
-2.9505022082e-33 
1.2531238643e-36 
5.3117126400e+08 
3.4521684711e-07 
-3.3423558400e+08 
6.7292053797e+21 
-1.1014575424e-36 
-1.2596645620e+23 
6.1519633832e-09 
6.1895071464e-18 
1.9223121635e-38 
-4.0743929600e+08 
-2.6711202196e+17 
1.7299969386e-06 
-6.1692288145e-03 
5.7855594158e-01 
4.9169242188e+04 
3.9687086851e-17 
-8.7875820696e-02 
7.0191506992e-15 
-1.3732660091e-30 
-2.3805549522e-26 
1.2977516800e+09 
4.8937942355e-23 
-1.6716226888e+12 
1.6884048278e+14 
-1.2164027425e+29 
2.9853675835e+20 
1.8498681918e+33 
2.0024839351e-36 
1.8670117911e+28 
6.1221874743e+27 
2.3619084932e-33 
2.1102692369e+31 
6.3368616704e-24 
2.6858350592e+10 
-1.1100536585e+00 
-1.6036167186e-11 
2.5642427490e-30 
-1.3980075580e-22 
-3.8421971596e+30 
-2.1655359758e+29 
-1.4113097626e-13 
2.7805633351e-08 
1.3494696534e+18 
2.7566401036e-29 
5.6930771275e-31 
-1.2156688740e+19 
-1.6634549900e+18 
-2.5021447839e+21 
2.4461140229e-17 
-5.5194767485e-14 
-3.4619968076e+32 
-6.8298680050e+31 
3.5042046160e-20 
4.6550534108e-37 
-1.5378200935e-09 
-3.8984234375e+04 
8.5273085938e+03 
-7.8703631532e+13 
1.0827024976e+26 
4.0842260205e-06 
-3.7968819331e+34 
-9.4291394286e-15 
-2.4119061240e-13 
-2.5033517486e+22 
-1.3657937883e-18 
-4.9269251457e+32 
-1.5417146311e-15 
-2.5688814203e-37 
4.0271062226e+33 
-3.5025363317e+24 
1.5528940449e+17 
6.4439185545e-16 
1.5084779648e-07 
5.7687953813e-04 
9.6134362807e-28 
1.4190359664e-19 
-7.8802899225e-04 
4.5097173379e+30 
-9.6665193269e-05 
1.9318313750e+06 
8.3764797409e-07 
9.8671136853e+23 
-2.3197835148e+34 
2.2166550610e+12 
4.9096039167e+17 
-3.1677143397e-07 
6.7562554853e+23 
3.8124030600e+27 
-1.0623919210e+31 
-1.8301877196e-37 
3.0816652631e+32 
-2.6907389145e-23 
1.2851722507e-25 
-6.5129328640e+09 
1.2673166339e-07 
1.9929233370e+21 
-9.9140375000e+05 
2.9913298839e+37 
-3.2362304836e-08 
2.8685023904e+23 
7.9523064888e-26 
-2.0822902000e+07 
-3.1825918952e+23 
5.7332962751e-01 
-2.2291948154e+38 
-3.8088797061e+12 
7.4407728867e-09 
2.8223632787e-16 
9.6016183062e+33 
4.8625962436e-26 
2.0680348779e-27 
1.9796001193e+25 
-1.5850025285e-12 
1.4619427490e+02 
-1.8817862824e-09 
3.4786550859e+36 
-2.2055644384e-34 
-4.5661149945e+22 
1.7209305309e+19 
3.3098222484e+35 
4.2079884716e-11 
-1.2916304016e+02 
1.0854856605e+16 
1.1088929249e+20 
-7.5715134680e-19 
2.4033874311e-16 
-1.5577341495e+33 
-5.5956604161e-27 
-4.7518362901e-32 
-5.4202697838e+32 
-1.1698441021e-31 
-2.3068709581e+16 
-9.4642941917e-28 
1.2894493993e-03 
2.9872999627e+23 
-1.5539470150e+29 
-1.5458357639e+37 
3.7607238118e-31 
2.0285096875e+05 
-4.4037834490e-10 
1.8804664136e+20 
-1.0984360897e-18 
-3.9985373392e-33 
-1.3640393600e+08 
1.6165268621e+35 
-6.4753254827e+16 
3.9039393024e-24 
3.6163772456e-03 
8.5024556166e-19 
-1.0192841415e-07 
-2.5504778654e+22 
3.4881778022e-10 
-7.2568825779e+21 
-8.3335459652e+28 
1.8413313572e+33 
-4.8284502079e-19 
1.2101780401e+30 
3.0750965669e-37 
1.7844565101e+25 
1.7994999808e+10 
-4.7945299115e+21 
-1.1885957368e+27 
3.2160873413e+01 
-2.3795072579e-09 
-5.8510146200e+15 
-1.2950534058e-18 
-7.0723032000e+07 
5.4447085729e-10 
-2.1264297175e-05 
9.7217655950e-15 
-3.8339708160e+28 
-3.7097267526e-32 
1.5226171399e-06 
-4.9165032000e+07 
-2.3298166784e+10 
-5.6528660311e-38 
-3.2068330630e-11 
-7.6757449348e-36 
5.5529725783e-12 
-4.6827740160e+09 
-1.8706553234e-12 
2.2644016781e+24 
-1.8985493515e+38 
7.0460491608e-11 
-2.1601376000e+08 
4.1856623541e+29 
1.4302670112e-20 
9.4490402014e+18 
-4.4560039043e-01 
-4.3784190141e-14 
-1.0840442743e-25 
-5.9017224605e+31 
4.8428105073e+14 
-6.1923478407e+32 
6.4289350710e-17 
4.3033241917e+23 
5.0384604446e+27 
5.1291130272e+14 
3.1402468299e-29 
4.5736282213e-22 
4.8988587500e+05 
1.9231599424e-08 
-1.4852897579e-08 
1.2385189056e+01 
-5.4782943726e+01 
-6.4518896000e+07 
4.3649547431e-25 
-5.8744811520e+09 
9.5088858233e+30 
-4.5282292181e+36 
-1.4977800381e+29 
-1.6474676673e-17 
3.3585109625e-25 
3.4674265666e-15 
-5.3714259334e-27 
-6.6427633489e+33 
-5.3233370030e+19 
-3.6023926784e-29 
-2.0995575469e-03 
3.3164095487e+24 
-2.5793106800e-12 
-4.0475279004e+34 
-1.6349283970e-34 
-2.0372875235e+38 
-4.5291725498e+17 
-2.6949701337e+13 
-1.1626604758e-24 
2.2188443629e-16 
8.8222638084e-09 
-1.0745153657e+34 
1.4739930905e+17 
1.9195553981e+23 
1.1592805664e+04 
2.5397317978e+36 
5.3315973858e-09 
2.2287925393e-28 
1.8025681642e-11 
3.9068289935e+31 
-4.1809012326e+11 
1.2635249354e+27 
2.1889080480e-15 
2.6752405802e-07 
-3.5100846291e+00 
-1.3485775081e+23 
-3.2398903526e-28 
-2.2656837496e-36 
-3.5332636719e+03 
-4.0864329672e+29 
2.3702060048e-07 
8.7627737600e+08 
1.2327287380e-16 
3.8435215661e+28 
-1.9601782000e+07 
-3.6387491490e+30 
-2.7122037803e-24 
-1.8890401197e-19 
-6.4466193717e-36 
-1.5857374080e-08 
9.8416689152e+10 
-4.0732844564e-19 
-5.5287331431e-32 
3.5840833322e-16 
1.1435683594e+04 
-1.7360816532e+25 
1.3037938278e+11 
-5.2516060804e-23 
4.5747033142e-14 
2.4865858723e+30 
2.2386223821e+25 
-3.1530086781e+38 
-5.3777445108e-02 
-6.3453830725e+15 
6.9925620138e+37 
-1.1226961201e-11 
9.7650837350e+25 
2.7460624869e+23 
-1.2425453896e+12 
-2.3593337143e-36 
1.2799135847e+21 
7.4676034339e+13 
-2.3220122149e-33 
7.8846018560e+09 
-3.1243663338e-28 
-2.1314882742e-33 
-1.0306642308e-17 
1.4764272666e+36 
-2.6365599013e-34 
2.7009097225e-18 
-2.8607722372e-02 
-1.8046983352e-10 
-4.6578563589e+21 
-1.1675601032e-20 
2.1684733002e-12 
-5.0183303405e-16 
-1.0985601024e+10 
-2.3469600677e+01 
-1.2826144236e-21 
2.4333150100e+16 
7.4021751708e-34 
-1.9751517901e-35 
1.8439133074e-14 
-2.8617757626e-20 
-1.1568091740e-25 
-1.3564468627e+37 
-3.2472394643e-21 
8.3217003811e+28 
7.9942058982e-35 
1.4692767290e-03 
-6.4109755000e+06 
-3.0738370419e+00 
            nan 
3.5736011528e-39 
9.0884171852e-27 
3.1009643555e+01 
2.8878501105e+15 
-1.0255777923e+13 
1.9082842130e-36 
-1.6969271145e-35 
-5.9376805371e-29 
4.0344311138e+31 
1.0398675763e+11 
-3.4175855035e-08 
-2.9252129900e-32 
2.4536236558e-26 
6.3200905954e-37 
-9.7053483224e-37 
-2.5532774885e+26 
1.1270929502e-11 
-6.0858026920e+25 
-2.2620698648e-09 
1.9649044164e+17 
3.1213613693e-03 
7.6365292551e-33 
-4.2918190363e+36 
1.9472698262e+28 
6.9698324660e-04 
1.0707478360e-28 
7.4493470318e-31 
1.6516812633e-18 
1.0429423043e+19 
-8.7958739200e+08 
5.2166751862e+01 
-3.4829045762e-04 
-8.1810552979e+02 
1.4874379198e-30 
-4.6896325000e+06 
-2.1725568393e-14 
-6.6613575911e-30 
-1.6268560000e+06 
7.4590851471e-19 
-3.6733256366e-06 
-3.7970912305e+30 
3.5266337508e-31 
1.2298687811e+37 
-4.6675525418e-26 
-2.0223397703e+30 
-1.3372378889e-03 
-8.2408265052e+25 
-7.3720322266e+03 
7.5859154577e-28 
-2.7825710276e-05 
-9.7101197300e-21 
-1.5351892935e+13 
2.9986824126e+14 
4.7171307961e-04 
-1.5167130829e+11 
6.4035636070e-25 
-2.8032805000e+06 
3.1433420311e-09 
3.3724119711e+31 
-1.0936357656e+37 
-8.5914316447e-35 
-1.3086262175e+36 
1.4423785882e-31 
-4.5625481612e-36 
-3.4029383220e-19 
4.0954058059e-03 
-6.2841756954e+18 
-9.4895629982e-13 
-3.7222781435e+18 
-6.6154193659e-31 
-2.2690698011e-26 
6.6375407443e+37 
-1.7329549771e-15 
3.0390810929e+32 
-3.4221617541e+33 
7.3584808223e-14 
-1.8227153078e+34 
8.8357371544e-20 
-4.3890199975e+30 
2.8663496872e-30 
-1.0942525532e-11 
-1.1081244573e+36 
1.6653737032e+15 
-7.3190499640e-21 
-4.8759696690e-32 
2.4098609297e+32 
-1.9111023807e-22 
-6.3326462299e+26 
1.9840633369e+35 
1.6465487279e+38 
1.2193090660e-35 
1.7226375000e+04 
7.8366503797e+18 
2.3314920686e-16 
4.1073974609e+01 
-2.8679309455e+18 
-1.7690152530e+17 
-4.1351730378e+14 
1.7483408465e+28 
7.8550868921e-07 
-4.7226383290e+14 
-4.7268288209e-29 
1.8394556610e-35 
1.0472759606e+18 
-1.8377898438e+05 
1.3137400818e+02 
-5.6410194219e+35 
-4.9880165333e+16 
-1.0247149219e+05 
-5.4035985265e+22 
-3.6075435520e+09 
-5.0292816786e-12 
1.3547010048e+10 
5.0950993750e+05 
2.7526056165e+31 
1.9351763185e-03 
-4.0347731522e-16 
2.2512520663e-03 
2.6120095940e+15 
1.0477026987e-19 
-1.0600607771e-19 
2.6364432415e-04 
5.0024913462e+17 
-2.6694269717e+17 
7.7047720801e-31 
-1.1532434310e-16 
3.0109091313e-04 
-1.5840984583e+00 
5.0159211795e-34 
1.3780680774e-15 
1.2783139229e+01 
-2.7360986163e-28 
5.8479217114e-04 
2.4182746916e-09 
7.9969869353e-36 
2.8166475374e-08 
3.5304443293e-28 
-1.4609395145e-18 
5.9129727819e-28 
6.7471781607e-15 
-2.6965365234e+04 
-8.0266760254e+02 
-1.5418190376e+34 
-1.5682859850e+28 
2.2505025864e+00 
-1.5216635742e+03 
3.3141636576e+23 
5.8368040953e+19 
-2.2436279323e-06 
1.3308667803e-06 
1.8689473791e-07 
1.5541244507e-12 
5.6145724426e-32 
1.0782200161e+21 
1.2841269314e-38 
1.4846391089e+29 
1.2464313903e-24 
1.1077869999e-07 
4.0829036594e+29 
-1.9269365952e+21 
-2.5389139641e-28 
-4.6925003971e-07 
-2.2488546371e+00 
-4.1859350528e+11 
9.0349836497e+20 
-5.0449844499e+36 
6.5945770264e+01 
3.9662086272e-35 
1.9521080964e+38 
-1.7523844517e-14 
-2.2336115326e-24 
5.5457161520e+24 
2.9384957951e-20 
7.4554631857e+34 
1.0971876979e-01 
1.6361957486e+34 
-6.2071912687e-15 
5.4480184253e-11 
-2.2191927493e+26 
9.5899889486e-38 
2.1012411842e-27 
-7.5772496967e-16 
-2.3334369261e-21 
4.3322234375e+04 
-3.2358383787e+25 
-7.2115012241e+30 
-4.6368510357e+32 
-4.4281614796e+15 
3.5434824916e-34 
7.5694820379e+15 
3.0191941885e-28 
-8.4733434785e+18 
3.3448559894e-11 
3.6457071464e-18 
1.4536312258e-11 
1.1384631060e+29 
4.7015417480e+02 
-3.3707402517e+20 
-4.7312133540e+22 
1.4550191014e-34 
7.3812287837e-08 
-7.8258708074e-16 
1.8562936000e+07 
-1.2117886205e-32 
2.1783277981e-20 
-3.5150368897e-28 
-2.1480544000e+08 
-2.6204870400e+08 
-6.3126947982e+29 
-1.0927400288e+13 
-2.0990552460e+18 
-1.1414654619e+31 
-1.3749632349e-30 
3.7969377362e+13 
-1.2576017846e+20 
1.8761434616e-15 
-6.5679238178e-03 
-1.3762452800e+08 
1.8584061765e+15 
-9.3821492565e+21 
1.7224741120e+09 
-4.3083984108e-16 
-1.9187442829e+27 
-9.1961798067e+24 
9.8226051331e+01 
-1.2870192800e+08 
5.9009738281e+04 
-1.3791124800e+08 
1.4431199367e-36 
-1.1791210854e-03 
9.0618244207e-34 
-2.8504275763e-12 
-5.6800038912e+10 
7.9932664396e-24 
-2.2173101195e-36 
2.1635729898e-18 
7.1836556184e-28 
-1.8309797408e-31 
-2.0631796319e+21 
-2.7609753190e+12 
-4.6119134010e+14 
2.5830909006e-36 
1.3277805010e-05 
-2.3232169959e+23 
-1.5551814854e+15 
-1.6625929737e+23 
-1.6210583773e-24 
9.1060916875e+30 
6.1157738281e+04 
-3.8051872518e+22 
-1.8019876734e-04 
-2.2776457977e-25 
-2.6205982496e-21 
-4.0641441768e-32 
1.4117283281e-03 
-1.0566099167e+01 
-3.2583094108e+13 
1.9068060852e-20 
-2.4014034271e+01 
1.1432316144e+26 
1.5362486790e-21 
8.2207218859e+18 
-1.1071701010e-04 
3.7698653277e+35 
1.0624923799e-34 
-1.3152422986e+14 
6.7777460574e+25 
3.1710900224e+10 
6.9352662362e+27 
-1.0562458501e-14 
-1.7193121740e-26 
-4.8009938613e-35 
-5.5346226888e-27 
1.0355663987e+33 
2.4580360312e+30 
-3.1448798951e-27 
-5.2000033855e-01 
6.8936681771e-39 
2.7285368409e-10 
-2.0360509112e-10 
-3.5930341638e+13 
-1.4084984901e-30 
1.3566194407e+31 
-9.4174594670e+37 
-2.4440619003e-14 
-3.1276942059e-26 
1.6877203238e+29 
-4.4252945372e-05 
9.7688684569e-28 
7.1863156557e-01 
1.2378965378e+01 
1.2766331609e+31 
-2.0823117500e+06 
-6.8865546240e+09 
1.4323390454e+14 
2.0871649298e-08 
3.1018620746e+26 
6.1670565672e+15 
-2.9055535920e+33 
1.1083968921e+22 
-1.2649980615e-21 
1.0359876217e-30 
1.0165428050e-19 
4.2852338010e-21 
1.6144530224e+32 
-4.8318727263e-38 
1.0161019247e+30 
-7.8779543339e-17 
-1.4008996871e-12 
-4.8447982788e+01 
-3.4171742194e-15 
1.4847776926e+27 
-1.5976815704e-10 
1.4683647822e+33 
-1.1180746230e-16 
1.8124338627e+12 
5.7316533085e-37 
-3.2365699403e-31 
7.2249106227e-34 
1.0884651199e-13 
-1.7777640048e+15 
-2.8871356416e+10 
-1.6426721317e-08 
-8.1637530109e+24 
-7.9358365320e+20 
-1.1522736021e-35 
-9.6584535640e-06 
2.7271147175e+15 
1.7820233479e-02 
1.8357356734e-30 
1.8573260479e+19 
-4.7854599829e+18 
-4.9316339441e-36 
2.1394836426e+03 
-4.3383859794e+17 
-2.5953589783e-16 
7.6852779956e+32 
8.3366627014e+33 
-1.2961022529e-29 
3.8439172428e-22 
7.8303828755e+24 
1.3820084484e-28 
-2.6796341771e+33 
2.2908429600e+23 
-1.1891109012e-30 
-6.4306165592e+36 
2.9488175790e-11 
5.1908371039e-30 
-2.8896953154e-05 
-5.7731500000e+06 
2.3335163295e-01 
9.7824006211e-34 
-2.5039363281e+04 
6.2047520851e-18 
1.0708948685e-04 
8.2818396550e-06 
5.0181656323e-18 
-7.9455203269e+26 
-4.6946086220e-26 
-2.0925740800e+08 
-2.3690785587e+11 
-4.1794613598e-19 
-4.9501302766e+25 
3.4434481519e-34 
9.5779720515e-33 
3.9415418477e+30 
-5.3478414746e+11 
5.2180297852e+03 
4.7491164647e-12 
2.8450539044e-14 
2.8187458442e+28 
-1.7490938891e+18 
2.0361875622e-36 
-9.5823310099e-26 
-3.3206528315e-05 
8.0560248460e-28 
3.6474400413e+15 
-7.3248907829e+25 
-1.9390699463e+03 
3.2468235947e+37 
5.1418172621e+11 
-7.3983120662e-28 
-6.0737653026e-28 
9.4499673884e-21 
9.9887290691e-23 
-7.1982433280e+09 
-5.4374357461e-08 
2.8097299087e+12 
8.5761773772e+28 
1.9340207637e+32 
-5.0681865105e-05 
3.3575445202e-10 
-1.4394940318e-12 
-5.3040997314e+02 
-5.2470102150e+14 
-1.1978495706e-07 
8.8958597433e-11 
-4.5076882870e+35 
-3.0767463613e-03 
4.7197424266e-22 
1.9491072883e-37 
4.8007926171e+22 
-8.0289818647e-22 
-9.5191430269e+33 
-2.8825933852e-32 
-1.0940623398e+24 
7.2932846402e-31 
-4.1114172759e-18 
1.9381399791e-28 
-8.0705277521e+34 
1.7888895312e+05 
-6.6300210335e-33 
-9.9063249114e-22 
-4.6264393205e-08 
1.4839365679e+15 
1.4798339999e-19 
-4.1020219719e+18 
1.3803070908e-09 
-3.2079950943e+34 
-7.7346547852e+03 
1.9344683783e-35 
-2.2505104673e-14 
-3.2015503714e-24 
3.6680559561e-38 
-5.6190872268e-12 
-1.3428743451e-08 
-8.7595057266e-05 
-4.4748020000e+07 
1.3871150080e+10 
1.7310066269e-08 
-3.6005575174e+35 
-1.2269953231e-06 
-6.4338776064e+10 
1.0978809539e-29 
2.5826494669e+33 
1.2937707944e+38 
1.2167485000e+07 
5.2423079578e-30 
4.3660857344e+10 
7.1354654210e-05 
-2.1445173762e-11 
1.8652321039e-18 
-1.7572429261e+32 
1.1431309570e+04 
-2.7850179502e-32 
-2.5529042862e+12 
-7.8461659304e-35 
-3.7660457600e+08 
6.4240188267e+28 
2.0970024762e-12 
-2.5075724836e-16 
-9.4372984148e-24 
5.5905507158e+21 
-5.0968103753e-28 
3.6173851490e+00 
-1.7160074463e+03 
6.5813336973e-30 
2.6817279321e+25 
-9.5673882499e-14 
1.8337666415e-16 
1.6268595864e-25 
9.8846114203e-22 
1.5142239601e+13 
7.7137392212e-31 
-7.7980877051e-21 
-2.0512230396e+00 
-5.5937778853e-08 
2.2311083012e+29 
-3.2592690333e+38 
2.6113737784e-38 
2.2919078897e-15 
-8.6470554362e-37 
4.5421152835e+15 
1.1475450687e+20 
8.5857907651e+25 
-2.8072907396e+34 
1.0975491453e-18 
2.3868431601e-31 
-2.4117607309e+28 
6.5882734397e-31 
3.8267359138e-02 
1.2999435000e+06 
5.3753281181e-34 
-4.1739788055e+00 
-2.6075585026e-17 
7.7987575000e+05 
-6.0616216907e-12 
1.8787172849e-06 
7.0885337428e-31 
-8.6332044787e+36 
4.4879622648e+24 
-9.4574237854e+31 
-8.2222640434e+34 
-4.1206865000e+06 
6.6297485346e-35 
-9.2827086508e+21 
1.0738303993e+30 
2.6622803839e+28 
-5.2390772736e+10 
3.7145403398e-14 
3.5220202424e+17 
4.0166682425e-08 
8.0300985009e+27 
3.6394042372e-30 
1.2334545298e-25 
-1.7543493486e+24 
-5.5228688289e-10 
3.3587670427e-36 
1.6926756110e+18 
1.6354400110e+35 
8.2550113280e+09 
-2.3597057269e-32 
-5.2711156000e+07 
6.9193832858e+11 
5.2987636000e+07 
-3.9283845735e-25 
-1.5564101502e+38 
-1.9360373995e-16 
-1.2243014907e+28 
-5.8052038656e+10 
-2.0616353554e+24 
-2.0540771957e-32 
2.4630872500e+06 
3.4286513403e+37 
-3.6994221575e-10 
-3.0624211426e+03 
2.2905687756e-38 
8.5918462451e+32 
-2.6495471967e+37 
8.4697621932e+22 
1.2932041722e-11 
1.9959346346e-20 
-1.4354101620e+28 
-3.1863285114e-24 
1.0621974617e-01 
1.0200245757e-25 
2.6278875768e-21 
1.0626227388e+33 
-3.4417969563e+35 
-2.3337175037e-07 
3.8771269341e-27 
7.3643731874e-37 
-3.7404233356e-12 
-1.6770784717e-25 
-7.1166167404e-10 
7.8007493019e+00 
-1.1200458400e+08 
7.3333320130e+25 
3.3323566351e+21 
-1.1400701195e-27 
-2.8666015834e+38 
-1.1868945786e-24 
3.0256472500e+06 
-1.6676482449e+13 
3.0930165380e+25 
-2.8375369141e+04 
3.1989289689e-11 
-7.0050121259e-09 
-2.6096127230e-17 
1.5649752180e+24 
-4.9417196087e-26 
-7.2090799996e-09 
-1.1345368112e-03 
5.5539505019e+26 
-6.4283105134e+28 
5.1761961722e-17 
-6.5755467292e-29 
2.6238551804e-13 
-3.8138938663e-30 
-8.1905332627e-04 
2.3222931037e+38 
-5.8658127785e+00 
1.1374490628e+30 
2.5305869141e+04 
3.4252356133e+15 
1.6167613000e+07 
8.4997338046e-20 
2.9511297964e+16 
4.2298534613e-19 
-4.8792577393e+17 
-6.2770753040e-09 
-2.8534951782e+02 
-4.6381659324e-26 
5.7755103183e-36 
-1.8719576236e-11 
6.0840457011e+11 
-1.0704142650e-12 
5.0184275632e+20 
8.1447911424e+11 
-6.4527561950e+22 
7.7310035706e+01 
-6.1050999373e-23 
5.3590224124e-03 
5.2694580781e-29 
-2.5358882141e+02 
8.7554197150e-30 
-2.2745408000e+09 
3.5408865975e+20 
6.3957411008e-31 
-2.9639680583e+28 
-1.6844873017e-28 
-1.6887379162e+33 
3.2011769074e-26 
3.7740684397e+18 
-2.6437114334e-30 
7.1113875456e+10 
1.0255323772e+31 
-2.3556395625e+24 
5.9356295932e+25 
-1.1307043499e+34 
3.0920393304e-38 
2.8699590274e-37 
8.2443808724e-11 
-5.4283002235e+34 
2.3616241337e-32 
-2.4766652120e-27 
7.9034545000e+06 
5.8997412511e-10 
-4.5222179393e-27 
8.8087595014e-17 
4.1947766735e-20 
-1.8725673101e-07 
-1.9062268972e-20 
-1.9675434615e-08 
-7.5211447003e-27 
-4.0642847314e-19 
-1.3508979492e+03 
-4.5671973556e+15 
-1.9375677490e+02 
-7.6416599970e+20 
-1.1904115672e-04 
-3.7993623111e-31 
6.0627668212e-24 
-7.4273895529e+32 
2.0621093750e+05 
-3.3952198074e+31 
-8.1189077683e-10 
-2.0760123575e+20 
1.1232287751e-13 
1.2435884857e+02 
9.0891460938e+04 
7.9944102254e-06 
-5.1077686525e-10 
            nan 
9.7879717663e-32 
6.1327643946e+27 
-1.8886202304e-16 
-8.5559690629e+36 
-1.2155898904e+26 
-6.0557846069e+01 
6.5048277369e+33 
2.1051499203e-22 
2.2858563490e-37 
2.5164544678e+02 
-1.8200576478e+31 
-1.7352153860e+19 
-5.6362315748e-29 
6.5309123993e+00 
-2.7839828739e+36 
-8.7419901020e-24 
2.5949696010e-06 
7.3880335591e+29 
-1.1122997504e-27 
-4.1905899299e-22 
-4.8262071178e+32 
-1.0556442581e-16 
1.6291031622e-31 
9.4863972471e-29 
1.5786751464e-04 
-3.9954422800e+27 
-2.8041797220e+19 
2.5688981425e+18 
-7.2272551936e+10 
1.4925670112e-03 
-1.9477371393e+32 
2.5271014170e-09 
-1.4614495494e+13 
-7.4873715639e-01 
-9.5592481393e+26 
4.9470611996e+25 
6.8236142397e-01 
1.4253221951e+34 
-1.8708650365e-34 
2.3576813960e-20 
1.6803580789e+30 
1.4241706813e-03 
-8.8332442010e+11 
-9.7592939073e+23 
8.2561281231e+15 
1.9555913103e+35 
2.6272924063e-14 
2.6349297205e+14 
2.5344768623e-28 
-2.2462076832e+25 
3.3177751842e+24 
-1.1615451934e-09 
-2.6691156655e+37 
9.0816486818e+37 
-1.4111832679e+32 
-3.1077172710e+15 
-1.2031913179e-27 
4.4511003339e-35 
-1.7480515540e+35 
1.1412733868e+34 
-4.3175614353e+18 
-3.5348795392e+10 
-1.2557543414e-05 
-2.2338006973e+01 
2.1225095104e-31 
-7.9648094156e-32 
2.6613599020e-13 
-3.6545471277e+18 
-3.2789523926e+03 
-3.9426242188e+04 
-6.5870497945e-10 
-1.1880409545e-07 
-2.2663024112e-18 
-5.3693793698e+13 
4.9726936638e+22 
4.4187396709e-38 
-3.1919080009e-13 
1.6830841991e-33 
3.9517651367e+03 
-8.8551746063e-20 
-1.0637141131e+23 
-8.2211189984e+35 
-1.2053309940e-02 
-1.7573747750e-30 
8.5794919780e-11 
-4.7410734538e-26 
7.4027647736e+30 
2.2945603178e-06 
3.1177297555e-18 
2.9847048668e+29 
-3.7886963529e-36 
-4.1436367681e+30 
2.0523595140e+30 
-1.3578918457e+01 
-2.0092471968e+20 
-3.4152013900e-36 
7.8699074151e-38 
7.2782397231e-31 
-3.8897037394e-22 
-8.0127897335e+32 
-3.3351283715e-17 
1.2476205081e-01 
1.6376828813e-25 
-6.8354177475e+00 
-1.6904993681e-03 
2.0493778708e+15 
-1.5825134277e+01 
-4.2255918607e-32 
8.1153778992e-33 
7.6265038729e-10 
1.4744485888e+10 
-1.2646015807e+15 
-1.0581076013e+27 
2.2002790400e+08 
4.8454400000e+07 
-3.3705810547e+01 
-8.3509051622e+18 
1.3167329042e+19 
2.2263354355e-13 
4.4086719933e+30 
-1.6135349738e-34 
2.9739608348e-30 
-1.5569254756e-03 
-4.2912114834e-11 
7.1943601797e-24 
5.1609844013e+25 
1.5123262877e-33 
-1.8497831782e+22 
-1.3121886253e+01 
3.7762007040e+09 
-2.9390419111e+22 
-6.3708318113e-30 
9.8031370240e+11 
-3.1217010177e+32 
-1.5144203708e-15 
-3.3133600000e+06 
1.6381382942e-02 
-1.0812973226e-23 
1.6292404971e+19 
-4.3079112893e-35 
7.1755835000e+06 
-7.0448365024e-12 
5.5194729924e+23 
-1.7749946673e+37 
1.3644558750e+06 
-6.6986877174e+28 
-1.1908011365e-16 
2.1957085065e+37 
-1.0731206505e-12 
3.1413821768e+12 
1.5937845331e-22 
-6.8957238232e+24 
4.9735839819e-22 
-1.4800242650e-31 
2.3088531351e-25 
4.3101421574e+21 
1.1427289846e+16 
-1.7341749781e-12 
-8.2998209869e+33 
2.0895636049e+26 
4.0499853096e-27 
-9.0045582344e+26 
-2.0605849917e-16 
5.0758064208e-20 
5.3266188660e-14 
-1.1837170718e+30 
1.3569469000e+07 
-5.8061289303e+27 
7.4518448727e+26 
-7.0575203249e-38 
2.2502088204e+19 
-1.0916365929e+24 
-8.4763569390e+29 
-1.2940684570e+04 
4.2780003533e+11 
1.1154352615e-11 
-1.3967434570e+04 
-8.3815939932e-36 
1.0858998170e+11 
9.8684599955e+33 
3.6041264220e-37 
1.9541300233e-16 
-7.3138271234e+33 
6.4806023890e-31 
-7.1458422852e+03 
-2.8370223504e-07 
-2.5612494140e+35 
1.0324338930e+31 
-4.1918990226e-36 
1.7386061953e+34 
1.5808212497e-18 
-1.5224344873e+19 
-1.0596478544e+35 
-2.0285250812e-08 
-1.0494073388e-09 
-1.5054925005e+11 
2.8336024001e-15 
1.0609090544e-40 
6.5275222287e-37 
-5.1986294985e-01 
-1.3394387342e-34 
-2.8489499527e-05 
-4.0027065552e-05 
-4.3745415913e+19 
1.1177888476e-11 
3.7903480237e+32 
3.3239191937e-39 
4.0053335243e+22 
3.4840447253e+30 
-4.1855627657e-38 
1.0315202382e-37 
4.6428187500e+05 
6.1007724226e-31 
-2.1135443822e-02 
-8.8141846304e+24 
1.5214617339e-31 
6.2763269852e-06 
-8.7701739328e-25 
1.0291077251e-17 
3.8783551505e-37 
-1.1726970563e-18 
-1.4091325684e+03 
-6.7577910000e+06 
-8.5116900914e-15 
3.9942273133e-07 
-6.3450120158e-11 
-2.7007160641e-35 
1.0044609384e-28 
1.8416415321e+25 
-3.7628321648e+00 
2.7118037657e+30 
-1.0729263615e-12 
-1.3175861365e-17 
4.2122899842e+28 
5.4267211776e+10 
-7.8198683840e+32 
4.4686797832e-26 
-1.0856293887e-01 
1.7861833560e+25 
1.9486099715e-23 
2.8686042697e-06 
2.0616551569e+26 
4.2899665940e+21 
-6.2605552640e+09 
2.6262680919e-08 
-1.3115061283e+18 
3.6806762167e-15 
1.0773195073e+21 
-1.4272638174e+20 
-9.9125294584e-17 
-3.2783617491e+13 
-2.3100623047e+04 
-2.3825754140e+27 
7.6981062229e-19 
3.5287999518e-31 
-1.2677450201e-19 
-1.3482379884e+38 
-2.4572075463e+27 
9.4830268177e-15 
-6.8227855203e-22 
2.0109328699e-12 
-2.6159197500e+06 
-1.1086807777e+35 
2.0046723840e+09 
2.1317205026e+25 
-3.2307562719e+21 
2.0769760719e-19 
7.2545560670e-09 
-7.8628423217e-13 
5.2090576172e+01 
6.9196777344e+01 
8.9063711403e+36 
-4.1339385405e+19 
6.3484534621e-04 
2.0172757827e+35 
-6.0518439407e+17 
6.8338006934e-36 
-3.2463607868e-21 
1.2835309270e-26 
1.4451005496e-14 
-7.7339945861e+12 
4.1972022390e-28 
-9.8495403904e+19 
-7.0846752563e+16 
1.9219795649e-04 
-1.5424035701e+18 
9.2092162020e-36 
-1.7952603355e+33 
-4.4059834018e+20 
9.8123173671e-24 
3.6083864115e-18 
-6.4190554547e-24 
1.4181447796e-16 
1.6865579964e+24 
9.2592708766e-02 
7.4535675472e-25 
2.6275868592e-08 
-5.4885500589e-08 
1.5553625823e-34 
9.4032847643e-14 
2.6446865727e+35 
-2.7447408611e-23 
-3.6876913559e+18 
7.2934059512e-31 
-3.9416020952e-36 
-3.1479068160e+09 
-1.6972153631e-34 
-9.8394308888e-30 
-1.7930534448e-36 
-5.9102206594e-33 
1.5678917677e-27 
-1.5423747755e-05 
9.9338702935e+19 
-2.7591893077e-01 
-1.5978512897e-16 
-4.1313542483e+20 
-3.4080246094e+04 
-8.0319422334e+23 
8.3618789210e+35 
-1.2554057980e+17 
2.0323100636e-20 
8.7172259450e+35 
1.5046566966e+35 
1.4037920928e-30 
-2.2238875000e+06 
-2.8334404342e-03 
3.7064526367e+03 
-5.8559926401e-05 
6.4552674562e+25 
-1.6879342975e-12 
-1.1298060547e+04 
2.1841401367e+03 
1.6757575684e+03 
4.9585949295e-29 
-5.0078314209e+02 
-2.4936208654e-09 
8.9482712297e+15 
-1.8589380794e-13 
-1.6852267198e+14 
-6.2762814946e-19 
4.0737219579e-33 
-1.0915732242e-20 
1.2878224751e-31 
1.0298686000e+07 
-3.1335560627e+15 
-1.4781463396e+13 
-2.7861626586e-04 
1.4707997142e-18 
-3.7643375857e-23 
-1.7470981884e-20 
7.4776911948e-28 
-4.9336192180e-33 
2.3276515078e+31 
5.0783966109e-21 
2.8239961445e+17 
            nan 
8.0624540309e+33 
4.4108447083e+15 
-2.5382399488e-29 
-1.0184810907e+30 
1.8782412636e-34 
6.8208410537e+19 
-1.4510698223e-25 
-3.6620892800e+08 
-1.0168797054e-10 
-4.3745647600e-15 
-2.1821402523e-32 
-3.0235219227e-36 
-2.9990143908e-27 
-7.1944146428e+19 
1.0408280529e+38 
-1.0087443242e-33 
8.0856195072e+10 
-1.9260639954e+02 
2.2629443584e+10 
-7.1694648100e+36 
-5.9262214603e+13 
-1.3923208960e-32 
1.4536190987e+01 
2.0270504447e-29 
-9.0867838853e-20 
6.0679662973e-02 
-3.0199665706e-37 
-5.1850116588e+32 
2.8947568394e+12 
7.7937278976e+11 
3.2310119141e+04 
5.2266557645e-14 
-1.1264080916e+26 
-1.3203220059e+29 
-3.1492730000e+07 
-3.8217376222e-28 
1.1790380420e-19 
2.8130776848e+18 
-1.6257101975e+28 
8.2688079750e+22 
-1.2994423194e+11 
1.5393495187e+13 
-6.1613613511e-30 
-8.3264038502e+11 
-2.3758909684e+36 
3.4728726467e-36 
3.9200438978e-24 
6.6000344247e-23 
4.0958287812e+37 
9.9947130702e+37 
-1.3262604845e+32 
-2.1064657920e+09 
1.6013019826e-37 
-5.4804108423e-26 
-5.5873049860e-05 
2.2203706489e+37 
2.3049578606e+27 
-1.1642600372e+23 
-1.0082430147e+21 
2.1161208676e-21 
1.1302486655e-38 
-2.3461220955e+37 
-2.2144011919e-24 
2.5961870853e-17 
1.1737788554e-06 
9.2636155323e-17 
-3.2134901114e+28 
1.3284669408e-33 
-1.7452676626e-23 
-1.9146341332e+19 
-5.2912074027e-22 
-3.9057719707e-01 
-9.0076161512e+25 
-4.0438934607e-29 
-7.5523343360e+09 
1.3240625943e-20 
8.5437138719e+18 
4.9258979363e-17 
-2.8751417380e+34 
-1.9256106043e-06 
1.6430945694e-01 
-1.7054014099e+37 
-6.7866845028e-19 
-3.5326344725e-38 
3.2447804443e-08 
1.9690536262e-35 
7.6899024370e-22 
-2.4603957033e+30 
1.2961853827e-05 
-1.6370310207e+21 
4.3627802298e+21 
-7.3914646588e-37 
1.3407620995e-14 
2.9279860313e-24 
1.4294534401e-31 
-2.4961720454e+18 
3.7111892016e-04 
-1.8404755825e+25 
1.0980756635e+31 
-1.6369382488e-20 
-2.4501270610e+12 
-2.7666348927e+14 
-1.7491837583e+12 
-7.1087763727e-33 
2.2828447431e-33 
7.5101035793e-19 
-1.2902714452e-08 
-1.2321092591e-08 
-8.3527563632e+29 
-5.8424644303e-33 
1.2976697600e+09 
-9.1736118519e-27 
3.1778837895e-10 
-1.5011115372e-01 
4.8009346264e-20 
1.1206796125e-12 
-6.6675955739e+21 
2.8973334768e+25 
-1.4666020799e+15 
-2.1463229059e-22 
-1.4371026581e+28 
-9.3195614423e-26 
-7.4816475800e+28 
1.6516808497e-18 
-8.1157294335e-04 
3.5788590625e+05 
-4.1699795201e-13 
-2.9838140527e+21 
3.9653566993e-23 
-9.1751609600e+08 
-6.9257329474e-31 
2.2827430069e-01 
-7.4364491275e-22 
1.7729876345e-28 
7.0366965371e+37 
1.5330460939e+19 
2.6209041739e+32 
3.6868416000e+09 
1.1650043449e-26 
-2.2555816725e+37 
1.4407676160e+09 
8.3858064100e+18 
1.5716700830e-07 
-1.3474715479e+36 
1.3666817361e-30 
-6.7097682153e+34 
1.0432204610e+14 
-3.3824663783e+18 
1.3020977576e-06 
-3.5603252512e-39 
-1.3934737219e-23 
1.0670113988e-04 
-1.7091710025e+23 
2.2297334291e+35 
-5.7108966064e+02 
-1.4407569105e-12 
2.2542279889e-36 
1.8213609126e+19 
-3.7316312500e+06 
2.2242392500e+06 
-1.2609311104e+01 
-6.9755029530e-10 
3.8506360056e-07 
-1.2798558047e-10 
9.4176997967e-23 
-3.8616152500e+06 
2.3083705916e+31 
2.3046783463e-04 
4.8563185334e-01 
5.9772404596e-34 
1.5598690751e+28 
-8.2591248475e-27 
6.7539351634e+12 
9.9395875359e+26 
-3.6600003200e+08 
3.7179084800e+10 
-2.4949900526e+31 
-9.9215637351e-21 
-1.2948359940e-24 
2.2416421409e-19 
-2.0686331200e+08 
1.8302422078e-10 
-1.3108032881e-08 
8.0785373479e+33 
-6.6831011210e+37 
8.3683253399e-21 
-1.8131730571e+32 
-4.1322175449e+32 
7.0411495868e-25 
-2.0354850769e+01 
7.4648869795e+35 
-6.1339511844e+26 
9.2799387714e-38 
-9.3023022461e+02 
1.1956358321e-06 
4.7945022566e+19 
1.9590864858e+28 
-1.0406610925e+18 
-8.4153963253e-03 
-2.9217956543e+03 
2.9587672683e+15 
5.8781870778e+26 
1.2918899733e-28 
-3.8963301079e-23 
-1.1758557617e+04 
2.2936694000e+07 
3.2012322873e+36 
-8.9782809554e-28 
-1.1072260742e+03 
1.0618564248e+13 
5.8847020000e+06 
-1.4611684085e-10 
-2.1467403046e+36 
1.9259181272e-07 
2.0841389414e-06 
-1.0582155811e-12 
3.0804789127e+18 
-5.6439877944e+23 
7.7513916984e-35 
-5.2929225477e+24 
-3.1382903156e-15 
-2.9546718249e+30 
-7.2156465000e+06 
-1.5094233277e-05 
-4.1788665840e-05 
-7.0912926344e+27 
-2.9322787688e-12 
2.6088793145e+16 
-9.0557385690e+35 
-3.1113017411e+32 
-2.9015561778e-37 
-6.4827412480e+10 
1.1936030225e+18 
1.9531408754e-31 
2.4854780579e+02 
4.4978464854e+36 
1.2821615084e+13 
6.8077457167e-21 
7.6832129389e+27 
-4.4202461610e+21 
5.0834434022e-22 
-2.2491797914e+13 
1.4028546438e-25 
-6.1121735825e+33 
7.7724740840e-03 
-3.5435052494e+18 
-5.1050600411e-35 
2.0596617833e-02 
-1.1283597343e+20 
-1.3097226830e-15 
1.1092182625e-27 
2.4782653153e-01 
-1.7478115580e-13 
-4.0997232193e-13 
2.0479715509e-28 
4.3665236899e-13 
1.3144753730e-08 
-6.8884317426e+36 
1.0315524129e-10 
-1.6727110896e-18 
-1.2986030579e+02 
1.3833992756e+26 
5.6586272876e-06 
3.0745248330e-24 
-1.8060016260e+29 
1.8162119141e+04 
-1.5653470910e+29 
-1.3972203439e+19 
2.7587536277e+14 
1.5822132937e-08 
5.1125538176e-35 
1.9443904223e-13 
1.1523652617e+19 
-1.6090060156e+15 
-1.7455632773e-10 
-9.7562644452e+31 
-1.7884899378e+00 
9.7417220866e+24 
-6.4531607590e+20 
5.2225252695e+17 
3.6644190625e+05 
2.7239432272e+38 
-2.4903892282e-08 
-1.4049372366e-25 
2.1753168114e-13 
-8.4380379330e-31 
1.3157175394e-35 
-1.4690612224e+10 
7.7196425960e-27 
-1.9299443011e-05 
-7.3450249429e+26 
1.7262528622e+31 
-4.0196159716e-06 
-1.9181732686e+25 
3.8458907689e+12 
2.3127810560e+09 
3.5092222707e+17 
1.1954543740e-01 
3.3171164539e+21 
-3.8711422588e-20 
-1.4351626831e-10 
2.9335072123e+22 
3.8345077928e-38 
-9.3526139153e-31 
1.7842989750e-35 
-4.2480013386e-18 
-9.3989755683e+14 
5.1063236064e+35 
-3.7293456884e+13 
-1.4448952341e+20 
-1.7721137072e+24 
6.1694646547e-07 
3.1677911920e-06 
-8.0002335942e+29 
4.0266695077e+23 
-8.9361830435e-11 
9.6298095703e+03 
-6.6689891086e+33 
3.6694523926e+03 
4.7544567497e-04 
-1.0640636683e+00 
-2.3236044800e+10 
3.4390032231e-24 
-5.0919740692e+16 
-3.4861794275e+16 
2.2309136667e+20 
-4.1553883781e+34 
-1.5444976970e-35 
6.7758659794e-11 
1.8255755615e+02 
3.1297468542e+32 
-4.6115929200e+24 
-3.9362761309e-23 
1.3533871651e+01 
-3.3882012704e+21 
4.0782768007e+15 
-8.3538499894e-04 
-3.5283284647e+22 
-1.2684685547e+04 
1.7649558400e+08 
4.4042639047e-07 
6.5113868914e-05 
4.5484214360e-38 
1.4971881748e-36 
-2.5633197267e+38 
2.1046269653e-13 
3.7248290701e-35 
1.3382262230e+01 
-2.6898801804e+01 
-6.9823606245e-32 
-2.3919797897e+01 
-9.5461492188e+04 
2.3522154276e-12 
-6.2172308552e+26 
6.9736408427e-23 
-1.3335829334e+38 
-3.0481138310e-05 
-1.0464781752e-07 
1.1804532260e-01 
-7.2611090289e-26 
3.6430555132e+17 
-1.6113868762e-16 
-5.6915776171e+17 
1.6174186523e+04 
1.1971922172e-14 
-1.1792450572e-08 
-1.4864284672e+10 
-9.1271030000e+06 
-2.5124676645e-11 
-2.9660540000e+07 
-3.4824802383e+27 
-3.2158697652e+13 
9.1317371151e+23 
5.7132212532e-05 
-1.1603540658e+18 
-6.8443239988e-19 
-2.8773385974e-25 
-2.9168968673e-15 
1.7782348633e+01 
-2.0837887923e-29 
1.4291252019e+12 
3.7875085516e+23 
8.9324728170e-13 
-5.6572265625e+02 
-1.7487842151e-22 
1.1188872449e-32 
-4.1911900043e-03 
2.0438972780e-15 
4.6338977718e+21 
1.7289811882e-19 
-3.8154656067e-05 
-3.3549472537e+21 
-4.5965823864e+23 
1.7483841459e+37 
1.0911665413e-05 
2.6536060865e-30 
7.9037337246e-23 
-3.7499624265e-17 
-4.4004806909e-07 
-1.6785981851e+30 
-3.3515736461e-01 
-3.1415678000e+07 
7.2167581320e-01 
-2.8746221968e+22 
-1.3448079052e+23 
2.1536710262e+00 
2.0853398368e-02 
1.9904230535e-01 
4.4912513868e-35 
-8.8995731316e+22 
-2.4073444452e-27 
4.3537301636e+02 
8.7882626276e-17 
1.0405803144e+15 
2.8917197008e-20 
5.4606610175e-30 
9.3936173247e-21 
4.5693436292e-36 
-3.6901820284e-33 
-4.9362571093e+17 
-5.6539565734e+27 
1.2501410603e-27 
4.5762210992e-29 
-2.8965244000e+07 
-2.1002549437e-22 
-3.0028483789e+11 
            nan 
5.6501440000e+08 
-2.0065776880e-06 
2.0076534271e+01 
1.2798768640e+09 
1.4954861793e-09 
-2.1954798698e+00 
-1.0589100800e+09 
1.7813427628e+22 
-5.2600750377e-30 
-2.8691856216e+32 
1.0571807389e+34 
5.0153599456e+33 
-5.9063990000e+06 
-8.7387467004e-25 
2.5609084939e-17 
-4.6442303189e+32 
-4.6516221762e-01 
3.5188709262e-06 
7.4052722168e+02 
-1.2154501120e+10 
-4.3732165285e-38 
2.0481501760e-23 
-3.2491713867e+03 
2.9891964000e+07 
-1.0845129856e-18 
-1.8225182954e+31 
-6.7060511283e-39 
5.0443403255e+19 
-3.2185773762e-06 
9.0587282591e+14 
-6.8163448641e-37 
-2.7149664361e+14 
4.6867774418e-12 
-3.6788536818e-04 
1.2342722321e+02 
1.1950373171e+31 
-6.9054014643e-19 
-1.9256197004e+37 
2.1727469068e+19 
1.1232528078e-21 
-1.2856396084e-27 
8.0734693050e+27 
4.0442467626e-13 
-2.8134266000e+07 
2.8262266000e+07 
3.0505872253e+37 
-5.8934862287e+18 
5.0727461757e-20 
1.9387717545e-01 
-1.2876947656e+05 
5.6947991461e-11 
-1.2865343090e-15 
2.6630136440e+21 
1.6431147766e+02 
-1.2650188990e-02 
-3.0905295360e+09 
3.6872615288e+30 
-2.5868484691e+36 
1.3639023440e-24 
-1.8105096206e+28 
-3.8110912564e+33 
2.6508630000e+06 
-2.0100192000e+08 
-2.0713940569e+21 
-2.3511432801e-07 
2.5363069283e-24 
-1.9656848966e+13 
-3.8442915889e-16 
-3.8167747699e+37 
2.2231544000e+08 
1.1043246094e+05 
2.5252324836e-19 
1.7312935355e-36 
8.9733037526e-21 
-7.6548140000e+06 
-2.3368217493e+18 
2.3598850048e+10 
            nan 
8.7586355640e-37 
3.0932832690e-27 
-5.1560475724e-13 
1.2204889117e+29 
-1.3345562514e-31 
-4.8961069297e-06 
2.2130838083e-14 
-4.8821790625e+05 
5.0263187380e-18 
1.2651213007e+30 
3.7789049403e-28 
-2.0673553410e-18 
-1.1160788311e+34 
-1.8873974085e+00 
-1.4885872508e+24 
-6.2744542373e-22 
-5.8901661918e+21 
4.5573861485e-07 
3.3861387521e-02 
1.1703249391e+31 
-5.2598999251e-36 
-8.2304476562e+04 
3.8601333935e-11 
5.7641845760e+09 
2.4159339157e+27 
4.1528859759e-23 
-1.8889191792e-25 
-2.1671602882e+22 
7.7756476562e+04 
2.8601216134e-22 
-4.7700994266e-09 
1.1354232357e-27 
-8.0527094326e-08 
-5.4663563477e-15 
9.1021354137e-14 
7.0195225500e-12 
-4.0406234431e+13 
-4.1662912740e-30 
-1.2008802294e+29 
2.2385951155e+24 
3.4101532947e-05 
-1.3128169423e+13 
-1.8863673630e-22 
1.5014625018e+33 
1.1636327469e-24 
1.4777083267e-18 
-2.2108143189e+24 
-3.2267121094e+04 
2.2954554901e-35 
1.3009914642e+17 
-3.6349672079e-01 
2.7262593750e+05 
2.8710169600e+09 
2.8265290551e+19 
1.5048328446e+37 
5.6721881823e+24 
-2.2133496999e-17 
-1.9673037500e+06 
-9.6016350229e-23 
8.5218965162e+36 
6.9814768000e+07 
3.7784222094e-14 
1.2973200684e+03 
-1.7134695597e+32 
-1.2963346432e+10 
6.1385976000e+07 
3.5426164977e-03 
1.5734646841e-37 
-5.1010214951e-22 
1.2884789943e+29 
-6.5288428124e-37 
9.0134051413e-26 
-4.4961206615e-02 
5.6817782581e-20 
1.5230724441e+15 
6.9114401915e+12 
-2.6270834360e+13 
1.1374308374e+38 
1.9559724794e-25 
5.0190638726e+19 
-8.1882914431e+36 
-1.5883056967e-34 
-3.2632616625e-16 
2.8122335347e+18 
2.3203830170e+11 
-9.4254232271e-19 
3.2733792000e+08 
6.8571163360e+36 
-5.3295214644e+24 
1.1885345516e-29 
-1.8105563354e+02 
1.5353174681e+29 
2.9110397426e-10 
1.5563693317e-31 
-3.4052994590e-31 
2.9279706220e+23 
3.7470221579e+19 
3.3200708153e+21 
-5.1240467072e+01 
8.9578208387e-28 
-1.6131916250e+06 
1.2979658979e+22 
1.0426972798e+38 
-6.5801233230e-22 
-4.3515970911e-16 
4.2958857500e-13 
8.0223025000e+06 
-2.3452459156e-27 
3.8594947550e-12 
-6.7426978490e+23 
-4.1713564027e-12 
1.3246011539e+13 
4.2947842407e+02 
-4.2736181760e+09 
-7.6472458839e+00 
-1.1344458455e-26 
-3.0305899429e+26 
-5.4870941568e-08 
1.6035984951e-18 
-1.9902998304e+26 
-8.8773417542e-20 
1.0898275041e+13 
-3.3511308552e-22 
1.8948730541e-15 
9.3999267467e+25 
-1.4123200005e-11 
2.9839424698e+32 
1.2850116595e+21 
-4.5779448328e-38 
1.1708987746e+29 
-3.7207882502e+19 
1.2632615870e+23 
-1.2986327050e+26 
2.6409730663e+28 
4.3952018546e+19 
-4.0013576585e-26 
-1.0547514821e-17 
-3.5062199831e-01 
7.8138541276e-25 
-2.0837687296e+10 
-1.7314985123e+31 
-3.6851117367e+19 
-4.4092354108e+34 
-2.1206447311e-14 
-3.1769168370e-29 
-2.6734369439e+22 
1.0757148346e-13 
2.5541628605e+14 
-2.7917130501e-04 
4.2603382460e+31 
9.7606597126e+32 
-1.0967549002e-07 
-1.5846317718e-32 
4.9825661415e-22 
7.8767812281e-31 
-2.2769166336e+10 
-1.2499669294e-36 
-9.1266973146e-11 
1.1282809213e+20 
-7.9236829442e+16 
-7.2953526179e-25 
-1.6467612400e-33 
3.9810448000e+08 
-1.0032610380e+33 
5.6253716895e+32 
-6.6763511351e+37 
7.9136535371e-26 
5.9375581250e+05 
-4.1338708574e+15 
3.1413177122e+28 
1.0757456437e-07 
-1.4769138223e-27 
-1.5274748760e-27 
-1.3868009312e+29 
-9.3286042411e-14 
1.5968513359e+24 
6.3518032432e-02 
-2.8326608117e-06 
3.7932463425e-34 
-4.2044324950e-18 
-1.9985330995e+11 
4.7239695010e-27 
-3.0334555000e+06 
3.5084610320e+20 
2.2520066978e+21 
1.0948423386e+01 
-1.9040257304e-22 
-3.1095865262e+29 
-2.2748460438e+34 
3.5698523131e-12 
4.1111349991e+18 
3.2015133918e-35 
3.8749367682e-22 
-8.8548761306e+37 
-1.0418059264e+10 
-1.2046961213e+12 
1.9316327572e+00 
8.4783327874e+17 
1.9362984702e+28 
-1.6628361882e-11 
            nan 
8.5627104377e-34 
-6.0069084167e+01 
-4.3070060730e+01 
-4.1775450654e-07 
-3.0668257478e-24 
2.6268500089e-17 
1.4244726702e+13 
1.5820364272e-32 
5.9483242984e-12 
-6.6485460643e-18 
2.1823367922e+18 
1.2073726400e+08 
2.4503723753e+13 
1.2736083996e+36 
-1.1655496296e-25 
-7.9240307212e-02 
-2.0903967197e-06 
-2.0580780389e-16 
1.3302106934e+03 
-7.3279849103e+12 
-1.3961176344e+32 
5.1548863940e-36 
-7.2899721724e-23 
9.2134289087e-10 
3.0459811452e+24 
-1.4361960348e-03 
-1.0952573776e+01 
1.1221954477e-09 
-8.8948393473e-26 
-3.3355906741e-14 
1.2431869318e-37 
1.4198164006e+31 
-2.8249143891e-35 
4.3020963311e-13 
-3.4850195200e+08 
1.0758341123e+33 
5.6896968088e+35 
-6.6234427326e+25 
1.0705204596e-36 
-2.5903465666e+24 
-4.3659230869e-05 
-1.8022550434e-25 
7.4801191959e+37 
-1.9636286412e-13 
-8.8672759476e+29 
-2.6044537212e-29 
5.6014677734e+03 
1.0751408659e+33 
-1.4299171396e-18 
7.6370986335e-07 
-4.5165268858e-08 
-4.6546729600e+08 
-3.4449347661e+30 
8.4617559109e-16 
-1.5523005000e+07 
7.8454934606e-13 
1.4849601184e+20 
9.8727546029e+31 
-2.5064705087e-20 
1.5846542517e-16 
-1.0690595964e-08 
4.1070025852e-11 
1.8847105713e+03 
1.3791454822e+12 
-1.6609107544e+17 
-2.0813205760e-12 
2.0242569905e-31 
-2.4425509649e+24 
-1.1650761898e-25 
-1.8857095312e+05 
2.1652587151e+12 
1.2336985863e-33 
-2.8469941753e-05 
-5.0015938433e-26 
-8.4585471960e-10 
-3.5238854980e+02 
-3.1504924763e-29 
4.6444766436e-12 
-9.9186652689e+14 
1.1456976744e-18 
1.4253416515e-21 
-1.1459774102e-11 
-1.0808583164e+15 
3.7208415625e-22 
-1.8810935880e-35 
-6.1369802916e+34 
8.2500877886e-32 
3.8280225620e+13 
-5.3163820013e-08 
-6.9549475856e-28 
1.9077250327e+25 
2.5169123812e-28 
-9.3479585648e+00 
2.7680647932e+29 
-2.5855387648e+10 
1.5264015138e-30 
-4.1092651233e-23 
3.1469077293e+38 
-1.6318815588e+24 
3.6660085811e-07 
1.4921317638e+26 
5.4951454310e+11 
-1.0427309570e+04 
1.2382108150e-28 
-2.2087729790e-27 
-2.1059657447e-03 
1.2676255210e-38 
1.6017381190e-21 
1.2417766050e-17 
-5.5612465744e-09 
-8.8418047051e-18 
-1.2311877399e+36 
5.4607698571e-12 
6.8597734033e-15 
-2.7491594665e-03 
2.7672935407e+35 
1.2438829675e+30 
4.8201068638e-38 
3.0543963750e+11 
-2.6135446400e+08 
-2.2054926376e-04 
4.7258872000e+07 
-1.0489568557e+34 
-4.2660808552e+29 
-1.4449965056e+10 
-5.2496890001e+23 
-1.3291638012e-08 
-2.0406578907e-23 
5.7029362498e-16 
-3.6974914560e+09 
-3.5244369576e-33 
-2.4869318021e-31 
-2.7321486574e+31 
3.5012091892e-33 
1.8600343172e-31 
2.7763995000e+06 
1.9947864968e+18 
5.9770242188e+04 
-5.4152480112e+17 
2.1862499200e+08 
-8.6232345376e-26 
5.7658695858e-33 
8.0175796029e-06 
7.1402685983e+35 
4.6031324102e+37 
-3.9989089849e-25 
-1.4295698421e-27 
-1.3182577859e-12 
-1.8244121094e+04 
6.4260147823e-31 
1.7352922248e+26 
1.8936701556e-26 
1.0793103004e-35 
2.0606477500e+06 
3.4798622118e-33 
4.1952429108e+19 
1.3424777314e+21 
1.3033048438e+05 
2.1332710598e-10 
9.3248192570e-05 
-2.6724925440e+12 
6.9814048300e-31 
5.7916616868e+12 
-7.4007500800e+09 
-4.8371751911e+37 
2.4162070901e-21 
-3.1950686541e-09 
7.8053359090e-25 
-1.1730710692e+12 
2.9112689209e+02 
1.1195556201e-12 
-5.0647350000e+06 
6.6730715041e-20 
2.9312689209e+02 
1.4700788724e+36 
4.7689983744e-35 
-1.2060677679e+30 
-2.3547184000e+08 
-1.5098560245e+16 
-6.2965580858e-39 
7.4048221111e-01 
-2.2691043569e-24 
6.6972139757e-04 
-1.0410366580e-02 
-5.6191164882e+28 
-2.4758995100e-24 
-1.2780274616e-08 
3.3822153797e-18 
2.0089029107e-08 
-1.8641997500e+06 
1.5000948737e+37 
3.5891587822e+32 
9.7082453353e+21 
-2.7355393750e+05 
-2.4676434229e-09 
-4.3471711874e-01 
2.6888877915e+19 
-4.4611654023e-24 
4.1694593750e+05 
-3.7885038935e+16 
-1.2697150143e-23 
-1.0277124408e-34 
-2.0666222184e-32 
4.3960108800e+08 
-1.7827005657e-30 
2.0834169506e+28 
-1.3033560547e+04 
-8.2680118084e-01 
8.3979476151e-11 
1.7959231215e+25 
-3.3549565871e-36 
1.6022479516e+14 
-1.1039726368e-34 
-3.4776185746e-27 
1.7437397304e-08 
-1.4182551668e+34 
3.1408123311e-27 
-9.7022787500e+05 
1.7373749614e-01 
1.1143163800e+17 
-6.3161937633e+25 
9.7612556629e-23 
6.3343948037e-25 
1.2151225344e+10 
-9.4149823052e-17 
-3.6510428725e-29 
2.3746584356e-01 
1.6068319234e-17 
5.5951256961e-09 
2.8252957728e+33 
-7.1653180080e-14 
-1.0594426400e+38 
-1.2062311523e+04 
-1.9232620801e+21 
7.8764208697e-12 
7.5159191131e-25 
-1.8334231848e+26 
2.0626737600e+08 
1.3795046075e-25 
-2.6593430256e-29 
1.6586574202e-04 
1.0040195312e+03 
1.3048210516e-14 
5.2326797006e+31 
3.5910155316e+19 
-9.3219302810e+29 
-1.4047040000e+07 
-4.5493058504e+32 
8.4136037132e+18 
-5.1639360000e+06 
1.4187054309e-12 
-7.6639809094e-26 
1.1542431641e+02 
-2.5672247258e+22 
7.8114569005e-29 
1.1582125573e-38 
3.3963980174e-13 
-7.7098116681e+27 
-8.9954657307e-20 
-4.1874886847e-06 
6.3212302165e+16 
-7.3744361289e-03 
3.8600453920e-29 
-3.1220858097e+00 
2.0928138804e+21 
-2.6909121161e+17 
4.3989575810e+15 
-3.5713683768e+34 
5.0820650358e-05 
1.0492515745e-09 
-8.0402454300e+23 
8.5020918050e-05 
1.6666142256e+33 
3.8026890755e+00 
2.7728206250e+05 
7.4920442421e-04 
-1.3905432820e-01 
1.9132520568e-10 
-2.0030043661e-37 
2.0263836800e+08 
1.6227833112e-04 
-3.0230501949e+33 
8.2898745313e-03 
1.4730486451e-37 
-4.4806984079e-07 
4.5943671083e+26 
1.7985665638e+34 
-1.1188100161e+25 
-4.0693347717e+26 
-7.4620411721e+24 
-8.3563735923e-24 
8.5021341603e+35 
2.4471967738e+18 
3.0903267352e-20 
-3.8880385476e+27 
-1.2017928384e-04 
2.8232171225e+29 
-8.3230227232e-01 
-1.8586257803e-26 
1.2889208026e-35 
-9.3259617894e-17 
-3.9065369964e-01 
1.7402166400e+08 
3.7295354671e-34 
3.0690559686e-13 
-5.2987296000e+08 
-1.2481893297e-09 
-1.3928741680e+14 
5.7250967075e-05 
9.5430266289e+35 
-4.9631642617e+19 
2.1315539657e-21 
1.0562911261e-22 
6.3693922446e+18 
2.7444151518e+20 
6.0968828211e+26 
-2.9045981275e+26 
4.0477507558e-16 
5.2304575220e-03 
2.1986133515e-15 
5.0479122475e+35 
-5.1209646512e+25 
3.8095907377e+31 
-1.7446408133e+27 
-8.7831303972e-06 
1.9691113383e-02 
-1.2361926246e+11 
1.4979237888e+10 
5.0903319880e-23 
-9.6842023289e-10 
1.3693413782e+32 
7.8227100175e-07 
1.0929680318e-14 
-3.4485932655e-16 
6.0378272215e+23 
-1.1244278995e-16 
1.8345438751e+15 
1.7524665420e+28 
-1.1561252823e-11 
2.5805830282e+30 
3.0391036575e-16 
-5.1554946293e-13 
-1.3696863368e-36 
1.0478640525e-13 
1.1809015274e-01 
-1.5712576000e+07 
-1.7189276350e-18 
-1.5352359078e-22 
2.4858978577e-05 
5.6683513091e-33 
1.9773157206e+24 
1.5509052376e-12 
1.6253715335e-23 
7.7982038658e-20 
1.0398449376e-04 
1.5807241257e+12 
3.8847610973e-14 
-7.6396842636e-34 
4.4526144460e-25 
-1.9013693445e-34 
8.0046584000e+07 
-2.6392739185e+12 
-2.9914736113e+19 
-4.9476918828e-35 
-2.3020108983e-06 
4.1682077500e+06 
3.6612679439e-34 
1.4311348078e+37 
-1.6688949460e-21 
-2.5655177888e-03 
2.3676455883e-28 
-3.8575407118e-02 
4.7767653547e+24 
1.4477375462e-12 
1.2085420664e-08 
-4.5788351342e+25 
-1.5435252834e-21 
2.1668236344e-33 
-4.2917790625e+05 
-1.7220551374e-11 
1.0365451608e-08 
-1.8406401380e-34 
-2.3854458000e+07 
-1.0207732896e+30 
-6.2460199853e+23 
-3.0342277876e+32 
4.9167043863e-14 
-1.1037767680e+10 
-1.9879606934e+03 
1.3741991349e+24 
1.1592624288e+24 
1.5075796938e+21 
-2.6551143646e+01 
7.8223165391e-36 
5.5630742188e+04 
3.0604579497e-33 
3.1130286817e+12 
-1.2872929389e-08 
3.7472074465e+12 
-4.6926856717e+26 
-6.9051124631e-29 
6.2143224000e+07 
-1.7528413225e+12 
-5.5287137181e+32 
-5.1043507906e+19 
1.6449582031e-38 
-5.3286381437e-30 
1.9487194061e+34 
7.0405358201e-06 
7.4770359776e-33 
9.4733748119e-04 
-5.7147787980e-27 
1.5885769986e-18 
1.1465798451e+12 
2.8870375475e-22 
-7.3389580030e-32 
6.2438472687e+22 
-3.1389876021e+29 
2.2046814978e-21 
7.5962968381e+37 
-3.2856936612e-29 
4.3003835678e+00 
-2.0896243803e-22 
2.3786410566e-06 
1.7459079216e-31 
7.3872011912e+34 
-9.4489355469e+03 
-8.5011526885e-37 
-8.1037696315e-26 
2.7079952240e+01 
2.8052993265e-25 
-2.7932831747e+29 
2.5879184212e-11 
-3.9962847735e-29 
5.0922588241e+27 
-2.2901164081e+13 
-2.1293639293e-05 
-1.3523316074e+21 
4.0528409988e+30 
1.6385347316e-21 
1.7358846427e+13 
-1.9955437500e+06 
-4.8484556377e-02 
2.4561070264e-16 
1.3471764978e-03 
-3.7172679868e-07 
-7.4696903025e+30 
-3.1958328327e-04 
5.8971159160e-02 
1.1362435547e+04 
1.2913057470e-30 
6.5448146176e+16 
1.2053117338e+11 
-2.6717120943e-22 
-3.7141023971e-35 
7.3971456000e+09 
-2.8661341667e+00 
-1.1631557345e+12 
3.4829386331e+14 
1.1890646396e-15 
4.9434321714e-32 
-5.2304742188e+04 
4.5457611084e+02 
-8.0489510265e-22 
5.7519898336e-15 
1.2211464127e-37 
-5.0296623230e+01 
4.3194738973e+21 
-3.0133091219e-15 
1.1589404991e-08 
-1.8329382168e-15 
-4.0484652800e+08 
-6.5606789106e+31 
1.2637701143e-21 
-3.3219918922e+35 
-6.4154764774e-39 
-2.0465330763e-08 
1.6254695312e+05 
-2.5249101854e-12 
-7.1627063005e-13 
1.5036366112e+17 
-1.2889012462e+24 
6.7238606513e+37 
-5.6083966064e+02 
-4.1048315509e+22 
8.4303550720e+00 
2.2385893750e+05 
1.3917864990e+02 
6.0558842564e-26 
5.3990543591e-08 
-2.6661860943e-01 
-8.7450080000e+07 
2.5788490320e+17 
-4.6561646492e+23 
1.1862334795e-02 
-1.0309361398e+16 
-2.5177751978e-28 
1.5510077000e+07 
-8.4529235945e+24 
4.2042734986e-21 
-4.6296572880e-22 
2.3908041600e+08 
3.2833480387e-20 
2.7433022081e-14 
7.6159908865e+20 
2.7461708519e+20 
-2.8335219587e-11 
8.7017880869e+31 
-9.8311358804e+35 
2.1142751077e-26 
2.5677315933e-36 
-1.2005375801e+15 
7.0904910564e-01 
1.7661048320e+09 
-2.8880137629e+21 
-8.3591481569e+21 
7.1070098915e+14 
-1.7629822818e-17 
1.7456357569e+28 
1.4539233189e-16 
4.6801942587e-01 
-2.8695953408e+11 
8.4890379075e+18 
2.3007975365e+24 
1.9166553761e-11 
-1.4057323682e-33 
1.2605470038e+26 
5.1377189636e+01 
7.8293861086e-24 
-3.0630585368e+27 
3.4287585972e+27 
1.9656896302e-31 
4.0920282792e-36 
3.4040567003e+36 
-1.3341916901e-33 
7.4059155790e+27 
-1.0396774622e+32 
-2.7934196569e-37 
7.5189673278e+31 
-2.8540367188e+04 
-3.7132396360e-14 
9.8597317934e-01 
-2.9982557893e-01 
-8.8168290000e+06 
-5.7046240334e-21 
-7.9053628372e-29 
1.0062466586e+37 
4.1538105493e+35 
7.8904448454e-37 
3.0949848465e+20 
7.1507140851e-35 
-1.6658336169e-11 
-1.0809271030e+15 
-1.0037876800e-19 
4.3930086720e+21 
-8.9468838117e-32 
-2.1497940720e+15 
9.4723990300e+33 
6.8422681074e+14 
-1.6316383152e-19 
8.5332682342e+11 
-8.6729818048e+18 
-9.8251324036e+32 
-1.7670615155e-33 
-1.1652866919e-35 
-1.3740781784e+01 
3.0718160896e+10 
-4.1492884285e-34 
-1.4520335274e+20 
-2.7755121835e-37 
1.2020492370e-38 
2.7244976564e+35 
2.1222965074e-07 
7.2749358787e-32 
-1.3227649899e+18 
4.6768157959e+02 
            nan 
-4.4085077001e+35 
-6.0465005152e+31 
5.0298685892e-06 
1.2092137200e-19 
1.0708247006e-35 
4.3533723238e+11 
-2.4661393905e-15 
-4.4461185682e-33 
4.3729975109e-17 
-4.2293642736e-22 
-1.4234229351e-09 
-2.9750869050e-19 
1.1768538126e-15 
6.6055990000e+06 
-4.4487252771e-10 
-7.1144146130e-10 
-2.4382730504e-28 
1.8891159108e+35 
1.0469300378e-06 
5.9482718751e-10 
-3.0134660966e-30 
-1.8163766395e+12 
1.3661362257e+31 
-1.5428636534e+15 
1.9642665948e+23 
3.2152925414e-22 
1.1076701136e-17 
-5.0442593750e+05 
-1.4401037633e-23 
1.2112310547e+04 
-2.0138768792e+24 
-9.0132293535e-22 
-5.0228551469e-28 
-6.9173565440e+09 
5.4719202220e-02 
-2.6842257395e-29 
6.9655929110e-05 
-1.3064399835e+22 
            nan 
3.0670906417e-03 
1.4539254471e-14 
2.7739474049e-16 
1.6889466000e+07 
-1.4004740062e+27 
1.7586458258e+25 
1.8413757837e+25 
6.6678487490e+37 
-1.7248363406e+34 
-2.6159243589e-06 
-1.8393707535e-07 
9.2442195200e+08 
1.4714369475e+12 
-3.4036990625e+05 
2.0113760777e-33 
-3.7537574400e+08 
3.9517042416e-11 
1.4759857178e+02 
1.3019043273e+25 
3.3891224018e-26 
1.5351559341e-05 
1.0191739290e+15 
-8.5635647284e-39 
1.3057549486e-10 
-9.7623836053e-33 
-6.5278857463e+17 
2.0806339641e-32 
2.2208298225e-35 
-1.0549812007e+18 
-6.6932278872e-01 
-5.7025482752e+10 
3.8227717652e+12 
1.1881176156e+26 
-2.9743380310e-06 
1.1023589898e+15 
-2.6173818000e+07 
-7.6414333976e-29 
8.1573271784e-32 
-1.8588538000e+07 
1.1470009952e-23 
2.1901245372e+36 
2.1794429016e+02 
-2.1763342417e+37 
-2.6978846639e-02 
-1.0539774400e+08 
-4.4165879208e+23 
-5.0904990836e-26 
2.2815033106e-36 
-2.7800956000e+07 
1.6942469230e+19 
5.5874255396e-18 
-2.5460046398e-12 
-4.4999539725e-29 
1.3944852999e+21 
-4.0171323345e-18 
9.2909922746e-28 
8.1672249053e-07 
-3.0114844503e+21 
-4.2615106874e-36 
4.1210188352e-23 
-6.5022144455e+33 
1.1382493559e-10 
7.4783525312e-33 
-2.9114222527e+00 
8.3773941721e+35 
-6.4689320223e-33 
3.0215744554e-19 
-1.0562473550e-32 
-7.6457684373e+24 
-1.8779496875e+05 
8.1324300304e-16 
-4.4647938680e-09 
1.4104292730e+30 
2.2812822595e-13 
-2.0540083234e+17 
5.5354751826e+23 
-2.4314272154e+11 
3.4969094593e-25 
1.4302346110e-01 
3.6291794703e+18 
2.5031515108e+32 
-6.9291761218e-10 
9.3109343724e-38 
-1.3744208900e-06 
-4.2172258741e-11 
3.6030381918e-01 
2.8030417478e-14 
1.4674003961e-31 
-3.6271248687e-38 
1.5675487532e-31 
9.8618220000e+06 
-2.0611981888e+21 
1.6456634860e+13 
1.3934751279e+14 
5.6229617664e+10 
4.7866413055e-09 
3.3655538209e-13 
3.0041814472e+16 
-2.7118627638e+25 
-2.3047808073e+31 
-6.7967255291e-07 
1.2063863525e+14 
6.4441406398e-25 
4.8634241279e-18 
-7.0318868384e-03 
3.5337725801e-11 
-2.1516534214e-12 
-5.0619141809e-19 
2.3334658451e-20 
-2.9900876219e-10 
1.3141431145e+19 
-1.8227173251e+18 
2.1888551147e-24 
-1.8132860000e+07 
-6.7268274791e+21 
3.5794928755e+28 
2.1375902722e-35 
-3.3542949636e+22 
-2.2564371094e+04 
-2.6884593750e+05 
-2.6748635000e+06 
2.9864181402e-37 
1.0176749762e-20 
-2.1511566833e-11 
2.3187123200e+09 
2.9101577633e+35 
-1.8883420717e+16 
1.2186630225e-21 
-2.3826371094e+04 
-4.7284941853e-36 
-6.1289405965e+18 
-4.6721389517e-03 
2.3631020032e+11 
-2.4017648866e-15 
8.1677097322e-32 
8.1478674098e+22 
2.7737004728e-38 
-5.8497791290e+01 
5.7164943360e+10 
4.6230198030e-26 
-4.9833643919e+25 
-1.1733601670e-22 
-2.7553487563e+34 
-3.6739550997e-03 
-1.1886862946e+02 
-5.8686908415e+27 
-1.4796534242e+23 
-1.2165742592e+12 
6.7318365909e-03 
5.9472859136e+10 
2.5395946241e+34 
1.7862227080e+14 
3.3237780774e-36 
-1.8684561273e-25 
4.5086783403e+17 
-2.3238248112e-37 
-5.4561803469e+11 
4.1043766310e+20 
-3.5762120668e-15 
2.0858693750e+05 
-5.9306858677e-25 
-1.0017011248e+30 
3.2787838320e+16 
-1.0681849769e-27 
-8.5856105267e+11 
8.9684672512e+11 
1.5389373109e-10 
-9.9244158657e+21 
-2.4031916711e-33 
-3.6626142901e-06 
-8.6562912394e-10 
4.1760974884e+01 
2.8434693836e-11 
7.2551128687e-04 
-3.1702349760e+16 
2.1315489167e+15 
6.2600956520e+16 
-3.5995919861e+33 
1.6027173221e-38 
3.7316225935e-03 
-1.0909948945e-32 
-8.9587160533e+15 
-1.8101508935e+24 
-8.6682478345e-27 
-5.5051918935e-06 
-8.7347117740e+21 
1.8729491532e-01 
7.9965828468e+14 
-1.2428280830e+01 
4.0383062375e+34 
-1.5592886963e+03 
9.1025515311e-21 
-2.4974799947e-37 
3.6507290702e-07 
-2.5396496875e+05 
-3.2469867946e+22 
8.8858135468e+14 
1.3333816977e-26 
-2.8543950778e+19 
1.4785059621e-15 
2.5596591203e-17 
5.1027542364e+29 
1.2249573500e-21 
-4.7164929168e+30 
-4.8451345678e+16 
-1.2274630303e-18 
-6.4425621754e-39 
1.6374086905e-26 
-1.6808773146e-27 
-8.8342872985e-30 
3.6435694695e+00 
1.4233170077e-02 
1.1892278864e-29 
-1.5756339888e+34 
-7.3454148075e-36 
-7.3976048043e+27 
-2.8316840511e+26 
-1.5861823573e-12 
1.2225949894e-14 
5.5747658383e+12 
5.6482725971e-36 
4.1860558217e+28 
-5.7683949560e-16 
-2.7592137921e-32 
1.3134896875e+05 
-3.5528274020e-04 
1.3408234222e-20 
-2.5214039710e-38 
-8.4438138880e+10 
-4.1750767191e+37 
-2.3171296875e+05 
2.4471452283e+37 
-6.3838186264e+00 
-4.7796020268e+20 
2.8872828000e+07 
-9.3471216000e+07 
-5.7698152795e-29 
-1.5641872881e+37 
1.8408072647e-03 
-3.4965093043e-09 
8.2009910000e+06 
1.0028046798e-32 
-7.1503800431e+33 
-2.6496240025e-05 
-2.6159197716e+12 
1.3339334985e-22 
1.8765696875e+05 
1.8928864308e-33 
8.9264493436e-03 
-3.5087454468e+34 
1.4179138184e+03 
7.1484987649e-25 
2.6844814811e-39 
-5.4389527068e-03 
5.3219722759e-05 
7.6575201280e+09 
-3.2237933706e+29 
1.4881768167e-36 
-3.4755733888e+23 
3.4298088074e+01 
4.1871099048e-21 
1.5173696875e+05 
-2.8607116731e+37 
1.4673064395e-16 
-5.7173423981e-12 
7.0187588124e-19 
3.9479295700e+31 
4.1548302397e-03 
-2.4032749943e+35 
6.2601855025e-03 
-2.7286985114e+11 
-3.0670121119e-14 
-1.2749294456e-06 
6.5059622400e+08 
9.9005557709e-19 
4.5678427724e+20 
-1.3347024907e+17 
2.8978771040e-31 
3.6492026367e+03 
-1.4205938195e-35 
6.7525863647e+01 
8.5401489818e-35 
5.8238935419e-21 
-3.1200999617e-32 
-7.7129244323e-38 
1.8948113296e+27 
-1.4730850902e-17 
-2.7238755138e-04 
-2.8024485354e-21 
1.5771953891e-37 
-8.4428041508e+35 
-4.0728979657e-29 
-2.5473866375e-23 
-1.0361746731e-27 
-7.9444653468e+35 
1.3969124229e+12 
1.2320865069e-22 
-1.5428572938e+12 
9.5285085377e-11 
2.1600696592e-23 
-1.2994287346e+23 
8.0776554704e+32 
5.5850841014e+36 
-4.3198724356e-14 
1.0180417633e+02 
9.2465843553e-21 
1.1829466243e+26 
-1.4736781981e-36 
-5.6008240005e+13 
-2.8388812568e-12 
8.3673803781e-31 
-3.4600626009e-07 
-1.7316205358e-08 
-1.3583589273e+26 
1.6304036232e+16 
2.2104141988e+12 
-9.4854823374e-07 
-4.1910066060e+14 
2.7296292160e-07 
1.2488860651e-33 
7.3031510968e+22 
3.9746820121e+36 
-6.5331471528e-37 
-6.0769570356e+34 
6.5186846002e+14 
5.4228008660e+37 
1.1813615561e+24 
-1.2629026726e+22 
1.4491095227e-13 
-1.6500362669e-28 
-3.3513253550e+32 
-1.4975878378e+30 
9.1429806724e+20 
1.5643229743e+16 
5.7144054145e-32 
6.6191728707e+21 
-7.9897554091e-22 
4.7412507947e-11 
2.6320232084e-23 
-6.7364779534e-04 
2.7732249536e-18 
4.2447814656e+11 
-2.4848152140e+21 
-2.1175789158e-34 
4.0913390625e+05 
5.2301281347e+16 
-2.9523724219e-18 
1.0441257966e+23 
-2.8769253993e+28 
-1.0915145228e-22 
-1.7577654858e+29 
1.3944858921e-31 
-7.5316216344e-38 
3.6216927856e-36 
5.7689848000e+07 
-9.0557987500e+05 
1.2986616227e-08 
8.8147440000e+07 
-3.7196748008e+25 
1.7476912588e-02 
5.7664073650e-19 
-1.4647445737e+14 
-8.7744530806e+36 
-8.1692450866e-26 
-3.1948322269e+14 
-4.9664542701e-08 
-7.9637238102e-14 
-1.3262855807e+35 
-6.1110438954e-19 
-6.5825989791e-27 
-2.7217169100e+16 
-1.3426694571e+33 
1.7817187840e+09 
-2.2213671874e-11 
-7.8947329319e+15 
-2.3215939971e+20 
-1.1302387914e-09 
-3.1736583139e-08 
-2.3968721572e+26 
3.5694149632e+11 
-3.0902739614e-02 
-4.8491025621e-27 
-8.1987478969e+15 
8.0169651275e+29 
-2.0343133926e+01 
3.0516916882e+31 
-6.2197172852e+03 
-2.8789702534e+21 
-3.3475369370e+13 
1.1500797221e-32 
-8.8646942139e+01 
4.7416761070e+15 
4.3301461847e-04 
3.3127092736e-10 
8.5552749216e+23 
-7.4110495180e+32 
-3.6385500124e+23 
6.7409136228e-23 
4.3565062668e-09 
-2.5830959387e-32 
-4.7795112458e+32 
-6.3177907200e+08 
-9.9279683544e-16 
-1.6906871140e-13 
-3.8911516640e-06 
1.3419641242e-35 
1.9440329026e+18 
-6.1829635856e-10 
-3.5162237916e-23 
-9.1689484375e+04 
2.6107448553e-15 
-7.9911639040e+09 
-1.0745260278e+12 
5.3293974156e+28 
1.9579967759e-35 
3.8759963354e-04 
-1.6822202077e-21 
1.1160105896e+02 
-6.6598202801e+28 
3.1971457379e+16 
2.6700866786e+17 
2.7454277580e+20 
-1.0700747200e+08 
5.2234438400e+08 
-8.4393430190e+33 
1.2907628034e-15 
1.7700481721e+29 
1.6892866516e+02 
2.7254822815e-24 
-1.1113949776e+01 
-1.9877241516e+02 
1.3075180005e-31 
1.5037413414e-37 
-1.5385075480e+34 
-1.0075680932e+12 
7.2959219577e+37 
-1.5469662666e+01 
-6.0913084000e-17 
-2.0826882974e-04 
1.4457455635e+01 
6.8518924288e+10 
2.1751755849e-02 
-3.0434707179e-37 
1.0394764612e-13 
-3.2665419900e-31 
4.1179907433e-26 
-2.1308636633e-07 
5.8874528482e-16 
1.9393056631e-01 
-2.6829063415e-08 
-3.8849792480e+02 
1.3931879818e+21 
2.0847626551e+13 
-3.8770645006e-06 
6.5689337043e+14 
2.5983411606e+38 
2.6454389115e-21 
4.2951053825e-10 
-2.0389600356e+34 
-7.7009637607e-05 
4.0522215015e-16 
2.5335563660e+01 
6.0468944880e-20 
8.7593775303e-35 
2.3567983121e-09 
1.9407592438e-28 
2.3968628739e-05 
-5.6526599884e+01 
-4.8947782669e-20 
1.1659172328e-21 
1.1152918704e+30 
-4.0689210920e-32 
-7.6076711391e-14 
-2.8135922481e-09 
-5.4538942608e-39 
-1.4613208361e-02 
-3.5557462016e+10 
6.2433814492e-06 
1.0042670698e+31 
5.8456176635e-19 
5.6474848816e-23 
3.2654800285e+35 
1.0229183844e-21 
-9.9419487191e+26 
-5.1341171365e-34 
9.5293179877e-31 
-2.8776472500e+06 
-4.2134908517e-29 
-1.5713032985e+30 
2.7012010659e+14 
-3.2076734462e-18 
-1.8134486163e-03 
6.5986093034e-08 
-3.0444374690e-19 
2.7280364721e-14 
-4.6231488075e+29 
8.6545283232e+16 
2.5217216112e-26 
1.9831409061e-22 
1.3961848803e-02 
1.0456568315e+15 
3.6835189519e+25 
4.9525079985e+15 
1.0453413778e-24 
1.0778152960e+11 
2.0448811332e-16 
3.2808570883e+33 
-8.3497983217e-01 
-3.1396666169e-01 
2.0222659584e-19 
2.6209874481e-33 
-7.1033710182e+12 
-3.8786072500e+06 
-7.7592652815e-05 
-1.7085484249e+23 
6.3595126676e-07 
-5.9253296254e-26 
9.1407891887e-05 
4.3950427377e+33 
-5.5494648910e-24 
1.9729414881e+12 
1.2868061829e+02 
-1.2613246789e+23 
-1.2516659613e+14 
3.0776560970e+16 
5.6848815806e+28 
-1.0333591759e-33 
-1.1825900920e-21 
-1.2536179352e+02 
-1.0167823574e-25 
-4.2703217882e+27 
1.4868344634e-23 
-1.0051790129e-11 
-1.0103194866e-33 
4.7467618852e+15 
4.3504884000e+07 
1.0709505936e+34 
            nan 
4.2857320738e-16 
-2.5636114475e+29 
-3.4375437648e+13 
2.2964840426e-25 
-4.4720880687e-02 
8.4558537254e-31 
-1.5885544151e+21 
-1.6601640596e-07 
1.7111502844e-16 
-7.9280443198e+34 
2.3242068167e+27 
2.4823233787e+26 
1.0379904614e+11 
9.9248839282e-20 
5.4139440918e+02 
9.8990484375e+04 
-3.2305959123e-12 
-6.5843740501e+33 
1.2953508447e+26 
-5.6706185205e-06 
6.2340150000e+06 
-1.0788881574e-18 
-7.7556534394e-35 
-1.2317706257e-28 
1.1151191461e-13 
-7.6425378418e+02 
-4.3777615735e+30 
-1.6165911391e+25 
-4.4467029572e+01 
-6.6076233714e-18 
1.5418515205e+01 
-1.5104295795e+19 
-1.0726153908e+33 
4.4184850860e+31 
-5.5053146653e+13 
7.5015324898e-13 
-1.0392833948e+00 
7.7039710800e+37 
-5.3217048880e+19 
7.1686077118e+00 
2.2767913585e-14 
4.4237473205e+18 
6.9412285385e-16 
1.2033690838e+25 
-1.3506478885e+25 
-1.2524818548e-25 
1.7247262375e+17 
-1.5598182792e-37 
-2.4530571784e-16 
3.5141576633e+21 
4.2711226887e+21 
-5.3707024334e+21 
7.0569440000e+07 
-2.3129562808e+12 
-1.1739698515e+20 
-1.8176888000e+07 
4.3902207381e-07 
1.5377858849e-23 
4.5246810448e+16 
-1.2979050732e+25 
-2.4713402083e-27 
3.3007480000e+07 
-7.8925053146e-38 
-1.8085656841e-25 
3.9038704000e+07 
-8.4688384795e-19 
-4.5736780622e-19 
1.0078747825e+32 
2.0203413391e+02 
7.3747192274e-35 
-2.4509149551e+01 
-5.4197260152e+27 
-7.7551831098e-38 
-2.8329850000e+07 
2.5417826387e-33 
-5.2985796363e-26 
-1.7095034470e+11 
-1.0755989915e+21 
2.8448240377e-35 
2.2342703596e-04 
-6.2383581250e+05 
3.1964306571e-15 
3.9300367479e+19 
-2.2525086029e+20 
2.0351971284e-29 
-5.7162110142e+26 
-1.0572727211e-29 
-2.7722305936e-21 
5.6095424630e+24 
1.0105114014e+17 
-9.0049733411e-36 
3.0507728228e-23 
7.7424834279e+16 
4.7575438657e-05 
-5.4903985000e+06 
1.4332504048e+13 
-5.4737452296e+15 
-1.1783304192e+10 
-3.7780312500e+06 
-2.2738968857e-29 
3.8734407372e+16 
-6.4125684000e+07 
-8.6442282424e-22 
-2.3487689269e-17 
-1.3800278259e+38 
7.0639447254e+29 
-4.5139147551e-04 
7.3356837285e+32 
1.9347421013e-38 
1.3292464728e-30 
-3.6908743368e-06 
-5.9840424575e+13 
2.1072654269e-29 
-9.2870355979e-25 
9.3353048528e-23 
-7.9661176747e+37 
-3.0980291200e+08 
-5.8675729897e-33 
-4.0986476908e-13 
-4.9214323244e-22 
-2.9940657255e+16 
2.8552265204e+13 
-4.7650463796e-17 
-2.0996724775e+35 
-7.9149848300e+31 
3.7784113152e+10 
1.3675894235e+28 
5.8314682027e+33 
-5.9957052656e-08 
-7.1864124060e-23 
3.3787272025e-12 
3.3218837837e-12 
1.0090615763e+34 
1.9499939877e-29 
-4.8710394668e-37 
3.1041515324e-28 
            nan 
-1.8439964342e+31 
-6.4355028992e+10 
-6.8738116971e-35 
-1.1463543177e+00 
-4.1313794306e-36 
2.8067262409e+29 
-4.9993776230e-08 
-9.3353048528e-23 
-7.7586788177e-14 
-1.5752437760e+11 
-2.5522165776e+13 
2.4051858096e+27 
1.9395926750e+28 
1.3077913692e+15 
7.2321549851e-06 
1.0580290116e-10 
-8.2121876237e-27 
2.9986256734e-02 
-1.9986644718e-12 
1.2536732819e+38 
4.5033028379e+32 
2.3064956895e-33 
1.3333951998e-10 
-2.1067984089e+37 
2.0757916199e-36 
4.7316394076e-35 
-6.3306780279e+17 
4.1963533343e-11 
4.3304261317e-27 
7.6321528963e-23 
-2.0594790318e-09 
1.0778947264e-19 
2.6848703261e-09 
-4.5889432907e+22 
-8.2126263123e-07 
-2.1235986414e+30 
-3.0461818000e+07 
-1.1608434570e+04 
-4.7256412411e+25 
-3.5478808988e+21 
2.9401137774e-11 
9.6507317080e-35 
8.6450687181e+13 
-5.0751768988e+33 
1.5726617184e-27 
5.5976533435e-20 
-4.8172615185e+16 
-1.3511299908e+22 
5.6094047592e-39 
-3.0327492821e-30 
1.1587648428e+30 
-1.7440301056e+10 
-8.4759529740e-26 
2.2924694177e+36 
2.2095891225e+20 
-4.7274415511e+26 
2.8178966647e-27 
2.9988324649e-13 
5.1082163123e-35 
4.0030083060e-01 
4.1371429688e-05 
-3.8916529116e-30 
6.8614889161e-13 
-2.6176873050e-30 
7.6242995251e-10 
-4.9645341007e-13 
-4.2860808241e+13 
-1.3731801059e-28 
9.6476940918e+02 
1.0470855360e+35 
2.4957818617e-25 
-3.1943040801e+15 
-4.3133588117e+33 
3.9707384694e+19 
-1.5139571467e+32 
1.1960778304e+38 
1.8531833295e-22 
-1.2627258569e-27 
-1.9096885537e-17 
-4.6748231164e-33 
-4.0811580782e-09 
1.5876330804e+18 
4.5042163943e+26 
7.6873968302e-10 
-7.2856662319e-33 
8.3259680531e-23 
2.1115462576e-27 
-3.2521160005e-23 
-5.9016662550e+24 
2.1592668116e-17 
7.4135851573e-35 
1.5948364318e-21 
-2.3291282168e+14 
-4.4498621454e-10 
-5.2594052734e+03 
