2.3509887016e-38 
0.0000000000e+00 
0.0000000000e+00 
0.0000000000e+00 
0.0000000000e+00 
0.0000000000e+00 
0.0000000000e+00 
3.5873240687e-43 
0.0000000000e+00 
0.0000000000e+00 
0.0000000000e+00 
0.0000000000e+00 
0.0000000000e+00 
0.0000000000e+00 
0.0000000000e+00 
0.0000000000e+00 
0.0000000000e+00 
0.0000000000e+00 
0.0000000000e+00 
0.0000000000e+00 
0.0000000000e+00 
0.0000000000e+00 
0.0000000000e+00 
0.0000000000e+00 
0.0000000000e+00 
0.0000000000e+00 
0.0000000000e+00 
0.0000000000e+00 
-4.4236203410e-34 
7.1746481373e-42 
0.0000000000e+00 
0.0000000000e+00 
0.0000000000e+00 
0.0000000000e+00 
0.0000000000e+00 
0.0000000000e+00 
0.0000000000e+00 
0.0000000000e+00 
0.0000000000e+00 
0.0000000000e+00 
0.0000000000e+00 
0.0000000000e+00 
0.0000000000e+00 
0.0000000000e+00 
0.0000000000e+00 
0.0000000000e+00 
0.0000000000e+00 
0.0000000000e+00 
0.0000000000e+00 
0.0000000000e+00 
0.0000000000e+00 
0.0000000000e+00 
0.0000000000e+00 
0.0000000000e+00 
0.0000000000e+00 
0.0000000000e+00 
0.0000000000e+00 
0.0000000000e+00 
0.0000000000e+00 
0.0000000000e+00 
4.7790483048e-28 
-3.8156755977e-07 
4.6628757592e-32 
-6.4914453125e+02 
-5.6579584720e-29 
-6.3213128275e-24 
5.2064512000e+07 
-1.6463548788e+35 
1.6012011644e+35 
-1.2228827599e-31 
1.2862031933e-26 
4.2668581009e-02 
-9.0427600000e+05 
1.5442953703e-28 
7.4215746385e+14 
3.0076445891e-15 
-6.9078630400e+08 
-6.4511880282e-09 
-3.5681428339e-19 
4.1114838734e-26 
1.3721501481e+30 
3.1772504821e+31 
3.2953376356e-15 
3.1900288000e+07 
5.1002979617e-11 
1.9950992491e-38 
-5.0338603405e+33 
1.4012794660e+16 
-1.4542159226e+22 
1.7381226813e-34 
-6.8913863061e-07 
6.0707231758e-29 
-2.2682455025e-08 
6.2694576263e+01 
6.0114216190e+36 
-2.9351223210e+19 
2.2440027095e+12 
-1.0512070593e+34 
-4.1972208183e+29 
-2.4166078093e-37 
1.7212835103e+12 
3.2369341555e-30 
1.9235125799e+36 
9.7012627306e-27 
1.7503603663e+32 
-1.3368137318e+11 
8.1982371342e-21 
-3.4486231804e+00 
-4.8283893311e-33 
1.3679209867e-17 
1.1387098593e-18 
6.6736087638e+27 
-2.3574917864e+30 
-1.4621537412e-03 
-1.4177703444e+24 
9.6257078236e-15 
-1.5570924667e-23 
-5.6605441075e+23 
-8.3541410249e+18 
-3.4577277991e-22 
-9.9564393750e+05 
-5.8466308495e+29 
-7.5186615796e+23 
7.0052198377e+14 
9.3833822656e-11 
5.1381006336e+10 
-3.7554332358e+15 
1.1608394653e+31 
-4.2852152115e+11 
-3.5664524800e+09 
1.0575942423e-30 
3.2903180556e+28 
-9.5048420131e-02 
-3.3190006330e+35 
6.4297829861e-27 
1.8601984664e-07 
6.2187363862e+25 
1.9201880777e-30 
8.5356024000e+07 
-2.6403682233e-14 
6.2266739992e+35 
1.8574122070e+36 
5.4891776754e-25 
5.8431228000e+07 
-2.7983030389e-12 
3.1875500343e+13 
6.6059305378e-13 
5.8425157433e+22 
2.4648046197e-32 
-1.3117310213e-17 
1.1876718750e+06 
-3.6091763973e+00 
5.2464953102e+17 
1.2479949632e-31 
3.0268665796e-08 
1.2338336091e-05 
4.8881201356e+33 
8.0977342374e-19 
1.0516919892e-17 
-2.3367749753e-23 
1.1474370211e-01 
-4.1343134277e+26 
1.1509484446e-34 
1.5494095908e+34 
-5.0991039318e-16 
-5.5649013596e+12 
-2.1154029599e-35 
9.1377198085e-23 
5.7291716069e+36 
9.5105950663e-32 
-2.5316390400e+09 
-6.4591926975e-24 
5.4551556225e+21 
1.7255015776e-12 
3.1793009198e-11 
5.7255620377e+26 
5.5374212481e+30 
4.1000158312e+37 
-4.9185508343e+25 
1.6747620800e+08 
6.2641673634e-15 
1.2804082605e-23 
-7.5519607188e+15 
3.1889201430e-14 
-8.9161903816e-06 
6.3270368775e+32 
1.3791426420e+00 
-1.6657130443e+37 
1.0210794880e+09 
-3.2024937885e-29 
-6.8028919399e-02 
            nan 
1.3642644917e+35 
-7.6983932309e-23 
1.5067076683e+01 
2.0194719232e-18 
-5.7207578230e-16 
-4.9530071596e-16 
-2.9679027131e-31 
6.1908028905e-24 
-3.1275135272e-23 
-1.7925124848e-03 
-2.9144442000e+07 
-4.6369155656e-23 
-2.2495478003e-32 
-2.8512936735e-31 
-5.8237803185e+22 
-4.9799089260e-16 
-1.3995484381e+13 
5.9046212118e-04 
1.3509197500e+06 
-5.5320981182e-24 
1.0435293916e-05 
-2.0308084326e+11 
7.6663638192e+32 
1.6362361992e-23 
1.3594694585e-36 
2.7833982000e+07 
-2.1806438387e-16 
2.5095294000e+07 
-3.8814261592e-13 
2.0262013684e-27 
1.4795531889e-28 
3.1076995166e-29 
7.7328241124e+21 
-1.0929953506e-17 
3.1276292506e+11 
2.6829427144e-16 
-2.8975612480e+26 
-2.4373173751e-38 
-6.7209842838e+22 
2.2867295622e-13 
-7.2495387929e-28 
1.0426757340e+28 
3.8363903809e+03 
-6.0709315316e-23 
4.1582237500e+06 
3.4476264315e-20 
1.9168622592e+10 
-1.1736225179e+35 
-3.3552996875e+05 
1.3555519000e+07 
-3.2234353530e-22 
-8.6148448654e+15 
-4.8770504761e+02 
3.4495626460e-04 
-8.9108373685e+17 
4.1242501257e+35 
-1.9537406376e+24 
1.0845439200e+08 
1.1098347527e-27 
-3.1085370612e+38 
6.8188544561e+20 
-2.5554229209e-31 
2.4781667340e-18 
-7.4606206529e+27 
-1.7917685399e+34 
-6.5694249474e+26 
1.0992430878e+02 
7.9634084134e+21 
2.6259863634e+12 
-3.3523504000e+08 
-2.4665856922e-13 
-4.9057786470e+17 
-8.0045771028e-05 
-2.2216886058e+21 
-1.8094353621e+18 
-2.4274484076e-06 
-6.2769190022e+23 
-9.9138790638e+23 
-3.7909249708e-34 
-5.2724934606e-24 
1.4018533297e+21 
1.3200488281e+02 
-5.7194582300e-30 
-1.5453654655e+37 
3.2867690768e-19 
5.3855529644e+28 
-1.5416744103e-19 
3.7481619978e+22 
1.7334307511e-37 
-1.9140316872e-03 
-1.1895543616e-28 
1.3117409489e+34 
-1.5766639084e+12 
-2.3412434534e+12 
-1.0185625689e+25 
-1.7237093335e-20 
4.7245422592e+10 
-3.2636246528e-24 
9.1118712936e-36 
-1.4066008407e-23 
3.0867094045e+33 
-4.1808254171e+24 
-4.8504750000e+04 
8.6630211962e-20 
-2.2963746414e+22 
-6.0824544590e-33 
1.7155747601e-31 
-4.6267587095e-08 
-6.5827287097e-25 
4.0214300156e-02 
-2.2222563443e+13 
1.1924300268e+29 
-3.6578766886e-36 
-1.2162502100e+27 
-5.3393372706e-38 
-1.2327368769e+25 
-3.9882122776e-25 
3.0609283312e-33 
-4.0839464259e+15 
1.1438137229e-26 
-9.4923716823e+23 
1.1334206143e-13 
2.9853089792e+10 
-1.7398727967e+12 
-2.0809492951e-37 
6.0150241082e-37 
1.0869756920e+14 
8.0749884313e+24 
1.8843201578e+19 
4.3062620136e-10 
9.0477772800e+08 
9.0033722699e-09 
3.7519954689e+17 
-3.8212432861e+00 
-2.0799432563e+38 
-1.4303893585e+23 
-2.7295129600e+08 
-6.1239005885e+33 
6.8961169745e-05 
-5.8333277240e+31 
1.6949973360e-04 
2.2234507143e+14 
-1.5537623174e+27 
-6.7863844303e-37 
-3.0849054710e-21 
3.3616329288e-22 
-4.1499746976e+17 
2.3701546778e-24 
2.6554067812e-24 
3.9446858695e+13 
9.0926619348e-29 
7.3964110925e-07 
-1.8935929984e-04 
2.3848922603e+15 
2.0680375000e+04 
-1.1556187500e+04 
1.0421639308e-04 
1.7001127776e-32 
-3.1495993263e+28 
2.9325946116e-09 
9.6423793731e-24 
-4.7757441987e-26 
-1.9512875000e+04 
-8.3287179736e+35 
-1.2851268636e-22 
-2.2859350016e+10 
-5.9098694346e-21 
8.1308451723e+24 
-2.5063798263e+31 
-2.7413153241e-21 
8.5173324648e+15 
-2.4723983722e+31 
8.1521917309e-05 
-2.7751508422e-27 
5.1947351545e-02 
7.1971893558e+30 
2.1027627224e+34 
5.6778448688e-21 
-1.8887424023e-22 
-1.3106443042e-08 
1.0081452056e-24 
-9.9455355063e-10 
2.8792567253e+00 
1.4928967631e+13 
1.1649085000e+07 
7.1764440918e+02 
2.9427823794e-17 
1.9561306886e-15 
2.3153398931e-01 
2.8749801159e+24 
2.1235502508e-24 
-2.9303816951e+26 
-5.5729799676e-19 
1.3238509841e+21 
-1.3621367446e+16 
-8.7489143737e-15 
5.4659601101e-34 
-1.0851880141e+12 
4.1134363100e-34 
3.1540862070e-31 
1.2724300623e+20 
-1.0665952228e-02 
-2.1779523222e+33 
-5.0204509444e+29 
-3.6970273953e-08 
1.6448718750e+06 
-3.1675643568e+19 
-1.1811939447e-11 
1.6028657247e-16 
-3.9731824601e-12 
1.0775097702e-32 
-1.7527346911e+36 
-8.6320923961e-19 
3.4041348620e-28 
-2.7453563077e+13 
5.2622588000e+07 
1.7614693909e+22 
-6.7790219327e-04 
1.0691901461e+32 
4.2502755200e+08 
-1.0206194366e-36 
-5.2856060000e+07 
3.8999683891e+11 
-1.4965700128e-24 
-2.4896152805e-26 
9.0360967983e+36 
-2.6226531027e+31 
            nan 
4.8010596875e+05 
-1.5864774563e+23 
-8.5324539858e+35 
1.4239648081e-25 
-2.7678185413e+38 
2.4798898438e+05 
-3.9243158400e+08 
1.7759261248e-36 
-2.5091749029e+22 
-1.1603383870e+26 
-2.7163930829e-37 
1.1312061547e+31 
1.2202777508e-16 
-7.4819804681e-37 
1.2109248659e-15 
-2.0623186643e+33 
-5.0082948159e+20 
-5.7620170992e-04 
6.1339495005e-04 
-1.1475886430e-12 
4.8208011984e-16 
1.1497018229e+13 
-9.2823016000e+07 
-7.6449621488e+22 
1.7233158459e+28 
6.0802804000e+07 
-1.2884890744e-30 
-6.1465041390e-11 
-7.2525667860e+37 
3.9163039764e-04 
2.6448173423e+20 
-1.6585201940e+30 
-1.7396803945e-02 
6.1443138889e+21 
-9.2865433583e+36 
-2.7443642368e+11 
-4.3115748991e-20 
2.1648935829e+31 
-9.2803703714e-38 
-2.3996258187e-26 
6.3538730145e-01 
-8.2886037723e+21 
2.1677352778e+18 
-2.6942158357e-13 
-2.1670119080e+13 
5.7046777828e+16 
1.8996907948e+37 
2.3910556296e-21 
-9.8156160675e-04 
-2.4260782265e-22 
7.1055847168e+02 
5.9673739599e+18 
-1.6770647535e-38 
            nan 
-1.0135283141e+27 
-4.6206468344e-01 
8.6890181453e+14 
-2.9931429557e-10 
-1.0985624000e+08 
1.2421837532e+37 
2.9901915000e+06 
1.4381511816e+20 
7.1555038497e-25 
-1.6350075603e-01 
8.0006983650e+15 
-9.4395927590e-06 
-4.4633728644e+30 
2.0977688862e+17 
-4.8778450387e+16 
2.2768339297e-11 
5.3133435204e-35 
6.4913162679e+26 
-2.1602838387e-05 
4.1780742188e+04 
1.7296504320e+09 
5.9954354886e+31 
-2.2400155148e+24 
-2.3364296875e+05 
1.1874904724e+25 
-4.0107700017e-24 
-1.7957799539e+37 
1.9013559837e+15 
-6.7596815256e-08 
1.0169125865e-34 
4.6368376641e-21 
1.3273858349e-04 
-3.7434981953e+35 
2.1964981917e-11 
-2.7776079277e-32 
6.4709346408e+32 
-9.0953641959e+15 
-5.4500229527e+18 
-7.5618291200e+08 
-7.5046769726e-16 
-3.1098906828e+32 
-1.5431706765e+14 
2.8674017334e+02 
4.4577460196e+15 
-6.6504476052e-39 
-1.1906031888e+30 
-7.6584959280e-22 
-1.2851303381e-06 
5.6755960000e+07 
-2.4951852417e+02 
-3.1346299203e-24 
-2.9395436497e+17 
1.7044004575e-34 
2.5105146727e-33 
-2.6061533204e+30 
3.0761913708e+34 
1.0453900856e-08 
-4.2549256073e-24 
-6.3875927734e+03 
9.1246329217e-23 
2.8920726618e-04 
5.0752277971e+13 
-4.9618809359e+33 
1.3283405291e+24 
1.1290464401e+01 
1.5186228580e+15 
-4.1081874522e-33 
-8.9275624759e-07 
1.1057498566e+29 
-2.8623490010e+31 
3.8998962208e-14 
-6.5897505377e+19 
-1.6882460055e-36 
-1.2112419704e+30 
2.8270117525e-18 
-7.8041241600e+09 
-1.7874796695e-12 
9.5746952034e-11 
4.1634313762e-02 
-2.7331982104e-21 
-1.2279461324e-01 
8.2668643445e-03 
2.3905316545e-27 
5.9931751830e+37 
-3.9141207040e+09 
9.5019137859e-01 
-1.8649133026e+21 
7.9359724623e-06 
-9.2134641103e-34 
-2.3910975456e+00 
-1.0622426448e-16 
-1.9637114000e+07 
-2.3677406266e+24 
3.2140648960e+09 
4.4035505000e+06 
-1.2960592896e+10 
-3.2899980193e+25 
5.2848449014e+17 
-1.0337738173e-20 
8.4534419344e-28 
-2.9348936677e-01 
4.1750949920e-10 
3.8658260019e-04 
6.4951465465e-03 
7.8251527420e-27 
-3.0714915840e+09 
-3.8362824859e-28 
4.3416771605e+35 
-4.5784467200e+08 
-6.2670863042e+35 
-1.0170571520e+09 
-1.2000793395e+11 
-1.8483864544e-20 
5.2397005260e-02 
-1.1534746763e+25 
-2.6931864146e-25 
9.5936952941e+29 
2.1135664087e+13 
-1.2625969600e+08 
-1.7611535060e-12 
-3.5550474206e+22 
-3.7306096042e-21 
1.5352093082e+11 
2.9400973511e+02 
-5.2163153441e-07 
-1.4630575609e+19 
1.7514005270e+19 
-2.1907127380e+02 
-8.2737424828e+29 
-1.5126756065e+12 
-5.0661253178e-22 
9.2660287955e+29 
-5.7297336730e+28 
9.6603288505e+33 
-3.1964724026e+32 
-2.8736925908e+25 
-2.9014226944e+10 
3.2066532969e-01 
-3.9994571413e+33 
-7.7410492188e+04 
-4.2828393391e+17 
2.4683099266e-22 
-9.6951989908e+32 
-1.5107089276e-29 
-1.3498593946e-18 
5.9160756951e+18 
3.9343077090e-38 
-2.5642395719e+16 
1.8096639542e-03 
-2.3447062908e-14 
-1.1811918750e+06 
3.4249766912e+10 
3.8167452277e-32 
-3.4437932886e+18 
-3.9503261696e+10 
-1.2491951904e+03 
7.0549895301e-18 
-3.0586764758e+27 
-1.8996528496e-30 
4.1620504761e+02 
-1.5144767000e+07 
3.3408863241e-13 
6.3621097893e+35 
-2.7711960726e-08 
6.6569057617e+03 
5.1883453125e-20 
-1.6851060494e-33 
-1.2371582640e-21 
-6.6478492405e-22 
-5.7587854564e-02 
-3.1774177358e-24 
2.2817654433e-09 
-6.5298255150e-38 
3.6475251760e+28 
2.3906971328e-03 
-9.3900313974e-35 
-1.3220387750e+29 
-2.8539954294e+29 
-1.3342974400e+08 
-2.6059751361e+28 
8.6088417211e-13 
-6.4298550000e+06 
-2.5116437794e+32 
3.7034395000e+06 
2.5089546204e+02 
-3.1226056014e-33 
1.1242370048e+10 
1.2634562273e+33 
-3.6675964141e+27 
1.2529828552e-07 
1.7525157166e-22 
-9.0175495301e+33 
-5.8799701234e-26 
3.6080496325e+25 
-1.0398956869e-11 
2.0998133922e+33 
2.5602732192e-17 
1.2455225111e-13 
1.0400039610e-03 
-1.5493562854e-30 
3.0935175468e-25 
4.4374889869e+26 
-7.2030667711e+33 
-1.4821419691e-35 
-6.2081005581e-07 
2.2580340446e+19 
-1.7312835943e+33 
1.5672534102e-32 
2.1544291191e-30 
-9.3750370593e+22 
2.6148367495e-25 
-8.4223850200e+31 
2.6248402159e-20 
3.5349808860e+15 
6.1827802256e-07 
-9.0455969186e+33 
7.4968788705e-24 
2.5603591309e+03 
3.1854462000e+07 
3.3349166983e-07 
5.0042538820e+13 
-2.4943389883e+25 
1.0550259799e-01 
-2.0158638750e+06 
-3.0270515038e+16 
6.8280764419e-23 
-3.4020035941e+24 
3.0002665413e-19 
2.3676514563e-29 
-2.7288329729e+15 
-1.4143498438e+05 
4.1055177378e-13 
7.2544149504e+10 
-2.2221790914e-06 
-7.8647996599e-19 
-2.0767567679e-02 
3.5625582886e+02 
            nan 
7.3246654681e-28 
1.2555215925e+37 
2.8424801636e+02 
-1.4524414190e-36 
5.5957147803e-22 
1.3832223744e+10 
-1.4903791038e+31 
1.8026601371e+17 
1.5355689129e-06 
4.4466134592e-38 
1.2374390499e+14 
-8.3502278400e+08 
-3.0958049607e+29 
2.7592998786e+37 
-6.0091738795e+24 
5.6643023188e-32 
1.3962175000e+07 
-5.8415228271e+02 
-1.1922892327e-06 
1.9254975761e+17 
-5.3481711646e+30 
-2.3602387955e-05 
8.0699651910e+29 
1.2922082429e-26 
-4.4937697280e+09 
-5.5669133241e+27 
1.9987789917e+02 
1.0605043042e+31 
1.2360610679e-26 
2.3448868139e-29 
-5.2101449467e-19 
-9.9995634695e+23 
-1.5959956265e+34 
6.5840821099e-39 
-8.9793652326e+12 
-1.8527713136e+15 
-7.2251760448e-25 
-1.0379912584e-28 
-4.5665087439e+30 
-5.7686185548e-27 
1.2529966354e+01 
3.7303025442e+19 
7.8143347168e+02 
1.5335614681e+00 
-4.9425627269e-36 
-1.1830039228e+19 
-5.0705773447e-07 
1.3620671152e-34 
3.3490980301e+16 
3.6397812000e+07 
2.6320458236e+26 
8.4973548800e+08 
4.7600590625e+05 
-2.3788987229e+37 
-1.3146977945e-14 
-2.3087798048e+18 
-2.0473918152e+02 
1.5713871117e+34 
4.4959340612e-13 
-3.5283352500e+06 
-1.6803420908e+32 
-1.7974383832e+26 
1.1360646341e+17 
2.1109694615e-02 
1.7056241836e-11 
-1.5210302000e+07 
-3.1439931641e+23 
1.5371019544e-16 
-2.0482399774e-27 
1.9206162542e-02 
-1.7982855525e-22 
9.5192077959e-31 
-7.3142768000e+07 
-6.3429133438e+20 
2.7878793887e-19 
-1.0165328539e+34 
2.6529123070e+17 
6.2163544518e+36 
-1.4206372637e-21 
8.5863134491e+36 
-3.5338597041e-25 
-3.6384527637e-36 
-4.4539473334e+24 
-8.3673167734e+15 
-1.9172090161e-34 
-1.4071481473e-06 
-1.5856427974e-36 
-2.7856728290e-14 
6.1385618787e+29 
3.3491720602e+11 
-1.5240698773e+28 
2.7240709865e-18 
1.9280701904e+03 
-1.2336002161e-20 
-2.2285723904e+30 
-1.2108559817e+19 
3.9937799680e+09 
-4.0977807617e+03 
5.1904332052e+18 
2.9798824133e+32 
5.0876668000e+07 
4.0338042693e-13 
1.1175031787e+15 
1.4961692943e-21 
1.4376955978e-34 
-4.6960468258e+36 
-1.7881425248e+16 
1.8618682841e+37 
-1.7980287969e-01 
5.2765497900e+29 
-4.7794920768e-23 
-1.2209819443e+35 
-2.1460153809e+03 
-1.7177024202e-36 
-1.4860898438e+05 
-4.3856073600e+08 
5.1112244382e+27 
-5.4121953283e+14 
1.7700223100e-25 
2.1019837481e-22 
1.8702123047e+04 
-4.7171304135e-23 
5.2956903650e+31 
-4.9798104556e-06 
8.0516201784e-21 
6.5492057799e+37 
-7.8435584435e-16 
5.6839874116e+25 
-5.9924696256e+17 
-1.5807908801e-11 
4.2695762374e-22 
-1.2828291333e+19 
2.3311470192e+14 
1.4724217538e-22 
-3.8682817711e+25 
4.2934213827e+19 
-2.3696302408e+12 
-5.6593167652e-11 
5.1179652131e+32 
1.3091830728e+15 
2.1933164466e+17 
-4.4343498264e-35 
2.3258414217e-07 
5.1445376873e-01 
2.4366110229e+02 
-1.5806370855e+16 
4.2510912124e-08 
3.1196436543e+17 
-7.1748519897e+01 
-6.5362795033e+23 
2.5898639479e-36 
2.1903438568e+01 
-2.3650109491e-17 
6.6268481860e+26 
6.4017087221e-01 
1.7385987405e-07 
-2.4802395568e+21 
-7.1862939210e-11 
5.7004748775e-23 
1.2938863305e-13 
-1.2408016455e-11 
-8.4488901444e+29 
5.3630466351e+18 
2.7656988612e-35 
6.2468347168e+02 
7.7459323406e-01 
-1.9566741612e+36 
-2.5440126210e+19 
-1.3082678834e-06 
-9.8060194250e-33 
1.8907475148e+29 
-1.0208410677e-03 
-3.0414604094e+21 
4.2870042995e+24 
-3.1037270353e-18 
2.7449107514e+26 
6.6735678587e+16 
4.4159403192e-30 
-3.5590540480e+22 
-3.9724910361e-35 
2.2443552569e-28 
2.6211645440e+10 
7.2910115445e-11 
5.5650871258e-37 
1.9292698438e+05 
-2.8484775771e+37 
-8.2888000709e+32 
-1.6225111956e-32 
3.6561091309e+03 
-1.8800257146e-01 
-2.4800576089e-12 
5.9854392078e-16 
3.2705373047e+04 
-1.3885678750e+06 
-1.4412911641e-33 
4.6487301636e+02 
-3.7615269903e+31 
1.3968934221e-31 
4.0593338254e-15 
7.0310581816e-31 
1.5986459895e-38 
9.6945975605e-38 
1.2995602031e-34 
1.6010192823e+16 
9.3722361086e+24 
1.1279641804e-10 
-3.8109271459e+21 
4.9191393750e+05 
-1.4390222954e-12 
-6.6553843200e+08 
-3.1521305399e-28 
2.9812277023e+19 
6.8684971871e-31 
-2.0223757500e+06 
7.2044731364e+37 
-4.4791881528e+32 
4.7424900378e-13 
-7.0104826591e-05 
5.7950120946e-22 
8.1493679793e+18 
-6.6209950607e+29 
-7.2297453990e+36 
6.7484832215e-34 
3.6236549871e+23 
-2.4255918780e-23 
7.3011411785e+16 
-3.0385350084e-37 
4.1192892617e-32 
-1.5567092736e+10 
6.4702928066e-03 
-6.1602930759e+28 
2.6678890861e-17 
-7.4067803844e-23 
1.2139826073e-35 
-2.1914294682e+11 
-1.1816861696e+10 
-3.1326288866e+15 
-5.1120347066e+30 
7.6344115200e+08 
3.5690336103e-11 
6.4325881814e-37 
-4.5136398474e-27 
-4.7527971173e+27 
-3.5379356160e+30 
-2.4024295649e-21 
1.5238679687e+17 
-3.8199088000e+08 
-2.1457352948e-17 
2.3502703756e-02 
-5.9175525665e+01 
4.7493607457e-23 
1.5846775189e-21 
8.2214389345e-23 
1.7450627510e-25 
6.4901684411e-22 
5.1250284701e+20 
5.5498500018e-08 
2.2869810934e-08 
-1.6783182820e-20 
            nan 
8.5856853748e-26 
-1.2855852417e+36 
4.4253826729e-19 
4.5187316461e-32 
-8.7883258006e-35 
-1.9620187845e+31 
5.9561508049e+19 
1.6723485586e+22 
1.2064849219e+05 
8.4986542975e-32 
-1.8872785950e-25 
3.3479499485e-27 
-2.4951985309e+17 
1.1704649219e+05 
4.1276026683e-23 
-6.9344452339e+19 
3.3754362614e-36 
-1.4565098008e-20 
-8.8451425106e+31 
-6.5939708000e+07 
-8.6376386664e-22 
1.4712296526e-14 
1.3480389404e+03 
1.5280414935e-35 
-4.9186941236e-02 
1.8137339936e+38 
1.5048464590e-13 
-4.9426726706e-20 
-2.3423278809e+03 
-8.8488334820e+30 
1.1512316676e+25 
5.3201500834e-17 
-4.5736547559e-02 
3.1591684346e+27 
9.8432393750e+05 
1.3330624096e-30 
-1.9200919196e-02 
1.9433568384e+31 
-8.8663685857e+13 
-2.6658811569e+01 
-8.0591806909e-04 
-1.6814798750e+06 
-1.6781858444e+01 
9.5545837574e-18 
7.1311539014e-27 
2.0042949693e+27 
-7.0357720807e+24 
1.7761432502e+13 
-1.7813120482e-31 
8.2673628923e+35 
-1.4061779168e+23 
6.6509716213e-02 
-1.3389457353e+25 
-3.7192683590e-36 
2.7521854796e+21 
-2.6609610720e+38 
-8.3481037662e-25 
4.9873373616e-23 
-3.8511257846e+12 
1.3015721130e+02 
-3.9154927453e+29 
-3.4927608287e-34 
8.1431188312e-33 
-1.3839172607e-04 
6.7387480145e-12 
-8.1909097145e-16 
1.9732186141e+18 
2.3179748726e+30 
-9.2909671568e+33 
1.3184452401e-23 
-2.3420298610e+18 
5.4419643171e+13 
-7.8921746915e-10 
-2.7065653601e+37 
3.5443464830e-10 
-9.8438105469e+03 
-1.2610166550e+01 
3.2456150397e-13 
1.0725638119e-22 
-5.2386758362e-38 
-5.3477187500e+05 
-2.0094287085e+36 
-3.6190089015e+31 
2.6050600863e-17 
4.0723292042e-22 
6.8467721559e+18 
-2.3889100431e-24 
-4.8732977594e-15 
-5.0458368606e-25 
-1.7793369727e+35 
1.4094841338e+27 
1.1007930567e-07 
2.0939540511e+24 
1.9282849179e-38 
1.2448488614e+29 
8.1745314080e-29 
1.0980266274e+19 
-7.2990953171e+25 
8.1476206062e+15 
-3.2428387260e+20 
-1.4393197500e+06 
-1.8444878515e-03 
1.7743940947e-14 
-2.2413896875e+05 
1.0348479119e+12 
-2.2785762355e+23 
1.9389489843e-25 
1.4415966687e+27 
1.0859014717e-26 
1.7668385320e+35 
1.6331754873e+31 
4.0505466309e+03 
1.5023797535e+34 
6.0008146557e-15 
-6.5456266092e-24 
-7.9762873650e+00 
-9.4777152793e-10 
2.7659543991e+01 
1.5040101120e+09 
-2.7806728686e-27 
-6.3079830170e+01 
-7.4572927078e-28 
5.2566644020e+32 
1.7302963019e-18 
-3.4822517739e+14 
2.4165029511e+15 
-4.0993161643e-10 
-8.4893414227e-25 
-8.9977316995e+28 
7.7549220141e+37 
-1.6669857761e+27 
1.7525058132e-35 
6.8418303272e-04 
1.8250962465e+22 
-9.3446834675e-15 
-6.9089588087e+36 
7.2419635952e-02 
3.9536350289e+24 
3.2384461941e-27 
9.7060535609e-07 
4.4276211929e-13 
-2.3521787443e+23 
2.8367199550e+30 
-1.4679598750e+06 
-2.1524758512e-26 
-1.1937807073e+14 
-5.8752764000e+07 
-5.0097449669e-33 
-6.7132124160e+09 
-1.2808739625e-09 
-3.0675743407e-38 
-9.7183910225e-12 
-3.0563888005e+12 
-3.5214231370e-32 
6.9179888640e+16 
3.2985145245e-19 
4.3750811286e-26 
1.2468613606e-39 
-1.6590041907e+11 
3.0217068043e-19 
1.5501990705e+26 
-1.2698854835e+26 
-1.4897767109e-19 
-1.7367136829e-27 
-5.0690162627e-16 
-2.3613149672e+35 
-1.1619112381e-33 
6.2734332460e-05 
-4.3173691701e-19 
1.9798445550e-08 
-1.7843123710e+31 
1.4756682556e-24 
2.8519821312e+10 
2.2070566364e+26 
-3.0309950513e-13 
-2.7287569538e-33 
-9.5165562355e-21 
5.9720231652e-25 
-8.1873987500e+05 
-3.1811217527e+32 
-1.2573357506e+23 
2.3987825758e+27 
5.1021532504e-16 
-2.0018318600e-11 
1.5890994566e-22 
7.9349130392e-01 
5.8680416452e+25 
-2.6836176328e-31 
3.2300045013e+01 
-1.3476428657e-15 
-1.3991414569e-02 
-1.0361649889e+12 
6.3199290648e+19 
6.2183028534e-38 
-2.2582849632e-17 
2.4937893047e+20 
-1.3337525528e-09 
1.2334874863e-26 
-3.3581295013e+01 
-9.8682154345e-26 
            nan 
-4.9420922532e+20 
4.8245841432e+23 
-1.6392292800e+08 
6.1378670297e+28 
7.0202912932e+12 
-5.1226122259e-37 
7.3029096238e-03 
2.2232000055e-31 
1.1160447029e-03 
-6.2067623138e+01 
-2.6206664704e+10 
-1.4594428904e+23 
-7.0201691415e-05 
3.5744959076e-11 
-2.0632521299e-12 
8.9410872698e+18 
7.4631495428e-10 
-1.0555588005e-15 
4.9615888287e-08 
-5.4716867208e-01 
1.9298814400e+08 
2.1142930962e-07 
1.2640641311e-10 
-5.8803731038e+13 
-4.7956552734e+03 
3.1858586812e+13 
1.3656269906e+25 
5.9686081526e-35 
2.5149255906e+18 
5.2932150000e+06 
6.2496216535e-11 
1.1222959074e-05 
-3.7942307245e-05 
-1.1460277346e-37 
            nan 
1.6081023538e-26 
-8.6708681828e+21 
2.1182120206e-32 
-1.1503935954e+20 
3.6223790625e+05 
1.3902172154e-25 
-5.3145178924e-08 
1.8138477500e+06 
7.2109552000e+07 
-1.1495685547e+04 
-5.0765771472e-34 
5.9348861584e-35 
-1.1912254195e-05 
6.3875844548e+16 
-1.4708441713e-12 
-1.4513863365e-38 
-2.0966066094e+12 
3.3877927641e-15 
-4.8700127687e-26 
9.6076371816e-22 
-1.5756765788e-04 
-8.8581795013e+36 
-7.3939259164e-03 
2.1879829911e-21 
-6.1389755000e+06 
-2.0106397829e-13 
7.0999101771e-31 
-2.3870371282e-01 
-1.5019654925e-15 
6.3437984773e+34 
7.1636201912e+16 
-4.2469573521e-32 
-1.7384566069e+00 
-2.5887026669e+20 
5.4818076832e-23 
-1.0247035641e+29 
8.1910514612e-13 
3.3580029763e-39 
-1.6617919000e+07 
1.3796791230e+35 
-1.8566185300e+24 
-6.2480773672e+15 
-1.5836719581e-16 
-2.7092356070e+22 
1.1144631910e+11 
9.4535087880e+36 
5.7028029047e+33 
-1.1703743000e+07 
-3.9691712000e+09 
7.7102860985e-08 
4.5442997741e+24 
7.5027728271e+02 
3.6887109263e+26 
-9.0962258492e+21 
1.2431024947e+11 
1.3530078216e-30 
-2.0420908020e-10 
2.2242096557e-35 
9.6764571649e+15 
3.4764859676e+00 
-3.0337710421e-37 
-5.3361080170e+01 
-6.4579359017e+29 
-2.7566405632e+10 
8.9572033346e-08 
-1.0026769104e-07 
-2.0639411530e-18 
-1.1809354836e+15 
-1.6022166443e+02 
-1.0172128860e-19 
-5.3625157772e+17 
1.2699357190e+22 
2.5653420899e-22 
8.6436393750e+05 
1.9804242626e+28 
5.9436242008e+20 
9.0967155391e+24 
3.0460761627e-04 
-2.3877974600e-02 
-7.3703284155e+27 
-2.2104629238e-07 
-1.1215392078e-05 
1.0188755579e-02 
5.1313390625e+05 
-4.5593387500e+05 
6.6529827118e+00 
3.3475984000e+08 
-2.8273387289e-27 
2.6080513642e+38 
1.1507860080e+30 
-1.4107708226e-22 
-1.3885240771e+12 
3.9022974968e+00 
2.0218157010e-11 
-1.4966759121e-34 
1.6031729763e-11 
6.0051158490e-10 
-2.6491006000e+07 
-9.4271372291e-06 
-4.0751351726e+12 
-8.0044939218e-19 
3.2240895089e-03 
4.2989431459e-10 
-1.6278611964e-34 
-5.5827084356e-14 
1.5513626958e+16 
3.1996319649e-27 
5.1543851072e-25 
1.2088491779e-37 
4.9753761709e+36 
-8.8674282789e-18 
1.1187171681e+28 
-1.2880670383e-17 
-8.9879232854e+21 
-1.5438561620e-27 
-1.2492176076e-13 
3.1406874323e-10 
3.9976340483e+27 
8.8976558272e-25 
-2.1711545944e+01 
1.8692328792e+19 
5.4451309321e-19 
-1.2923064507e-38 
-1.3063043840e+09 
-1.4401968894e+15 
1.7083880101e+17 
-4.6018074771e-36 
4.3756557617e+03 
2.1833260029e-38 
7.8369403888e+15 
6.4664001931e-10 
-4.0893562200e-16 
-2.3209784186e+24 
1.7409998578e-16 
-1.5766045665e+19 
-2.8993114290e+25 
7.9327602439e-30 
-1.3313843860e+24 
3.7432331905e-35 
-1.4062628927e-25 
2.3176638960e-36 
-1.1328165783e-07 
-5.0881179050e-05 
-2.8555863537e-05 
-1.6918085709e+28 
5.2177934716e+32 
-2.8135965779e-12 
6.2701426442e+13 
3.0285593766e-06 
-1.0323333183e-32 
2.1035051478e-09 
-7.1588536957e-04 
2.0001216429e-38 
4.0942048379e+13 
-9.2022277832e+02 
-2.9202628906e+04 
-3.6964103481e+33 
-1.7433071046e-12 
-1.0356643066e+03 
-2.4963543602e-13 
-4.4916607666e+02 
-3.5267019007e-26 
-2.7873382400e+10 
1.9173599585e+35 
2.1758807348e+20 
-1.3291486893e-38 
-1.6926594381e-31 
3.0681731005e-05 
4.6135012477e-10 
2.5703162133e-26 
-2.8271131498e-37 
3.7588572255e-09 
-1.5447326262e+32 
2.2493765107e+33 
6.8675791538e+22 
-1.6455513167e+24 
9.5258319417e-31 
3.2627514909e-31 
-4.4207538239e+33 
-1.1764724893e+29 
-4.1429997911e-26 
-4.0027023464e-21 
-2.6074702308e-20 
-8.4967581044e-38 
-1.4191727340e-01 
2.4594050966e-33 
-7.0297520788e-14 
1.5042043014e-31 
2.4789484362e+28 
-6.7128369196e-19 
-8.8606346711e+27 
-3.8191400375e-18 
-1.8785797922e-34 
1.3435129561e+13 
-1.5011624146e+02 
-1.8011704975e-11 
-3.0484541837e-38 
-2.4648327017e+35 
-6.5398502986e+33 
3.1765799580e+14 
6.6593673546e-04 
6.3797742838e+32 
1.0952215234e-04 
3.9066274792e-35 
2.9198670009e-37 
1.0900481906e-10 
1.6460086823e+01 
-6.1218977253e+34 
-1.1574865101e+11 
1.2259653886e-04 
-2.0682000468e-05 
-3.1276714671e+31 
1.4643548563e-25 
2.3800699683e+13 
1.6413236920e+12 
-1.3931778165e-26 
1.7750355739e-15 
1.4697057642e+14 
5.2960221656e-03 
-4.1019682500e+06 
-1.7702748745e+38 
4.9311334442e-31 
6.2197244129e+19 
7.7659264207e-04 
1.6105390625e+03 
-9.0770663580e-36 
1.0378145752e+33 
-1.0471306208e-22 
-1.5294573979e+19 
-3.7267001754e-15 
-1.8843491034e-06 
3.8687854698e-08 
7.3164906496e+10 
-1.8850895697e+21 
9.1720876275e-34 
-2.4723591309e+03 
-1.4515767361e-05 
6.3099781329e+26 
1.1429573732e-07 
-5.1257136703e-17 
2.0753278000e+07 
-2.9136596875e+05 
-6.4085365633e+31 
1.6616342962e-01 
-1.2840480759e+17 
-6.8860523403e-02 
7.3379446973e-24 
2.2417426648e-32 
-1.7086935693e+27 
-4.2377742188e+04 
1.1977338972e+22 
3.0711788673e+26 
-1.2620477000e+07 
-1.0980354048e+10 
-6.9224452307e-29 
-9.6827518089e+22 
-6.3405981100e-24 
-3.3777534405e+33 
-8.8088650233e-30 
-1.6361256960e+10 
-4.3246242188e+04 
-7.6111274181e-22 
-7.4959213045e-34 
1.0275463240e+18 
1.7841768970e-33 
-2.9891189468e-36 
4.3472327684e-30 
-1.2760536231e-29 
-4.0492284000e+07 
-1.9414936777e-30 
7.3797559413e+32 
1.3987602856e+22 
2.1245923887e+36 
-3.3825015299e+29 
-4.8790123053e-09 
-3.7914317783e+34 
-3.4928902451e-30 
-6.2773575349e-31 
-1.1302558426e+27 
4.6119380386e-06 
-2.1520966679e+32 
7.2287802970e-38 
-7.8086570528e-23 
2.9988332405e+34 
1.6928691470e+20 
2.1778485859e-07 
-1.3057577851e-22 
1.8618690100e+21 
-6.1371845383e-09 
1.2212031906e+23 
-1.8902472333e+17 
-4.4061125705e-38 
-2.0107834223e-39 
1.8973820778e-11 
1.1788710356e+00 
5.5622191297e-08 
6.3153795600e-35 
-1.2488468354e-27 
5.8740561732e-37 
-2.5511988917e+22 
3.3727923449e-18 
4.2972246094e+04 
-2.2531427871e+23 
-9.8910630656e-21 
-1.0522078203e-24 
-1.9644878750e+06 
-5.6947515000e+06 
-5.2693599701e+01 
-3.3786998806e-12 
4.3727310805e+18 
-1.2725093600e+08 
-4.7580459579e-20 
1.6929234844e+34 
-1.2207705293e+13 
2.7168917949e-16 
4.0985201362e+34 
-1.1280224862e-04 
-1.6838759184e+00 
-8.2200826528e-39 
4.8031530699e-21 
-1.4187951891e-36 
8.1216519025e+17 
-2.3533811569e+01 
-5.2301998138e+01 
1.2156206080e+10 
-1.1618757902e+13 
-4.3775865239e+18 
9.1688807216e+16 
-1.6916980352e+20 
6.6766316686e+27 
-4.3538650995e+31 
9.4138105469e+03 
-5.1062477163e-11 
7.4443410637e+11 
4.0447095671e-05 
-3.0856285409e-12 
2.1841034013e-33 
-3.0369708381e+15 
-1.1525834649e+16 
-1.4632080543e-32 
-9.5866758836e-17 
-1.6453420134e+17 
7.8643839944e-31 
4.8128530717e+33 
-1.2813648901e-17 
-1.5659712553e+00 
3.4102520746e+32 
-4.7280093419e+26 
3.3289885618e+22 
1.1191598750e+06 
5.4470374195e+11 
-1.8490523100e+00 
1.4736932469e-35 
-2.3342161179e+01 
-1.0460253774e-09 
1.9446256712e-35 
-4.4817975214e+23 
1.1619901542e-31 
-6.0979643604e-04 
-1.2787844383e+12 
2.3985715866e+01 
1.6615276382e+25 
5.4905111901e-03 
-1.1150539520e+09 
1.9056416698e+29 
2.4555957362e-15 
2.8109358374e-32 
3.3490702132e+38 
-4.0013415213e+14 
1.8886798675e+22 
5.0938949855e+34 
7.1112476386e-16 
-1.7285407821e-22 
-7.1094925515e-03 
-1.8471669674e-16 
2.7395180891e-24 
3.3844645264e+36 
-8.5992523161e-22 
-1.0719905686e-30 
1.0858260127e+24 
2.6138978135e-11 
-1.1296709272e-04 
2.2448418662e-02 
6.4743164865e+26 
2.8965020389e-29 
-1.3972643963e+15 
6.4068483693e-15 
4.2354806834e-30 
-1.8016526336e+11 
-8.1519334202e+32 
-3.4683080146e+37 
            nan 
-9.1954972210e+33 
-1.6587034436e+37 
-8.8740506908e-04 
-7.2497788600e-27 
2.5555098438e+05 
-9.7010540771e+02 
-1.2343059295e-26 
3.2112473600e+09 
1.1375134764e+20 
1.2532764826e-09 
-5.0906945485e-23 
1.7788796928e+12 
-8.7932021219e-36 
2.5255019864e-05 
2.8665792957e+25 
7.6561484375e+04 
1.8400131365e+27 
8.0077229353e-35 
8.1205032771e-16 
1.0584416770e+24 
2.9512820736e+10 
2.7780400457e-14 
-6.2848841730e-19 
-3.7525970459e+02 
-7.6745785726e+36 
6.1346939260e-26 
5.9071133326e-27 
6.6770344748e-19 
-4.9511722864e-06 
3.9911231446e+29 
-1.3659851200e+08 
6.4164595724e-37 
2.4999627200e+08 
-4.7699743912e-30 
6.0141080144e+17 
-1.6839021228e-31 
-2.6170889669e-06 
1.1981855963e-15 
6.9488298323e-05 
6.7160444159e-18 
-1.9573372928e+10 
1.9218611828e+34 
-1.3369387295e+25 
-3.1805708148e+16 
3.3998958315e-08 
4.3301491180e+12 
-1.5877842903e-02 
3.2320820682e+27 
-2.3803170036e-30 
-7.3918064886e+12 
-1.8288626518e-38 
-2.1810488528e-15 
-1.5213515625e+03 
-2.6137694568e+13 
1.6195895420e+23 
-9.2092285156e+01 
1.1495951877e+26 
3.0340640000e+06 
1.9160675468e-33 
7.4328500000e+04 
-3.4939343690e-24 
9.5552081802e-09 
-8.8858203125e+02 
2.8729108326e+38 
-3.9708807581e-37 
-1.1313680000e+06 
2.7403625000e+04 
-6.7479121189e+32 
3.7329567744e+10 
1.6553298450e+35 
-1.2882364842e-30 
1.6481249450e-17 
7.8236780577e-34 
-2.2230436159e-08 
1.6657844797e+12 
-4.8818638036e-15 
3.7723993600e+09 
-1.8982960610e-03 
3.2465360165e+00 
-2.7347848511e+02 
5.1032394953e-26 
1.3868792832e+10 
2.2294394051e-23 
-3.8045558615e+33 
1.5761624639e-37 
-4.3796997140e-09 
-3.6422492626e-31 
1.3175653600e+08 
1.2336591655e-29 
-2.5772138091e+16 
1.6357180572e+13 
9.0912643186e+36 
1.3906332260e+29 
1.1220307856e+16 
-1.6529569280e+09 
2.7721041813e-02 
1.4310518560e+24 
-1.7831419262e-38 
5.7216031519e+31 
-5.4276594074e+11 
-2.3092296775e-27 
2.4039646997e+25 
-6.3124724163e+31 
-1.3876052000e-12 
-1.1457142980e-14 
-6.1453714205e+33 
-7.1485039491e-34 
-4.9353006638e-17 
-7.0655756221e-16 
4.0200088705e+31 
4.2845445074e-12 
-8.7731195976e+21 
1.3445694836e+37 
6.2101729279e+17 
2.3795960471e-02 
-4.0279146284e-02 
-6.3329562545e-04 
-4.3135681152e+00 
-1.3503141889e-21 
8.5620297166e-29 
1.6328844902e+12 
6.4077422395e+13 
4.6425585938e+02 
2.8887513825e+12 
-1.8316308594e+02 
6.2150131202e-36 
8.3317227520e+10 
1.4907707232e+32 
-2.9608093755e-11 
3.4282597422e-22 
4.5082414657e-26 
            nan 
8.1626464844e+01 
-2.8766694727e-18 
-1.3231647253e-18 
2.9264256000e+07 
1.4931760000e+06 
2.1661582862e-36 
5.6642193158e-08 
-4.3474716132e-26 
6.1663038290e-27 
-1.8869500000e+05 
-4.0988323846e-11 
1.0813037109e+02 
-6.6405846155e-07 
-3.0240768000e+09 
-8.7525116886e+21 
1.1503547680e-14 
4.8021510019e-23 
1.0388553143e-02 
5.6758999450e+12 
9.9206447601e-02 
-1.4357872640e+09 
3.1807420498e+12 
-1.7599168512e+10 
-3.2854841492e+35 
-3.5413781834e+27 
-2.0507690430e+01 
-6.3192273956e-06 
5.8442077637e+00 
-1.3895276188e-21 
7.7690456237e-05 
2.7309534529e+30 
1.5938727749e+38 
-7.9410835866e-25 
1.2239971732e+21 
2.5208469413e+38 
1.4329347532e-23 
-6.6529486503e-05 
4.4753981886e-23 
1.6073419200e+08 
7.3465440000e+08 
2.5729944397e-08 
-3.7833763902e+31 
4.1749036039e-31 
-1.4620101344e-17 
2.9526714502e+20 
-9.7286117388e-16 
-1.5101334453e-01 
-1.3977840266e-17 
-2.3995003755e+27 
3.7988928791e-19 
2.8267275182e+31 
-1.2899396139e+32 
1.8316852724e+14 
-1.5728819847e+01 
4.2088547019e-30 
-3.1770649149e+34 
-5.7336801526e+12 
-6.4441547575e+16 
3.1503352537e+38 
5.9156480000e+08 
1.0743398400e+09 
-1.8564066362e+18 
8.7319876682e+24 
3.8228797905e-10 
-8.5786239583e-19 
1.5653335388e-24 
9.6591114998e-03 
-1.7872558886e-24 
3.7448706335e+17 
1.3761987897e+14 
8.2662195200e+09 
-3.0431147025e-07 
1.5360416050e-27 
2.0971208615e+15 
-2.0315177887e+25 
            nan 
4.8418587539e-06 
2.9972536384e+21 
-5.3752994827e+19 
-4.1205920000e+06 
-1.7187009662e+36 
1.7619238215e-17 
2.1328805389e-10 
9.7779993382e+21 
-9.8363392000e+08 
-4.6474213367e-12 
1.2044878983e-12 
2.0522724714e+31 
-3.7861491720e-11 
-9.3569379932e+22 
2.8563598633e+01 
-4.4853877557e-13 
4.1200287626e-10 
8.3700750155e+20 
2.2724659317e+23 
-2.4386527457e+33 
2.5405297415e-18 
8.0489139585e+23 
-1.7670143350e+30 
8.0849816779e+18 
2.9036458838e-16 
-1.7279641635e+23 
-2.0646031043e-18 
9.1415586212e-08 
-2.7391164222e+30 
1.2170839310e-01 
-5.2382272194e+30 
-4.1928556511e+17 
5.1076781876e+15 
-1.4564228058e-01 
8.9855982038e-36 
-3.1248577648e+33 
1.0406211300e-24 
6.9168599748e+18 
-1.9275305793e-02 
-1.5095756310e-33 
7.3372609769e-38 
6.4662884521e+02 
-1.6647331935e-21 
-5.6205838308e+26 
4.4110932147e-16 
-2.4996098438e+05 
-7.5556772097e-25 
-7.3982765898e-03 
-3.5094552500e+06 
4.8669475384e+18 
-6.1015927734e+03 
4.8341632771e+21 
-2.1975530952e+27 
2.2736056373e-36 
1.3666459552e-27 
-1.0679494246e+12 
2.4352294175e+12 
-7.2559975080e+22 
4.6822964305e-30 
-2.6195152714e-08 
-3.6572878059e-10 
3.1763831822e-36 
-7.8314698165e+29 
3.6137271561e-15 
1.1777062226e-24 
-1.6107486849e-35 
1.1454612789e-29 
-1.8485657600e+09 
4.6538939574e+34 
2.3351063337e+27 
-3.4453253516e-27 
9.3188400000e+05 
-1.6916122437e+00 
-1.4328715991e-10 
2.9049843750e+03 
-2.1682516893e-12 
3.6164647665e-13 
1.6043143116e-25 
-1.2665582304e+18 
3.6984578760e-33 
5.0533911187e-20 
-9.6305959594e+18 
-2.8182841385e+29 
6.5333496094e+01 
-5.0776006663e-14 
1.3368261719e+02 
-7.6991053300e+37 
6.4702238888e-05 
1.8277460358e-28 
3.9330571611e-34 
2.6680780332e+26 
-3.1244418169e+35 
4.3675783476e-14 
-7.8842490976e+24 
-6.8475093097e+14 
3.4027522063e-20 
-5.8596083169e-24 
-1.2361151599e-14 
2.0141952000e+07 
9.6672267317e-19 
3.4244117848e+15 
-9.3136384000e+07 
-5.0807772613e+17 
-1.4337150716e-15 
-1.3425916824e-20 
1.8847421875e+03 
2.2393614740e-12 
-7.4543432956e+35 
-1.3024598416e-24 
-5.0823750000e+04 
-1.5710848421e-14 
2.3132518956e+32 
-3.4594861882e-37 
1.4310044673e-28 
-6.8443910963e+11 
-3.8348826367e+20 
1.8057707520e+09 
-1.6195281583e-35 
8.8831111272e-30 
-5.1763064321e-14 
1.1325619218e-23 
-1.7891850475e-18 
-5.3708799738e+20 
1.8369245740e-13 
6.3097582053e-37 
9.2453850689e+21 
1.1518569571e+35 
-1.8056067840e+09 
-3.6708511671e+17 
-7.4267226209e+26 
3.6410304233e+13 
-1.7166402925e-34 
1.6823248643e-06 
-5.9047774685e-28 
1.1760744168e-27 
-2.8142042516e-11 
-4.6083827419e+17 
3.0776296276e-15 
-1.0049042203e-06 
-5.6572342855e+16 
2.2356857698e-08 
-1.2044091643e-25 
1.7592095806e-33 
7.0986963559e+30 
1.0721532817e-07 
-5.0747692585e-03 
-1.1709081600e+08 
-1.2553871922e+18 
3.3194915750e+17 
-1.5050194131e+32 
-1.4264739563e-14 
-3.0000268872e-35 
-1.9472138538e-37 
3.1242942608e-18 
-5.5168762207e+00 
4.2509318326e-29 
-1.4548799477e+25 
-2.9183434301e+38 
8.0443859494e+19 
-6.1585817600e+09 
            nan 
1.8508766425e+16 
-1.3204513039e-09 
-8.1358172979e+11 
-2.4399372378e-21 
5.4775060103e+13 
7.2766852099e-06 
1.8651582678e+15 
-2.1082864707e-29 
-3.1427558010e+18 
5.7230298278e-10 
-1.2036577690e+13 
-7.1814875603e+00 
-4.5895650163e-37 
-3.3814364535e-31 
3.0257415771e+00 
-1.2919819380e-36 
-5.0307262696e-12 
-1.1034936580e+32 
-4.1783500819e-06 
-9.3302257246e-20 
-3.2287327244e-14 
-1.0009750781e+05 
1.7499237258e-38 
1.2366672476e+15 
-4.3357922627e+23 
-7.2239744038e-38 
-8.1476879695e+20 
-1.1744983208e+21 
3.9393599861e-17 
-2.6448511783e-11 
2.0573377331e+11 
-3.0461670831e-02 
2.0223173591e+12 
-9.9504544000e+08 
-1.4708721437e-12 
-1.3662263706e+11 
-3.8253757792e+37 
5.1579781120e+09 
2.4840285244e-24 
7.5779544471e-39 
1.2393273074e-37 
6.3345148091e+32 
-4.2573216000e+08 
-2.3969703125e+05 
5.0324797711e-30 
-2.6189962307e+14 
-1.6751828813e-09 
1.2219022574e+14 
4.1229576000e+07 
-2.6616102457e-01 
1.9628376927e+23 
-7.4257873626e-33 
1.1396367152e-18 
1.2949321533e-34 
-1.9911736716e-24 
-1.7605331637e-09 
5.2990221775e-06 
2.0689626953e+04 
-7.9317743404e+15 
-1.4213743905e-17 
-8.0978042587e-34 
-1.6295699143e-22 
8.4281038089e+37 
1.6761516477e-32 
-6.2958639616e-18 
-1.5209734916e-18 
-1.4821916672e+12 
3.7510088666e+36 
-4.5731753906e+04 
-3.5662026117e+22 
1.4897181795e-12 
8.7663189345e+17 
-1.1583198520e+26 
-6.9611694326e+12 
8.3224130336e-38 
1.3134347294e+33 
-4.5608158112e+01 
-5.2338893818e+22 
-1.1000571646e-24 
-8.2087149568e+11 
7.4578933459e-31 
6.3117552461e+22 
-2.8058765950e+23 
2.2979881409e-36 
-4.6383098706e+30 
-4.5912706010e-14 
-2.0464710984e-18 
-2.7750273901e-27 
-5.0440307617e+03 
4.8779854230e-37 
-1.7077563063e+15 
4.6865579861e-08 
-8.2124500000e+04 
-2.4285635044e-21 
-4.9320769105e+32 
3.2580224000e+07 
2.4739300000e+05 
9.0854604800e+08 
-1.7827920000e+06 
1.8690788998e-30 
-1.2055543808e+10 
7.5489879237e-07 
-5.0226891696e+33 
1.4615384098e-15 
-9.2171505094e-04 
-3.7783200000e+06 
8.0153943593e+33 
-9.2432059541e-34 
7.7939062500e+03 
-3.2250817364e+22 
2.6157159988e-36 
1.9892613636e-06 
4.1705281140e+29 
6.7465994310e+27 
-2.1720524547e+32 
-3.6275244757e-17 
8.0038840139e-14 
-7.3589231452e+12 
-9.9105925303e+28 
-4.4288614908e+22 
-2.0064071844e+13 
3.8415677547e+00 
6.8759284392e-15 
2.8391850386e+18 
1.4382498438e+05 
-5.1216055605e-17 
3.3243376295e+27 
-4.8045158386e+01 
2.6534828085e-36 
5.6225927734e+03 
-9.9475826381e+30 
-4.6934458137e-14 
-6.1445215256e-23 
1.2076436523e+04 
-1.0532759428e+00 
-6.3686396000e+07 
-1.9632144690e-25 
-6.0860372319e-27 
9.0615055302e-18 
2.3714218750e+03 
1.8785814342e-17 
1.6420461601e-18 
-4.5168025600e+08 
-1.6027959230e+19 
1.8629986535e+22 
-2.2727035685e-06 
-4.6385498047e+01 
5.0094340633e-31 
-2.1153589163e-23 
1.9567308800e+08 
6.9703014731e+25 
6.8063865536e-25 
-7.9572187500e+03 
-6.3319203386e+19 
2.9815591363e-33 
-9.8509981543e+26 
8.9193518825e+36 
7.9307770972e+35 
8.3093141257e-09 
-8.2494341219e-14 
2.5463193600e+09 
8.8154958041e+35 
-2.0827756707e+15 
-7.0498206939e+28 
-6.8259716034e-02 
-4.4643174888e+27 
-8.5427586712e+15 
2.1616042280e+26 
5.0475915503e-31 
1.2375243414e-30 
1.2310529158e-31 
8.5069208504e+29 
7.3683776855e+00 
6.9883270812e-31 
5.6315347132e-29 
1.2307166894e-26 
4.6653028128e+34 
6.3702686499e+13 
1.4536624349e-08 
2.1152460800e+08 
2.1774176869e+33 
3.1164375621e-35 
1.3593049331e-34 
-1.7197834408e+32 
6.0428858498e-35 
-3.7965416916e+22 
-2.0504869446e+26 
-1.8841389105e+23 
7.7848631050e+12 
5.6058935272e-11 
8.0641251402e-38 
-2.8918827868e+27 
8.2185546875e+02 
-3.0198632109e-38 
2.6174632804e+22 
5.2083800000e+05 
4.0927349821e-37 
3.8322119727e-19 
-9.7724114312e-07 
1.3427592397e+11 
1.5257803826e-31 
-5.4797721916e-11 
-2.3040932676e-38 
1.8542733154e+03 
-6.4101323087e+24 
-5.7865400320e+10 
8.7593319247e-32 
3.0867090950e+33 
1.5027158062e+21 
-3.3813757980e-31 
1.5175936228e+16 
-1.4423697895e-16 
-2.7047631470e+27 
7.0944708839e-38 
-1.3896923129e-14 
2.9434011140e-06 
2.5819201605e+36 
4.6666940761e-05 
1.4470794251e-16 
-2.8386911011e+02 
-9.5428996743e-27 
-1.3475498495e-11 
-1.6253278629e+25 
1.0056585622e-22 
3.0752031250e+03 
2.2560610968e+29 
-8.2896421240e+27 
2.0292420637e-21 
-2.5081867148e-29 
-3.3022931961e+35 
3.1286914062e+02 
3.9001028658e+24 
-3.4141798400e+09 
1.6781687151e-10 
-2.2873145236e-32 
3.8100000000e+06 
-9.5451353186e+16 
-5.7202240000e+06 
-2.3150732886e-07 
9.1115717919e+12 
7.0315706651e+37 
2.9417443571e-24 
9.1691768204e-27 
-3.4454759195e-16 
-2.7674795632e+18 
1.4622319842e-19 
-7.4398087690e-09 
1.0925068636e-06 
6.1048255652e-21 
4.3304559428e-16 
8.5461732105e-23 
-4.4889446678e+30 
-7.1887215965e-32 
6.1591265421e-09 
6.8032346811e-32 
-3.8133434216e-38 
6.9953762857e-32 
8.6502042497e+27 
2.6324340820e+01 
-6.2433131581e-14 
-1.7062210102e-39 
2.0212043844e-13 
-6.8448768000e+07 
1.1629917929e-32 
1.2864602704e+19 
-1.3136726727e-21 
3.2928338891e+21 
9.1095960612e+27 
-3.5248274242e-23 
-1.2512300413e-31 
-2.0239054614e-38 
-4.1667983352e-32 
-6.1366823644e-32 
6.9925508863e-29 
3.0565800000e+05 
-3.4739742310e+12 
-2.2448672361e+36 
4.9581312000e+07 
-4.5594196337e+18 
9.3097647952e-31 
-1.2701998129e+18 
-7.4063238512e+30 
1.0938252190e-37 
1.2369476457e-28 
-3.4498446369e+31 
1.6182446485e-22 
-4.0875581932e-38 
5.2995289088e+10 
1.9488519802e+14 
1.2620779290e+36 
-6.8363820310e-19 
1.4316574261e+17 
-5.4375528203e-18 
3.1263704482e+14 
-9.1964473400e+33 
-1.6080104641e-13 
6.4059746094e+04 
2.5002109382e+22 
-1.8375077032e+24 
-1.8420730156e+22 
2.1563656690e+30 
-5.9920675193e-12 
-1.0477637517e-20 
1.5676945203e+11 
1.0924082707e-24 
-3.1677342313e+16 
-3.9433544726e+17 
2.0486251584e-12 
-1.6423864933e-21 
-1.1775236136e+33 
-3.3946380615e+00 
-1.2065519677e-36 
1.0769881321e+17 
2.3867650340e-21 
3.4202445052e-26 
-2.3689919202e+19 
1.2695416808e-03 
-5.3250850224e+22 
6.7641519116e+34 
9.9726307616e-32 
5.9982023326e+25 
-5.5743895350e-22 
4.0320161530e-33 
6.2966003418e+00 
2.1955450903e-31 
5.1396457343e-26 
-3.8423258466e+16 
2.4589824000e+08 
2.6092836618e-25 
-6.1750978198e+15 
-5.7450799473e+27 
-1.1965928248e-11 
7.0649087429e-03 
-5.1880598068e-02 
1.4829118698e+37 
-5.2733642106e-14 
-1.6205907391e+25 
2.4589549624e+33 
3.6454213617e+27 
3.5716784593e-32 
-6.9713294506e-03 
-1.6235257591e+37 
1.5973625989e+25 
-2.9986582886e+30 
1.4784963893e+36 
5.7481229305e-03 
-9.7581453604e-31 
-3.4369130484e+21 
-5.9105781122e+36 
-1.7376351517e-17 
-4.3763999595e+21 
-2.2717757409e+18 
-1.4298530244e+16 
3.6891360000e+06 
-1.7847027630e-04 
-2.0762585074e+21 
1.7452851205e+37 
-5.4384909078e-38 
-6.1250035796e+21 
2.0532842939e+32 
2.4041149308e+22 
-5.7853287662e+35 
-2.7363373047e+04 
-6.1918582286e-23 
2.2940154221e-09 
1.6100686523e+04 
6.7601263645e-32 
-1.6971373043e-05 
-1.2326671880e-38 
-4.9241198289e-17 
-3.1388392448e+00 
8.9165027540e-17 
9.6298327119e+22 
1.5998048000e+08 
1.4082897990e+35 
-5.2107081699e-35 
1.6144838852e-38 
-1.4457033575e-01 
-6.2930146192e+29 
4.1827202560e+09 
1.0016736951e-06 
-7.2862501175e+13 
1.8263519003e-15 
2.7603909969e+00 
-1.6732232703e+23 
-2.3068341442e-25 
1.0931392042e+26 
5.3935368406e-14 
2.7894334095e+13 
1.3958988381e-24 
4.2792009936e-09 
6.4878662718e+17 
2.9016096166e-15 
-3.0137954354e-09 
-3.2089220170e-11 
-3.2823864783e-30 
5.1394706633e-15 
1.0798907520e-21 
-2.6726668813e-18 
-1.4255039335e-38 
1.8132116665e-17 
-1.1748802073e-23 
-8.5329900826e-26 
5.7206350968e+23 
-6.8359730275e+15 
-1.6679518687e-16 
-1.5617856000e+07 
8.0526953125e+02 
4.5380901274e+11 
1.9984014443e-09 
8.7927918837e+21 
1.8398682221e+19 
-3.1045555481e+34 
-5.9213170606e+12 
6.3845039880e-28 
-1.5336869636e-23 
-2.6882662496e-07 
-2.4210709161e-24 
-3.2923818394e+11 
-2.2060160000e+07 
9.2694473267e-01 
-2.1055679338e+21 
-5.1444376645e-16 
2.3082659458e+21 
1.9872125000e+04 
2.4286932860e+30 
3.2337910127e-11 
-1.6928024706e-06 
-3.4859403775e-15 
3.2062064514e+25 
-4.2179699674e-16 
-3.5744582871e+37 
6.5971851349e-02 
7.8180432320e-03 
-5.2446464000e+07 
-6.9028757606e+28 
-6.8786023634e-19 
-2.9709203924e+30 
2.8555627914e-12 
6.4407134914e-07 
-4.8627121217e-36 
-1.3387995509e-31 
-6.3082383851e+22 
1.7232460472e-16 
-7.1976686098e+35 
7.0934344034e-17 
3.7076180888e-05 
1.6618243448e-09 
1.7550496852e-34 
2.7326847532e+16 
-1.1336977553e-22 
1.8798576831e-34 
-6.0136436638e-24 
-9.9493593088e+10 
2.1363309917e+38 
-7.3032469500e+36 
6.8483922057e-35 
1.1844419479e+01 
-5.5212888401e-04 
-1.0143861357e+21 
5.8090309919e-36 
6.4170398697e-15 
-2.9068906134e-27 
7.5055015835e-34 
-6.9621199141e-21 
-8.0653412837e-09 
1.8758031439e+24 
2.1824129896e-36 
4.4800391636e+36 
6.9102380800e+08 
-1.9502974000e+07 
-1.3424910307e+00 
-8.3029948428e-07 
-2.4899400736e+16 
1.4729506984e-32 
-1.6320769229e+11 
8.7629887275e-06 
-9.7510437683e+11 
8.0472332030e-25 
4.5118359717e-20 
6.0182986937e+29 
1.4712343364e+13 
-1.8301307708e-37 
4.6339424046e+36 
1.1460271073e-16 
9.1459274292e-01 
-5.0852324824e+18 
-1.8220882139e+25 
-5.4448537412e-07 
4.1775100068e+12 
1.2681062740e+15 
-7.6641838377e+34 
-2.7659324801e+36 
-3.8169340805e+12 
2.9518922589e+26 
1.0011211426e+30 
-5.4759262140e+29 
-7.1268359375e+02 
2.0292300000e+05 
1.9332053674e+29 
-2.0740003492e-08 
3.6134750000e+04 
-1.8161650893e+11 
-3.0387095225e-17 
-7.5861974748e-20 
6.0765523813e-07 
1.6403951635e+25 
-3.8367286453e+15 
-1.0075747967e-02 
-3.9859609600e+08 
1.8037896276e+14 
2.1390438080e-01 
-1.1142572565e+30 
-3.5548234866e-35 
-2.2532031480e+36 
-8.5570909306e+21 
7.9109791841e-05 
1.5587010193e+02 
-4.4371404202e-14 
-5.5952406755e+28 
-2.0729437173e+21 
3.0512118439e-12 
-4.0708263685e-15 
1.8815510927e-08 
-6.3895259857e+01 
2.9686091309e+03 
-2.6278178102e-16 
-3.9456349441e-06 
3.6815938150e-26 
-3.0483154529e-28 
-4.1758746094e+04 
8.0427050675e+37 
6.4057086097e-34 
-5.2225660976e-18 
2.6383484163e+38 
-1.7458719578e-19 
-5.2533035319e-31 
9.4245820037e-07 
9.5705191076e-20 
2.6607609509e-36 
6.5788780824e-25 
-2.2288562619e+33 
-2.1343277165e+18 
1.0136805031e-05 
4.3804369103e-31 
-2.5088435561e-13 
1.3618544340e+00 
-1.2770725810e-08 
-2.6338917044e-19 
1.5782307405e-10 
-7.8037469300e+24 
2.0503687010e+26 
-5.5235800607e+19 
-6.3029220828e+20 
-8.2028086880e+25 
-1.4041823149e+00 
2.3949622707e-22 
1.0931938499e-37 
2.4241983109e+29 
-1.4291050320e-04 
6.3893761972e-14 
1.3754318750e+06 
-1.3525655049e-05 
2.6169061788e+16 
6.8163243984e-32 
1.4104567906e-37 
4.5648469313e+27 
-3.7139410104e+29 
-1.5608953842e+31 
2.1207102914e-14 
1.1051235956e+37 
-2.8029111782e-35 
1.4286830347e+23 
-8.3580600451e+13 
1.2146198354e-16 
1.0898190597e-17 
1.4162395136e+10 
-1.0195076466e-02 
-3.2619343701e+34 
1.0909570847e-05 
5.7942466810e-05 
2.6953541222e+11 
2.4912904332e+23 
-2.5755110775e+36 
7.5733420240e-28 
3.4713931382e-04 
2.3610244895e+22 
6.4218364000e+07 
-1.2490449219e+05 
-7.4118673054e-33 
2.2564886013e+24 
3.8223278809e+03 
7.2329722235e-14 
1.5330512901e-11 
-3.3878253197e-23 
-5.4800128058e-14 
-3.0797976965e+17 
-4.3367033537e-26 
9.7080124637e+36 
4.1348121770e-17 
9.5628866355e+11 
-1.8942075258e-04 
1.3588580800e+08 
-3.0468709391e+14 
2.1907398692e+21 
-3.8269868760e-35 
3.2764329258e+35 
1.3788753677e-05 
1.0257061523e+04 
-2.6042031510e-25 
-2.0899278750e+06 
-1.3545293725e-34 
5.4382802734e+03 
-3.4293712815e-04 
-3.1556869748e-13 
-3.0822593750e+05 
3.9900408000e+07 
4.3734632691e-37 
-2.6641770721e-31 
6.0173512395e-08 
-4.1390052648e+25 
3.8010096550e+00 
-3.3180843113e+23 
-5.5468347168e+02 
1.3238095562e-04 
-5.6918983590e-38 
1.8987877870e+24 
-1.5541326525e-33 
9.1341746232e+33 
-4.8718271488e-26 
-1.4168657305e+18 
7.5530653521e-28 
8.1017291266e+27 
3.3359189723e-25 
-1.6852244568e+02 
-2.5982413998e-09 
6.8189059794e-18 
9.4091797325e-16 
1.4610464531e-12 
2.0861512574e+30 
2.3539113014e+37 
-3.7068655846e+16 
5.5806855404e-25 
-4.6434381217e+37 
4.3982313451e-12 
-1.1038231659e+02 
1.1970033683e+23 
1.9423002076e+37 
-6.0750629437e+12 
1.1371879504e-18 
2.1531850493e+14 
-5.6884359282e-26 
-7.7323797395e+28 
1.7797335283e-33 
4.9557300372e-05 
-3.9651938293e-17 
-4.7750390030e+29 
-5.3013272986e+11 
2.8033021952e+10 
-1.3751186523e+04 
-3.0764658037e-36 
-1.8351372212e-22 
-4.0899370002e-10 
1.0869366232e+19 
-1.5640337448e-27 
-1.3525071262e-35 
5.8495826504e-18 
2.6082967452e-05 
-6.1743649591e-20 
4.3663068805e+31 
1.3780509331e+22 
-1.8533067200e+08 
-9.5008884968e+36 
2.8189125910e+29 
2.6607171463e-25 
-6.6000658807e-38 
2.0226048322e-37 
5.4974385767e+28 
1.5452374901e+24 
3.8222359431e-25 
1.0763873509e+37 
1.1793851107e-01 
-1.3151365010e-06 
9.6856104908e+28 
4.7664640017e-35 
1.2486011358e+28 
1.4443589862e-05 
-9.4807166563e-22 
-6.1631434326e+13 
-5.8479915827e+11 
6.9677595352e-37 
-2.8247843199e-28 
3.0088863580e-36 
-7.2248984761e-37 
-2.8689388064e-23 
1.4016307599e+18 
-2.1428078062e-11 
1.9278180234e-31 
2.7670533925e+19 
2.9758433229e-20 
-1.4548472000e+08 
-4.6576595196e-05 
2.0779660716e+33 
-1.8866021987e-20 
-1.6613399657e+26 
6.7038520314e-36 
3.9951930046e+00 
-4.7938704868e-23 
8.5460957755e-11 
3.9066312313e+00 
-7.8221233621e-25 
-1.2946254198e-27 
-4.0067081918e+21 
-1.0963616399e+12 
7.2224804899e-04 
-1.0073161498e-25 
8.4961753133e+30 
-1.1940694027e-37 
1.0800875405e-14 
-1.3430970917e+30 
2.3495083497e-06 
1.4562375128e+25 
-4.6883705970e-34 
9.8822056789e-17 
-7.0889469736e+30 
1.4778879386e+16 
-1.4641295366e-18 
-4.6347357852e-23 
3.9292335510e-01 
-2.0776435759e-38 
-2.1075629775e-07 
3.0253625000e+04 
-1.6568414200e-30 
7.0640887398e+11 
-1.9608072291e-35 
-9.4517097991e-23 
4.0981537751e+12 
-3.0477304233e-17 
-1.7373548512e+28 
2.8246576863e+24 
-2.3418171540e+36 
5.4980257879e+37 
-4.6347960994e+25 
8.4113769531e+01 
2.3109168978e-06 
5.9626638541e+11 
-4.7397150224e-13 
-4.6354571737e-07 
1.0152840664e+33 
1.7062378670e+19 
-6.3468933105e+00 
-1.3487788664e-10 
3.1798583903e+22 
-3.1030097405e-22 
9.3282666057e-05 
8.4794324340e-13 
-9.8556803068e+23 
4.4177490234e+01 
-1.7712914765e-18 
-1.8958053589e+00 
-4.1295434686e+24 
-1.7866577841e-38 
9.9431985783e+22 
8.3574559540e-05 
2.6480507100e-21 
-7.9370031182e-16 
1.0002621593e-06 
2.2286405162e+36 
1.6794991360e+09 
-1.7647586561e-20 
3.1866055032e+23 
2.0705971423e+27 
3.8304451081e+14 
4.2299509048e-02 
1.0707428966e+12 
-2.9165161133e+01 
3.6923028537e+13 
-1.9492516310e-25 
-6.0041256559e+35 
-3.3374247413e-29 
2.6073657831e-23 
2.2368185455e-06 
1.2198982481e-37 
5.1507215708e+33 
2.2294772839e-14 
9.9254262822e+33 
7.0953753332e-23 
7.0429889886e-26 
6.0409868175e-29 
-3.1276607615e-07 
-1.5203948208e-39 
4.0515886626e-23 
-1.0098145282e+31 
-1.1099801737e+32 
-4.7713095981e+19 
8.6616092323e+22 
2.6434699592e-37 
1.0444719545e-23 
4.5124973930e-20 
-2.4715525818e+02 
-3.3637499850e-25 
8.3324582653e-29 
-6.2823970795e+01 
8.9024863623e-36 
-1.3985228387e+26 
1.3440135193e+02 
2.7749196505e+21 
-9.7280318867e+29 
-7.8937626719e+14 
2.3120466309e+03 
-2.1030871259e+22 
-9.6378281984e+10 
-2.5437796352e+10 
4.8828903920e-32 
2.8501878047e-35 
-2.5898543743e+14 
2.2750440947e+25 
-1.5909605980e+01 
3.5929687191e-32 
5.2840216647e-09 
-4.6029494235e-13 
-1.4019678533e-01 
5.2459371443e+14 
1.0517949844e-09 
1.5783445592e+26 
-9.3680676058e-27 
1.6079487418e+37 
5.2585485966e-10 
4.1683873396e+23 
4.4253209965e+19 
4.1123679510e-32 
-1.9497162944e-13 
5.7839958135e+31 
7.6538039875e-26 
2.1086575194e-11 
-1.6832811104e+31 
-5.1339682617e+03 
-2.5225146742e-16 
1.7079490533e-07 
5.4909467982e+33 
3.2726520360e+17 
-1.0067304829e+30 
8.0024795499e+33 
-5.7906862472e+23 
-2.0118816686e+12 
-3.8668939273e+29 
1.6839169226e+14 
5.8281684992e+10 
3.0255648720e+35 
-9.8473006057e-27 
-4.5263547577e-07 
1.6163487158e-15 
-1.5490849695e-32 
-2.7667529202e-23 
-3.1906192760e-38 
-3.2204232336e-11 
6.1457590000e+06 
3.8991843417e+18 
-3.4279090017e+22 
-5.7860934734e-01 
7.7367845464e-09 
2.5693547111e-18 
9.7097448667e+35 
-1.2034975334e+11 
3.1826233367e+17 
1.0868477023e+27 
-3.0836388180e+34 
-8.2438118801e+24 
-1.1232248438e+05 
4.6147427419e+33 
3.7602593750e+05 
-5.8486386328e-27 
-3.3398780263e-31 
-7.3100463637e+16 
-9.4204410911e-02 
-3.2380843520e+09 
8.5629746856e-23 
-5.3488487629e+11 
-9.9803074321e+25 
-2.9999052778e-28 
-1.2714294954e-28 
-1.3999708891e+00 
1.0655616623e+36 
-1.8140652026e+15 
2.1553186234e-03 
-3.3979848801e-37 
-2.8841403809e+03 
3.5930853985e+37 
2.5686981963e+19 
-1.6759701107e-35 
6.6254395000e+06 
6.3188309505e-30 
-1.8104119884e-25 
1.3285104961e-10 
-9.5271375230e+26 
1.8489376068e+01 
-3.7989964822e-28 
5.4610899284e-38 
1.4244977495e-20 
2.2539299840e+09 
-5.4120302734e+03 
-6.1537214131e+24 
-1.1031101588e-09 
3.4535241469e+16 
1.2173799567e-28 
-1.4007991433e-09 
1.1345917655e-16 
1.1899057646e-32 
-7.7004812006e-21 
2.9142410543e-34 
-4.2480764389e+00 
-2.3612317500e+06 
1.9472532961e-11 
-8.9831412531e+17 
4.1502971003e+12 
-2.0881652901e+29 
-3.3248982008e-23 
-2.6637779266e-25 
-9.7836329541e+30 
5.8964411913e-19 
-4.2636180938e+25 
2.1271098163e+11 
-2.2315455059e-25 
-1.0266410001e-21 
3.2628640000e+06 
3.4509213265e-09 
-3.3840300032e+10 
1.6880109324e-18 
1.1037205583e+18 
6.7071782156e-14 
1.2464463818e+25 
-1.6633023131e-28 
-2.4759333386e+23 
-9.0023078533e-17 
1.7804233437e-18 
7.6022473650e-07 
-2.4669513643e-17 
1.3441196576e-37 
5.6664204475e+17 
1.3639258368e+14 
-1.3990699266e-08 
1.8022440374e-01 
9.2878904466e+25 
5.2296153531e+21 
3.3031054740e+22 
3.6452261265e-03 
-6.2863250846e-13 
4.2719598860e-02 
-3.9977724664e-03 
8.5501464844e+01 
3.6670435631e+34 
1.1786464659e-23 
-1.3405822105e-25 
-4.9877888546e+33 
9.4502466062e+16 
-8.3338809418e-06 
7.7424006462e+00 
-6.2308674560e+09 
-5.3289915000e+06 
-3.7863194284e+25 
7.2037947754e+29 
1.1554534014e+28 
5.1548754959e+36 
4.5492216764e-12 
1.1000748438e+05 
-5.3899000000e+07 
-1.4235673472e-02 
9.0152578371e+30 
-5.2837122139e+37 
6.1876510471e-30 
1.1083942744e+21 
4.7890879035e+34 
-1.2528848438e+05 
-2.0975048060e-32 
5.9482147917e-03 
-8.9578552909e-11 
8.3415866555e+37 
9.9799353211e-24 
-3.1246439085e-28 
-9.7236911856e-09 
3.4429372609e-18 
-3.7083265171e+31 
4.5878075000e+06 
-5.5455386639e-01 
-2.6876881503e-17 
1.6482125854e+02 
4.5661587200e+08 
1.3167076804e-11 
-6.2300556800e+08 
-1.3670474800e-05 
-1.1290646336e-28 
6.9389137268e+01 
-6.8580612833e-07 
-8.8457519635e+21 
1.9922910931e-23 
2.5657361736e+21 
-9.4174556160e+09 
-2.9894641947e-30 
5.9629428387e-01 
2.1400738034e-14 
6.1174612826e-28 
-6.3611592704e+10 
-5.1029360069e+15 
-1.2628167367e-28 
2.1815770106e+33 
-6.3528736151e+24 
1.1928124160e+09 
6.3556392670e+01 
1.3997857561e-11 
6.7631780563e+16 
1.9251729200e+34 
-9.3724603271e+02 
-1.1330401234e-32 
2.2824386542e-04 
2.0789939432e-22 
2.0800857842e+19 
-5.6665949821e+00 
-1.8106325297e-03 
1.7490985049e-10 
-5.9156392960e+09 
2.5998370944e+35 
-1.1298489334e+34 
3.5766661120e+10 
1.9068298438e+05 
1.1497338582e-27 
-6.0832822783e-05 
-6.4337994890e-29 
-4.2270259857e+01 
-1.7906534701e+17 
1.0420158000e+07 
-1.0855546920e-31 
-6.6615283200e+08 
2.0729391720e-19 
2.6646235000e+06 
3.8983129413e+27 
-4.0508922300e-28 
-5.3294929997e-24 
-1.1326323210e-20 
1.7013949504e-29 
-2.2930789975e-29 
-2.8138946560e+11 
-5.4524228908e-03 
-9.4280036531e-29 
7.7847457322e-23 
-3.1501728233e+23 
-9.2844829559e+00 
2.2882090278e-30 
2.4288454375e+25 
-7.3241987500e+05 
4.3466867646e-04 
3.0658143759e-01 
-5.4086557617e+03 
2.1775606388e-16 
1.8384076795e+27 
-1.1870433005e-26 
8.6834763388e-19 
1.4472219224e+23 
9.8726741970e-02 
1.3700569026e+14 
-7.3313777483e+16 
-3.5351102352e+00 
-2.2666289646e-37 
2.8736851804e+12 
-6.7350855637e+26 
-4.5084155159e-11 
-3.2220625078e-37 
-1.1881604603e+23 
-1.0085268480e+10 
-1.6296917760e+09 
-7.7943612977e+21 
6.5961243293e+34 
-1.2948588598e-37 
1.7053623047e+04 
2.7157764183e+35 
4.4294945489e-09 
-5.9028732000e+07 
-4.4913698697e+32 
-1.0312097313e-12 
6.5626536814e-30 
-2.0203983655e-18 
-8.0743394933e+33 
-2.9030712061e+15 
1.4561094284e+01 
-1.2202690542e-01 
7.5269978127e-18 
-1.0258059640e+23 
3.6067247764e-34 
9.1538223825e-26 
2.1902540837e-34 
5.9788351336e-07 
1.6827575684e+03 
-7.2432594656e+34 
-6.6849282011e-03 
-1.9997509347e+21 
1.5360079017e+28 
2.4000568446e-15 
5.8659005815e+18 
7.9285554098e+25 
-7.2418361623e+25 
-2.3318449863e+26 
-8.8509448192e+11 
4.1198992629e-27 
-2.3021082878e+00 
2.6922193750e+05 
3.9286088867e+03 
8.0254597838e-21 
-1.8103605920e+14 
1.3472461787e-38 
-7.3371879588e-22 
1.8653330944e+22 
-6.1739401998e-24 
2.2935891968e+10 
4.4914527492e-27 
2.5948648621e-23 
7.0141484375e+04 
8.5835454355e-27 
-3.9637610648e+17 
1.9649293839e+21 
1.2035139799e+00 
-1.5976048519e+32 
-1.1374840685e-13 
1.5040850412e+21 
-1.3378335878e+20 
-1.2762354392e-30 
-2.1395014226e-01 
3.1544325458e+17 
4.9891719592e-17 
2.2445500865e+27 
2.6127323628e+12 
-1.5466295011e-27 
-9.2335389805e-16 
-4.9318969513e-30 
7.5517136643e-32 
1.9652219543e+31 
-1.8802733154e+03 
1.9562714831e+29 
-3.2529238239e-17 
7.2420890475e-20 
-4.8670595259e+32 
3.1888713304e-21 
-7.5198933537e-35 
-1.2318667341e-30 
1.4091536572e-14 
-1.2258660800e+08 
7.6645398282e+29 
1.1743433456e+34 
-1.4402845324e+38 
2.1308889910e-16 
4.0140711321e-22 
1.6534568388e-28 
-2.6345546930e+37 
9.3818398561e-20 
-1.1842811904e+10 
-6.1728328165e+24 
4.7641647907e+13 
-1.9478928756e+24 
9.3482888723e+19 
2.6678130849e-28 
1.1460475624e-10 
-4.8469748000e+07 
1.2592434570e+04 
5.1159490153e-22 
-3.2413560876e+28 
-1.1064557197e+33 
4.4651116821e-17 
-2.0232568000e+07 
5.0996651924e+36 
5.1407378938e+33 
-1.4777808594e+04 
-1.8423698109e-31 
-2.7971235602e-21 
3.9685413530e-26 
-1.0668130962e-10 
7.8459050394e+11 
7.4317489364e-24 
5.2536232379e+18 
-9.9258647202e-37 
-1.5612059570e+04 
7.2316547852e+03 
1.9015411092e-15 
5.8449806772e-08 
2.0122112687e-07 
1.6883734943e-14 
-1.2164759028e-05 
-4.4787397574e+24 
5.9187596800e+08 
-5.2384456323e-25 
4.9404899101e-24 
-3.6076884799e+37 
7.0938771456e+10 
-3.5182374716e-01 
-4.8576333581e+27 
3.6104774083e-16 
-2.6543027913e+13 
-1.0287084448e+36 
-2.7567993471e+20 
-2.0936308444e-36 
1.8521060241e-08 
-3.9449048719e+20 
3.9102868480e+09 
-2.0220046587e-29 
-4.3407084149e-07 
2.0466402878e-11 
9.6345886727e+32 
-2.9683286940e-08 
7.5777593812e+35 
-7.6321590825e-08 
-1.2859971991e+23 
-4.1278108652e+32 
-4.9583807310e-34 
-4.5679812607e-14 
1.6339261985e+37 
2.3482055246e+24 
-1.1486324463e+03 
2.6525712844e-20 
7.4261296829e+30 
-1.5595926103e+22 
1.2877076472e-07 
1.3056569248e-15 
1.3814341510e-03 
-1.5511101397e-35 
7.9939122138e-20 
-4.5667789388e+30 
-5.3570198950e-14 
2.0834736502e-37 
-2.5562116036e-14 
-3.0641415641e-30 
1.3628670124e-16 
-3.9281819967e-16 
-3.8024338123e+25 
1.5406831355e-14 
-1.2916146009e-16 
-3.2074401645e+32 
8.6751919985e-01 
1.0443206944e+24 
5.5251155524e+22 
1.5756902727e-10 
-8.9758885413e+21 
1.8732203115e+24 
-1.7482123474e+25 
7.6978954534e-21 
-5.3025840731e-29 
-4.1167123303e-28 
1.2419638224e-02 
-6.9499507332e-14 
7.0526307524e-28 
4.7682103312e+27 
-1.0777433477e-16 
1.2732944742e-04 
1.0780258560e+09 
1.9960932114e+19 
-3.9993392332e+22 
-4.7912308736e+10 
6.0285421537e+25 
-2.1733561228e-34 
1.2417941499e+20 
-9.1090781250e+05 
-6.5148203241e-18 
3.3655796493e-25 
2.4910028458e+01 
2.0236321884e+38 
-8.7395032554e+28 
3.4218452516e-09 
-1.8745651656e+25 
1.4076110209e+17 
-3.4921034953e-09 
3.6187824924e+28 
-4.6107720118e-04 
5.2756126934e-07 
3.3308102204e+14 
-5.2666777606e-08 
5.2647378006e-31 
1.5657597383e-18 
5.3025615692e+01 
-7.4560549521e-14 
-4.0072873247e+12 
2.7183648024e+34 
1.9096738483e-23 
-1.7140783769e+25 
-2.1161533823e-06 
-2.3903463424e+10 
4.1423915536e-04 
7.4715024233e-01 
7.2670221301e+17 
2.4462227986e+35 
-1.9994462859e-16 
-1.5089009385e-34 
4.7987425978e-20 
-5.8832044531e-26 
-4.5580409846e-07 
2.0850764962e-13 
-2.6528174945e+21 
-5.9465453960e-03 
-1.5591094384e-32 
3.2574402798e+23 
-1.9824692607e-01 
1.0855848438e+05 
4.4778543137e+24 
3.8070326229e+19 
1.3448513184e+03 
-3.8159173858e-32 
5.4684726258e+20 
2.3409371601e-19 
-5.6318388038e-22 
1.2443921527e+38 
9.7808223126e+26 
1.9804363583e+33 
-6.8402651232e-04 
-5.5560432810e-23 
-9.3300045023e-08 
-7.8472061911e+12 
7.2002248764e+00 
5.5978586897e-03 
1.0950646938e+27 
1.3156533970e-27 
3.4624259949e+01 
-1.3502563942e+11 
4.9714224588e-05 
-9.5517337322e-01 
4.6850028170e+30 
7.5903671968e+17 
6.2647940128e-38 
-1.5215952213e-18 
-7.4773095480e-38 
1.1965741372e-14 
-4.8273094334e+24 
-3.4425028772e-29 
1.3086302715e-05 
-7.1271946654e-03 
8.5007739499e-23 
-9.4509931354e+36 
2.2241787405e-12 
-2.5443125846e-25 
2.7273172353e+13 
-3.8439800619e+18 
-2.8866322169e-20 
1.2316477425e-23 
8.4809081532e-33 
-6.8460533760e+09 
-8.3614414019e-17 
-4.3696840369e+20 
-1.8522087656e-18 
2.7183081147e+36 
-1.9738689661e+00 
            nan 
-3.3486136651e+15 
1.2021880022e+24 
1.7488608631e+31 
7.1355796272e-11 
9.2577192979e+24 
7.2279061036e+25 
-2.9472373047e+04 
-1.3812449038e+17 
1.1066790913e+25 
-1.6602733154e+03 
-1.5205436523e+04 
7.6485569589e-03 
-1.5206840526e-33 
7.9583432617e+03 
-8.6323046844e-07 
6.4553432617e+03 
-5.2252830720e+09 
-1.2289114206e-23 
1.8697450947e+12 
2.4916713166e-22 
2.3320967739e-04 
-1.6121992985e-06 
-1.4291246393e-28 
-4.8874303521e+13 
-1.9457644960e-25 
2.4643052269e-23 
4.7201075098e-16 
2.5394623047e+04 
-1.4666199362e-37 
-6.1502683780e-36 
3.2132758930e+19 
3.2056652534e-31 
-2.0003002727e+16 
6.4980165909e+33 
1.9548677865e+13 
-1.2024736404e-01 
6.5176220676e-17 
3.3099776000e+09 
-5.7482687802e+17 
-1.1704576000e+08 
-1.2997617745e+34 
-2.1254292814e-15 
1.4822552432e+31 
-1.0307689557e-34 
-3.2300442478e-38 
1.3405234400e+08 
1.7159504854e+18 
1.3457127658e-37 
-4.5188993750e+05 
1.4863737632e+17 
8.5613813485e-35 
-1.8585167264e-25 
5.6682223309e-22 
-1.7391194446e-16 
6.4548393750e+05 
-6.7630998927e+20 
1.7914054300e-13 
-1.4250880205e+11 
7.9864738464e+01 
1.0583921103e-03 
3.2935517880e+12 
2.3119928747e-36 
-2.0423248628e+38 
-1.8310218763e-07 
2.4823041928e-21 
4.9528849660e-23 
2.6707796875e+05 
-2.6872462430e-38 
-5.8061996242e-04 
1.7468371742e+29 
-2.3594403224e-33 
2.6357210575e-32 
1.5496664225e-18 
1.1246857768e-23 
-1.3320406273e-33 
-6.4400375661e+28 
-1.5092699659e-11 
-1.1395351026e+14 
5.5693289718e+12 
1.8101134300e+15 
-9.5220308304e+00 
1.3323097239e-18 
4.7245057107e-24 
-4.0538315685e+32 
1.4187073237e-20 
1.0824005120e+09 
-4.0560225145e-25 
5.5735185032e-36 
1.5296875725e+12 
-1.7316275198e+16 
4.8579505354e+15 
-1.6535311908e+23 
-2.3026259979e+23 
2.5463794988e-24 
-2.4553288279e-25 
-1.5993199463e+03 
1.7708814959e+13 
-3.5842327912e-13 
5.9666213482e+23 
1.4708800614e-01 
-3.2760593283e-12 
-2.0133007578e-26 
-1.2307165920e-12 
2.5828251175e+20 
-8.7510053475e+36 
2.6817370605e+02 
-3.0502765179e+00 
-1.8945798006e+32 
9.2084624378e-18 
-2.6136366090e+29 
2.0429027633e-26 
-1.9727226000e+07 
-1.7083233842e+35 
-4.1891076464e+36 
-1.2897369206e+22 
-3.5555358259e-19 
-5.8768048706e-36 
2.3023601897e+33 
7.5132771116e-09 
-3.0161788000e+07 
1.1126710578e-38 
4.2194323200e+08 
-4.7723818717e+32 
6.7672133221e-37 
7.2129722900e-20 
-1.5754021845e+33 
-1.3669570628e-19 
9.0781421824e+14 
-4.3054231314e-28 
2.9529268549e-24 
-1.3388150784e+10 
1.3752988194e-33 
3.5517604128e-31 
1.0656855188e+23 
-2.4083611938e+29 
3.6098820956e+20 
-1.4444919434e+03 
3.9179747157e-24 
-3.9806942013e-17 
-1.7518649744e-17 
-7.9511235345e-29 
-2.9566181350e+31 
1.1616469975e+30 
-7.6367452160e+09 
-1.8369610022e+23 
-9.6799712628e-03 
4.7310227200e+08 
-6.4315187200e+10 
3.1833155673e+37 
-4.2073236546e-04 
-1.6587762308e+15 
1.9193416034e+34 
8.2861076325e-38 
7.0282022400e+08 
-2.1316477388e+23 
-6.1665187500e+05 
-7.8573294847e-26 
1.0015973240e+33 
2.5937329397e-16 
-1.8866880175e+30 
1.0371967222e+12 
1.1766642567e+22 
-2.6139213824e+11 
-9.7637848327e-13 
-2.7050223708e-21 
-1.3017378454e+26 
8.8083975669e-09 
-6.7705187500e+05 
9.6636631855e-26 
-2.1913918336e-31 
6.2098392031e+35 
2.4031201393e-15 
-1.5820935599e-13 
2.5410395000e+06 
-1.1492847623e+14 
4.6619762700e+27 
1.1642196463e+20 
1.6914093067e-05 
1.1988184057e-10 
3.5270836353e+00 
-1.1884082123e+24 
2.9544457830e+11 
9.8301416000e+07 
1.6799446369e+25 
2.7326517886e-22 
-1.4812316676e-36 
1.9993590455e+32 
-6.5743613243e-01 
6.5549729118e-17 
4.1727204582e-18 
-1.8755671000e-36 
-2.0982400623e+30 
6.3715651931e+15 
-1.1678957623e+21 
-5.3078705710e-13 
3.0856643463e-08 
-2.9365745014e-15 
-3.1240472500e+06 
8.8082105200e+21 
1.1329401856e+10 
8.5771919081e-12 
1.0950361088e+12 
-3.4658834522e+15 
-2.1513961020e-22 
-4.4504052734e+03 
-1.2614810547e+04 
-7.3150190071e-38 
1.1737876048e-04 
-3.6084164257e+28 
-3.6056019341e-21 
6.2267305002e-21 
1.6822932532e-18 
1.7290344530e+12 
2.3870642559e-33 
8.4383607783e+28 
1.5157995746e-02 
4.4419115423e-39 
-5.6944240952e-35 
-1.6111950684e+03 
8.5163578391e-02 
-4.2204853404e+24 
2.6634481664e+10 
-1.6320302289e+35 
3.5817026049e-31 
1.3238200684e+03 
-3.1131313777e+33 
-1.3702211902e-02 
-9.4221352960e+10 
9.0022975369e+22 
1.1451734411e-23 
-9.0775660000e+06 
3.4244688990e+20 
-7.4671697184e-15 
6.8965570264e+34 
-8.5367427830e-31 
-2.8967218668e-07 
-3.1893690778e+11 
-1.7912425070e-31 
-1.9767940467e+26 
-1.2570827137e-18 
-1.1680810547e+04 
1.0617729913e-06 
9.7992349765e-05 
-6.5512309119e-12 
2.6687621094e+04 
2.2212582667e-25 
-3.3533391341e-11 
3.2725478522e-03 
-5.7728998363e-02 
1.5753345280e-22 
1.5314794658e-21 
-9.7478576466e+23 
-3.5245309972e-33 
-2.4781113774e-25 
-1.9550149906e+25 
-1.1969296384e+10 
5.1298494375e+32 
-6.1173725302e-16 
-5.1617832130e+30 
4.4808624198e-21 
4.5396738207e+23 
-2.2431121094e+04 
-1.5288572954e+36 
2.5422765300e-33 
-2.9530314781e-17 
5.6506473122e+21 
-1.2911098116e+34 
-1.7120688128e+10 
5.0578458284e-33 
2.3422548590e-35 
-8.1520834527e-09 
-9.8444577692e-23 
-1.6714147181e-38 
-2.5695945283e-07 
-5.6975818634e+01 
1.8720516028e-29 
-3.4658716788e-16 
1.5464386379e-31 
7.5415498544e+28 
2.5794019338e+15 
-1.0715851318e-32 
-1.9311248616e-04 
-7.0129453011e-39 
-1.1085238663e-32 
8.3647168738e+35 
-1.0948586201e+33 
-5.2255701378e-34 
-2.6149687333e-33 
7.6194180380e+32 
-2.2883575394e+37 
-2.4410077434e+22 
-2.2651878823e+30 
-1.5084481201e+32 
-3.2430132398e+26 
1.0683027599e+19 
9.8392616757e+30 
3.8152828669e+14 
4.2689116800e+08 
-2.9456226783e-35 
5.3113181250e+05 
-4.1789842834e-17 
6.4756259226e+11 
9.7195411738e+23 
3.6829687114e-14 
3.5153200315e-06 
1.8252265497e-25 
-1.3888820683e+35 
-2.7626866607e+36 
2.2440372298e-32 
4.5704374473e-27 
4.1232420754e-29 
2.8978556000e+07 
-2.9160822742e-03 
-2.0283518976e+10 
7.4576355979e+21 
-6.0697498210e+29 
6.8893151795e-18 
-2.4688572834e-32 
-1.2565162189e+17 
-1.5091117500e+06 
2.3723336792e+02 
4.3135756713e+16 
3.5637144105e+17 
7.3318389154e-33 
9.0346896648e-01 
-2.5776611581e-31 
-2.9938686372e-25 
-6.9635340544e+24 
2.2223850006e-22 
-8.4823789902e+17 
-1.5148356934e+03 
-9.5673708955e-09 
3.7897609445e+18 
-6.8419702416e+25 
4.2698722780e-08 
-1.0453572415e-13 
2.2011849284e-01 
-3.5235399008e-01 
6.2315359116e+00 
-6.0872120320e+09 
-1.3435897927e-05 
1.1620848083e+02 
-7.3195205427e+11 
9.6017655266e-33 
1.8703034921e+23 
-2.5802120209e+01 
-1.8986696875e+05 
-7.6258717458e-34 
-6.4360742188e+04 
-9.0368363725e+11 
-9.2248987500e-26 
-9.9856349618e-33 
-8.7178517443e-13 
-1.4976678416e-02 
-7.2650787500e+05 
-1.6028669434e+03 
-6.7152052224e+11 
6.1791908483e-34 
-2.4792537624e-21 
-1.7153264698e+32 
1.0537332725e-12 
-3.5085986300e+13 
1.0575709864e-02 
9.0642354698e-33 
-1.1490151050e-25 
-3.5692510059e-10 
-2.7969657701e-09 
-1.8006317872e-14 
-4.5974312625e+17 
-9.9097366055e-14 
9.0183209977e-05 
4.9263634027e-38 
1.0983775417e+16 
-1.1106768225e-15 
5.5178544363e+17 
8.7937524174e-36 
-3.7829127050e+17 
-2.1027905590e-17 
-2.8500572800e+08 
6.1022162760e-25 
-8.9502261445e+13 
-4.0208749450e+31 
-3.3129710780e-11 
2.5102379322e+00 
-2.0899564534e+15 
-1.5445996250e+06 
-4.2003991471e-24 
-2.1633485069e-29 
2.8667455207e-22 
7.9963476562e+04 
-7.2529181250e+05 
1.8474291992e+03 
-9.7189939652e-08 
-3.6293142599e-23 
-1.4572625875e-13 
-6.3732630906e-07 
1.4035688714e+15 
-2.4580855733e+23 
5.0315604820e+19 
-6.0946241800e-24 
-1.0108246352e-04 
-5.8201832376e-30 
-5.7555769928e-08 
1.9524286580e+22 
            nan 
-3.4658823177e+35 
4.8525238281e+04 
8.6834476562e+04 
-9.1032750080e+09 
3.5690365621e-05 
-7.6096973206e-21 
4.4512879130e+29 
-5.3714703545e+16 
1.7212824846e+19 
6.2948681414e-02 
-3.6753542111e+36 
-1.6383522019e-37 
4.5905270265e+24 
-1.7855759817e-37 
6.2885426620e-22 
-1.7613286385e-09 
1.5302060547e+04 
-3.4925272936e-22 
-2.3907069671e+24 
-2.6036744968e+21 
-1.2378147756e+14 
-9.0417274524e+22 
3.2133247028e-17 
-7.2596045274e+25 
-2.5868190923e-10 
-9.1659358318e+34 
2.0523532104e+02 
5.4704542097e+20 
4.2445708613e-23 
-2.1764959692e-31 
-9.3484959956e-22 
-2.2191395033e-07 
-1.6132580923e+17 
-3.0679238400e+08 
-4.1854280233e-01 
-4.3940167658e-16 
-4.2897039521e-07 
1.1931625952e-21 
-1.2865342000e+07 
3.5726459464e-04 
-3.7060540491e-34 
-4.1867601248e+13 
-2.4237724676e+24 
1.2302109080e-36 
-5.9215242188e+04 
5.5926270523e+26 
1.5853005020e-10 
4.0830378846e-38 
-1.1023133093e+36 
2.8327174187e+00 
5.5849161959e+32 
-3.4383584868e-09 
-1.3549882296e-15 
1.5134455619e+20 
-3.1958954594e-08 
-4.1069673923e-22 
2.1780391693e+01 
-1.0355961092e+33 
-3.4809297323e-01 
2.2907804000e+15 
8.3594194417e-18 
1.0301758000e+07 
2.5998839447e-14 
9.9231658754e+25 
-7.3080281498e+11 
6.6644976135e-23 
1.2651092928e+14 
-2.9040279562e-38 
-5.0803504547e+25 
-4.3284242188e+04 
2.0490151367e+03 
-3.0701862819e+22 
-1.7594176762e+16 
-1.0125791550e+01 
4.2185223917e+33 
6.6791869112e-34 
1.3640895962e-28 
2.9248249501e-17 
4.8272761656e-12 
1.7998410057e-25 
5.8877284471e-24 
2.4165083801e-07 
-3.1449119141e+04 
6.0134660722e-17 
3.1452753067e+01 
9.0732876742e+28 
3.8634560422e+13 
-1.7580001307e+30 
3.3159832284e+35 
4.9488249421e-01 
6.5731072116e-31 
8.1124163379e-21 
7.0590270011e-38 
-2.2653859032e-23 
-9.3471465644e+36 
-1.4691248218e-09 
-2.9410945882e-22 
-4.9025099725e-03 
5.7869473102e-11 
-2.4814032773e-11 
-7.3729532907e-17 
1.8985485114e-22 
-1.5782962176e+10 
-3.1072695914e-19 
-1.5496985235e+14 
2.1893829794e-14 
-3.3271273825e-37 
2.7979421843e+13 
-2.4342219981e+12 
4.8287009944e+34 
5.6947431798e+17 
9.7317901290e+25 
4.2632150326e-06 
-1.8225073567e-17 
1.9923726668e-08 
1.0427982591e-28 
1.3995988075e+19 
-7.9095691570e-35 
1.5486553146e-28 
1.5879778179e+26 
-8.5571641344e+10 
-7.1631872000e+10 
-2.7918633117e-12 
-6.3263856815e-28 
-2.8224745393e-01 
1.2780053497e+34 
-2.7949913056e-04 
2.6276918716e-28 
9.8953650478e-31 
6.0408403377e-22 
-9.4801207296e+10 
-1.4721514390e-06 
1.1460413302e+26 
6.0683721654e+22 
3.1670244823e+37 
-2.9862320259e+25 
-2.2625146000e+07 
3.7441177139e-14 
2.5316420197e-01 
-2.5406886707e+11 
7.3981981250e+05 
1.0728162015e-03 
-4.6945721449e+29 
-4.0577336426e+03 
1.1254987623e-34 
-1.5551239793e-19 
-6.2026409399e-13 
-8.0828137072e-08 
-2.8151412747e-14 
1.3927229918e+38 
-3.6856376100e-03 
-1.1026483262e-03 
-1.2445609672e-26 
-2.7381512397e-25 
-3.4672640817e+25 
8.6117730000e+06 
1.7499798909e-02 
-1.2179607200e+08 
-4.6270129133e-06 
2.7994884163e-20 
-1.8554992900e-17 
6.5245918782e-15 
4.6800540332e-08 
5.3738383598e-37 
1.3787727030e-15 
2.7242924261e-05 
2.9246737190e+27 
-2.5304351290e+32 
-2.3959940733e-28 
-8.0364250454e+18 
-2.0827028418e+19 
-1.1037686786e+14 
-4.6902746444e-12 
-3.3422689439e+25 
7.4583965000e-23 
-1.3250483704e+02 
-1.6596556250e+06 
-2.6414074107e+31 
2.1309102047e-22 
1.8261836250e+06 
-1.7521950684e+03 
-9.5540006462e-11 
5.0564487708e-08 
5.8281832693e-09 
-4.7875088384e+10 
-3.2612541199e+01 
1.5439631651e+15 
-1.7196273881e+25 
6.9412070105e+18 
4.8705209061e-25 
-6.4030956153e-23 
-4.2407012954e+20 
-1.8095284642e-25 
4.1088959151e+32 
2.1263283751e+24 
-3.2212270322e-27 
2.0411122752e+21 
-9.5605645622e-10 
1.0364508759e+34 
4.2837351034e-25 
3.1768540576e-10 
5.7396708144e-05 
3.3367229878e-13 
-2.5853810652e+15 
-8.0510977880e+31 
2.1121666080e+22 
2.7697719634e-04 
8.9870586821e-32 
3.9984924910e-28 
-2.7124654114e-39 
-2.3556330497e-13 
1.1926513201e+36 
9.8166899966e-20 
-6.0717653128e-10 
-7.0533800821e-36 
-8.3372200854e-19 
-3.1532548400e-26 
8.3962995825e-35 
2.2407858175e-13 
3.1953923200e+08 
-1.3034643894e-12 
1.2583334126e-28 
1.1080802418e-02 
2.6965487003e+00 
-1.8418105094e+19 
1.5510713205e+30 
-1.2948581643e+20 
2.4187893508e-37 
1.8124105036e-01 
9.6120837221e-32 
1.3324261193e+21 
-2.5498637002e-24 
-1.3885428990e+13 
-3.8178816000e+09 
-1.1545128448e+15 
-7.7056226090e-35 
-2.8608894670e-24 
-1.4776501701e-24 
-1.4059957441e+20 
2.3108081697e-27 
-1.5580786433e+25 
-1.1997038406e-33 
-3.7972509579e-21 
6.3454479086e+34 
-2.4335559634e+29 
1.5990049280e+09 
-3.1709618612e-38 
5.4697671377e-16 
1.5755747202e-16 
-3.4981025046e-32 
6.0728079408e+23 
1.4690528694e+24 
2.4422072320e+11 
1.8283142264e+14 
1.1126605264e+27 
2.5892311841e-13 
-2.2742964197e+22 
-2.3079279926e-32 
1.2760503012e-19 
-2.3405595651e-20 
6.7248019318e+28 
-3.8528596051e-03 
-3.8768691220e-14 
4.5443501474e-21 
-7.4878147324e+25 
-2.2172182934e+23 
9.1953683295e-05 
1.4556442257e-33 
-1.5622297293e-12 
-4.7976225653e-15 
6.8066984581e+30 
1.2862432767e+16 
8.4257701185e-14 
1.9507914875e-23 
2.4507977728e+10 
8.9626940192e-27 
1.0964561419e-29 
1.0458938946e-32 
4.9408122880e+10 
-1.3804437711e-35 
-1.7932465513e-09 
1.7184940390e-25 
4.0869814043e-15 
-4.0248335121e+30 
-1.0363044449e+36 
-8.2518636317e+22 
1.8299216413e-16 
9.6888030043e-08 
1.6886322500e+06 
-2.9217945239e-34 
-5.2793072743e+29 
-2.2712375225e-30 
-1.6597712000e+08 
2.2270231881e-08 
1.5814838722e+25 
1.1302789335e-39 
1.3590563833e-22 
3.3003894166e-25 
-8.4291683675e-36 
1.8450512609e+13 
1.8977424316e+03 
3.6496878550e-24 
8.5667326971e+31 
3.2015878906e+04 
-1.3431504000e+08 
8.3378395743e-08 
-5.9336921227e-13 
5.5119168882e-33 
-3.2912482500e+06 
1.4904140549e+24 
-1.0580887511e+37 
-2.7576603125e+05 
-2.0357716370e+02 
-3.8741110948e+12 
-1.3586760588e-06 
1.0493225178e-09 
7.6937205919e+34 
-5.0023792035e+26 
7.7299625675e+17 
-3.2779210986e-35 
-3.5959917470e+34 
4.2330879600e-36 
1.5753719390e-21 
6.8587890625e+02 
4.7586217988e-06 
-1.1286187389e+37 
-2.3022835808e-12 
1.5994530623e-35 
-8.9815476520e+22 
-9.9764531313e-23 
-1.7628501109e+27 
-1.1916260529e+02 
3.1874417114e+02 
1.9778323736e+24 
-5.0961401875e+18 
-3.0713984319e+13 
-1.4885663232e-12 
-2.1664895671e+23 
-2.6369550099e-08 
-9.9061750909e-23 
2.1793415362e-04 
-7.9408209229e+02 
-4.1429603513e-21 
-5.3549390616e-11 
1.7444796779e-35 
-4.4686716212e-34 
-2.0242665407e-26 
1.8292690584e-05 
1.6034159203e-14 
-2.1466009414e-08 
3.4122090314e-17 
4.9844740676e+29 
-6.4090317383e+03 
3.4791874032e-23 
-2.7648218784e-11 
-3.6515056976e-29 
-1.6601575707e+29 
-3.3261312541e-12 
-1.3119111812e-17 
2.6706044993e+26 
-9.4470812153e+14 
4.0315522898e-22 
-5.6236422726e+13 
2.2584313774e+12 
5.7777848320e+10 
-1.8828160058e-38 
-3.3195022214e+27 
-5.2752752386e+37 
-9.6114444552e+33 
-1.1587883612e+18 
2.8145680939e+32 
-5.0348997116e-02 
-1.6291553775e-18 
-1.1373806225e+31 
1.1664363057e+36 
1.1199150000e+05 
-5.7654222474e-05 
-2.9640325155e-32 
1.1048749682e+14 
5.5920792762e+25 
-6.5795322875e+26 
1.6648042890e-25 
2.1974882500e+06 
-5.3587757297e+28 
4.6084351401e+23 
-2.0270545979e+36 
5.9367419477e-19 
-1.6906277741e+35 
-1.3781508540e+19 
-1.4815477233e+35 
2.2438646119e+21 
-9.6375606250e+05 
-7.8697135905e-04 
-9.7366290494e+28 
4.4490772060e-26 
-2.0410603993e+22 
-1.5392809911e-13 
-3.3269844480e+09 
1.3195178319e+26 
9.1022675387e+27 
-2.9890504289e-36 
4.7271428108e+00 
-7.8121785600e+08 
5.2678134343e-14 
-3.6351270549e+33 
-2.4937678256e-19 
1.0387178314e-12 
1.9345285120e+11 
4.2997847040e+09 
6.1308626086e-02 
-2.0595015511e-33 
1.2890859110e+12 
6.8272461909e+15 
-9.6644636672e+10 
-9.4504540669e+33 
1.2907275249e-10 
-4.4502830505e-01 
3.7810653448e-03 
-1.9621192785e+21 
6.6892843276e-30 
-1.0375856128e+10 
5.1136240845e-22 
1.3262398264e+34 
2.2941082716e-03 
3.4167042553e-23 
8.0325676666e-13 
3.8517822395e-04 
-7.7588552149e+28 
-1.2498711788e-10 
-4.2304077300e+13 
1.8818154046e-32 
1.4574018409e-27 
2.7948099038e+20 
8.9603663945e+15 
-7.0676373026e-20 
1.8123473499e+15 
8.2702527812e-38 
-4.0131866143e-31 
6.6130078125e+02 
-1.6081311993e-22 
-1.5534819062e-34 
3.5244405661e-17 
5.2005078291e-38 
1.0385591012e+18 
4.7361474551e-15 
-3.7940882099e+15 
4.3662758675e+21 
3.7597899604e-25 
-1.6839557120e+09 
-9.6480133120e+09 
-5.5963464547e-06 
-1.4693871120e-12 
1.1147387267e-14 
8.4716361946e-30 
-5.5029982307e-14 
-1.4710647868e-22 
-5.9880702476e+13 
-4.4536996313e-10 
-8.2405395508e+00 
-1.3524952054e+27 
5.0609489434e+15 
1.1993955382e+34 
-1.8717689851e+26 
-1.6545412126e-32 
2.8939146043e+19 
-3.4388317931e-15 
-2.4743552000e+07 
5.5859657457e+15 
3.0073434499e-39 
-6.8009135603e-19 
5.9779360890e-04 
2.3904349171e-37 
1.7395401001e+00 
-3.1832048377e-37 
2.4276301276e+34 
1.8524711902e-36 
1.5652062500e+04 
-2.5196730814e-31 
1.0419239868e+23 
1.8141310676e-10 
1.1938106753e-13 
4.5586062902e-24 
1.0363927623e+30 
3.9017685577e-31 
-1.2651533599e-21 
1.6973316896e-29 
-3.4092281258e-22 
3.3331035289e+18 
-5.3805037874e+17 
-2.8615153809e+03 
-2.7627442699e-21 
2.6361931250e+20 
-1.1832524915e+24 
-6.5160524774e-31 
-1.1049859694e-07 
-1.6774355345e-06 
-6.2573585202e-10 
7.7980578823e+36 
3.7225598857e-27 
1.9191232407e-21 
-8.2571561784e-36 
4.7645460910e-08 
7.3839713446e+22 
2.9760204152e+19 
-1.1717447061e-22 
-1.3557396587e-32 
-8.1643460063e-37 
6.8162997926e-27 
-3.7302379935e-11 
-1.3967872642e-38 
-2.0032447920e+37 
-5.0362238884e+00 
4.9916486497e+19 
-1.2025562319e-04 
9.9364916649e+15 
2.2159847617e+20 
2.8439645386e+02 
-1.1719837483e+14 
-1.1483841395e-25 
-2.0134478819e-21 
-2.3026540837e+27 
7.9845186492e+34 
3.0895390266e-18 
3.0733021069e-29 
-2.0755151180e+26 
-1.1655765463e+15 
-3.9687468898e+26 
-2.6053094864e+01 
5.9742559814e+02 
9.3245220184e+00 
-2.2002131147e+34 
1.4630189105e-22 
4.8475756576e-19 
-5.7993513344e-23 
-1.2594511212e-08 
7.3514406391e-17 
-1.1702224203e+22 
7.0130800140e-15 
-7.6528807661e-36 
-2.1254422534e+37 
1.0256773338e+37 
7.4401953125e+02 
3.6835516376e+28 
-1.5149916316e-20 
-4.5359670464e+31 
2.7291328365e-36 
-1.4984542233e-17 
-1.1343382732e-35 
6.4980697397e+17 
-3.2788562976e-09 
1.3974812500e+04 
-2.7897351096e-11 
-5.7402694916e-19 
-9.7924854039e-26 
3.1917031250e+03 
-1.1557197447e-28 
-1.4972621834e+28 
-1.3658217236e+28 
-4.6040064000e+08 
3.0398101807e+00 
-6.9496611898e+28 
5.1945349345e-39 
-3.1012864708e-28 
1.9266394036e-12 
2.1271429120e+09 
-2.7191263831e+34 
-4.3025645935e+34 
-9.5733125000e+03 
-5.2139522128e-33 
1.6375103796e-28 
-4.9037319522e+30 
3.2588392496e-03 
-1.3551035843e+23 
7.9579055776e+20 
-5.5678621807e+37 
5.3081524332e+26 
1.8933508545e-04 
2.9855771309e+32 
6.4216051024e-28 
-8.0307140941e-32 
1.8480304751e+13 
-6.8609877417e+18 
-1.3574179436e-17 
6.6439453082e+12 
-9.7916983195e+37 
-7.6382458210e-03 
-9.5263732375e+27 
-1.4975821367e+36 
-5.7459870195e-12 
-1.9568457965e-11 
5.7033105111e-31 
-2.4803613281e+02 
2.5122235889e-11 
1.2902975000e+07 
5.6799557967e-25 
4.1303240398e-36 
4.6481873416e+20 
-1.2492811566e+28 
-1.2727413203e-19 
2.3831146576e-28 
7.1613692368e+34 
-5.2264693659e-04 
-7.6266292360e-18 
6.6052118119e-35 
5.8844797626e-15 
9.8935066072e-15 
-4.2508032916e+21 
4.1241533418e+29 
4.0832888996e+12 
-2.4235804619e-29 
-7.3002237082e-01 
-4.2746822357e+01 
-2.1668011923e+27 
8.7784987612e-13 
-7.8662483445e-38 
2.4966279536e+33 
-1.2833518350e-33 
-2.3528027344e+02 
-7.6149495561e+36 
4.5221206871e+32 
-6.7302524686e-31 
-2.4275950104e+19 
2.6054089032e-22 
1.2320035187e-25 
5.0457138467e-12 
-4.4242611232e-37 
8.4123238400e+08 
-9.4168852444e-33 
-1.9411555696e-12 
-5.2286931862e+15 
-3.0489984000e+07 
-8.9085003694e+12 
-2.1216983865e+24 
-8.9213083425e-19 
3.8073424957e-25 
3.1694872736e-20 
2.6593092761e-26 
6.6006404131e-38 
1.3848423629e+37 
-8.9988400000e+05 
-3.0226793291e-12 
-1.1608482651e-25 
-9.0060181985e-28 
1.6305160522e+00 
-3.2445461642e+25 
3.5559537482e+14 
-2.3067564737e+35 
-7.6393518142e+16 
-1.0707997927e-24 
3.1231187982e+17 
-2.3974188447e+35 
-5.5213317871e+00 
-4.5574233809e-07 
1.4587319550e+14 
-6.4420413448e-12 
3.4732769363e+26 
-1.3832378387e-01 
-8.5987261095e-39 
-5.1347818548e+30 
-5.2049327997e+36 
6.3046219509e-31 
9.9189398070e-26 
-2.1646689297e-16 
-6.7985534668e+00 
-1.2375676669e+34 
5.2897873848e+19 
-4.1952885610e-11 
-2.9677968750e+03 
-8.7859402353e-20 
3.4555208095e-32 
1.7368402179e+22 
4.5798469554e-38 
2.5593442111e+17 
-2.3631135026e-15 
1.8844856206e+15 
-7.2640222675e-28 
-4.6319000000e+05 
1.6802671648e-22 
-7.9199206084e-05 
-5.2624883712e+11 
3.9673001657e+36 
1.5307729017e+17 
-9.0915443431e+28 
1.6180760193e+02 
2.2436664082e-08 
-4.6162640576e+27 
5.7802870534e-31 
3.7177146778e-11 
1.0022834012e+12 
-3.3126660702e+25 
7.2521229451e+30 
1.7524184326e-09 
-1.5503806000e+07 
-5.0258996387e-15 
2.0469463825e-31 
3.1062944121e+13 
6.8098776307e+29 
-9.3402950731e+30 
-3.9469402693e-17 
1.9659566169e-04 
7.2973999371e-17 
4.4536353783e-17 
1.4025519247e+24 
-5.9138821618e-10 
-3.2704797500e+06 
1.1387706989e-22 
-4.6950975132e-20 
4.2138750213e-23 
2.0867426715e-23 
-1.0331358880e-07 
-1.2467518276e+27 
-1.1191704472e-33 
-5.9603959102e-08 
1.3030125470e+14 
-2.1670191338e-32 
3.2011132812e+02 
3.2752557227e-29 
-4.4331781066e+18 
1.3516021617e+24 
-2.6731554328e+14 
-2.1285950779e+38 
1.8495251425e-05 
1.4831601265e+38 
1.9838800000e+06 
-1.5883222222e-03 
1.8830162532e+22 
-9.9082547477e-29 
-3.5398261460e+15 
-3.1336645628e-18 
-3.4757031250e+03 
-1.1829366994e-34 
-9.8377924608e+10 
3.5205013665e-20 
4.0760078500e+12 
-3.3428923977e+26 
-4.6183955133e+15 
-1.8941879315e-13 
2.0335465670e-03 
5.8270394056e-26 
2.9953778721e-05 
6.0481723418e-31 
-2.9492848574e-30 
1.4283296768e-11 
-2.5868695398e+14 
-3.5941820621e+24 
1.9017830491e-03 
1.1617317796e-03 
-2.1211625092e-21 
-6.9954395294e-02 
3.0705280000e+07 
8.7854623884e+32 
6.5315987741e-37 
-1.2588018048e+33 
-2.0155362380e+28 
1.8751265479e-34 
-4.9569940166e-14 
-3.0793070019e+12 
-2.4682686816e+30 
-1.4966031647e+12 
-1.4721335951e+13 
-1.5763800653e-21 
-1.8382668218e-37 
2.6173752340e-20 
-2.7295001785e-36 
6.0556048993e-06 
2.9397422490e+18 
8.4263498956e-13 
-3.4434570312e+02 
7.1092812500e+03 
-2.8874717897e-17 
-5.0120787856e+31 
8.3848012044e-33 
-2.3146869973e+38 
3.4296134871e+36 
1.0918791329e+28 
3.7986576343e+34 
-2.7700671314e-34 
3.0949814577e-30 
-1.4379498242e+37 
-1.5430501321e-09 
4.6358867098e-29 
5.7626014396e+23 
7.6601907383e+34 
-2.4333091098e-11 
-1.6596633941e-04 
-3.2834138222e+38 
4.4979207985e-24 
-8.8599032000e+07 
2.2866797906e-14 
1.2877067594e-30 
-3.2991978526e-01 
4.5013386247e-26 
3.2632540892e+16 
1.5041084881e+22 
-3.8688590394e-06 
1.1122896103e-03 
1.8705481353e+28 
3.0576799893e+18 
-1.4136326904e+03 
-5.4426857969e-04 
5.5144054114e-37 
6.5785655587e-16 
-1.6995440950e+26 
-1.7171373082e+27 
2.5103238877e-03 
4.1096095811e-04 
-1.7818454011e-15 
-4.0497069131e-04 
9.7178769098e+29 
-1.1318033156e-26 
-1.0773632330e+16 
-1.0321951904e+03 
3.3854911929e-11 
-1.7791100000e+07 
-1.1383972875e-08 
4.2250245810e-01 
2.3117895478e+25 
-4.7540181516e+35 
4.8018521207e+17 
4.4885895080e+28 
-2.4878582785e-22 
-3.6971674832e-37 
-8.0397452584e-11 
8.6586540347e-14 
1.1475807944e+16 
3.5030480599e+32 
4.9693501762e-31 
-3.0171159817e+19 
6.0329581792e+18 
-2.2239050319e+17 
-9.2426450401e-36 
3.9878502155e+33 
-6.8567201405e-39 
6.1567553261e+25 
-1.3673888768e+10 
3.0125577450e+00 
2.1017244365e+26 
-6.8610676490e-27 
1.8642476005e+15 
2.5556047331e-04 
-6.1855498240e+11 
-3.1745193551e-31 
1.2826829015e-26 
-5.5691984358e-10 
-1.2443885207e-03 
-2.8913587527e-32 
-1.8367613510e-34 
7.2641070084e-29 
-2.5222770920e-14 
-1.8402561545e-03 
-3.2119895743e+16 
2.7042206236e+22 
-1.6952604529e+19 
-7.5185380410e-06 
3.7807968750e+03 
-2.6609860672e+22 
-1.5740155845e-09 
-6.6990937500e+03 
3.8171194389e-36 
1.7353046083e-13 
-4.2056189580e+20 
-9.2685892852e-35 
5.7797804399e+14 
            nan 
-2.9066992116e+26 
7.8703715382e+27 
-9.5726077310e+36 
6.9529453351e+21 
2.7178428869e+38 
3.4931108755e+26 
5.7105124239e+36 
2.4052956375e-18 
1.3296200622e+27 
1.4246313007e+33 
2.8234644560e-06 
-1.2326960000e+06 
1.1732554412e-06 
-2.5807461255e-27 
-1.6782501656e+30 
-1.0488474619e-36 
6.3470043136e+10 
8.2567744533e+27 
2.3638938798e+27 
8.4876589064e-20 
-6.6374467194e-31 
-4.2717416290e-21 
1.1522161055e+38 
-1.2347242966e+30 
-1.8346326842e+35 
-7.1588658029e+28 
2.9142200000e+05 
-3.0740126561e+26 
9.9306226841e+35 
1.7216225280e+09 
-1.4327915276e-22 
-1.8292705222e+37 
1.2152116996e-17 
7.1657421875e+02 
-2.7918875000e+04 
-1.9107826432e-10 
1.7659810246e-14 
6.9373808948e+21 
-3.0910517201e-13 
8.2492921458e+18 
3.0088709917e+30 
-3.0700373047e+04 
-7.6355594429e-31 
-3.8905467763e+20 
2.4337470834e-19 
7.8202658452e+23 
8.4206650316e-19 
-1.9563086706e-09 
-1.8247099733e-17 
3.2984755186e+31 
6.6798282152e-17 
-1.9030461651e-09 
3.1333282952e+14 
4.9879235200e+08 
1.5778095312e+05 
-6.8365398329e-04 
4.1819876031e-30 
-8.2016392012e-32 
6.5450197123e+13 
6.5846559316e-09 
-4.1347896576e+01 
7.0939163938e+17 
-1.5849558967e-30 
-2.1561084515e-11 
5.8105748865e-37 
1.3124563108e+12 
-1.0656338901e-27 
3.6223040123e-09 
4.7680918942e-04 
-6.2462233667e-23 
-2.4384583241e-10 
2.2439593509e+14 
2.1357722164e-35 
-3.9680912188e+27 
8.0382263762e+22 
3.7187767137e+29 
5.1717193053e-20 
1.0640312500e+04 
5.4169062500e+03 
1.0081912431e+28 
7.6670749691e+14 
6.1878467302e-16 
2.7944805922e-26 
-1.8821136515e-26 
-3.6832380725e+27 
1.7979004951e-08 
5.5083162424e-15 
3.4083419951e-16 
-9.0538774995e+34 
-4.2884678780e-34 
-9.2147335377e-27 
-9.5593234658e+32 
-9.9540625000e+03 
1.0476806641e+02 
1.1684660689e-17 
1.1401310346e+38 
9.3389189715e-08 
-1.4736519332e+12 
-2.5818424267e+29 
5.7362365723e+00 
-1.4124081191e-24 
1.1082535485e-36 
4.2906059894e-29 
-6.7917492197e-35 
-1.9793914275e-32 
-6.1914702298e-38 
2.6277072368e-21 
-2.7180985215e+31 
-1.7150650024e+00 
-8.2932503072e+24 
-1.6804961279e-32 
2.0349853003e-07 
-1.7019495105e+15 
-6.3087437428e-17 
-3.5310927639e-39 
1.0144631801e-09 
-2.0860409788e-17 
8.4123274535e+33 
-1.9771125417e-17 
-2.9790223465e+23 
2.6727710720e+09 
-2.6331796724e+34 
-1.2224427337e-07 
-6.0776631440e-31 
7.3731946424e+34 
2.0971219783e-07 
-8.9146200182e-33 
2.6033663513e-17 
5.9646936279e-08 
-3.7563588325e+31 
1.4623666803e-25 
-1.1270386333e-23 
-1.7940517410e-29 
-2.9845472386e+26 
2.4145728813e+30 
-8.8854623653e+26 
-1.4830571869e+28 
3.9325246094e+04 
4.8815685701e+32 
8.0548275451e+22 
2.7105729821e-15 
2.9157534393e+16 
-4.9301513107e+22 
6.2805431966e-09 
-1.1718077972e+13 
-5.4536002276e-19 
            nan 
-2.4100383517e-35 
1.6983227270e-35 
-5.0477642641e+33 
-9.3508900199e-29 
5.3794777500e+35 
-1.9219265621e-22 
-1.1312620840e-09 
-5.6808326236e+28 
3.8729751748e-19 
1.4753144504e+13 
1.4637067600e-11 
-4.6611311405e+33 
-1.8616773332e-06 
3.5436122446e-38 
1.3567713031e-28 
-5.2659689723e+23 
5.8569104187e+23 
-9.7611653325e-17 
1.5417043148e-23 
3.0973470530e+36 
1.7442497782e+31 
-1.1420901668e+27 
-1.0669362529e-14 
-6.8194274902e+00 
2.7655810118e-03 
2.1126464844e+02 
1.3827483666e-28 
7.6849045211e-35 
5.4604465394e+37 
9.0679985211e-33 
1.3480242342e-04 
-8.1454592000e+07 
2.1893552146e+27 
4.1725023436e-10 
-2.1769981264e+13 
-1.8605654228e-27 
1.5448461724e+34 
-2.9439995580e+18 
-4.9438119879e+35 
2.5501200548e+12 
4.2799464448e+10 
-4.0579171967e-13 
-1.8563029177e+37 
1.7103540806e-11 
-8.0741133178e+28 
1.2064322616e+16 
3.0663274765e+14 
7.6596062826e-11 
-3.0638123445e+26 
-1.8435279271e+32 
-1.6487843645e-37 
1.3935675724e-08 
1.3431915520e+19 
-2.3212464839e-08 
-1.3404655164e-10 
1.7235865600e+08 
-4.0767156526e+37 
-8.4026648638e+22 
-4.2806469480e-10 
-1.7199755281e-36 
2.9873035601e-08 
-1.1807162610e+32 
-2.7833237937e-09 
-7.5903500000e+04 
1.3651660993e-06 
2.4962186097e+19 
1.0739608673e+15 
-3.3235414421e-11 
2.9982142773e+17 
1.2706564960e-33 
-9.1532960267e+21 
3.7347595105e+22 
-1.1317950000e+05 
-7.6308380812e-05 
5.3603070902e+13 
-1.5445007515e-26 
-1.3750943960e-11 
5.5462018026e-16 
3.5925886249e+20 
-1.3400243438e+14 
-7.5031313835e+20 
-5.8946698697e+34 
-9.5263233066e-12 
1.5395440977e+20 
7.7307384000e+07 
2.3840751857e+18 
-3.9727849097e-35 
3.1972596875e+05 
5.1259159417e+26 
8.1527298901e+20 
3.1163349378e+37 
-9.7400875263e+18 
-1.7689180543e-29 
1.0329858713e-12 
-1.1293419675e-28 
1.0987490160e-20 
-3.9919070069e+35 
8.7710017013e+32 
5.6037884521e+02 
-2.7044913509e-07 
-3.9473563513e+17 
-1.5217308329e+25 
1.5367999000e+07 
-1.2827849219e+05 
-8.6445942374e+12 
2.7197076018e+31 
-5.0197538853e-16 
-4.9219843366e-31 
2.0245174286e+18 
8.8316976300e+14 
-1.8679692329e+37 
-8.1227520593e-27 
-3.5972756481e-30 
2.3633726538e+13 
1.2924342873e-23 
2.8709209135e+20 
-6.0242407357e+36 
5.2752091306e+33 
-1.7623331105e-19 
1.4994989323e+26 
8.0840269930e+31 
8.1100329508e+18 
1.1209126445e+13 
-5.9203387417e-31 
-1.0751233237e-11 
9.7746560000e+06 
-1.9563329303e-32 
1.7285124655e+31 
-5.6041005170e-12 
-1.3104343414e-01 
-7.5650558615e+23 
1.6670437912e+23 
1.6576640625e+03 
-7.3855919591e-22 
1.1679415815e+26 
-1.5035834026e+32 
5.1067375898e+14 
2.6857786409e-28 
-3.9515992814e-17 
            nan 
2.6839587497e-22 
4.1817760000e+06 
1.6038608551e-01 
-6.6390726715e-05 
-1.8010822424e+27 
3.4644726562e+02 
6.5364042126e+16 
1.0559775276e-10 
-1.7820800781e+02 
3.7061169051e+24 
-5.3995830072e-22 
-1.2941487068e+32 
2.7640785711e-15 
-2.3066962603e+34 
1.6552555654e+27 
5.1384483840e+09 
-4.7248763384e-20 
5.6545024286e+17 
-4.4650167119e-38 
-3.1070592819e+31 
-1.0421359024e-19 
-2.4438465852e-38 
8.5224566292e+12 
-1.2867953429e+32 
9.1482867026e-19 
1.0399207417e-26 
-8.8258737326e-01 
2.8124306269e-12 
-3.5667570688e+10 
7.8762492188e+04 
-3.4284075809e-05 
-5.2330729972e-08 
3.9735614049e-24 
1.0002531297e+17 
2.0277289437e-14 
-1.4038786460e+15 
1.1347511776e-38 
-4.5662975026e-05 
2.3637497214e-32 
4.0266021319e-26 
2.4686094974e-16 
2.3836623047e+04 
4.3514554272e-04 
-1.8266986812e-09 
2.2714383097e-27 
2.6968913620e-30 
1.6402346196e-23 
-3.6805146933e-01 
-3.7253496132e-30 
1.1253959066e-34 
6.3557935432e-24 
-2.6621677404e+13 
-1.2026610747e+25 
-8.2624620715e+28 
-9.6336537303e-28 
3.0291183426e-19 
1.0992965877e-29 
-9.2239119113e+36 
4.4074454552e-20 
1.1231227545e-03 
-1.3797763141e-32 
-1.6903992656e+31 
-3.3188795767e-25 
-1.2247163284e-07 
1.3182015078e+11 
3.1013170450e-28 
-4.5964358068e-26 
5.3346445403e+26 
2.4821606930e-03 
-6.2767170690e-22 
1.5891931951e-01 
-4.3352145386e+02 
-2.6974587728e+32 
-3.9398504370e-30 
6.3769163654e+21 
6.6437004089e+01 
3.1484027292e-26 
-1.0734187971e+12 
2.3048621737e+28 
-1.2667733068e+36 
-2.9157103695e-23 
-3.4142844379e-04 
2.1169007321e+17 
-9.0174448992e+13 
3.4094627080e+22 
-7.3750629322e-18 
-2.3990675215e+21 
-3.2179624461e+22 
-8.5458361726e+28 
-1.0885974356e+19 
1.2428362969e-29 
7.2760333821e+27 
1.1604518450e+14 
-1.1095116860e+17 
2.3055870661e+34 
2.5309060403e-12 
-1.0544647001e-30 
-1.3695398707e+11 
5.6193308233e+37 
-3.2697776208e+24 
-1.9198947987e-12 
1.3365072937e-12 
6.5544693139e-22 
2.5139823580e-37 
-2.2589906393e-29 
1.4821440049e+23 
5.0815261318e+14 
6.5856703663e-35 
1.0154735100e+30 
2.6222976000e+07 
-4.9779963019e-25 
1.1216234105e-14 
4.2418431380e-26 
1.8845500000e+05 
-9.5563697094e+27 
-6.0854755486e+33 
-4.9963763053e-16 
3.7295705054e-16 
-9.6547226250e+29 
7.7293264606e-28 
5.2370292991e-08 
-1.5508990400e+08 
-6.5370075405e-02 
-1.7894198835e-38 
2.2035149747e-11 
5.0241834865e+15 
1.4712762952e-10 
5.5967680370e+36 
7.1981178108e+30 
3.0320497516e-25 
-3.6872490725e-24 
1.8082837050e-04 
1.3541319758e-12 
-1.5120113676e-04 
1.5457126878e+19 
-1.9163626240e+09 
-2.0451249246e-32 
-1.3863429326e+21 
-3.0549842582e+30 
-3.5692419072e-12 
1.0493038750e+06 
1.9282618557e-10 
1.8024936960e+09 
-1.4673617526e+27 
            nan 
-1.7010822830e-06 
3.9424975360e+09 
1.9146356583e+01 
-1.7316277307e-34 
-2.6752817715e+37 
1.5541558241e-05 
9.7177569262e+16 
5.3774336793e+37 
-1.7524555776e+12 
-6.8216343311e+22 
2.3958943174e+38 
-7.8380566265e-05 
-7.6508815360e+10 
8.8875985573e+28 
3.8489443939e-15 
-1.7922947335e+24 
-2.2310098438e+05 
8.8737814637e-31 
9.2625478447e+29 
-4.5350646973e+00 
-1.8964481354e-01 
1.8145982176e-04 
1.6407009759e+22 
-2.2392941901e-07 
-6.3787394662e+11 
3.8424916055e+32 
3.5286272000e+07 
-1.4610979093e-10 
4.2199446130e-18 
3.0755802431e+21 
-1.8676975266e-28 
1.1619751666e+25 
1.1918802682e+14 
6.3933381785e+19 
-9.3312400000e+05 
-1.0790711176e+23 
3.2610564902e+21 
9.8686500000e+04 
-4.6289866347e+30 
-6.5479557210e-25 
6.2927351510e-20 
-1.6939452507e-08 
8.8708752940e+20 
6.8056679716e+25 
-1.7976244408e-12 
