2.3509887016e-38 
0.0000000000e+00 
0.0000000000e+00 
0.0000000000e+00 
0.0000000000e+00 
0.0000000000e+00 
0.0000000000e+00 
3.5873240687e-43 
0.0000000000e+00 
0.0000000000e+00 
0.0000000000e+00 
0.0000000000e+00 
0.0000000000e+00 
0.0000000000e+00 
0.0000000000e+00 
0.0000000000e+00 
0.0000000000e+00 
0.0000000000e+00 
0.0000000000e+00 
0.0000000000e+00 
0.0000000000e+00 
0.0000000000e+00 
0.0000000000e+00 
0.0000000000e+00 
0.0000000000e+00 
0.0000000000e+00 
0.0000000000e+00 
0.0000000000e+00 
-4.4236203410e-34 
7.1746481373e-42 
0.0000000000e+00 
0.0000000000e+00 
0.0000000000e+00 
0.0000000000e+00 
0.0000000000e+00 
0.0000000000e+00 
0.0000000000e+00 
0.0000000000e+00 
0.0000000000e+00 
0.0000000000e+00 
0.0000000000e+00 
0.0000000000e+00 
0.0000000000e+00 
0.0000000000e+00 
0.0000000000e+00 
0.0000000000e+00 
0.0000000000e+00 
0.0000000000e+00 
0.0000000000e+00 
0.0000000000e+00 
0.0000000000e+00 
0.0000000000e+00 
0.0000000000e+00 
0.0000000000e+00 
0.0000000000e+00 
0.0000000000e+00 
0.0000000000e+00 
0.0000000000e+00 
0.0000000000e+00 
0.0000000000e+00 
9.8728653291e-13 
-8.1946829766e-08 
-4.4823391363e-05 
-5.3600473671e+23 
3.9706890835e-23 
-1.1657721229e-14 
2.0132145600e+08 
-3.3718549921e-15 
-4.3621935166e+24 
1.4136936523e+04 
1.2828121078e+15 
-4.3766228089e+33 
1.6272766382e+35 
-1.2558216655e-33 
2.1365868591e+35 
-4.3483068313e-17 
-1.9105895190e-03 
2.4446917673e+12 
2.2219758035e+35 
-2.9377641728e+34 
1.0003994405e-01 
3.9213340259e+34 
1.6804352690e+35 
2.2009664917e+02 
-2.0367665470e+31 
-1.0925973654e+00 
9.4795248923e-17 
3.4730781838e+37 
-3.5780756602e-35 
-7.2843690191e-08 
2.6410558348e-05 
1.0106693049e+28 
2.6030776367e+03 
2.8497858522e-33 
-5.4840143511e+22 
-6.1520757213e+15 
-1.1477192922e+25 
4.7738886554e+12 
1.6854050550e-19 
-5.8069630321e+12 
-1.8106437665e-06 
-1.8556319814e-09 
1.1352587128e+02 
2.1542316859e+16 
3.9049274351e-17 
-5.2213962190e-03 
-1.0813111288e+25 
-1.6566891578e+28 
-2.1994136191e+28 
-3.8763718806e+17 
9.7360492188e+04 
2.4934310230e+16 
1.0108820129e-27 
4.3629498251e+18 
-2.9875638485e+00 
1.2896278118e+11 
5.4614455170e+15 
1.3350314059e-28 
-1.4437838750e+06 
4.6620673047e+25 
4.7821495044e-35 
4.7009661108e-33 
3.1563039869e-02 
-1.1776251092e-37 
-3.9963222901e-17 
2.8368903809e+03 
-8.0026715009e-30 
-2.0900802724e+12 
2.3110983893e-02 
-4.9945506184e-17 
-9.0825676800e+09 
-3.2823795282e-33 
-1.2835252380e+02 
1.3205348514e-02 
2.6404805279e-28 
3.9742187141e-07 
1.2518407440e+02 
2.2374802585e+15 
-2.3451202699e-35 
1.9964264034e+24 
6.2102433899e+24 
6.5447006854e-31 
-1.0355791728e-22 
-1.2060526672e+24 
-2.4896616818e+30 
-1.4387837952e+10 
4.2693329442e+32 
-3.0454958113e+16 
2.6552373338e-23 
-2.7056612474e+33 
-2.4631750012e+24 
2.2024982783e+30 
3.3835505019e-04 
1.6705038842e+22 
1.8891611983e-18 
8.6414340067e+22 
5.1653467744e-13 
-2.3838768005e+02 
-1.4906598954e-03 
-6.2718247518e+32 
-1.0456311523e+04 
2.3210815216e-21 
6.3370483991e-13 
-2.7369092697e+21 
-2.1054357840e+15 
-1.8470081156e-17 
6.6911778719e-34 
-1.6354153770e-18 
1.6668479000e+07 
-2.1611922134e-38 
1.1955824351e-11 
-3.3715704667e+14 
1.2945981736e+23 
6.1487332983e+26 
-6.2120697021e+02 
5.3878405228e-16 
1.0757198454e+19 
-2.0725313044e+12 
-1.2165818640e+26 
-1.3354723331e-26 
1.4835549593e+31 
5.1558085216e+26 
-1.1648096230e+30 
4.0895235874e-13 
-1.8298219396e-22 
1.8262147711e-29 
2.6335675682e+18 
2.9584249547e-12 
1.4214818265e+33 
-4.3900568569e+32 
4.3231843200e+08 
-1.3073753190e-30 
2.9275846656e+10 
-1.2802580417e-24 
1.3031139501e-09 
-2.2279007470e+37 
-3.3428219613e-03 
-7.1499895892e-36 
-5.4267573634e+32 
8.2083496613e-25 
-7.1736433050e+11 
1.8883060555e-26 
-1.0852155253e-21 
-7.1976187942e-17 
8.8469223022e+01 
1.5819713410e-17 
5.1290919729e+33 
-8.6404447818e+17 
-1.1080188592e-31 
3.1475375191e-19 
-1.3365446377e-14 
7.1960196886e-18 
-1.4406341100e+12 
7.9785287180e-36 
7.2981706556e+27 
-1.5973086742e-10 
4.4198815343e-33 
7.7645607191e+26 
-1.1139429816e-15 
-2.3870655824e+18 
-4.3826668319e-22 
1.2658473605e-30 
1.4590063099e-12 
-9.4021307147e+22 
3.9681147872e+17 
-4.5645565478e-06 
3.2938746996e-22 
-5.3505989053e+32 
-1.4561113088e+10 
-2.2416215752e+36 
-2.2407785250e+15 
1.7401508346e-24 
5.4352238933e-18 
6.0603527857e+23 
-1.4269347489e-01 
1.3366676143e+33 
5.1099231155e+19 
-4.4398704670e-37 
3.3915755607e-35 
-1.8172036098e-10 
-3.6898222954e+16 
-5.0083260456e-11 
1.4947471039e-09 
-1.4184690333e+35 
1.0597867265e+22 
-8.1093871818e+26 
3.4141733088e-14 
3.3314196658e-18 
-4.5116975499e+22 
-1.6508349000e+07 
5.3935755044e-02 
-3.3839362004e-05 
-7.8487644445e-36 
-5.1233651260e+26 
-1.0047148180e-06 
-1.3728792707e+13 
-1.2125644735e-17 
2.2615009788e+13 
1.5805591223e+37 
-4.1026778490e-06 
7.2588386794e-19 
3.5372953075e-14 
-9.7216322104e-08 
1.1792623296e-23 
8.1895737025e+26 
-1.2732094002e+38 
-2.0349427917e+17 
-7.5913381577e+00 
-1.2539355210e+28 
-9.0219322146e-07 
-2.4552715741e+14 
5.4998775403e-29 
6.8324144012e+34 
-3.0232708014e-05 
1.3231773345e+14 
-6.2224864555e-29 
3.8723294735e+00 
-6.3184667935e+12 
-2.8002664076e-10 
7.0432843366e+11 
1.0699288651e+26 
-1.9560540654e+29 
-9.2795384000e+07 
-7.5875952632e-08 
8.5622362668e+32 
5.7603324000e+07 
1.5336828151e+27 
-2.1791025678e+21 
2.1788944621e+23 
7.3382426093e+15 
-2.2682121311e+36 
-2.9559532018e-30 
2.4303881219e-06 
1.3134967224e+26 
-1.2503984608e-28 
-1.5240584076e+14 
9.9497604370e-01 
-6.9827960379e+18 
1.5613849600e+08 
1.2395531247e+35 
-4.0901605971e-03 
1.3545736831e-34 
-8.7547191296e+10 
4.8334816150e-09 
2.0881349451e-18 
1.5901354243e-24 
-5.6975944109e+22 
-3.0239171936e-32 
1.0940888364e+18 
3.7924659200e+08 
-2.4484812644e-34 
-2.1698896200e+12 
-2.9871751216e-29 
-8.3642800000e+05 
1.8634198584e-31 
-3.4905705979e-28 
-2.6173760912e+17 
3.6483833600e+37 
2.1292689568e+29 
1.7280044556e+00 
-1.6759784671e-09 
-4.4695507812e+02 
-5.3885301618e+32 
2.2626304000e+10 
-4.4252152517e-31 
4.9969408000e+07 
-1.2360935940e+27 
7.9738483794e-33 
4.2197352741e-06 
-4.9156823488e-22 
-2.9817332564e-35 
-1.6669729187e+32 
5.2343034872e+13 
3.5149244626e-12 
1.8812064081e-04 
4.4150194522e+19 
2.8153851343e+32 
4.9075543976e-14 
1.0369593557e+20 
1.2087157440e+02 
4.5362340390e+26 
3.8751440809e-29 
-1.5517149925e+01 
-1.7896498442e+00 
3.8622286141e-28 
7.7530270327e-16 
3.5282127857e+00 
8.9480778220e+13 
-3.3374609384e+26 
-8.4324625940e+12 
-1.7095165554e-25 
-1.9490965961e-17 
1.5888316427e-30 
-2.2163203031e+12 
-5.4967904000e+08 
-1.7437544813e+31 
-3.0680950700e-35 
-1.0920305064e-18 
8.5447895329e+24 
7.8618065199e-36 
-1.8659777342e-31 
3.6638328882e+19 
-1.1103692192e+17 
3.7967676642e+25 
-2.1221944408e+19 
1.7703953679e-35 
-2.8133998893e+29 
-1.7358852748e-32 
-1.6333403362e-20 
9.7752586343e+35 
-3.5009122918e-21 
-6.7171521980e-14 
-6.5314261341e-37 
5.6800547353e+17 
-1.0964731260e+33 
1.9691390000e+07 
6.7318360382e-17 
-3.2024641044e-36 
-2.2506174429e+20 
1.5764526189e+38 
-5.9696746094e+04 
-7.9386926586e+21 
1.0663261897e+13 
2.7934944493e+38 
-1.0290859553e+21 
3.8678023373e+12 
-5.4343815307e+22 
1.0421822023e-28 
-6.7868789700e-23 
6.3867295369e-16 
-7.6326999988e-05 
8.6604990382e+12 
5.6155332075e+34 
-4.1600004857e+30 
-2.5626686743e+29 
5.5328719414e-26 
2.5475467555e-03 
2.8275189586e-34 
2.8377223561e-29 
2.9578745905e-24 
4.0228059515e-03 
1.6507896156e+24 
-4.4112847597e-27 
2.5307371094e+04 
-1.8849729641e-26 
4.8816757929e-36 
-1.2723276769e-27 
-1.1404941976e-01 
-1.5136172497e+29 
-5.1009098802e-34 
-1.6034375955e-20 
5.7885670193e+34 
-2.8130398975e+37 
-7.2950378363e-37 
3.2179779643e-29 
5.7946345205e-13 
7.7525069937e-03 
-9.2249683200e+08 
1.3256483212e-14 
1.2820557459e+25 
-8.7360236234e+19 
-8.9733966064e+02 
6.1165897129e-33 
-8.8780337656e+21 
-5.9108827332e+31 
1.5730570727e-30 
6.6478380000e+06 
-4.9885022781e+12 
-5.8761902589e-19 
-1.5101516519e-35 
1.4133670782e-24 
1.0832754820e-17 
-3.7429749527e-19 
2.7400482999e-21 
-6.0613165729e-28 
9.8072738647e+01 
1.0557354243e+30 
9.5804202557e-01 
7.9656723022e+01 
4.0115206235e+24 
-4.4503717713e-31 
2.2279472000e+08 
-2.2596356460e+14 
-1.6081102475e+18 
1.2035133815e-28 
-6.4234534692e-19 
-5.4836504161e-02 
-9.3231263456e-33 
-1.9517015547e+29 
-1.3860834297e-03 
-2.2908569296e+20 
8.7701851906e-34 
4.7454255276e+17 
5.1405452394e+32 
-2.0403488876e-14 
-1.7593567874e-25 
3.9673806640e-22 
-9.2811935282e-27 
6.9996343987e+19 
4.9707843907e-14 
-6.4333796365e-19 
-1.8545064053e+18 
-1.8465868483e-13 
-2.0325327059e-31 
-9.7958340853e+19 
2.0328938177e-31 
1.3059629440e+01 
-1.2691417108e+26 
1.2926310547e+04 
-2.0518413186e+37 
-3.2923027200e+08 
1.4324373285e-11 
-2.3784770824e+16 
5.0470136416e+36 
1.3159572563e+16 
-5.4168891902e-33 
-7.9107123571e+22 
6.2607504628e+17 
-1.1441326904e+03 
-8.9657295464e+21 
6.5288187754e+25 
-2.5315772292e+34 
7.0631403923e+00 
-1.9648636052e-09 
-1.8578353357e+11 
1.3868575215e-31 
-8.7847538591e+23 
-8.7291501503e-18 
-1.6444340781e+26 
-9.8715063359e-05 
-5.4050578749e+18 
2.0295920845e+11 
            nan 
-2.2755526006e-01 
-2.3568469893e-29 
2.8181318979e+38 
-1.6990372536e-38 
-2.8089182930e-14 
6.1217142174e-28 
-8.9453500509e-01 
1.7934866285e-33 
-6.5426624000e+08 
-5.1146972314e-31 
2.5407779862e-20 
-1.6145802854e+12 
5.8209297863e+19 
6.8731985092e+00 
5.4214015751e-31 
9.2782512525e-19 
8.8535973888e+10 
1.3870806139e-15 
-2.3898938671e+13 
6.5163718546e+36 
-8.1196963787e-01 
-9.8412453964e+15 
2.9048193750e+05 
1.9752189598e-24 
3.0220406053e+35 
3.0866327876e+31 
1.4311722158e-27 
-7.2051723091e+35 
6.4558096675e-24 
5.7953980039e-33 
2.2507132000e+07 
-1.9282045755e-25 
9.9659904825e+33 
-1.0533200684e+03 
-2.4755191674e-08 
-4.6339973120e+10 
-3.0458117835e-03 
2.5793530115e+14 
-2.1870281600e+08 
2.3297941712e-33 
-8.3056711680e+09 
-4.3236576006e+20 
-2.4894415539e-22 
-1.1780802150e+11 
7.9665885733e+33 
1.4072196883e+29 
-5.6970510483e+00 
-7.3979598345e+15 
-3.5589784384e-01 
-4.9435345459e+02 
-2.7982413723e+24 
-1.4600192254e+18 
3.1504213958e+30 
-4.6343112022e+22 
-1.4866921307e+37 
2.8262524699e-12 
-7.7522358882e-19 
7.0505287601e+36 
2.4914691915e-29 
-3.6713026930e-03 
-1.5996654490e-15 
-7.5454312947e+15 
            nan 
-7.6171304221e+37 
1.3443276250e+06 
1.2723050906e+11 
7.8049602509e+00 
5.7417020756e+33 
2.1102186590e-32 
2.4584584513e-29 
4.2525236588e-30 
-1.1970807857e+13 
-1.8398886291e+20 
            nan 
1.6107825851e-36 
1.7554869141e+04 
6.8578943934e+27 
-1.1620935984e-02 
-8.2526569566e-36 
6.6873757212e+22 
-7.2703979339e-13 
-4.0080590625e+05 
-4.1727526695e-04 
1.7705546223e+28 
-1.8424621543e-34 
2.8411869141e+04 
-1.4222526000e+07 
1.8946553250e-22 
-2.2349530965e+19 
7.0151630323e+25 
7.6434334122e-13 
8.3292221012e-29 
2.1300558539e-10 
2.2537273910e-22 
9.4128402710e+01 
-3.6969627254e-03 
1.2341182000e+07 
-8.6165679234e-25 
7.7088948224e+12 
1.5550952960e+09 
1.2174639323e-06 
2.8157397773e-26 
8.7646874289e-22 
1.1325100333e+18 
-2.3534467561e-13 
3.3301304856e+29 
5.6251117009e-21 
-1.7618634701e+00 
-2.6419628546e-20 
-8.1059597767e+27 
2.0638931536e-11 
9.7975708189e+17 
2.9128952014e-20 
6.5683192000e+07 
-1.0994112250e-13 
-3.0630702080e+09 
-3.9848973975e-03 
-1.2128335360e+09 
4.3566561420e-27 
-1.1818791076e+12 
1.4638468201e-05 
7.1950567211e+14 
-5.6443729622e-27 
-8.6953341961e-01 
            nan 
1.4669934671e+28 
5.6782991588e+18 
-4.1361493197e+11 
-4.9890193750e+05 
-3.8812052462e-22 
1.0035856699e+37 
-7.6176735417e-26 
3.2003475200e+08 
-4.2981575632e-08 
5.1589207713e+14 
1.1943193960e-20 
-1.1406086385e-01 
-8.8781891830e+26 
-1.6156385096e-20 
1.6457355756e+12 
1.1901136895e-04 
-1.6128795661e-24 
-3.6244742188e+04 
-1.5094864454e+35 
-9.6176091722e-14 
-5.1724886256e+18 
2.2056149292e+02 
-1.8352789339e-03 
4.4209904834e-12 
2.2807338867e+03 
6.6152836429e-17 
2.0231893811e+12 
7.2684350085e-19 
-5.3586758516e+27 
1.6914899349e+00 
1.1743305624e-01 
1.3434320060e+13 
3.4801880748e-38 
1.5069685547e+04 
-3.2733417470e+21 
-1.4491292349e+37 
-1.4708418803e-06 
-2.8983873129e-01 
-8.3354550000e+06 
-3.8336708081e+23 
8.3874667913e+21 
-1.1545741388e-23 
-1.2586816544e-26 
5.1593489016e-30 
-2.0120978990e-26 
5.3110163200e+08 
-2.1328725036e-26 
-1.8297650814e+00 
-5.8795537671e+18 
-1.2435224056e+00 
3.5108955689e-38 
-2.0552648046e+32 
-1.1105568015e+35 
-5.3170129337e-20 
-4.8213079834e+02 
-3.4383958578e-01 
-4.1513803317e+13 
-1.0538340800e+08 
4.9795854837e-02 
-1.0633370585e-18 
3.3198400000e+09 
-4.6920811520e+09 
-3.6590117908e-20 
5.9937244415e+01 
5.1054630358e-13 
-8.5065216064e+02 
2.1023207680e+09 
-7.4720793464e-07 
-5.8664274595e-36 
8.6239723206e+01 
-4.5454068000e+07 
5.1045018212e-10 
-1.6714745507e+21 
-1.1841517257e-30 
-9.8262378038e-25 
1.6461334893e-32 
7.4962066359e+27 
-1.0374695375e+29 
1.0301846225e+21 
-1.0205196288e+10 
1.4714045525e+01 
2.4292888654e-36 
-2.9192035198e+00 
2.7647824554e-15 
-5.1955231625e+24 
1.8109635114e+16 
1.1333931568e-36 
-2.4636329733e-35 
-6.4783959040e+09 
1.5389737673e-02 
-6.2359079915e-34 
-1.7558801119e-05 
5.3811024412e+20 
4.3209887066e+35 
-8.1048428873e-14 
-2.2578795976e+17 
-2.4721964041e+17 
-9.9047216113e+34 
-2.4868165574e+23 
1.7039566592e-04 
-1.0582279647e-03 
-1.6360889606e-30 
-2.6537219637e-17 
1.7725878753e-18 
-5.0775695950e-32 
6.8654445363e+11 
3.6819660528e-20 
7.7049401139e-39 
-5.0234540032e+11 
1.6474044707e-17 
-3.6193936157e+02 
-3.4235564978e+22 
-1.1356556536e+20 
2.5315089226e+00 
2.7009631700e+22 
-3.3914755223e+31 
-2.1669387076e+29 
-4.8655335144e-22 
3.1148643650e+15 
9.9163774414e-11 
-6.9754982361e+21 
2.6409770362e-03 
8.3593052938e+27 
2.7677784053e+27 
2.8828028528e+14 
-2.0683712416e-28 
-1.2186481575e-27 
4.5910070000e+06 
-6.3150677350e-20 
-8.0806409172e+23 
4.2906859468e+37 
2.8917408891e+32 
1.1225499884e+37 
-8.4450135059e+20 
4.3717022648e-24 
-3.2641023397e-01 
-7.2225637436e+00 
1.0196264387e+17 
-6.2759052734e+03 
-5.4961435497e-02 
6.0938570852e-28 
-1.1505673484e+38 
-7.6715763445e-16 
-3.4703438831e+17 
1.5511422729e+02 
1.5380494101e-10 
-2.6854971802e+11 
-1.4919170785e+13 
1.3720502723e-17 
-4.4312242188e+04 
6.5236315918e+02 
3.6522032942e+14 
-1.5977216000e+10 
1.8098136807e-38 
4.5649082277e+33 
-1.6577188944e-05 
1.0465974140e-22 
-2.0163513184e+03 
1.2847678000e+07 
-7.2425590518e-36 
-1.0270916536e-14 
-1.3636580817e+23 
3.7058494187e-22 
-5.1274262366e-30 
-7.2304593959e+22 
1.1684872627e+01 
-3.4213493014e+17 
7.6524973433e+32 
6.7100283923e-04 
1.1630492759e+30 
-5.4565725545e+16 
-1.8883296204e+02 
-8.0802362430e-35 
1.5859218845e-20 
-1.4794994335e+26 
-3.9178001881e+00 
-4.3599902489e-21 
6.5297883932e-21 
2.9833124161e+01 
-2.0902597431e-09 
9.0808790911e+36 
4.3743836800e+08 
9.2530605616e-04 
3.9084301520e-26 
-1.1791920057e+29 
4.0905355127e-04 
-1.0159309993e-15 
-4.8392538112e-15 
-4.7002868000e+07 
-1.7069161369e+14 
-9.2006084742e-04 
-8.7280196494e+32 
7.6006960981e-16 
-3.0721619141e+04 
-2.4948837880e+30 
-6.1621062070e-21 
8.7535948884e-20 
-1.2633563251e-38 
5.5624103493e+30 
-1.1535173084e-30 
1.2201925367e-01 
5.2250315981e+11 
9.4804145813e+01 
1.4856129797e+38 
6.8440805023e-08 
-1.1392773207e+14 
-2.7291198730e+02 
3.2669145167e-10 
2.4410883927e+33 
2.3684137300e+32 
-5.2938480000e+07 
-6.8763333559e-01 
3.9702738281e+04 
1.0891793213e+03 
-2.5650377911e+29 
1.4569510847e+24 
-9.5074972300e-27 
-2.8569545806e+32 
-5.6137845708e+32 
-3.2063230213e+19 
-8.4947448627e+13 
6.0934828379e+14 
6.7164467780e+33 
-9.8891728970e-38 
1.0814101836e-09 
-1.6673256742e-12 
5.9920642853e+01 
-1.0792308781e+17 
-1.2934378496e+10 
-1.2227621120e+09 
7.2603681241e-33 
-3.0273941652e+32 
-4.9773970246e-01 
-7.2071005264e+28 
-4.3189274278e+25 
1.1245061842e-06 
1.0086081983e+18 
-4.5293946141e-31 
-8.5570728963e+31 
-3.0953924325e+26 
1.2103872107e+22 
-3.7789071808e+24 
-6.0298654716e-04 
4.1629275000e+06 
1.4646750712e-32 
2.9522193472e-06 
1.9707885056e-20 
8.2102766678e-29 
2.2726412863e-02 
2.8604748759e+38 
6.5331978476e-06 
3.9874335926e-05 
6.7629577245e+16 
-1.3339813478e+12 
3.0108151808e+10 
-5.0061650356e-34 
2.1940092000e+07 
1.6363237660e-28 
4.1882763803e-32 
1.8152835190e+37 
-9.8003386335e+23 
4.2458887850e-28 
-8.0435523780e-24 
4.6063126921e+37 
-5.6030096118e-08 
-1.3213885149e-21 
1.0092891426e-36 
-1.0114452187e-15 
-1.2733867166e-16 
5.1154677734e+03 
5.7890181537e-09 
6.2029197940e-24 
-1.7610287350e+12 
1.1683358154e+03 
7.9885194354e+31 
1.4955460690e+12 
9.6013412498e-11 
-4.9837300181e-01 
2.8614546424e+13 
4.1820075651e-23 
-5.7243224725e+20 
-1.9218997614e-38 
2.7554349133e+38 
-1.0968098457e+33 
1.3769469261e+01 
-1.1603686523e+04 
1.6655263858e+34 
-2.2053941414e-16 
-8.3575543048e+20 
2.5645864069e-36 
-1.8034451963e-31 
-1.2934910541e-14 
            nan 
5.7866355918e+27 
-4.7693795147e-33 
1.4791885510e-33 
2.4701392886e-34 
-2.4860983296e-30 
1.0745681255e-11 
4.8445246094e+04 
3.1508188197e+23 
1.7235725651e-12 
-4.9608957678e+32 
1.5262367385e-17 
-1.1757096324e+14 
-9.1008603611e-35 
9.5130314282e-24 
-2.5149915928e-08 
-6.7430493703e-32 
1.5446484089e-02 
-2.0197916547e+23 
-2.4497632387e-22 
-1.5045390625e+03 
8.2703810560e+10 
9.1488386862e+14 
-5.9183306672e+35 
-5.1087306446e+33 
1.9566608530e-26 
2.4262805448e+14 
-1.2122372869e+26 
-2.1503996648e-37 
-1.0805093600e+08 
            nan 
-2.6877144896e-36 
7.6729270000e+06 
1.0088003666e+13 
-5.6298025236e+30 
5.3850501821e+16 
-4.8253746094e+04 
4.4452604000e+07 
-8.0380370370e+31 
-3.0852921671e-13 
-6.4386740782e+33 
-8.2662064580e+25 
-8.0673684776e+37 
5.9314990080e+09 
-1.8869229251e-19 
-1.4652201855e+35 
9.1093353271e+02 
-1.9064735568e-07 
1.2129810596e+26 
3.5014253136e-38 
1.6767420654e+03 
-5.4292807646e+26 
-2.3159741603e-16 
-1.0967251968e+10 
1.4080312062e-16 
-2.8172871470e-01 
-5.3469003530e-11 
-4.8217935788e-37 
-3.8737613520e+33 
1.1692264680e-32 
1.0870317500e+06 
-2.4320079299e+12 
-4.3874040000e+07 
-1.3491663531e-31 
8.1261076429e-36 
1.2826438248e-01 
5.6445347582e-05 
-1.7635370255e+01 
8.0146838323e+11 
-2.3423785344e-02 
1.7711405896e-37 
-3.0476920811e-33 
-4.5770713608e-11 
-9.3486430382e+21 
4.6029408000e+08 
-1.3393315159e-23 
1.7823117500e+06 
-7.5438588709e-09 
-5.4270123733e+18 
-1.9120261507e-36 
2.7747684150e-09 
1.5043760300e+01 
1.6148904295e+28 
1.6657880564e-37 
1.1459408328e-02 
-1.4467902000e+07 
-2.7082956896e+29 
1.1733435358e+35 
-7.3571575498e-09 
2.4161468547e+13 
1.7241358855e-31 
4.2819052734e+03 
-2.2476680756e+01 
-1.1400862781e-26 
1.8868363865e+23 
4.7108932328e+36 
-7.9121880618e-20 
1.4309922590e-38 
-1.5246791190e+36 
-4.6846426780e+31 
1.8050225846e+36 
4.3581638400e+08 
3.5280242188e+04 
1.3478746291e+38 
-7.4488401558e-11 
2.4312406743e+21 
-4.6246520725e-38 
-3.8266326301e-03 
-1.5382910714e-23 
-1.1216221377e-02 
-1.5031573400e-33 
-2.1555049267e+11 
5.7597449049e-03 
2.0237346155e-23 
2.9291139072e-05 
4.1596793651e+11 
2.0009912262e+36 
-3.0449374480e-18 
-3.4468618342e-38 
-1.4469099697e-03 
2.6549793750e+05 
2.2820556445e+24 
2.9249228221e-16 
3.3434155000e-08 
-1.7685953271e-38 
3.6542160086e-14 
9.2181311865e-17 
-5.9238887208e+34 
-5.8445864986e+32 
1.7898266961e-13 
1.8514763269e-06 
4.3751583765e-30 
5.0369297622e-10 
4.9292041159e+32 
-9.5288940000e+06 
-1.3778345131e-09 
-1.8578487637e-09 
-2.9623688897e-04 
-7.9416214231e+27 
-1.2292887194e-11 
-2.0698657497e-22 
1.0844665823e-13 
4.3542837476e+34 
-7.9457473204e-22 
3.1818152869e+35 
5.3285820811e-27 
1.4641410914e-12 
-2.2486484347e-15 
2.4160776367e+03 
-1.3887697638e-18 
-1.6336759288e-38 
-4.1365687258e-26 
1.4935394722e+37 
9.8587840114e-08 
-2.8749812811e-37 
1.7950456509e-34 
-2.1695796548e-10 
2.0263432816e-04 
-1.8206944041e+16 
6.6500372314e+02 
3.5863598307e+35 
-6.8186358345e+22 
4.5205145143e+19 
-1.9134214875e-16 
6.7728468750e+04 
-9.5230684383e-04 
8.9832243252e+30 
1.9030936592e+19 
5.3593842538e+29 
1.0270140000e+07 
5.6883057367e+23 
4.9191416627e+11 
1.6171666279e+22 
2.5672203365e-33 
2.0251365006e-01 
5.9802389707e-09 
-1.2620159388e+00 
1.1499867981e+19 
4.9726287284e+37 
5.5483027456e+10 
3.8027088425e-34 
3.7678400010e+31 
-6.1076044225e-37 
1.4231541069e+20 
-7.1614629241e+35 
-1.8415401932e-25 
5.7983960799e-29 
-2.4985857771e-22 
-3.8379761236e-07 
-1.2899262365e-03 
3.5369676352e-01 
1.4663435547e+04 
-5.8976150042e+25 
-1.2568462817e-27 
-1.1131762208e+18 
-4.5122704953e+14 
-1.8755039188e-10 
-1.6071614000e+07 
-1.0341528000e+08 
-3.0548314582e+34 
1.6730052885e-03 
3.9000836812e+26 
-7.8992746450e+16 
2.4618352763e-03 
-2.1940552915e+33 
-2.2433483166e-33 
-6.2056630000e+06 
-3.3924344958e+19 
-8.3502616730e+17 
-2.6736956897e-06 
-1.9401588361e-04 
-8.8168960065e-03 
1.4942987631e-30 
8.2067358652e+31 
1.2357241860e+19 
3.1120463867e+03 
3.3286648539e-21 
1.9043281752e-18 
2.1362260831e+32 
1.5600265896e+30 
-4.2426548567e-18 
-1.5498945461e+32 
1.1517714432e+11 
8.6749769252e-06 
-3.0486409592e+19 
5.2896595758e+14 
1.0484042020e-12 
-1.4907466478e+36 
-4.9316828653e-19 
2.0406041313e+12 
3.0482037801e-06 
4.4193083481e-22 
2.2085986824e+20 
-5.4688373900e-24 
1.9425113600e+09 
-3.7395587683e+15 
5.7949217450e-34 
-5.5067135046e+36 
-4.9392326355e+01 
1.7375208423e+28 
3.2959229952e+10 
3.7976940931e+37 
-1.6137364597e-28 
-9.1881855469e+03 
6.2727227958e-31 
-5.1016233145e+17 
3.8434164821e+31 
-4.7551091436e-20 
2.3456963224e-36 
-4.7830456320e+09 
-1.6837804306e+34 
4.8621058392e-29 
1.6270855373e+11 
-9.4022976072e-09 
-2.7387825749e-25 
5.2271030000e+06 
1.8429099506e-30 
3.7411001284e+22 
6.5443748129e+16 
-1.5059190860e+33 
-1.7866387463e-28 
1.2283727861e+22 
-4.0784026420e+37 
-3.5188735259e-10 
7.4922069907e-02 
8.7468865484e-10 
1.6441507453e-28 
-1.4572746506e+37 
2.7073349775e-38 
-7.7884677734e+03 
2.3576137570e-11 
-1.2464148458e-03 
3.7177338867e+03 
-2.4898524284e+00 
1.0546019035e+17 
4.2354817119e-17 
-9.5811794244e+22 
1.2471499162e+11 
3.6069747230e+19 
2.1790031372e-38 
3.8311804977e+23 
8.5590572247e+23 
-2.0218498132e-31 
-8.1122820461e-08 
6.7143886895e-08 
-4.2040560844e-26 
-9.1340083941e-08 
-1.8794152656e-33 
-2.2117125330e-21 
2.0791051411e-21 
-1.2259654401e+29 
-3.0049270417e-21 
1.8480148307e-26 
-2.9283530654e+36 
9.9962739944e+00 
-9.3535535137e+29 
4.8845805823e+20 
1.7929082000e+07 
-5.6985304691e-03 
-6.0151127400e-04 
-1.1789232091e-10 
5.4145820021e-25 
1.1904531141e+20 
7.0710426331e+01 
-5.5641150936e-17 
-7.9802973133e+17 
-8.6684119240e+27 
6.1673035816e-06 
7.9159933686e-29 
9.0747664298e-33 
-8.1046726942e+17 
1.3536181641e+04 
-4.1251289413e-31 
5.2296428680e+00 
1.1582061140e+15 
-3.4556267786e-22 
-3.6071311411e-13 
-1.0706900679e+21 
-2.5302079904e+26 
1.4098235712e-27 
-2.2003295516e+27 
-5.1456775222e+34 
3.0625732101e-20 
-2.6045375861e-15 
-5.3553227709e-25 
-5.8791705785e-31 
-5.1550581366e+34 
-1.4042870559e-16 
-9.6643252739e+30 
-9.8447964002e+36 
-1.2697955169e-30 
6.5142902184e-10 
7.7929312309e-12 
3.1280668160e-12 
-1.5380734908e-07 
-1.8874013388e-22 
4.5887449282e+19 
-9.1877471564e+20 
-3.7171195541e-31 
2.4315278578e-35 
2.4445374573e-25 
5.7461270675e+36 
3.1460382910e-11 
-1.2819550875e+20 
-1.0701889057e-17 
1.7238609137e-15 
7.1110040079e-10 
8.4610447355e-26 
-5.5966208885e+14 
-3.5503314209e+02 
-8.6296423858e-36 
8.0324823590e-35 
2.5439897525e-27 
-7.1318257009e+12 
1.3359564470e-34 
-2.4011965449e-34 
-1.6417325991e-15 
2.5735225901e+38 
-3.0768291918e-30 
-2.6394234576e-37 
9.4875916476e-14 
-7.2315151556e-06 
-1.0204900653e-25 
1.3247128000e+08 
9.1948241509e+27 
-1.2676529198e-30 
-1.6240690136e-29 
-7.9002074776e-16 
4.3903415747e+13 
-7.7640662168e-23 
-5.7340152000e+07 
-4.8593157403e+20 
2.4528514082e+20 
-1.0277061229e-30 
-4.0485956499e-37 
8.7415238970e+26 
-1.0897404430e+15 
3.2412839147e-24 
9.2740631830e-37 
1.1607289449e+24 
6.1950431824e+01 
9.5929504340e-09 
2.0752100945e+00 
3.3672208919e+32 
1.9482125854e+02 
1.4393108957e+27 
1.5991560853e-10 
-3.0534148543e-09 
1.1862676231e-36 
-2.7452638670e-37 
1.8029042358e-27 
-7.9242431145e+27 
-6.2330066973e-30 
3.6819719852e-18 
-2.1162550988e+19 
-2.0392931534e+15 
-2.2006413183e-20 
1.2177448438e+05 
-2.6875130616e+25 
-1.2067263184e+03 
-2.3431848989e+32 
4.3456436833e-04 
2.4571592704e+11 
3.6573691522e-16 
-1.3529423403e-34 
-5.9461880000e+07 
-1.1039821854e-21 
-1.1354160961e-03 
7.5195947603e+30 
9.0552127361e-01 
2.4881344604e+02 
5.5219298067e+32 
-7.2075499520e+09 
5.5438223343e+23 
-1.1973132340e+14 
9.4565181035e+28 
1.3846690030e-20 
2.1324658516e-35 
9.0970054751e-17 
-7.9465496531e-26 
2.6574460000e+07 
-9.7475723529e+35 
-3.8997026367e+03 
3.8170521070e+30 
-3.6881827674e-19 
-2.3643609136e-02 
-7.1797435725e-36 
-4.3709578676e-06 
6.3742030761e-05 
1.0429938674e-34 
-5.5327123091e-12 
1.1566325684e+03 
1.6160599881e+25 
5.5841588552e+34 
-7.7219478786e-02 
8.0223552883e-02 
-1.4948880498e-37 
-2.5348733401e-32 
-7.2986092725e-09 
-3.3188052475e-04 
-2.2766273289e-24 
-9.5293955520e+27 
9.9971725344e-19 
4.6386182578e-33 
2.1620490240e+09 
7.7483470891e+17 
8.5792701051e+34 
4.0907799417e+25 
-4.9231005073e-37 
-9.4210341511e+31 
1.0999185411e-38 
-6.0426696849e+26 
-3.6968264006e-09 
8.8437138380e-18 
-4.0561024178e+35 
-3.1113184507e-36 
-5.7454411690e-31 
-1.1967865541e-35 
-2.4048118618e-23 
-1.4745139223e+19 
-1.0024479544e+25 
-3.8432077251e+12 
8.0361831665e+01 
1.4410903125e+05 
9.7240301500e+33 
-1.5858575996e-38 
2.9987486252e-31 
-3.9000232080e-13 
3.8131800107e+14 
-2.2398842859e+16 
3.6043716755e-33 
8.4611743418e+29 
4.0603846572e-28 
9.1506816013e-11 
-6.8642772211e-33 
1.3223064780e-34 
-1.8829832698e-05 
-9.1083105894e+11 
-3.5593169279e-22 
-7.5662423236e+32 
1.1828123256e+33 
1.0466165067e-26 
3.7237403393e+00 
-7.8657737732e+01 
-1.2907994209e+17 
3.0152129627e-36 
5.3544136949e+32 
2.9597576657e-30 
1.6918483745e-27 
1.9894007156e-20 
-2.3879094481e+31 
-1.6666769025e+36 
8.3048585370e-12 
-1.3444368503e-13 
5.2245624144e+27 
9.7995279635e+36 
2.8569534442e+30 
-4.6850027382e-28 
3.8235341199e-03 
1.5034776974e+19 
-9.8215702311e+32 
-6.8840346363e-32 
4.2902238667e-02 
6.6720186915e-34 
-1.6192127134e-21 
-8.2260626755e-08 
-1.3095064453e+04 
3.9289536133e+03 
-2.7179749376e+10 
2.5599510593e+25 
-8.8682789356e-03 
-2.6883897600e+08 
4.3230322266e+03 
-1.1171254229e+15 
-2.2109083200e+08 
-3.0872932188e+12 
-1.6378422316e+21 
3.7177946404e-14 
4.8696299928e-05 
2.2691350748e-38 
-3.2291648806e-17 
4.2505119798e-28 
1.4489449185e+36 
-4.3582542089e-14 
-1.1367267390e+26 
-2.8273960948e-01 
1.4341566157e-06 
-7.4998071222e-24 
-2.6558771148e-26 
4.9025879839e-29 
-5.7690820956e+19 
-2.7597785124e-18 
-1.6076007796e-06 
-9.4948475681e-26 
-1.3292670597e-36 
-1.5059458732e-35 
3.2237457588e+17 
-3.6791593206e+12 
2.1606330242e-24 
9.8711431794e+27 
3.4783316355e-34 
-2.1591959838e-30 
5.2581700348e+24 
-1.6272013813e-33 
-2.3997623902e-35 
-1.9486603264e+10 
-2.4065051911e-24 
1.8932269442e+18 
-1.8759498438e+05 
-2.0906402754e-23 
1.9077986479e+00 
3.3245808516e-21 
4.3750822173e-38 
-2.0955337731e+21 
-1.5347454847e-35 
-2.5571611553e+27 
-2.3224401606e-28 
-1.6094289235e-09 
3.2504678973e+12 
1.8790526892e-28 
-4.0361545584e+32 
-1.0649645018e-36 
-2.8812175582e+28 
-4.4365397735e+29 
-9.7970530597e-16 
1.1496982495e-29 
-2.0096133926e+38 
-1.4101693120e+38 
-5.3022142500e-02 
-1.7984048695e-09 
2.5418770456e-33 
-1.5583863160e-06 
5.6763606630e+11 
9.0862103271e+02 
-7.6960013726e+34 
3.9924181998e+20 
-2.0772710345e+19 
-1.5864544040e+18 
1.2022387337e-26 
-6.2421756000e+07 
-7.4449444209e-15 
-1.6105483400e-15 
1.2218036065e-14 
-2.0651420713e+35 
2.1323826765e-13 
-1.8942397301e-27 
-6.6430869824e-19 
7.9714673696e+27 
-4.1780431638e-04 
9.4999681003e-36 
-5.8005842100e+31 
-3.2056393449e+20 
-9.8635422037e+17 
-2.7285371185e-10 
1.5471723113e+36 
2.2109697332e-26 
7.4087966371e-21 
-1.7493914419e+11 
-1.1252331132e+16 
-1.5270215995e+14 
-1.5124496707e-12 
-1.3808290497e-35 
3.7483024337e-39 
4.8383595408e-21 
3.3598672455e-11 
4.1472027043e+15 
-2.2618053267e-22 
-1.6295942477e+33 
3.7916712761e+00 
1.4191667533e-34 
4.2758599664e-33 
4.9841159484e+34 
7.8018738013e+29 
6.8623934914e-33 
3.0632719710e+36 
-8.4544716037e+30 
-2.1512588327e+25 
-1.3751096875e+05 
-1.6488066482e+25 
1.7960422855e-31 
-9.6591707165e+29 
9.1533620434e-05 
            nan 
1.2588940583e-19 
-2.5625971012e-37 
7.2841369438e-13 
-1.2136898041e+01 
1.4650141645e+37 
2.9092470356e+36 
5.7724469588e-35 
-1.3296481196e+20 
-4.1245280286e-31 
1.4772595677e+18 
-1.4534310547e+04 
8.6724170811e+27 
7.9629379272e+01 
2.7961468000e+07 
-1.0857011287e-25 
2.4300419454e-07 
2.9188594818e+01 
-7.4464038400e+08 
-4.2984781743e+24 
9.7414003023e-30 
-8.2091315580e-27 
7.8810751047e+24 
            nan 
-5.8017008007e-02 
-1.4709712984e+36 
-5.3416512603e+20 
-4.7412134016e-36 
1.1041889059e+13 
2.0344150262e+17 
7.1217121089e-09 
2.1813732049e+13 
4.4181514879e+13 
-4.1828078336e-33 
-3.2283220520e-38 
-4.7451044537e+20 
-3.8209526367e+03 
-3.1135524973e+18 
1.4256881597e+26 
-1.7651409821e+24 
1.1472349252e-38 
-4.6837242188e+04 
4.9349361391e-33 
1.2344740629e+00 
-4.9761755333e+13 
5.3974412988e-28 
2.6136576362e-17 
1.1009013365e-22 
-5.4495712534e+29 
6.0428214915e-30 
8.0030327102e-26 
2.8733672660e+16 
9.1721460325e-16 
4.8225474740e-23 
-3.8719624905e+28 
-1.1712311537e-24 
3.9746246094e+04 
-2.2451189760e+10 
1.2330474458e+14 
4.8077388763e+01 
2.3342740091e+17 
-2.6629063487e-01 
1.5397276878e+01 
4.1601440175e-12 
-7.5414113819e+34 
-4.3667497373e+18 
2.2383637657e-36 
3.8148239550e-29 
-2.9317966015e-20 
-3.3966494811e-05 
-2.2791849147e+36 
3.9463770585e-16 
1.0720801770e+30 
-3.5473437500e+06 
-1.0938673768e-05 
2.2401254116e+38 
5.2453787986e+14 
3.7108004761e+02 
3.0906347092e-03 
3.1824334884e-31 
-6.8014695835e-24 
-3.0722203731e-23 
-7.9156964918e+36 
-2.3116188807e-18 
-4.3953898907e-37 
1.5480109103e-38 
-6.7233056163e-23 
1.7655564880e+02 
-2.8437682249e+24 
-8.7318932567e+34 
2.0168398321e-01 
-6.2257481158e-35 
-4.9637765020e+29 
1.2356014404e+03 
1.6163466498e-02 
-1.8498996169e-36 
2.1429150054e+17 
-6.9643058777e+01 
-6.8173728884e-09 
5.4971593750e+05 
-3.8704869151e-01 
4.6209764531e+14 
-2.7488052376e-26 
-1.1600186783e-10 
1.7180798000e+07 
-2.7555277356e-32 
4.3013956686e+33 
-3.6298134400e+08 
2.5397273228e+22 
-5.1105371810e-38 
-7.5325937352e+30 
-1.7732773093e-31 
9.0954320517e+33 
-2.5849139503e-15 
1.7706688530e+15 
-5.3446814924e+18 
1.7708500222e-09 
5.1049468800e+08 
-2.7584378399e-14 
5.1496134403e+31 
-2.3318173771e-04 
1.7188072526e-13 
-5.7635952797e-34 
-7.6560492188e+04 
-9.3100657687e-03 
-1.8517092713e-06 
1.5574731200e+08 
4.4323377109e-18 
-8.5367437234e-31 
1.4789396084e+14 
-6.7098043818e-21 
-7.4600377094e-22 
-1.0097383428e-37 
2.9841409271e+32 
9.7941125139e+20 
8.0769677500e+17 
3.2849510237e+31 
3.6168529095e-27 
3.4329134083e-32 
-3.7553951263e+01 
-3.7041147130e-34 
2.2351408066e+38 
-4.2335459234e+24 
7.5340876579e+00 
1.9897041692e+19 
-7.0097435389e+16 
-8.8665177600e-07 
-1.0201963325e+15 
-2.0608206766e+12 
1.0128663773e-37 
1.8797860024e+35 
-3.6776273814e-33 
-1.5130468377e-36 
1.6682816204e-03 
3.4234829950e-27 
7.3228482506e-05 
-3.9123901367e+03 
-4.6720001412e-17 
1.0261085368e+33 
1.4191513841e-30 
-5.6559970772e+17 
-3.9426061175e+17 
2.1360987797e-02 
-5.2326599703e-31 
-1.2674739920e-32 
-2.5429020193e+30 
1.6123674191e+18 
-5.1263191090e-32 
-2.1122478244e+27 
-4.9826689822e+20 
-1.3537240641e+22 
1.3162422192e-06 
1.9793104059e-13 
3.5598558119e+19 
5.1985294677e-24 
-1.3820211792e+02 
5.0625948256e-33 
4.5870463349e-19 
-1.1957588653e-27 
-7.5911401993e+31 
5.6544737956e+22 
4.1025324800e+08 
2.3950791350e-10 
3.8012285259e-31 
1.0030903308e-30 
-2.7084268168e-20 
-9.7839290399e-22 
1.5708321310e-09 
4.0988768941e+30 
3.7228907458e-03 
5.9772668000e+07 
2.1538269315e-35 
-7.7671245322e-31 
1.0350703991e-13 
1.1591353063e-29 
-1.2469307521e+35 
1.3184418695e-31 
7.6816316406e-22 
4.3301121617e-36 
3.3619361777e-31 
-1.2543350419e-13 
-2.1281463258e-09 
-3.0131717586e+18 
-1.4128416443e+02 
-1.0778469081e-22 
7.1812353467e+18 
-5.9320095119e+27 
-2.2023872101e-36 
-2.5909719723e-14 
2.4158513600e+08 
1.2799494554e+11 
-5.3719030825e+13 
1.0862738340e+38 
1.6285933256e+00 
-4.3316566796e+34 
-1.4207691200e+08 
-1.0072425542e+22 
-1.8578394083e-03 
2.5148609798e-14 
5.4397091844e-06 
-1.3309808859e-35 
2.4485822546e+26 
1.6357072045e+23 
1.7001502465e-32 
-4.8086314526e-14 
3.0351742000e+07 
3.1500569874e-27 
1.8873213530e+00 
1.8742147531e-28 
-3.2122818939e+28 
3.3721381542e-38 
-1.3873876469e+36 
-2.0070470476e+21 
-2.2981611546e-03 
6.2723597937e+19 
-4.8141715300e+18 
-1.1701936739e+32 
-1.8436397466e+12 
-4.5771561541e-10 
-3.9305062497e+16 
2.3813269134e-09 
-6.1708482235e-07 
-2.4819449881e-12 
5.0122021174e-31 
1.8697145712e+26 
1.9200070528e-03 
5.2574831097e+23 
6.9345436340e-23 
-7.1822406370e-34 
7.5105717914e+29 
1.6035242312e+12 
-2.0905562617e+17 
-2.8857323071e+37 
1.3404522906e+11 
-6.0878833553e-19 
-4.5700693590e-05 
8.7856315379e+26 
6.7404495526e-18 
1.7420819093e-17 
-4.5968091098e-28 
7.6322540009e+37 
1.1138644050e+12 
-1.0937863373e+12 
-3.4597333274e+15 
3.0547873047e+04 
1.2341004517e-17 
-4.9538693855e-24 
-3.4102802292e+19 
-1.4222027200e+08 
-4.8949238658e-01 
5.3511392080e-36 
-1.8605394669e-17 
2.1041906449e-16 
-2.5248258114e+00 
-3.4012074485e-28 
-1.5910582542e+01 
-2.4919165090e-15 
-8.4832511947e+24 
-9.3122609549e+19 
5.4817911237e-02 
2.0068984632e+14 
-2.4140901253e+12 
-2.0200545654e+03 
-1.4525225923e-21 
-2.5356289484e-20 
-2.5928214053e-29 
-3.8912127547e+30 
4.6275536205e+18 
-5.8523621299e+35 
-2.8345792294e+00 
1.0058108420e+26 
1.0127848076e-28 
6.0766746094e+04 
-2.3169309616e+01 
-1.7374627514e-33 
1.3983029366e-37 
2.7895833725e-36 
-4.4254237032e-35 
-5.1904921333e-11 
4.3847420000e+07 
-2.2013666649e-29 
2.0120703714e-10 
-1.0455549219e+05 
-9.3742153295e-38 
1.2253580639e+25 
-8.2492223009e-03 
-1.5641306609e-12 
1.6775268794e+13 
-1.5172045893e-33 
-2.1482279731e+11 
1.6485093161e-02 
8.4272944068e-34 
8.6874370575e+00 
-1.0157081339e-12 
7.0419655713e-18 
-8.1403737084e-09 
2.5493492255e-38 
2.4647925220e-37 
-2.8266654226e-06 
-2.9344996061e-36 
5.6745290756e+00 
-9.8784471299e-28 
4.2500179412e+19 
-2.4607661991e-36 
4.1224282195e-30 
3.5183470573e-06 
1.5131650820e+18 
-2.5036283200e+08 
-1.3821834327e-32 
-1.5448031016e-02 
-3.3916297812e+31 
-3.8171511922e-24 
-1.0308621492e+33 
4.3909412384e+01 
1.3300192042e+31 
-1.4487100224e+29 
8.2865008148e+12 
-1.1229351257e-14 
4.0114996200e-29 
8.7408023962e+11 
3.5707594664e+21 
4.1902307478e+27 
-3.9956332642e-20 
3.2002042880e+09 
-4.1649197120e+25 
6.3490498333e-21 
-3.4884638347e+17 
-5.5244377136e+01 
4.5330181705e-35 
-1.5043514404e+03 
-2.1312380574e-38 
-3.2844236966e-20 
5.2099374405e-34 
-7.6233285666e-01 
-1.4095847203e+28 
5.3606486202e+28 
-2.8225792404e-14 
3.8978211592e-07 
-7.7742865842e-31 
1.2587559703e-34 
2.6049477853e+28 
-2.9970221318e+18 
-5.5598100857e-14 
4.1249796875e+05 
-6.0863704307e+35 
-1.0828032505e+34 
7.2266261668e-06 
-9.6053193750e+05 
8.2425030400e+08 
1.1801305997e+28 
-5.2147679119e-30 
1.0417773155e-03 
2.6169528809e+03 
2.9656907722e-25 
6.1263177276e-16 
1.9724963233e-02 
-3.6390956235e+22 
-1.4715792225e-34 
8.2878529124e-19 
-1.1796726612e-03 
9.0506226827e+13 
-2.5770969092e+31 
-7.4109823901e+16 
-5.8157428736e+10 
-1.7660590947e+29 
5.5034465731e-06 
-1.1009026156e-11 
2.8539384237e-34 
1.8777638404e+29 
-4.4706416197e-29 
-8.4074285523e-34 
-1.5098316343e+21 
-6.3155314237e-23 
1.6891575296e+10 
-6.1379758687e+37 
-1.9474068275e+12 
4.2375083392e-38 
1.2204360046e+20 
5.8256456396e-04 
1.7560691128e-13 
1.9046383386e-04 
-1.3201152989e+25 
1.0883058366e-07 
9.3475157339e-16 
3.8458616555e+31 
-2.3484711975e+29 
7.4143499085e-16 
6.1804212185e+28 
-9.7240155181e+24 
1.1852878750e+06 
6.7258074523e-06 
-5.5695736832e+11 
2.7708127975e+01 
-1.1815298834e-38 
-1.9243475213e+18 
8.4175438131e+18 
-4.9933488481e-03 
-2.3529117500e+06 
-2.4930055680e+09 
2.0825028374e-14 
-4.3130600602e-07 
1.2247933773e-03 
-4.6670106794e-36 
-2.2934690475e+01 
1.3956771089e-14 
3.1184292338e+25 
1.5275922555e+13 
1.7480186907e-33 
5.0534450234e+30 
9.6500009298e-01 
1.0185781625e-16 
-1.3856166380e+13 
-3.2611702145e+35 
-1.0303490916e-12 
-3.2879286405e+24 
2.4570917934e-27 
9.9694608942e-33 
2.9370187173e-16 
2.8913722417e-05 
-2.2831494029e+34 
1.8231483154e+03 
-3.1899064779e-03 
-3.8593661600e-10 
-3.4423065186e+00 
-7.1867866217e+34 
7.5133051723e-05 
1.3838235358e+31 
-1.6817450523e-02 
-2.5864958763e-02 
1.5140914790e+11 
-5.5561388892e-28 
-1.9806622541e-26 
-3.9234756459e+17 
1.1244970415e-36 
2.6476700490e+22 
-2.5064059761e-22 
-2.9018425696e+35 
2.1637365673e+21 
-5.7458990792e+32 
-3.7429129467e+34 
2.3498383990e-19 
-7.2078207642e-19 
3.6016158046e-13 
-3.9218547200e+09 
-7.5584846473e-23 
1.1336267926e-02 
-2.1724338106e-28 
-1.0838116589e-23 
1.1966286015e-14 
-1.7106029927e-18 
-1.9576285922e-05 
5.4682300354e-13 
3.6247262110e+37 
-3.3558762880e-08 
-2.5199335194e-20 
5.2831031502e+30 
4.6520675445e+22 
6.4964923700e+16 
7.0414325794e+25 
3.9052036133e+03 
2.1011069417e-01 
1.6963422720e+09 
1.6964236177e-19 
7.1090263852e+31 
8.5196308341e-11 
-1.2175472080e+28 
-1.2272532694e+36 
2.2851204000e+07 
9.7500842860e+18 
4.9134398718e+35 
-2.5039558101e-12 
1.2816857230e+23 
-3.5457296066e-38 
-3.9727425556e-31 
-8.3214862778e-10 
-3.8971597903e+37 
-4.0051047690e-03 
2.0920793986e-09 
-1.0257357438e+24 
2.3139601346e-11 
6.4391537641e+25 
8.0415942383e+03 
1.8537861251e-05 
-1.2127216809e+14 
9.3410941269e-36 
1.1491919222e-10 
-1.1183665972e-11 
8.3300647024e-22 
1.1310981977e+31 
1.1980597281e+27 
3.4368335281e-35 
-2.0353617462e+33 
-2.8565360197e-22 
3.9990871698e-35 
-9.8711447905e-09 
7.2633864000e+07 
2.6539603937e-07 
-2.4788353499e-27 
1.0187628678e-30 
-5.6392497811e+14 
-1.3433306677e+18 
-2.2305675649e-25 
8.0527687680e+09 
1.8446648143e-38 
-3.4470333776e+14 
-1.0430950471e+30 
4.7385968074e-36 
-5.8850757332e-35 
4.2300828587e-38 
-5.8714931583e-08 
1.1578349318e+21 
-9.4682689361e-23 
1.5766987946e+20 
-1.1321431570e-09 
-2.4037080653e+18 
1.0058305337e-14 
2.6610719303e+28 
5.1854028222e-24 
-6.5386046504e+30 
-4.7581608874e+29 
-3.0677816227e+25 
-6.0845233291e-31 
-4.6874840740e-23 
-4.9452131092e-39 
1.2455487734e+12 
-2.9748385271e-36 
-3.1907560206e+23 
-4.9282977125e-04 
4.0781946944e-28 
2.1606644160e-17 
7.3549204449e+37 
9.6436798348e-32 
-3.7004420823e-36 
-2.2950642631e-07 
-9.2935076301e-10 
-3.5728958768e+31 
-5.8644498147e-09 
-3.7883789967e+12 
2.6532716869e+34 
3.0449307148e-16 
1.8697779338e-34 
5.1857179661e-10 
1.1791152484e-26 
6.4608176052e-20 
-3.4368355865e+23 
3.1111121038e-18 
-4.5048686993e+37 
-4.9202172275e+18 
2.3008465282e+36 
-2.0970584210e-12 
2.0882092822e-24 
2.8420441199e-32 
5.2559517163e-36 
1.0663895322e-09 
-1.2207389992e+25 
6.2830003925e-26 
-5.0867606400e+08 
5.6254302488e-31 
-2.9483758988e-18 
1.2178419936e+36 
-2.6667380555e-33 
1.8705080450e-01 
-2.8739189317e-17 
1.0254502016e+14 
-4.4139590731e+36 
1.6408491232e-09 
-3.4654237500e+06 
1.9641091837e-20 
6.7905632056e-27 
-6.1359483598e-17 
-4.2814199696e-04 
-7.4036392295e-36 
-4.6558081024e+10 
2.3097130566e-18 
-8.8456048683e+15 
8.9355271484e-05 
5.0157537771e-05 
-5.5926826357e-24 
4.2920188292e-08 
9.3052514617e-19 
-2.9957765486e+37 
-4.1266056895e-01 
7.8301626675e+24 
            nan 
6.6228032836e-08 
1.5889229461e-34 
1.6423217688e-21 
-8.7458886950e+22 
-8.9808097109e-03 
-7.1228492188e+04 
-1.0262666774e-13 
9.1914717134e+26 
-1.6780688384e+10 
1.7730104559e+30 
2.8320593920e+10 
3.5964164958e+31 
-4.9135393750e+05 
1.0257708577e+34 
-5.7589105315e+35 
-1.4784110244e-03 
-2.0496260460e-25 
-2.5236888709e-21 
-1.9231228780e+15 
1.2069749323e+24 
4.7490178456e-10 
2.3913594305e-06 
-1.4320312600e+17 
1.4033340065e+17 
2.8437643626e+25 
2.2139612692e+13 
2.5725833917e-34 
6.6057545920e-37 
4.9478165754e+35 
-3.4050725023e+19 
1.7018632207e-05 
5.1303914006e-06 
1.1540377808e+02 
4.2273293457e+15 
-1.0462418827e-13 
-3.0694164366e-07 
-3.1872043018e+23 
4.4657508132e+21 
7.3897971200e+08 
-9.3607455007e+16 
3.7165359494e-14 
-1.1343696577e+36 
-6.3592964539e-28 
-5.9763712120e+31 
9.1314483643e-24 
1.1857550999e-04 
1.0429843217e+14 
1.0792355200e-26 
-3.4061063576e-37 
-1.4903392108e-37 
-8.1004604697e-02 
6.9773219840e+09 
-3.5267720207e+22 
1.1192699597e+24 
1.8986690150e+12 
3.6114372154e+33 
-7.5276973261e-37 
-1.8494615025e+36 
1.4351261602e+35 
6.1044724813e+35 
-1.2295949219e+05 
3.2676830479e-34 
-2.3448873047e+04 
-1.7885692977e+19 
5.1790336588e-37 
1.2700597981e-27 
-8.6107415771e+02 
2.2769673300e-11 
-3.5993769386e+36 
1.8535803801e+25 
1.3605876593e-03 
-1.0417528534e+02 
-3.2911037240e+19 
5.4081794266e-30 
3.3779241218e-19 
-1.9124873047e+04 
-2.4016489074e+14 
1.6590605727e-27 
2.2863654957e+16 
-8.5546845464e-24 
5.7820232375e+18 
-8.3720635000e+06 
-1.4527192779e-19 
-7.0900283962e+15 
6.7155563039e-37 
-6.2173594984e-24 
-2.4270533025e-01 
-1.6434754248e-18 
1.2853161698e-14 
-5.2843532490e+35 
-2.0409283731e-33 
-2.7534738123e+17 
-3.8990036992e+11 
-1.8396398750e+06 
-1.2931549219e+05 
2.4524097696e+27 
-5.6233700270e+26 
2.8851322966e-25 
1.0763547516e+27 
9.0709137176e-26 
-1.3841614170e+22 
-1.1005521574e+27 
-1.1677876586e-20 
1.8446860288e+26 
4.8932795525e+00 
7.1952315000e+06 
-2.8105873047e+04 
-1.4114488339e-32 
-1.0740908171e+31 
7.7121080525e+11 
-1.8395288689e+20 
8.2942217659e-23 
-3.5925173292e-32 
1.6872173994e+13 
1.3395935526e+27 
1.3876440615e+17 
1.0441126485e+17 
1.7753085635e-31 
3.3756107283e+30 
2.6821815270e+21 
1.0970928724e-17 
-2.2020920792e+30 
6.8395524075e-18 
-1.6112264498e-32 
9.7499402500e+18 
-2.8156006981e-38 
-2.4101488344e-32 
2.5571554866e-25 
4.0072114176e+10 
2.0508698438e+05 
-9.9676806698e-21 
7.2933006083e+15 
2.4878294848e-29 
-1.5608833786e+36 
3.1104816000e+08 
1.3879105113e-12 
6.8412823823e+20 
-2.9609423688e-15 
-1.5523131371e+01 
-1.4113731248e+13 
1.3143746981e-24 
7.5004982708e-35 
-4.0319881752e-20 
6.0569593600e+08 
-7.7363665771e+02 
1.0247737442e+14 
-1.2788296122e+24 
8.0946680000e+07 
-2.3641387098e+15 
5.3226222781e-18 
2.8294858566e-05 
6.0400689108e-05 
-1.1986478750e+06 
-2.1621073112e-27 
-1.1956707154e-23 
-6.0737335149e+28 
2.8403196335e+01 
-4.1460353635e-17 
5.0118499595e-26 
-2.5173173412e-07 
-3.1617742845e+20 
2.9871681520e+26 
-2.7397448373e+23 
-1.7960323194e-19 
-5.0783868879e-02 
2.0370479584e+01 
-1.9927840619e-35 
6.6081665843e+11 
1.6567008228e-17 
1.6166532002e-10 
1.7485334593e+35 
4.1147487200e+37 
1.2145377281e+22 
1.9568709639e+37 
4.5403129600e+08 
-1.7216762145e-27 
1.4540609096e+15 
4.8434286221e-23 
1.4669102873e+30 
2.9363580000e+07 
-4.1197045285e+13 
-1.4940752127e-38 
-1.3313102202e-36 
1.6071754423e-26 
-5.6792832217e+18 
-1.1660392396e-02 
-2.3236029164e+36 
-2.2898628449e-29 
-5.1406188567e-30 
9.8062796063e+12 
1.2495903834e-12 
8.9067366815e-09 
2.5843630616e+21 
6.2342722818e-24 
-2.2307562567e+37 
3.2908467062e-08 
2.8582713973e-09 
1.0560807810e+18 
-1.3382858240e+09 
5.1108390897e-29 
1.4993797874e-25 
-2.1181800576e-38 
-2.9495628654e-27 
-1.5967572316e-12 
2.0795549338e-33 
-2.9637394818e+32 
-1.2367020596e-29 
4.3442414551e+12 
4.8406256781e-08 
-1.7988302290e-30 
-6.0232953565e-38 
-2.5757344933e-13 
-3.3472422056e-10 
-1.8299327611e+12 
-1.9932695737e-38 
-1.2946160331e-30 
2.8732724485e+34 
2.8581871616e+11 
1.4709074825e+28 
-1.9261198750e+06 
2.0529078307e-25 
1.2603121286e-04 
-3.7213284969e+00 
-2.3769301194e-08 
-2.0206750769e-12 
-6.3073842063e-25 
5.5053951263e+01 
1.7471057733e+25 
-3.4937117500e+06 
2.2032789277e+26 
-2.0419278750e+06 
-2.3951554118e+13 
6.1365372113e+28 
6.7924795000e+06 
6.9402807412e-07 
-2.7811071845e-07 
2.0837501232e-29 
-1.2238415366e-04 
-7.7703088540e-18 
6.5644911492e+20 
1.4689367672e-30 
6.3537474560e+09 
9.2720407248e-01 
3.2682915929e-08 
-2.4177875206e-16 
-5.6155353929e+17 
-6.0301973985e-34 
-2.7318596875e+05 
1.0070024700e-30 
-8.9292492188e+04 
-3.0156895518e-01 
-1.2690347955e+36 
1.9286656339e+14 
6.1507739006e-12 
-1.6956319787e+25 
2.3463763897e-17 
-3.8037917012e-17 
-1.3950451037e-11 
-2.5218163196e+34 
-1.6271774262e+21 
3.8373592647e+20 
-2.4011856748e-16 
-2.8785158986e-15 
-6.9572602280e-21 
5.4913299553e+18 
4.8408105178e+28 
4.6625268863e+18 
-3.5458354971e+37 
-8.7129507065e+00 
9.1715359090e-24 
1.9335678400e+08 
6.6908070585e-04 
1.1282047591e-22 
2.1649774784e-23 
1.7343412437e+13 
4.6954468269e-31 
2.3268344005e+28 
-4.7380496878e-13 
-2.3123720602e+11 
1.4672262094e+24 
-1.8714338793e-32 
6.2338185829e-12 
1.3652038189e-27 
5.8008988724e-09 
9.3473538352e-34 
-1.1374831141e-26 
1.1463125455e+34 
-1.1674296736e-18 
-1.1896683520e+10 
1.6105465033e-35 
-1.4157298438e+05 
1.9363256554e-16 
-1.2937870080e+09 
-8.4049702640e-23 
5.2621180428e+20 
-9.1499165255e+24 
2.5390340335e-17 
-2.7542123047e+04 
1.7662035616e+33 
1.2193196745e+27 
7.3784393750e+05 
-4.7630947200e+08 
5.0114427481e-29 
-1.8624309803e-24 
-9.1818981886e-25 
-1.2690665608e-04 
1.1490530630e-29 
1.0139649219e+05 
4.0540363811e+16 
5.5839996000e+07 
1.9190198431e-21 
-1.1458962466e+27 
1.8644479271e-14 
1.2618915512e+20 
-1.7648342236e-06 
1.8251069545e-09 
-4.0386017411e-16 
-1.0588914490e+02 
8.5326320000e+07 
2.1802024075e-10 
8.5595082667e-21 
1.8616876658e+15 
-2.9865407203e-27 
1.1569359053e-19 
1.1244138184e+03 
-4.9141303754e-22 
4.9777405217e-16 
-1.4118520514e+14 
-1.9580629641e-32 
-2.4867137589e-34 
6.6265252235e-34 
6.1518574057e-07 
-3.7483433024e-10 
6.0139739921e-20 
-3.0155945418e+38 
-4.0332706619e-10 
-3.9720198401e-05 
1.3659309570e+04 
1.6905927780e-30 
4.8815686037e-35 
4.4221031281e-09 
1.2270319721e-34 
-1.0917262645e-13 
-2.3740256092e+12 
2.3406320454e-33 
2.3409495312e+05 
2.8758586426e+03 
-4.2100926699e-24 
4.2833575339e-31 
4.2219587826e-09 
-2.8846286416e+27 
1.8000187352e+31 
-6.9470013499e+33 
4.4854741191e-33 
-5.7036222643e-06 
-3.0499346171e+17 
6.1391859553e+24 
-5.2278430474e-08 
1.8364391921e-33 
            nan 
-1.7893218319e-04 
1.0834213700e-24 
1.1121910779e-25 
-6.7664356384e-19 
-1.6893802496e+10 
-5.7805291132e-23 
1.4971137943e-23 
2.2334913297e-07 
2.4016703757e-30 
2.2560641821e+24 
            nan 
1.5742781547e-36 
8.0958803189e-19 
-2.6326807700e-34 
6.0713989898e-18 
-7.4898692200e+28 
-5.6510554714e-05 
-3.7836391386e+18 
-6.6393235466e-04 
4.8810739136e+02 
-1.3676985502e+00 
1.1772645813e-14 
-3.3366739782e+16 
-3.6483255681e-03 
1.7976912260e+00 
2.9223590445e-06 
4.5814211480e-03 
5.4827336419e-21 
8.6290920899e+12 
-4.3684227538e+28 
4.8902020299e+37 
5.9988549624e-36 
2.0311337792e-38 
-1.1934242821e-06 
-1.6500328391e-31 
-8.8983556960e+21 
1.0207929077e+03 
-5.1797763686e+11 
2.7154336621e+32 
1.2223346857e-03 
-5.6912183856e+35 
-1.5611764859e+29 
-3.6666746094e+04 
-3.4619746094e+04 
-3.2377796608e+10 
8.3803315602e-17 
1.2300933143e+24 
-5.4598657138e+34 
-3.7743183970e-01 
-1.1132157418e-08 
-6.4655472061e+21 
9.3768402464e+15 
7.0945597262e-39 
8.6823921118e-16 
6.3658770092e+36 
7.7271930873e-02 
9.2383079376e+28 
3.1310455336e-24 
2.0264036800e+08 
1.7086957417e-15 
-2.6014666182e-22 
-1.3488516088e+31 
1.7291336464e-26 
2.2162643727e-03 
7.7839988766e+37 
-1.0726687576e+32 
-3.1738975437e+19 
1.8785818247e-03 
5.1261514425e-01 
9.2994454380e-35 
-1.9546480721e+15 
-2.8655828028e-22 
-2.5792346522e+11 
1.0171583000e+07 
-4.8131113565e-24 
9.7961158628e+32 
-7.4620920049e-29 
-6.0045198325e-07 
7.9600468145e+31 
-1.2224629363e-24 
-1.2552149219e+05 
-4.9897643221e+37 
-1.0136715467e-08 
-2.9383554560e+09 
8.4884876965e-27 
1.2863800691e-07 
9.6609312410e-20 
-6.1751832181e-38 
4.2260875369e+21 
8.2124520517e-09 
1.8873480597e-17 
-1.2486900736e+10 
2.5911752704e+10 
2.6200692727e-09 
-6.5042758764e-26 
1.7487841170e-15 
4.1418853782e-29 
-2.7754683174e-07 
8.3980068564e-02 
6.7532236971e-30 
-7.0655108586e+31 
9.6657704635e+34 
-3.3525790493e-19 
-1.1265790400e+08 
5.4272850286e+23 
2.8027260000e+07 
4.8516815930e-30 
7.6689484375e+04 
-5.1239171055e-14 
3.8021795452e-02 
5.1697489233e-30 
-3.2569293501e-15 
-2.3514253382e+15 
-2.7163793750e+05 
2.7750183657e+36 
4.1092695531e+15 
-1.8969318457e-38 
-8.5000322753e-12 
-4.4724093479e+33 
2.7226744266e+30 
-1.9500043247e-10 
-8.7636935711e-01 
2.9066704460e+32 
1.4498729366e-13 
-4.7539053553e+14 
-8.8328153362e+17 
-4.5284225973e-18 
1.1545889058e+26 
-4.0287261445e+32 
-6.7885953188e-01 
5.8453422852e+03 
2.0599727775e-14 
-1.7498845235e-02 
1.3954424173e-15 
6.9338802588e-20 
-2.8084089317e-36 
1.2563425988e+24 
7.2173306629e+36 
-1.7053507115e+22 
-3.6946535459e-27 
-2.4774119141e+04 
-5.4775553781e-19 
-6.0410297852e+03 
5.0139799802e-28 
-3.0399091884e-06 
-3.2750473444e-09 
-1.5295388027e+29 
-3.4052277915e-03 
1.0136183321e+36 
1.0111294933e+34 
4.8501923212e+16 
3.0369435000e+06 
7.9784062874e+30 
2.6707825506e-15 
-6.0549121562e-31 
9.4343161238e-37 
-7.8697256960e+09 
-2.2432771873e+26 
4.1486312308e-35 
6.1994232989e-14 
-1.8639121094e+04 
-2.3171035136e+10 
-6.7149772095e+36 
7.3804025037e+36 
-2.5703324713e+37 
-6.0139683139e-38 
-1.3842140537e-20 
1.6205426306e-02 
9.0082905600e+08 
-2.3170334950e+17 
-1.1927362822e-19 
2.4240617939e-29 
1.4973428233e-29 
2.9072992085e-30 
3.5265126749e-31 
7.1899504037e-14 
-5.6272645413e-27 
-2.3416068864e-25 
6.4328687494e+22 
-3.1889332669e-31 
6.4453594387e-02 
-1.9373399027e-06 
-1.5642585640e-04 
-2.5996271466e+26 
-3.8894764742e-08 
6.5039681901e+16 
-1.9261488626e-37 
2.4233850127e-04 
3.3850991464e-16 
-1.5086232685e-02 
-6.4949024590e+17 
7.7204302063e+21 
1.8000505865e-01 
8.1471992000e+07 
-6.1152692884e-02 
-4.2786048142e-12 
-8.4399681860e-37 
-2.9719178136e+25 
-2.0974314880e+02 
5.3212567555e-34 
8.4692576000e+08 
1.5826362443e-10 
-1.7143326422e+35 
-2.0292834080e-10 
1.3552333145e-33 
-1.2217209493e-19 
2.8558410148e+32 
1.3507163599e-31 
8.6028477771e-17 
-1.6926788618e-37 
1.0176661974e-29 
-7.1996457594e-35 
1.4337597656e+02 
-4.4738178513e+35 
-3.7323423214e-20 
-4.1905864207e-38 
3.5568536781e+12 
3.2025100207e-24 
3.4886393671e+22 
-3.9458716446e-15 
-1.4882750511e+01 
1.3854474245e-36 
3.7241466593e-30 
1.6401879854e-11 
1.0360753468e+32 
-1.3822277537e+30 
-3.3728710938e+02 
-1.7173970579e-12 
-1.0049110278e-04 
-2.6794499718e-05 
-2.2260386330e+30 
1.5840377808e+00 
-9.9860839844e+01 
1.1027276516e-02 
-9.3431074574e-31 
-5.6391752365e+18 
-2.9342407867e-32 
2.2842439051e-10 
-2.3127949457e+23 
5.3793353271e+02 
2.5581790822e+11 
-5.8161714870e+22 
-9.6309074402e+01 
-8.8301259056e-28 
1.9380141936e-10 
            nan 
5.7685312500e+03 
5.8581344571e-20 
-1.9741331336e-37 
4.4091064453e+01 
-3.9198539525e-08 
9.0702939106e-21 
-9.7145832325e-29 
-7.0219362200e-19 
-2.1184598396e+18 
2.5409700000e+05 
1.9848664072e-37 
-1.8361140974e-05 
8.5758282523e-30 
-2.3446554962e-34 
-2.9917123047e+04 
7.5815523404e-25 
-4.8380156000e+07 
-2.0744101699e+30 
7.3794718163e+24 
1.1955038533e+25 
1.2036339176e-29 
-9.7282785177e-01 
-1.5644431614e-34 
-8.3756810909e-07 
9.0780835599e-03 
2.9376145452e-02 
-1.6184885264e-21 
1.7881638184e+03 
4.6881235272e+12 
6.8899833347e-19 
9.1522147702e-27 
5.8842569962e+23 
-1.2638841649e-17 
-2.8581029478e+11 
-3.4132999719e+20 
1.0165714682e+13 
-3.4225985155e-25 
-5.9009424014e-09 
-4.8199088289e-22 
-6.8598627763e+24 
-1.8649834087e+37 
-3.8938925111e+27 
-1.2766639885e+31 
-1.6043950998e+14 
-3.1571403503e+01 
-4.2278438619e+25 
1.9967167079e-01 
1.3399049798e+20 
-5.5788438767e-03 
4.5085150328e+36 
-1.4255271934e+28 
1.7426630020e+01 
-1.5255727782e-21 
8.6589306248e-30 
-2.3371362354e-32 
-2.3394947438e-11 
-4.6405699999e+16 
2.1132682797e-28 
7.6332478389e-17 
2.8203389624e-10 
7.0609107450e-10 
-5.7676200356e-24 
3.3641740145e-38 
-9.8905551434e-01 
6.2808341980e+01 
-2.1901223063e-01 
9.1578273812e-38 
-4.6479416912e-32 
-9.8242267885e+34 
8.8395664918e-37 
-8.8510691834e+23 
1.6992097041e-32 
2.8316237522e+19 
4.4779025414e-17 
-2.1065508768e-28 
6.3358584092e+36 
1.2787124980e-20 
-2.0942476285e+38 
7.5625230500e+13 
7.9644798008e-23 
-1.7844055764e-23 
-1.5678646585e+19 
-4.3968866289e+29 
-7.5105423238e+30 
1.0936842536e+24 
-1.0673291761e-36 
2.2432715715e-31 
7.9872732162e+00 
7.8043863040e+09 
-4.1921442847e-26 
-7.5716048246e+26 
2.4859174587e+23 
-3.5814349289e+37 
2.7162593940e+28 
-1.7430247223e+18 
1.5686728875e-04 
-7.3713764857e+26 
-1.8807014773e+31 
-1.1461660137e-19 
7.8274589032e-03 
-3.2369837761e+00 
-5.1710281332e+28 
2.2568453005e-36 
2.3163997103e-03 
-1.7740452541e-25 
-2.0376798890e-36 
1.5270419795e+32 
-1.8265064028e-18 
-5.8897561355e+18 
8.9361971492e-22 
6.7162936895e-29 
6.1679755397e+27 
-5.3708122688e+34 
-2.6545597860e-13 
1.2911331141e-03 
3.8997546711e+37 
4.2097672454e+37 
-7.1765635969e-12 
1.9228593338e+34 
-3.0250371094e+04 
-2.5083926938e+11 
3.7890124800e+09 
-5.8344635000e+06 
1.8494449621e+14 
2.5078070394e-05 
3.3110615611e-01 
1.3965205412e-29 
5.7594473474e-03 
5.0192010800e-27 
-1.2028862293e+16 
4.4208270000e-24 
-2.0029751416e+24 
2.3870807732e-27 
1.1564400000e+06 
-1.3807209598e-08 
5.2602366466e+24 
-3.5715432954e+23 
-1.1506149766e-14 
9.2864138423e-07 
7.8944337920e+09 
4.7848284488e+12 
1.2831389904e-02 
1.1493195284e-11 
-8.5675326390e+22 
-1.5570280918e+19 
5.7047000478e+32 
1.2690949219e+05 
-9.6007943619e+12 
1.3667284532e-21 
2.0740635873e+17 
3.8088133837e+12 
2.7007161350e+35 
-1.5588633056e+33 
2.0746630763e-16 
-5.8411652605e-18 
1.3091639404e+03 
-2.3630233564e-28 
-9.2576142260e-36 
1.2933067398e-14 
4.0205759283e+12 
-5.1785741511e-18 
8.7113676273e-08 
4.6826419360e+27 
3.2248735428e-02 
2.6729141090e-16 
1.6362210765e+19 
-6.6192277354e-14 
1.9276158698e+37 
3.1019474919e-23 
-7.2249587504e+36 
-4.7874824950e-33 
3.5144032100e+31 
5.7368899584e+10 
-1.1126455040e+09 
6.5991651738e+15 
6.7749078368e+13 
1.9140414285e+25 
-3.3968091693e+22 
-2.5752461318e-26 
-3.6003600611e+19 
-6.6016863411e+17 
-5.3642306717e+17 
-2.7024097972e+15 
2.9695084744e-23 
-6.1074687155e-29 
-1.8474679705e+29 
-3.3977201383e-05 
5.2265414978e-28 
-4.8676933071e-32 
6.4943183354e+28 
-1.4288702957e-21 
6.8454907123e+37 
2.8691948639e+23 
-5.7799636996e+26 
5.5731173330e+28 
-5.7695996000e+07 
-1.3452179000e-20 
2.8937151032e-25 
-1.1101458207e+31 
-6.7051302610e-23 
8.5380614722e-25 
8.3481956089e-20 
3.6226554130e-06 
-1.1854207287e-06 
-1.6101128731e+25 
2.5435363220e-31 
2.3780052024e+31 
1.4851713966e+34 
-9.9258020677e-16 
-1.1251658649e-21 
1.1633838750e+06 
6.1282129002e-14 
4.0594512541e+29 
-3.1935259119e+32 
-1.1751889973e+28 
5.3890587622e+33 
-3.1635052863e-25 
6.9928884506e+00 
2.8145532000e+07 
1.0889627322e-30 
-2.9492555833e+32 
2.8506085012e-20 
1.2628266155e+27 
-1.0502070324e-07 
-7.9054016000e+08 
-1.0418379520e+09 
-2.3076912761e-01 
-1.8264533969e+17 
-6.2312743390e-20 
-2.8716353205e+16 
3.6486645207e+26 
-4.2224370736e-17 
4.9298689701e-03 
-2.5664808960e+10 
2.7476950000e+06 
-8.6025023910e-12 
1.9683337294e+30 
-1.2284008265e+00 
-1.0475296825e-16 
-8.3650999480e-38 
-4.5000892120e+25 
9.2174638172e-18 
6.9899878283e-39 
-1.2879803141e+23 
-1.5224833113e-12 
6.9739440918e+02 
2.6195597774e-11 
-1.7570653821e-09 
-3.4505657959e+02 
1.3856344604e+02 
1.1729071499e+28 
-3.3057481746e+31 
-3.4164899410e+18 
-1.2787095827e-08 
-5.2450137232e+22 
5.9603567123e+00 
2.5721463695e-35 
-1.6231082129e+20 
-1.5410603904e-09 
-1.3294992968e-02 
-2.4368687914e-37 
1.1954028318e+38 
-4.2078783736e-03 
5.7212321615e-16 
8.0822661762e+22 
2.6923077209e-34 
5.2171926498e+00 
1.6599545399e+22 
1.9291911680e+09 
1.7699313354e+02 
4.1147227484e-27 
-1.8693407596e+35 
2.3908862400e+08 
-1.0191962736e-21 
2.5016706007e+13 
7.3115172407e-26 
1.3783564352e+18 
-3.5005033016e+00 
-6.6602423441e+23 
3.9127847515e+29 
1.1212525186e-34 
1.9858668235e+37 
9.9101723201e+16 
3.5397345483e+37 
-6.2461153972e-15 
-6.4099128358e-03 
2.7102373605e+31 
-1.3564714685e-08 
6.4869859753e+17 
1.9629514694e+01 
4.4438939732e+25 
-7.7558590460e-25 
-4.1214310322e+17 
2.4460659676e-20 
2.2166222930e+12 
1.4515806667e+14 
1.2442249219e+05 
1.1990558056e-36 
-9.5956172133e-22 
-1.5658098204e+34 
9.2024434707e-05 
2.0508988059e-32 
4.7865190937e+26 
1.3056302007e+18 
-1.2846580630e+13 
1.7809357219e-38 
-9.1569009615e-18 
1.1232995031e-35 
6.2817650215e-23 
-2.3039426133e+19 
2.3179144730e+34 
-1.0775730483e+27 
1.7503799383e+20 
-8.5736144683e-05 
6.4804447327e-16 
-2.6311125639e-28 
1.7746015754e-15 
-7.6692565918e+02 
-3.5570842556e-06 
-1.5426434435e-11 
-8.7449354379e+25 
9.5676916910e-13 
-2.6128108067e+14 
1.5870111529e+34 
4.3821435896e+28 
1.1504499784e+20 
7.4817918704e+25 
1.9929618480e+35 
-8.9754379272e+01 
-1.3275835700e-26 
-2.2814389998e+28 
-2.8006166220e-01 
-1.0760077500e+06 
-3.0612869569e+38 
1.0009706574e-26 
2.3226882331e-03 
3.6080035857e-31 
2.9596898319e+37 
3.6974507900e-09 
1.8696204643e-04 
-1.9141008890e+38 
-4.7281407818e-24 
3.0333964173e-18 
4.2444171676e-31 
3.8305179828e-07 
1.9070428848e+01 
5.5073981250e+05 
7.2801763054e-06 
3.2183006335e-35 
3.5097840000e+07 
-9.2577071104e+11 
1.9565833750e+06 
9.9310371038e-10 
2.4137478152e-38 
-3.8887194557e+35 
1.2725909930e+17 
1.7604515179e-08 
6.2656902400e+08 
-3.7106640213e-30 
3.9433072481e+22 
-1.4407567746e+25 
1.2675340777e-08 
-5.1632742072e+13 
2.0718636250e+06 
2.0597922318e+31 
3.5767875488e-06 
-6.5933870094e-24 
-1.9196455171e+28 
-3.7497288607e-10 
-2.6612998146e-32 
6.7954003149e+11 
7.7955035735e-21 
5.2777868789e+26 
-1.5769956589e+01 
6.8496026628e-09 
4.3596427917e+01 
-6.0356709638e-22 
-8.1751618808e-09 
3.4676611482e+11 
-3.6167037247e-12 
-1.5739514229e+20 
8.2850068941e-19 
9.2770980835e+01 
2.3007449577e+36 
1.5530005667e-12 
2.2165175527e-02 
-1.8348024024e-28 
-4.6677263299e-07 
5.3692694735e-08 
1.9365605085e-17 
-4.2504686117e-01 
-2.6616245208e-08 
-2.1366035716e-23 
            nan 
2.3271740067e+14 
6.0079495331e+29 
-2.3714729468e-04 
-6.4691868377e-18 
-1.5323981869e+22 
-1.5858356249e-32 
1.2199473600e+08 
-3.8789345126e-05 
-2.4402617671e+23 
1.3265328393e-17 
-2.0277875137e+19 
-3.5963479156e+17 
-6.2982706762e+24 
7.0082608523e+36 
-4.8132827505e-03 
-1.4899897745e-20 
4.5977621884e-32 
-6.5876694340e-39 
-7.1854023766e-30 
-4.0964311361e-01 
1.6478871094e+04 
-1.2537425429e-31 
-4.5885647914e+35 
-1.3041773751e+22 
-2.9516028007e-04 
5.7540211709e-36 
4.9959856505e+13 
-1.1826247704e-23 
6.2688224792e+01 
-4.6423375801e-38 
4.0242635604e+15 
5.6931382532e-31 
-3.1555452000e+07 
9.6773018510e-25 
3.9687248230e+01 
1.9830009856e+10 
-1.0557829296e-13 
3.7376400083e-23 
-4.1277718157e-38 
-2.7458474187e+14 
7.7261980507e-31 
1.2918863502e-14 
9.6289825798e-27 
2.6600186346e-26 
-6.3666462143e+18 
2.4415725804e-36 
-1.8885054416e+15 
5.6020951040e+10 
-1.7817063796e-29 
2.8330994373e+33 
1.5249906662e+22 
-7.4684859893e+16 
4.0779280029e+26 
4.8842916513e+32 
-5.2580503041e-21 
8.6435619404e-14 
-2.2626684000e+07 
-3.1142586404e+14 
-1.4589118000e+07 
1.4886266590e-13 
8.0918063466e+18 
-1.3427839762e+21 
2.4031531460e-21 
-9.3065732529e-14 
-3.9504588424e+15 
7.5054677734e+03 
5.3909154474e-08 
7.6803064463e+12 
-4.0310996769e+30 
-1.7382173086e-32 
-3.3363567256e+33 
1.9678176756e+18 
1.9914960627e-28 
1.0296686592e+10 
-1.5803963167e+27 
-3.1479301196e-38 
-2.5569491933e+31 
-5.8729159832e-01 
-2.5735496875e+05 
3.2325004140e+19 
-5.8897923045e-25 
-8.9145577114e-28 
2.0816094058e+27 
1.3559275063e+37 
1.7578005730e+28 
4.0243982149e-33 
-5.1453393526e+20 
-4.9579590115e-28 
-3.0428135567e-09 
6.8397030234e-02 
-6.9814696152e-38 
-2.4457670244e-29 
-2.1078697627e-30 
1.7037036250e+06 
1.5695579434e+37 
8.6802988408e-11 
3.6413030048e+30 
7.9198458303e-29 
1.6305912355e+28 
-5.6885631878e+20 
-2.5089899058e-22 
-7.9205693737e-07 
3.4468936065e-05 
2.2150384792e+24 
5.8643363730e-20 
1.0853331200e+09 
-1.9981519562e-28 
1.3267853147e-15 
5.5251153564e+02 
-5.6940612077e+18 
9.7624561749e-04 
3.4492635727e+00 
-2.5688352131e+23 
1.5483794974e-27 
1.7436536000e+07 
1.3709353750e+06 
-6.9028453125e+04 
-8.5909881600e+08 
5.1362990800e+21 
2.6325851443e+36 
-2.8766421964e+23 
1.4638024950e-13 
1.6292794669e-08 
2.7017259185e-07 
-4.2880377206e-33 
-1.0823408001e-35 
-9.7305652355e+36 
2.4782187935e-29 
1.2902987311e-33 
2.0061035587e+14 
3.5880767139e-23 
2.1864483389e+12 
1.1265164235e+35 
-5.1363599191e-19 
-3.0479220645e-15 
-1.1093512262e+36 
1.0112342425e-02 
1.0754808104e+35 
-9.4674363329e+27 
2.2546069179e-35 
2.6864502986e+25 
7.1374985268e-36 
-3.0935832500e+06 
3.6437069876e+19 
-1.8712430315e+28 
3.5082069628e-12 
-5.5525972033e-19 
8.1990414858e-01 
-1.2324174650e+34 
2.7771160112e-18 
3.2451856881e-02 
1.2960895649e-13 
1.2391061545e-38 
-6.0689894789e-16 
-2.8087483486e-38 
-1.6552007048e+26 
2.3004407398e+12 
-3.0356693000e+25 
-2.8569398519e-15 
6.4081040986e+37 
-5.0008587088e+18 
6.8636581560e+12 
-7.6958692177e+24 
-1.3123168164e-22 
2.4135252374e-07 
-4.2462608000e+08 
-1.5502977237e-21 
1.1252964498e-22 
7.8443502042e-19 
1.9746681130e-25 
-1.5464174639e-15 
1.6817590208e+28 
-2.3351699999e+38 
2.0168695312e+05 
2.1418827094e+22 
-1.3241474617e+23 
9.4483827128e+30 
8.9143519189e+21 
-4.2140240559e-31 
-5.7521262470e+22 
-2.6040727552e+10 
8.1291416427e-04 
-3.6903316379e-17 
2.7190382800e+30 
-1.5650897808e-23 
1.0812556534e+21 
8.2919353167e+37 
-3.3159141018e+37 
-5.2120229249e+13 
9.8569193750e+05 
8.4735041215e+21 
-8.2920060200e+35 
9.5344958052e-31 
-1.5698532252e-06 
7.2008713011e-13 
3.5905830415e-30 
-1.5962046982e-25 
4.9423987850e+25 
2.3866012763e+21 
1.9709954623e-20 
8.6968962847e-13 
-8.2862506843e-16 
-4.9296025040e-09 
-1.9756683289e-36 
-5.8665762489e-18 
-3.6377832173e+30 
1.0149336894e-35 
-6.1284378805e+28 
1.0603956640e-23 
-1.0699245851e-15 
1.5072075063e-26 
1.6666648028e+27 
4.3329640126e-35 
2.8617223069e-24 
-1.2714660645e+01 
-1.8189830917e-21 
1.8302856445e+01 
-2.7188806349e-20 
-9.2358971967e-28 
6.3893567134e+30 
-5.3156160000e+06 
2.1020624410e+38 
-3.8967791600e+17 
-2.7455924079e-02 
-2.7973272931e-35 
-5.2695714016e+22 
5.8620909877e-15 
1.8516163967e-27 
-4.2455796732e-28 
3.5811035000e+06 
-8.6220604105e+15 
7.9151123661e+11 
5.1250515273e+27 
-2.9256373047e+04 
3.3849498010e+11 
9.0000888000e+07 
4.8426251755e-20 
-1.0141572064e-14 
-9.9963812960e-25 
7.5385093719e+32 
-2.5881803036e+00 
1.5540155777e+22 
2.7686161896e+24 
2.5322945518e-08 
1.1018127808e-34 
9.7960109487e-29 
-8.5239289977e+15 
-1.1998260938e-35 
-1.2304247284e+02 
2.3491195670e+19 
7.1257985385e+31 
1.0725088000e+09 
-6.1700885709e+12 
4.4551681620e+25 
3.3096181884e+37 
-2.9489444118e-16 
-3.1877390625e+05 
-4.7628012473e+18 
3.2959381071e+34 
-5.9567399644e+16 
5.7267395685e+21 
-4.5492620673e-30 
-2.9027242081e+22 
-1.5010414245e-05 
8.1038546341e-05 
-5.6083136402e+35 
-4.9878494442e-28 
9.5418174169e-05 
2.6363980800e+09 
5.9943765566e-22 
-1.5436956861e-34 
-1.7945869486e+22 
5.5593238959e-27 
2.2334382790e-25 
2.4869765340e-37 
-5.8824365462e+34 
-5.3318595886e+01 
1.4104776619e+14 
-1.7303824358e+34 
-3.3143195000e+06 
-4.1918867802e+37 
-2.0126564304e-10 
-5.3991582155e+30 
1.7582987442e+22 
1.9868638562e+23 
2.4392499885e+22 
-2.9602798435e-08 
-7.2636803020e+17 
1.0963006000e+07 
2.4876174821e-29 
-8.3341764046e-11 
4.3209049846e-17 
1.7824974294e+21 
6.7448145746e+20 
-3.5948367708e+12 
-2.5754875409e+14 
-1.6005950000e+07 
-3.2517850741e-06 
5.9554661271e+37 
-6.0540333422e-24 
-1.5902647443e-20 
4.7869580094e+22 
-2.4228208570e+22 
1.6856895173e+29 
2.1758765797e-04 
6.7352596191e+36 
1.2279838921e+17 
1.4812931450e-33 
2.8418541493e+33 
-1.1443627599e-19 
-9.1544447524e+18 
1.2098760134e+14 
-4.0036175184e+14 
1.2577716840e+33 
-3.3802810995e-38 
-7.6974192067e+12 
-7.4773753233e+13 
2.2410087119e-09 
-1.2629524981e-08 
-1.4773653485e+16 
-4.1968138751e+33 
1.7597721805e+11 
-1.9368004287e-03 
1.1492185818e-24 
3.3002159101e-15 
-6.1961846911e-36 
-5.4944384000e+09 
4.6324294048e+19 
2.6729748817e+31 
-2.2134544849e+00 
8.1012329089e+31 
-3.4344305278e-22 
-1.6852660477e-01 
-9.0835934877e-01 
4.3160765757e+26 
-7.1882904529e+30 
-3.3583402234e-23 
6.1791316144e-34 
4.3891182031e-06 
3.5231656282e+23 
-6.5725516073e+21 
-1.3451656499e+27 
-1.2824953159e-26 
1.7027937776e+31 
-3.5781765770e-28 
-2.6662943128e-05 
-1.7815558750e+32 
-6.8926544100e-25 
-2.4445942389e+33 
1.2731621048e+14 
2.5529575140e-25 
7.5170487165e-01 
1.1228245531e-25 
1.2662834463e+13 
2.0886528927e-33 
-7.0541100784e-26 
-2.1794567048e-23 
-4.7503098677e-11 
-1.1867334990e-15 
-4.9374278197e-33 
-9.1850426836e+16 
-2.9039463629e+11 
1.6405144495e+20 
3.0273321600e+08 
2.8174848984e-16 
6.7118656286e-20 
1.5821417414e+17 
-8.1068378193e-14 
-1.8486641497e-33 
-9.1475824881e-39 
5.3795742133e-05 
1.6971063457e-16 
7.9230698762e-38 
-3.4680824320e+09 
1.3592494042e-17 
-5.8217259540e-23 
-6.1907311709e+19 
1.4280757141e+02 
-1.9985601128e-34 
-1.9648236250e+06 
-3.2891348984e-26 
-8.2769376040e-01 
-1.5715561156e-37 
4.3127092164e-32 
8.5739123507e+14 
-2.0487744762e+17 
-1.3898725891e+02 
3.3364008060e+38 
1.6272189759e-12 
-2.5366859153e+20 
-1.8107194542e+18 
3.9994255656e-26 
1.8584277947e-26 
1.2419266560e+10 
-5.2174718803e-06 
1.6378273737e-10 
5.6390070000e+06 
-2.3306714449e-21 
1.2085974443e-09 
-1.3658413444e-22 
-3.8031670550e-24 
-4.3989083025e-25 
2.8185794841e+26 
-1.3010224924e-27 
-4.0938232000e+07 
-1.1975483769e+33 
-1.4017277460e+12 
-8.0150494259e-38 
5.9270063514e-33 
-6.2984393484e+14 
5.1374715593e-10 
-4.8041768046e-13 
-3.0632439808e+10 
-7.5035374154e-29 
-3.0122156616e-33 
-8.0277969028e+17 
3.7335995406e-10 
-1.6769168975e+22 
-3.7314939443e-19 
-6.9243731344e-22 
2.6040106316e+28 
1.4146040007e+17 
-2.4326646485e-15 
4.1190817282e+21 
1.1035754228e+21 
-3.8040722720e-03 
-8.2330220419e-10 
-1.3107132416e+10 
4.2786876439e-22 
-9.6269221888e+10 
7.6527722168e+02 
7.4600962672e+30 
1.4232321167e+02 
1.0660990669e+36 
-5.5080802917e+01 
-8.6967587500e+05 
2.3800501823e+00 
3.3362081400e-16 
-1.4850122798e-19 
1.4937878490e-08 
-1.1664960384e+00 
8.3842703952e-34 
3.9845160945e-26 
1.0951946676e-01 
2.2956459770e-36 
-5.8989131689e-20 
1.9809123129e-02 
1.6107372973e-32 
-1.9370662041e+22 
-1.8486739643e-19 
4.7614568575e+31 
-2.0041569621e-38 
-2.3624012598e-25 
1.4825406000e+07 
2.0402424378e+17 
-4.0559591241e-08 
2.5098508534e-18 
-2.8946511905e+23 
-1.7624714445e+12 
-1.7267311794e+28 
5.3176651971e-10 
-8.3995500000e+06 
-1.1759452326e-22 
-2.6894367279e+32 
-1.4332419434e+03 
-4.1883866800e-17 
5.4271494603e-30 
-7.5575668335e+01 
-2.5055305766e-33 
1.5785096875e+05 
2.7282300000e+07 
8.7066660194e+34 
-2.0136544751e-21 
-8.9434152658e+19 
8.5438551592e+18 
-2.1176733141e+35 
-1.1948396553e+25 
1.2956619200e+08 
3.5188196276e+29 
-1.6169908962e+32 
1.0944517136e+01 
-2.2377756304e+26 
8.3185405731e+00 
2.7901770967e+31 
1.9052073651e-36 
9.7681796551e-01 
1.3748506460e+12 
4.4630289302e-30 
-7.4054227639e-08 
9.3873331330e-10 
2.2136877500e+20 
-3.0759686604e-02 
-1.4504081111e+25 
4.3314383365e-03 
-9.8462889765e+16 
-1.3714901259e-33 
-9.6576509378e-29 
-1.4885058874e-07 
-5.4762429526e+31 
-5.2922952920e-02 
-3.0341845000e+35 
3.2866089600e+08 
-2.6184343849e+19 
-1.2373147656e+05 
7.4097942239e+29 
-6.3298923993e+19 
2.0851940465e-34 
-1.3528058427e+29 
9.0047689155e-03 
1.3239786498e-14 
4.6417222529e-23 
-1.0278877802e-02 
1.4257017256e-06 
9.9716406459e-25 
8.5433321836e+14 
1.2927633396e+22 
-9.6427510844e-23 
-2.8332108632e-02 
2.9249535020e-25 
6.4570099267e-11 
3.9244553719e+27 
-3.7943815111e-24 
1.0899630162e-38 
-3.3585603228e+22 
-3.6133021438e+37 
3.7836693202e+19 
-3.3537935451e-06 
1.8227916577e+33 
9.8036826172e+03 
-2.8966952535e-12 
-1.0468717664e-01 
-2.3558113070e+32 
-1.1659614246e-11 
-1.5132040943e-18 
-2.8193402282e+18 
3.0671698699e+37 
-7.3790418853e-26 
-1.8103781933e+17 
5.7034130321e+26 
3.1688351494e+30 
-1.7864823706e+37 
8.6461181250e+05 
-2.3388652437e-07 
-1.3905469000e+07 
1.1775926007e-17 
2.5876053719e+21 
-1.5742435095e-18 
1.2238619530e+33 
-3.7581447287e-08 
1.8191231865e+19 
-3.0822390690e-02 
-9.9286127033e-19 
-4.5054662973e-02 
-1.8439240877e+36 
-9.0801274188e-33 
2.4339905571e+31 
-3.2098254451e-05 
-6.0905413899e-31 
2.9733779907e+02 
-4.8704646757e-18 
-2.3441053863e-23 
2.1831023586e+27 
2.9265994206e-02 
2.8142901133e+13 
1.6969921986e-38 
-8.4240121228e-16 
1.6682224449e-13 
6.7469047852e+03 
1.8209899328e-37 
4.2723682925e-10 
-7.2382752662e-31 
5.0391301113e-18 
-2.4986411520e+09 
1.5491399674e+34 
6.7609483543e+13 
4.9496583136e-29 
5.3035716496e-35 
-8.5477124771e+23 
-2.3312063108e-18 
4.7885472426e-16 
-6.0085801814e-27 
-3.7894593750e+05 
1.4140427252e-26 
1.7091174053e-16 
6.7467221491e+32 
1.0400361008e+26 
-7.2152434420e-22 
-1.5449617976e-24 
-1.8666876928e+10 
-1.3550461153e-04 
-4.5326587497e-06 
2.9031758292e-20 
-5.2981955744e-23 
2.7763301849e+01 
3.9371042679e+33 
-5.1471273259e-38 
-6.4063945260e-09 
-6.5360674872e+17 
-1.0064571347e-29 
7.4518100478e+31 
-7.8143155077e+13 
5.2475899685e+15 
1.6527016884e+36 
1.1953176576e+12 
-2.0609800205e-22 
5.3730336768e+10 
1.3198210627e-16 
2.4895626068e+01 
1.6132926000e+07 
3.6056510497e+13 
2.7308048448e-04 
9.6007209948e+27 
-1.4977136640e+10 
-1.2157613583e-06 
3.1497809560e+13 
6.3435061970e+26 
-2.0573614682e-24 
-7.3272309775e-33 
-6.2971508582e+14 
-7.6563404800e+09 
8.6229633212e-08 
6.1912312000e+07 
4.5085740585e+16 
-1.0843757225e-33 
1.5719735629e+28 
2.0283390388e-23 
7.0274441821e-10 
4.0936203339e-27 
2.3564769034e+12 
-1.7293683153e+34 
-8.7120484375e+04 
-1.0974564066e-04 
5.7207743090e+37 
-9.1498483200e+08 
1.6842190836e-11 
2.1320484933e-08 
1.7558110412e-03 
-3.1144257635e-02 
-5.3588968483e+34 
-8.3992569337e+20 
-5.4304242188e+04 
1.1163810079e-26 
2.7914320282e+20 
-4.3435277768e+18 
-4.7604760404e-35 
-5.7722667407e-05 
-2.9964697649e-30 
2.5990015797e-36 
1.0067543408e-32 
-1.6805741191e-01 
-7.3567790004e+32 
-4.8615801854e+14 
1.6818723793e+24 
-2.1985849230e-07 
-6.1841146353e-13 
-2.0036022833e-35 
1.2087748657e+21 
7.0387688119e+23 
1.0983715214e-27 
6.9648387500e+05 
-3.9667923661e+20 
-6.2718672896e+11 
-1.9653882478e+28 
2.7002492000e+07 
-1.2027923403e+22 
1.0640808493e-32 
7.8009529600e+08 
7.9219988098e+28 
1.4776927046e-15 
1.3889380087e+20 
1.9807428736e-27 
5.8365997314e+02 
-5.1126694663e-19 
1.4633675052e-27 
-3.2754341063e+34 
4.7195063728e+24 
2.8966211248e-03 
1.0147140175e-01 
4.5696939875e-38 
3.6536499839e+25 
3.3405800354e+32 
7.6265265000e+06 
3.0801227273e-21 
1.7840051014e-35 
1.5979124968e-10 
1.8789185972e+25 
1.1282663727e+02 
8.2615900378e-27 
-2.6292601228e-01 
-3.0422157820e+28 
-8.4467596725e+32 
-1.1589991412e-26 
-1.6510476250e+06 
4.6496905685e-22 
-1.4290489680e-08 
1.6677693000e+07 
5.4227410146e-05 
1.3941108704e+02 
2.8324172680e+36 
1.2895469351e-27 
4.5566740632e-01 
8.6510542668e+36 
-4.5986679068e-31 
-3.7347935752e-14 
-6.2385089889e-29 
-4.0094635431e-16 
-1.4365305390e+24 
5.3954455895e-22 
1.1738850485e-34 
1.4748951262e+26 
1.2446592661e+21 
-6.2783972165e-24 
-4.4394121191e-26 
-9.4983695707e+19 
1.1907692965e-07 
3.2906396484e+03 
2.8424838343e+22 
2.3038175567e+26 
9.2056796457e+21 
-2.9215512587e-19 
2.9390425297e+30 
-1.0346744748e-19 
1.4628367424e+00 
1.4802989884e+37 
1.6804555000e+06 
9.2380777677e+11 
4.2947310048e-17 
-1.9653888902e-19 
-1.3666624020e-37 
-3.0789103885e+14 
1.0431764963e-07 
-1.4474540800e+08 
5.0020003840e+09 
-7.7489729043e-13 
2.2303622035e-35 
-1.1279808594e+04 
4.2075418945e+14 
1.0409723036e-03 
7.9720486316e+35 
6.9611100799e-28 
-2.1461718251e+21 
3.8956433105e+02 
4.9326787121e-05 
-1.8463182372e-10 
2.5762795121e-04 
1.4259091377e+01 
2.1639587840e+10 
-1.7391038720e+09 
7.6833892581e-20 
3.1425619141e+04 
1.5462824441e-32 
4.5697839318e-21 
9.8746222310e-10 
2.3118635520e+09 
1.6236719356e+27 
9.6133252087e-30 
-4.1758768260e-02 
2.9137325287e+01 
-3.1327807503e+30 
7.9715976172e+30 
-1.3967578876e-31 
-1.1783652581e+33 
2.6385663432e+16 
-6.1332195127e+27 
2.5818700266e-34 
1.7729767093e+26 
1.1771458849e-25 
6.2334052734e+03 
-1.3578525457e-11 
6.8555220094e-13 
2.5965665559e+35 
-5.5589466112e+10 
-2.4147523806e-26 
-1.3645811523e+04 
-4.2043396875e+05 
9.1321782383e-37 
-7.3171612347e+17 
3.5709378719e+00 
-3.4900630951e+01 
-9.0495722918e-17 
2.0643342772e-15 
-3.7799915793e+30 
8.2792788398e-32 
-8.4545578607e+23 
4.5541470975e+14 
1.0078453760e+10 
-1.9877816097e+37 
3.9145206934e+27 
8.4564409925e-27 
-3.4629012685e+12 
-4.0669627286e-21 
1.1148050000e+05 
3.0683877082e-21 
1.9426108338e-05 
-2.3699197670e+27 
3.4749319680e+09 
-4.4598265381e+37 
1.4646515275e+28 
2.1825158691e+03 
-1.4180375338e+00 
1.9973528609e-08 
-3.0346769750e+22 
4.7246555914e-04 
3.3324138001e+16 
-2.0087133346e-10 
6.6439683906e-06 
1.2773305387e+36 
1.8006978829e+22 
5.3800610883e+27 
1.5362143594e-37 
-3.4748666880e+09 
1.5077593422e+14 
-1.0102508972e-25 
-2.3940857225e-34 
3.9853911133e+03 
-1.3373571695e-10 
2.7735315501e+18 
5.4945033788e+25 
-8.1175415435e-33 
1.8052302080e+09 
1.2384783891e+27 
3.1609751339e+13 
-1.0624838620e-01 
3.1440314831e-37 
1.5483019352e+00 
-1.2982228140e-11 
9.8637715100e+24 
1.5065196313e-10 
3.2191368294e+16 
3.4687830402e+32 
-5.3380390455e-05 
-6.4864970000e+06 
-8.8404438873e-24 
-1.0533534853e-34 
2.5889767500e+06 
-3.5602157593e+02 
            nan 
-1.7776050176e+12 
5.5039096382e-14 
1.2379551562e+05 
5.0183727254e+29 
-4.2233831064e+29 
-9.9779843419e+31 
2.5162181436e-29 
2.1822923836e-24 
-6.6833290240e+09 
-1.5806180735e-19 
-2.4207277258e-18 
4.3599247937e+18 
3.4847823412e-12 
-2.2772903125e+05 
3.6865759070e-16 
-7.3041090998e-15 
1.3531901004e-06 
4.0670831441e+34 
-1.2885651562e+05 
-1.1126789767e-10 
1.7568069458e+02 
4.7932928737e-07 
3.8929107666e+02 
-3.6536432661e-16 
3.0405564826e+11 
2.2270804650e+14 
9.2070310400e+08 
-2.4737387520e+09 
2.1368798348e-30 
3.0327884613e-27 
-1.5803689267e-16 
-7.5227678536e+24 
-4.1791249224e+27 
-1.2516271347e+31 
-2.2308498964e+12 
-3.3032301777e-18 
-5.0795072387e-23 
-2.6420253778e-20 
-4.1655403125e+05 
-8.5225972005e+26 
-1.1226107904e+11 
2.4458899227e+13 
-1.4276685008e-21 
8.0335654036e-16 
-7.6849279433e-22 
-4.6638259316e-38 
5.3968610289e+21 
1.4665956709e-13 
-9.5523408650e+33 
1.3775934799e+24 
-9.6307983398e+00 
9.8517991557e+37 
6.8906844160e+09 
1.5433373687e+28 
-3.4476066446e-10 
-3.4843833520e+25 
2.0851961057e+33 
8.0880336896e+10 
-1.4921408000e+07 
-1.0582852290e+33 
-3.2929416869e+38 
1.5364422970e-24 
-3.2694432985e+37 
-1.7308331470e-33 
-1.4677738358e-21 
4.1926314850e-14 
3.1177277440e+09 
2.3244756938e+36 
5.9215314354e+31 
4.7943649051e-11 
-2.1771182408e+29 
-2.2521080564e+36 
-5.1728010178e-02 
2.6429088908e+34 
-9.3544713309e-08 
3.2109431247e+34 
2.1658592361e+16 
-7.3584541678e-04 
-2.0155043101e-17 
-1.8111553923e-12 
2.9264069048e+36 
-1.1581388800e+08 
4.1675442063e+15 
-1.3234497942e-09 
-1.8112513486e+30 
-7.1285210043e-34 
4.4211800000e+05 
4.1018333886e+37 
1.8997302387e-38 
2.7183240126e+26 
1.0931274905e+26 
9.0132352401e-17 
-4.3685915934e-36 
3.9188690186e+00 
1.9664206955e-27 
1.6149981845e-29 
-4.5776264018e-37 
1.7344116211e+01 
1.1265788302e-10 
5.5009266362e-05 
-4.7397103206e+11 
-1.2251213499e-14 
-2.1976251851e+24 
-2.8295029798e+14 
-3.9496226236e-05 
1.3806391128e-24 
-6.0406932183e-20 
4.3965269943e-20 
-3.0213175455e-26 
1.0614050552e-04 
2.3169603731e+13 
-1.0337860818e-38 
2.9910240000e+06 
-3.4697700755e+16 
-1.9356291032e-17 
7.5132066512e+34 
4.8842260714e+34 
1.8629986535e+22 
-2.4634375000e+04 
6.5758532252e-21 
-1.0400329590e+01 
-6.1201819502e-34 
5.3512527742e-11 
-1.7760124928e+10 
5.1542720000e+06 
-2.5835321475e+19 
2.8885132534e+16 
-7.0866048336e-03 
-4.0610517359e-37 
-1.2765945725e+19 
1.1467424460e-26 
-3.4328599855e+14 
2.5816127014e-11 
-7.9190177507e+14 
-2.7108448819e-10 
-3.3537750000e+04 
1.7518802549e+35 
2.0059333581e+23 
1.3786972453e-08 
-1.7187438750e+06 
2.3672728000e+08 
-2.5285588480e+09 
-4.0347890022e+34 
1.7085266044e+35 
-9.5710020736e-27 
-1.6804830918e-23 
-1.8240952846e-34 
-4.0450102627e-25 
-1.4849770671e+32 
3.5824058082e+27 
4.7679707408e-01 
-1.4749898438e+05 
3.5999649676e-32 
5.2199933316e-22 
-2.0196565629e+15 
7.7947070822e-03 
-1.6215068044e+26 
-4.6018942186e-35 
-2.2561834345e-11 
-8.1103547489e-11 
5.1689509924e-26 
-6.7916292078e-28 
3.6801941702e-12 
-6.5931567104e+10 
2.3295612000e+07 
2.2215776367e+03 
1.0005468938e+12 
4.1409018593e+12 
2.2010374069e+01 
-1.9976095606e+31 
4.0636129761e+02 
6.9163682788e-23 
-3.8125499722e+19 
-2.0642769142e+12 
-2.7407546046e-30 
1.3712218285e+01 
-1.4517206676e+38 
1.8757264404e+03 
3.6017327710e-35 
3.9576564191e+24 
-2.0045585778e-33 
9.4196286227e-05 
-2.6809528809e+03 
-4.5013718138e-20 
-1.1288136224e-11 
5.6948994867e+11 
7.8745993638e+19 
2.2068309875e+33 
1.0077963615e+37 
1.1193649219e+05 
-2.4222598546e-16 
-4.1624721135e-37 
-8.9557193750e+05 
-9.3374177368e-07 
-1.7092996929e+22 
-7.4616030626e+14 
5.5926207096e-06 
6.8644448000e+08 
1.0672594595e-32 
4.9775666711e+36 
1.0833905756e+33 
1.2170308155e-25 
-2.5332133163e+22 
-2.0865758179e-21 
-5.7413326263e+01 
-8.5449289257e-31 
-4.4843985920e+09 
6.5417049898e+22 
-1.2609023547e-10 
-1.4458821256e-29 
-1.1330702546e-04 
-1.8880572656e-36 
1.7879195556e+14 
-5.5529072106e+17 
1.4405070543e-32 
3.5126522151e+13 
4.3142818451e+01 
8.0052117844e-27 
-1.8243535358e+18 
2.3462488398e-24 
3.3842653809e+03 
-4.5231632384e+10 
-6.4479724715e+22 
-2.5553342819e+01 
3.8472126150e+29 
4.8266138098e+17 
-1.9134045556e+28 
2.4436541796e-25 
-1.3057411964e+19 
-1.0400573030e+12 
-1.0158113955e+24 
-5.5622259521e+02 
2.5799380996e+34 
6.4449691772e+01 
1.4931128327e+14 
2.4018652559e+38 
4.4823877513e-02 
1.0489554335e+15 
-4.1884736733e+28 
6.0678005793e+30 
1.3094516323e+38 
5.4477768761e-19 
5.7420686138e+14 
-1.7646878750e-11 
4.3153104343e-06 
7.9762485958e-22 
1.6604603000e+07 
-6.0146970737e-11 
-7.8430935498e-28 
1.7880276845e+25 
-5.9564779775e-09 
3.6158920288e+01 
-1.0675891416e-31 
-2.0559524640e-25 
1.5404534157e+31 
2.4761258582e-13 
-1.2572994995e+02 
-4.5922970288e-12 
-3.6561712623e-02 
1.2164082434e+13 
-4.3154179359e+12 
-8.0951208907e+23 
6.5595645981e-23 
-3.4672740678e-28 
-1.1890499313e-32 
-2.2133859200e+08 
5.9050721923e-16 
-3.9944779607e+36 
2.2324450621e-10 
9.9427885975e-28 
8.6377262817e+26 
-1.3185600708e+22 
-5.2048952614e+24 
1.4679179219e+26 
-4.5892967660e-23 
-8.6655179398e+28 
1.4071180510e-34 
-1.2815249929e-20 
-3.1998652748e-18 
-1.8840708595e+35 
-1.7808911742e+28 
-2.1520603943e+02 
1.4279431819e+26 
2.7349997434e+21 
-8.0186373105e-38 
-4.4078853607e+01 
-1.5951059759e-01 
3.9516380968e+23 
-1.9019606270e+24 
9.5663551747e-07 
8.1781707641e-35 
-2.0917551676e+36 
-4.5730066379e-26 
7.4441425502e-02 
-1.4579142338e-08 
3.7701539755e+22 
4.1492805719e-11 
1.8742716885e-27 
-1.8707147851e-14 
-4.7089548439e-32 
7.5782160759e+00 
-4.0464790557e+33 
9.6705177566e-04 
1.8858506240e+10 
-1.4697831396e-08 
-1.5817199206e-28 
8.9172322656e+18 
3.9190922507e-06 
-1.7585678725e-03 
1.9935647210e-34 
-3.0270373047e+04 
-5.6641915580e-04 
-2.1129695233e-03 
-3.1417329718e-25 
-4.7137969972e-08 
1.4933562988e-29 
-1.0458877420e+20 
-6.2640552080e+33 
-8.9090860800e+08 
1.3919481241e-24 
-2.2765861914e+35 
5.6738181120e+10 
6.2667864651e+25 
-1.0904832079e+19 
-1.0242798230e+14 
1.1291839000e+07 
1.4917865883e-05 
2.3008990512e+25 
5.8865272360e-29 
7.7324507619e-19 
-1.1340039847e-31 
3.4042415876e+17 
-4.1076789118e+34 
2.3619849431e-27 
1.1431237438e-23 
-2.8590212356e+38 
1.2193983000e+07 
-1.2351903534e+02 
6.5766910839e-23 
1.2862685547e+04 
1.3562781447e-28 
1.3749135149e+38 
-2.1791843200e+08 
-2.8082826020e-07 
-1.1648836647e+26 
-1.8783115786e-23 
1.2895464823e+15 
-2.2496146671e+23 
1.1744864080e-21 
1.1775096320e+09 
-6.5960604516e+34 
2.2547199478e-05 
4.0639224000e+07 
-5.4439386332e-08 
2.0980144937e+28 
-4.0064554273e+21 
-4.7671355778e+24 
2.3260575052e-14 
5.4587238281e+04 
-6.6149769628e+18 
2.3756059225e+19 
-2.2415161948e-04 
5.9872962263e+32 
-3.4149041326e-27 
-1.5949705443e-30 
-3.1761401367e+03 
7.8434026616e-28 
-2.3862968320e+13 
5.9280003128e-09 
-1.2795189081e+14 
-8.5885190515e-38 
8.7216563386e+24 
1.7556735041e+18 
-1.3925217305e+21 
4.2138799911e-24 
-3.8670304302e+31 
4.4518795013e+01 
-1.9199246534e+37 
1.6891233444e+01 
6.9791821790e-14 
-4.3821886224e-12 
-7.3511416000e+07 
-7.2331903205e+31 
-2.8715677500e+06 
6.4985949955e-09 
-5.0352472422e-29 
-9.8060461950e-35 
3.1713089942e-24 
1.4930336647e-06 
-3.1245447202e-11 
3.8754107562e-11 
4.5866451263e+01 
9.4581187327e-09 
3.2635489221e-24 
3.2580045518e-03 
3.0165647921e+21 
5.6428449294e-27 
-3.3658156218e+23 
-2.8108317500e+06 
3.8618596875e+05 
1.9926402662e+11 
6.8792618899e+33 
-1.8985505442e-12 
6.5798503093e+28 
-7.6565438464e+10 
1.0562182715e+17 
6.0148826024e-12 
-3.2560374536e+22 
4.3965846400e+08 
4.2347568958e+20 
-3.2032075728e+23 
-6.9967965468e-16 
-2.9989359900e-02 
-4.5837702751e+00 
-1.6115403200e+08 
-6.4700408388e-14 
1.1082023493e-10 
2.1737794175e+14 
5.4933471608e-20 
3.6430025600e+08 
-4.4898407787e+20 
-4.5198060852e+17 
-1.1105411247e+26 
5.2133180211e+12 
-2.4022979379e+11 
-2.9415755775e-32 
1.1022908667e+23 
-1.5041863938e-37 
-2.1148214913e-20 
1.3522371585e-34 
-2.1416492649e-28 
1.8009397825e+15 
-1.4737357746e-36 
7.2291517868e-36 
-7.4131494629e+20 
1.7310379496e+17 
2.0622798750e+06 
5.3441851396e-24 
-2.2415164612e-25 
9.5509969370e-24 
-2.1995247860e-20 
3.8129170781e+15 
1.1469279808e+17 
-1.8869438054e+11 
-1.2613689461e+30 
1.1327505774e-36 
-1.5973253641e-18 
-2.0522418254e-06 
6.9457474457e-36 
-4.3133205399e+25 
4.9341598511e+02 
-4.3768419200e+08 
8.5399609295e+16 
2.3056349135e+14 
-6.7136091961e-18 
9.2570968705e-28 
1.0560853770e+13 
-7.2594158351e-02 
-4.6141399035e-10 
7.2679767109e-22 
-1.8946287247e-11 
6.0138608164e+35 
1.1382156449e+25 
4.2662980787e-11 
-9.0875058822e+14 
-8.4616464376e-01 
1.1691222229e-14 
1.4022589659e+19 
1.1441585644e+16 
2.5909674159e-23 
2.6115438592e+10 
-9.0599311077e-16 
2.3896858136e-21 
3.6110450979e+34 
-2.5655298438e+05 
-4.4537426189e-31 
-8.5861404179e+16 
3.2298720004e+36 
2.7752105962e-04 
6.8493313524e-24 
-1.2966468758e-27 
1.2529363153e+15 
-5.5497728573e-34 
7.3618222080e+09 
-1.7558126365e+25 
3.6321636775e+25 
-1.0238343727e+18 
-8.3313745456e+30 
1.2878564032e-37 
-4.6478587331e+12 
4.8723548488e-36 
3.2141720666e-17 
-8.5987000320e+11 
-1.2731869113e-26 
-6.4967483213e+33 
-3.0373267041e-31 
-1.4847493915e-18 
1.8111385316e-06 
4.2047379684e+37 
2.5354665616e-38 
1.6294583700e+23 
5.9888127726e-04 
5.8141187500e+05 
2.0250586203e-06 
4.2250399143e-13 
3.6859453852e-22 
2.9236364170e-31 
-2.0230767404e-05 
7.0601200000e+07 
-8.2200897597e-19 
-9.2168696260e+14 
3.5911440083e-38 
8.0660346430e-04 
8.6480243917e+11 
2.9235768320e+09 
-2.1238717297e+14 
1.1429577770e-11 
2.1753273926e+03 
-1.9667911643e-22 
1.2581559570e+04 
2.0868528641e-30 
6.4993234375e+04 
-1.3119013171e-18 
-2.9728572970e+33 
1.1067246541e+36 
-3.5578956575e+18 
3.3535530745e+34 
5.8965219978e-06 
-4.3623827200e+08 
6.1379782879e+32 
-3.0545145080e-08 
4.2363931853e+11 
4.0828759040e+09 
2.2919488437e-14 
1.0390310761e+25 
-3.4027875877e-21 
3.6456211178e+28 
-1.6565987468e-01 
1.4675015680e+10 
-1.8336188172e+37 
-2.7628216161e-21 
3.1110573281e+36 
-2.7088777216e+10 
2.0686618042e+02 
8.2120410338e-20 
-9.6616961296e+21 
1.6277731940e-10 
-1.8176784859e-33 
7.3412088000e+07 
2.2880902263e+30 
7.1897500753e-01 
-7.9113399570e+37 
-2.3844094926e+28 
1.3130529551e-03 
5.6998432617e+03 
4.7954018228e-03 
-2.9640248974e-36 
6.3582719075e-22 
-1.7151467446e-15 
2.5534144361e-16 
-1.1616400821e+19 
1.0531782694e-12 
-1.0066456180e-25 
-3.4812646449e+18 
-7.6241126515e+25 
-2.6762003322e-16 
1.7268865860e+33 
-2.6477552515e-19 
-3.0295775942e+23 
-3.3272460800e+09 
1.0564335797e+37 
-1.0255119503e-18 
8.1966091615e-27 
-5.8464456994e-23 
2.6019874664e-14 
-2.0630920795e-30 
6.4491878705e+25 
-6.2505460171e+13 
-1.1430347227e-26 
-2.4411668565e-27 
-3.1315440026e-17 
-4.9695702519e+35 
1.7701845012e+31 
2.1102612611e+24 
1.7655589856e-19 
6.8797845855e-20 
-9.0893807059e+30 
-3.1187505784e-14 
1.7559448000e+08 
1.5596286573e-07 
2.3613536086e-06 
3.4154084352e+10 
2.2054246876e+33 
-7.2153647803e-14 
-8.8095470119e-07 
2.0610176374e+26 
-9.4459539220e-29 
2.1421788260e-02 
-7.1069953423e+16 
-3.7538220655e+21 
-1.0711609386e-02 
7.1750501764e+32 
-5.6847361128e+30 
5.5481658157e-10 
-4.7300168523e-18 
3.8442089430e+24 
-9.7256818861e+30 
1.0952839653e-21 
2.4000120422e+11 
1.3724350161e-13 
-2.2160808754e+33 
1.4155430107e-35 
-3.9968873859e-32 
6.3495163890e-27 
            nan 
4.5502758388e+13 
2.0255614000e+07 
-1.4021772792e+23 
1.2675852819e-31 
1.8511768000e+08 
-1.2241463409e-25 
3.1226858197e-34 
1.9215364601e-16 
-3.2779852509e-13 
3.5288191179e-34 
7.3289484978e+00 
-4.9356804317e-27 
-1.1091959855e+21 
6.1536917831e+26 
2.6806211353e+20 
1.1735033872e+24 
-1.4697673245e-30 
8.7019923200e+08 
9.0340632481e+25 
-3.4111501912e+28 
3.3175876691e-23 
4.0863837500e+06 
-6.2282802715e-15 
-5.0480141216e-20 
8.0666128270e-21 
3.8403218738e+31 
1.2601087200e+08 
-1.0453686523e+04 
-7.9620404276e-28 
1.8306409665e-21 
2.8032452299e-34 
-1.7428168284e-11 
2.6519582428e-13 
-1.2487580714e-18 
5.6253599996e-36 
-2.3071715112e-36 
3.9474966096e+26 
3.0028133719e-29 
-8.7053829642e-31 
-1.1112539372e-31 
-3.0116567450e+11 
2.3077966309e+03 
1.8150193152e+10 
4.0776400265e-28 
-9.8238048000e+08 
-2.1941994107e-23 
-7.3961930752e+11 
1.8605246423e+16 
-4.8675571702e-33 
-3.5201784223e-02 
2.8984314948e-09 
8.2828491921e-25 
1.0865017262e-27 
-5.8539309417e-21 
-1.3315135193e+02 
3.5425112562e+27 
-2.7996639868e-30 
-1.5833251555e+33 
3.8584421769e-10 
-9.4675412402e-03 
-6.8342943091e-34 
-1.5779019520e+09 
1.5369898438e+05 
1.2334507774e-32 
-2.8086064383e-02 
7.4966815109e-16 
-5.8004553430e-03 
-1.0316588402e+01 
-2.7478443128e+17 
-5.4946835153e-03 
4.1378196875e+05 
-2.6954463783e+19 
4.3539177087e+21 
-9.9482481443e-14 
-6.4904467361e+35 
-1.3080467501e+33 
1.3465303503e+31 
3.2629871094e+04 
4.1377142334e+02 
-2.0820490221e-08 
8.9205592755e-22 
2.0392894647e-19 
6.6704302791e+25 
-1.0532106934e+03 
-2.3530735745e+36 
1.2520214138e+32 
-1.1855012120e-29 
-1.8181360845e+11 
-1.5365847211e-21 
2.8221847943e-36 
3.2606382080e+10 
1.0335567140e-06 
5.9731671107e+20 
3.5708586426e+03 
1.3282125530e-21 
-3.3420575742e-35 
-1.0107936650e+24 
-1.2564651338e-35 
1.3180444390e-27 
1.4216678394e+27 
-8.1756917567e+37 
-1.1249719403e-18 
-4.2768642619e+31 
-3.0079696230e+26 
7.1422470551e-20 
3.2303035259e-01 
6.6012924910e-01 
-2.6041804717e+24 
8.4365249162e-12 
5.3728275090e+29 
1.6026814200e-21 
2.6515736274e-33 
-2.4183799997e-29 
-1.3662190818e-14 
-8.6279041889e+33 
-1.1378491101e-15 
-2.6337123122e-35 
2.0808117188e+04 
-1.0856424099e+23 
-1.2704667635e-02 
-1.2658073749e-29 
-1.1856442373e+21 
-2.2695912907e+28 
2.2230324616e+37 
-5.0412503680e+18 
-1.1572448438e+05 
-3.1117010944e-22 
-5.9039299011e+01 
-8.1397117984e-27 
-6.6659576000e+07 
-6.7859735609e+18 
1.3874975558e-26 
-2.1128467888e-24 
4.2078456000e+07 
3.4021310448e+20 
8.2898657504e+36 
-2.1215190604e-35 
4.5246397243e+23 
-8.9767817078e-22 
1.1762088163e-31 
-9.3494852195e-31 
2.0119084419e+15 
-1.8549747285e+17 
1.0446586304e-11 
2.2343817903e+20 
1.2520615679e+28 
6.5642236049e+35 
7.3468148334e+36 
1.1186618133e-29 
3.6810083677e-31 
-1.6379710000e+07 
-7.5817605120e+09 
-1.6012102113e-28 
7.7844692992e+10 
3.3538863960e-12 
-1.9379927544e-03 
2.2596785712e+28 
1.7519570603e-36 
-8.5595322365e+16 
-1.0712758445e-31 
1.1762906127e+21 
-3.4828697155e+28 
-9.2669814466e-36 
-5.5744109406e+21 
2.1590756922e-38 
-6.7232125998e-01 
1.9779712797e-22 
-2.2933030791e+19 
2.1624329287e-23 
9.5131430556e+30 
2.9811012588e-23 
-8.5199330123e-18 
3.8920196926e-11 
1.0386290550e+01 
6.4475384521e+02 
7.1236378147e+35 
2.5538062424e-20 
-9.6292965114e-02 
-6.1883370838e-26 
-5.1790146244e-05 
-1.5588498438e+05 
1.1533676463e-36 
-4.9060733288e-23 
-6.0067653713e+20 
3.0772196875e+05 
1.7545743719e-36 
1.9965287596e+13 
-3.1033811569e+01 
6.2284305762e+16 
1.1450116922e+38 
-3.4943164578e+16 
-3.5351008808e+33 
-7.4868047851e+37 
-8.8228640558e-16 
-6.1111864873e-26 
-3.4522242751e+17 
2.9051487218e-04 
1.8397555222e+19 
5.0253417828e-14 
-4.1323943151e-05 
1.2509449219e+05 
1.9470344341e-05 
4.6687317207e-11 
-1.4092027573e+32 
-2.9703692644e-27 
-3.4559711160e+28 
-2.1129298438e+05 
1.5615997521e+24 
-9.9496258799e-26 
-1.5573738859e-13 
-1.6381912914e+19 
-3.0173696619e-36 
-7.8000492188e+04 
2.6147011142e-19 
-3.7555870895e-30 
1.9087910294e+22 
-1.4181195758e-02 
-5.6677924901e-34 
6.8340754824e-36 
1.0125198605e-04 
1.4265799906e-38 
-1.0926063536e-23 
-2.3414528809e+03 
8.4422460445e-20 
2.1635148775e+34 
-6.0854934109e-25 
1.2277476495e-40 
1.8259784881e+24 
2.2113216620e+25 
-3.5208280087e+00 
-1.7349054864e-13 
-8.5475153785e-24 
-7.7918249095e-27 
-1.1547424220e+34 
-1.1207724037e+25 
6.8154320887e+17 
3.3939162952e+33 
-2.1488200362e-30 
3.6271614988e-32 
1.3282591945e+19 
2.2479627445e+32 
1.8837614715e-21 
-9.7401680634e-14 
-1.1229491972e+15 
8.8689270000e+06 
-2.2578481600e+08 
3.0624662856e+26 
-1.1272829777e+33 
5.2380928537e-04 
1.0992517138e-32 
3.0609988608e-33 
-3.8832661054e-26 
5.1303987386e-18 
1.9178453729e+12 
3.4878937072e-07 
3.7879608183e+30 
-7.1593338339e+13 
-1.6919552852e+13 
-8.1153187156e+17 
-1.2518110463e-12 
-2.6375276655e+30 
-1.1902281016e+16 
-1.0035486713e-17 
4.0794020606e-05 
2.9355948161e-35 
-5.4133139200e+08 
1.5053545745e+26 
-2.3787208174e-32 
-1.2790609801e-19 
5.6559533718e-38 
5.2138823037e-08 
9.1743094537e-39 
-2.2326118490e-20 
2.3067585020e+37 
-1.1949874481e+38 
2.0195106823e-33 
2.5907338739e-35 
7.5041538048e+11 
4.5530180068e-30 
2.9932431828e-33 
2.1462905950e-34 
1.2187304486e+26 
-7.2978767474e-10 
-2.0644209579e+24 
-9.3192921649e-37 
6.6862808961e+22 
-6.1129626856e+28 
-1.8004133905e+23 
4.0938488248e-22 
-1.8772802435e+22 
-1.0115434408e+19 
-2.1697419805e+14 
3.7858424187e+00 
-3.5832744285e+27 
-9.9835101577e-17 
3.7553286869e-11 
-5.8113198912e-34 
1.4087181238e-33 
8.0643151067e-19 
-1.0378247127e-22 
-8.3121852660e+30 
-2.9728027962e+25 
-3.9778898926e+03 
-3.1070223940e-06 
-4.7983390625e+05 
5.8441345358e+27 
-6.3971288986e-21 
3.0391941792e-37 
-2.1984902776e-14 
6.1251272633e+34 
-1.6411762917e-03 
-7.4365109241e+15 
3.3163080388e-06 
-1.6873507245e+22 
1.1982801036e-11 
-4.7130859259e+26 
2.0942225456e+00 
2.5793549791e+17 
-2.1651871094e+04 
-3.3484426501e+36 
5.0342533010e-26 
-3.5655371087e+16 
3.7694875894e+12 
-4.7075936000e+08 
-6.5650265600e+08 
2.7704970417e+32 
1.5234048988e-05 
-2.6359095741e+22 
-1.9150912321e-35 
2.3831357826e-29 
3.3515499520e+10 
-1.0588483474e-34 
-5.0303256512e-01 
5.2183793750e+05 
1.6378978671e-06 
1.1335655277e-36 
3.3982915838e+35 
1.3685422080e+10 
1.0008921659e+37 
1.0300671191e+38 
-1.7627433047e-30 
-1.4299437128e-18 
8.5327603269e-25 
3.5020877991e+27 
3.2506048424e+28 
1.0514895313e+15 
-5.8107009645e+23 
-1.2186725358e-32 
-1.9424878750e+06 
2.7133823253e-30 
6.7387779315e-35 
1.0918385898e-25 
-1.3343589925e+13 
-2.3859644716e-04 
8.6242934714e+16 
2.2938873047e+04 
3.0361330927e-19 
            nan 
5.9819627486e-20 
-6.7666397987e-37 
-8.0990642946e-30 
-2.0224673727e+21 
3.8638761044e+00 
-1.0234132222e-37 
1.7210750000e+07 
3.8554866393e+31 
-9.3657340637e+23 
3.4552362137e+23 
-1.3994777559e-09 
-4.6070114136e+02 
-1.4068221362e-36 
-2.2509888864e-35 
-4.8278359307e+20 
6.3228731699e+21 
-5.3641766584e-08 
-7.7274685395e+32 
-3.1359623232e-10 
3.7928126245e-23 
-7.2125892227e-14 
-1.7946376153e-18 
5.3532684288e+10 
1.0274295654e+03 
-4.9098432617e+03 
3.0097970015e-13 
-2.1968978996e+19 
2.5444432068e+02 
-2.8441460298e-09 
-1.1848668890e-07 
-2.9971119761e-01 
-2.0005838023e+23 
-2.2115345984e+19 
4.1271149058e-25 
1.6250785821e-22 
3.8827506360e-03 
-4.7331233025e+00 
1.6485394535e+30 
-1.0801882722e-09 
-4.9014491980e+30 
-2.2013304947e+23 
-2.9596684501e-02 
1.4659603393e-20 
-1.3049981185e-16 
-2.6090426636e+02 
-1.3111497601e+20 
-6.7357993750e+05 
-1.0563319177e+27 
-1.8167164068e+25 
1.5046388398e-05 
7.3343919187e+31 
-6.6515252037e-39 
-2.5240947443e-38 
-2.8273133673e-37 
-8.4145730734e-01 
4.4805714488e-01 
8.2578653097e-01 
-3.4979541670e-04 
-5.9592894880e+23 
5.9900096869e-25 
9.8862561623e+20 
-1.0065951457e+12 
-5.2237506765e-08 
2.5434671559e-30 
-1.4341198210e-16 
-1.9687918750e+06 
4.1914417570e+32 
1.2653528713e-02 
2.0563768776e+18 
-1.9410946860e-25 
-9.2408809015e-29 
2.8176875094e+32 
1.4897509245e-03 
-6.4553445578e-01 
5.3626736266e-20 
3.3151010349e+28 
8.9587271177e-21 
-1.9994875117e+28 
-8.4882274792e-29 
-1.9922526247e+14 
6.4918116184e-14 
4.4596323856e-10 
-2.4575557699e+23 
-1.1462141452e-18 
2.0198340690e+12 
1.9016342118e-24 
4.3904434572e+37 
-9.1189492188e+04 
3.3029486592e+10 
-9.3221492188e+04 
7.5751826112e-29 
-7.9534156800e+09 
-2.7106498647e-20 
1.5467260983e+36 
1.8549355664e-18 
-1.0536087683e-19 
-7.3038223360e+09 
-6.3936996032e+25 
5.1861537685e+17 
-2.2427283693e-03 
-1.2177411288e-29 
-4.6674934400e+08 
-1.4855433815e-18 
1.1973511518e+27 
5.8391540237e-30 
3.1249826861e-05 
2.8621715318e+17 
-1.2598738630e-36 
-1.3860769199e-09 
-2.5172327439e+17 
3.4104323715e-18 
-4.4548258797e+32 
6.2732606581e-38 
-4.5070145521e-28 
