2.3509887016e-38 
0.0000000000e+00 
0.0000000000e+00 
0.0000000000e+00 
0.0000000000e+00 
0.0000000000e+00 
0.0000000000e+00 
3.5873240687e-43 
0.0000000000e+00 
0.0000000000e+00 
0.0000000000e+00 
0.0000000000e+00 
0.0000000000e+00 
0.0000000000e+00 
0.0000000000e+00 
0.0000000000e+00 
0.0000000000e+00 
0.0000000000e+00 
0.0000000000e+00 
0.0000000000e+00 
0.0000000000e+00 
0.0000000000e+00 
0.0000000000e+00 
0.0000000000e+00 
0.0000000000e+00 
0.0000000000e+00 
0.0000000000e+00 
0.0000000000e+00 
-4.4236203410e-34 
7.1746481373e-42 
0.0000000000e+00 
0.0000000000e+00 
0.0000000000e+00 
0.0000000000e+00 
0.0000000000e+00 
0.0000000000e+00 
0.0000000000e+00 
0.0000000000e+00 
0.0000000000e+00 
0.0000000000e+00 
0.0000000000e+00 
0.0000000000e+00 
0.0000000000e+00 
0.0000000000e+00 
0.0000000000e+00 
0.0000000000e+00 
0.0000000000e+00 
0.0000000000e+00 
0.0000000000e+00 
0.0000000000e+00 
0.0000000000e+00 
0.0000000000e+00 
0.0000000000e+00 
0.0000000000e+00 
0.0000000000e+00 
0.0000000000e+00 
0.0000000000e+00 
0.0000000000e+00 
0.0000000000e+00 
0.0000000000e+00 
-2.7682801382e-37 
-3.4847522683e-33 
1.5710032144e+19 
-2.6382233396e-23 
1.4583554850e-11 
6.9790793750e+05 
-1.9845379722e+22 
9.5625339523e-28 
1.8198270939e+19 
1.0086001806e-16 
6.1937657896e+35 
1.1221544105e-21 
-8.3790793750e+05 
1.1565171329e+34 
-3.7223962570e+33 
-1.2478992178e-13 
2.5291257856e+10 
-1.0052591761e-13 
2.4928738185e-06 
-4.0774551373e-28 
-2.2869626225e+24 
6.8496544494e+34 
-7.7639629447e-34 
3.0746894803e-18 
-7.2168338299e-01 
-2.5072951375e-37 
-7.4230031967e+00 
3.6951786820e+37 
9.9924774400e+08 
7.2458651297e-36 
-2.8560489541e-36 
-1.2163533388e-20 
-1.3403677256e+27 
2.5837937301e-06 
4.9977444405e-07 
1.5849397144e-28 
-1.0417104080e+24 
1.3820300810e-03 
-6.7170314748e+13 
-3.5985319690e+20 
5.6507813015e-27 
1.6231425638e+11 
1.1387864872e-28 
-7.8386656000e+07 
-3.1578304000e+08 
2.3605443988e-11 
6.7394197095e-22 
1.7831808730e-21 
-5.3205447902e-27 
-1.1891275633e+24 
1.0276101447e-36 
-8.3745299762e+22 
1.0194674683e+02 
1.2671804578e-11 
-5.1987045288e+01 
2.5473113801e-22 
-2.6291762062e-18 
1.8679011947e+20 
-5.1042539780e-33 
3.2612914008e+18 
-1.3811580536e-15 
-4.4478992493e+34 
-3.2837686104e-24 
-1.2818828821e+00 
1.6820637342e+38 
-8.1124571807e-06 
6.9080941978e-16 
-6.0921513851e-22 
1.0397566805e-35 
9.3648999163e-24 
-4.3462778515e-11 
-3.2404369141e+04 
-1.3999865482e+23 
-5.7262886609e-29 
4.2461910426e+21 
1.8608928919e+00 
4.2137239040e+32 
-5.4096364011e-07 
9.9276760848e+19 
-1.9938043213e+03 
-4.1143329280e+09 
-2.4133070227e-37 
1.2924897766e+02 
-6.0505683200e+08 
4.1654015919e-26 
1.2768703488e+10 
2.8469542391e-24 
1.8169748800e+08 
2.2267202410e-24 
2.1501856138e-32 
-1.2658639153e-21 
1.1027339077e-23 
2.8095067327e+21 
2.1443612654e+22 
1.9790294221e+11 
3.7055603069e-30 
2.0940441088e+35 
7.9215521785e-16 
-7.4704583456e+15 
7.5497359830e-06 
1.7900432732e-19 
-1.8637015604e+37 
5.8806659075e-35 
2.2614878482e-28 
-1.5703045023e+18 
-5.5562849879e-23 
8.5630000858e+28 
1.9369788468e-01 
2.3041719877e+38 
-3.3952908330e+37 
2.1811348611e+19 
1.3709081884e-13 
1.2635094007e+32 
-1.2735786292e-37 
-7.8651514594e+36 
4.4977931807e+37 
7.9311013261e-28 
1.0879146231e-24 
-2.2372222920e+15 
8.1483127537e-12 
-4.0458891647e-26 
6.2255299603e+37 
-2.6419299482e-30 
-1.0396656580e-02 
-2.1461699015e+35 
2.2039982712e+33 
-2.6831680227e-34 
6.1634366008e-28 
-1.5982634526e-24 
-3.0671983259e-18 
1.4463220963e-33 
3.6211664534e-26 
2.2232075457e-37 
-5.6095922852e+03 
4.4306172640e-04 
-8.0200154046e+24 
2.0596885986e-38 
-1.4256263643e+18 
-5.0760484086e+33 
1.4158295312e+05 
-6.8179757154e-35 
8.1739602676e-15 
4.0523375766e-09 
1.7849059838e+30 
-6.2170079931e+32 
-5.8365147426e+32 
-3.5689617908e-34 
3.1482496858e-01 
1.9581594609e-19 
1.3260686884e-30 
1.6814982585e-28 
2.2128388802e-13 
3.5675691418e+11 
-7.3779583762e+25 
-1.6779768439e-19 
1.0838466583e-33 
-3.6570543926e-08 
1.3535497823e-16 
-1.2319497324e-16 
-4.3034241535e-03 
3.5267715704e+22 
-5.7900404471e-09 
-1.0891082678e-29 
-2.0162662811e+18 
1.6105558303e-33 
1.4454468371e+20 
-7.4179367171e+28 
-2.8442943096e-01 
-2.8653838837e-23 
2.5482318323e-35 
-2.6691287188e-15 
-4.1761934397e+25 
-4.1744151945e-14 
2.1340700040e-10 
-2.2717007701e+22 
1.0491169191e-19 
2.1235686780e-36 
4.8681293398e-36 
-5.8857707977e+00 
-6.3889093728e-19 
3.9751498093e-08 
-4.0607257875e-29 
-1.6189016202e+15 
-9.6461309814e+02 
-3.1321826650e+25 
3.7966138179e-27 
4.9872990625e+05 
-4.2506403035e+30 
4.1796489498e-24 
3.6061546803e+00 
-3.0738397598e+01 
1.4390339174e+11 
-1.9935048627e-18 
4.6440651640e-03 
1.2645829671e-17 
1.1168194469e-03 
-1.8963968980e+22 
3.9965258559e-22 
-1.4195337813e-16 
7.0851402523e-10 
1.2966558276e+14 
9.0105987500e+05 
-4.4772384066e+16 
1.0517558193e+15 
7.7400029726e+31 
2.7440293085e-21 
-4.9220627261e-05 
5.8492702385e+25 
-2.6049978580e+18 
-1.5144206289e-17 
7.8826997036e-17 
2.8331510937e-30 
-1.6380479000e+07 
2.0994373679e+33 
            nan 
-7.8880378734e+30 
2.4476063260e+28 
-3.9118881745e-13 
3.1086159915e+33 
1.9494563618e-35 
2.4251270294e-01 
-2.2587531845e-10 
-1.9185700000e+05 
8.8458428950e-15 
1.3948434334e-35 
-7.0117419001e+32 
1.2215116687e-25 
6.9126881279e+31 
7.3297572574e-17 
9.5227887604e+33 
-1.2130140199e+32 
-2.1712569320e-30 
2.1926391500e+34 
1.0939608154e+03 
-7.9493040573e-33 
2.4252932995e-11 
-7.9680396866e+34 
6.3293150741e+32 
1.2016218983e+16 
-7.2964394349e-07 
4.5371003723e+15 
7.6007331848e+01 
-3.6414261760e+09 
4.7889286074e+26 
-6.5104393018e-35 
6.3625669358e+35 
-3.5198005386e+23 
-6.4112623719e+33 
-1.4706451953e+37 
2.8119614564e+30 
1.9965397918e+33 
9.2169587685e+32 
1.6217190400e+08 
2.2198129973e+20 
1.9237027840e+09 
-1.3694140416e+11 
7.1363050665e-05 
3.5430750847e+00 
2.5701216420e+13 
-2.0385929922e+31 
2.0873540432e+36 
-1.3974085450e-03 
-1.8876361847e-01 
1.6565455220e+37 
-2.2483069191e-32 
1.9463228941e-17 
3.7884033203e+01 
-2.1115643796e-35 
8.7320327759e-01 
-2.3422479345e-23 
1.9279040226e-29 
2.5034832328e-31 
-1.1859696042e-30 
1.0780711510e+18 
-1.2872620966e+13 
3.2602452499e+14 
-1.4400275610e+32 
-1.4611345250e-05 
-1.4031189741e+27 
-7.3032427061e-25 
2.9533935104e+18 
6.8349336573e+28 
2.2152010868e-37 
-2.0148215356e+33 
2.4218278657e-29 
9.3869144567e-38 
-3.5291598511e+02 
4.5089941927e-18 
-6.9818340030e-32 
-1.2933834447e-23 
-1.0105126190e+02 
9.9404101537e+32 
1.3788569204e+33 
-1.0180166432e-10 
2.0840977299e-07 
1.8672350627e-28 
-3.5453639713e-34 
-7.6941567267e-13 
-5.7215866880e+09 
-1.4949045199e-15 
7.3378148954e-04 
2.4099621094e+04 
1.8873089822e+31 
-3.8413126792e+29 
-1.8237394861e+19 
-7.9974789132e-19 
1.3016973784e-11 
-2.7379228611e+23 
-2.2006902290e-31 
-1.2612046358e-15 
-9.7382640357e-25 
-9.6643648148e+00 
-2.3674023481e+15 
-2.5317439740e+29 
-3.0850002295e-27 
3.4163023398e-36 
1.7418616896e-11 
-3.5034821075e-30 
5.5262215974e-25 
1.6733407389e-21 
4.9956124276e-03 
2.2184889483e+37 
1.6583398226e-32 
-1.1154605470e-15 
-4.1374865000e+06 
3.6316314663e-20 
3.5444736000e+10 
-3.0660024713e-28 
1.1772693153e+22 
-1.7422635000e+06 
            nan 
4.3371444917e-05 
2.3279099200e+08 
1.1737163419e-07 
2.1687173221e+16 
8.1773170482e+29 
-1.6107097864e+00 
-1.2808778575e+18 
-3.9254052101e-30 
-4.2623225181e+37 
2.4363471397e-26 
-5.6417537309e-08 
8.1878867137e-20 
1.7293316126e+00 
-1.1431165042e-10 
-7.4153576597e-30 
-2.6050712546e-33 
-9.5801548800e+10 
-2.5032008350e+32 
-3.6806368697e-37 
-2.8347921344e-08 
2.6577516954e+11 
-8.4727597891e+22 
-1.2142109843e+16 
-5.9549261998e+16 
-4.9883790625e+05 
-2.5612256323e+15 
-2.0172869141e+04 
5.9287142391e-35 
-9.4910626210e+21 
-1.0381784821e+02 
-2.1193601280e+09 
1.2340225638e+12 
4.2391134720e+09 
-8.8331540503e-17 
-1.2356570457e+33 
1.7434007306e+13 
4.9193471600e+14 
1.7641467867e-17 
-4.5871876355e+26 
3.6985577316e+30 
2.3157961426e+03 
-1.4951623483e-34 
9.9998466396e-08 
-1.1622640306e-36 
-1.6343445180e+20 
-9.7043062784e+10 
5.3870885495e-06 
-1.1469433466e+31 
-1.2188184647e-30 
1.4273556118e+38 
2.2109403783e+20 
-8.8428349440e+09 
3.6363913860e-14 
1.1280903512e-12 
-1.4072552013e-08 
-1.0019619288e+26 
5.8236089276e+31 
5.7491299248e-22 
-2.0124897209e-34 
4.0513905828e+33 
1.1735898296e-32 
1.6896692763e-36 
-2.2808273048e-09 
-6.5725899982e-26 
-8.1362770081e+01 
2.6195461426e+03 
2.1133982754e+32 
            nan 
-1.4457764985e-09 
-2.3931095312e+05 
-4.5605177412e-09 
7.1525375598e+31 
5.6668207981e-03 
3.1411452801e-04 
-5.6443210405e-16 
-6.9797879457e-01 
-4.8809777026e+20 
2.5883576301e+30 
7.6609025030e-26 
-1.8529743295e-09 
-1.9035010714e-32 
2.2347336426e+03 
1.6930156250e+06 
-6.3790291640e-36 
-6.2418945311e+12 
-1.8884415947e+18 
1.1138041318e+33 
8.9568516348e+14 
-7.0538766413e-17 
3.6682949120e+09 
4.9607311565e-26 
5.4564476630e+20 
1.8571347506e+24 
1.6779653409e-18 
6.4550000900e-08 
4.5662860296e-38 
-3.0033139092e-34 
9.9777181250e+05 
1.1574675138e+15 
1.6832167789e-15 
-1.4943576616e-06 
4.4950667376e-16 
6.3767447595e-32 
-1.1533581066e+38 
1.3136918614e-28 
1.0611639271e-28 
7.1946721690e+37 
-2.5404581265e-06 
-4.1462429046e-09 
2.2585986155e-14 
2.6089995456e-20 
5.6832206416e+17 
1.6170537841e-21 
-2.6258298000e+07 
2.0941590933e+19 
3.7215884466e-26 
-1.6980543213e+03 
-3.7511282291e+18 
-2.8976244706e-37 
7.1561726608e+20 
-3.6185823847e-03 
-1.5872341558e+27 
2.7761102676e+01 
-1.1016635675e-19 
2.7817833424e+00 
1.5059114191e+16 
1.9507574125e-36 
1.3343915000e+06 
-7.8465450166e-25 
5.5362519902e-08 
5.5786953333e+26 
1.4427714348e+00 
3.7398273402e-29 
-2.4986653223e-33 
1.7914656837e-16 
-2.7429918720e+09 
3.5369996040e+19 
-1.5102635000e+06 
-5.0349637288e-34 
3.6994831010e-16 
4.0928846807e+12 
-3.2998456398e-12 
2.1211141348e-01 
6.0643479989e-20 
1.2642087026e-29 
-9.8798426593e+23 
-2.0727056265e-01 
-4.3012780000e+06 
-4.4042055413e+28 
8.3214239121e+36 
-1.2402547544e+29 
            nan 
5.8684322999e-15 
8.9987216788e+22 
-2.2957743589e-21 
-4.8506757594e-05 
-1.2521875512e-34 
-1.4633498588e-29 
-2.7684336757e-14 
1.1661744141e-20 
2.6983948882e+26 
-5.9982683673e-28 
2.1276628241e-20 
-1.1932357330e+15 
2.8672514385e-39 
-4.7368663218e-05 
1.5659965129e-06 
-1.5674308777e+02 
3.5677702112e-12 
-6.0739010560e+10 
-1.7552241616e-07 
6.0963460946e+27 
3.3450571101e+16 
2.9495842719e+34 
1.5360123058e+31 
3.3274931982e-25 
6.9110671977e-28 
-2.4653634354e+22 
-2.5220406358e-35 
-2.1390741348e+01 
-1.8921780335e-16 
-1.2292329821e-08 
-5.3215062508e-05 
2.3868045901e-05 
-1.2405240897e-11 
1.0369580061e+18 
-3.3086199253e-13 
2.5018995779e-37 
-4.3292382439e+37 
-1.9767864283e+35 
-2.3588619141e+04 
8.1197153877e+17 
1.2415338979e-08 
-4.0423855227e+12 
2.0325697126e+11 
7.3812089434e-33 
-1.2362330951e-24 
-1.3152176837e+36 
-5.6758481264e-01 
1.2282916326e-30 
4.4523350511e-23 
6.8517662878e-33 
3.8322408252e+23 
-7.2153936766e-25 
1.2221763283e-01 
-1.8325764442e-32 
-1.1492931094e-23 
-1.5955879644e-04 
8.9841742173e-14 
-1.7265501029e-08 
5.8907384445e-25 
5.7265413997e+17 
-1.2641036250e+06 
-5.3787458688e-02 
-1.0671886687e-13 
-2.4838678255e+22 
2.1826545543e+29 
-1.4861256132e-18 
4.1871441300e-29 
-2.4747881560e+36 
-7.1934588408e-19 
1.9844069696e+18 
-2.3913292289e-15 
2.4392046156e-31 
-6.3571192186e-06 
3.4377262701e-29 
-3.4756511662e+12 
1.2480100849e+21 
1.1266371840e+09 
-2.4247229523e+22 
7.2733635379e+13 
-5.7865584340e-14 
-3.7035210240e-32 
-1.3643409821e-16 
4.4606943308e-33 
3.2471709817e+38 
-6.4315463975e-18 
-5.4640037681e-26 
-8.3972882144e+24 
3.8960526577e+18 
3.1504648792e+14 
1.5138868902e-24 
-5.0882321596e-01 
5.6792492301e-37 
4.9609972000e+07 
-9.8623166402e+14 
6.3083929622e-25 
-9.6969538047e-36 
1.8011346097e-36 
1.1267803982e+31 
1.4816891635e-03 
1.3933222298e+12 
1.0981934979e-11 
-7.4746600856e-21 
-4.8377797852e+03 
1.6889301374e+34 
4.6790386119e+23 
-2.0396972916e-16 
6.1139276113e-06 
5.7125238281e+04 
-1.6257572397e+24 
7.8919707680e+20 
-2.3919918400e+08 
2.6013788223e+01 
3.3823532253e+13 
-1.7121676218e+37 
-2.7863921087e+29 
-1.1122280412e-21 
-4.5824734737e-18 
-9.9056593277e-14 
4.3420252800e+08 
-6.3340343929e-24 
2.2121715165e+36 
-1.5685990671e+38 
-6.9429411942e-38 
-1.3040365800e-38 
4.7046613832e+34 
-2.2111510000e+06 
-4.4373614567e-35 
6.5153700858e-22 
-5.9365548188e-17 
-3.3930402700e+15 
-4.4540006822e-29 
1.4855247410e-33 
-3.0694117188e+04 
-8.0320083917e-10 
-4.0472703404e-05 
7.6175956975e+34 
-2.7524841630e+33 
2.2752346922e-06 
8.6836581134e+37 
2.9033733738e-24 
5.4261668489e+18 
-2.2756025213e-36 
9.9235219795e-27 
1.1257248929e-36 
-2.2572040008e-31 
-2.7789735485e+16 
2.2367238270e-12 
7.9627169105e-28 
7.1377570521e-08 
5.8331377922e-12 
4.5974745558e+17 
4.2695362745e-16 
3.9913985361e-25 
-6.4189152007e-16 
-2.3709717425e-05 
            nan 
5.9507124206e-06 
1.8483983441e-11 
-3.4606945927e-20 
-9.0673247458e-18 
6.2892586763e-17 
-1.5066313066e-27 
5.9389124729e-09 
4.7351511396e-34 
-2.3411846756e+35 
-1.2141076756e+38 
7.6907951410e+26 
-3.0726556854e-09 
-5.8887201781e-09 
4.4142730469e+04 
1.2545932259e-04 
4.9960198803e-23 
-1.7879449808e-32 
1.9038436221e-05 
-8.7138721391e+28 
-5.9974743527e+34 
-4.2436332000e+07 
5.8477299103e-33 
3.4601947564e-35 
3.6761600476e+32 
9.5466183800e-36 
4.3173836641e+21 
-3.6598588645e-37 
3.7655890347e-23 
3.8395323471e+28 
2.4313958740e+02 
1.0493979492e+03 
-4.4509541861e-20 
-2.8245002326e-37 
2.2749195235e-32 
-3.6382853985e-01 
-6.4288392389e-22 
-1.7781697445e+25 
1.4895784480e-31 
9.4580192000e+07 
-1.6872085914e+12 
-3.1030509379e-21 
-1.1862139218e-03 
-1.6612174328e-32 
1.2532649994e+01 
-7.1358687688e-17 
-1.5017765934e-22 
-4.6683658428e+18 
-1.8669738893e-06 
3.7210779413e-17 
-1.2094637269e-35 
-5.3399017306e-32 
-1.7276960769e+27 
-2.6572331535e-07 
-5.1933447248e-29 
-1.0233310604e-05 
-6.6134580451e-12 
-6.5514689908e-34 
1.3661522893e+29 
-3.6311849952e-02 
3.8094168392e+12 
6.0954964394e+13 
-2.8622137815e+26 
-2.9945430000e+06 
-1.5330489139e+11 
-5.7979631839e+15 
7.0010640047e-16 
-1.2718639475e-09 
-3.0432618908e-35 
-2.3388166554e+11 
9.3750352579e+22 
-9.9053823870e+19 
-4.9939563755e-27 
-2.8386114525e+37 
2.9027967230e-07 
8.7541772461e+02 
-1.2902657338e+31 
-1.1751903668e+29 
2.9062763819e-24 
            nan 
-1.7114726839e-25 
7.5887268691e-11 
-9.5120612568e-35 
-8.2635244859e+26 
-1.6862038583e-31 
1.2705924502e-14 
-1.5096683594e+04 
-1.1817376938e-11 
-3.2122144064e-38 
5.7035547031e+26 
4.0081920438e+29 
-6.0778086077e+37 
-4.8252324697e+29 
-2.1927547488e-30 
1.4780254450e-29 
4.7866013286e+11 
4.2575725593e+13 
-5.0303728000e+07 
-3.6219607040e+09 
6.5207489124e-37 
-2.8296841499e+38 
4.3402378913e-11 
-6.6090041344e+11 
8.5344246480e+18 
            nan 
1.7090735728e+16 
3.4507111023e-23 
-6.5227195591e-06 
-1.3749286282e-20 
-1.1459772000e+07 
4.2567787500e+05 
3.5648558758e-12 
-1.4926427603e-01 
4.2916734566e+11 
2.4519776000e+08 
-1.5707296133e-01 
4.9311268027e-33 
2.7163866889e-07 
1.8103482038e-13 
1.8123359414e+14 
-1.4333520065e+23 
-3.0254456000e+07 
1.3178102459e-27 
-1.6576033879e-09 
-2.7036033134e-11 
-2.1784187347e+35 
2.0772119751e-04 
2.6013458432e+10 
-5.1280099360e+31 
1.8567444611e-32 
5.5503734375e+04 
-6.9358549081e-04 
-2.8083018484e-32 
1.0932748040e-08 
2.3840693750e+05 
1.4373882474e-33 
-2.1415287299e-19 
2.2522993959e-07 
-1.1936392242e+27 
-5.2963590537e+14 
3.5430972913e-21 
2.0823416000e+07 
-9.2178510371e-23 
-8.4235097120e-08 
1.8046312104e-35 
-3.6347619243e-06 
-5.1377405456e-17 
-3.4527305862e-23 
-1.8737093750e+05 
-2.6449870049e-38 
-9.3507301331e+01 
-3.9764345362e+15 
3.7297623323e-10 
4.4580995145e-11 
-3.6887352932e+35 
-2.9815239031e-05 
-1.1387101826e-14 
-2.9280823296e+10 
1.0411713346e+18 
8.3649181250e+05 
2.3222010278e+17 
-2.3338992197e-11 
1.7205597032e-05 
4.4831318020e-13 
3.8800031439e-13 
-2.2405414956e-37 
2.1730255360e+09 
2.6917857280e+10 
-3.2251123608e+23 
-1.2062791044e-10 
-2.6296023941e-28 
1.9159752000e+08 
-5.9216259674e-10 
-2.0060826829e+11 
            nan 
-2.3836466880e-06 
3.4748640946e+14 
-3.6499976042e-30 
-4.8683177476e+13 
-2.7525275704e-36 
-4.7098325220e-38 
-5.6094249885e-05 
-2.8809834723e-33 
-4.9222170940e+21 
-9.3020523768e-32 
1.5244123238e-12 
-9.8839868267e-29 
-6.7601201564e-34 
6.9328889346e-20 
3.0107355000e+06 
-2.9785610635e-19 
1.1655897491e-35 
-2.8304957695e-32 
-2.0645156216e-16 
6.9482751402e-20 
6.7532506500e-22 
-1.4514744568e+02 
-2.4533883987e+18 
-1.9194481404e+24 
1.3505398296e-02 
-6.1944989619e-28 
2.5307032000e+08 
1.5896938503e-37 
3.7192705847e-16 
-1.6755325508e-25 
1.9454846000e+07 
4.1104541634e-25 
-7.1583271051e+37 
3.9991495809e+31 
-3.3018527483e-16 
-1.0498649202e-31 
-8.1912938735e+36 
1.7052542000e+07 
-1.5218909437e+18 
3.7278208830e+25 
-3.0718788493e-38 
-3.7824252074e+32 
9.3423019699e+21 
-2.3491139994e+11 
-1.1105321503e+02 
-3.0990207034e+29 
2.9825109213e+15 
2.3586682656e-36 
6.0429660742e+35 
-5.8680137876e-23 
2.5298533630e+02 
1.9845125000e+04 
8.2018735947e-31 
3.1257534849e-28 
4.0448122946e+13 
9.5471585122e+23 
2.3120650315e-27 
2.0626806001e-29 
-1.8652173139e-09 
2.2225183184e+33 
-3.7868960000e+06 
3.5905544073e+37 
4.7079895538e-11 
1.4401692897e-04 
-1.4982289853e-09 
4.9423526658e+13 
8.3628957147e+21 
-1.9354460761e-02 
-6.5072958932e-06 
4.4867733158e-34 
-1.1431567823e-18 
-1.3207600800e+08 
1.7431043299e-24 
1.8687909968e-19 
1.1468748438e+05 
4.0368528166e-17 
8.1247990238e-06 
-8.1417182617e+03 
7.2101486144e-26 
-1.3920014554e-32 
-6.5440249273e-06 
-1.0378568627e-24 
-2.0222545994e+17 
-3.8837453167e+14 
-2.7004927318e+14 
-1.5725384465e+27 
3.4133015634e+17 
3.8489841309e+03 
8.0007555266e+22 
-3.0188840866e+01 
5.6177954128e+14 
-1.3358079328e-17 
-4.3285396875e+05 
2.3171842098e+00 
-1.1130826387e-24 
8.0158713841e-34 
-3.7503237256e+22 
-1.5514873536e-24 
1.1657488426e-18 
2.2595006876e+21 
1.3784781288e+16 
-2.9439080469e+25 
7.9540150000e+06 
-6.7540024934e-16 
-3.4454085518e-26 
3.9876026368e+10 
9.7191641099e-20 
1.0218710789e+24 
-2.9894619849e+35 
-4.2002456030e-04 
-4.3405930412e-18 
1.2630420239e+30 
2.8903296375e+32 
-3.1112152500e+06 
7.8146781250e+05 
-2.0702751810e-16 
8.2865551714e-14 
1.4121391307e-15 
-2.1080520386e+26 
1.2797996250e+06 
-5.4504528365e-30 
-1.9400753644e-17 
3.3281120666e+12 
1.3121674801e+30 
-4.5096192025e-07 
-1.8850219598e-25 
4.0928846423e-10 
2.9750007670e-03 
2.8572261333e-01 
3.3339723945e-02 
6.4209051435e-32 
1.1903456687e+28 
1.3226229105e+12 
5.3177089850e-32 
1.2763318606e-02 
6.3602311502e-20 
-4.3245498657e+02 
1.7956619141e+04 
3.4753696524e+36 
5.5644288929e-16 
2.3928153384e-23 
-4.0477502345e+34 
1.0656518144e+11 
2.3679726208e-26 
-2.9611344559e-37 
2.4029761055e+23 
2.0376179425e+26 
-9.0908476562e+04 
8.0779762268e+01 
3.9976014987e-32 
-7.3596805909e-34 
-3.4045121323e-12 
3.5123480190e+16 
2.0631286807e-19 
9.5363156439e-25 
-4.3711251888e+20 
3.6187881131e+14 
2.6114922547e-34 
-1.0444761963e+03 
3.3985207681e+26 
-3.9084952500e+06 
-3.7269169293e+35 
-5.5147022499e+27 
-7.3729454081e+15 
5.5697131936e+20 
-4.3110608855e+33 
-2.2117041409e-31 
6.5429196106e+23 
1.0233804594e-32 
-4.7399463761e+14 
4.4405922726e+13 
6.1722067801e+27 
-8.8246289543e+33 
-2.5880536604e-21 
4.2608171859e-35 
3.8853432083e+17 
-6.6745350800e+33 
-1.2647349613e+32 
1.5461669009e-23 
1.3591816336e+27 
-3.4640648041e-26 
9.7659910997e+30 
-4.3544893920e-35 
4.2949386701e+31 
-2.5925553470e+32 
-1.3060505764e+38 
-2.5147088527e-14 
-1.3730137916e-34 
6.1983076385e+13 
4.6689932682e+20 
-1.2953851768e+33 
1.4619596250e+06 
-1.3349571620e-34 
-4.9075448051e-39 
-2.5256900699e-04 
7.2511132984e-25 
3.3925198192e-27 
5.7290420169e-39 
8.1760806502e+11 
-2.7309119141e+04 
-4.6297883928e+35 
6.0134241176e-16 
8.6068855902e-38 
1.6567923051e-22 
3.6329354852e+31 
6.9329981250e+05 
-8.4119606018e+01 
6.7592797852e+03 
1.1661309570e+04 
1.0704179992e-20 
8.4839346342e+19 
-9.6721294005e-22 
-2.9511513474e-34 
2.2928119141e+04 
3.3148328609e-28 
-8.7446667254e-02 
6.3591985000e+06 
9.5974779096e+28 
-2.8745886227e-10 
-1.9550257230e-25 
2.1373141457e+27 
8.6379659011e+37 
-9.0760341845e-04 
2.2872826084e-03 
1.2692428589e+02 
2.8769496801e-19 
-2.1939122982e+28 
-1.8921369314e-01 
-1.0541308594e+04 
1.4031900516e-30 
2.8482021885e+19 
2.0750416348e+22 
-1.1264217665e-35 
-5.3474741977e+13 
-5.8401917319e+16 
-9.1800585938e+03 
-1.7448496819e+00 
-7.9875754500e+36 
-5.8365547789e+21 
-1.0862751485e-21 
8.0562585600e+10 
7.1701858046e+18 
1.2565683126e+00 
4.6396194565e+33 
1.8007068074e+33 
-1.8624702446e-26 
-4.7242324143e+23 
-1.5462734189e+26 
1.7343357478e+29 
1.5808090604e+13 
1.6047539911e-22 
6.5648033248e-25 
-4.1286837000e-35 
4.7781092407e-26 
-4.3556039429e+02 
-1.1502311577e+27 
-1.5915342719e-25 
-1.1761525087e-08 
-3.1999577582e-32 
-3.3000649730e-31 
-3.0074698010e-27 
-2.2254817188e-02 
1.8493453972e-03 
2.6627145487e+22 
-4.7234734375e+04 
2.8986678444e-06 
5.5176503734e-18 
5.4259537137e-05 
2.1564352400e-16 
8.4581459261e-22 
1.6859059325e+38 
6.7722484401e-22 
2.6465325474e-35 
1.0306147840e+09 
2.1662629888e+11 
-2.8058972229e-16 
-2.7089521221e-30 
8.9411478221e-10 
1.3273905666e+17 
-4.1482328866e+35 
6.8782944263e+27 
1.4010490281e+26 
-5.0765909960e-32 
3.6665790880e+33 
1.2293779948e-17 
9.7953319773e-34 
9.3616043736e-13 
-2.2145103583e-19 
-4.4816172524e-23 
-1.9412486055e-22 
6.2587839850e+36 
2.3264666222e-15 
-3.3188466827e+33 
2.2533290088e-02 
-2.2367676720e-03 
-6.0278735313e-25 
2.6736587500e+05 
-1.5163309399e-06 
-2.3335916516e-16 
-3.5805257699e+37 
-1.5009508124e+14 
3.0598416828e+25 
6.4039324733e+24 
3.7933781982e+14 
4.6727158153e-21 
5.8419581131e-18 
-1.3994879143e+14 
-2.2288722903e-06 
1.4364247909e-04 
-4.7570306415e+32 
1.7058502400e+08 
-7.6632595950e+18 
4.5064614687e-34 
-3.2174069760e+09 
-4.4461998427e+20 
4.7233513638e+20 
8.2868140000e+06 
-1.6226717155e+22 
2.1141192963e-11 
1.6089413752e-24 
8.8756685257e+00 
3.1720826000e+07 
-1.1358019326e+20 
6.6259446144e+00 
-8.0891259191e-35 
-4.2297413069e-28 
-1.5142167405e-22 
-1.1944283341e+12 
2.1050285097e+12 
-1.6583869000e+07 
-8.8665014795e+29 
-6.2278907056e+20 
1.2692735312e+28 
2.1270192519e-04 
5.3274819200e+08 
-3.9220624000e+08 
-6.1653996541e+29 
-7.2168184213e-19 
2.7783071513e-18 
-5.8277528733e-03 
1.3956214784e+10 
8.0106442313e-12 
4.3619712910e+24 
7.1640917969e+03 
7.9730044999e+26 
8.9434215589e-10 
-6.1385917969e+03 
6.4569975318e-27 
-6.8542474721e+25 
-2.2763592957e+16 
2.9317355520e+09 
2.0009215272e-25 
7.8040452301e+11 
-1.7125501472e-05 
1.5195282532e-11 
-2.0754669240e+12 
1.0526396000e+07 
9.3790982381e-37 
-1.2347567235e-07 
-1.8944888000e+07 
1.4445463457e-19 
1.8550693993e-37 
-1.2608989446e+24 
9.2605829963e-27 
-1.2261466695e-28 
9.8925902751e-24 
-1.1572832985e-32 
-3.7595187380e-12 
1.0243252648e+31 
-8.8789682749e+12 
1.9750347438e+27 
-5.9882167969e+03 
-1.5872028136e-09 
1.0150159974e+11 
-2.1990805941e-36 
-1.3540734093e-34 
-1.8617737560e-12 
7.1723521818e+15 
-1.8990454000e+07 
1.3626595512e-11 
-4.1469198274e-14 
4.7649150848e+01 
8.9251290898e-18 
-7.6030810305e-05 
2.4716023242e+17 
2.5762598474e+23 
-1.9838658572e+30 
-2.6738405482e+29 
-2.8694795367e-36 
2.4136478476e+27 
9.1791315671e-27 
1.6056123916e+13 
-1.5359556753e-14 
-1.5194203200e+08 
8.0416833674e-15 
-1.4220923848e+30 
3.9389786720e+00 
-1.8355627622e+11 
7.5265439227e-03 
-7.1147134227e-35 
6.4118669927e+37 
1.8450424875e+30 
-7.3163123131e+00 
8.7660677708e-39 
-8.2544339364e-08 
2.0085240000e+08 
5.3043195079e-21 
-4.0975160242e+37 
1.1966758493e-35 
-1.8183972861e-04 
-1.2452428608e-39 
1.9181886728e-06 
5.0627487898e-01 
9.2424166390e-24 
-2.9081864954e-12 
1.9421480361e+27 
2.3043182421e+30 
-4.6243432951e+23 
-3.1547921100e-37 
3.1762761365e-35 
5.0906314847e-16 
-9.9342973606e+33 
2.9420185732e-10 
3.0017605120e+09 
-4.6071282679e+18 
4.1337065682e-07 
7.0094758954e+36 
-3.8365400195e+28 
-3.5701534216e-05 
7.0880340214e+13 
4.1256739200e+08 
1.1888899171e-32 
-1.0213924597e-33 
-3.6870649575e+37 
-2.7961806908e+16 
2.2571489566e-08 
1.8212387414e+26 
-7.4674097357e+11 
-4.3041547498e-21 
-1.3246558750e+19 
5.6400178437e-05 
-5.1362584375e+05 
2.9800602526e+26 
-6.4284047649e-14 
9.0021366013e-13 
5.2079596389e-19 
7.2366635538e-37 
-4.4847955798e-27 
-8.3267903488e+10 
3.6837455829e-12 
-5.6971558066e-37 
            nan 
1.4691334209e+17 
1.4302318428e+12 
-4.9403869638e-24 
-7.4770681204e+25 
-4.7375806858e-24 
1.4721512082e-29 
-2.1057525627e-24 
6.1073974898e-26 
-1.2563776476e+25 
-6.0981227520e+10 
-1.5694953750e+06 
2.4218552016e-23 
6.9864824317e-18 
-3.8934764000e+07 
7.4751873016e+00 
-1.4131235701e+19 
1.6246880003e-26 
7.6834792326e-14 
-2.8908806557e-30 
2.9581490255e+26 
-1.3750304222e+01 
8.3586208522e-02 
2.1157254602e-15 
-3.6450181339e+34 
2.9356442381e+15 
-7.4810277233e+13 
1.1371645354e+20 
-3.3196734250e-10 
3.1880496148e-29 
-6.6393656541e+36 
1.0083347294e-24 
-2.0081168014e-18 
-1.8613273207e-26 
-5.3317220898e+21 
4.0429321726e+16 
-7.7942977441e-06 
1.6865959109e-14 
1.0206225852e-04 
-9.5412411305e-10 
-3.0521592198e-11 
1.5309415345e+29 
-1.6827702822e+21 
5.8490355036e+25 
3.6163406250e+05 
2.8339716933e+21 
1.8439924613e+12 
4.0568466826e-14 
-5.3304559111e-20 
-1.6041284077e-18 
-1.9619574303e+21 
1.4957256440e-29 
-1.3877336979e+00 
-5.1411985165e-30 
-6.6754861304e-23 
-1.7147020656e-17 
-2.0964967728e+01 
-4.2307805991e+29 
-3.2206247362e-22 
-2.8284151280e-13 
2.2556821980e+21 
1.1390211348e+31 
-2.2642424047e-10 
-5.8877798992e-31 
-4.9410472404e-24 
1.1423886143e-10 
-1.0065373570e+30 
-4.4621761719e+04 
7.3967160175e-10 
-7.4746515970e+25 
3.6104590981e-04 
-1.7557154626e-22 
8.6609432000e+07 
2.4702206976e-24 
2.9560239116e+16 
1.1215723728e-17 
5.2194966063e+31 
-2.9324637394e+37 
3.4355414347e-11 
-1.4038047759e+14 
-1.9542759586e+27 
-5.4141707007e+37 
5.5142743054e-34 
-6.1116347561e+28 
2.4413286133e+03 
-4.7587782145e-01 
-2.5445825956e-17 
2.9870898461e+38 
3.4262101610e+25 
7.0703156266e+23 
7.7495481096e-17 
4.2864637976e+15 
1.2057023475e+34 
-6.4322508143e+37 
-5.8872074646e-35 
-1.8161331960e-19 
-8.8951862911e-14 
5.3106473697e+13 
5.4814984000e+07 
5.0070935686e-05 
-1.8591150738e+38 
1.2193481234e-04 
2.6119020835e-10 
6.4261462320e-33 
-5.1069583893e+01 
-7.9162262836e-24 
-4.9056701660e+00 
-4.2550600000e+05 
-3.5169551197e-36 
-3.9937185647e-07 
2.4103210308e-05 
2.7920985268e-18 
-2.0771705288e+27 
1.9445112393e-19 
-2.7681089232e-14 
2.6881285689e-30 
-8.1871552734e+03 
-9.5921828386e-19 
-5.3602665039e-39 
-5.1572187500e+05 
2.6238773376e-09 
1.3285096735e-02 
-1.1053524637e-28 
-4.2783445442e+35 
3.5986853888e+10 
-5.1224756224e+10 
1.3147378422e-13 
1.7371749138e+35 
-1.1750690783e+13 
8.9163692163e+23 
4.9944569287e-15 
-1.0966795955e+27 
-3.5717228700e-22 
9.9397111626e-06 
2.1398342129e+29 
1.3585360863e-33 
-8.3647003662e-22 
1.4402016905e-12 
-4.8817321713e-12 
-7.3083324060e-15 
-2.9791956662e-13 
-1.5386021451e-35 
2.9942279550e+35 
4.5944727093e+29 
9.1529534029e-26 
-6.9294750999e+37 
-2.0970855261e-12 
5.7413415256e+32 
-1.6577664789e-21 
-1.5127197000e-31 
-5.1507172350e+28 
8.1759840369e-32 
1.8649854985e-35 
4.7194514963e-09 
-1.6332410269e-06 
1.4356775317e-12 
1.6259516000e+07 
1.6516622080e+09 
-8.1645678460e-19 
-1.5341232451e-10 
-6.7374473572e+01 
-2.3835327727e-24 
-3.6120556558e-30 
2.7384526645e+23 
-1.7294590175e-01 
1.4356434188e+15 
-1.4209428301e-08 
-2.3857844224e+10 
-9.9982458840e-17 
1.5068181391e+26 
-9.0833808261e+12 
-1.3645187237e-38 
-9.0781868784e-13 
2.0461007111e-08 
-2.1270011902e+02 
-1.1443274298e-15 
-1.7597666252e-25 
2.4066305161e+00 
-1.0515115811e-17 
2.2412021484e+03 
-1.8256461308e+34 
6.3528507948e-02 
5.0777646247e+23 
1.5342909346e-27 
2.8610267457e+33 
4.3896700480e-28 
-1.8107595000e+06 
4.9333093873e+17 
-4.8281199270e-06 
3.5252009645e-11 
-3.5984557212e+13 
-2.6120229721e+01 
1.1968247236e-05 
2.6070086956e+00 
-5.0441586366e-31 
1.5181009521e+03 
-1.2270285898e-09 
-1.2253339402e-02 
-1.4433691742e-10 
2.0739971101e+31 
-5.0515587865e+21 
6.5887539868e-10 
-1.4854745752e-37 
3.4072553776e-18 
-5.7667522430e+00 
-3.6674036457e+25 
-3.5265396831e-14 
5.9918462634e+29 
1.7882099993e+20 
-9.3589534345e-07 
-2.7504447114e+15 
1.7343119141e+04 
-1.4487489265e-27 
4.8201109203e+21 
9.8185237221e-06 
-3.6818845092e-14 
8.5832390060e+19 
1.4950906305e-35 
-2.2999923916e+38 
            nan 
9.2295064321e+19 
2.0873175744e-20 
1.2891304920e+30 
6.3814651101e+28 
8.8581803720e-04 
6.0554700678e-34 
-1.1829625279e-08 
-3.3017154241e+13 
1.8870157890e-20 
1.5060135722e-01 
-4.9939052597e-24 
-1.5854154626e-19 
5.6862300745e+25 
1.1480704254e+36 
1.1221972900e-32 
4.0245524761e+34 
1.2276683921e-33 
-1.3203882295e-29 
-1.7457079375e-03 
-6.1540711215e+32 
8.2603339423e-22 
-3.6839907840e+09 
7.1896452566e-25 
-7.7453251476e+31 
-4.0878431821e-29 
2.8496174185e-30 
-9.1311616898e+00 
-2.2357701255e-06 
3.4668509383e-12 
8.5186368576e-38 
-4.6363452654e-19 
3.2630758286e+00 
4.3763849809e-17 
-8.0973063270e-15 
-2.3162566400e+08 
-4.0132314870e+22 
-2.6370490397e+33 
-3.7455125593e+16 
5.7524468128e+37 
-1.6169199390e-25 
-5.8339775068e-13 
1.7992826000e+07 
-2.7822895450e+20 
-4.6680086463e-09 
-1.5023559587e-28 
-2.4259081309e+21 
5.3180612073e-28 
7.3071000241e-28 
-8.4280930000e+06 
1.5987316370e+00 
8.3471288367e-21 
4.9909492285e-27 
8.5197447691e-27 
-4.4503265336e+28 
2.1332368635e+18 
6.8964545724e+13 
-8.3197887043e-36 
1.3113078239e-05 
-3.9005657959e+02 
-3.7792073370e+32 
-1.0452748065e+28 
-3.0272399558e+22 
-1.9674585995e-18 
1.8074338899e+25 
-2.7809990865e-17 
-1.5187203806e+28 
1.6459981706e-19 
4.3052647100e+30 
-1.8542517136e-37 
2.9469128698e-02 
-8.2907217920e+10 
2.5336978427e-37 
1.6517912373e+29 
9.0806633950e-20 
-7.1883455467e-27 
3.3682572349e+16 
3.1503793154e+14 
9.5517052764e+14 
-9.9886532198e-31 
3.5964777670e-23 
-1.3119016507e-12 
-5.6374396991e-06 
9.3181538990e+29 
8.2055954920e-08 
4.5897790442e-29 
-2.6789952474e-34 
3.6158171444e-27 
-5.6412875652e-01 
2.8036451395e+19 
4.2776523702e+13 
9.0705634941e+20 
-2.3861338590e-35 
-8.2560139264e+10 
2.4243367030e+15 
-4.6578698866e+14 
5.4545935203e-25 
1.0485148438e+05 
-5.7684113747e+34 
1.5530530875e+16 
3.9397901142e+31 
-9.1887535015e+29 
-2.3155449021e-32 
1.0813611741e+34 
5.4970576563e-26 
-8.0672804045e+11 
1.0406242812e+36 
2.5343468643e-12 
3.2600762893e-16 
5.4163809008e-24 
4.6146770442e-25 
-3.5214219528e+34 
-3.8800403076e+34 
1.6974406036e-22 
-6.1499065964e-37 
-3.3654221236e-25 
-1.1234762279e-32 
4.9765933386e-37 
-3.2715676985e-31 
-1.5380122165e-26 
-6.6225464660e+37 
-1.4770600200e-01 
4.5355728896e+11 
1.2379384771e-06 
1.6457712525e+37 
2.9963993056e+22 
1.3168554240e+09 
2.4698289213e+31 
-5.7390886721e-23 
2.2884014327e-30 
8.6262645027e-07 
-1.3684079479e-17 
-1.6079181210e+27 
5.7150114328e-02 
9.0751928711e+02 
-9.2024511232e+24 
9.3862876892e+00 
-2.4399201894e+11 
7.7027307015e+30 
            nan 
-2.3563809617e+19 
-1.6853637212e+17 
5.5102766129e+33 
-9.8223179590e-11 
-5.9426242338e-30 
-4.3666357603e-30 
-1.6953412000e+14 
3.1031122208e+01 
1.7200766290e-38 
-5.6260188565e-13 
5.6350745852e-38 
3.2417629383e-34 
6.8634074680e+34 
-1.7328982693e-25 
-3.2750708478e+21 
-3.8957464976e-37 
-2.2909775341e+31 
3.6860572436e-05 
2.0483177058e-13 
            nan 
2.3242927583e-08 
-1.3085368145e+23 
3.4761595187e-13 
1.9407470422e-11 
-9.1090216064e+02 
6.9816820747e+14 
-4.1085123920e-36 
5.8787492814e-31 
2.7546263044e+37 
-1.6659913122e+26 
-1.4398497291e+19 
3.1015877624e-33 
-1.8355829239e+01 
-2.4168457726e-31 
-3.4377355647e-21 
9.4012368486e+11 
-4.1188501623e+19 
-3.1209937440e-16 
-6.5820043860e-10 
-1.5690212068e-32 
7.9840855040e+09 
-9.4273078233e-09 
-4.6071738281e+04 
2.1927749907e+32 
-1.3515495312e+05 
4.5137824366e-36 
5.0840982663e-37 
1.2441156689e-20 
-2.0250799073e-21 
3.5400175515e+27 
4.8814372106e-30 
-7.8363457846e-26 
1.0491754438e-05 
7.3070534218e-21 
1.3002095744e-02 
-1.4134296875e+05 
3.3440067425e+24 
-1.1834777442e-30 
-1.7635192636e-38 
-1.2545185617e+25 
-2.2790938155e+18 
2.1844976606e+23 
1.2295967539e+11 
1.7339391641e-12 
-9.0535820618e-07 
1.7621448683e-22 
4.7755957175e-12 
-3.6914293760e+09 
-3.4274982536e+35 
-2.7545118146e-32 
-1.5463871283e+11 
-1.6509761536e+10 
1.2573478259e-08 
3.7356225972e+20 
-4.8064302716e-26 
-1.0703213147e-26 
-5.0437446788e+17 
2.0007369372e-10 
1.7886020920e-18 
2.5503737355e+19 
-1.0031661323e+26 
-7.6244015204e+33 
-2.4742904768e-21 
-3.0389184132e-02 
1.0877309964e-14 
8.8156324521e+21 
1.1266104864e-14 
1.1007421000e+07 
-1.5274098175e-12 
8.8893436021e-18 
2.4298235573e+14 
1.1133022896e+13 
-1.2628459520e+12 
1.3742764597e+29 
-5.1762516151e-28 
7.4823034668e+02 
-2.6030774171e-18 
4.8463323310e-07 
7.8391484375e+04 
-2.4214732548e-05 
1.0235466033e-36 
2.3995785757e-35 
-8.9852818293e-17 
2.4693466022e-11 
-2.5365584406e-06 
7.3858160191e+22 
2.3446186309e-17 
-1.8136387947e-09 
5.7193073534e-36 
-2.4636742473e-01 
-4.6925689578e-21 
1.1290894593e-17 
-2.1881145370e-16 
-1.7573492083e-15 
-2.3463572639e+18 
1.6568223237e-34 
-3.3707938284e+12 
4.8057177734e+03 
1.7595876756e-08 
-2.3890746152e-12 
-5.2940494602e+12 
6.1711196153e-09 
5.3998767853e+01 
8.4647263157e-12 
-5.4301666344e-38 
5.9713140598e+18 
-9.3579379049e+21 
-4.3176449909e-35 
7.0275714379e-36 
-3.6644481118e+15 
-6.4926385000e+06 
-6.0470791320e-32 
-9.8174211816e-12 
-3.3818710000e+06 
1.5010081399e+38 
-1.4235020955e-19 
4.3583384375e+05 
5.0750074880e+09 
-1.5566937379e-35 
3.1797253950e+31 
1.1463317020e-35 
1.6870577879e+23 
1.8595275000e+06 
-5.2020874587e-12 
7.5717966865e-06 
-6.3839685538e-08 
-1.1670007658e+24 
-7.9459525507e-15 
-2.0353593214e-13 
-1.2584580638e-21 
4.3042036000e+07 
-1.6812511683e+00 
-1.2348698654e+20 
-1.3245790797e-05 
2.5360120590e+17 
-1.1780147434e+28 
-3.9304061440e+09 
2.7984800935e-01 
-2.9818433307e-21 
9.0788207672e-06 
-2.6042357087e-01 
2.2752045822e+33 
-1.3012458701e+11 
3.6066404328e+22 
-1.1193615429e+38 
-1.2590390205e+01 
3.8805561820e+35 
8.8594475994e-14 
-1.4880253696e-09 
-2.5707542896e+00 
2.5185980995e-27 
-3.6008322362e-19 
6.5068417788e-01 
-1.4047206273e-27 
7.0650594587e+37 
-4.8588780336e+16 
-1.7816322272e+24 
7.0994130389e-23 
-2.4501638785e+26 
-3.2225432500e+06 
1.4186989650e+26 
-5.6876792574e-30 
5.2036403064e+24 
-4.9276752026e+27 
-7.5944627143e+32 
-1.4916205581e-36 
1.9220158169e-37 
-4.1971589657e-29 
-6.1707797852e+03 
-1.8003769531e+19 
1.3101989955e+35 
-1.8569255332e+34 
3.3754336958e+17 
2.8224064456e+27 
4.8638294903e+25 
1.8590063251e+22 
-6.0806388000e+07 
-1.0158615048e-27 
-1.2933282544e-14 
-3.2058931632e-27 
-8.0504574938e+16 
-7.8005637505e-09 
-2.6040463360e+10 
-2.8007375831e+12 
-4.9310780549e-30 
-4.3532240755e+25 
7.0049285816e-11 
4.8785710324e+29 
8.6307165034e-30 
2.0722822066e+17 
-2.4615189433e-01 
-1.0691966007e-32 
9.4630185049e-04 
-5.1780810844e-34 
4.0977469276e+13 
3.2228396237e+11 
1.0145214180e+33 
1.8442121094e+04 
4.1317507361e-31 
4.1240860367e+19 
7.9905987500e+05 
-1.0483451236e-31 
-9.2588255260e+24 
1.7034800221e+16 
-1.7780768651e+26 
-1.6053521370e-22 
1.4223859342e+27 
8.6972196112e-10 
3.5715247504e-03 
-3.8298403157e-25 
-1.7096158117e-02 
1.4851520000e+09 
-6.0095791470e+32 
9.4573552468e+13 
5.7757569560e-11 
-2.3866160603e-08 
3.0082804566e+15 
-3.6002819211e+13 
2.9548104452e+28 
-2.6949713570e+26 
-1.9522976363e-03 
-6.1715076447e+01 
3.2588040148e+22 
-2.0085274173e-06 
-1.8363532787e-21 
2.0191577303e-20 
1.5217886006e-19 
1.9986939200e+08 
-1.6483732316e-15 
5.3113400180e-13 
-2.7749456544e+14 
9.4317254843e-04 
-2.1058073633e-21 
-1.3384835302e-34 
3.0671049661e+37 
8.8206097644e-06 
-5.0598852445e+33 
-6.4191222252e+13 
-1.5565516673e+22 
-1.2004971241e-23 
1.8589297735e-17 
1.6811096137e+32 
-5.0628385178e+11 
7.4290172097e-25 
7.8993940979e-38 
1.7001479299e-14 
1.9769342769e-33 
-1.2212414000e+07 
-1.1093204133e-09 
1.1159363442e+34 
1.5767724006e-22 
2.9297302886e+35 
-1.0169801769e+12 
-1.3805714402e+23 
1.1979948438e+05 
-3.7123277193e+13 
1.2035835503e+26 
-4.2518881313e-15 
-1.1598557518e-21 
-6.4897442087e-08 
-2.0240550547e+31 
3.6254996615e+23 
3.9202041364e+13 
4.6384535337e-16 
5.9889937454e-09 
1.0518441940e-07 
4.2913782873e-27 
-4.5479000000e+05 
9.5540963384e+17 
1.1502304077e+00 
3.8988503607e-25 
-1.4112690750e+35 
5.8420656466e-18 
-1.1049987010e+21 
-1.0894047531e+24 
2.8030513022e-08 
3.6785909297e-23 
2.6610394635e+35 
1.2745783897e-03 
-9.4684967771e-03 
1.5414768439e+32 
-3.2481616274e-14 
1.5795419769e+31 
-1.3212938477e+04 
2.3175453037e-26 
-2.7928530780e+12 
1.1730132850e+28 
5.8263543993e-02 
-1.1015952882e+17 
6.0416451328e+15 
1.7107075571e+30 
4.0159358181e+30 
8.7003530000e+06 
2.8659886639e-24 
-1.1624397600e+08 
-1.3182512825e+37 
-8.0312440257e-29 
-1.7633226376e-23 
-2.9812904540e-03 
4.6697467063e+21 
-8.0336651305e+21 
-4.2923796875e+05 
9.4875859309e-24 
-9.3328747065e-35 
2.1840788309e+18 
-1.7157925634e+13 
-5.3708652862e-30 
-4.0492315952e-19 
9.6691241680e-09 
-5.1286238416e-20 
6.0930489950e+31 
6.7704637794e-30 
6.4465370426e-37 
7.4286704640e+09 
7.8434178294e-39 
4.5103718620e-18 
-6.0931546267e-12 
-2.7030921653e-32 
-5.9843635111e-20 
1.7195212944e-38 
1.4907497600e+08 
-1.6062429423e+14 
1.1519443755e-36 
3.2800079189e+21 
4.7872453430e-18 
-1.8108829346e+03 
-7.1625409186e-39 
-3.8973359096e-30 
-6.2954301793e+33 
1.0252332589e-32 
-1.2978715173e+37 
-5.1487380480e+09 
8.1029677148e+26 
-1.6505950454e-23 
2.4509765169e+17 
-1.4424525203e+24 
-7.4941528971e+33 
5.2001015980e-31 
-4.6062613775e-23 
-1.6445338815e-06 
2.5872346191e+03 
2.6141341617e-31 
-4.2132877742e-10 
1.3461292032e+10 
2.8277312000e+09 
7.4560983579e+36 
6.0399324912e-28 
2.5482173252e+17 
1.1567382364e-32 
-1.0302462251e-30 
-6.8787771463e-01 
-1.2713470989e-31 
2.5712480000e+06 
-4.4632268800e+08 
-1.4399936000e+07 
-2.8444480896e-01 
1.0361623888e+36 
-1.4808565591e-35 
-1.3184060928e+23 
9.8242764984e-26 
9.5495600000e+05 
-2.3890548860e+36 
-2.2731272038e-03 
-1.1237941096e+31 
6.4059385600e+08 
5.0458788809e-21 
3.3820699041e-21 
3.3646746094e+04 
-6.7993179817e+21 
2.2144988842e-34 
1.4867702457e+35 
-1.4069236589e+24 
4.9081801947e+30 
5.8839621011e+29 
-1.8973938871e+17 
-1.4770477500e+06 
-1.1961648077e-30 
2.3841488200e+20 
-3.9176628925e-03 
2.9103320764e-34 
-1.1079342330e-29 
1.5539546204e+02 
4.6881351068e-07 
-2.8123724405e-05 
-8.1651215840e+27 
8.3901277852e-13 
-1.5886112330e+25 
-1.7646489577e-19 
9.9030474806e+36 
-1.1180758884e-04 
-9.1894788954e-26 
-6.0686717877e-32 
1.2056997069e+11 
-2.4886134042e-07 
-1.8854506469e+24 
1.2907192679e-26 
1.6177126912e-12 
-9.0013486573e-14 
4.8010873801e+33 
-2.5482253347e-25 
-4.1991124120e-12 
3.2295720626e-29 
1.2400145909e-32 
-3.6206727720e-12 
1.2564296412e-05 
-1.3357295776e+35 
-4.6390860887e+16 
-2.8491279360e+09 
-1.1316084853e+31 
-1.5756929204e+24 
-1.0000048205e-02 
6.0754880792e+16 
-3.0778020663e-27 
-6.8729103268e-19 
3.3028520363e-08 
-8.5746941262e+25 
1.8037583146e-12 
-3.3484279844e-32 
2.7496452995e+38 
4.9439628591e+13 
5.0880888391e-10 
6.2395392513e-38 
-7.5142565918e+02 
-4.1869982077e-15 
3.2002468217e+13 
-3.5392839680e+10 
-1.0190125056e+10 
1.2993790400e+08 
4.9309292625e+23 
-5.3522523012e-17 
1.2055779784e-28 
-3.2068965613e+23 
9.6560337585e-29 
-1.9793954643e+17 
1.5322174000e+07 
-2.3807618022e-01 
-5.3528712132e-20 
-3.1399305378e-09 
3.5255489764e-29 
-9.0765751301e+33 
2.4182289166e-19 
-5.7895690918e+02 
6.0331044953e+33 
-9.6012642879e-26 
-1.2845310547e+04 
4.4102952210e+15 
-1.4653601280e+09 
-2.1222242713e-11 
2.4159086024e-05 
1.8471913314e-23 
-1.5642881482e-29 
2.1803469281e-04 
-1.3528827960e-31 
7.8463734482e-38 
-3.6546590407e-12 
-3.5540216000e+07 
-3.3677814385e+17 
1.3802717184e+11 
-8.4145258832e-16 
2.3744698614e-02 
-1.8597845099e-33 
4.9584200606e-03 
1.2815058405e-28 
7.1121193011e+31 
2.8981640322e-25 
1.2224657885e-30 
-1.4007494244e-36 
5.6169160483e-24 
3.5415142148e+34 
8.5486714880e+10 
-1.9513042620e+28 
1.2913316504e+34 
4.7058616320e+11 
5.8222840000e+07 
-7.6619675383e-03 
1.7411325082e+28 
1.0322807886e-10 
-4.5887116804e+36 
-1.4045270289e-25 
-2.8381674201e-04 
-2.6110357366e-12 
3.8072655201e+00 
-1.1063864491e-07 
-2.9678693531e-11 
-8.2149632874e-08 
1.8466109410e-02 
1.0187164311e-28 
-7.6379506019e-13 
-8.9212864637e-02 
1.6683579152e-16 
2.1152228580e-10 
1.9377392019e+31 
-2.0964785922e+37 
1.8396010823e+35 
-1.2850867381e+35 
-4.4227546625e-10 
-3.2219724025e-24 
-2.7920588068e+28 
-9.8702081393e+13 
3.9962481787e+12 
-1.5911251205e-09 
1.2424191675e-09 
-1.0128129287e-17 
-7.9277293490e+20 
3.6828887004e+34 
3.5392013857e-15 
1.6084460368e-21 
-3.9576192555e+32 
-3.4737414609e-29 
6.4162733580e-27 
-4.8084261115e+35 
3.5205644369e-01 
-3.3032593750e+05 
7.4003650162e+15 
6.9769214481e-15 
2.1924549287e-07 
1.3278261935e-30 
-1.2902435992e-38 
-2.7023489134e-19 
4.6498179965e+22 
8.7945712981e+19 
-9.7895286940e-18 
9.8439678550e-02 
-5.0224904803e+33 
-3.0221846762e-26 
-1.4018650685e-09 
1.0283934346e-26 
-2.7225468000e+07 
-1.9403134734e+29 
-1.9702813029e-01 
-3.2468522620e-26 
-3.2115103762e-13 
3.8334650299e-07 
-7.7290869456e-31 
-8.0016953703e-31 
1.0002381412e-22 
7.4894832000e+07 
-2.8825986143e+29 
-1.4473089260e+19 
3.3475070525e+12 
-8.0780709059e-30 
-3.2623058360e-05 
5.2425542171e-24 
1.1233747005e+00 
-1.8532082438e-01 
8.7338237762e+00 
8.3283528301e+15 
3.2100393855e-32 
2.0451924840e-17 
5.8366901310e+17 
1.6657905983e+29 
-9.8092964862e-09 
1.0755759278e+37 
2.8850371094e+04 
2.8231854981e+12 
5.1636149274e-35 
6.9513532799e-04 
6.6620779037e+00 
-8.3323298060e-16 
8.5925210597e+25 
1.7969348712e+29 
7.8667278558e-07 
-9.5140032482e+15 
3.0872383643e-12 
8.2919918435e-26 
1.4423685547e+04 
6.5618567168e+10 
-6.7699945989e+16 
-1.3366337072e-17 
3.0894725184e+15 
1.0690824226e-08 
3.6730612628e-03 
2.0176140705e-25 
-5.8634234192e-28 
-4.2966528076e-29 
-4.6141438392e+17 
4.0783905422e-26 
3.4072383250e+34 
3.6113768871e-33 
1.6952525073e-07 
1.2973110208e+19 
-1.1442998242e-12 
3.6629287060e-03 
3.3297983815e-10 
-1.5908928512e+10 
5.0949604535e-09 
-4.3111676442e+15 
-7.4510167040e+09 
-5.2816186292e+20 
1.0157986471e+26 
-1.7292170035e+11 
1.1510814788e+27 
1.7003782272e+01 
-1.0208967751e-06 
-4.3168080478e+21 
-9.8880205313e+32 
-2.1315583847e-12 
-2.4640174326e+19 
1.0997495651e+01 
-1.2507167734e-30 
1.3150552647e-08 
-6.0763659668e+02 
-1.9174432887e+21 
-1.3112945016e-03 
-1.9084548768e+13 
2.4779265952e-16 
-2.3424141845e+31 
-6.3019079680e+09 
-6.3226054370e-15 
-8.4203086570e-30 
1.2943667631e-17 
2.4527656933e-05 
-5.8883095882e-13 
6.3834755717e-20 
-1.1767723151e-07 
1.2261768524e-29 
-5.9630051046e-24 
1.0940347417e+24 
8.1872802713e-35 
2.8381552092e+35 
-1.9596967926e+27 
6.2397185577e+28 
4.6041210616e+32 
1.0406305591e-05 
5.1922707897e+15 
1.2345751088e-07 
-1.4034116745e+01 
4.0106048584e+02 
-7.4720573391e+26 
1.2252138874e-29 
3.9207627997e-03 
-1.3929305340e-19 
-3.4836258279e+14 
3.4195072737e-29 
2.9769393750e+05 
-3.5156742188e+04 
-1.0920347882e-26 
1.4708478451e+00 
-3.8103372607e+28 
1.5714892604e-28 
1.6830703375e+16 
4.1924468873e-33 
-5.1174286218e+35 
7.6589040756e+00 
1.8122653985e-12 
4.9835237386e+28 
-9.2355771406e+26 
5.6964101532e-05 
-1.9172419999e-13 
1.9469068122e-28 
-1.9440172139e-07 
2.4339016909e+11 
-3.4399469787e-32 
3.4596824037e+21 
-3.0524834640e-14 
-4.6964030340e-25 
-1.5235812972e-32 
-3.9263145989e-33 
-1.8936857203e-22 
-6.5190640000e+07 
1.3398933594e+04 
2.6929038251e-33 
3.6046985509e+26 
-4.0964027401e-16 
-9.0358492250e+27 
-6.6181308150e-25 
1.4393845056e+28 
4.7616921402e-30 
1.0230471469e+29 
-6.1006495872e+29 
5.6517466904e-18 
1.9788344574e-10 
-1.5983832750e+20 
-1.2636473903e-20 
-2.3392792454e-35 
-1.1933119488e+10 
-5.5033806687e-32 
-6.1769762542e-26 
3.3202525725e-19 
2.3194886983e-11 
-1.2315977097e+01 
-4.8196150000e+06 
3.2092844032e+10 
-2.0398142142e+35 
-1.0704166195e+30 
-6.7646795584e+22 
4.6693501304e-38 
1.1401551914e-29 
-2.1727828979e+02 
6.5559334400e+08 
1.3335213032e+20 
2.5264924765e-01 
8.8028411895e-18 
-1.9382005760e+10 
-2.5698557581e-32 
-3.4094820884e+12 
4.0211436611e-12 
-8.1844692066e-29 
3.3020700298e+25 
-3.8628460607e-04 
1.5444877500e+06 
-2.2145680584e+25 
1.1614825836e+30 
1.2887826897e+28 
-1.4361154770e+32 
-4.6299393116e+15 
-4.1150627136e+01 
-7.3556751421e-17 
7.3241792000e+08 
-1.9280621094e+04 
-2.0859917500e+06 
1.2969560547e+04 
6.0446060106e-26 
2.3884888738e-02 
3.7242315192e+28 
-1.1984681692e-07 
-2.4107576320e+09 
2.7676836448e-20 
-2.9626961797e-02 
1.2841454496e-24 
-1.1575294193e-03 
-2.6445342565e+35 
-2.4539396687e+27 
1.0676683981e-09 
-4.5010443567e+13 
5.7329886508e+24 
2.6970909516e-29 
1.4000810547e+04 
1.3581325684e+03 
5.2653670550e+26 
-1.4709078517e+14 
1.4778219604e+02 
1.2421874793e+31 
-4.5668631279e-19 
1.3330092428e+17 
-8.9396957397e+01 
-1.7984903483e-37 
-6.4768848691e+11 
5.9245110000e+06 
1.1999442944e+10 
2.8546107243e+37 
1.9939175218e-06 
1.7261029163e-28 
2.0239393432e+16 
8.1658016376e-20 
2.5611516088e-02 
-4.0346920249e-10 
-7.1357263113e+15 
8.9904769897e+01 
-3.0430841432e-33 
2.6896476684e-15 
-4.1983300170e-10 
-2.0924170901e-31 
1.5887907837e+20 
-5.3400465787e+30 
5.6895184722e+29 
-3.6073160822e-35 
-2.9608519433e+23 
4.5132943355e-27 
-5.1190409031e-27 
-2.2592798763e+33 
1.8363415265e+12 
-8.2624748477e-23 
-3.5918226611e+20 
-3.1335794763e-21 
-3.3038144732e-23 
2.9940629612e+19 
-5.9179256000e+07 
5.8449903171e+26 
4.4053572730e-32 
2.4765196116e-08 
-1.2673132234e+25 
-2.3256959025e-07 
2.3583649792e+10 
2.9146121094e+04 
-4.6882081506e-07 
5.2470864025e-13 
1.5066416000e+08 
-3.0792419124e-14 
-2.5550851424e-17 
2.4397038942e-05 
-6.0652763456e-23 
5.4410392761e+01 
6.7972677529e-27 
6.6268835962e+21 
2.6533281928e+38 
-1.3595679264e-30 
-5.2879564464e-02 
2.0179286207e-35 
-1.2227390000e+07 
-1.4809363984e+21 
-2.2530573628e+24 
-5.5995823856e-37 
3.1863539522e-24 
-1.1076899408e-27 
1.1517865807e+14 
-4.7820193750e+05 
-6.4114156806e+29 
-1.1641366586e-37 
4.1268854104e-37 
2.0840717500e+06 
1.2615973705e+35 
-2.6580126723e-04 
-2.5532986037e-03 
-1.3321289381e-21 
-1.2769622016e+10 
-6.7105382671e+18 
-2.8239485846e+33 
-7.5833809996e+37 
1.4268899808e-32 
2.0229291051e-29 
-2.1804316560e-29 
-4.5310061259e-10 
3.8790895697e+34 
-2.3866987530e-29 
3.4578244819e-22 
-5.0284673669e-29 
1.6483757326e+14 
-2.2536259511e-17 
1.3475836928e+10 
-7.5938865000e+06 
-1.6683599090e-22 
-7.3403995259e+12 
-2.0655713382e-30 
-3.7497074539e+17 
1.7298961878e+00 
-4.8242144877e+23 
3.3792023926e+03 
-8.3601088787e+14 
1.9233526252e+13 
-1.0989262189e-35 
2.4712372090e+15 
1.0468357533e+37 
1.8870747521e-13 
-5.9231359593e+24 
1.0960614671e-38 
4.2732123589e+21 
5.8556478471e-03 
-8.7054768301e-06 
-2.0978628058e-15 
-9.6462802119e-34 
1.1963027126e+27 
-2.8106125476e+13 
1.4124707945e+28 
-1.5069420277e-31 
8.0972231704e+37 
4.1084889804e+21 
-7.7685507793e+37 
4.3007489389e-39 
-3.6221424103e+01 
-2.6182860078e-31 
-6.1295344746e+13 
-4.2883324651e+24 
-8.5328733312e-24 
-1.2698993110e+38 
3.0585610011e+38 
-3.5148066320e-31 
-5.7898275554e-02 
3.0278452396e+22 
4.3678788643e-05 
1.0085398750e+06 
-1.3518003990e-12 
4.1822897037e-04 
6.6329428618e-24 
1.9399945736e+00 
-1.3279112397e+11 
-8.9424547953e-14 
1.6012852624e-29 
-1.4657455369e+19 
4.1776404157e+37 
1.9922398748e+31 
4.0716766676e+31 
-7.0614902616e+37 
8.0365896253e-39 
-1.8321759701e+00 
1.3347343531e+36 
1.5625489055e-30 
1.5721860886e+01 
5.4060272551e-33 
1.1835652913e-05 
-5.3843929398e-38 
3.7154460063e-22 
1.2261849885e+37 
3.9562254306e-29 
8.4419650648e-07 
1.3168707793e+36 
5.3919554972e-20 
-1.0470838750e+06 
-5.7660881042e+01 
-9.3067488282e+17 
7.5428636612e-33 
8.6575386538e+21 
-4.6989580369e-06 
1.5180998826e+19 
-4.9426220800e+08 
-5.4401018989e-26 
1.6602836436e-30 
-6.7351058960e+01 
-5.1832302862e+14 
6.8085312691e-25 
9.4321060596e-34 
-1.3300197545e+20 
-5.1600897746e-16 
-3.6625275825e-35 
5.1449529827e-02 
-2.5303607410e+17 
-4.9530288379e-05 
-3.6315936824e+27 
1.2549841699e-07 
-1.3806833496e-18 
1.0412674421e+15 
-6.9152667134e-24 
-3.2800124621e+38 
-1.3090441900e+23 
-7.2299775888e-36 
-1.0829261637e-17 
-6.2991021803e+31 
5.3709693974e-37 
5.3603547375e+14 
-1.6030735196e-26 
8.3689006652e-15 
1.1837548102e-35 
-4.3544533145e+32 
6.8366817280e+09 
1.7448680103e+24 
3.1076593750e+05 
-5.1132742188e+04 
-1.1705540121e-01 
3.4884659605e-09 
-6.9184968865e-09 
2.2936138973e+17 
2.6738230722e-34 
9.1764701693e+18 
3.0766265288e-15 
-2.8526311611e+37 
5.9873034668e+02 
-1.9380322474e-28 
-1.4556555716e-36 
1.6486168576e+10 
1.2466311211e+34 
9.1626629233e-02 
-6.7915484375e+04 
9.7992395419e+26 
4.2524099797e-08 
5.3303095156e-16 
-1.8609878864e+23 
3.8437624000e+07 
1.4443912104e-13 
4.3989744989e+19 
-1.1717730713e+19 
-5.7718771200e+08 
2.6325484320e-23 
1.0608599040e+11 
1.9944304640e+10 
-7.4557515366e+11 
-1.7487812362e+12 
5.7682189216e+37 
3.7252715950e-27 
1.2147339146e-21 
1.8921141760e+09 
-1.9105841812e+27 
4.0141401883e+14 
9.0740387500e+05 
-4.3962723391e+19 
-3.3849977109e+32 
-8.4416345442e-12 
2.7737273589e-10 
-3.1344305075e+35 
3.9751088867e+03 
-5.3623347633e+25 
-8.8572964072e-02 
-1.1237927626e+23 
-1.0146665573e+01 
1.1328229953e-24 
1.7064109141e-37 
2.4309445108e-30 
-1.6667737412e-08 
6.3127587500e+05 
-1.6770327396e-14 
1.0898511719e+32 
-3.2805109760e+11 
-2.5675738100e+37 
-8.4046596385e-06 
7.0159687226e+34 
-5.9763720675e-18 
-4.4426467570e-26 
3.1748707116e+30 
            nan 
4.1357989176e-06 
1.4992963161e-24 
-2.8239228528e-35 
1.8638110854e-15 
-3.6608930611e+11 
-1.5809707008e+10 
2.6365400150e-29 
-5.0802940000e+07 
2.0253689231e+16 
-8.9932779472e-37 
4.7567848274e-34 
2.1697278340e-17 
5.7416643851e+23 
3.8326940529e+34 
2.3984857452e-29 
1.6316218362e-22 
1.6524707031e+02 
-3.2541283575e+16 
1.6759760704e+38 
4.0567803140e-25 
-6.5360872537e+24 
6.6859578984e-10 
3.7661991471e-26 
-3.7512363633e-04 
-4.0357831495e+21 
1.1901383277e-27 
-9.3932721938e-05 
-4.1201277673e+15 
1.2941888655e+35 
5.9519157624e+24 
1.2363981452e-38 
-1.6001092414e-31 
-1.0363694196e-20 
1.0097837448e-01 
6.9639680000e+07 
8.6752512861e-27 
3.0873234862e+37 
-3.0361320012e-15 
4.6293348053e+30 
-5.6660501286e-05 
-2.0340581433e-15 
-2.1667745795e+17 
-2.8999040000e+07 
1.1918329625e+32 
7.5476269478e+20 
-3.8549037401e-22 
-3.2872933395e-25 
-2.7447931081e-11 
1.2672935553e-17 
-4.0238459392e-21 
-4.0024414062e+02 
1.7597543749e-20 
-1.1290033084e-20 
9.6199632461e-15 
1.1365094222e+32 
-6.3937932282e-08 
3.4238638591e-09 
-3.8465250000e+04 
-1.7297569077e+37 
6.7882560000e+06 
-1.5356991900e-25 
-1.3948566764e+31 
-3.3276021684e+30 
2.1521626703e-09 
3.6027729183e+15 
7.2796141149e-28 
1.0796568479e+26 
-2.0554002380e+02 
-3.7725543307e-27 
1.5385913139e-04 
1.6518549917e+14 
-7.9365554484e-06 
-1.5800617436e-32 
-8.7182337438e-07 
7.5210476334e-27 
-4.2969268551e-13 
-4.4354381279e-10 
2.5803648000e+09 
7.1954226201e+17 
7.2604986757e+23 
-1.4001296875e+05 
-3.4529528000e+07 
-2.9431071143e-24 
-1.6568401741e+20 
-2.6879734199e+30 
-4.4461370408e-07 
-2.9133895061e+20 
1.3981300301e+28 
2.2353583414e-35 
3.5715980406e-23 
-3.7703835541e-31 
-2.3728510961e+18 
-1.8750824669e-32 
6.1827246079e+15 
-1.3857969284e+01 
3.2047789463e+21 
1.9978511645e+30 
-1.4480026553e-11 
-1.2345410805e-10 
-2.8577700500e-16 
4.6867244457e-34 
-4.9360087141e-03 
4.7871765146e-13 
-1.1976734313e-32 
2.0277164679e+30 
-9.3648475500e-18 
-3.1995471302e-21 
8.8562476797e-11 
-2.9191252082e-08 
5.7652116539e+25 
3.1466592697e-21 
-4.1354763949e-30 
4.9290845881e+23 
-4.6406891713e-16 
-2.6993556023e+00 
1.2587639739e-14 
4.0290262446e-12 
-5.1894922771e-24 
1.8101698526e-12 
1.0085437221e-26 
2.2681749177e-28 
-1.7372270289e-09 
2.5490473775e-33 
2.3068197856e-17 
-1.8235547549e+34 
1.8399313946e-27 
8.2342897322e-32 
1.6120077500e+06 
-5.8226256051e-15 
1.7154320052e+20 
1.8266869572e+16 
-1.3947197064e-28 
-1.9370910484e+32 
7.1766510478e-19 
8.3903201504e-32 
3.1800713653e-25 
-4.8135502404e+37 
-4.9283842625e+17 
1.9029344366e-36 
3.4602213376e+10 
-7.7656851735e+28 
1.2501733589e-12 
-2.0732621094e+04 
-1.1389107863e+29 
-2.9616474405e+33 
-4.1292684125e-16 
4.1815344137e-26 
4.2301880868e-17 
-8.4416440919e-23 
-2.1228629524e+12 
7.0315610278e+18 
9.4603742252e+35 
-1.9651888311e-01 
1.0684070941e-19 
3.1593756160e+09 
6.0992401510e-33 
-4.2520014848e+10 
-3.3977055659e-24 
4.5381118308e-10 
2.7282077500e+06 
-9.7526001266e-28 
-3.7655548800e+08 
5.9908616500e+28 
-4.5940357707e-28 
-8.9595375535e+27 
-8.5950786226e+31 
-2.8555338508e-22 
-1.0563825145e+19 
-3.2106108728e-21 
            nan 
-6.8498392216e+20 
-1.7106921777e+21 
-5.9690446848e+10 
-1.3141160738e-30 
2.8856678910e-05 
3.2088383233e-18 
-2.7429011401e+24 
-8.4957565832e+19 
-1.1390706196e-26 
-3.5319337141e+19 
-2.5661105540e-20 
5.1794684000e+07 
6.2825915000e+06 
1.6659667779e-07 
-7.5419724771e-28 
-1.3084185814e-23 
1.4908325888e+10 
-1.6264770951e+24 
-1.0477107680e-34 
1.2285899613e-34 
9.5329307396e+16 
4.1392518133e-38 
-2.2506302377e-12 
-3.8026832044e-04 
1.5446150453e+19 
2.1742880093e-26 
4.1393692208e+15 
1.4903714833e+25 
-1.3218002319e+00 
-1.0110142907e-16 
-6.8326490762e-34 
-1.4690636438e-36 
-1.4654225708e-34 
2.9587999232e+23 
3.9331868066e+34 
1.2094256998e+34 
-3.0993929513e+32 
-2.3905561138e-27 
-1.7200058831e+32 
-9.4825959421e+34 
1.8855391589e+18 
-1.3078579097e-36 
1.3828907263e-20 
8.5763863347e+11 
6.0726827357e+37 
-5.5829556089e-08 
-3.8580266846e-05 
-2.1190193556e-34 
-4.1178968035e+37 
3.9263086182e+11 
1.4860274678e-04 
-8.6328864895e-19 
-2.3924775482e-21 
-2.0858560213e+19 
1.4867167485e+38 
2.0752929269e-13 
-2.7279764854e+20 
-7.7716586745e+23 
4.6589304328e-33 
-3.2569566619e-34 
6.3671717367e-14 
-6.3462841753e-12 
-1.6031020825e+38 
1.8570389404e+03 
-1.3130568123e-30 
-2.8223724803e-04 
3.4522103775e-36 
-2.7903740781e-25 
2.2285192971e+36 
-6.1786097608e+14 
1.0054101793e+33 
3.5028808615e+27 
1.6032381545e-16 
4.0634021046e+35 
-7.8171402684e-10 
-2.5734018971e-36 
1.1865094881e+12 
-3.3150681452e+16 
3.5078800793e-17 
-4.4058575341e-39 
-8.3735546348e-17 
2.1983454165e-27 
9.1041855469e+03 
-3.5857840135e-12 
2.3836281792e+19 
2.6844818122e-19 
1.3389199360e+10 
1.2403541584e-27 
3.3213710432e-31 
-5.3319225972e+30 
5.7459388037e-27 
5.4188104289e+17 
-4.2258842932e+17 
-2.4720474059e+29 
6.0336705792e+24 
3.8945892334e+02 
-4.3434279499e-36 
1.7576279146e+13 
-4.6075868356e-37 
1.0589880403e-03 
-3.3071573101e+34 
-2.1067701744e+27 
1.4548044434e+03 
-4.2162490840e+30 
5.4097588631e-09 
4.3377923584e+02 
-4.3068930173e-33 
-4.6609632671e-02 
1.8368984412e+19 
1.1311404510e-32 
-4.1141851817e+28 
1.2988185547e+04 
-3.9693152033e-23 
-1.1898417600e+08 
4.5048764150e-05 
-9.8623303581e+26 
2.0373042660e+35 
-6.3390616666e+18 
-3.8258424000e+07 
1.0987899433e-14 
1.1378643192e-20 
1.0336272469e-23 
-1.0743230000e+07 
-1.5744282341e-21 
-4.4155248871e-27 
1.7038376146e+22 
2.6492759040e+09 
3.3116591691e-28 
-2.1029108794e+28 
-4.8612742188e+04 
4.7280447325e-04 
            nan 
-1.8292031716e+31 
4.7724233691e-31 
9.9055752158e-02 
-1.4020029582e-08 
-1.7731912866e-30 
-3.3523091200e+08 
3.9302503865e-05 
-5.1484232253e+12 
-4.8404496908e-01 
-1.1952338740e-02 
1.0645953280e+09 
-8.5261271040e+10 
1.7944960140e+36 
-1.4483204217e+18 
-4.2201270000e+06 
2.4151949391e+26 
-7.4436820796e-06 
5.9680076167e-26 
-2.8177936375e+21 
-4.4151990000e+06 
1.5003697199e-21 
1.3850692724e+37 
-1.2976523067e-05 
1.1697217327e+24 
7.8573858604e-37 
3.0788291010e+26 
5.3128827726e-11 
-2.5007573255e+35 
2.3427640320e+09 
            nan 
-1.0341804072e-38 
-1.1571782589e-39 
3.9016138991e+29 
-1.2563464185e+31 
-3.8918223989e-24 
-1.4385733542e+17 
1.5067969536e+10 
1.0850992830e+26 
1.9340438303e-03 
3.0269798706e-33 
-9.2871410227e+30 
-2.1485892665e+14 
-1.1279828548e+00 
1.2110447971e+26 
-1.8716377672e-03 
4.3307338051e+25 
1.8043752034e+17 
2.7355413217e+12 
2.5975654973e+12 
-3.0298597267e-05 
-4.5902193750e+05 
-8.9550277710e+01 
-1.1715601508e+18 
-2.5337324807e-24 
-6.6428342210e+32 
1.2114090876e-26 
-3.1279593744e-37 
6.9548012800e+08 
4.5687971565e-38 
-2.9966460480e+34 
1.9970012903e+00 
-1.4124405714e+28 
-5.5829312829e-36 
1.6200586231e-34 
1.9849611136e+21 
3.9459021452e-29 
5.5999660000e+06 
-1.0297645915e+20 
-5.5051443200e+08 
-3.5118558740e+12 
-1.2249511855e+33 
7.3139556633e-09 
-2.6982182400e+08 
7.2287295633e+22 
3.4718015216e-18 
-3.3185363742e+18 
6.4859144024e+15 
-5.3789254892e-25 
6.7010861635e-01 
1.4977367356e+34 
9.1411770257e-15 
-9.6465629089e+21 
-5.9310593605e+00 
-1.2380254708e-20 
-9.2411893935e-32 
-1.4940733000e+07 
-3.4888433324e+34 
-1.2323988649e+33 
6.4923224628e+35 
-3.1679261614e-24 
-4.3426751709e+02 
6.0025839735e-19 
-1.6437173289e+13 
6.3195527228e-29 
-6.8473195668e+24 
6.9092052496e+21 
-6.3286723302e-32 
1.2445212803e+30 
-4.2761901568e-05 
-8.6991229567e-26 
-4.4106981985e-26 
-1.5502393246e+00 
2.7748808445e+27 
-9.1713465151e-33 
-2.0928121094e+04 
3.2403654400e+08 
4.7494557808e-35 
1.2908506393e+01 
2.8100836561e+33 
-1.6673251687e-38 
1.6282481049e-25 
8.1819457472e-26 
2.7250195853e-03 
-8.9067298497e-22 
1.7779582430e-38 
2.1270048748e-38 
4.8523626709e+02 
-1.2788746630e+14 
-1.5362012386e+00 
1.9793541467e+16 
9.6495469633e-24 
-1.4755786162e-15 
3.0647285924e-12 
1.8952274213e+24 
-2.1755849588e+38 
7.1330379792e+22 
2.7244200178e-28 
-2.0262322413e+21 
-9.7332048968e-32 
1.7714260061e-36 
-7.9160542358e+26 
2.3676816671e-18 
1.0285758023e-08 
3.0530669117e+12 
5.3530310621e-31 
3.1356255980e-38 
-1.5890976787e-01 
-2.3503230295e-06 
-2.2162707864e-06 
4.3864957226e+28 
2.9499284959e-11 
-3.9711210033e+34 
-1.4244788407e+32 
3.7764579019e-07 
-1.0156328129e-33 
5.4529801006e-20 
-4.3532616432e-17 
1.3476266479e+02 
-5.2679379223e-06 
-8.3462787500e+05 
-1.4416701933e-15 
6.1091402812e+31 
1.9298621094e+04 
9.7666305598e-11 
-2.2845960212e-38 
4.2438713804e+34 
6.1462227830e-24 
7.8900820133e-23 
4.2180868445e+15 
-1.2551478790e-07 
2.6088096875e+05 
-3.5820790341e+34 
-3.0191391029e-32 
3.6295584631e+21 
-1.7176521121e+37 
-2.3562663039e-33 
-1.4948562603e-04 
-1.8936378880e+09 
3.1915956952e+17 
3.3079188927e-29 
2.0718213171e-02 
1.2936686217e+37 
1.2556741222e-26 
4.4744179016e+17 
-2.2110519951e+12 
-1.2834367078e-37 
1.6755296038e+37 
2.2290096875e+05 
2.6698518485e+29 
1.8088739599e-13 
4.4711242188e+04 
-2.1703276367e+03 
1.1254626714e+11 
-1.4084077294e+27 
3.8578874476e-29 
-1.6348479153e-15 
6.2211697127e-08 
-9.4119243622e+00 
-1.0163010405e-21 
-5.8035647869e-01 
-1.6194942474e+01 
5.4672683464e+23 
1.1690674350e-02 
4.6249052734e+03 
-1.0327957571e-01 
1.3233944496e-10 
1.2662328169e-32 
-3.5801044028e+37 
5.2740093109e-13 
-4.4889640616e-11 
2.5152974317e+17 
-8.5044807568e-13 
-1.1236066768e+27 
-1.3909310547e+04 
-6.4058816845e-13 
5.9939261671e+14 
-5.6348528274e-12 
-1.6271060547e+04 
-5.6278552494e-16 
1.0371516006e+11 
-6.2911996862e-31 
4.6428804507e+14 
-5.0972242188e+04 
2.9901767682e-25 
-2.6750597139e+15 
3.9365151367e+03 
1.0977797252e+17 
2.7309441024e+12 
-1.6083798381e-20 
-2.8567887616e-29 
-2.4350895312e+05 
9.8107826489e-05 
8.3387160024e-12 
2.9902506765e-18 
2.9902633600e+08 
4.4930652752e+17 
2.0160534508e+24 
2.5517146174e-09 
5.1441729348e-11 
1.6647754135e+27 
1.7785893120e+09 
-2.0387901066e+20 
-1.6490044000e+07 
-6.7381970720e-36 
9.5368578973e-19 
2.9601443559e-02 
2.6942772666e-11 
1.5307097417e+19 
3.8160938275e-31 
-5.7780841153e-27 
-8.5516905926e+15 
-5.6421370851e+22 
-9.1677317952e-28 
5.8196455588e+12 
1.1755561208e+26 
1.4675687965e-12 
-1.0061213685e-17 
-3.9233987081e-06 
-4.9968963346e-30 
1.1937448883e+02 
1.9679211755e-15 
6.8886388215e+32 
-8.6552634982e+12 
8.5953558834e-20 
-1.2800185547e+04 
-5.2235851530e+12 
            nan 
-1.0982950783e+16 
3.1009399208e-06 
-1.0724151258e+18 
1.3806989751e+33 
-1.4841167922e-20 
2.4146362933e-16 
-2.0601344161e-19 
-1.0559191811e+30 
-1.2423374265e-31 
2.3914073286e+36 
4.5259883627e-03 
-2.0979008275e+17 
1.2178531061e-33 
-3.7717465460e+18 
-7.4815495909e+27 
-1.7041696167e+02 
4.6365261151e-38 
9.2413287689e-08 
4.9895111084e+02 
3.1314980095e-35 
3.5196448349e-14 
-3.1016492130e-07 
-5.3162588720e-25 
-1.0878481778e-18 
-2.7033661782e+21 
4.3436470000e+06 
3.5744868438e-34 
9.0000166400e+08 
-6.7805794674e-38 
4.7425016527e-34 
-1.9003847532e-34 
-4.3869584799e-01 
-2.5758270989e-21 
4.3767362352e+32 
-1.9140103640e-27 
-2.1556860513e+25 
7.3036434077e+35 
-1.6165787169e+36 
5.8528247961e+31 
-2.7787219636e-08 
8.7405609861e-08 
2.8024422236e+34 
-2.6487998644e+13 
2.3663754609e+12 
4.5551114240e+09 
1.9814350526e-04 
6.4959963013e+16 
-3.6413227707e+31 
-2.1886677765e+33 
-3.0370531495e-15 
-1.3129562742e+36 
2.2157570720e-01 
1.5617653728e-01 
-9.6691762310e-17 
-1.0200283546e+11 
1.1278577378e-10 
5.2747746094e+04 
-5.1532172579e+33 
3.5207346808e+14 
2.5651810691e-02 
2.2655828723e-21 
2.0318590187e-26 
2.3784543991e+01 
9.3909298116e-09 
2.4023149059e+27 
1.6040838964e+31 
1.7369470000e+07 
6.3752382008e-14 
3.7860463609e-17 
-1.8220724485e-07 
-1.0745911661e+38 
-1.1904426321e+34 
5.9599225696e+19 
-7.6146866590e-09 
2.1273305140e+36 
4.5988472266e-05 
-1.3717018986e-33 
-5.0833886544e+13 
-2.6168237155e+16 
-2.8067467734e-02 
-9.1350866576e+26 
-2.8986549540e-15 
7.0827762074e-38 
-1.5091722896e+25 
3.1869553955e-22 
2.5410406579e-06 
1.0307993751e+24 
4.1793277487e-03 
2.1367051522e-04 
9.6420429577e+30 
8.2786769710e+34 
-3.1641569654e-14 
2.4640752814e-37 
3.4684710420e+12 
-2.5033500606e-08 
4.4838304083e+17 
2.8605012431e+38 
-4.1718523322e-19 
-1.7235700000e+05 
3.6092216571e-21 
8.3353015398e-26 
-7.5435645602e+18 
-9.0234068434e+31 
-1.1779696044e-37 
7.4212264445e-35 
-1.5222059724e-12 
1.4166524399e-15 
-6.9633203125e+02 
-2.8638278809e+03 
-4.1152033972e-35 
-1.2426622877e+28 
3.0639649089e+14 
-1.4762494931e+32 
-6.7161907147e-09 
-2.6848641149e+17 
9.5317564870e-21 
1.7165584863e-18 
-3.7882564545e+01 
2.3818157783e-15 
-2.0536596240e-36 
-5.8616982675e-28 
-2.0884858898e-34 
-7.2555363394e+22 
-3.0353511347e+35 
6.6407660597e-06 
4.3582786995e-26 
4.1545299524e+27 
2.9174089228e+35 
-1.5066410178e+32 
-7.1621496975e+22 
4.0739097118e+27 
-5.5747345717e-33 
4.2030036480e+09 
2.3521322556e+31 
1.0835049552e-28 
-1.6434733505e+36 
-3.9727385156e-03 
1.0304478201e-04 
2.1635873047e+04 
1.0627242986e-19 
5.8490805787e+36 
-1.4727473011e-33 
2.6335792993e+36 
-1.2977054632e-26 
-6.1615698040e-02 
5.2124025294e-16 
1.3764589568e+10 
1.0976418929e-18 
-2.5732388675e-33 
-2.9096152500e+06 
2.2776634171e+36 
-7.6749330447e-07 
1.0226771235e-01 
-6.8961421493e-04 
-3.1953479629e-04 
1.4560848236e+01 
-8.0492777502e+30 
1.5594209898e+25 
-1.7276307270e-21 
-1.0530758553e-22 
-1.7440481281e-09 
2.3955744055e-08 
5.2855675570e+23 
4.3660259178e+22 
2.9489105305e-16 
1.2019546346e-30 
3.0257442474e+01 
-3.8215292042e-10 
1.7120950272e+10 
-3.0166140000e+07 
-5.3893759621e+37 
1.0818484224e+10 
3.9650750395e+31 
-9.7773103930e+31 
1.3792176494e-13 
6.7975378213e+22 
-2.4646043265e+37 
3.6079641831e-30 
1.1540512236e+24 
-8.6545472372e-24 
-2.0102848526e-23 
-1.7544625854e+02 
2.7538593750e+05 
8.8242660522e+01 
2.5750176297e-11 
-1.6138139241e-34 
6.3085110000e+06 
-1.1174320471e-34 
4.5136476065e+33 
1.3875330409e-35 
1.7903023410e+24 
3.1073680004e+22 
7.0902802734e+03 
-2.4514630326e-08 
-1.2600209662e+38 
-2.8151454171e-04 
1.5005710336e+10 
4.5216944998e+25 
6.0504446030e+00 
1.7083338011e+31 
5.7710033426e+32 
-8.1074892933e-07 
-1.7801618270e+18 
6.1189639568e-01 
1.4889560547e+04 
-3.3272006400e+08 
1.3476902734e-21 
-3.6457517349e-25 
-1.3700454962e+20 
1.5197656166e+38 
2.2732772809e-17 
-1.0378686719e+29 
1.8931247069e+28 
1.8434487091e+11 
-2.8270204000e+07 
4.2998287867e+18 
-4.8962587118e-01 
-7.6278451214e+31 
-1.8079117500e+06 
2.0119410085e+17 
3.6052406720e-12 
-6.8446109067e-32 
-5.1638194064e+23 
-5.7223292750e-33 
-3.1321121094e+04 
-3.3749610816e+22 
1.5027542304e-06 
-3.3708600710e+17 
1.3104019687e-02 
9.8529331439e+27 
-8.6521102566e+16 
4.7357357606e+25 
-7.1136936545e-02 
-1.6106130901e-18 
-4.6921134949e+01 
7.0729681271e-37 
2.7407937031e-10 
2.1321852000e+07 
1.1690202140e-09 
5.1100702506e-32 
2.8939555926e-21 
4.1412334715e+13 
-1.1895589571e-33 
1.0623693295e-32 
-5.8221131849e-27 
-3.9205412555e+18 
-1.2046762565e+29 
-1.9467442366e-24 
4.0823189984e+18 
2.6993410076e-16 
1.8172605240e+15 
1.6370828697e-18 
8.2756562020e-12 
4.8071568482e-37 
-1.6422860294e-10 
-3.7676187886e-26 
3.1128901367e+03 
1.4833344571e-31 
1.6786919818e-16 
8.5561623447e+20 
-2.7049240998e-06 
-9.4100600115e-15 
7.8100843320e+26 
2.7295456974e+24 
-1.4225503027e+11 
-6.0386409415e-12 
-9.8845130722e+22 
2.8830753088e+32 
-4.0555242188e+04 
1.2357626513e+35 
-1.0265657753e+24 
-9.7026817136e-11 
3.3780689920e+09 
6.2197660462e+33 
5.3751148521e+26 
1.2968448438e+05 
2.8180344953e+30 
1.6047503880e+35 
1.7972841677e+12 
-4.0691213608e+00 
-2.2786266248e-15 
-7.4943978689e-05 
7.0692801647e+35 
-6.8992285294e-39 
3.1964232900e+29 
3.2668902515e+17 
1.4172353888e+24 
-4.8718510448e-29 
6.8824324924e-22 
2.6373251118e+21 
7.2813269521e+25 
-1.3730660394e+21 
-4.2993593984e+26 
2.3786768335e-28 
8.8361593433e-13 
-5.1270832074e+28 
-1.2911950700e+26 
-5.3389881134e+01 
-1.7981836250e+06 
2.7791974509e+23 
3.3075327939e+21 
9.0834444288e+10 
-1.9873551155e+11 
1.0016720715e-28 
1.0629372800e+08 
4.7272689583e-19 
7.9505942118e+11 
4.9162645839e+30 
-1.9459997458e+28 
-1.0256625857e+17 
-1.0840918026e+24 
-1.2315925211e-02 
1.5152761578e-38 
5.5629431104e+15 
-4.8748439714e+34 
-1.0660634458e-18 
-2.7807162899e+22 
-5.5913569668e-05 
-1.0091828452e+14 
3.1439369141e+04 
-4.1958783670e-10 
7.4043129028e-29 
-4.9965221020e+13 
1.9895815534e+22 
-4.9809955510e-23 
3.8629639931e-08 
1.9436304802e+37 
1.4364658455e-05 
6.4915084306e+32 
-1.8043368243e+11 
-1.2121870863e-25 
-9.9780044435e-17 
1.1003418378e+12 
-7.3962485442e-12 
-5.1053000789e-05 
-1.4431712243e-38 
-3.6842928967e-04 
-9.2965917374e+33 
-1.5541035422e+32 
-1.2024534977e+34 
-3.4509700260e+30 
-1.5822321877e+13 
2.5924667446e-31 
1.8715597865e-27 
-8.9252328955e-34 
4.4700998274e-14 
-7.3346601018e-33 
-3.5383798485e-14 
1.1585592802e-05 
1.2061994076e+00 
1.2116260144e-13 
6.3226430771e+27 
-4.0684508948e-26 
-9.8601019638e+12 
4.9446162219e-20 
1.0379172003e-29 
2.0352100968e+20 
-6.3743073365e+17 
-8.3385268813e+27 
-5.1189831680e+09 
-2.4053227965e-27 
1.3737474267e-24 
3.3653222400e+09 
6.9316349461e-23 
3.4755857013e+28 
9.5639860321e+21 
-5.6434626447e+17 
-1.3215245610e+26 
2.3393812314e+31 
8.8955164547e+29 
1.3891794434e+03 
7.3348922205e+32 
6.2791078681e-34 
-6.5971960000e+07 
-2.8241708800e+08 
1.2486850372e-32 
-6.9948225207e-28 
1.6467922251e-04 
-5.0367961089e+17 
1.7085323334e+01 
-6.8313523299e+17 
7.2162262277e-11 
-6.6622505516e-36 
3.2516853581e-21 
-1.0667109581e+11 
-4.0048145727e+13 
-4.9923576355e+01 
-4.7704187986e-32 
-6.9949295721e-05 
            nan 
-1.2274126160e-09 
-4.6524719841e-12 
3.3389439491e-33 
-2.0845041730e-13 
2.4284238543e+38 
3.3120636000e+07 
1.9746312224e-11 
-2.6701178122e+29 
1.4712081319e+29 
-5.4792648916e-17 
1.4220282949e+20 
-4.6085764214e-29 
3.4638729458e-16 
-2.0467862925e+35 
4.6254859178e-23 
3.3792581226e+14 
-1.4817731380e+00 
4.1897402843e-04 
-3.0421676032e+10 
-3.5917664202e-28 
2.7086204000e+07 
3.7465081600e+08 
5.3436429313e+36 
3.6851677721e-38 
-4.8756211996e-01 
1.8388390718e-14 
-8.4047974497e+17 
8.0264538352e+30 
-1.7462677897e-13 
-1.0897124030e+23 
3.0817436745e-26 
-1.2197316472e-26 
3.4009093497e-07 
-1.5134858402e-30 
2.6939714560e+09 
-4.1032728059e+36 
4.0717676897e+24 
7.7435675524e-19 
-6.2077043525e+16 
1.9057019851e-10 
-5.3654043015e+25 
7.3999848533e+35 
-1.6441864427e-03 
-2.2987775684e-30 
-1.1331697299e-12 
2.9623034692e-08 
1.2310738944e+10 
-1.3645317765e-08 
4.9399797795e+30 
9.3355163010e-13 
5.9741742188e+04 
3.2535463867e+03 
1.7955886496e+35 
1.2870644711e+35 
-6.9112889430e-31 
            nan 
1.8076552508e+25 
2.6684457310e-08 
-1.7757245223e-04 
5.0726989002e+15 
-9.4485920272e-05 
-1.6428939946e+35 
7.8121195211e-24 
3.7710950869e-20 
-1.2318857411e+16 
-8.8876505441e-27 
1.0947865097e-37 
-1.3797526235e+14 
-2.3598688973e+31 
-5.3288547922e+19 
6.8190301450e-26 
2.1168603159e-24 
-9.8454304000e+08 
1.0102116000e+08 
3.4400688352e-34 
1.4803214371e-01 
8.5783676779e-15 
-6.6042491463e-34 
1.2148900074e-37 
2.9739060806e-26 
3.3031045532e+02 
1.4901769216e+10 
-2.2461801299e-13 
1.5841813267e-14 
1.6872577362e-06 
-2.8584494745e+38 
-3.1874372877e+28 
2.8391079659e+38 
2.5538222080e+09 
9.6956870387e-17 
-2.8974345912e-15 
3.0552357519e-12 
1.2826598273e-23 
-1.7984122000e+07 
-6.3753711511e-12 
-8.2348917760e+09 
-8.0328442156e-02 
3.0546535836e+18 
1.7318864486e+12 
5.9319860181e+28 
-7.3399157653e+18 
-1.5811833975e-07 
2.5890249110e-19 
2.0884527500e+30 
-1.7937262657e+23 
-1.1744328998e+19 
-7.4715122581e-02 
7.0496947470e-18 
-1.7196553146e-37 
3.2799465544e-07 
-2.5740720058e-20 
2.0281217129e-15 
7.7536226833e+17 
-1.7092729242e+11 
6.8285876822e+26 
2.4014231575e-11 
1.6627251659e-11 
-4.8502914766e+19 
-7.6223792252e-23 
1.8845673374e-36 
-1.2655378952e-29 
1.4481275082e+00 
8.6832244069e-38 
-2.3823694050e-32 
1.7653858569e-15 
-6.6291822804e-06 
6.1426230000e+06 
-1.8760788528e+28 
-1.7984857702e+11 
2.8902012000e+07 
-1.1782610695e+19 
-2.0258536892e-07 
1.5197062380e-20 
-7.0726984061e+30 
8.7030935720e+33 
-9.8491141841e-20 
6.3525380555e+32 
-4.8939698935e-01 
-1.7387415885e-15 
-3.1966497866e+13 
1.0729734802e+02 
1.1256896328e+32 
-2.5394969461e-10 
3.3858901367e+03 
6.1450378418e+02 
6.7053110000e+06 
8.3921663573e-22 
1.8257315468e+23 
1.7082225935e-35 
9.7437186951e+35 
-2.4990332000e+07 
8.0090650620e+20 
8.1965596672e+10 
6.1696487964e-24 
-4.6797983348e-02 
-1.8934934176e-34 
-2.5752281959e+19 
-5.2413454924e+29 
4.4833899437e-07 
-2.2662200582e+21 
5.8252274152e+23 
9.7453244929e-17 
-1.2712459961e-24 
-8.2032896101e+16 
-1.0040728926e+21 
-8.0750037768e-09 
3.5688966513e-01 
-1.1800521449e-08 
-5.1410376775e+23 
2.9947290307e-12 
1.4387138147e-09 
5.1257207140e+31 
-2.7349167269e+14 
-3.0007790588e-25 
-1.5508325543e-27 
2.6129361920e+09 
-2.2186648724e-36 
-3.7567508016e-35 
3.8137376735e+21 
4.2575528335e-14 
2.1803248752e-27 
1.3490496875e+05 
-1.9806197842e+21 
-1.4730419590e+30 
-3.4852858880e+09 
-6.3521091684e-24 
8.3967130730e+13 
1.3527176307e+34 
1.7211209188e-32 
1.2824543109e+25 
-8.3218928000e+07 
-2.3643509233e-38 
-4.3467866415e+27 
1.1561979616e-21 
-3.3650503680e+10 
2.2935757189e-27 
-7.3866927127e-31 
2.3076577077e+25 
1.4854741748e-03 
-3.2282037824e-37 
-1.5203830768e-30 
9.6020445996e-38 
-1.9149873376e-21 
2.7330874722e+24 
1.7142160333e+20 
-5.8166873600e+08 
-3.3669181824e+01 
-1.5202145579e-30 
-2.4000683211e+33 
-1.0833055115e+02 
-3.9972108603e-01 
4.6561640608e+32 
8.0396134194e-08 
3.2221792000e+08 
4.4751456007e-03 
5.5510914168e+36 
-4.9456632062e-38 
1.3078313168e-29 
-6.3155186829e-17 
1.4916744936e-35 
-1.9128151216e+33 
4.7591292928e+11 
8.7984935817e-06 
6.5160511721e+31 
9.7080620821e+25 
2.8603893559e-11 
6.3596792000e+07 
1.5136182479e-30 
2.4760538854e+34 
2.7728281137e-18 
6.1690286657e-07 
-5.1208552084e-16 
4.2382471263e-02 
9.2814787500e+05 
-4.7365005799e+23 
9.9024823625e-36 
1.5582512000e+08 
1.2360603432e-04 
1.0280301055e-08 
4.8371510000e+06 
-1.8125953716e-07 
8.5898414856e+26 
-8.0340424626e-25 
8.5847955197e-03 
-5.2603518963e-01 
3.2258209437e-09 
-1.2613961888e-37 
1.8879514054e+34 
-1.9083345920e+11 
5.9952512288e-08 
-3.5473273208e-09 
1.0020110602e+22 
-2.6192972244e-36 
3.6067855369e-09 
3.8889307976e+00 
2.5171189354e+14 
-4.0633305829e+15 
-7.0259315283e+18 
7.0941860319e+16 
2.2586311220e+30 
2.0262433320e-21 
-1.2205582037e-37 
7.1750793750e+05 
-3.1554528809e+03 
-9.7872838531e+37 
4.1226796282e-11 
4.4900379236e+33 
1.4234392941e-28 
-2.0767118750e+06 
3.5036554821e-12 
-1.6260399605e-07 
-2.5102799727e+26 
3.5453816963e-05 
4.8377912580e-21 
-1.2944288396e+27 
1.8196806400e+09 
1.3734247337e+27 
2.5902844683e+17 
4.6905755997e-02 
-7.6965371990e-25 
-6.8563734927e+34 
-8.6548828125e+02 
-1.5194323718e+29 
-8.7880400000e+05 
4.9476992458e+15 
-7.9311434225e-22 
1.3458600733e-05 
-8.9218996774e-14 
-1.1661231360e+09 
6.0420263936e+10 
-6.0622086122e-35 
-2.6850198364e+02 
1.4793049383e-37 
-8.8164719969e-09 
9.5236292113e-19 
7.5425755955e+11 
7.3934191155e-34 
4.9297934311e-05 
2.5179969243e-25 
1.2614401259e+25 
-1.7954727526e+12 
2.8876548448e-18 
-8.6032458211e-29 
-7.9474746689e-15 
9.4896977565e+34 
3.9145213943e+34 
-1.6295752486e-35 
-2.3088172306e-30 
-7.0480509364e-24 
-1.9515766450e-31 
5.0856557209e-04 
1.8907043467e-24 
2.5365506299e-03 
-1.8216798720e+09 
-7.0958566666e+00 
9.7815592353e+32 
5.5734568513e-28 
-1.7486708138e+23 
-1.1206061146e+28 
-1.8403663872e+11 
-6.6865417406e-33 
2.3630628638e+23 
3.4621723633e+03 
-3.9711046895e-08 
-7.5328698920e-22 
-1.9775256064e+38 
5.5265306536e-17 
-2.3982889287e-23 
7.3902962903e-16 
3.1445468916e+33 
5.4717116754e-32 
-1.6242867336e-02 
-1.1351473950e-04 
3.3404487186e+37 
-7.4778407233e+14 
1.5074910596e-02 
-2.2211953183e-04 
-1.8996483067e+30 
-1.1456491815e+13 
-2.1250060201e-01 
-1.7552068243e-07 
-3.8784642220e+00 
-2.1288604910e+30 
3.3148753906e+04 
-8.5833111452e-11 
2.0598674837e-06 
-2.3981035741e+35 
8.1518081665e+01 
-3.0823961709e+24 
1.0943994935e-32 
1.0268725191e-35 
-3.8264084735e-17 
-3.3719752973e-17 
3.3239609964e-15 
-1.0133727012e-35 
7.6274072976e+23 
8.3911802433e-21 
-4.3536070582e-11 
5.6053868553e-36 
1.3766609309e-30 
-6.2446749740e-29 
9.9483689009e-37 
-1.1547155227e-29 
-9.3660334060e+29 
2.0082045342e-19 
-5.4552276005e-31 
1.7826740320e-34 
1.0733664967e-02 
1.3232156356e+32 
-1.3332640265e-05 
-1.8072081250e+06 
1.4858453902e+31 
9.1239956400e-14 
-1.2114414189e+21 
-2.0418976021e-07 
-1.8069477258e-27 
-1.6800504980e-31 
4.1042026276e+37 
1.1054044659e-17 
-2.2628572070e+14 
7.1676416000e+07 
-2.2900059355e-31 
-6.7976017897e+14 
3.8241264976e-27 
6.4676160000e+06 
9.3463660719e+26 
3.4786013872e+14 
-1.2726857084e+36 
-9.7216015625e+02 
8.1338619134e+13 
-4.6962030812e-32 
3.0891932074e+36 
-2.2260663365e-12 
-2.8889528809e+03 
-4.7307004000e+07 
1.8863272776e+35 
-7.9786488000e+07 
-1.8826576479e-16 
7.2032194686e-18 
-1.1644607156e+33 
-1.1455827434e+38 
7.3250297852e+03 
1.0573615569e+14 
4.5979890804e+34 
-5.4142390000e+06 
3.1670774333e-03 
-2.8739302187e+22 
3.2648205528e-28 
1.0378844261e+01 
1.1886824369e+00 
-9.4592845640e+31 
-7.5789921214e-12 
-9.0835492188e+04 
1.1367580152e+21 
1.1625036739e-22 
8.7726309708e-36 
-2.7562639791e-25 
1.6226786154e-31 
2.2547378461e-12 
-5.9427628800e+08 
2.7216174278e+15 
1.0738958351e-23 
1.7286032140e+27 
1.6603470466e+25 
-4.0352790278e+21 
-1.5189057789e-09 
2.5363055101e-05 
-3.4673953868e+32 
1.7968816578e-21 
-2.3512552679e-01 
-1.4133986290e+35 
-1.1793475077e-20 
1.1291043790e-25 
2.1867349762e+18 
1.8789969448e+29 
-8.5535348172e+34 
6.3521057988e-13 
-4.8137579729e-37 
8.9637249247e+14 
-2.7551460411e+37 
-3.7023491911e-11 
2.3479856491e+01 
7.2006902954e-25 
-7.7336030913e-09 
4.1325452763e-24 
2.0939551069e-30 
1.4062228267e+24 
5.0642402628e+17 
-9.8156589427e+24 
-6.0667057924e+26 
1.4947577147e-03 
1.7325643645e+28 
2.6467710000e+07 
4.2071520495e+28 
3.4093391305e-11 
-7.9982182617e+03 
1.0258016877e+20 
-3.4472263827e+15 
9.5631196553e+13 
-1.0922468848e-13 
7.5906187892e-30 
-2.8634974398e+18 
4.6880202628e-13 
-6.8770524160e+09 
-1.5133797191e-02 
6.8805763682e+29 
1.6901502000e+07 
-2.0655217852e+21 
-1.3619961300e+37 
1.4223080448e+10 
2.3235987127e-01 
-1.1457357599e+27 
-2.5020124231e+23 
1.0310350917e-02 
1.9663818588e+12 
5.9107460673e-23 
2.0397659887e+32 
1.9763348624e-02 
1.1572045481e-22 
-2.5056730153e+14 
8.9593995264e+10 
1.2208921280e+17 
-2.9190325222e-05 
5.8484775828e+17 
-2.0875098880e+09 
7.4004155000e+06 
8.6705658759e-05 
-9.5682957908e-04 
1.3057858681e+25 
4.5917277258e+14 
2.6542637689e-36 
-4.3637861381e-04 
-5.4727746094e+04 
2.6916183186e+19 
-2.4762888959e+15 
-4.5915746938e-17 
1.0262227761e-06 
-4.6457971139e-24 
5.9870610691e-09 
1.6838236479e-03 
2.0749172994e+24 
-5.5236790822e-21 
2.8944737868e+31 
8.6783960929e-37 
-2.4699818371e+14 
1.2242172742e-37 
2.4027676081e-17 
2.6189624691e-07 
-7.1103593750e+05 
-4.6019353734e+20 
-2.7592568339e+35 
4.4963796875e+05 
7.9549130305e-07 
-1.4940086430e-06 
2.7579801083e+00 
-2.3791100201e-09 
-1.4740915736e-12 
-2.0365433543e-19 
-1.1660221588e-07 
6.8822283321e+13 
-2.7101368687e-05 
-6.1581012934e+31 
-8.6212721992e+28 
-1.2819301419e+32 
-2.2971636720e+24 
-5.9881193750e+05 
3.3645627664e-17 
-2.0221787510e+38 
5.5018776166e+11 
5.5804756141e-27 
-1.0225793410e-27 
5.3955789655e-02 
-4.2847797091e+37 
-1.7370507121e-01 
-8.5015318687e-36 
-2.1125012996e+35 
-1.4906491575e+35 
-8.9692841302e-37 
1.9085238392e+20 
-3.7908868444e+18 
2.8398284964e+12 
-3.3065742188e+04 
1.2158782756e-33 
6.4015882872e-11 
-6.2226761656e-05 
-6.6239336727e-28 
-1.8406235144e-36 
-4.4247410098e-13 
-1.5858577743e-13 
2.0889972899e+26 
6.0254142761e+01 
-2.3805092204e-30 
1.5578327700e-02 
1.1635805319e-33 
-6.1326352453e-36 
-2.9358025640e-02 
-8.3840898572e+23 
-4.9302499818e+31 
8.7821248940e-08 
-1.0907462813e-13 
1.3820344021e-33 
-8.0035167734e-28 
-1.4364787671e+26 
1.5319755200e-25 
-2.5367972907e-37 
1.2200960728e-11 
-4.2210149331e-06 
-8.1981806627e+34 
1.3491983588e-26 
-1.3096944797e-33 
2.1725107495e-32 
5.2888009385e+32 
-1.7993155423e+35 
3.1340211990e+37 
1.3771717178e+22 
8.5182627840e+10 
4.9282649087e-37 
-8.5891634743e+33 
-2.7458929689e+13 
-1.2232528691e+11 
-1.9820901392e+20 
-9.1829190315e-39 
7.3300357963e+30 
2.5053073061e-32 
-9.2228180581e+24 
1.7602655066e+31 
-5.2321322835e+34 
9.8198867817e+18 
-9.4131869673e+27 
1.9014299825e-17 
-3.0172916735e-35 
-2.8004980638e-38 
-6.7483787240e-16 
5.1369057617e+03 
1.5998922786e+30 
5.6874211189e-31 
-6.3107292463e+13 
3.1315354646e-32 
9.0751922244e-07 
3.0357519883e-12 
6.7401557617e+03 
-1.1962249219e+05 
-3.2166574965e-04 
5.6505197287e-01 
-5.2786903082e+25 
-1.6996622575e-27 
1.6048881843e-32 
-6.5792629559e+20 
1.8887023889e-10 
-5.1439968685e-14 
5.7416255951e+01 
3.2713117500e+06 
8.9444815998e-09 
-4.5437129600e+08 
4.1115162490e-12 
-1.2010311523e+04 
1.4153195857e+29 
2.6104924083e-01 
5.1355218192e-31 
1.3437397379e-15 
-2.9335570664e-21 
5.7751896115e-36 
-1.1066359282e+00 
8.5576479182e-21 
2.2173522040e-02 
1.0860506525e-14 
-1.9705640682e+24 
3.3693997860e+00 
2.7579710007e+01 
-2.1663768005e+02 
-2.2836959516e-17 
-1.5420476262e+31 
-1.9041828396e-17 
-2.3300778809e+03 
6.4324104192e+10 
-7.2832522211e-35 
1.6057815850e+17 
1.0991213280e-20 
-1.3955742174e+33 
8.8029068138e-05 
9.0717814646e-26 
-5.5108077774e+14 
4.4250944109e-31 
-1.0039393280e+10 
-1.5686142400e+08 
5.5947593750e+05 
-1.9486639404e+03 
-6.8674875000e+06 
-3.7070074125e+14 
4.4746502075e+21 
6.7639115287e-07 
-9.7011558215e-23 
5.6652035091e+21 
4.0668801346e-17 
-1.9702748264e-38 
7.2430060385e-28 
-4.7506442261e+02 
-6.7309951208e+19 
1.4921946216e+38 
6.5759755673e-25 
-1.0878193053e-30 
2.4366033981e+15 
-7.7273201415e+33 
-2.1048143005e+02 
            nan 
8.0663332483e-04 
-1.7749315228e+21 
2.5137437500e+06 
-2.8893400998e-30 
2.2467442688e+10 
-1.3323816125e-33 
6.6296347720e+35 
1.1738104823e+25 
-3.3923746662e+36 
-1.1984710828e+19 
1.7785893542e-36 
-1.5630204799e+26 
-3.6109823947e-22 
-5.7099835000e+06 
5.4851453241e-11 
1.3575773678e-31 
-4.8643293000e+14 
-1.4765582561e-17 
8.4724180534e+35 
3.2639395536e-16 
1.5993708701e+34 
-3.6436302651e-13 
-3.8345751260e-32 
2.3017286367e-05 
5.1080470988e+22 
2.3837748066e+28 
-5.9036264378e+23 
1.1981121393e-17 
-1.1763251329e+33 
4.9106905292e+31 
-1.1383787645e+29 
-5.1427598180e-08 
-4.8709793750e+05 
-4.6662460375e+12 
2.2090221755e-03 
2.4162492044e+22 
2.0635997285e+29 
2.0765719005e-11 
-5.5256747639e-34 
-1.2888772115e+35 
1.7989860361e-13 
-9.1595754742e+36 
-3.1327041157e+28 
-1.3656494899e+11 
1.2134993230e-34 
-1.9755138394e-19 
-2.0394161224e+01 
-9.2828315156e+12 
-1.2434984073e-14 
-1.3239544277e-24 
1.3601824019e-18 
-2.6802072500e+06 
-5.5106178347e+23 
-3.6255982080e+09 
-1.2164059623e-32 
1.2677031680e+09 
3.2737014720e+21 
4.3145393553e-30 
-2.0113717699e+22 
-4.6230733324e-30 
-1.7206668657e+33 
7.4200763484e-36 
-1.9386896992e-37 
-3.5660210784e+30 
7.8444556036e-30 
5.9356380007e-06 
-3.9975316839e+15 
1.1883139905e-27 
-3.5222264000e+07 
-6.9886651300e-27 
-9.3482425428e-38 
-5.8986823875e-15 
-6.6691389638e+36 
-1.9033902208e-04 
6.4975516287e-12 
-2.1764352417e+02 
2.9720061274e+25 
-4.0711217078e+25 
3.4178621315e+18 
-3.1680750847e+00 
5.9886779034e-37 
8.9823422544e-15 
1.3479665990e+20 
1.8535329825e+13 
6.3947603968e+11 
1.0356284160e+09 
1.1861196992e+23 
-8.7412673103e-38 
-3.0265020712e-08 
1.5398748796e-27 
-2.0388823992e-38 
-1.1714621298e-21 
-3.0942831200e-30 
-7.7934696719e+17 
-9.0656920722e-20 
-1.7383723591e-34 
-6.6079678723e-15 
-1.0645041007e-32 
7.8734961013e+33 
2.6284858747e-38 
4.0448954921e+27 
1.8095391835e+19 
1.6040254307e-23 
6.8668805679e-20 
-2.4472131890e+28 
-2.0140550678e+28 
-1.9554408819e-13 
-1.9837754429e-27 
3.4278685994e-25 
-6.4741961728e+10 
1.8483883095e-15 
-1.1999179293e-35 
6.0643955188e+32 
-2.3858184156e-33 
1.4864405889e-26 
-9.2300517451e-08 
-8.0268160000e+09 
-2.4683524788e+27 
-7.7549762167e-09 
2.2341725840e+21 
-4.0480305324e-04 
1.5603401422e-29 
1.9189614800e-16 
9.0190947287e+12 
1.4343523634e+18 
-2.1473477435e-21 
-1.5375117063e+30 
-1.0683161042e-19 
-9.9330643002e-36 
8.8022771048e-34 
-7.8536070616e+30 
-9.1786721173e-26 
-3.3844742849e+13 
2.6265113611e-17 
1.7006167354e-06 
4.8234844234e+32 
-1.3854571759e+27 
-2.4806336915e-30 
-2.6496144368e-20 
7.7725176000e+07 
1.3728350497e+37 
1.5770871019e+30 
2.0640570416e-12 
-4.7712582864e+33 
-5.4068689630e-12 
-4.7728230129e-04 
5.6620959858e-25 
-1.4034542789e+13 
1.9708676590e-16 
1.9708337777e-16 
-1.0352265937e+24 
-2.6397474752e-15 
1.2510997133e+34 
1.4551550397e+35 
-7.9599113464e+01 
-6.6569616568e-22 
1.0785993626e-10 
-3.0235005910e-33 
-1.0642480148e+34 
-1.2186465416e-29 
-9.4779624589e-23 
1.3136357753e+13 
-2.1206744759e+19 
-2.3552664200e-14 
-1.6618168276e+20 
-7.2317117453e-01 
-1.1483542072e-23 
-2.1838440778e-10 
-4.7980554124e-35 
8.5414995755e-19 
2.9622338255e-33 
4.0007267144e+18 
-9.8993654254e-27 
2.8298065015e-38 
-2.3477047764e+30 
2.7397127910e+28 
1.3229542078e-17 
2.2637350494e-18 
-1.1651303834e+11 
6.3253658295e+01 
-1.9343637683e+26 
-3.5165426198e-06 
2.2330226886e-37 
-1.3921072640e+09 
3.0429093942e-22 
-8.4430202842e-02 
-6.7003860811e-26 
-5.9969348931e-11 
2.7136811556e-36 
5.2840615389e+25 
1.6337559810e-24 
-3.1404561026e-13 
2.7835095575e+23 
4.6125949445e-25 
-2.5251584934e+13 
-3.9977484802e-29 
2.2747048485e+30 
2.6421151028e+17 
5.4677289199e+14 
3.8659838867e+03 
-1.0359236468e-19 
-6.7170062542e+22 
3.6978721859e+37 
-2.5641905615e+35 
-1.1758385838e+32 
-1.4821983969e-25 
1.3362138544e-13 
5.5691736120e-21 
1.0560534043e-30 
4.8135080948e-20 
-3.5836144389e+27 
-6.8559316210e-12 
-4.5301411509e+17 
-1.0570856934e+03 
-1.2495157293e-14 
-1.9590615606e+26 
-4.5742084918e-19 
3.0180827282e-10 
6.6917457581e+01 
2.4025660132e+38 
6.6184639991e-07 
-5.8931166829e+20 
2.9064856935e-03 
1.4424882418e-16 
-1.2206469587e-18 
-8.9499558955e+30 
3.3451749459e-07 
-3.2496974397e+28 
-2.6720457065e+27 
1.2127353693e-04 
-6.1336375000e+05 
5.1065475959e-25 
9.4522944014e+24 
8.5309427863e-18 
-3.6603333342e-07 
1.1197775563e-12 
5.7621565475e-07 
4.7347976253e+32 
-1.2491843849e-01 
4.1150760805e+15 
-5.5287578579e-14 
-2.4676682510e+20 
2.9366487979e-06 
3.2622875000e+06 
-4.5296351831e+19 
-2.8286044919e+36 
3.5745186108e-13 
2.4490565647e+28 
-1.4095255884e+16 
1.2698089336e-07 
-1.5027417223e+27 
-2.4067895902e+29 
-2.0811582573e-14 
1.5500575120e-28 
5.3094523347e+35 
1.9928433706e+31 
1.0619788257e+25 
1.3771809950e+15 
-4.9326220886e-10 
4.1271709768e+15 
4.6454990965e-09 
-6.4637163520e+09 
-3.2167317113e-04 
2.9094614271e+26 
2.1170148816e+15 
1.7616216819e-10 
8.6102055402e+20 
-1.3776054344e+17 
1.5530236507e+28 
-1.0944269973e-20 
-1.3266031845e+23 
-8.5899694882e-15 
2.4063321729e-14 
1.0255520866e-14 
1.2286275080e-28 
4.2585101912e-24 
3.9672446976e+11 
-1.2694282737e-29 
7.0717623457e-03 
1.2552669908e+34 
-1.6974781656e-30 
1.1863248438e+05 
-7.9486970208e-05 
-1.4420518599e-11 
1.0866127250e-32 
-2.2376360501e+37 
-4.8890688307e+11 
-4.8789019699e-12 
-2.0466337391e+30 
-4.7707616159e-35 
-1.0202003361e-27 
4.9582972774e-17 
-3.0498087389e-10 
1.0808778461e-03 
-1.5128182419e+32 
-2.8038617224e-02 
-1.4798663429e-34 
-3.8262598217e-02 
9.2963962565e+29 
3.9126114402e+17 
5.9566692434e-28 
4.6308519086e-04 
2.1506030827e+16 
4.2480012563e-11 
-2.6891062619e+37 
2.0073473176e+18 
-1.0689065498e+17 
-4.5946660332e-17 
1.2664182854e+36 
8.2377596432e+17 
7.7936052927e+31 
2.1803107200e+08 
6.6094101494e+33 
1.6313444600e-14 
-1.2296900968e-04 
-1.1016024254e-37 
-1.2039676420e-21 
1.9281582726e-15 
-2.4171807680e+27 
-1.0083839281e+20 
1.7035595744e-36 
-1.6525212384e+37 
2.1970835308e-36 
-4.9432633939e-19 
-7.7580157921e-17 
1.5531081850e-28 
-1.5210289266e+18 
2.8009392852e+36 
1.5416627319e-25 
-4.8088346170e-29 
1.6458149999e-02 
1.4779209641e+27 
9.9536356934e-10 
3.0551123287e+29 
-6.3729267945e+37 
-1.0473435742e-28 
-3.8625408676e+26 
-2.0893145760e-36 
-5.4632423229e-38 
-1.4342029126e+29 
1.6798383163e+29 
-1.2424332934e-19 
-2.1597226268e-35 
-1.3559805440e+09 
3.1899149222e-32 
-9.7439271602e+37 
-1.2663556518e+29 
1.0120492536e-25 
-1.6127581354e-27 
-1.9086968436e-15 
1.2447030167e-04 
1.0622498436e-08 
2.9088540262e+11 
1.4002619311e-02 
-3.1235823685e-19 
-4.3760996346e-13 
-6.0700373811e+11 
-4.6336924076e+24 
1.1189824394e+19 
-2.5299862400e+08 
-2.4575510810e+17 
-8.1926058253e+14 
-8.4355104445e+24 
-2.9661126709e+02 
3.2208156142e-08 
6.5967665420e+16 
3.4199788417e+15 
-2.5220117905e-22 
-4.4982470400e+08 
-3.3850247873e+16 
1.2667594383e-32 
-9.1654041600e+09 
-1.2668995878e-28 
-6.6875272457e-32 
7.3135644593e-39 
3.8723076390e+34 
1.4409420251e-28 
-1.3124461896e-22 
-7.1076668499e+28 
-3.3751926990e-17 
4.5527440594e+25 
3.7431666655e-09 
-3.3027995000e+06 
1.3927591499e-03 
1.8873357538e-38 
3.1171694189e+28 
-1.4952706499e-13 
3.9102320671e+00 
1.6815520994e-18 
1.4102516696e-02 
6.1838807177e+32 
-5.3394754917e-21 
-4.4084785000e+06 
5.8312797852e+03 
6.9828312844e-03 
2.5075902069e+25 
-5.3634194795e+19 
5.5114492774e-02 
-2.4381975333e+24 
1.7624507141e+02 
-2.5315636769e-02 
3.2559035278e+21 
-5.0652250394e-08 
-7.4470888927e+33 
5.8422220912e-39 
1.5002113068e-03 
-1.2551971668e+13 
-1.1946708670e-20 
-3.4054749781e-23 
5.6602766033e-31 
2.9687291193e-24 
-6.5854771851e-28 
-7.3085507934e-23 
-3.1281272736e-20 
-1.9526443279e+29 
4.2731579518e+36 
-6.5640185344e-13 
-1.5478760455e+22 
-2.4705507258e-06 
-4.7999004541e+25 
1.8604306013e-35 
2.2635968891e-13 
-8.6350717280e+36 
2.4400197435e-03 
1.4560786994e-33 
-1.0789087474e-27 
4.1208449006e-01 
6.1146992260e-21 
3.5547842439e+26 
-6.7544256000e+08 
2.2332045337e+36 
2.8727528401e-30 
2.8791867076e+21 
-1.6771081156e-26 
1.0911286146e-20 
-7.7083453478e-32 
-2.7905516703e+32 
3.8629486084e+02 
2.3875734261e-27 
-3.5515767004e-21 
-9.2969086501e+33 
1.0714025233e+22 
1.5075445710e+19 
1.3441501185e-02 
-5.8262905611e-08 
3.0076153786e-21 
2.4437823688e+14 
-1.5475504915e-04 
7.7900075912e+00 
1.2475757500e+06 
9.6924196509e-33 
-1.4748496469e-03 
-5.0830802917e+01 
5.5355932955e+15 
1.5448695733e-33 
5.7717013209e-19 
1.4334897995e+01 
-2.1042631526e-10 
1.7688872201e+16 
2.5917169983e+26 
9.6334519289e-30 
6.2721709881e+32 
-2.4825212000e+07 
2.4711549820e+26 
-1.4982870225e-27 
-6.4825859402e-34 
-2.1037530662e+30 
-9.2645041150e-06 
-9.4008061569e-04 
-1.5033272957e+27 
2.3808100538e-14 
-5.1592026623e-36 
-1.9716169434e+03 
-5.7493270930e+35 
2.6280871680e-05 
1.3397106934e+03 
3.4282952622e+29 
3.3771889974e+18 
-1.1577158973e-16 
-7.7380642295e-02 
3.7916609006e+18 
5.6772240795e-21 
-4.6170289954e-35 
3.9045401284e-19 
-3.7153209560e-03 
-3.2584773934e-31 
1.0877403980e+36 
-1.4922458175e-38 
1.0067065700e+13 
-4.3114989397e-26 
-6.0127670000e+06 
1.0299707557e-16 
-9.9519646800e-24 
-3.5859217644e+00 
-9.5980134716e+19 
-3.1658528736e-16 
-1.3077315462e-36 
-2.7850043392e+10 
3.6689226816e-16 
1.1362060377e-06 
4.6750749876e+33 
5.9699753008e-27 
-3.6391462199e-03 
1.1313472381e-09 
-2.0149135046e-14 
1.6044854870e+13 
8.1748150000e+06 
5.6043612957e-01 
-3.0394871094e+04 
3.5820062195e-35 
-6.1015870227e-39 
-4.7853907503e-09 
5.5184310000e+06 
1.5014231121e+26 
1.4516694613e-21 
-3.9188306231e-31 
-4.1665195981e+26 
-3.4293980701e+17 
-6.2392356045e+11 
5.4060473105e+35 
-2.1070001654e+29 
-3.9819357664e-13 
4.1829146121e-26 
-1.5193695228e-25 
-2.0044378483e-12 
9.2816723316e+34 
-3.9079097911e+18 
4.3686244734e-38 
2.3881274931e-24 
3.3133880084e-09 
4.1124014282e+02 
-2.9632550936e-35 
1.1725024266e-20 
1.0764220244e-11 
2.6872376525e+11 
9.2120249838e-24 
-9.4495025839e-20 
8.2080535426e-22 
-8.6348536218e+11 
5.6401089354e-10 
7.0198243654e-27 
5.6019672852e+03 
4.0418873504e+34 
6.7234675422e+31 
-1.2044946637e+12 
1.9821932800e+09 
7.2737398509e+14 
2.1269700682e-13 
8.1160688370e+14 
9.3729562624e+10 
3.0972187835e-24 
-3.4381058586e+17 
-7.5717563908e+13 
-7.0955608605e+25 
-1.6944629014e-26 
-7.2835579508e-37 
-4.7712474840e-14 
1.3992550608e-29 
-6.9450436882e-23 
-2.5138292382e-29 
1.1196434570e+04 
8.6830791786e+13 
4.5809966309e-07 
1.2812238419e-03 
-1.5133629000e+07 
-4.1624479041e-33 
-7.8233238661e+14 
-4.9256733562e+33 
-8.1143055046e+23 
-1.2856167350e+23 
3.3283528140e+18 
-1.8832320870e+27 
3.4606356793e-32 
-6.8105374513e-21 
-1.1280222321e+02 
8.1026153564e+02 
4.3023176688e-10 
-2.2115541753e-07 
-4.6687871113e-21 
-1.9982210382e+34 
5.8680325747e-01 
3.4396812916e+00 
1.1601370061e-03 
3.4054761520e+36 
-1.4469265621e-16 
2.1790007299e-11 
1.8929232500e+25 
3.1334745909e-10 
1.7755428128e+25 
-2.9382013267e-08 
8.3764920320e+10 
4.9301230469e+04 
9.7839051549e-28 
-1.8753611876e-34 
-2.1441851319e-15 
9.6179470071e+27 
-1.3676995277e+35 
1.1525925249e-02 
7.5361504628e-20 
1.5532276318e+13 
2.2344271176e+18 
9.4762648303e-23 
-5.0174871627e+14 
9.1245414438e+23 
-1.9760956059e-17 
-9.1965374748e-25 
1.8929889274e+19 
-1.3765612350e+29 
5.3329695016e-02 
-3.5980919071e+24 
-4.1022974187e-27 
8.0641952051e-38 
1.1417797665e-15 
1.4299574189e+15 
-1.1301559570e+04 
-4.1267867569e-19 
3.8225658878e+27 
-2.3590127185e-08 
-8.7426801398e-29 
-2.4821900297e-03 
7.2921670835e-06 
4.6137748200e-07 
1.2629097838e+24 
-8.6523384535e+14 
1.6733901376e-08 
1.0735937757e+28 
-4.5997047455e-28 
-4.5026689218e-14 
7.3419229463e+32 
1.2624297441e-10 
2.4871162595e-19 
-2.7637778418e-21 
-1.6139004815e-26 
-4.0017290303e-05 
-6.3233249298e+34 
6.4048721300e-23 
1.9436544232e+19 
6.5341297433e-38 
-1.0682139998e+15 
8.9454826879e-10 
1.9637526236e-18 
-5.9802794112e-27 
-1.9220116682e-19 
-6.8134052561e+14 
1.9680513223e-22 
8.3155595703e+03 
6.5540717742e-07 
6.9362237649e-17 
-2.5987817914e+28 
-9.8125206220e-26 
8.6413777221e-26 
6.9376186958e-15 
-1.3482418808e-06 
-5.9378549760e+09 
-1.2021836825e-02 
-1.8533426172e-33 
1.2653078605e+24 
6.2093936602e-16 
6.9516884659e+16 
6.6961550939e-21 
9.3980403617e-03 
2.8705150617e+20 
-7.0523046921e-37 
-4.1836800935e+29 
-4.1120152500e+06 
-1.4538011608e-26 
2.3416533957e-30 
-1.4114731123e+34 
-2.9025914081e-28 
2.0245516064e+25 
-2.2286706230e+24 
-1.5677587986e+36 
1.0998288727e+02 
6.4448136055e+16 
-2.0394860904e+25 
2.7934783375e-08 
            nan 
7.7575353600e+08 
-2.2940359941e-06 
-2.5175661743e+35 
5.0713476958e-04 
-1.7159303377e+26 
2.4015661056e+10 
2.5182942738e+31 
4.3495668000e+07 
-6.2093327649e+32 
-1.0573902126e+24 
-2.4233112500e+06 
1.6421880161e+19 
6.4115626497e+32 
-7.4611488000e+08 
1.3253080624e-06 
1.0293601227e+02 
-2.2266594542e+29 
-3.3121328185e+18 
6.4779516833e-05 
3.0179436957e-30 
4.8249423425e-15 
-1.2749723945e+27 
1.1995470806e-12 
4.3312086834e-38 
-1.6115559570e+04 
-5.0486837546e-37 
-8.8160004875e+35 
-1.7160823112e+12 
1.5705377404e-18 
1.9421011963e+03 
-1.4749423038e-37 
-4.7948831572e-09 
2.1804864858e-10 
-4.4526431703e-35 
-2.6254746128e+18 
-1.5590230347e-16 
-4.2118400017e+27 
-3.1735961352e+38 
-6.0936381250e+05 
3.4699672500e+06 
4.5169322402e-04 
3.1573178100e-11 
7.1006339567e-05 
6.6216276027e-03 
3.7505030632e+00 
1.8105805335e-24 
-2.7151484000e+07 
-1.0428140613e-19 
9.1088105469e+03 
1.8924192409e-04 
5.2845838945e-04 
6.9752654827e+18 
7.4779052734e+03 
1.4993214000e+07 
1.9470521341e+20 
2.2146780828e-32 
1.0195478353e-05 
5.8677276684e-05 
1.6232418296e+17 
-8.4548913072e+22 
1.8161252975e+01 
-7.4105336000e+07 
1.4171698438e+05 
-2.0280895684e-19 
-2.3106944480e-30 
-7.1591995000e+06 
-4.6919368704e+11 
1.9016017664e-32 
1.5380620264e+22 
3.4569087493e+21 
-4.9979698354e+30 
-2.6046789120e+09 
1.3759337425e+01 
-1.4597103026e-29 
-1.0711599173e-30 
1.3554426933e+36 
-3.7283750983e-14 
1.4368835069e-21 
