2.3509887016e-38 
0.0000000000e+00 
0.0000000000e+00 
0.0000000000e+00 
0.0000000000e+00 
0.0000000000e+00 
0.0000000000e+00 
3.5873240687e-43 
0.0000000000e+00 
0.0000000000e+00 
0.0000000000e+00 
0.0000000000e+00 
0.0000000000e+00 
0.0000000000e+00 
0.0000000000e+00 
0.0000000000e+00 
0.0000000000e+00 
0.0000000000e+00 
0.0000000000e+00 
0.0000000000e+00 
0.0000000000e+00 
0.0000000000e+00 
0.0000000000e+00 
0.0000000000e+00 
0.0000000000e+00 
0.0000000000e+00 
0.0000000000e+00 
0.0000000000e+00 
-4.4236203410e-34 
7.1746481373e-42 
0.0000000000e+00 
0.0000000000e+00 
0.0000000000e+00 
0.0000000000e+00 
0.0000000000e+00 
0.0000000000e+00 
0.0000000000e+00 
0.0000000000e+00 
0.0000000000e+00 
0.0000000000e+00 
0.0000000000e+00 
0.0000000000e+00 
0.0000000000e+00 
0.0000000000e+00 
0.0000000000e+00 
0.0000000000e+00 
0.0000000000e+00 
0.0000000000e+00 
0.0000000000e+00 
0.0000000000e+00 
0.0000000000e+00 
0.0000000000e+00 
0.0000000000e+00 
0.0000000000e+00 
0.0000000000e+00 
0.0000000000e+00 
0.0000000000e+00 
0.0000000000e+00 
0.0000000000e+00 
0.0000000000e+00 
2.1267029643e-01 
2.8282557615e+14 
6.8611670016e+11 
-2.3478560090e-18 
2.0555798693e+27 
3.1033332913e-13 
3.5682169255e-03 
-3.3083562215e-24 
-1.3351820052e-18 
2.9090329928e+37 
-1.8336795620e-06 
-1.0525859742e+26 
-1.1508700481e-07 
-2.0805511475e+00 
4.8899429221e+37 
3.0989574763e+38 
3.9890635894e-32 
-3.5670042038e-02 
-6.4901921701e-24 
3.9678024165e+24 
-9.5037826863e+17 
8.5693640353e-16 
8.5107026981e-10 
4.1579243541e-01 
6.2954385937e-21 
-5.2754937337e+20 
1.1260604416e+11 
-3.8809773326e-01 
3.5410427368e-10 
-1.8397862688e-35 
-1.1050762699e-33 
2.2585588755e-31 
-1.3810220764e-34 
-4.7046809196e+00 
3.4450016498e-36 
3.3073033392e-17 
1.2274099005e-16 
-5.8858126977e-06 
3.8344472007e-37 
2.2883294150e-02 
-1.4657003389e-09 
-4.6529779577e+19 
1.6212765657e-29 
2.1947847475e+11 
1.7199351508e+38 
3.9475582886e+02 
-1.3264595973e-26 
4.7449823469e-02 
2.3802007024e+30 
-1.5244982448e+33 
5.6688667442e-19 
5.9156184196e+00 
3.0286059930e+12 
-4.1273529104e-18 
1.4089486213e-27 
-5.0379915940e+34 
2.8111187275e-03 
2.1413374400e+08 
-2.5547526397e+38 
-3.4500418732e+30 
-2.0333045654e+03 
1.5346332220e-03 
-5.1119579172e+36 
-5.4249477252e-19 
1.6861195459e-32 
-7.9921197875e+11 
-1.2519122405e-09 
2.9665128600e+24 
-1.3282905154e-17 
2.1300606015e-23 
-1.3207496950e+37 
1.1244558830e-18 
4.0675322647e-28 
6.2085622923e+13 
-3.3826940964e+14 
-4.8331904516e+14 
-3.6561298135e+22 
1.2090765255e-34 
2.4687465157e-06 
5.1027155878e+13 
9.1901300862e-21 
-4.6807800000e+07 
-2.7183186245e+15 
-7.1457187500e+05 
-3.9165169537e+34 
-3.7766003871e+37 
-1.0182329550e-30 
4.8481130600e+00 
-8.1378989918e-13 
-2.1394273187e+33 
-3.3808997560e-36 
4.4123692204e+14 
-7.7332807054e-34 
-3.6431677987e-12 
-3.9039863623e-05 
9.6191195074e-27 
8.6141141963e-13 
-4.1368108839e-23 
-1.5994244303e+32 
-8.0750052478e-11 
-2.8390587746e-14 
-4.3817204944e-15 
2.7198875000e+06 
2.3771075194e+22 
-3.4727708945e-17 
-2.5285053763e+38 
1.1715202304e-20 
3.9417080000e+07 
5.5139983710e-18 
2.5733382497e+21 
5.0504516125e-09 
9.7643105469e+03 
-1.3425398220e-20 
8.1362653873e-05 
1.7837952860e+12 
-1.8831441748e+33 
1.2457888184e+03 
3.7284210847e+27 
-1.3483493845e-30 
-8.4307821311e+20 
-2.4527396780e-10 
1.8983516693e+01 
-2.0171388000e+07 
-3.0520422446e-15 
8.7249856442e-03 
-1.0443718750e+06 
-8.4245899721e+24 
-3.6462407022e+19 
-2.7095210615e-23 
6.1153717141e-21 
-7.2615055756e-35 
3.8002876099e-03 
1.9261556077e+20 
7.0542846525e+30 
-3.8833280949e-17 
2.0910351608e+19 
-1.3787951527e+26 
-3.6160703748e-02 
2.5829623864e-15 
-9.9065727021e-21 
3.6997748661e+36 
1.9840224468e-06 
1.1278207471e+14 
3.5935224787e-06 
9.7224992143e+15 
6.6891004000e+07 
-6.0273765489e-24 
-2.8028903809e+03 
9.6331593750e+05 
-4.6905336465e+18 
1.0005355402e-15 
-7.3232203026e-37 
-4.1819196780e+27 
-1.3802581122e-07 
-5.1456722733e+35 
7.9169537690e-39 
-2.0218368688e+21 
2.5914044511e-18 
-1.1689140229e-03 
9.7887543404e-08 
-1.5012860189e+20 
8.3114062507e-12 
1.0851972534e+16 
1.6829998342e-24 
-6.4577505669e-12 
-5.4136635000e+06 
-4.5881223888e+33 
-3.7242794195e+19 
5.1513915000e+06 
-4.5809313869e+22 
-6.7592192423e-14 
5.6340071883e+17 
6.1980840552e+16 
-6.6722243631e-26 
-8.8600082975e-38 
7.8954363273e+23 
2.8675215238e-27 
1.7112372443e-02 
1.4935988188e+00 
1.4062477475e-30 
-5.6317725239e-07 
1.5035568391e-31 
-2.0297408803e+28 
2.3384693122e-05 
4.7949890933e-37 
-6.1799950736e-14 
1.2856932687e-25 
-7.2834811320e+18 
-2.3351422000e+07 
1.9261303593e+27 
8.5186289369e+26 
-1.3292555803e-36 
1.0151049796e-37 
7.2838172993e-11 
-5.7782730641e-18 
-9.6379837979e+19 
7.6073405353e-07 
-5.1202178493e+35 
-1.1343305584e-17 
-1.5424109946e-30 
1.1839920049e-13 
-2.1149004769e+34 
-1.1387100407e+26 
-4.6651739695e-36 
-1.2671494862e+14 
-1.3281128313e-13 
-2.8945920944e+01 
8.9213056423e-32 
-7.9141660271e+26 
-6.8855949402e+01 
-4.0069087887e+13 
-5.8796405068e-20 
-7.1386130662e+15 
-9.9583197021e+02 
-2.7797887333e+15 
5.9897608520e-34 
4.8961800000e+05 
2.7549620290e-34 
-2.2348741962e-36 
6.2073014845e+14 
-1.0096225940e+20 
-3.8311006585e-33 
6.2155961401e+13 
-2.6209052262e+11 
-2.8971403042e-30 
-9.2264644802e-02 
3.5713655961e-05 
2.1058934690e-22 
-4.7887608409e-01 
1.5493909720e+21 
8.3358365544e-08 
4.0031188480e+09 
2.2567194213e-35 
-2.6776449622e+30 
-4.7537265345e-05 
-1.6760250879e+15 
2.7721634741e-19 
2.1889906337e-15 
-1.3367941736e-14 
-1.4317227319e-33 
-1.7021690724e-09 
8.4797539893e-29 
-5.5847103783e+18 
-3.2933169223e-06 
1.6653672324e-14 
-4.2550937500e+03 
-2.8917375000e+04 
2.1794106075e-34 
-6.2062851717e-30 
4.3836612032e+23 
-2.7420390632e+17 
1.5774531746e-15 
-6.2881371943e-30 
1.3259922262e+23 
-1.2302245523e-05 
-1.1414110565e+02 
2.4656138649e-34 
1.6950203846e+30 
5.2439547904e+10 
1.2819991193e-28 
8.1134616576e+13 
-1.7998189744e-13 
-1.2758848000e+07 
1.2289189924e+15 
-2.8021906473e-21 
1.8616753848e+12 
9.5087890625e+02 
-1.8958930793e-25 
-5.0209084496e-39 
-1.1432812500e+04 
4.1858048000e+08 
-7.5870687510e-10 
-3.2396356410e+24 
6.0331517645e+22 
2.8564136567e-32 
1.8471626462e+20 
-5.0525208680e+20 
-3.6613045226e+35 
-6.4026101818e-21 
-2.9137049340e+20 
1.2778563690e+02 
9.1652578345e+12 
-5.3962445854e-31 
-1.7418022912e+10 
-9.5287878418e+02 
6.4318560733e-19 
-1.0868137987e-11 
2.7201716997e+34 
-7.0472861691e-15 
-2.5643227622e-02 
1.9695807838e+38 
9.5968570340e+32 
-3.8182508370e-12 
-1.1343389888e-23 
5.8179227465e-27 
-5.4188051890e+16 
5.4677152480e+37 
-2.1105211802e+11 
1.2634189943e-06 
-5.1581945792e-20 
2.4626690503e-37 
9.2410793750e+05 
2.0202512741e+01 
8.1806715135e-28 
2.8720912801e-11 
-4.3427746094e+04 
-7.9738488421e-03 
3.2080596875e+05 
-2.3433462204e-29 
3.9962405420e+19 
-1.2197221600e+08 
-1.1059138631e-12 
3.0826117297e-26 
4.0372631040e+09 
-1.2804012800e+09 
4.6506960609e-12 
1.1306751754e+12 
2.3921620621e+23 
-1.7976089148e-03 
-6.9696663400e+16 
-3.5594110378e-28 
8.7268968937e-36 
2.9783940851e+29 
6.2965922980e+36 
-1.0605719645e+38 
5.1529313280e+09 
-7.7504635659e+31 
1.6479339025e-19 
4.9672596875e+05 
-5.9992471249e-26 
-1.8600433024e-33 
-6.3974274306e-17 
-2.4970816086e-23 
-2.0055004710e-37 
4.3622024730e-16 
-7.9833378797e-10 
-5.0109893470e+15 
-2.3218873047e+04 
-3.0725952141e-19 
-4.5523610864e+35 
1.0553522734e-03 
-3.0479689183e+38 
-5.0639998168e-34 
4.7510334849e-01 
            nan 
-4.9673444708e-23 
1.2956316367e-31 
-5.4303336544e+17 
3.8951699297e+14 
1.6763547897e+01 
4.9147043768e-08 
-2.4809460608e-18 
-2.0198425002e-18 
8.9609365234e+03 
-2.0559917500e+06 
-2.6550875902e+21 
4.1845252096e+10 
-1.5769000052e+19 
1.1743356934e+03 
-1.0329461790e-25 
1.0389899723e+18 
5.0986919086e-04 
-2.1422796800e+10 
-1.1826645920e+27 
9.0309033510e+17 
-2.2843371094e+04 
1.5303520170e-12 
-1.8179833228e+19 
-6.6489779949e-01 
1.1050551182e-29 
1.6535211527e+33 
-2.9688369141e+04 
-1.8150622189e+36 
-2.4082853053e+28 
-4.7816787038e-29 
-6.3257088895e+20 
3.2640040850e+27 
-1.1008370231e+21 
-1.1391228800e+08 
-2.2867201622e+21 
3.2243312640e+10 
-1.0279319736e-32 
-6.2727547729e+14 
1.7231511481e-20 
-1.4880523826e-21 
2.1183045248e+36 
7.2163724800e+08 
5.7924369276e-37 
-4.2790275574e+01 
1.2801813429e-11 
-3.7792803840e+09 
-2.4391149339e+16 
2.7353233664e+16 
-1.2574702348e-28 
2.7774583848e-12 
9.0956272000e+07 
6.1059242188e+04 
-2.3388540555e-15 
7.6422611670e+27 
1.0789484794e-25 
-2.3814973431e-12 
-1.5059352953e+32 
6.0455176586e+30 
5.7345760277e-30 
-4.7643060779e+25 
2.7938260294e-14 
1.6245143040e+09 
-1.3366323562e-34 
-4.4273977280e+00 
7.5842269897e+01 
4.1124039937e-12 
-6.5973951562e-13 
5.2928639950e-30 
4.5825413612e+13 
-2.4239696875e+05 
1.3029560544e-14 
-1.3716040179e-02 
-1.5539997901e+11 
-2.9775950646e-28 
2.1291036343e-24 
1.0508073028e-03 
-5.2408268675e-03 
1.3352732234e+35 
-1.3254655059e-03 
4.9042140692e+12 
6.8254458904e-01 
7.4841722406e+18 
4.9744371352e+16 
6.5602457819e-14 
4.5239205540e+29 
2.3930053880e-17 
-5.9421351179e-03 
-1.7857586306e-23 
6.6777097519e-31 
-6.6905346774e-30 
-2.9351194957e-36 
-1.0945065687e-10 
3.5656672569e+36 
-1.0408980749e+15 
2.4951296875e+05 
-5.0158698239e+27 
5.0209784774e-08 
-1.5107756661e-22 
-1.3399046845e-33 
-1.0668157469e-09 
3.8171896000e+07 
5.9918333636e+24 
2.6320573668e-20 
1.0700078576e+24 
1.0097151963e+35 
9.6186069683e+36 
1.7543075037e-21 
-4.5385002136e+01 
-5.4758286084e+22 
-1.4261745664e+10 
-3.8556533689e-29 
5.6230128134e-35 
-9.6554394588e+23 
-8.4134883085e+20 
7.6890910718e-35 
7.2454914451e-02 
-4.6963900579e-16 
5.8497751040e+09 
-1.1610133688e-10 
-6.5643051147e+01 
-1.7143415197e+27 
1.8103055908e+29 
-1.2618379916e-25 
7.0479145081e+34 
2.3249981542e-33 
-7.6718473950e-16 
2.1726235127e-24 
1.9838465430e+20 
-2.4724147268e-17 
-2.2514759023e+33 
-3.2137572360e-38 
5.6549786833e-34 
-7.4443965440e+09 
2.2172635096e+23 
-1.0534421755e+33 
-1.4999454853e-31 
-1.6562094942e+20 
1.4174410093e-27 
-1.6809094611e-32 
-1.3548663040e+09 
-1.0694287293e-35 
3.3374238281e+04 
-1.1661240821e-13 
-9.8060502642e+25 
-5.1205970887e-12 
-7.2295697882e-28 
-2.0767480247e-22 
7.5057271723e+32 
5.1993067299e-27 
3.2109014114e-08 
-7.1206775000e+05 
-2.4896710628e-36 
-2.0400016041e-14 
-2.8616707093e+26 
-5.1126374245e-09 
2.7685916848e-07 
9.4746365133e+11 
-3.6048522384e+36 
2.8781023181e+38 
-2.7887105942e+00 
-4.3973515826e+35 
-1.2282433903e-30 
1.8321840858e+16 
1.0813308594e+17 
3.4379681280e+09 
4.8884915200e+09 
-1.8038752803e-32 
-4.6858536960e+09 
-1.9530831752e+19 
2.5045001507e+00 
5.5668983963e-13 
6.7070094322e-19 
1.3769916992e+03 
-2.5631867188e+04 
3.6296830863e-17 
-8.5548098574e+20 
1.3633190160e-37 
1.9764587520e+09 
-2.8580194516e+22 
4.3828440449e+16 
-3.5761749118e-09 
7.7084646400e+08 
3.3552230640e+19 
-4.0846328911e+37 
-2.1694590371e+18 
6.4292087112e+31 
-1.2178263664e+00 
1.4904002085e+13 
1.2508992405e+31 
1.4519933594e+04 
-1.8971271477e+24 
3.0329023785e-31 
5.3232217600e+08 
7.9303530250e+12 
1.6580480337e-01 
1.9873558587e+14 
9.9169566720e+10 
-2.8765148328e+18 
-1.1913301405e-31 
1.8947168877e-24 
-1.8376343412e+30 
3.2624383022e-21 
1.3546699306e+14 
-1.3456478119e+01 
1.2143276883e-32 
-1.2628780054e-28 
6.9503471689e+25 
-1.5327664268e-12 
1.2600591651e+33 
-1.0892634061e-15 
3.4433742500e+06 
1.2507447902e+20 
-7.4339600360e-06 
-3.9791190400e+08 
-6.6053356000e+07 
1.1857983787e-38 
-9.8246017866e-34 
5.5611579792e-32 
-2.9013152416e+28 
5.2116517416e+32 
-3.0344452648e+22 
-1.9777351488e-27 
-1.8573985100e+00 
-1.4851626044e+20 
-8.5338640291e+28 
9.7711292833e-33 
-7.4878030944e-31 
-2.5561111315e+17 
2.4996879259e+38 
6.8438781250e+05 
1.2302690038e+38 
6.5644586626e-34 
-3.5165230279e+17 
5.0292421427e+11 
-1.6190778697e-03 
-5.3733904882e-18 
1.6904417754e-25 
-3.6940230685e-22 
1.6132021363e+29 
-9.4551562760e-12 
-4.1838167817e-04 
-3.1308798283e+14 
-2.0440029654e+30 
1.8894254825e-18 
-1.2538175393e+26 
3.3870286569e+23 
1.4328948864e-18 
2.7752583387e+27 
1.3279176649e-24 
-2.4297033363e-27 
-7.5462149389e-16 
2.5147216353e-20 
1.7571690444e+21 
2.1487572193e+00 
1.3977161441e+27 
3.5874526531e-30 
-1.6754636250e+06 
-1.5811556950e-02 
-1.4680680819e-02 
-7.4398548623e+12 
1.8929381227e+25 
1.4744626251e-29 
-8.7465946032e-35 
2.8763684302e+31 
-2.0222589015e-17 
1.5412436996e+37 
-3.7946205286e-28 
-1.9068048068e+23 
3.5215971849e-27 
1.4617976733e-02 
-3.1120439649e-23 
4.1044183619e-23 
8.2670943386e+18 
-3.2115631009e-27 
-2.1459219100e+31 
9.3578007677e-22 
-1.4108060877e+11 
-2.7964203929e+17 
-3.4232877661e-03 
1.7970430103e-13 
1.3787276250e+06 
-1.1251124963e-25 
-1.2603203204e+14 
2.5757119141e+04 
9.9063008747e-06 
-2.1843176076e-34 
1.8304030711e-37 
4.1938502287e+12 
5.9193107142e+29 
2.0676314438e-28 
2.5590389721e+37 
2.6630843542e-22 
-2.0457252087e+38 
-1.3545345122e+29 
-8.6309880018e-02 
-7.9234280481e-38 
-2.0331703638e-21 
-5.5100005120e-03 
-3.9514387856e-13 
6.9564948922e+23 
-4.4206542969e+03 
-6.8115804160e+09 
-9.9638540506e-31 
3.1194071040e+11 
1.4932218576e-21 
2.4228934398e-19 
1.2280077882e+15 
-7.3656678923e-20 
-3.4358154517e-04 
-4.7679647803e-02 
-1.4643342030e+15 
-7.2908250104e-08 
6.8392011951e-25 
-8.3752416000e+07 
-6.8387126923e+00 
5.6681738240e+09 
1.7119424099e+27 
-1.1117719200e+08 
-1.7013118350e+19 
5.1442010063e+35 
-1.6120238079e-14 
-2.7426033875e+18 
2.4274442650e+12 
7.0619545225e-32 
-3.8221283467e-04 
-3.4337226440e+32 
1.2042794062e-12 
-3.7221975676e+33 
-8.3301865468e+36 
-1.5480285667e-38 
8.0431014175e+17 
2.2055512500e+06 
2.4147257704e-07 
-5.7159240614e+22 
4.7375146341e-12 
3.7599273255e-38 
3.0772214400e+08 
8.1725419705e-18 
-3.3755096783e-38 
-4.2724352944e-09 
-3.0087739081e+14 
2.9505669487e+34 
-4.8524573493e+27 
-3.0916184944e+32 
1.2088015311e-10 
-2.1459045360e-17 
5.3514930528e-19 
1.5149534387e-38 
4.2437488044e+14 
2.3398117466e+15 
5.7046001700e-08 
-5.0692787252e-26 
-4.0805267334e+02 
3.0498971196e-19 
-3.4612867379e-34 
-2.5083215939e+19 
3.2243347125e+37 
-2.3506539917e+02 
-4.4190649148e-29 
-4.2578379711e-10 
1.1610821597e+26 
5.0279638192e-37 
1.7585675716e+00 
-6.6837680340e-01 
-2.4138545990e+01 
3.3089110948e+16 
3.2613765022e-09 
-3.9706799636e+12 
-1.7093147969e-38 
1.7253104915e-17 
8.5625424651e+36 
-5.7658679031e+33 
-1.5166600026e+30 
1.8549496875e+05 
-2.8435902562e+21 
6.1050465775e-20 
1.6412529252e+31 
-1.2572419434e+03 
5.6132121605e-31 
-1.9095762226e-16 
1.4577434312e-12 
1.7451238031e+12 
1.0355679399e+16 
1.4033159485e+26 
3.4601742188e+04 
-4.6053060669e-24 
-3.1135817835e-07 
-1.0263619944e-02 
-3.9283848200e-25 
-9.0592267706e+17 
3.9666779361e-19 
1.1816986341e+31 
-9.1814716030e+37 
2.9180512000e+08 
3.9886612058e-07 
-7.9691275801e-08 
1.5947797298e+00 
1.0122358750e+06 
-1.8346580319e+28 
1.5823381487e-21 
6.7774589428e+18 
3.2886664041e-14 
-1.3395078380e-09 
-1.7630977090e-03 
1.9783552979e-16 
-3.0385454161e+35 
-6.1143427734e+03 
-2.4459435807e+28 
-2.1605437381e-20 
-3.5792163008e-18 
-9.6479742022e-16 
-1.2362298928e+31 
-3.6464375147e+19 
1.1219245753e-32 
-3.0846251723e-35 
-3.3603464373e-28 
-4.0224272397e+28 
8.2606060800e+08 
7.8826933527e+20 
-4.6698170092e+16 
-1.7493827267e+15 
1.3815898982e-17 
1.5762318751e-12 
-2.6734367041e-27 
5.8362016716e-05 
-4.7097931135e-18 
-9.5886963167e+34 
-3.0455790625e+05 
-9.7889602369e+29 
1.1698761858e+31 
-1.8578973770e+01 
-1.4652373433e+34 
-1.0725181783e-03 
-1.6584538221e-30 
2.3898055274e+32 
-5.6623085243e+34 
1.7076421430e+22 
-2.5661515899e-20 
1.1606616521e-22 
5.9722403023e-08 
1.7480248585e-02 
4.0718658817e-31 
4.4553562227e+13 
-1.2649253390e-12 
-1.7966992338e-09 
3.9454810946e-12 
-1.0681694147e+26 
2.8375850281e-11 
6.9657309517e-18 
-8.6282491363e+16 
9.1800920000e+06 
3.1964063953e+31 
1.2177885608e-22 
4.3678365513e-37 
-1.3920718970e+25 
1.9627301164e+31 
2.4626091003e+01 
2.5402658182e+23 
1.7860021579e+18 
2.1338684129e+12 
3.4212822056e+26 
1.3012663835e+27 
1.1893307660e-26 
-7.3029998715e-11 
-3.8296234375e+04 
6.0942306845e-07 
-3.5526452812e+14 
3.2108119869e-37 
-9.6893085938e+03 
8.8827202772e+30 
2.7912639420e+37 
6.1629151560e-07 
-3.2495927181e+20 
6.4029261893e-09 
3.4472079944e-19 
6.6902649661e-23 
3.3270560671e-03 
-3.5023661902e-35 
-3.3000260857e-10 
-8.7901369600e+08 
-2.4169355008e-14 
1.2623926296e-30 
2.8012664188e-05 
4.7730424000e+07 
2.4477843403e+30 
1.0294551747e+14 
-2.3052278755e-24 
-7.1510288399e-04 
-2.0723414566e+23 
-2.0823116302e+01 
5.3738858857e+28 
1.0828744184e-19 
-1.0546079636e+01 
4.2686893261e+11 
2.2072509700e-14 
-1.3139106303e+31 
1.7896757493e-32 
3.0420467716e-21 
-1.3332401403e+17 
-2.1777713509e+32 
-7.8935784161e+12 
-5.9791125659e+20 
2.2685496875e+05 
-4.3727744145e+28 
3.0111878702e-12 
7.8747206089e-08 
7.2259698701e+21 
9.2516848000e+07 
2.8128223438e+28 
6.7023918152e+01 
4.7061097136e-35 
9.6588063936e-11 
1.0227560035e+30 
-2.3217069785e+25 
-1.7403803652e-32 
2.7392086395e-06 
9.5333525678e-04 
3.3933874220e-02 
1.0487872000e+07 
2.4209475570e-14 
-1.1234521866e-01 
-2.9923861739e-35 
2.3301737062e+20 
-3.5079840000e+06 
2.1171920030e+35 
-2.8149122409e-34 
-1.8544246230e-33 
-7.5296227265e+34 
2.0113255578e-28 
3.1907358694e-22 
6.0146180901e+26 
3.4827588571e+34 
8.6563338059e+30 
2.2845890224e-31 
-7.2706780349e-25 
1.7403334930e+34 
-5.0273120591e+23 
1.1016069056e+30 
6.4302119185e-09 
1.5849489898e-07 
-4.7435934720e+09 
-3.7604317500e+06 
1.9479977694e-16 
-4.0816765176e-25 
-7.7740119897e-10 
4.9958922416e-11 
4.0575296466e-29 
3.1499056640e+09 
            nan 
4.4504618740e-11 
1.4308238255e+26 
1.4747423212e+12 
-3.9652108240e+37 
-2.4894190786e-17 
1.5080357334e-33 
4.2699024740e+33 
-5.3166402560e+09 
8.4898190908e-12 
4.0967581660e-36 
-3.1587658174e+29 
-6.9623696705e-36 
1.5270995846e-06 
-2.0261708151e+33 
4.1655397354e-07 
-1.4214639268e-23 
3.0119752151e+18 
-2.0343983196e+37 
6.3208959212e+32 
7.5742667116e-36 
-7.7574838933e+18 
4.9455030648e-07 
-1.2931668656e+33 
-2.8369737538e+29 
3.6162741841e-15 
5.6013858318e-01 
4.8243813685e-17 
-3.1827239641e-34 
-1.2061209157e-31 
3.1950563192e-01 
-2.5938026064e+21 
-2.1493162590e+18 
-2.6788456869e-11 
-1.2176717500e+06 
-2.8189793750e+05 
3.0065599634e-15 
3.9794327179e-27 
2.5765275330e-11 
4.8187050259e+29 
1.1068397010e+17 
-7.7735446524e+25 
-8.7286734627e-16 
6.3038386015e-31 
-4.8042319171e+30 
-1.2354830973e-38 
-1.0750704580e+34 
-5.6405593600e+08 
6.3470015097e-27 
-4.6007935854e-25 
7.0444095135e-01 
-3.4976356864e-33 
-2.9361030265e+30 
2.2937441270e+33 
-5.7583268366e+32 
9.3130310758e+29 
-1.9741056989e+24 
-9.4326479494e+37 
-3.8189012771e-34 
2.3413525542e+32 
8.9048733450e+12 
-5.7091794706e+22 
2.9108819879e+37 
1.6623115000e+06 
1.3351470895e+24 
3.4826971591e-02 
-1.7395626278e+33 
-5.8252316672e+10 
2.1401875064e-11 
-1.2539473446e-21 
1.4282469238e-05 
-1.1569606690e-18 
-2.4547142985e-08 
1.0239021606e+03 
-6.3120451109e-27 
1.8506911030e-25 
1.2350255633e-34 
-3.1547300518e-02 
5.7687337691e-16 
-1.3072682123e-05 
-1.3916683081e-18 
-2.5044727515e-27 
2.7252827680e-14 
2.6570187291e-27 
-1.0545717358e-17 
-7.1713360415e-26 
6.7512562207e-10 
9.2166884125e+26 
-1.3788511276e+01 
-1.0042158648e-25 
2.7025985322e+28 
-9.1541395012e+33 
-4.4711482335e-39 
-8.6826444390e+12 
9.2780679750e-26 
9.8092167696e-33 
-8.5092557824e-23 
1.3674625690e+38 
5.1625285439e+14 
-4.9783692442e+24 
-6.6360447953e-13 
1.7967347783e+25 
1.7926450775e+24 
1.4207317698e+36 
-2.9811986041e+29 
-1.4017284319e-21 
-1.3882558000e+07 
1.7100097002e+37 
-1.8130480541e+31 
3.3787832435e+13 
-6.1898038210e+24 
7.4879997737e-38 
-1.0944303379e+25 
1.2809297994e-30 
-9.7301814076e+16 
-5.6196530176e+11 
1.1521782699e+21 
1.3552776679e-08 
-4.1746918400e+09 
-8.9216516096e+12 
-2.6266830784e+25 
-1.8108569354e+12 
5.4403560362e-16 
-1.0623734852e-04 
1.1793405207e+23 
-1.2233955820e+19 
2.9905643711e-22 
-1.0157112793e+14 
1.0538546424e-10 
-3.4994381088e+26 
5.3719070081e-08 
-5.7408132553e+00 
3.9832353002e-17 
-1.1499435547e+04 
6.9529847913e+28 
-2.8201573983e-26 
3.8650493749e-22 
3.6637497915e+21 
3.3516103585e+28 
-2.4357699191e-23 
4.0535927208e-14 
1.0625559498e-25 
-1.6235321733e+23 
1.3113744909e+28 
4.4404291755e-33 
8.1798923016e-01 
2.8089961982e-33 
2.0029111833e+16 
-5.5151540895e-34 
4.3877962375e-10 
-5.2949755243e-37 
5.8922957240e-20 
-4.0278912000e+09 
1.4467177913e-02 
-1.1779363973e-07 
7.1780401942e-19 
-3.6144355680e+34 
-7.1406128151e-17 
-9.6573928788e+16 
-6.9255170274e-06 
7.0143471264e-36 
4.4939892058e-15 
-2.4025904930e-35 
1.7001171615e+27 
3.9384336302e+12 
-1.1782306901e-12 
-7.6061745000e+06 
1.0794377727e+14 
1.1092541290e-20 
6.8286462985e+28 
3.2436434010e-37 
-5.5770090250e+20 
1.6886639956e+16 
-8.9358219300e-36 
-1.4984935877e+29 
1.9618847756e+37 
3.7016824000e+07 
1.2130164687e-26 
-3.8545865241e-28 
1.6768539335e-10 
-9.3321518500e-31 
-6.5929624186e-38 
-1.2416648438e+05 
1.0620170021e-10 
-4.8094657434e+36 
-3.9468493319e+33 
-6.7964313664e+36 
-1.1613898970e-23 
-6.8045932215e-20 
-4.9203448000e+07 
1.9710541532e-10 
4.2545793750e+05 
-7.2647964702e-38 
5.1090965631e-19 
-5.6160350396e-30 
6.7330891128e-33 
9.3340549120e+10 
3.9939479693e-36 
-4.7422290146e+25 
-1.5479972286e-21 
-1.5272242563e-13 
6.0415556654e-03 
-4.9346186113e+23 
2.9183362494e-04 
6.3610088163e-30 
-1.6211964971e-14 
3.5063444822e-25 
-6.6143691055e+37 
7.3538163438e-28 
-4.2568588379e+26 
5.1290090196e-03 
-1.8881353031e-32 
            nan 
-1.3186757421e-20 
7.2559619374e+32 
-1.9159300477e+27 
-4.8521566897e-37 
6.2000607872e+24 
7.3830565510e+21 
-1.6040131264e+20 
-1.3311015492e+14 
1.4361359087e+20 
6.7347734751e+36 
-2.3513768005e+02 
8.7270210961e+33 
-2.7580625421e+26 
1.9090123047e+04 
3.2811761288e+16 
-5.4200865349e-33 
-6.6238542852e+35 
-7.5491744692e+27 
-2.7256590284e+28 
2.4299576598e-30 
6.5643870184e-30 
1.2312892312e+36 
-2.4852335429e-35 
-6.2157274022e+31 
1.2941105436e-12 
3.0138227245e+19 
5.2650364058e-22 
-3.7530513763e+01 
-6.1201584311e+31 
1.2178714219e+34 
3.6177501966e-11 
-8.6027022699e+36 
7.8539005834e-17 
-3.3793658994e+15 
-1.0595423059e-22 
3.0318881617e-21 
3.7347304623e+22 
5.1811457507e+16 
-6.1266603413e+21 
3.0118580619e-22 
-9.1118384471e-38 
-1.1652247552e+11 
8.7818385664e+21 
4.6573229717e-09 
2.2101171302e+37 
-2.8377461658e-20 
-9.6873843670e-01 
-3.0691613431e-26 
-2.1434959819e-21 
3.6689435000e+06 
6.2111398109e+17 
-5.0552832105e+14 
-2.7140523307e-03 
1.8617867803e-20 
            nan 
-1.4363974969e-06 
-5.0469900259e-08 
1.8647263329e+20 
-3.3281959411e-09 
-6.0140957088e-15 
-3.7044317613e-10 
4.7924407959e+02 
-2.3759653649e-28 
3.6401893012e-03 
7.9898273402e+27 
1.0508963979e-35 
6.3493689290e+32 
1.8044953322e-05 
4.2856750069e-29 
-2.2314525987e-13 
-7.7512100264e+24 
8.4771129190e-22 
-1.6220277441e+13 
2.9361609934e-33 
-1.2952761795e+12 
8.6611813480e-16 
-4.2775321518e-19 
1.2095035330e-32 
8.0001560975e+21 
-3.2210832046e-07 
-4.3492107391e+00 
-1.1707464859e-11 
-2.5395230071e+20 
-1.9515114502e-07 
1.4995512553e-02 
-1.0118249690e-13 
6.6077335660e-13 
2.0941141159e+15 
-6.7106412729e-26 
-3.3807365417e+01 
4.5679657381e-36 
3.7166226856e-14 
-3.9190511947e-10 
-6.4809766400e+08 
1.0982037059e+24 
2.3037100085e-25 
-2.0548910240e+33 
-6.1167152525e-18 
2.7607561722e-26 
-4.4700836300e+34 
1.8338580798e-30 
-1.5891785899e-27 
-2.0924768807e-38 
2.9818095548e-16 
1.8174983488e-31 
1.2911535729e-10 
5.7644305017e+18 
3.4754634857e+01 
-9.6177408805e-24 
8.7583198946e-29 
-3.0008176804e+01 
1.7527794821e+16 
-4.8824453670e-23 
-4.3023239136e+02 
-2.0523903891e-02 
-2.0396686080e+09 
-4.8572714441e-03 
8.6813670696e-17 
7.7893951675e-04 
-1.5223382536e-37 
1.6686544423e-29 
-2.9777190370e+17 
2.0150879229e-11 
-1.1748331441e+36 
-1.8036120074e-25 
4.3733228813e-04 
-1.6485112974e-35 
-4.2566253930e+31 
6.3412234383e+33 
-3.4698456673e-13 
-1.2783199750e+31 
1.9562612518e-24 
-8.8481184250e+23 
1.1522115900e-10 
1.8872878750e+06 
1.8235663122e-34 
5.7262278252e-10 
7.4698090971e-31 
1.3013490689e-36 
-4.5369394353e-10 
5.0269246477e+28 
-2.8256279698e-20 
1.5513706755e-21 
-2.3761949569e+34 
1.3998196892e-28 
-5.8458518974e+21 
-1.5427098485e-27 
-5.0309431566e+25 
1.0144273442e-11 
-5.4669645572e+34 
-6.5784873209e-12 
7.4334753630e-11 
4.9962696445e-19 
4.1206996684e-15 
-2.8278107157e+31 
-4.6651800290e-07 
-1.2169167969e-30 
2.3809403274e-14 
-8.6523032371e+11 
1.3504201378e+34 
1.4734915614e+28 
-1.2943473666e+14 
1.6086545729e+30 
-3.2246346172e-32 
5.6908671553e-08 
-4.6015075200e+08 
3.4649464488e-01 
3.6199746094e+04 
9.7947430179e+20 
-3.1141976645e-28 
2.4611337205e-36 
-6.1082071066e-01 
-1.9134916300e-34 
-7.9062248650e-19 
-1.4131932068e+02 
-5.0556317397e-26 
2.4469873047e+04 
-1.0116526191e+14 
8.9751167831e+35 
-5.8626701355e+01 
-5.1660380274e+30 
-8.9624982591e+31 
7.1061849597e+36 
-1.9453643200e+08 
6.6839008719e-28 
-5.5947601501e-20 
4.3686890518e+36 
4.0668295696e-05 
5.1318016000e+07 
8.8815413357e-13 
-4.6191422413e-16 
-5.3966644838e+11 
2.6656934226e+26 
-2.8294750059e-20 
2.1385901432e+35 
6.8515369094e-06 
-8.9743752033e-03 
5.4557874428e-27 
1.4784397557e-02 
-7.8991178890e-28 
-8.9954831565e+11 
-4.0116839408e+35 
1.9005758470e-27 
-1.4098623787e-26 
6.2791668509e-37 
-2.9144770716e-34 
-1.4426138997e-01 
-1.6179010307e-14 
-2.0357683797e+25 
1.2203406688e-11 
2.0086758393e-28 
7.3965047772e-17 
-1.2086780419e-26 
5.6140505515e+36 
-1.0575747269e-33 
-7.1626492188e+04 
4.0759421387e-29 
3.9881970714e-29 
-4.2235107225e+17 
9.1750176900e-11 
-9.3766678450e-12 
-5.0473183575e-13 
-7.4298127548e+13 
-1.8124340546e-32 
6.4928311146e+26 
3.2613245511e+19 
-6.1232345882e+29 
-2.7026592891e+12 
3.7845883945e+12 
-1.4280379982e+26 
-7.8251891098e+11 
-3.0392419732e+25 
6.9459344932e+34 
4.0771295973e-26 
8.3386093169e-12 
2.3125021835e-04 
2.8724831761e+25 
-1.4646545002e-25 
5.3924701798e+11 
-1.5228563477e+04 
3.7061284343e+25 
2.9620443000e-35 
3.4808040767e-33 
-4.6579153062e-35 
2.6288233600e+08 
-1.3838869489e+14 
2.8208206250e+05 
-1.2906839232e-24 
1.1869380279e+30 
-1.4457191081e-31 
2.1875719978e+24 
1.8397320586e+20 
2.3539682573e-13 
-6.0174433158e+34 
-4.7163383708e-30 
1.3317954000e+07 
-3.8849445000e+06 
-4.0008859634e+00 
8.4798408410e-34 
4.3842694184e-18 
-2.3601788466e+17 
-3.8338726400e+09 
4.9197351473e-05 
-1.0511196758e-29 
1.4663022869e+25 
2.0204088452e-30 
-4.2938875251e+36 
-1.6152028141e+26 
2.0371833560e-14 
5.7519965142e+29 
1.0410604249e+29 
1.4028632839e+36 
3.4363303526e+11 
-5.3857383298e+14 
3.3543707930e+21 
-3.3998957884e+27 
3.5463130189e-05 
1.7755608894e-07 
-3.7385468000e+07 
-9.5189303296e+11 
3.0398515250e-30 
3.3372136122e+32 
-4.3644996113e-38 
2.6656263511e+22 
7.3057724006e+12 
8.2314933777e+01 
-1.0374449219e+05 
1.2101866722e+01 
-3.2428795294e-06 
-2.9164757320e+14 
4.7782131018e+18 
7.1205859583e-34 
3.8651275508e+24 
-6.0548585536e-30 
-5.0764110797e-12 
-2.2289161670e-15 
6.7812257462e-38 
7.6031557617e+03 
2.8640445162e-24 
-2.9760103487e-18 
2.4036360455e-37 
1.7456455433e+22 
-4.1297457756e-06 
1.2721457491e+31 
3.0334281557e+33 
2.9334666361e-36 
-2.3203811692e+23 
-1.1918430528e-32 
-3.2722641416e-20 
-4.1293052000e+07 
1.4749743550e+27 
-1.1167241533e-35 
-7.7662259066e+25 
-2.6182737350e+01 
-5.1210813268e+25 
7.0619070464e+11 
-1.7226503789e-01 
-8.6989658008e-26 
            nan 
-2.4957199197e+36 
-4.3402493006e-38 
-4.5246581778e+21 
-1.5515339147e+18 
2.2528784757e-04 
4.2539849159e+24 
1.8301991680e+09 
-2.3288591407e-25 
7.6644757693e+27 
-6.0877244021e+31 
3.0713607680e+09 
1.5564757347e+01 
-1.0925828479e-02 
-2.5790814209e+02 
2.2247202116e+37 
2.2079660371e-36 
1.1312587200e+08 
-3.5685891822e-26 
1.3774579699e-08 
2.0953644292e-16 
-4.3103481415e+33 
-1.2910075696e+37 
-5.0757242188e+04 
-6.2496451953e-16 
-1.2159772251e+17 
-6.6853652590e-35 
-2.3886418637e+32 
1.4244538884e+32 
            nan 
-1.0995756250e+06 
-2.5559865982e+32 
-1.7259735949e+22 
1.4243701667e+20 
4.7443756800e+08 
4.2519281282e-13 
-5.7575968379e+25 
-2.9195102518e+36 
-3.4134208142e+32 
1.4852266014e-36 
-3.7319767753e+13 
-1.3718627200e+08 
-3.2537299889e-27 
2.2477814261e-29 
-1.3180993562e-33 
-1.5615813389e-16 
-3.2537146810e-19 
1.8094501282e+27 
-2.2789991042e+30 
6.0548448200e-11 
-2.7032658922e-27 
1.4699589480e+18 
-1.8716499431e+14 
2.8571931180e-03 
9.7214714904e+37 
2.3500469691e-13 
4.7112827723e+20 
-1.1203097258e+20 
-1.8056068282e+17 
-5.9542916440e+28 
1.0077700807e-07 
3.7611001559e+27 
2.6774851140e-03 
4.4496868755e-13 
-5.3712569368e+34 
4.8557698996e+32 
1.2660078750e+06 
7.5286676785e+37 
1.2743874119e-14 
1.5533854458e+25 
-1.1319945406e+30 
1.6605426088e+28 
-1.4888686523e+04 
-2.1841947132e+14 
-6.3028393938e-16 
3.8231458147e-19 
5.4815335284e+27 
4.5450398326e-01 
-2.7078638141e-06 
9.7051602310e-09 
9.6238502742e+24 
-3.5179679170e-09 
-2.7832348003e+16 
2.3859689472e+10 
-1.1842578390e+24 
1.8520390400e+09 
7.5972192547e-33 
5.6247273102e+17 
1.0967222558e+23 
4.0840956000e+07 
1.3816111277e-05 
-4.5857510824e+36 
-2.3115497905e+23 
-2.9634197504e+10 
7.5349462032e-28 
-4.7973725944e+35 
4.2443155532e+34 
5.3704896709e-04 
1.8590892466e+26 
-3.0903166000e+07 
-1.2771008364e+35 
-6.7815630668e-37 
-2.7879901876e-32 
-9.6590457854e-10 
2.5699438765e+30 
-6.6419690082e-22 
3.4987336087e+20 
-4.9944211093e-12 
1.2733312482e+29 
-4.3209413511e+26 
-1.3934329387e+18 
1.0879660924e-17 
1.6261948228e+38 
4.4038709027e+27 
2.4058747883e-08 
7.0955181834e-12 
1.2197078087e+28 
-4.2560699289e-22 
-5.0640046952e+20 
-4.0403677500e+06 
3.6593404000e+07 
2.2757713318e+02 
-3.7112301636e+02 
-9.9837908774e-11 
-6.6122915504e+29 
-1.8945753220e-15 
-5.7732632694e-13 
-3.3828317500e+06 
2.7799643332e+31 
7.4747307011e+32 
-4.2083942050e-22 
7.0526362767e+14 
2.6099707330e+36 
2.0924971614e+14 
-5.1135091035e-14 
1.2704682532e-25 
1.0867749219e+05 
-1.2488660785e+22 
-1.4579780092e-11 
5.8941746094e+04 
1.6625116765e-01 
-2.9689251733e-06 
1.9015594153e-03 
-2.6544396681e-28 
-1.1594140306e-38 
2.0817606691e+27 
-1.3840520588e+38 
4.8131633702e-30 
3.0410119382e+25 
1.8967340887e-01 
1.0709418506e+33 
1.9620958394e+37 
-3.0093720828e+25 
3.0012571335e+01 
3.6374874909e+27 
6.4558909255e+21 
-9.4743347168e+02 
4.3956556422e-17 
-5.7265035808e-02 
3.2116113423e+18 
-1.9402388058e+16 
4.0847734375e+04 
-1.1030827976e+24 
-3.2641083909e+36 
9.7036732165e+34 
9.6647519968e-05 
-3.2093308000e+07 
9.6638799393e-12 
-6.9966303193e-37 
-1.1133800101e+15 
-2.2748676793e+27 
-2.4663029536e-38 
6.6928766976e+10 
-9.1466152018e+13 
-1.3785431040e+10 
5.0317386991e+17 
-6.9830649600e+08 
1.5977842472e+28 
4.0023730996e-09 
-4.9508806914e-32 
-5.8317158391e-07 
-1.4009664967e-38 
-2.4733657830e-11 
6.0628509521e+02 
-7.1831634521e+02 
-7.8266177846e-16 
-2.3246203573e-10 
-2.7685245954e+22 
-1.4262156926e+23 
3.7583135901e-38 
7.2666258590e-14 
-2.7908523006e+15 
1.7126853755e-11 
-1.2887715741e+22 
1.2987991898e-18 
9.8851628800e+08 
6.8181957959e+29 
1.5913204480e+09 
4.4774361392e-26 
2.7219906350e+27 
-1.6401515551e+33 
1.7620836734e-10 
-1.2821363108e-21 
-2.8923776707e-09 
-1.1710805419e-15 
2.7567180436e-29 
-2.5804420403e+35 
-1.8432176644e+19 
6.8571876909e-05 
-1.7372879177e-11 
2.1922132892e-13 
3.8502225816e+24 
-2.9642699286e-02 
-1.0220503914e-12 
7.9326472282e+00 
-3.6512157500e+06 
-1.0975374607e-03 
8.3753995739e-08 
2.9463408167e-13 
2.1687623873e+31 
4.7583246094e+04 
-9.4920623034e-17 
2.3730405208e-36 
-2.7077172801e+34 
3.4871625426e+37 
-3.0785662000e+07 
1.9265407007e+21 
3.5406843085e+11 
1.9226168096e-01 
5.3231590475e-27 
-3.4042767774e+30 
-1.1466625251e-35 
1.3397248671e-29 
3.7096068487e-18 
9.4055052607e+14 
2.0584781709e-12 
2.2408324227e+22 
1.5485610282e+14 
6.5264984694e-28 
-2.0023276131e-28 
8.3348366695e+37 
2.8449044961e+29 
3.6973911932e-08 
3.2863504616e+37 
2.5449235181e-18 
-1.2189521221e-03 
1.9531299529e+21 
3.8182257378e+28 
1.1686766815e+02 
5.0468268207e-30 
2.1243713422e+37 
-1.2026789805e-37 
3.6998210821e-33 
6.0501676872e-36 
-3.7493175237e-26 
9.1856634521e+02 
-8.1224258005e-13 
1.3159810565e-02 
-9.9121694565e+00 
1.3853847910e+32 
7.1495738495e+25 
-4.3261398695e-13 
-4.0545524368e-32 
-6.4800306975e+27 
-4.1521513083e-33 
-3.0326483771e-02 
-2.4592294252e-29 
7.2130258195e-03 
2.1155288766e+16 
-8.4766451667e-36 
-7.5288272896e+10 
3.5565995046e+34 
3.4779193823e+25 
-4.4461523066e-04 
-2.2421630000e+07 
-2.1011191398e-10 
1.2446139829e-30 
-4.3695551486e-36 
-1.6369901346e-07 
3.3486636800e+08 
9.6293396472e-28 
9.9508105469e+03 
3.7320425861e-08 
1.3984395569e-19 
4.2689634684e-15 
2.8211269765e-08 
1.5488432604e-15 
1.7496040625e+18 
4.7268795811e-07 
-5.2408396017e-28 
5.8842439045e-36 
6.8898763857e-05 
-4.4768593750e+05 
1.7266639893e+18 
4.2539018393e-01 
-1.8394567080e-23 
-1.3893823000e+07 
-2.1712325837e-21 
-2.1225777398e+12 
2.9230270386e+02 
3.2127442419e+30 
-2.5367044096e+11 
-3.7612676979e+23 
4.1069682617e+03 
6.5707728556e-16 
-7.6383106411e-02 
-1.2780218804e+29 
-5.7846127076e+16 
6.1215742042e+30 
1.5337310126e+12 
2.3012222000e+07 
-1.6225983000e+07 
5.2800304235e+31 
4.2295814786e-24 
1.4779362509e+11 
-9.3647825633e+26 
1.2370640349e-20 
-2.9369659354e-27 
-9.4792522138e+11 
-7.7283205317e+14 
4.6335732473e-10 
-2.2218626022e+01 
7.6684702715e+37 
3.9608358023e-37 
2.3057528832e+10 
4.7951900482e+01 
-2.5590336961e-08 
-1.2037284562e-23 
1.6937466050e+38 
2.9917927858e+17 
1.9390500783e+38 
-1.4186494197e+33 
-6.3597575101e+20 
-1.1878124031e-29 
4.3812596875e+05 
-2.0861478483e+38 
5.5239009857e+01 
-1.4433623186e-08 
-1.3070614308e+30 
-7.2572425126e-28 
-4.5741717800e-34 
-9.1602734375e+02 
-8.0083370209e-02 
7.2062871694e+18 
2.2115222440e-26 
-8.5993765886e+36 
-1.0204875281e+20 
1.4204431409e-08 
-4.5327091977e+16 
-5.7027520000e+06 
1.2491317251e-34 
-1.0529300480e+09 
2.7601949627e+22 
6.7824401855e+00 
-3.0791560069e+13 
-2.6580221952e+10 
-4.9164480000e+06 
-9.9478811415e-27 
-2.9102464000e+07 
1.7864340731e+37 
3.9223091200e+08 
1.4701269149e+20 
7.3411379200e+08 
9.2856364389e+26 
7.2486326098e-04 
1.4371348556e-10 
-2.7358396437e-08 
1.9968375000e+04 
-6.1748775482e+01 
1.9107586056e-34 
5.4114261729e-05 
6.8927635531e+23 
3.0888427864e-04 
-1.0019537903e+31 
1.5917187081e-19 
2.7091685005e-18 
1.8829898438e+05 
1.7199172342e-15 
-1.3473361428e+12 
4.4788387290e-34 
-3.8850466309e+03 
-3.4560201600e+08 
7.6036863744e-29 
2.2624873047e+04 
8.4466008577e+25 
4.7429439545e+01 
-5.9548264941e-18 
1.7091969489e+34 
2.7102155903e+22 
-9.2771110453e-35 
2.0020825037e+26 
7.5842656666e+11 
-2.1780324408e-27 
-5.0119336947e-07 
-8.3788031233e+30 
-3.4755833856e+10 
2.3867192537e+26 
4.2446820825e+36 
-6.3910354368e+37 
-9.7591664253e+27 
-6.4028804208e-35 
-2.0111882675e-30 
3.0641968000e+08 
1.3834271618e-21 
-2.5879856716e+24 
-9.0421871752e-24 
4.0319799925e+33 
-1.5535174451e+11 
7.2182177734e+03 
-3.7170679144e-19 
-2.4695761920e+09 
-1.0341075957e-36 
5.4854700082e+25 
-1.0365551313e-20 
-1.8464886083e-27 
5.3256217389e-14 
8.6894787500e+05 
-9.7634081680e+19 
-1.4737009391e-09 
3.7235127705e+15 
4.0958543561e+35 
-1.6714126336e-15 
-1.5971467174e+32 
6.5523918152e+01 
-9.5821804339e+11 
1.4109918311e-31 
-1.6313278506e-09 
-1.6336811523e+04 
3.9264308568e+37 
-1.4794195085e-37 
-2.8147539104e+23 
2.1223593271e+37 
-1.0697507580e-27 
4.2452113391e-28 
-3.6404506162e-35 
-2.8601128818e+26 
3.9137028809e+03 
3.0921813261e+38 
-2.1445836982e+23 
1.5727868986e-21 
7.7586738760e+28 
2.7790177271e-08 
-3.4140677647e+24 
-5.0649481137e-11 
1.0944507517e-26 
3.2656305026e-38 
-2.1175059575e+30 
-7.4535167119e-16 
6.0389100309e+24 
-2.7002491602e+16 
5.4027835000e+06 
-3.7777757962e+12 
-4.2181442261e+02 
-1.0195368960e+10 
2.1980417387e-39 
-1.9150603551e+12 
-8.3524355432e-04 
-7.4688427150e-02 
-3.1908318280e+26 
-2.1454179727e-27 
8.1057555750e-22 
3.1894143696e-21 
4.2910638792e-28 
4.8093076795e-02 
7.4957681543e-24 
8.1410341893e+37 
4.7050347571e-17 
-3.9930596875e+05 
3.8866433391e-27 
-1.0935258120e-01 
8.2368120033e-22 
4.2868255724e-35 
2.2551490569e-13 
3.1459440926e+34 
-1.6968813566e+32 
-6.2749226983e+37 
2.1614859843e+26 
-1.6380076904e+03 
1.9507622228e+27 
1.7255714463e-18 
1.5790590400e+08 
5.2389383327e-30 
4.0152086130e+32 
8.4264881314e-13 
4.9461103428e+13 
3.5336033302e-38 
6.5402738281e+04 
-1.4146705466e-18 
-1.3525036699e+17 
2.0858885193e+02 
-1.1939619780e+00 
9.2677186583e-22 
4.4040429688e+02 
-1.6320300000e+05 
3.1741113987e+16 
1.4679457343e-20 
-2.3820551710e-18 
-2.9477248000e+07 
-8.2048858695e-29 
-1.9685446162e-08 
-1.3611218806e+26 
4.5763174500e-11 
-2.3827125850e-34 
-2.1560359866e-25 
3.9704495239e+02 
2.4186857117e+37 
-4.5874334296e+14 
-1.1648491167e+19 
2.8842409579e+24 
-3.3199584486e+15 
-1.1087158424e+25 
-2.2372861341e-09 
9.0097759553e-20 
-8.3842112315e-23 
-8.1739141612e+13 
1.5676558359e-12 
-1.5405351936e+10 
4.3630753906e+04 
-3.5932753382e+28 
-1.9357298031e+18 
6.1925964355e+00 
-1.0364271481e+17 
-8.5293534339e-25 
1.1834209918e-36 
-7.8005803793e-23 
-5.2055610736e+24 
-6.4160160000e+08 
-6.1280223098e+33 
1.9936087728e-01 
3.7276622338e-30 
-2.9695633799e-02 
-2.2252622416e-38 
-6.1985887898e-22 
-2.2418406471e+25 
-5.2192448298e+20 
3.0864616303e+18 
-3.0890604800e+08 
1.9079502440e-19 
-1.4639396971e+26 
1.4051197983e-09 
1.8478280501e-16 
-6.3167700237e-11 
1.5833038908e+19 
5.6241412000e+07 
6.7572437110e+34 
6.8153243476e-26 
-2.6843396875e+05 
-1.8577394788e+32 
6.1197753906e+04 
9.4824704000e+09 
-1.0255377620e-27 
-1.5407449088e+10 
-2.1265528870e+02 
-1.5478840933e-23 
5.5584454373e-08 
-3.8618796056e-23 
4.8544963406e-23 
-7.7541025864e-28 
2.2387380993e-26 
6.6977388800e+08 
-6.7828770363e-38 
-5.0279790219e-25 
-3.9266097614e+14 
-1.5526400695e-12 
3.7334214653e-07 
1.1927351424e-37 
-8.8482098100e-27 
-5.9525383532e-31 
4.8853445000e+06 
-3.2502291203e+00 
8.6907703256e-12 
-1.5727815690e-26 
2.0877544442e+29 
1.7315681955e-20 
1.1083315200e+08 
4.1420588747e-15 
2.0683374899e+26 
-6.9013189930e-16 
4.3422603607e+01 
-1.4192147456e+10 
-3.3588988000e+07 
-4.7918709001e-09 
4.2224753886e-16 
-9.0163897976e+17 
1.1112242909e+37 
1.1924245882e-05 
3.0841598511e+02 
1.0124062747e-01 
-1.0337197440e+09 
3.5300547599e+14 
-1.3090861746e-24 
-3.9782865047e+00 
3.9726726140e-13 
-1.2979048355e-25 
-5.1425999118e-05 
6.8913234066e-29 
-3.2232980294e+21 
-1.0661902500e-19 
-3.1727567350e+36 
7.1024129526e-17 
-2.6220464780e-19 
1.2314352833e+34 
5.1428460491e-19 
7.2705049785e-23 
-3.7064471738e-19 
2.4458771451e+16 
-1.2148950707e+25 
7.8041452169e-01 
3.3346201517e-17 
-2.4652232251e-37 
6.9965894909e-06 
6.7101539271e-15 
-1.4380076904e+03 
1.4295721128e+22 
-2.1871195338e+25 
3.3897344838e-04 
-1.0596245586e-15 
-1.7337101424e+34 
1.1452449219e+05 
-1.8565075879e-04 
-1.1597582668e-35 
3.4641767427e+32 
-3.0841177761e-24 
-9.2192687175e-27 
4.5002134400e+08 
2.4721527672e+17 
2.7029054652e+19 
-6.5133530613e+29 
-3.7862288039e-14 
-3.0885755843e+29 
-2.0413980228e-10 
1.3338931431e+34 
1.0869767110e-30 
-3.1163009757e+30 
4.2030003219e+27 
3.1226672924e+29 
5.0303820658e+36 
1.1020171487e-23 
-5.8621193750e+05 
5.8772273064e+00 
-7.6964181662e-01 
-6.6740889451e-05 
-5.9916162121e+19 
2.7567947798e-29 
5.9911135691e+33 
1.1019921861e+16 
1.2157854483e-32 
-2.2888909518e-11 
-2.8324393956e-24 
2.3295941998e-12 
-7.6690731827e+11 
-3.5430665594e-04 
1.4712749527e+25 
4.2186254254e-17 
1.7909369141e+04 
-4.5342099091e-31 
2.6894923300e-02 
-2.3999328885e-34 
5.7798095199e-09 
-6.8737621351e+27 
8.2507080081e+22 
1.5531756799e-04 
-1.0074539796e+32 
-4.5956006370e+30 
-3.3454004591e-15 
-1.4032763904e+10 
-1.3630368160e-16 
-2.7798458952e-37 
-1.4490133497e-37 
1.1245656099e-12 
-5.6689686407e-24 
5.7031071762e+29 
-4.7374654070e+17 
-5.9598502101e-17 
-4.6770273943e+22 
-7.5682729818e-34 
-1.5673862610e+19 
2.9062723584e+10 
4.0439556445e-23 
-5.7832987178e+33 
-4.5559986572e+20 
-1.3595559834e-30 
2.3464527423e-20 
6.4813400064e+12 
6.6323722839e+01 
-1.0603941917e+01 
-2.5709191050e+16 
-1.2980468305e-25 
-7.6281550900e+31 
3.8879466249e-30 
-6.2951521200e+18 
-2.5160716107e-25 
2.3217676580e-01 
3.2560100426e-20 
7.9054636615e-08 
-1.1908229272e+34 
9.4282950400e+08 
-4.4169915000e+06 
2.2407286590e+28 
-3.8849841309e+03 
-8.6806219888e+23 
            nan 
-4.2170736832e-29 
-9.3326925824e+10 
-2.1896060408e-35 
3.0742524192e-02 
1.2627301600e+08 
7.5207559336e+30 
-1.7476775674e+22 
-3.8631224863e-28 
-4.2920963352e-32 
-4.1761223882e+35 
-1.9594945172e+30 
-8.9066080899e-11 
5.0310785882e-03 
-4.6078183441e+36 
3.7894849902e-34 
-9.2260161182e-04 
3.0956143007e+25 
1.6460515386e+32 
8.0570837092e-24 
-1.8234235874e+32 
1.3537312945e+20 
-1.0689056010e+38 
1.1374183487e-05 
-9.0243808925e-02 
7.8666680879e-27 
1.7418648474e-28 
4.2124934196e+00 
9.1772818231e+31 
4.0827686898e-03 
-1.6930954290e-31 
-1.9999538370e+32 
1.8055379859e+21 
3.2768098172e-03 
-3.2459620875e-28 
-9.2917961762e-24 
6.3929439545e+01 
7.3961882171e+30 
2.0267572439e-38 
8.9793948233e+24 
5.7977081858e-27 
2.1669131904e-20 
1.4079241820e+21 
9.0467355853e+11 
1.7434657051e-09 
-2.2967195434e-07 
8.5724546177e+27 
2.4241023685e-12 
-4.2302091646e+33 
-2.4268748784e+17 
1.0896860622e-02 
-4.2750431817e-07 
-7.2956549247e+18 
-7.8909601918e+37 
6.3046200272e+33 
-5.2010133089e-08 
2.4576498907e-34 
8.1181231794e+37 
3.4150284055e-13 
-5.6152675964e+21 
-5.1357361766e+11 
-9.1445052745e-23 
-1.7122209337e-28 
2.3571977743e+15 
1.0570720379e+26 
-1.8172767735e-09 
-9.9547270603e+36 
3.4988437824e-34 
-2.9740871094e+04 
3.8070402274e+37 
1.6613859810e-12 
1.7546368235e-16 
-1.3527814044e+21 
-1.1544024037e-23 
-3.5006212951e-32 
-2.3545307464e+12 
2.4016159246e-18 
1.7601870731e-17 
-2.9295501709e+02 
-1.3898595135e+29 
-1.7732456992e+15 
-3.6827894884e-37 
7.0219980277e-35 
-4.5209089555e-31 
-1.5833880035e+19 
1.4926099251e+12 
2.8693102403e-30 
2.4950695371e-37 
-5.3219753710e-27 
1.0581488620e-22 
6.0224452831e-17 
5.7632532013e-17 
-8.8742198472e+23 
-7.7605568909e-17 
6.3698354643e-04 
2.4140916910e+29 
2.2742395532e-13 
-3.0878758400e+09 
4.7221992926e-35 
-2.1047703629e+26 
-4.0247800220e-38 
-1.5762197887e-15 
3.1899714522e-28 
4.5436804066e-04 
-1.3648191000e+07 
2.7955689472e+10 
9.9539756800e+08 
3.2271487726e-05 
-1.5053740761e+24 
-7.0292626307e+20 
1.1638465167e+24 
-1.8217290787e-08 
6.3860679516e+31 
1.2967057669e-25 
1.4605295431e-18 
-1.2631659194e-14 
-2.6681470000e+07 
-1.7679044869e-21 
4.6117741016e+25 
2.8603451205e-11 
-2.6172807773e+19 
4.2770688114e-14 
-6.5685680402e-26 
1.0187038424e-04 
-7.5378519040e+09 
-1.1195155139e+23 
3.3293289668e-18 
3.4314778624e+10 
1.4699061523e+04 
-2.5797169085e-25 
3.4213186950e-07 
-2.1079623047e+04 
7.9968003787e-22 
-9.7447030000e+06 
-2.4668782446e-25 
2.6638019866e-17 
3.3004992925e-38 
-1.6444675402e+34 
1.0024392006e+33 
7.6764189683e-30 
1.2260880221e+20 
-3.0335003648e+35 
8.2393701529e+18 
-3.8067742500e+33 
1.7158191972e+13 
-9.8815240411e+37 
8.5386415156e+16 
7.3372252157e-37 
2.8328057677e-09 
-6.8586412105e-09 
-9.6762547037e-04 
-1.5619038968e+35 
-6.3369409926e-31 
1.9792993859e+16 
6.7009593658e+21 
-8.0080205052e-23 
            nan 
5.8869071955e+30 
1.6994299329e-31 
-1.2131700538e-13 
1.5723684413e+27 
1.0654271000e+07 
2.8234288096e-01 
2.8693479538e+01 
-8.3589685406e-30 
6.4557263535e-34 
-4.1664032276e+12 
-1.2903110431e+36 
6.7199866862e-06 
-1.8810840038e-11 
-1.2074507616e-08 
3.9942000876e-04 
-4.6596920013e+01 
-1.9135944857e-34 
-2.0543693608e-05 
-1.5376792320e+09 
            nan 
-9.1649616298e-19 
9.9774542558e-33 
-2.5662489328e-23 
-2.3376318960e-28 
9.3211050034e+00 
-1.3043783527e+24 
5.4560612624e-36 
-2.8693822678e-03 
-1.8884389066e-34 
3.0966148427e-21 
-9.4849520000e+07 
-1.4402791324e+20 
-1.6545481600e+08 
-3.7117967981e-32 
9.8869323409e+29 
-1.6613608553e-28 
2.4018754847e-33 
2.2838474921e+37 
-2.4301898957e+11 
2.5532215849e-36 
2.9995675000e+06 
-6.5773812000e+07 
-1.7388430812e+22 
3.3313085299e+35 
1.0117858186e-17 
2.7382524936e+29 
-2.5591532701e-37 
-2.3937104275e-32 
1.0643925238e+12 
-1.4487155945e-19 
1.2028519336e-07 
2.6662396800e+08 
9.5652205232e-14 
1.5319576795e-21 
-3.1499615318e+28 
2.7017501082e+11 
-1.4398593955e-39 
-1.5685580800e+10 
9.2767428123e+16 
-5.9340498295e+21 
2.3832076113e-04 
2.1965350024e-03 
1.4356214316e+25 
-8.6826149638e+36 
5.9679164589e+19 
-6.4355770762e-32 
-1.3908859664e-33 
1.7031121090e+38 
2.4097994913e+24 
-3.1322646117e-37 
-3.3810803026e+23 
-4.3765444116e+13 
1.3488009261e+21 
1.2769208269e-36 
-5.3804640000e+08 
7.6689417474e-03 
2.2151939124e+36 
1.3059492138e-26 
2.0765435238e-06 
-2.8272047850e-30 
1.3202471680e+09 
5.2608432617e+03 
-4.9744341058e-38 
-5.9851801225e+34 
-2.7136540803e+13 
2.0252892480e-27 
-6.7334958236e+31 
4.2482810848e+30 
-1.2490107420e+16 
-1.9563062563e-22 
-2.7990831971e+34 
3.4171400911e-25 
-1.0192497210e-13 
-2.9034878000e+07 
9.7261222839e+01 
3.8089744013e-18 
4.6379627747e-05 
-2.7042267844e-02 
6.4608123587e+16 
1.3344187995e+32 
-1.5975727763e-07 
4.6455050949e+30 
1.5528921092e+36 
7.3957760218e-14 
4.8738143050e-06 
8.2915487674e-31 
-3.9220749339e-38 
-1.1239543581e+34 
5.8228403200e+09 
-1.3716333658e+25 
-1.1902302628e-15 
-1.1259413340e+37 
-5.3638746094e+04 
-8.0440667695e-31 
7.0047500538e-17 
2.9059156674e-16 
8.9645830637e+19 
8.2248248798e+37 
1.9450291443e+02 
-5.6696492186e+26 
-7.9030689909e+17 
-6.5668765183e-22 
-9.7853998391e+35 
6.9809510632e+35 
-1.0664696395e+26 
-1.7963098438e+05 
-3.5753010197e+29 
7.3611525552e-38 
-1.1590349219e+05 
-3.3649528987e+31 
1.0173320810e+23 
-1.0160795596e+21 
8.0054715000e+06 
2.7840591696e+26 
1.9983902501e-23 
1.2710549219e+05 
-1.1578282232e+25 
-3.5673789256e-08 
-8.9387816960e+09 
2.0724834330e-29 
3.3093224681e+23 
-1.1554199175e+13 
1.6704660258e+21 
7.8096439581e-36 
-1.4406899716e-20 
7.7124318133e+21 
2.0667554335e-09 
4.5824746094e+04 
-5.6549367357e+18 
1.0409830025e-30 
-8.0010876060e-02 
-1.8280068508e-37 
9.6028296428e-30 
6.9653315222e-06 
-1.7208858490e+01 
2.0463484240e-09 
-9.0843308858e-25 
3.6800069224e+25 
-2.7249165649e-37 
1.5554691727e+13 
7.3788586894e-33 
-1.7661043717e+33 
-2.5255169882e+20 
-1.4949153968e-21 
1.1308171908e-14 
2.2646332591e-34 
-2.6698754445e-36 
5.2106987500e+05 
1.6197297725e-08 
4.8227246404e-27 
-3.6091418604e+19 
8.3211021237e+25 
-1.0398105521e-15 
-3.0295489508e-28 
2.0539755725e+12 
-5.9027010617e+14 
1.3461183623e-24 
8.7220327244e-16 
5.1866053313e+29 
9.5583655397e+21 
3.3620463184e-12 
5.3741995866e-15 
5.3994902380e-36 
-9.6818858724e-26 
-3.2715795971e-22 
5.4167295565e-20 
-1.1718001569e-10 
6.8570227847e+25 
-7.7078496706e+16 
2.3319541201e-22 
-8.7659712000e+08 
-1.9029465613e-31 
-1.8145913025e+14 
7.9359789014e+36 
-4.7728892000e+07 
-3.4021745058e+17 
6.2020997227e-09 
9.9048645091e-29 
-5.2666569600e+08 
-3.1219175653e+13 
-4.0716321934e-30 
3.6962059740e+18 
-2.8201424257e+13 
1.8791320000e+08 
1.8150488211e+25 
-1.6123927754e-14 
-9.0819897517e-22 
-1.4265929222e+01 
-2.6889477698e+18 
6.8665853839e+33 
2.2857205868e+00 
-1.0403086717e+24 
2.4638842046e-01 
-1.1363012181e+18 
-1.6908522296e-25 
5.1622459432e-04 
-2.3877244404e-22 
-4.0443476196e-25 
3.4670651995e-35 
-1.5373106597e+19 
6.5523356932e-39 
1.0720855772e+16 
7.1226503054e-35 
-1.5319274663e+31 
9.7412602511e-28 
-1.3275357106e-27 
3.2814017267e+22 
-2.7159820288e+10 
-2.6389394770e-04 
-3.1473205548e-38 
-1.0590791792e+38 
-3.0668577194e+01 
-8.6383058667e-18 
1.0966061523e+04 
4.6303924758e+37 
-1.3014524563e+32 
-7.4100224252e-25 
1.7114354996e-03 
-2.4468950137e-15 
-1.4611811523e+04 
4.9701027444e+36 
-2.2762898438e+05 
7.9927462054e+26 
-2.3234125602e-14 
1.6506497386e-31 
7.0990626587e-38 
4.7338863515e-13 
-2.0318550910e+20 
-7.6430124800e+08 
2.9761929836e+18 
1.1138444478e-07 
-3.4012566400e+08 
-1.1403061523e+04 
-1.9224312287e-14 
6.4588705253e-33 
-2.6124673072e-24 
-4.1713578688e+15 
-1.4105306787e-14 
2.5671340851e+11 
-1.0699629452e+36 
-4.2221422147e+22 
1.8231376895e+24 
-1.3960255000e+07 
-1.2006994357e+35 
-1.6759369004e-08 
3.0983496799e-06 
5.5759885825e-27 
-2.0489931921e-04 
2.6580251290e+34 
1.7377806362e-03 
-2.9889979487e-05 
5.8594496000e+08 
-2.7717516731e-14 
-6.0131505359e+35 
-4.7099179162e-27 
4.3230832247e-09 
-2.2701769600e+08 
5.9214974157e+13 
-4.4668157959e+02 
4.2568037983e-09 
2.1063041428e-36 
-1.0283909941e+25 
1.4162945655e-21 
5.7785350691e-06 
1.1694677974e+17 
1.5502211547e+13 
3.5076559532e+31 
-4.4245774498e-16 
-7.7114196682e+35 
2.4289924186e-03 
-5.9748247738e+25 
1.7880624228e+19 
-7.8603554986e+20 
6.2519532081e-20 
-3.5352232333e+37 
-4.9545877479e+26 
-1.6931790014e-05 
-5.5875789751e-38 
3.8777686617e-10 
-1.4414899464e-36 
-1.3904350544e+13 
5.1864042318e-26 
2.3373790375e+33 
-2.1383747303e-37 
8.0105187500e+05 
8.3433003764e-32 
-1.7496732544e+16 
2.8929553082e-05 
1.6020076544e+10 
-4.3151308284e+23 
2.0380717500e+06 
-2.5831114657e-23 
4.2720488258e-10 
-2.1500227895e-34 
1.3437920951e-16 
-1.6718090041e-25 
-7.5766825956e-22 
3.4761828028e-30 
4.4466407376e-23 
3.8295565723e-25 
2.7252823342e+17 
7.4301708339e+27 
6.0228385213e+23 
4.4754767308e-19 
6.2394107905e-30 
8.5733965705e-08 
4.4598069129e-35 
-3.6748627099e-22 
-5.9150147867e+16 
-2.2129085402e-13 
2.4760887017e+13 
1.5480393009e-11 
-2.4551813526e-34 
1.6078527529e+12 
-8.8302247458e-11 
2.2727368400e-02 
-1.3432314254e-33 
-5.1929102347e-21 
-1.0799741000e-01 
6.2019910495e+19 
-5.4446189412e-15 
2.8701889365e+15 
-1.9203386711e-12 
3.8387785537e-35 
6.4273746094e+04 
-3.6082252513e+12 
-6.9344328814e+36 
-1.1755650273e-11 
-4.4520767281e-12 
-1.1992388809e+26 
9.1522857654e-21 
-4.6088458570e-13 
3.8962525219e-21 
-3.2789594112e+11 
2.4301997928e-28 
7.5481744636e-18 
-2.0217026789e+18 
-1.7220468998e+13 
6.0669584337e-24 
1.8103887106e+15 
1.6017162906e+20 
1.7368449158e-26 
-1.6543617914e+30 
            nan 
-8.0180074842e-24 
-3.9483342848e+10 
2.3700707352e+27 
-1.3866243751e+31 
-3.0983039875e-19 
3.8330933982e-09 
-1.2621654896e-03 
-2.5838811207e-14 
3.8371378332e-18 
3.3972471918e-36 
-2.1288489111e-23 
9.3799348163e-25 
2.9369972690e+31 
8.1298628537e-39 
-1.3404548168e-02 
-6.5689471224e-36 
3.9922627413e+35 
1.2097586932e-08 
-3.4424169749e+17 
6.1527553999e+14 
1.7822184132e-34 
-1.0253964517e+20 
7.2443961060e-21 
-2.2940205291e-11 
5.2902000497e+36 
-6.7080937500e+03 
-7.4911842304e+10 
2.9088426626e-20 
1.4590283932e+31 
5.9600315000e+06 
2.3750809059e-21 
5.9914677734e+03 
-4.0289456956e-03 
1.2460260171e-15 
-1.6388213601e-27 
-4.2267343585e+12 
-2.1157427185e-18 
-1.5594840508e+36 
-2.5371945493e-18 
5.8656935899e-26 
2.2271742866e+26 
-1.1263275519e-04 
-3.3563291035e-12 
-2.2394672922e-13 
-5.3011811126e+32 
6.4192921600e+08 
2.2963518240e-11 
1.1186704405e+24 
1.3329290001e-36 
2.2626471828e-17 
7.2580601251e-11 
-5.9224491198e+21 
7.4192955000e+06 
-2.1583604849e+14 
-1.1940671000e+07 
3.0733549568e+11 
-2.4651828362e-14 
1.0317576102e+20 
7.9488931840e+09 
4.4202295296e+11 
2.2779906029e-36 
5.6554416301e-15 
-7.0644527325e+25 
-7.9961219981e+21 
6.5131846350e-04 
2.4491296031e+14 
3.8513292151e-15 
2.6497520212e+30 
5.2237372414e-12 
3.0823701620e-01 
6.7417250043e+28 
2.5354947608e+28 
9.7405775973e-32 
-5.3584101045e+19 
6.5754468537e-09 
3.6856592221e-34 
-3.3700194646e-32 
2.7058397184e+11 
-1.0403886198e+18 
9.4892689262e-09 
-3.4055404354e-31 
2.5345024000e+11 
1.0882483472e-13 
4.3027823348e-26 
-1.2155345090e-12 
2.9404297216e+10 
-1.6104670489e+32 
-9.9865003781e+30 
-5.9859101203e+32 
2.9173447290e+31 
2.8144906342e+20 
-1.8990608958e-18 
4.5205648057e-03 
-1.0065501674e+34 
4.6416422789e-11 
4.5602637837e+18 
3.7754607986e+26 
8.0820728000e+07 
-2.9984338360e+17 
4.6443097713e-14 
1.7030154023e-30 
-1.5780352811e+27 
2.2752253384e+38 
5.6354428446e+24 
-2.5713906921e-17 
-2.0852161998e-30 
-1.4238678016e+10 
-2.9619894862e-24 
1.7391511241e-34 
2.7551445480e-21 
-4.0810784412e-05 
-1.5959221063e-21 
1.0656740602e+29 
-8.6904393750e+05 
4.1532570535e-19 
-2.0274445171e+25 
-5.1405069022e-16 
-4.1243353555e-18 
-2.8865938415e-38 
9.5600168152e+25 
4.2536246094e+04 
1.3198949773e-06 
5.6901096832e+16 
-4.3319123288e-10 
-3.0046969145e-13 
-5.0330677494e+33 
3.5423187073e-03 
-2.1773640562e-13 
-2.0040827664e-08 
-7.0254465401e-27 
4.0623177231e-24 
-1.0245193053e+21 
4.5114661713e-23 
-1.6865847632e-02 
3.7189847165e-34 
2.4529828920e+34 
-3.2915969263e-15 
4.9055235522e+36 
1.0594739024e-06 
1.9187970026e+33 
1.5566310257e+38 
-9.6746942307e+30 
1.8511213370e-32 
-2.2881321282e-09 
3.4188307717e+25 
-1.4796288110e-12 
2.6178583866e+25 
1.2708148216e+22 
-1.8788440855e-12 
-1.6951336293e-03 
5.6922193617e-02 
-5.6326052251e+16 
5.1077012224e+22 
3.2634614556e+26 
-4.8925562880e+09 
-3.9908317900e-34 
-2.3559926524e-24 
-2.9512612396e-31 
3.2645392147e+38 
1.4210471388e+17 
1.2807131323e-30 
1.6402769890e+25 
-4.6467065858e+32 
1.6817437440e+09 
-3.1231754747e-06 
3.2621071010e+30 
2.5706937128e+32 
3.3103986850e-32 
1.3302961845e+34 
-7.9289380252e-29 
-1.3288642558e+17 
3.2708324027e-38 
5.0806207582e-05 
-4.6664209669e+22 
-4.6756505294e-23 
-7.8731100075e-06 
-1.3005568000e+08 
-1.5984994841e+34 
9.8698485901e+18 
-1.2334186366e-24 
-1.5806312149e-04 
-1.0039683929e-07 
-2.2464841309e+03 
7.9707182617e+03 
8.5263056896e+11 
2.0900694775e+37 
-6.3181242188e+04 
3.6528667753e-35 
2.6817123047e+04 
6.6887315396e-32 
4.1664899165e-37 
1.1454900523e-26 
9.0188430414e+23 
-8.0902693399e-33 
1.3433336969e+22 
-1.8939691370e-29 
1.3125197370e+32 
-2.8486280953e+20 
7.5614576968e+12 
5.5603662387e-22 
2.6197888303e-10 
3.4521440531e+14 
6.1503104252e-28 
2.2948465803e+31 
3.6973047808e+10 
2.0387044558e+26 
1.6222537080e+16 
5.7694246094e+04 
1.7121962309e+00 
1.2690573229e-36 
-5.7734242188e+04 
-1.9911792444e-16 
9.5885066104e-22 
-3.4822925899e-29 
3.4870168477e-24 
8.5891535509e-28 
3.7849262188e-35 
4.1750484866e-22 
4.2214900029e-21 
-3.1601317902e+30 
-2.2836040935e+21 
1.7350809749e-34 
-8.2633776840e+37 
-1.9111154974e-01 
-4.7437695681e+14 
2.5590029542e-27 
-8.0447982498e-08 
-1.0930360077e-37 
9.5503277858e-25 
2.3828897571e-27 
-8.8704534373e-15 
-5.3195746094e+04 
-1.9707029315e+18 
-2.0192743158e+27 
-1.5050216865e-28 
-1.3117579466e+22 
-2.2188065574e-02 
-3.2312427230e-34 
2.4995090173e+31 
1.6858040413e+17 
6.1233433247e-31 
8.9410443965e-33 
-1.3774186034e+17 
-6.9612331008e+10 
1.2328893645e+11 
-9.4717003338e-12 
1.7995239359e-13 
4.1328309566e-32 
-1.7830296326e-16 
4.4567819685e-02 
3.2536253287e-14 
-3.9813086973e-16 
5.7118892670e+01 
-2.4889822812e+33 
7.2842086994e+16 
-1.8886053329e-18 
3.7601434473e+32 
-8.8413968190e-15 
-4.1400747148e+26 
6.1071281103e+34 
-1.2175032609e-36 
-1.9199733311e+37 
3.9915502937e+25 
7.2869814318e-17 
4.2829088787e+35 
-6.0942804582e+11 
1.0743064340e-03 
4.5830889472e+10 
-1.5164838767e+35 
-3.1067373944e+19 
8.0359905280e+09 
5.7127350000e+06 
2.8659879803e-08 
3.7725731674e-22 
-9.3522139089e+18 
1.6509177795e-26 
2.8377707846e-35 
2.7737432315e+24 
1.7361452720e-08 
3.9643787384e+01 
-1.0605793723e-13 
2.9981630512e-09 
-7.7655963190e+32 
-2.8485426872e+13 
2.6253001600e+08 
-1.7631118545e-33 
5.4153242188e+04 
1.6261230238e-20 
-2.4334195098e+11 
3.2721612797e-07 
-1.7657468000e+07 
1.4406827550e+29 
-4.0162179138e-10 
2.4356005478e+11 
2.0578427180e+31 
4.6225822449e+01 
2.2648881896e+31 
-1.3760663247e-20 
-2.8222972371e+21 
-9.7796251097e-09 
-8.5582128225e+16 
4.4858596875e+05 
9.5865468079e-29 
8.5905129471e+27 
1.4417938581e+18 
1.3450813967e-37 
5.4096955000e+06 
1.1934649219e+05 
-2.7645935241e+36 
1.0347800792e+37 
-6.1913142204e+00 
-4.2357231356e+18 
-1.4212964511e+26 
6.2206916091e-28 
6.8759469425e+13 
-5.6969631405e+36 
3.3495518785e-18 
5.7825207387e-34 
-7.2236628532e+00 
-2.1478728518e-10 
1.9300250504e-38 
-1.1541084714e+28 
-2.7236095601e-09 
-9.7523414742e-27 
-1.2261682205e+19 
-1.8704308895e-03 
4.2878277591e+35 
8.4929325096e+20 
-3.0731877339e-16 
-4.3079806251e-34 
8.5261322021e+02 
3.1091586807e-33 
6.2098720251e-23 
-6.8052479207e-08 
-1.7952261809e+19 
-1.0198693964e+33 
6.4581182090e-33 
1.3131870655e-03 
-4.7779537201e+01 
-5.4032607381e-12 
3.9132471569e-11 
1.0476454496e+00 
8.0153662521e-32 
-1.1716920733e-16 
5.9657914969e-19 
3.9430128082e+30 
-3.4089117500e+06 
3.9848450505e-29 
3.4387864018e+24 
-3.5057073546e-05 
6.3568124390e-15 
-1.0112365559e-33 
1.6928072593e-34 
1.7747725439e+32 
-4.2552105106e+27 
-1.5712540602e-08 
6.4883495171e+33 
-1.2354326900e-03 
-2.6274289818e-13 
-7.6341586156e+31 
-1.5136035100e-28 
-3.7907169016e+25 
1.2356691226e-09 
-7.5458351057e-04 
8.9218656336e+36 
-2.3060384973e+11 
-8.4679775311e-23 
3.8057953136e-20 
1.8521621094e+04 
5.7819078843e-24 
-1.9940259648e-33 
-1.9310400375e-16 
1.0521785665e-09 
1.3212184680e-09 
-1.9895330853e-35 
5.5500488229e-33 
-4.2069918911e-16 
9.6572246762e+36 
7.5645900800e+09 
-4.6407453688e-36 
-3.6973870364e+20 
8.4874673956e-10 
3.2789891821e-32 
6.6285422072e-03 
1.2292999602e+24 
2.9873161198e-32 
1.6462520007e-35 
-1.5162962506e-19 
7.5913558252e+34 
2.2851046343e+14 
-2.0260450956e+20 
-2.4220971949e-29 
6.7786417518e-38 
1.9166176217e-29 
1.4517280579e+02 
-5.9492592000e+07 
-1.6615080830e-26 
7.8750962019e-01 
2.1397043078e+33 
1.1775099563e-33 
1.3800103215e+14 
1.0257676486e-08 
3.2707961426e+03 
4.5394524523e-33 
1.5771277035e-22 
-5.4501667936e-12 
-2.3428336094e-12 
5.0479192594e-29 
-8.0477536812e-07 
-4.3883727631e-04 
8.1258974660e-07 
2.1906426895e-08 
-1.4539588163e+20 
6.4559543133e-01 
-1.1360656163e+13 
-6.3648872150e-36 
            nan 
3.9184204931e-32 
4.6767865391e-15 
-4.3809651485e-38 
1.0593391127e-13 
-2.0653285901e-04 
            nan 
1.9465175040e+12 
6.1420943014e-36 
-1.0959439099e+28 
-5.2701987500e+05 
-8.7306721940e+27 
7.0056301901e+33 
-1.6697304526e+19 
-1.8578112136e-24 
-6.9267189403e+33 
2.1975410680e+26 
5.9897270000e+06 
1.2164150026e+19 
1.4926724359e-26 
-1.7112906144e-12 
-2.4161866361e+26 
-1.4830877760e-26 
-1.7604077500e+06 
-1.4191305542e+02 
6.5894748137e-16 
-1.1474251657e-23 
-1.1520681986e+24 
3.1561401227e+32 
-1.4647899196e-02 
-2.1504373047e+04 
3.8384019817e-21 
-7.9966191624e-19 
9.1407534974e+26 
4.9810597301e-01 
8.1871835700e-11 
-1.7037690181e+31 
-8.5045899497e+18 
-1.8779433535e-28 
-3.6037530268e-25 
-3.6028240637e-32 
2.4786820063e-07 
1.1947289004e+35 
1.3963909887e-24 
9.2679361315e-23 
7.9747113540e+24 
2.3366334464e+10 
-3.6224225823e-06 
2.0207532978e-27 
-1.0702909606e-36 
1.4879417807e+37 
3.1560596875e+05 
1.3969408459e+26 
3.8600679487e-02 
4.9049340000e+07 
9.1269323150e-36 
9.4926444731e-18 
-6.5912078841e+29 
2.2713150472e-08 
2.5740059450e+14 
1.5290378185e-30 
-1.8943498871e+31 
-3.1009979489e-34 
2.0084191643e+38 
3.5865362862e+18 
-2.4168731443e+11 
4.6058298831e+33 
-2.5635391009e+29 
-4.2749692000e+07 
-1.8085545654e+03 
5.3024613913e+27 
-7.2909570758e-36 
-6.0202308249e-26 
5.2648137600e+08 
3.5367678609e+15 
1.3288442975e+33 
1.2080006995e-09 
6.6784053389e+21 
-3.0012576960e-16 
-4.6720932617e+03 
-2.1140562626e-17 
5.5184290580e+22 
7.9317726123e-37 
1.1786130521e-18 
4.4975611284e-21 
-2.7894421914e+11 
1.3364221054e+25 
-4.1528676319e+14 
1.2443697774e+28 
6.6946632801e-37 
3.0668526390e-33 
1.0984592266e+15 
-3.7971640295e-38 
-2.7651373331e-23 
-1.4670217422e+27 
-5.8025187500e+05 
1.1390383789e+33 
1.5476327135e+33 
7.0916610901e-26 
-1.5177982243e+15 
6.3449231980e-11 
1.7111790896e-23 
-1.5017064541e+26 
3.6278048436e-14 
-1.1044005382e-37 
-9.6672171674e-20 
8.8958089450e-16 
2.4183865519e-32 
1.5052423272e-34 
8.0486612744e+34 
1.5106208958e+23 
2.1549628229e-32 
-1.8052657714e+22 
7.7017564160e+09 
1.1563365376e+10 
6.1983872902e+19 
-3.3985117124e+30 
-5.1499724486e+16 
1.4434876083e-16 
5.6029655040e+09 
-1.6170883521e-09 
-7.7281547852e+03 
-1.9835675749e+19 
-8.8078058980e-06 
1.7128430847e+33 
4.8190021521e+37 
-3.6606996731e-13 
-1.5881310547e+04 
1.5721188354e+02 
-4.4541858450e-21 
6.8952387500e+05 
2.7480657959e+02 
-3.4971934492e-25 
-1.0217055948e-28 
1.6797457952e-33 
1.1901146024e-07 
-9.9142228626e-17 
-8.4704239271e-05 
2.7937846671e-36 
1.1721162911e-22 
2.4200639735e+31 
1.5421334916e+20 
2.6449616804e+26 
2.2003895376e-31 
-1.3995619840e+09 
-4.8396291733e+00 
-1.2162113554e-26 
7.5049180347e+23 
-3.0366155554e-13 
-6.7394838021e-33 
1.5845397971e+31 
4.7186913766e-15 
1.3087947520e+09 
4.7191487309e-32 
-3.7852597546e-23 
-1.5046811355e-18 
1.9694461846e+37 
-2.6472958780e-05 
5.2193619058e+19 
1.2205608546e-23 
-6.4989559352e-02 
-1.2728122024e-26 
9.9695882309e+23 
4.9219300990e-07 
-5.5900486917e-32 
-2.4757709851e+33 
-1.2940552992e-37 
1.9832932800e+08 
-3.1533331098e-26 
-3.6042455132e-10 
-2.4293380887e+35 
-1.1432829788e-35 
1.9533820436e-22 
9.6968374252e+00 
-8.9935345412e-13 
-1.2614614153e-35 
1.8469374400e+08 
1.6545793498e+16 
-1.7932498438e+05 
1.2207626606e+36 
7.6377968982e+35 
-1.1494658912e+31 
-1.1385364842e-20 
1.2451677818e-30 
-1.6804045710e-28 
8.7725449703e-05 
-2.0900431903e-34 
-1.3448654612e+23 
-1.5748791849e-20 
2.2264547729e+02 
3.1343645253e+33 
3.7244379593e+36 
8.7651853105e+19 
1.1451183360e+09 
-3.1194637995e-04 
4.1951104696e+33 
4.9620728000e+07 
-3.1712120668e+12 
-7.0477794339e+22 
3.0042201211e+32 
6.1327238589e-14 
1.8712873047e+04 
7.4424012243e-18 
4.5266864301e+22 
4.1487301636e+02 
2.2372917014e+32 
1.3100571689e+12 
-2.5345351955e+14 
-8.2990006492e-28 
-6.3979327271e-27 
2.6870837153e-11 
-1.7784296984e-13 
-3.1278249064e-22 
-1.0708097307e-06 
-3.6052508676e-06 
-1.9217621094e+04 
-1.6906265884e-12 
6.1315864732e+24 
1.9763059162e-27 
-5.4717607206e-27 
1.1374139041e-01 
-2.3936539935e+15 
7.4890947427e-18 
-1.6426452098e-31 
-6.2983281191e-34 
-2.4993484800e+08 
1.3555331628e+25 
3.6964951202e-29 
3.5500794999e+21 
2.6706140201e+12 
-7.3259255933e-38 
-2.7655507942e+29 
7.3117083442e+17 
-6.9903125011e+25 
-1.2907485962e+00 
3.6341406250e+03 
1.7647165805e-04 
-2.2861600730e+34 
1.3531505130e-02 
-9.8440542221e+00 
-1.4406979549e-36 
-6.9808787860e-15 
-4.9966204507e-09 
2.8248557140e-38 
3.1735507913e+29 
4.7818332417e+30 
7.1398775214e+27 
-2.4648218624e+10 
-6.0741451868e-09 
-5.8860456675e+25 
-7.5692974015e+37 
-5.5934897357e+12 
5.0041191226e-26 
-1.1878950158e+36 
-7.7908155000e+06 
-3.8612379791e+35 
1.4619855373e-15 
8.6776688266e-12 
-2.7572479984e+13 
-2.8249194202e-06 
7.1603982837e+24 
-4.2158627016e+25 
1.8040616960e+10 
-3.7087213142e-23 
-4.1042766392e-17 
-3.8518330455e-01 
4.2231832886e+02 
-4.8623220198e+36 
7.8321161196e+28 
-6.5690410733e+35 
-1.4501500090e+18 
6.1422177734e+03 
4.7188717201e+31 
-2.1997245692e-10 
2.7072205588e-10 
-1.5708936867e-34 
-1.6451371864e+16 
1.0881989725e+20 
1.1460409293e-31 
-4.0391265851e-35 
-3.3073867671e-03 
8.9622380000e+06 
-1.5944146121e-22 
-5.6436176154e+20 
2.5873084478e+27 
-4.8548185114e-23 
-5.5108972168e+02 
8.8658632209e-29 
1.6077171949e-06 
5.6609918133e-36 
2.9363102204e+27 
-1.5777350326e+25 
-2.2059596768e-28 
-6.5544677734e+03 
4.3245660508e-25 
1.7914452474e-04 
-2.2485446167e+02 
1.2570650946e+30 
-4.8441419351e-38 
2.9736493720e+23 
-7.1740332960e+37 
4.0723381042e+01 
            nan 
1.1506274319e-26 
-3.3906685191e-28 
-4.7759220736e+10 
-3.2324263810e-15 
5.6719348088e-20 
2.8364647782e+17 
-1.1597308762e-17 
2.0405127543e-06 
-1.5573740597e-29 
1.7536743850e-27 
6.8751156805e+31 
3.6087101189e-12 
7.9408739261e-34 
-1.2085623256e-17 
-1.7444738099e+17 
2.6133423931e+25 
6.3574597168e+02 
2.9718090295e-24 
2.2234625282e-28 
-8.0235824716e+22 
-5.8347742188e+04 
1.8877467585e+32 
8.6984176000e+07 
2.6313251632e-35 
1.0597112126e-26 
1.4458594844e-02 
1.1212851064e-32 
1.2473792512e+10 
-2.6814436088e-11 
1.7989064779e-37 
-5.6243817244e+32 
-2.9173369285e-38 
-9.1135236150e-36 
-8.6612763600e+20 
-1.8512974407e-33 
-3.0531136692e-37 
-6.5801089408e+16 
-2.1354403596e-32 
-4.9055260672e+10 
-5.8682365417e+01 
-1.4497283221e-17 
-1.1881812811e-35 
-6.7988467493e+28 
-2.9530085082e+27 
1.1322798308e-36 
1.6114926551e+34 
-1.6238667366e+15 
4.1496806478e+22 
-9.0413772623e+14 
1.7897590898e+22 
-8.1323264459e+25 
-8.3053149646e-25 
-1.0571049154e-01 
-1.8335488890e+19 
-1.8277713903e-24 
5.4427344576e-11 
-2.2570016881e-05 
3.0506086400e+10 
2.7131626662e-17 
2.6223702978e-14 
1.0310505331e-01 
1.6999310894e-14 
-1.5134431811e+16 
-1.1278931955e-10 
-9.2681790878e-18 
8.6100157776e+29 
5.7418675080e+37 
2.1963342034e+15 
6.5078705000e+06 
-1.8025563914e+31 
2.5643951667e-35 
3.9404820031e+37 
8.5193704535e-08 
9.8263842225e-17 
-1.0393458316e-09 
3.6773230469e+04 
-5.4901393125e-32 
1.5681697845e+01 
-8.7231086680e-15 
-1.0552392350e-20 
8.7633966315e-24 
8.2240997314e+02 
-4.1132191765e-35 
-4.2578895360e+09 
4.7549708553e+21 
-1.9981555808e+16 
-6.0230693841e-22 
-1.7205347200e+08 
1.6224952099e+38 
-1.5251277500e+06 
3.1755145180e-09 
3.6645031980e+31 
1.1215748816e-11 
8.4033721344e-31 
-5.1508329453e+15 
-1.9756109925e-28 
1.0398810547e+04 
-2.6561121094e+04 
-2.2682184397e+27 
-4.9817388800e+08 
8.2171080231e+33 
8.9107523655e+31 
1.4797622220e-13 
-1.1626045179e-12 
-5.8219335203e-36 
3.7872742278e-17 
2.4813073979e+38 
1.5071361585e-13 
5.2270819023e+14 
-4.7269052734e+03 
-3.8582607872e+10 
1.1821987365e+30 
-2.2368856572e+13 
1.2359174931e-21 
6.6463828051e+30 
-2.8568242948e+20 
-1.2233640073e-31 
1.6326256900e+27 
-6.7458088668e-30 
-6.0159723334e+22 
3.9485675930e+12 
-3.4461165778e-03 
-3.2399347619e+18 
-1.4014535687e-33 
-1.7842845450e-37 
-1.4748175938e-21 
4.9479208732e+28 
-1.4649147459e+25 
1.5359541739e+37 
3.9826418041e+13 
-1.1090930135e+23 
3.6189408180e+18 
1.4167651840e+09 
5.6307347552e-33 
3.0992623419e-02 
-5.9877395189e-30 
-3.6697572470e-01 
-2.0026651435e-16 
2.0309093772e+15 
-5.1427242188e+04 
8.2323612240e+31 
-2.3345296104e-37 
-3.9142437002e-21 
6.1407242188e+04 
2.5309468620e-03 
2.1855886106e-14 
-1.5565241560e+34 
2.4770081677e+22 
1.1388816347e-04 
3.3086595139e-26 
5.3561583047e+19 
-9.6844986660e-27 
8.3592369612e+29 
-2.6959575331e+36 
1.8895314110e+30 
-1.6521603169e+16 
-1.9901950684e+03 
7.7569622675e+31 
3.1993763747e+28 
3.7567242188e+04 
-3.3992154725e+27 
2.5398151464e-12 
-1.0285058995e-34 
-1.9154427166e-26 
-3.7109692501e-32 
3.2085793750e+05 
2.8430607454e+22 
4.5714071602e+29 
-1.3579251046e-14 
-2.0737026367e+03 
6.8014832314e+34 
-8.1846202550e-19 
9.3919324930e+14 
9.4306938880e+09 
5.2475893051e-35 
5.7470108672e-09 
-1.9708467313e-18 
1.5661713481e-01 
1.0352822244e-07 
-1.1126997156e+21 
1.6098200684e+03 
3.8257681236e+13 
-4.4326707200e+10 
-3.0412651367e+03 
2.2925465290e-36 
2.2931578000e+07 
-2.4884337559e-02 
4.2927348000e+07 
2.2276515623e-22 
6.0071715019e-22 
-3.6500728687e-37 
-6.6841003718e-04 
-1.1370415243e-12 
7.3958837936e-37 
-5.7500757171e-34 
9.8851109251e-37 
-2.8383882608e+23 
-2.9960886203e-12 
-2.5491156743e+20 
1.1624589975e+34 
-5.7644944191e+00 
-3.5881122518e-09 
-1.0743900214e-09 
-1.9021910095e+25 
-3.9400071680e+09 
7.0436025600e+08 
-6.8964384361e+16 
-3.3760315507e-13 
-7.6661208170e-15 
-9.2268881177e-30 
7.6971417630e+34 
-3.5868380951e-15 
-2.1224194008e+19 
-1.5403539777e-08 
-6.1275742188e+04 
-5.3309061622e-37 
1.2361748438e+05 
2.1846421702e+37 
-5.0168845337e-04 
-1.6254759316e-07 
6.6093299541e+31 
6.7044922152e-31 
1.4401075200e+10 
2.0298334208e+14 
1.1715508356e-22 
-3.3313370512e-19 
-2.8611280061e+26 
4.1789655685e-19 
1.5276935547e+04 
1.2531850774e+32 
-6.2031353663e+17 
-3.4685221763e-26 
-5.4534042852e+22 
-4.5538189620e+16 
-7.8334677734e+03 
-8.4835824000e+07 
1.2047294000e+07 
-1.5229891848e-38 
-7.6553514227e-03 
6.7146472168e+02 
-3.8438648624e-23 
-3.2065542395e+30 
-6.0567694213e+32 
-5.2209023216e+18 
6.7968716453e+17 
-3.8388588867e+03 
1.5881708631e-38 
1.2437110855e-21 
3.6270688000e+08 
-1.4645991847e-02 
-2.9378707132e-29 
2.2613639551e-25 
1.3398271942e+23 
-6.7208232790e+26 
-2.7954005737e+24 
-4.8739793750e+05 
-5.1266839728e-03 
4.4748771667e+01 
-1.9624385834e+01 
-8.5195039797e-29 
2.9662486166e-02 
-1.4687642807e+38 
-4.2407921966e-27 
1.1622612874e-05 
-2.0982235995e-14 
5.0660662509e-07 
1.3771098324e+28 
-2.9546517627e+12 
4.4660957514e-22 
-1.7869569966e-26 
2.4294261364e-24 
2.3259060032e-31 
2.8179296256e+10 
2.6457822969e-05 
-6.4619677734e+03 
2.2585025931e+37 
4.3757304000e+07 
-1.8421526998e-02 
-3.2009179103e+13 
1.2904785573e-10 
-1.1716094228e+31 
-4.5368628344e-04 
-2.0855780691e-02 
-3.7044678683e-29 
-5.1462327733e-09 
            nan 
-8.9889184022e-21 
-1.3464580141e-31 
-3.9363742188e+04 
-5.7049086160e+35 
-1.3827302253e-23 
5.8288649011e+11 
-1.4406103219e-05 
5.9531190000e+06 
-7.7878148465e+12 
-2.0155054162e+12 
5.4879125501e-30 
2.8046051289e-25 
-1.3862676497e-05 
-1.5229421124e-36 
5.6714066705e+36 
9.4075887956e-29 
-7.5705206683e+16 
7.7578427734e+03 
-1.5914096200e-22 
3.7179808526e+15 
-6.0297497453e+22 
-1.2048958372e-19 
-3.0969346280e-22 
-1.2981271883e+19 
-6.6534673236e-20 
-2.1205544940e-29 
-1.0246170648e-31 
-4.7466376965e-25 
3.6909812000e+07 
1.2129459212e-24 
-2.6988495436e-36 
5.1929265000e+06 
6.6392820000e+07 
-3.8140271550e+34 
4.7792613506e-01 
3.9673771304e+20 
-6.4445566407e-26 
-1.4048778212e-06 
4.2790951859e+22 
-2.3720014954e+02 
4.0669761562e+28 
-2.1193132227e-07 
8.0290778912e-21 
5.4411563741e+29 
6.3316414464e+10 
-5.7972391936e+11 
2.1765501489e+26 
-2.7400444168e+23 
2.5414157104e+02 
-4.7421552734e+03 
2.2870407977e-22 
-7.8360362429e-31 
-2.4373251887e-36 
1.7721155322e+17 
3.9488470459e+02 
2.9344759006e-27 
-4.4368196891e+21 
-1.3245618343e+00 
-3.7210584614e-10 
-9.7029817923e+36 
-1.0896393510e-10 
-3.5069129478e+22 
-3.5687378870e-19 
-2.5631314041e+22 
7.3567055688e+28 
3.2803028006e+33 
-3.4226280832e-07 
6.0828869883e-28 
3.4568993750e+05 
1.0450905213e+34 
2.7244818739e-06 
-3.2463135540e-06 
6.2510235507e+19 
-3.1931675000e+06 
9.2712887910e+12 
2.4149880832e+10 
5.9695241424e+34 
8.0061420798e-02 
2.2677220930e+30 
-2.0781400204e+00 
2.7091979441e-23 
-1.6793003103e-15 
1.0899579699e+11 
1.5113265628e+33 
6.0196179493e-34 
            nan 
-4.4324037756e+18 
-6.4070562776e-21 
-1.2401698335e-08 
-2.1007932663e+01 
-1.7661513090e+00 
3.7601144832e+10 
-1.1466880264e-37 
-4.9147762149e+31 
-7.8788390383e-03 
-1.3835041570e-24 
2.4107345001e+37 
1.1151713807e-05 
-3.0539689313e+25 
5.5277567082e+13 
-1.0668025948e-30 
-1.5058379306e-36 
1.7652752285e-04 
-1.1863888827e-20 
-1.6293561369e+13 
-5.6909795851e-02 
-1.5646449295e-31 
1.7575581701e+17 
5.5877338809e-21 
-1.9656397591e+31 
4.3006482812e-25 
-3.1577784348e-30 
-3.6526939574e-25 
1.6772263223e-07 
-1.4409600757e-02 
1.2212878750e+06 
9.9353361095e-34 
1.1729297004e-12 
-8.4667889744e+25 
-9.2815718447e-39 
6.0413535286e-10 
1.3315457398e-30 
-2.9835180741e-30 
-8.7288829706e+12 
1.9251363409e-28 
-4.2779728770e-01 
-1.2395945769e+19 
4.7532910983e-29 
3.6665827668e+20 
6.9537331968e+18 
2.2625657917e+19 
-2.1338124288e+10 
-8.2375869803e-22 
-8.5095589176e+17 
6.0765457539e-15 
-1.0762981973e+24 
-3.6542674442e-10 
-3.0875185676e+30 
1.3111060547e+04 
-1.8322587963e-31 
1.4576492831e-02 
8.0576159894e-13 
1.5284825011e-22 
-6.2223159192e+23 
6.8281349529e+24 
-2.0649255816e-07 
7.8215990000e+06 
-2.0249504769e-25 
1.3930363723e+20 
4.3565467941e-35 
4.4554480779e+14 
-8.2920406043e+23 
-9.3374858050e-16 
1.2216170906e+11 
3.3340763655e-38 
-5.8363467316e-26 
2.2588373094e-14 
-1.6928535018e-08 
1.6825846482e+31 
3.5796919650e-35 
3.8699288728e-14 
5.3310242188e+04 
-3.8475311825e-09 
-8.0988470000e+06 
1.3357966224e+27 
-1.4567441940e+01 
-1.3078189158e-20 
-9.3461736425e+36 
-4.6022059427e-34 
4.0968101362e-26 
1.8654016969e+20 
-3.8645036473e+25 
-1.4133824463e+03 
6.6621239032e-17 
-2.6477995515e-01 
-1.6699811534e-09 
-8.8416109085e+00 
-7.0759033287e-29 
8.9906444600e-07 
1.5378472110e-16 
2.6635874484e-37 
-1.3489770496e+11 
4.4498590625e+05 
7.0046358898e-31 
-2.7518590625e+05 
1.0969763749e-38 
-1.9255670850e-05 
-2.6850170746e+37 
-3.5483592805e+34 
2.9075527321e+30 
-1.9467793426e+22 
-1.6808433392e+26 
1.1682284530e-03 
2.6695616453e-17 
1.4669476077e-02 
-5.7754052734e+03 
9.3323742476e-06 
-5.6185985159e-05 
9.9854106903e+00 
-5.6526163958e-12 
6.0849453234e+32 
-1.5109080505e+02 
-3.0564840960e+09 
-3.9168114085e-07 
-1.8466591617e+25 
1.2228923136e+36 
-2.1027112943e-35 
1.0386994567e-15 
-1.1358234684e+28 
7.8413386345e+00 
5.3479263437e+11 
4.7247109023e-20 
-2.7406617786e-38 
6.5193161335e-17 
2.7089158964e+23 
6.7027514403e-36 
-2.6125508884e-34 
-4.5016808524e+27 
-2.9656410217e-01 
4.5155584812e-03 
-3.1452081254e-37 
-4.6571699096e-31 
4.8958388454e-09 
-3.5964928770e+23 
-8.9526031794e-32 
-4.7002080828e-02 
2.9579014308e-32 
-1.5109373171e-12 
3.5535810735e+27 
2.8030742172e-08 
7.8565896000e+07 
2.4337742868e+22 
1.5744807199e-02 
1.7893710686e+27 
-3.8558031104e+18 
3.1555928514e+24 
8.2915462940e-08 
-7.3803414433e+22 
1.4627910346e+14 
-1.0693599284e-01 
5.3301425658e-28 
2.4598963479e+16 
6.9329556480e+09 
-1.5184980232e+30 
-7.7558080000e+06 
-8.0066240000e+06 
1.9828040322e+14 
4.8216562115e-26 
-4.3886254223e-13 
2.9836106236e+27 
-2.4929325832e-32 
3.4485640408e+24 
            nan 
5.8809643593e-22 
-3.4429702098e+23 
-1.6607239012e+38 
5.1011873219e-30 
5.5559157483e+33 
-3.8395904541e+02 
-1.2689848965e+22 
7.0705779640e-23 
1.7045655794e-13 
2.0230644624e-21 
-1.0190926787e-06 
-8.7481894531e+03 
9.0775312992e-24 
-2.0545630832e-04 
-8.0236065850e-31 
-3.0831376953e+04 
-2.6234845931e+23 
7.1662598498e-22 
9.6627061099e-23 
-1.2575926259e-02 
-1.0535427310e-36 
-9.0986132482e+32 
-1.8246128906e+04 
-3.8698469289e-03 
5.5203527725e-18 
-7.3109355688e+22 
1.1621710261e-09 
-2.9218679005e-33 
1.4077722696e-31 
-9.9382147839e-21 
-5.5138872403e+29 
-1.0541202500e+06 
1.3350047514e+33 
6.5756575036e-39 
-8.8175918490e-21 
2.1894728326e-13 
-7.3575052301e-12 
1.8606706237e+35 
-1.6799628906e+04 
-7.3976627004e-26 
3.8953798702e+34 
-4.5840839438e-36 
4.6128764066e-20 
3.0932830934e+25 
7.0685206250e+05 
-4.5392039418e-01 
6.1111530522e-04 
2.9429566071e-31 
4.2688164115e-10 
5.9290633455e+27 
-4.0873762220e-02 
5.8096789852e+21 
4.9805320164e-21 
-3.3483542654e+21 
2.6691438156e-21 
-2.1033547488e+17 
-8.4254654464e+10 
-7.8918372855e+31 
1.8033416165e+37 
            nan 
2.0939545325e-22 
4.7702362124e-28 
            nan 
9.6785541120e+09 
8.6118659973e+01 
-1.3196267960e-23 
5.9908707987e-35 
-9.1546903391e-09 
-7.1801259100e+35 
-5.5772057111e-11 
-1.2950307906e-14 
-2.9576661065e-02 
1.8653231393e+26 
-1.6257273822e-15 
5.6097986089e-05 
-7.4709578801e-11 
1.5211593943e+27 
-1.4436289000e+07 
-2.4016707032e+36 
-8.8391505847e+17 
3.8634493351e+00 
-1.4921732253e-11 
1.0390170805e+15 
1.6008289800e-13 
-5.0549981996e+20 
-1.6059399190e+16 
1.0557750781e+05 
1.8841231680e+29 
-5.9864381240e-39 
-3.9648707915e+30 
-9.1142386884e-21 
-3.9070576062e+37 
1.4781038332e-14 
7.9398442383e+03 
2.4277045736e+29 
-7.7790672087e+37 
-3.1244552460e-21 
6.1407535605e-34 
1.5288259890e+14 
-3.9187257557e+17 
-3.8425230987e+36 
-1.6427935172e+19 
-7.6314624000e+08 
1.0414658861e-19 
3.4995000000e+05 
1.0571872729e-35 
-4.1367296000e+07 
-1.8063709140e-03 
1.2987207653e-30 
-3.7782103834e-13 
2.1784331823e+15 
-2.3496706433e-30 
-2.1324096680e+01 
2.7730351349e-09 
-3.9052774817e-28 
8.5689067841e-02 
1.6937102175e-38 
-4.3346365998e-28 
3.3199513600e+08 
-2.0374491743e+37 
-5.7567812445e-23 
-8.0391716255e+18 
1.1512704472e+27 
1.3979901890e+25 
-1.0077304077e+03 
-6.5896277190e+35 
2.7391173571e-14 
-1.3450073520e-11 
-4.5334153425e+33 
3.4203936229e-04 
1.0963928652e+29 
3.2376361084e+02 
-2.1211156701e-18 
8.4922210000e+06 
3.9105286576e-19 
1.9340080640e+09 
-2.5204312378e-13 
2.8682760611e-09 
2.6012757197e+11 
-1.8399904668e-01 
2.1154124115e-29 
-8.7079588151e-26 
1.2318367505e-37 
5.7901437394e-03 
-1.8052779757e-11 
-5.2106429191e-21 
2.1776741578e+29 
4.0671803490e-13 
-7.6801562500e+03 
4.6862439847e-25 
1.3832770636e-24 
2.7514062140e-09 
-2.4786838755e-30 
-3.7493376265e+25 
-2.9995845807e-09 
-5.8817478444e-37 
6.0528224407e-24 
3.1916623531e+18 
-3.1177630204e+27 
-7.5122955274e+33 
2.3353596012e+21 
1.9186320000e+06 
-1.6923625000e+04 
5.9144724673e-09 
-2.3034051992e-05 
-1.2480659901e-17 
2.9436285898e+28 
1.2627545474e+32 
2.7489800000e+05 
-3.6620121558e-37 
-8.5418616124e-24 
8.9928320000e+06 
7.8795437730e-08 
4.8096993055e-10 
-1.1953268799e+25 
1.7634851912e-12 
-3.2585272630e+14 
-3.5885402407e+22 
5.1007640109e-22 
2.7861743248e+36 
-4.9101938940e+35 
-2.7160079741e-12 
-5.2936347619e-38 
-1.0537895432e-33 
-1.4508363792e+18 
4.7781503368e+36 
-1.6413853507e-27 
5.9820413589e-02 
-3.3035112124e-19 
-1.5859668023e-09 
1.4259979826e-33 
-2.3611936569e+01 
1.0344960810e-32 
5.3205719830e-09 
-2.8971311569e+01 
-5.3663313381e+20 
-4.8449149154e+29 
1.0891392146e+15 
1.4847691200e+08 
9.4183677784e-13 
3.1680347767e+13 
1.7183583674e+25 
-1.4281927575e+32 
6.0470885360e-31 
3.8985873879e-30 
5.9587837219e-27 
2.2085591876e+37 
-7.0472422522e-04 
-1.0439161856e+10 
1.9096673350e-04 
-5.8609306557e+35 
-1.2989438518e-11 
5.3600501341e+26 
1.9453331828e-01 
8.8279986420e+36 
-2.2006694444e+19 
-3.1564145386e+25 
3.7070819303e-07 
-4.3014294148e-29 
1.2601261146e-09 
3.0925339664e-16 
-1.4683871086e-05 
2.9929075241e+01 
9.9364325803e+37 
-1.4216095701e+30 
1.0247458850e-38 
8.2463856333e+23 
1.2616531757e-36 
-5.1317835398e-11 
2.1985453280e-26 
-5.5239582174e+25 
-1.4073768402e-17 
1.6891220939e+24 
-3.3405601510e+34 
-2.0980719762e-23 
-2.5079931583e+22 
3.6697437500e+06 
3.9592372741e+34 
1.1713461126e+25 
-4.5329291000e+16 
2.3331148595e-38 
-3.8521389879e+17 
-4.7044741808e-37 
4.1426113635e-32 
-6.3316295268e+34 
-1.3935487410e-30 
-5.5537780755e+37 
2.4181964800e+09 
-9.6707107130e-22 
3.0035618903e-16 
-1.6336359272e-34 
5.8990256185e-32 
-3.5422891378e-03 
-8.6881674869e-20 
2.2219964584e-14 
3.1243860580e-15 
2.1973052686e+16 
-1.3441696787e-26 
1.1478008041e+16 
1.3295178916e+33 
-1.0713681952e+29 
6.3798766378e+18 
2.2579336301e-34 
-2.5023951667e+11 
-8.4550190293e+23 
-3.8527708969e-34 
8.2019194442e+27 
1.7063508484e+21 
6.8601518137e+25 
1.7146873047e+04 
-3.3569298682e+28 
-3.1768612314e-15 
2.8984707056e+18 
6.5890808031e+20 
-4.8918694636e+25 
7.2389375138e+37 
-2.5548511604e-31 
3.6817967195e+16 
-6.4213163514e+19 
2.7649828887e-34 
-6.0384660409e+26 
5.9928234597e-10 
3.5302204156e-20 
2.8275882544e-14 
-1.2997998750e+06 
3.7561363857e+13 
-1.0222662716e-08 
-6.6674636095e+14 
-6.3075280486e+12 
-3.1456641488e-20 
-1.5236077677e-10 
-6.3390723710e-21 
-2.3006619730e+18 
-1.8478873047e+04 
-5.3018346127e+12 
1.0316795418e-08 
3.7848068310e+21 
-1.1924237986e-10 
1.9744689052e-04 
1.4323738729e+36 
-2.5607139328e+10 
-1.0985865711e-35 
-2.5605251572e+33 
2.6144105105e+29 
-2.5477241516e+02 
3.9326218647e+17 
1.3895409664e+11 
-4.4278845475e+21 
-1.8240873451e+29 
-7.3217676126e+28 
-1.5954147328e+10 
-1.1383679220e+30 
2.7011779603e-03 
5.6524571265e-13 
2.5983004405e+30 
-4.0650973511e+02 
-1.2643477393e+30 
3.7070076000e+07 
3.8526204880e-03 
4.8714589458e+14 
-1.7086351672e-37 
-5.0671588277e+23 
-1.8982143158e+14 
-4.7788909093e-20 
-3.0188316193e+26 
3.6277321633e-03 
3.8019587430e-29 
7.3379206657e+00 
-4.6385756461e-32 
-2.6591870000e+07 
-2.6367637960e+36 
9.8513027275e-35 
2.1789680997e-29 
3.1342548170e-25 
-1.7945197996e+16 
7.0021808128e+11 
3.5008789062e+02 
-1.1461449945e+19 
-5.8906385675e-05 
5.4651796818e-03 
3.2832441190e-31 
-1.9938078124e-38 
1.0984176137e+17 
-9.0085515629e+31 
8.0170598400e+08 
3.2982591209e+31 
-6.3706197895e-25 
2.2800027330e-37 
-2.5778412819e-02 
1.5629383804e-21 
5.0839742631e+14 
-1.5826960000e+06 
-3.2085561465e-27 
4.0426752000e+07 
9.1613915473e-34 
9.0102617025e+21 
-8.0268307070e+17 
-2.0237827301e-01 
-1.0412421607e-26 
-2.0702028247e+26 
4.8177800000e+05 
3.0905292736e+17 
-1.2190335547e-13 
-9.9751034880e+11 
-1.1266264566e-21 
-1.4103369622e-15 
-1.2772827576e-30 
8.7524890900e-02 
4.5081208192e+18 
-3.6664227210e-11 
4.4783318045e-24 
1.3937739851e-10 
1.8922012103e-25 
1.5110533825e+27 
1.9541155972e-17 
2.8148608137e-25 
9.6377129274e-19 
1.4040760320e+10 
1.4829164623e+23 
1.3914941218e+33 
8.3625280000e+06 
2.6264893126e-33 
-9.4606724090e-34 
-7.1403516561e+18 
3.2827589925e-34 
-1.3705648142e+35 
-4.1469400456e+17 
-2.3098419065e-16 
1.3701427810e+19 
9.0526916470e-26 
-4.7165708925e+30 
3.4106124850e-37 
5.0563097000e-02 
-1.5580125948e+27 
8.7854378910e-32 
-1.4607519531e+02 
2.6533525670e-06 
3.9679897676e+36 
-2.7006313852e-12 
2.1327387092e-30 
-7.1700060714e-27 
-1.4136449051e-27 
2.6751722828e-24 
-7.0145453036e-38 
-7.4596393959e-33 
-1.9160307460e-16 
-5.4498747835e+27 
-5.6985151078e+12 
-5.3656394593e-03 
-4.4667484244e-18 
1.1075514555e+00 
2.9562243842e+35 
-2.1242265128e+26 
-7.9416847360e+09 
1.2707289457e+00 
-1.8871013197e-07 
1.8640211821e+00 
5.1215903417e+24 
2.3070609867e-09 
-6.0696128861e+15 
2.0558330236e+37 
-1.3288832254e+27 
-1.2309624581e-03 
-2.6310387059e+22 
-1.8485251995e+18 
-8.9042291973e+27 
-7.3471341380e-24 
-4.9407062016e+10 
-8.1086623252e+12 
-7.3389923495e-34 
1.5167118321e-13 
-3.0108567327e-02 
2.3560301834e-35 
-2.0531067238e+17 
-6.3622065880e-24 
-1.2170260633e-10 
3.0146880337e+35 
-5.8163764608e+37 
-4.7149346210e-03 
9.2458850944e+33 
-1.7132849983e+34 
4.8347404480e+01 
-1.4873954553e-28 
8.9519148672e+22 
3.6086669945e+29 
-2.9333600651e-06 
9.2508144943e+31 
-2.0002635193e+02 
9.7324897553e-22 
-2.9798371249e-22 
-1.1167385376e-12 
-1.0554763041e-32 
-8.1998293794e+21 
-3.5712826258e+30 
1.1729449877e-11 
2.7476196465e-06 
-3.9452589750e-16 
5.0584200023e-11 
1.7322401505e-19 
-1.7240614803e+37 
-1.4485362943e+34 
1.5565304685e-30 
-4.1293659789e-27 
-3.5664201228e-26 
-3.9283050557e-27 
-9.7455036883e-23 
5.3308521461e-16 
2.9492162068e+12 
-3.5170751728e-11 
3.5225064363e+22 
2.3467267364e-37 
-1.1778495000e+07 
6.1146267231e+21 
9.4697451821e-35 
7.2882169600e+08 
-7.4682751438e-04 
-1.1424254417e+01 
-2.7428068265e+27 
-1.7456636877e+18 
4.2143068211e-32 
8.3940710609e-26 
-8.3243980981e-30 
7.9526310667e-13 
-1.8429876282e-37 
5.1639848435e-20 
-7.9677620670e-04 
1.1380027300e-25 
-3.5406196875e+05 
-5.1726154948e-34 
8.5160768535e-37 
1.3059188345e-30 
1.9294841914e-03 
6.4270928217e+26 
3.9576524632e+34 
3.3019558543e-19 
2.1084088059e-19 
2.3978145280e+09 
-2.4445876431e-16 
-4.8316596875e+05 
-1.1515186523e+04 
-3.0798251370e-15 
-7.2815049631e+25 
-1.5497100288e+10 
3.2755677500e+06 
1.2726085463e-10 
-6.8663888196e-38 
2.6743897328e-24 
2.2433983591e-17 
-3.3045529687e-38 
7.0733304000e+07 
9.3705646694e-02 
-2.3875044113e-23 
4.1657309372e-19 
5.7340013915e-36 
8.8006499715e-26 
6.0435217777e+12 
-5.9721431732e+01 
2.7467487642e+12 
-1.0463776425e+17 
-9.8050530393e-30 
            nan 
2.1405343079e+32 
-2.0104165188e-28 
-1.9340454104e-32 
6.0146506678e-36 
8.4226205252e-30 
-1.5737694940e-25 
2.7756329481e+38 
-2.4652818337e-33 
-5.0017020000e+07 
1.4281196397e-13 
-2.3956667440e-32 
-2.0410576602e-20 
-8.5209286518e-22 
2.5260763533e-12 
4.5874172800e+08 
-1.9855447798e+34 
1.7801117671e-24 
4.9381045699e+12 
-1.0355392925e+19 
1.8100466483e+13 
-1.4959670271e+29 
3.4028591309e+03 
4.4235800888e+29 
6.9100168441e-24 
6.5811196814e+28 
5.9178329404e-32 
2.0169279759e-38 
-1.1343878690e+28 
-9.7006372676e+26 
-1.4295379991e-08 
1.6707087896e-23 
-4.1998191821e+11 
-3.7247850480e+34 
5.0490184968e-41 
-7.2506303882e+23 
3.0351156807e+15 
4.7878658295e+01 
2.8241702647e-15 
2.7190968735e-31 
3.1312630448e+37 
-3.3008826872e+34 
3.8632967403e-07 
-5.5398101979e+35 
2.8774533956e+13 
3.9928217302e-04 
4.0614996875e+05 
-7.2332202428e-35 
3.7853380608e+11 
7.7413908173e-08 
2.1072762670e+19 
5.0103604254e-35 
-1.1467698974e-32 
-4.0019229831e+18 
6.2789242412e+31 
7.7783780557e+11 
-1.6261425600e+08 
-3.6791119872e+10 
-3.4447890613e+19 
-2.3400007335e-20 
-2.3975087323e-13 
1.6743804702e+22 
2.3144380253e-21 
7.1771937775e-24 
1.0001302542e-07 
-1.3316382592e-06 
-7.6941679676e-34 
-3.5301713867e+03 
-3.6123591273e-20 
5.1238373544e-07 
-4.2912845206e+26 
-8.8908425067e-10 
-2.4264979362e+00 
-6.4725505974e-15 
-2.3939378673e-34 
-1.2477150428e+27 
7.3218778658e-17 
-1.7061297037e+24 
1.6495351255e+16 
7.1129735167e-37 
5.2081289835e-17 
1.9022156086e-35 
-1.1406090874e-31 
-1.1235169461e-09 
6.3048279889e-38 
4.4116107234e-28 
-1.5568911715e-09 
-9.3732484375e+04 
-1.0107093533e-27 
-2.1934767426e-26 
5.0236470000e+06 
3.9301470696e+35 
-6.7453616756e-36 
2.8888334840e-24 
-3.1790716000e+07 
5.2474102199e+31 
3.8234941661e-02 
1.9711472543e-23 
-1.7229930381e-04 
-1.6585649721e+16 
-5.9112515813e+33 
2.8079551839e-07 
4.2282656556e+29 
1.7783180890e+21 
-3.1795226174e-11 
1.2324477795e+27 
1.5044830750e+22 
7.1915950516e+31 
1.1632822861e-04 
-1.4083570747e+26 
-2.1488725662e+23 
2.6678460472e-06 
5.1934526390e+36 
-3.8684256605e-31 
-1.9699926023e-26 
2.0024076460e-20 
-3.3938210950e+16 
-1.0393567891e+36 
6.9130513285e+12 
-2.6528359026e-30 
-3.7514034312e+25 
1.7318057871e-05 
1.0833215000e+07 
5.2682130719e+12 
4.6415065299e-04 
-1.1789518970e+28 
-2.9565123140e-26 
4.9621323629e+29 
-4.3841012499e-14 
1.1869809088e+27 
-1.1363370021e+30 
-2.7634653468e-20 
4.4627193451e+01 
9.1959776944e-30 
-4.4949244477e+13 
-4.8764720000e+08 
3.3222180202e+17 
2.8380591387e+18 
-3.5039367035e-33 
-5.7824610670e+29 
2.0471222937e+20 
-3.3611574963e-06 
5.5481713836e+36 
3.0836996875e+05 
4.0990723304e-24 
2.4327363447e-25 
-2.3519900013e-16 
7.6452319661e+34 
-6.0964952799e-34 
-1.4584018970e-07 
-2.6045244994e-14 
-5.2367742173e-03 
8.2637016804e-13 
5.0162359872e-22 
5.8778817765e-03 
3.2575478599e-06 
-4.1045350504e-16 
1.9275105012e-25 
-2.8701780319e+01 
9.7557090014e-33 
6.7548936254e+36 
3.3091462700e+19 
1.4745908265e-04 
-4.1750821550e-11 
-3.8974078310e-29 
7.6849993750e+05 
-8.1445057799e+32 
-3.5213823379e+22 
1.4999584768e+12 
3.2278619528e-06 
2.1780379111e+15 
-3.1548771033e+23 
-1.0596860711e+22 
-1.3337949321e+21 
2.3532865047e+00 
-3.6110984194e+20 
8.6477350461e-33 
3.0202620195e+16 
-8.7928460800e-37 
-1.1489753033e+27 
-1.4850157738e+01 
1.6950364667e-08 
-3.7819115134e-22 
-2.0037876252e-13 
-2.0692473342e-12 
3.8067703505e+34 
-3.1668862000e+07 
1.8058185788e-36 
8.9655285942e-39 
8.5509320513e-08 
1.0740921860e+16 
1.9739969354e-22 
2.2866623047e+04 
-2.3265942992e-11 
-6.7096227578e-38 
1.6294598183e+25 
-2.6883258218e+31 
-3.6045164901e+23 
-8.0196196844e-30 
5.6528459908e+28 
2.1455530365e+30 
6.9019681478e-18 
3.2492583624e-10 
-2.6087871967e-17 
4.7632542794e-36 
6.6819713410e-16 
-1.8347254856e-28 
-2.9886284665e-06 
-5.5967117539e+17 
-4.7136652469e+21 
2.2736421311e+21 
-5.5844491358e-12 
-1.1661319568e-24 
-3.7971684337e-01 
-1.2327241641e+37 
-6.2208857267e-38 
3.8037005502e+26 
-7.1651911736e+00 
9.7748691538e-25 
-6.2411294573e-29 
2.5310407235e+21 
1.7962054432e+24 
5.2451777097e-21 
-6.7796591572e-24 
-3.2726299740e+35 
3.8822140000e+07 
4.9850595855e-33 
3.4679195566e-33 
-4.2761848437e-32 
-3.1297635737e+30 
1.1326000991e+29 
-1.9135816097e+00 
3.8246648000e+07 
-2.0649441685e-38 
4.9480761210e+27 
-6.2113332748e+00 
1.2492814722e+20 
3.3358380583e+20 
-7.2783284964e-30 
1.4487451299e-34 
2.6301249691e-15 
-1.9593627940e+21 
1.1761304000e+08 
1.1658540432e-20 
7.5251087546e-02 
-2.9545166809e-18 
-1.4740213798e+38 
2.2561794626e-24 
-5.6860845245e+33 
5.0545288401e+19 
-8.3468189696e+10 
-9.2463367219e-17 
-2.8125369234e+22 
-1.7557676202e-08 
6.3956799439e-35 
7.6798357810e-26 
-5.7893972397e+00 
-8.6042036985e-32 
-1.1596548438e+05 
-1.1483966771e+15 
-4.9056503805e+27 
1.3139473212e+30 
-8.9307638973e-07 
-3.0012899667e+38 
6.0097905329e+37 
-1.4807882138e+11 
4.8587512986e-24 
6.3687487683e+15 
6.1392624334e-30 
-2.4023371309e+35 
-3.3989051644e-06 
8.7546490937e+31 
4.3244015140e-12 
-6.5704859573e+36 
-1.5825894414e-11 
-4.8312796983e-26 
5.1583308844e+16 
-2.3523709361e-32 
-4.1868448812e-12 
3.1420520766e+24 
7.4883930385e-02 
-1.2082372996e-04 
-1.0430733462e-17 
-2.9302603791e-33 
5.3096249215e-26 
-6.8978991104e+10 
-3.5328596875e+05 
5.5519534574e+27 
-1.3581930660e-02 
-1.3852213400e-19 
2.7205873047e+04 
-4.0887517500e+06 
9.5224112087e+12 
-8.8250970924e+28 
-5.7102253343e+17 
5.3548017604e-05 
1.1696134304e-18 
-1.2897947012e+14 
-4.4123057487e-34 
3.0369711066e+15 
-8.2115160893e-36 
1.6655098438e+05 
-5.7117206701e+17 
2.0070391518e+30 
3.0065769904e+23 
-6.9868290048e+11 
3.0301923415e-16 
8.2055360391e+26 
1.4790297930e-20 
5.0888645651e+20 
-1.2217634100e-22 
-1.3381530400e+19 
3.9160489267e+30 
-1.6628525981e-16 
-2.0032997503e-27 
-5.5416978626e-36 
-5.7570447246e-38 
-3.8613942983e-23 
1.8609778065e-29 
-1.1390352384e+10 
-9.9891790771e+02 
-4.4746451154e+29 
5.9608702523e-12 
7.7724735353e+18 
6.0713432617e+03 
-4.1642629185e-06 
3.2497953260e+15 
-8.0704013110e+30 
4.9473276000e+07 
1.5170664532e-23 
3.9143551636e+02 
-1.4004804436e-24 
5.5708200741e-15 
1.0804276878e-15 
-1.9970213318e+02 
-5.9867200275e-15 
6.4364680343e+37 
5.4281752282e+24 
-8.3980371268e-11 
1.2077204366e-33 
4.2893057470e+23 
2.8805396875e+05 
7.5395026943e-04 
2.0326518620e+12 
-2.6279832000e+08 
2.1785129779e+12 
-7.6774147176e-25 
-5.7331625723e-21 
1.8901498438e+05 
-4.3648136321e-12 
9.5383863475e+27 
-4.0325645152e-38 
-4.9068720645e+32 
5.0081720479e-39 
-1.0118180108e+20 
-2.9142911434e+00 
-4.3097084800e+08 
-4.2745338646e-07 
3.6167974821e+24 
-9.9563855872e+10 
-4.9659644000e+07 
2.0539833800e-35 
-6.8792864842e+16 
-5.1303457596e+37 
-1.0660682383e+26 
7.2401229545e-07 
-7.3755989216e-23 
6.9673878592e-30 
-3.4097965841e-35 
-3.7012364515e-26 
7.3985133895e-06 
-8.9604825823e-19 
7.7330626503e+30 
-2.6826229416e+13 
1.3276217385e-14 
-7.1852026880e+09 
-3.8981876398e-19 
-3.3966262708e-04 
1.1617281507e+13 
-1.3673244976e-02 
1.7941828817e-02 
9.7390028205e-29 
            nan 
2.1686296875e+05 
5.1005850747e-14 
2.2563345307e+26 
-6.4938176791e+15 
-1.5877864712e-07 
-2.0813469763e-13 
3.0115312338e-01 
1.5502209862e-05 
-3.7955316000e+07 
-2.2564056526e-11 
-3.5269734375e+04 
1.0593995000e+06 
2.0017492511e-36 
-3.5313014773e-33 
9.9625090417e+12 
-3.8793478406e+13 
2.4418502768e+24 
1.5529059677e+18 
-2.4956588879e-11 
-8.2681941251e+17 
1.0951293691e-11 
1.2633799547e+34 
1.3487715840e+09 
6.8514250466e-15 
3.8640158771e-28 
7.8749210829e-26 
-5.9710217088e-32 
-5.5797072864e+22 
-1.1036360050e-30 
-2.5351471277e+15 
4.0112315480e+36 
-5.1775245083e-05 
-3.9791747317e+33 
-3.6052657379e-05 
-2.9156921911e-31 
-1.9752596319e-01 
-3.5712406400e+08 
-2.1226156531e+15 
-1.8441601996e-21 
2.9723284515e-20 
-5.2508883987e+23 
4.6510989778e-03 
7.1877559478e+14 
-3.5738080877e-33 
-1.3593632913e+32 
-1.0081357534e+31 
-7.0792326737e+16 
-1.0170366288e-16 
-9.5414895264e-30 
-5.4641322806e-29 
2.4005123047e+04 
-1.6902758507e-03 
-1.4270718650e-30 
-4.3213550816e-04 
-6.9162368395e+15 
-3.7529164011e+29 
-6.3070263181e-34 
-5.8012889902e+20 
2.9485667200e+08 
1.9191249888e-18 
-1.6348412928e+10 
1.3150416189e+35 
-1.3785298438e+05 
-7.1450384521e+02 
7.6808542013e-01 
-1.5225152120e-31 
-5.1874305759e+25 
-2.4488603278e+24 
2.0560981986e-17 
-3.0069304082e+35 
-4.0182778532e+34 
-9.4470748445e-04 
-4.3095585704e-01 
5.1205078940e+19 
7.8309242594e+37 
-3.5183322935e-36 
-6.8394307086e+36 
-6.1935689579e-35 
-1.5649368953e-11 
2.8906512168e-24 
1.5465330505e+02 
-1.6580033280e+09 
8.8329993750e+05 
1.9603763183e+18 
-4.0044949287e-23 
-9.3071519284e-34 
-2.9911894983e+13 
1.0429939822e-34 
-4.0158443451e+01 
-2.5730875786e-03 
1.9220874086e+32 
-1.0996454805e-13 
-1.8435078353e+27 
-1.2856663713e+36 
1.1530615846e+25 
1.6524345798e-32 
5.1249080854e+28 
3.5442537356e+26 
-3.9231023199e-19 
-4.9420019717e+16 
-1.5802523638e+16 
1.2318694653e+21 
6.8709134382e-08 
2.9207798839e-01 
3.1184685960e-33 
-1.3765155338e-02 
-2.2394440288e+35 
-6.4376882136e-18 
-3.6087902572e-36 
7.1332791575e+19 
9.5710779540e+34 
1.5592723710e+30 
-2.8919131495e+17 
-3.9933693156e+24 
-1.2635515630e-01 
-3.6110817150e+17 
1.0246207000e+07 
-1.3966879394e-26 
1.2957767184e-33 
-1.0395765965e+13 
8.2981015286e+17 
-9.9727400243e+26 
-5.7129564250e+19 
-9.8762445191e-18 
3.9534000506e+19 
-8.4066450868e-29 
-3.4666709417e-24 
-2.1024790049e+23 
-2.9650226399e-34 
2.1303611755e+02 
1.6794318750e+06 
3.9863428114e-09 
6.1063689732e-34 
-4.9220396351e-16 
-2.1101680756e+01 
2.1156348800e+08 
            nan 
3.9222949225e-32 
2.7862962951e-28 
-3.1998616261e+30 
2.0978077878e+15 
2.7005408555e+19 
4.1269249791e-32 
-2.4182386688e+10 
4.5311788800e+08 
-2.9568584735e-31 
-2.9826971600e+21 
6.4844836336e-27 
1.4740720580e-13 
1.9600991736e-18 
1.0370906442e-02 
-2.3462191621e-06 
5.2220451766e+33 
1.7453958230e-34 
-7.8460651316e-16 
-4.4822037101e+25 
6.0376092233e+19 
-3.4979387255e+34 
1.0955188114e+16 
-4.1547563308e+27 
3.0291896929e-38 
2.7711449439e+14 
-5.5208006573e-39 
4.4439387321e+00 
-2.0633191545e-17 
-5.5507939230e+14 
3.6367199657e+24 
8.3946195931e+26 
-9.9936954677e-02 
-2.5852944929e-38 
-8.8029701544e-23 
-1.4789453516e+29 
-3.9140511578e-15 
7.0951210462e+16 
-5.3083488173e-35 
3.4040004219e-18 
3.0666232109e-02 
-1.5289466880e+09 
-1.0611999202e+30 
3.0495027097e-33 
-2.1131240330e+33 
1.0604414094e-19 
7.3861852027e-20 
-2.6842718099e+31 
6.7691089767e+15 
2.5679469109e-02 
-2.0715232426e+24 
-3.3908023807e+19 
1.3422151848e-31 
9.3112080360e+36 
3.9646981923e+18 
2.6306792519e+27 
2.0415953276e-20 
