2.3509887016e-38 
0.0000000000e+00 
0.0000000000e+00 
0.0000000000e+00 
0.0000000000e+00 
0.0000000000e+00 
0.0000000000e+00 
3.5873240687e-43 
0.0000000000e+00 
0.0000000000e+00 
0.0000000000e+00 
0.0000000000e+00 
0.0000000000e+00 
0.0000000000e+00 
0.0000000000e+00 
0.0000000000e+00 
0.0000000000e+00 
0.0000000000e+00 
0.0000000000e+00 
0.0000000000e+00 
0.0000000000e+00 
0.0000000000e+00 
0.0000000000e+00 
0.0000000000e+00 
0.0000000000e+00 
0.0000000000e+00 
0.0000000000e+00 
0.0000000000e+00 
-4.4236203410e-34 
7.1746481373e-42 
0.0000000000e+00 
0.0000000000e+00 
0.0000000000e+00 
0.0000000000e+00 
0.0000000000e+00 
0.0000000000e+00 
0.0000000000e+00 
0.0000000000e+00 
0.0000000000e+00 
0.0000000000e+00 
0.0000000000e+00 
0.0000000000e+00 
0.0000000000e+00 
0.0000000000e+00 
0.0000000000e+00 
0.0000000000e+00 
0.0000000000e+00 
0.0000000000e+00 
0.0000000000e+00 
0.0000000000e+00 
0.0000000000e+00 
0.0000000000e+00 
0.0000000000e+00 
0.0000000000e+00 
0.0000000000e+00 
0.0000000000e+00 
0.0000000000e+00 
0.0000000000e+00 
0.0000000000e+00 
0.0000000000e+00 
1.2061273121e+19 
-7.4952011153e+13 
2.4483458070e-36 
6.4024005114e-32 
-1.3426597180e-18 
1.1542299762e-04 
2.9993284225e+01 
3.5006161879e+12 
-2.6084536701e+28 
-9.6422438581e+14 
-8.2484919695e+32 
8.7331024190e-08 
-3.6756496549e+15 
-2.9276030000e+07 
-2.0697581326e+31 
-1.4542140868e-22 
-6.2976711748e+30 
1.1763796292e+20 
4.7418415222e+27 
-9.5608886719e+01 
4.0006139029e-30 
2.9394274192e+21 
1.7359980120e-07 
1.0119347423e+31 
-3.3030666658e+38 
-1.8240867315e-22 
-3.4020840104e+22 
3.4688585722e+25 
6.0012888064e+10 
4.3052681856e+27 
6.0380297210e-24 
4.6280755272e-19 
-1.3051123356e-18 
1.1358831185e-37 
-5.0381829974e+37 
-1.3685927391e-12 
7.4581535234e+29 
3.6065150866e-11 
1.1682971648e+11 
-1.4671812792e+19 
1.9080400653e+28 
1.7068445858e+28 
-6.5837462164e+35 
7.9080839099e-13 
-4.4435216248e+15 
-6.3577034465e+19 
1.5688805883e-30 
2.1701585501e-04 
2.5565149997e-10 
-4.3213243023e+12 
8.5955438316e-33 
6.4313865585e+18 
1.6448093085e+38 
1.8192085601e+14 
-2.8737902641e-02 
4.1886472581e-29 
4.7781763829e-17 
-2.7870324818e-29 
4.3498713798e+24 
-2.9043380284e+26 
2.3202217659e-18 
-2.6962613811e-19 
-1.0701568000e+08 
1.0394411414e+14 
-1.2411161379e+36 
4.1717245836e-07 
5.4817908974e-14 
-7.3992830672e+30 
-5.6259515000e+06 
-6.7275713747e+25 
1.4906825431e+18 
-5.5044756983e-37 
6.4796746094e+04 
4.2160732846e-05 
-2.8241250222e+12 
-2.0896943898e-11 
1.8578736000e+08 
3.3074193936e+31 
-8.0499658172e-21 
-4.6277866318e+27 
7.2957346166e-34 
-3.1816123047e+04 
4.0334297847e-25 
-7.9956524074e-02 
-2.6048798481e+36 
-8.0034361508e+12 
-4.3211728577e+23 
2.2008521228e-08 
-2.7257800000e+05 
1.1446608035e-19 
-1.5384267724e+31 
-2.2084478919e+32 
3.8230973587e-07 
-1.9961522542e-18 
-4.2756576607e-25 
3.4669835831e+20 
-1.3459068672e-21 
-6.4143120372e+36 
2.6828675217e+30 
-4.5020134430e+37 
1.5685870086e-34 
4.5063531996e+30 
4.1747077597e-17 
-1.4989187475e+38 
1.0775526743e-20 
-1.8623724342e-34 
-4.4981937026e-32 
7.6194910964e+26 
-1.7412389752e-08 
-2.8391478657e+13 
-1.8695787799e-38 
1.3526525925e+30 
-4.7388105267e-16 
-9.0336315143e+17 
3.6855101997e+18 
1.3465705706e-07 
-4.8506562500e+03 
7.9016746728e+15 
-5.9972410762e-27 
-2.7175986789e+19 
2.7215196359e-24 
-6.1450561384e+18 
1.6674960000e+06 
3.0798964995e-16 
-5.1053605787e-11 
-5.0889263460e+23 
3.7078047171e-05 
-1.8093074022e+11 
-4.9199880281e-13 
4.2843853861e-32 
6.0075391196e+16 
-1.4287957510e-33 
9.1577614662e+35 
6.3627600000e+05 
4.5434854059e-30 
3.8125504120e+19 
1.0200256839e+22 
-4.8163651877e+26 
8.7593710518e+14 
-1.4201140154e-20 
1.3935231254e+27 
-9.0419140625e+02 
2.7585859695e+33 
1.0138457518e+31 
-8.1469051540e-02 
-2.4201699660e-38 
-1.6372742539e-04 
-4.8154230756e+28 
1.2892041432e+14 
1.2891466695e-31 
2.6495425603e+26 
3.8187676762e-13 
-1.5590564212e-36 
-6.9530775541e-34 
4.9026055196e+34 
-2.0904862073e+24 
6.1325213025e-30 
-3.4628979130e+16 
-4.9742723001e-29 
1.8674192429e+01 
1.2813830489e-38 
-4.6306957627e+15 
-2.1227016181e+38 
8.3226930903e-10 
-1.1465488933e-02 
-5.5015932617e+03 
-3.7778697676e+23 
-2.7474161513e+27 
-8.9176960000e+06 
-8.7359008916e-11 
-1.1281344000e+07 
-2.4470371512e-36 
1.8700634503e+20 
-2.6181658118e+31 
            nan 
4.4208300562e+35 
1.1703133047e+16 
-3.5419220901e+15 
2.1416991949e-03 
-3.2084630171e+38 
-5.5114801611e-11 
-2.9696894085e+33 
-1.7558230667e-16 
-1.4756642486e-07 
3.1846483769e-36 
-2.9307070054e+11 
2.0225005215e-24 
6.2632782535e-28 
-1.5022740143e+23 
-4.7702971678e+19 
7.3251464844e+01 
3.8965415955e-01 
-1.4342585928e-06 
1.6187866211e+01 
-3.8191369265e+19 
-2.3546768152e-34 
6.9135994947e-32 
-7.4777337100e-13 
2.2674703359e-07 
-5.8538839221e-04 
-6.2952380669e+37 
2.0180075639e+15 
3.6616011776e+10 
-4.2741922515e-30 
-1.4733700371e-12 
3.2096541423e-24 
-2.4829465097e+25 
5.3150642998e-08 
-5.7890319824e+00 
1.7587771436e+24 
-5.8883428574e-02 
4.0113435320e+31 
-1.0155253760e+09 
-5.1012600000e+05 
-2.8728607097e+34 
3.7293368393e-10 
-9.8250438745e-20 
2.8578469425e-34 
3.3847027879e-15 
-1.5011929463e-05 
1.2257096010e-37 
-5.2434927199e+32 
9.9627166170e+25 
-1.9080043805e+18 
3.4537305600e+09 
-1.2144676971e+02 
3.3713427838e-03 
-6.6933437220e+32 
-2.0682647218e-15 
6.6165036347e+16 
-3.4883123590e-06 
-6.2947072000e+07 
-2.1902792469e-08 
5.4838111847e+24 
-1.0882056192e+10 
2.6824987493e+19 
-9.7037403043e-37 
-4.8637959979e-14 
3.9641709360e-10 
3.3215837500e+06 
-2.9433469772e+01 
2.2389643709e-04 
-2.7809867039e-13 
-1.2928269681e+12 
-2.3892134203e+22 
-3.3971012277e+21 
3.1435161600e+09 
9.1231953277e-35 
1.8676203520e+09 
-2.0734834103e+35 
1.5495518061e-36 
-1.2088668638e+14 
2.9647791543e+24 
5.6349165617e+13 
-1.7047390670e+26 
1.4290581426e+37 
-6.5918230927e-24 
2.7199531250e+03 
1.7367237132e+14 
-2.3715747261e-27 
2.4468091960e+18 
-5.2488915991e-13 
-2.6703658148e-32 
2.2513242336e+22 
-1.4200423148e-30 
-3.5549924108e+32 
3.1061029732e+32 
-2.9505328000e+08 
-3.4718967289e+21 
-1.2800313004e-27 
2.6850805515e-14 
2.5981905891e-19 
8.5907770282e-16 
-3.0620929595e-31 
-1.0991185739e-08 
-9.6493066374e+29 
6.0519164000e+07 
1.4508719820e-17 
3.3545562740e+26 
1.0799126918e-15 
2.1691262000e+07 
-1.2196353638e+11 
3.8383021355e+00 
2.2397282464e-06 
1.8380088562e-08 
3.0889765433e+19 
-2.4758503587e-36 
1.2821409792e+11 
-3.2048677981e-30 
-1.5323423838e+35 
-3.9296059413e+34 
-8.8589153075e+11 
-7.6501028389e+18 
6.4518476813e-34 
-7.2517793079e+27 
2.8304335528e+20 
-4.8377706383e+33 
-1.1439908576e-08 
1.6255646466e-24 
1.5889173420e-17 
-4.6560357889e-28 
1.3070612457e-29 
3.5645594734e+22 
-3.5552520752e+00 
-5.6945364589e+26 
6.0240737227e+33 
5.0546088845e+17 
5.4724935694e-10 
7.0539556418e-09 
-2.0854764751e+22 
-2.9461982583e+33 
2.8348040360e-07 
2.7257652592e-18 
-1.5706130090e+37 
1.4971413512e+31 
-5.5288211200e+08 
-1.6144898438e+05 
-4.1097322285e+17 
-2.1862415246e-27 
-1.2867870392e+12 
-2.6811727588e-33 
2.6149134636e+00 
5.4137383465e-09 
-3.4244270774e+29 
-2.6514683904e+10 
-3.0613105505e-31 
-2.4205878867e-25 
5.2559007322e+34 
1.1035755101e-15 
5.9446025758e+29 
-6.0289794922e+01 
-2.5033416748e+00 
-6.4309653031e-18 
3.9528025297e-10 
-5.6738127673e-21 
-1.6583331930e-12 
1.0066662060e+22 
4.5278310776e-02 
-4.5099947388e+21 
1.8736206330e-22 
1.7936546684e-30 
-5.4902128640e+10 
-1.5107500000e+05 
6.6579552230e+16 
-7.9550591181e-07 
-8.9117256965e+36 
-9.7169776056e+33 
2.3164235022e+13 
3.7938899722e+22 
5.0210189819e-01 
-1.0635755525e-27 
-3.2381591797e+01 
-3.4306287766e-02 
1.3930173880e-21 
-2.4422768578e+22 
3.2413445989e-38 
-1.9184780121e-01 
-4.5713932195e-07 
5.8011047993e-37 
4.0609196249e-23 
-1.4423451545e+23 
-4.5816140040e-29 
-1.0606717275e-21 
-3.7205783347e+11 
1.5015569745e-23 
-7.3925793088e-19 
-8.4325671196e-03 
-1.5863841726e+18 
-2.6378372711e-24 
-9.5342912296e-26 
-3.6104931037e-27 
-5.9946398702e-14 
-2.7595299013e-29 
-9.5299903478e-05 
-1.5530248110e+12 
6.6999457198e-12 
-3.2985523202e-09 
-1.8624408000e+08 
-7.6948703054e-07 
2.8467003754e-10 
-2.0519898438e+05 
-7.7530335288e-32 
2.6693275014e-26 
-7.4990700133e+26 
5.7180974786e+29 
2.6348523437e-30 
-3.7860128095e-32 
5.4239888088e-33 
-1.6326089566e-31 
5.6584978649e+16 
5.3044026854e+29 
-1.2055053638e-16 
1.5486458266e+12 
2.7427515984e+00 
7.7736683579e-07 
1.8767819331e-21 
-3.4700514516e-04 
-6.9532322742e-30 
7.0729874865e-13 
8.2512020767e+12 
-3.5785291377e-26 
-1.1327255578e-07 
-6.7187759671e+25 
2.4118494547e+14 
-2.8602795014e+30 
4.2511401707e-38 
2.2962620514e+23 
1.2143462714e+19 
1.0324110938e+37 
9.7733723399e+22 
-2.8171169841e-09 
6.9034899134e+18 
8.3412941315e+23 
8.4978182493e-28 
-4.1934567261e+02 
9.9829580948e-35 
-3.6785752585e-20 
9.0072215926e+23 
3.5804493898e+18 
-1.8077439880e+02 
-3.1734057721e+36 
-5.3087571265e-36 
2.8036077691e-13 
-2.9038846493e+00 
-4.6517659870e-36 
-9.6524884643e-15 
-1.8007319330e+16 
-1.3837518750e+06 
-5.1707800368e-12 
-2.5491115087e-16 
6.6513938955e+34 
-3.2027616031e+28 
-1.2268431954e-37 
2.4261623621e-03 
-2.2877736623e-28 
-1.8707333120e+09 
6.7716280625e-36 
-8.5845219822e-12 
-8.2582080000e+06 
-6.8011300725e+24 
3.9054200005e-29 
-1.3843578880e+09 
1.2568476955e+20 
1.9548173250e+18 
2.8634511265e-19 
-5.7485494112e-34 
4.3152203099e-21 
-7.7766042293e+27 
-1.0226370819e+14 
5.2405345688e-14 
9.4714199621e-23 
3.6321807784e-08 
1.6669308422e-07 
4.1091143046e+29 
-1.0510914109e+35 
-7.4412629221e-30 
-1.6262140369e+14 
3.0319244529e+14 
-2.3183057571e-19 
-1.0532353002e+34 
-6.2622095422e+20 
5.6691309357e+33 
6.4914174436e-26 
-1.7106957273e-07 
-5.1213587272e-14 
-8.4494940531e-21 
-1.0632769700e+12 
-9.2782793750e+05 
6.4361000268e-18 
-1.8768363252e-10 
2.1131233749e-15 
1.1198058128e+01 
7.9759448735e-32 
5.5659052734e+03 
-4.0486770085e-22 
-1.3658028032e+10 
-3.9597751875e-39 
1.3128211322e-05 
-7.9984618155e+34 
-7.6489114351e-34 
-7.0675280691e+13 
3.9027552605e+00 
3.9580892541e-26 
6.7264457560e-24 
-7.7859045600e-11 
3.2710361855e+21 
-3.1145738166e-15 
-3.1318656385e-35 
1.7873167941e-28 
-7.1514037665e+25 
-2.2543769529e+35 
2.4150464791e+13 
            nan 
1.2705321821e-12 
1.2185349529e-37 
-5.0170949632e+10 
-2.8024373047e+04 
-2.6445570865e-38 
4.7436119793e-20 
-2.4277780536e+27 
-4.0811594817e+30 
-9.3139353600e+08 
5.2862449798e+37 
-5.8062818169e+27 
6.9929024239e+24 
2.6915036142e-04 
4.3660926749e-25 
-1.1346368000e+07 
-6.2133396605e-27 
-1.4857187500e+04 
3.7274876377e-06 
-3.1340719956e+15 
3.4621872535e-27 
-1.3767528684e-23 
2.8670161518e+18 
-3.3251562854e-06 
2.8333597584e-06 
-1.6067440000e+06 
-3.7096646291e-28 
-1.2502726317e+38 
-1.5730732689e-13 
2.8193003675e+38 
1.3133509255e+37 
-1.5258674839e+30 
3.7204287946e-04 
-6.2686959430e+27 
-9.4775769647e-21 
2.5196647644e-01 
1.8525612527e-21 
-5.7903009272e-35 
-6.0896111763e-35 
-2.0653959178e+14 
-1.2852239273e-08 
5.0972715777e-25 
-2.8411949213e-36 
6.2374746094e+04 
2.9197207866e-32 
-7.2453323224e-37 
1.6631291766e-36 
-1.6610365276e+12 
-6.4918939892e-21 
1.4631047785e+38 
-4.1326288374e+21 
-5.3030273044e-14 
-4.3246179970e-09 
-1.4753689599e+31 
-9.7936668464e-26 
8.0738865000e+06 
-4.2193094400e+08 
-5.9665331341e+15 
4.7568242188e+04 
2.4594122832e+37 
-8.8995114871e-20 
2.1266046000e+07 
3.0442208657e-29 
-5.2136605978e-01 
2.3258803412e-02 
1.0597811523e+04 
-2.5395729849e+35 
-5.3977491200e+08 
3.8131997500e+06 
6.2063615410e+13 
-5.7376080914e+20 
1.1399865324e+25 
1.2671119996e+32 
-2.3040812010e+24 
2.6977962030e-28 
6.7815619786e-09 
-5.5792465681e+22 
-1.8103296640e-10 
1.0482434377e+22 
-4.6067886326e+12 
3.6149787903e-01 
-1.9724625000e+04 
-3.6327895146e+33 
1.1534664402e+21 
-7.0940982805e+19 
1.1742001121e+22 
8.3756237548e-22 
6.8680500000e+04 
-5.9025391711e-34 
6.5790312739e+24 
-1.1548665407e+17 
-1.8694519997e-02 
2.9495052502e+24 
-4.2398551860e+36 
9.8737042475e-18 
1.7375313920e+09 
8.4699849565e+35 
2.8541091840e+09 
2.5923972746e-17 
-1.5276352000e+07 
-9.9788916445e+25 
-6.5676899866e-20 
-2.0414683968e-04 
-1.9014342177e-38 
1.1250214446e-31 
-6.2923161600e+08 
1.3753341302e-36 
-1.6883301865e-30 
3.6119504067e-28 
-1.7105312655e+31 
6.8145115136e+10 
-4.7164267016e-05 
-8.7941071549e-17 
-4.1976990182e-22 
1.4000135673e+17 
4.3771822805e+32 
-1.1225401878e+01 
-1.2068458772e+24 
-1.3321303129e+00 
-3.7527051728e+21 
-1.8611290211e+29 
-6.1894414891e-26 
-1.8316158974e-18 
6.8019112063e-16 
-1.7307604316e-24 
6.4596913300e-28 
5.9668114409e-03 
5.5539299011e+01 
3.0036444840e+13 
1.1788988000e+07 
4.5870990625e+05 
1.5952984852e+20 
-1.4568096887e+15 
3.5178408399e+34 
-1.2414285824e+10 
4.2539496978e+34 
1.8949069601e+31 
2.3511678715e-10 
5.8129272013e+11 
1.1230466015e+13 
1.2546951439e-05 
3.8648446694e+18 
-4.4389914329e+37 
-4.8995950527e-26 
4.4510407680e+09 
-1.0627931134e+36 
1.1468002817e-27 
-2.9097336131e+16 
1.2392555923e-35 
6.9826538675e-03 
-2.0188651309e-38 
-4.5371476513e+18 
-4.9705513143e-12 
2.8502217600e+08 
5.8011199014e+26 
-2.2073639478e+15 
3.4119042079e+20 
2.7646621696e+10 
-5.0508474614e+12 
1.5750427246e+01 
1.4403851880e+23 
3.2301341737e+12 
9.7208497340e+26 
1.9141536906e+20 
-8.6747608744e-17 
6.3368321494e-19 
4.5907120704e+24 
-7.9526731859e-28 
8.5576499200e+08 
-1.3991567150e+23 
1.8213441754e-19 
3.6400998214e+29 
-1.2453360000e+06 
-5.5027760126e-11 
1.4401506633e-04 
1.4397000410e-29 
-3.4959217906e-01 
9.1397251431e-35 
7.1110895862e+12 
-7.4096960143e-22 
3.7249859502e+32 
1.2919913832e-26 
1.8984535246e-24 
6.7256582085e-37 
-4.5607792939e-26 
7.7359642248e+23 
3.3158647408e+14 
6.3109614530e-06 
2.9348182950e-37 
-2.5230481593e-10 
8.3254990386e-06 
-1.5142943744e+10 
3.3445529149e+38 
-1.9515076499e-25 
1.5039383015e-19 
-8.9581585926e-20 
6.5412216088e-08 
3.9835718947e+33 
1.6796322430e-29 
-9.0377510081e-35 
-3.9136016049e+34 
8.7099799699e-32 
-5.1691842560e+09 
8.4391408000e+07 
7.2898362288e-29 
-1.0155199977e-13 
-8.2180602254e+24 
3.8769143861e+25 
-1.1406603264e+10 
-1.5345548781e+17 
6.4894284391e-11 
-1.7688895312e+05 
2.3115328979e+02 
8.4019561086e-08 
-8.6652532914e-20 
1.2199523098e-06 
-5.2248548691e+25 
-9.4450921278e+21 
-1.6190736874e+15 
-1.0896833384e-28 
4.0498246094e+04 
7.4374999466e+27 
-1.1584332764e+25 
1.0728052780e-16 
2.1001323474e+34 
-6.3650768425e-05 
-1.0343689486e+13 
1.7315887135e-20 
-3.9082907114e+28 
-4.2892985589e+28 
5.8832420986e+35 
1.6511158882e+16 
1.5490169600e+09 
1.3386960518e-06 
3.0506358615e-27 
-8.3836355162e+27 
2.6199053657e-26 
-1.5925838379e-03 
1.1030480208e+30 
-2.4694481986e-19 
2.1985961788e-19 
-2.7329128784e-38 
-4.4922713294e+30 
1.2684437934e-05 
-8.1860307617e+03 
-6.3423576706e-31 
5.8775817945e+13 
1.1912788267e-07 
1.0020029181e+15 
-7.7703041936e+37 
-3.7259493733e-17 
-6.5858866971e-11 
-2.6871591147e+25 
-7.1428493067e+19 
-3.2231623047e+04 
4.3727100000e+07 
-1.0189241900e+16 
9.4992729294e+19 
            nan 
3.5573184741e+16 
-1.8054839427e+21 
7.4695697021e+02 
-4.2902190817e+12 
-1.6984550839e+19 
-3.2242876617e+24 
2.4280192540e+25 
1.5697438538e-18 
-2.5827537198e-14 
-3.1091188427e+34 
-3.6867090678e+12 
7.2263417117e+18 
3.4164832256e+10 
1.3508570651e-10 
-1.8142235376e-06 
9.4319528341e-01 
4.5718911679e-06 
1.8476126716e-02 
-4.2256342604e-14 
-2.3752565539e-05 
-1.2702959066e-04 
4.1244899052e-08 
6.7469987021e+11 
-1.4297622328e+14 
-5.5779928516e-05 
1.8626817556e+12 
-5.0735393750e+05 
-5.4549414792e-37 
1.6242232205e+37 
3.4983865917e-02 
7.0828945440e-22 
1.8785019122e-37 
-1.6657679319e-26 
-9.4122264651e-21 
-2.7767923022e-35 
7.1823586755e+12 
8.9024896907e-23 
3.4992204746e-04 
-6.0820769036e-26 
-5.7272883200e+09 
-5.1255873795e+36 
-1.5308389186e-14 
-2.5805833874e-21 
2.1910995151e+19 
7.2471153814e+37 
9.1817464000e+07 
-2.8030809852e+16 
4.6584968265e-29 
-5.3056634839e-24 
-2.0988748517e-08 
-1.9220446068e-10 
1.2286852955e-26 
-4.0037750761e+33 
1.7396244445e-08 
-3.7477545160e-27 
2.8025992326e+30 
1.0721335412e-15 
1.4454339279e+29 
8.9711294174e+00 
-7.1688259595e-06 
-9.4889494155e+16 
2.8940913488e-38 
-2.0172850645e-16 
4.0531228160e+09 
-6.0699229905e+19 
9.1630880933e-35 
1.0157417016e-38 
-2.7401712166e-25 
1.4499745475e-06 
-4.4797217151e-12 
-4.0741712975e-35 
4.5428528000e+08 
2.4673662836e+38 
3.6099841309e+03 
-5.4860489485e-08 
1.0526246995e-14 
-6.1004443327e+32 
2.2912119329e-01 
-5.0525253072e+35 
-5.1865699989e-36 
5.2407723867e-27 
-1.3855831867e-14 
2.6302383061e-17 
-6.8526314533e+20 
4.5743033183e-07 
-1.4785826683e+01 
8.9091440106e+31 
-2.5562910650e-06 
-1.0519306721e+27 
-8.7249096731e-38 
-3.9127686257e+37 
-7.6517492188e+04 
9.9947669189e-29 
2.5302027140e-08 
1.2464861608e-11 
7.1842179558e-13 
2.6106177157e-14 
-6.5460217600e+08 
-3.6233650628e-12 
1.9849971771e+01 
9.0292067914e-37 
-1.2188079879e-08 
-1.0860024037e+13 
9.3586845703e+03 
4.9047796000e+07 
7.1371542332e+24 
-4.0756481640e+36 
-9.1444587724e-07 
-4.0946045235e+20 
-5.1813113689e-01 
-7.1004917845e-03 
3.4841800012e-29 
-2.4812233947e-29 
-1.0049409614e+32 
-4.9401552734e+03 
9.0052165450e+21 
-2.0884961645e+15 
-4.0465031680e+09 
-6.1773438976e+10 
-3.7169041889e-07 
-1.3542808266e+29 
1.5440985788e-16 
-4.9826583831e-11 
-3.0223037829e-29 
-2.6143049888e+37 
1.5869988716e+15 
-1.1739204109e-30 
-1.5121312952e-21 
-1.7781952300e-10 
6.6126443699e-07 
8.6497123483e-13 
8.3105949308e-37 
-8.8403547302e-30 
1.0645959946e+38 
-4.7056748121e-24 
6.5170059416e+26 
-3.5080842054e-07 
-5.1501829148e-06 
1.0532017373e+19 
5.0955078123e+27 
2.2957651968e+10 
-3.8926155197e-23 
-3.3120089600e+09 
5.5906959569e+21 
4.6046664613e+18 
8.4468489664e+26 
3.4828994478e+12 
-3.1242342929e-31 
2.0185829236e+34 
1.8922299148e+31 
-5.5411595622e-38 
3.2711653856e-32 
2.2708638090e+38 
1.4819305809e-27 
-3.4531545958e-18 
-2.6287688315e+38 
5.5109258741e-02 
-7.9465907696e+14 
-1.6635296474e-09 
-2.1558476649e+33 
2.9296656436e+15 
4.3136213354e+18 
-9.9051536214e+32 
-1.9890732062e-25 
-3.7318811236e-11 
5.5135618456e-33 
-4.9867135067e-29 
-1.0611085051e-35 
4.4965487281e+36 
1.7499323297e-37 
2.0866211869e-23 
-2.0884082531e+36 
-1.8609136343e-01 
-3.8617417295e+15 
2.7451775470e-37 
-8.1892151192e-16 
1.8554147522e-17 
-2.1830046141e-26 
4.7817939730e-23 
3.4187542042e-04 
2.7136152167e-18 
3.2587413402e+14 
-1.7396065593e-01 
3.8889602329e-27 
-1.4144632574e+35 
-9.3908660960e-36 
-1.7780566016e+10 
2.0894059596e-26 
1.9816866253e-22 
8.4137706028e+15 
3.0115625600e+08 
            nan 
3.3712526988e+25 
1.9600880265e-15 
-3.3760340101e-34 
2.9753886966e-20 
1.5902207209e+30 
-4.3258117088e-09 
2.2616217778e+29 
-2.1615794622e+15 
-5.8215208624e-16 
-2.2161862885e+17 
-1.5600283058e-38 
1.3363766353e+29 
-1.2520755233e+16 
8.2187456000e+08 
-1.9030378986e+28 
1.9626051543e-13 
-1.5500113920e+10 
-1.0997861862e+01 
-3.5921155190e+36 
-2.6473916202e+36 
-1.9369439591e-33 
1.2636664103e+13 
-1.3135956932e-18 
-1.1805242255e+33 
-5.0575001964e-09 
-1.6369840795e-16 
-1.4231383469e+24 
1.6978920240e+19 
-1.1940810547e+04 
-6.0571310080e+09 
2.8949490262e+34 
1.6260243640e+21 
-7.2109765485e-25 
2.6057755000e+06 
-8.5911805936e+36 
4.1850577377e-39 
8.1492488544e+34 
9.9068451773e+19 
-2.5195628200e-32 
4.8246159206e+24 
1.6162622629e-10 
1.2839922030e+28 
4.0389296783e+12 
-1.1495997082e+17 
1.3455206749e-30 
7.6573034668e+02 
-2.1622317739e+22 
4.6599330684e-37 
-7.8804507364e-10 
3.0402177572e-01 
6.4351058960e+01 
8.4095142938e-07 
-2.1163691393e-32 
-9.5302783002e+23 
5.7658106293e+16 
-2.4669380502e-24 
2.0741033641e-20 
-3.6939786231e-26 
5.7457860811e-34 
5.6620938011e+28 
1.1527130372e+20 
9.7319438462e-36 
1.7998535315e-37 
-1.2665730560e+09 
-4.0710951837e+18 
1.9219031654e+11 
-7.3504074670e-26 
7.4872139066e-07 
1.8795844167e-02 
-2.5008452903e-35 
1.8695602417e+02 
-2.9988079834e+02 
1.1809296849e-36 
2.7505463867e+03 
-4.7704315739e-29 
-8.9970740369e+21 
5.6114904583e-02 
-3.1807526144e+33 
-1.1920970159e+20 
-2.7363708000e+07 
5.4460730521e-27 
-6.0384779731e+37 
-1.0513115757e-24 
7.0732589992e+22 
3.9613235528e-35 
7.9659484375e+04 
1.6422880075e+32 
-2.1870098902e-23 
-9.6010091892e+37 
6.7896589131e+28 
8.9243801238e-10 
2.3482643883e-04 
4.7536162570e+20 
-5.7061374187e-01 
4.2977389498e-38 
1.5896057040e-11 
1.3525799031e-14 
2.7539647391e+14 
            nan 
1.9585317373e-01 
1.0954045223e+17 
-5.5410558836e+30 
-3.6390918723e-08 
-2.8638379745e+30 
4.2145362386e-05 
4.6236159866e+33 
1.5722172134e+22 
8.5185451016e+37 
-7.3513766400e+08 
-2.2956456029e+33 
2.2502089851e-03 
2.0388722541e-27 
8.9497321976e+21 
2.5473014909e+38 
-5.8236509391e+25 
2.2673245519e-02 
6.2114205042e-15 
2.0908559041e-19 
-2.2898621094e+04 
5.8505551872e+10 
1.6250610481e-28 
5.9615189230e-07 
1.4613417387e+00 
5.5090635924e-20 
-6.8882167794e+29 
2.0886611058e-14 
-3.9152151743e-08 
3.0103798836e+37 
-6.8612917099e-15 
1.4515713343e+13 
-2.1005141025e-04 
1.2891346634e+36 
-1.8095873296e-01 
-1.1076222617e+37 
1.3286300466e-14 
-8.0581696217e-38 
-5.6955283977e+35 
-2.4488520586e-11 
2.9565066092e+38 
1.2184402171e+17 
2.0065721126e+24 
9.8288120000e+07 
3.1536172783e+33 
-4.2851374087e-32 
1.0102262189e-37 
2.2925782129e+14 
-1.7651911187e-16 
-4.6272764000e+07 
-4.5544223973e+20 
3.4861552726e+18 
-2.9475474195e+32 
-4.0855959040e+09 
1.6752049255e+02 
3.5765950452e-04 
-2.8465022339e-08 
2.4719252091e+15 
-7.4993018658e+24 
-8.8600384521e+02 
5.8102815417e-19 
-4.9703983677e-05 
2.6777896729e+22 
8.1818505437e-29 
3.6085506068e-17 
-1.5110355111e-19 
-4.7464438635e-35 
-3.1975612051e-27 
-4.5573677209e-33 
-7.2602469266e+30 
4.7702977061e-01 
-3.2105428992e+10 
5.8874475453e+37 
-1.6354017478e-13 
-8.7776173516e-28 
4.8613608798e-12 
1.3617662666e-16 
5.2158490144e+35 
2.8154711712e+33 
6.7899126626e-30 
9.3046001459e-11 
-7.3952844722e-22 
3.6312679355e-30 
-1.6888321261e-04 
1.8600708529e-07 
4.3165160605e-05 
-4.3122675749e+21 
2.8790111164e-14 
1.6556068960e+34 
-3.5792878888e-35 
2.7384922146e+20 
5.0603591502e+36 
-6.9340679329e-04 
4.5133521780e-03 
-1.0141748722e+33 
1.1138367920e+37 
2.1976797500e+06 
-2.9773763466e+37 
-2.2403937307e+25 
-1.2393728543e-19 
-5.8778555000e+06 
6.3788692210e-12 
-1.6332698438e+05 
1.3315249880e+17 
2.2271443862e+14 
2.7189193738e-30 
3.7057966309e+03 
4.9957993905e+31 
7.4674996790e+24 
-1.0602481203e+22 
-2.1121989018e+11 
1.5970544845e+11 
-4.6962602849e-36 
-1.6346150858e+20 
-4.7727767552e+10 
2.4591376508e-17 
-4.9728234039e-20 
3.1672322589e+32 
-2.3607952998e+11 
3.5740046656e-07 
1.8531008391e-03 
-1.9763348624e-02 
-2.4673917294e+00 
2.9100679023e+30 
7.3860719019e+15 
-6.3247883031e+23 
2.6019888318e-29 
-1.8792185025e-31 
-2.4197912318e+16 
-1.4020543000e+07 
-4.8132023114e-33 
-1.7232817046e+33 
-6.1371392149e+19 
2.2975633328e-04 
2.3519561358e+14 
2.3625405039e+13 
5.7144768619e-15 
-1.0127424994e+18 
1.3590405411e-15 
-3.9680248657e+35 
-7.8981993750e+05 
1.0521791515e+24 
1.0897487839e-23 
7.7383328560e+33 
-2.8321626967e-20 
-4.9695309889e+29 
1.1177573267e+24 
1.4607631664e-26 
-3.6277132708e+23 
-3.1712446992e-35 
-2.4140300557e+22 
2.0696995780e-02 
-1.0256361770e-27 
-1.5454312128e+19 
1.1601479933e-23 
-5.8507819762e-29 
2.0151451167e-32 
-8.2709292800e+08 
-5.3525304786e+32 
2.7149276677e-25 
-2.8181708462e-18 
-1.1538530487e-07 
-3.1770288908e+33 
1.1177347978e+28 
1.2325454480e+16 
3.6121893518e-23 
-3.6416934274e+31 
-1.4039113838e-12 
-1.1936575253e-29 
1.2667041216e-21 
4.7896699602e-23 
-1.0518615488e-33 
-1.6355623489e-35 
6.3720712205e-04 
3.5911565078e+24 
-8.5111537249e+16 
2.8048314860e+12 
-1.9441856020e+12 
-1.0035045600e+08 
9.5446102321e-02 
-4.6957934616e+33 
4.5756995415e-10 
1.2220171435e-13 
1.4426236594e-10 
1.4829947578e+18 
2.6980741024e+00 
5.0633821132e-25 
-1.1092971480e+34 
-1.0288194105e+27 
-5.9490100312e+27 
-3.6714569524e-26 
2.1664665917e-17 
5.4998075000e+06 
-1.3025413361e+36 
-4.4666517169e-06 
-3.9214722969e-33 
5.1518842470e+11 
-1.6197462571e-07 
1.0029656162e+26 
3.7732604000e+07 
1.6725959475e+27 
4.8627246094e+04 
-1.2013920787e-04 
-1.2875104316e-09 
-5.3628737541e+24 
-9.6449734400e+08 
1.7406568708e-31 
3.6199837500e+06 
1.5433653831e+01 
2.3970429829e-28 
9.1471504873e-17 
7.4099180233e+23 
-7.6102969048e-34 
-3.5435023357e+19 
-2.1830451833e-19 
3.1111537817e+15 
-6.2687103202e-21 
-2.6202875233e-05 
-2.9524221521e+16 
1.7640530289e-27 
-1.6273565599e-22 
3.0654452352e+19 
1.0376354240e-35 
1.6143767541e+28 
-1.2206094680e+13 
-8.1050104000e+07 
1.3635322128e-33 
-3.5494813808e-19 
-1.1029782736e+22 
5.5627355600e+34 
2.7238104892e-13 
8.6886862150e-09 
-2.6045829382e-10 
-1.0219091794e+23 
1.3727042596e+22 
2.5515069960e-25 
-8.4157120512e+10 
-2.0836793587e+24 
-1.1556497338e+28 
1.2845692985e-15 
-2.6794986230e-09 
-1.0566187324e-28 
1.0161406859e+30 
1.6638149192e+25 
-6.1587077381e-16 
9.4174054651e+36 
-4.0512334511e+35 
-2.1794305117e-14 
9.1484790000e+06 
-3.8371861244e-09 
1.1268650000e+05 
-8.0419062500e+03 
3.6922830306e-23 
1.3679206320e-29 
-1.9887563818e-12 
-1.0784940360e+12 
-4.8862515145e-37 
7.4720908572e-08 
6.7976003016e-31 
2.9020626953e+04 
8.7814936414e-03 
2.8524742048e+32 
2.5592087477e-11 
-1.4268209205e-31 
-2.6431511556e+33 
8.7093900476e+13 
-1.1854672687e+19 
2.4295770951e-10 
-2.1216665712e-35 
-8.6785135778e-37 
3.0761092000e+07 
-1.9831993777e-36 
2.7051255680e-10 
2.9352579664e-36 
-1.0807584161e-08 
-2.2829704806e+11 
-2.0398670911e+37 
1.0392078123e-19 
-2.8213654422e-14 
-1.3160742182e-32 
-1.0871524514e-10 
2.0324711341e+22 
1.8943922500e+06 
4.2268589570e+28 
-4.4058212769e+25 
-3.6244969368e+00 
-6.4726776937e-35 
1.3330455566e-22 
1.5364051521e+22 
1.4620797983e-29 
-1.2062103486e+36 
-9.1762575494e-07 
2.2852219086e-31 
2.4572258815e-02 
-2.2254038221e+11 
3.5301103459e-30 
-6.2968236800e+08 
2.3933566261e+31 
4.5160075856e-27 
1.1668529165e-23 
-3.3656348425e+28 
1.6521549160e-15 
4.2845304311e-34 
-1.0762019272e-34 
-2.6489319850e+14 
-5.0026451962e-15 
-3.0597434969e+30 
-1.0655703023e-02 
4.7881480000e+07 
1.0039650877e+21 
9.0693007710e+18 
8.6902515625e+04 
1.0285945208e-34 
5.9315061543e-12 
4.1487028558e+14 
-1.2808776331e+24 
2.6026672373e-08 
-1.4497064453e+04 
-5.3994285073e-34 
6.3154571130e-24 
3.5327119986e-04 
6.6257903848e+17 
4.2376671264e-32 
-6.2683266971e+21 
-9.8732123151e-03 
2.0364941504e+20 
1.6184650562e-23 
4.6117330002e+33 
-1.7708460272e+38 
1.2234050727e-35 
-1.6176024781e-32 
-3.3100861733e-16 
-1.1782685760e-05 
-4.5010695542e-17 
-2.5797033500e-26 
-8.5523817688e-05 
-1.7543153480e-16 
-1.3056432517e+23 
-3.4216939295e+16 
-6.9377206388e-33 
3.0401369585e-34 
-1.8925492557e-23 
-4.2724806957e-34 
-2.0995630059e-26 
-7.3892344000e+07 
1.6089233285e-14 
-1.6189332991e+26 
-1.4220332319e-21 
1.1878682447e+18 
-7.7606270878e+16 
-1.0460226355e+11 
2.0294633026e-35 
5.8050786720e-06 
1.1416626400e+08 
-5.9702077626e+36 
-2.7738398001e-25 
2.4221673155e+29 
2.3107622564e-01 
6.2041343929e+29 
-9.1657820397e+26 
-3.4157828863e-28 
1.3319934923e+21 
-5.0210177812e-13 
2.9364290869e-30 
-5.3350273532e-08 
-1.8080474197e+22 
2.4387692111e+35 
1.2531256434e-31 
-2.2733406188e-22 
-8.1736818990e+31 
5.0794397454e+32 
1.0756958663e+29 
3.8065115000e+06 
-2.0829283200e+08 
6.2995927734e+03 
-6.8687715238e-11 
-5.4684279417e+20 
-2.5947650285e-38 
5.6508886352e-31 
-6.1025785550e-33 
-4.8059606945e+14 
-1.4420669904e-33 
1.2202869370e+33 
-8.6562854662e-09 
1.6018532800e+08 
2.2705263097e+38 
9.0789868693e-28 
1.8664778471e+00 
-6.1043150549e+36 
-2.7541362442e-32 
3.3587363576e-15 
6.4103055360e+09 
2.4534771154e-34 
-1.3192280601e-11 
9.1121997684e-05 
-1.0873568712e-10 
-9.1873607680e+10 
6.1856806031e+37 
7.0525749899e-19 
-3.6637275280e-23 
-3.5222904887e+23 
3.1793947001e-22 
-7.9007990772e-19 
-1.9479239324e+21 
-5.0469134673e-18 
-1.5565717395e+16 
3.2607903155e+35 
4.4512036328e-20 
-2.3231114990e+19 
4.1463105031e-30 
-4.9050757183e+22 
-2.5647243395e-36 
1.1449751321e-19 
-3.7873760000e+06 
-1.6445260476e-19 
-4.3858944000e+08 
2.7640014648e+01 
1.2351913452e+00 
-1.4015531466e-27 
-3.8938274827e-10 
1.6569699758e-28 
-3.4336896533e-27 
-7.3213492188e+04 
8.6621338919e+28 
-6.0833537273e+21 
3.1380460262e+00 
-6.4757950054e+11 
-1.9468366992e-31 
-1.7749964245e+17 
-8.1564957696e-13 
2.4908802790e+30 
-2.3591450563e+34 
-2.6047849660e-17 
-2.2492838019e-29 
-5.7161126171e+33 
7.2998764996e+18 
-1.0484542341e+12 
1.2471810215e+17 
1.3328071993e-38 
6.7253138822e-12 
-3.4463795777e-32 
-2.8084196875e+05 
-7.1720085570e-28 
1.1850049219e+05 
6.4239425228e-06 
6.0098293042e-36 
-3.7783935093e-23 
1.7479445709e+11 
1.0643696391e+25 
3.3273620070e+11 
4.7419458847e+12 
-2.3047656250e+03 
-2.5602149963e-01 
7.2144437496e+30 
-1.1113496314e+14 
9.3520076612e-28 
-1.2842366181e+19 
2.5626100000e+05 
-2.8790988800e+08 
-1.3565572150e-34 
-3.7718727357e+29 
2.2452152062e+34 
3.0746416494e-38 
-2.5731650152e-21 
-2.3099232705e+21 
2.4078445904e-09 
1.1174072266e+02 
-1.4728403336e+20 
-1.0525244141e+02 
6.1252614107e+19 
9.8706212318e+37 
7.2350613887e+16 
1.4967974776e-13 
3.7331046769e-06 
3.9442795696e-09 
4.9944832000e+07 
-3.2879506762e-07 
1.9047794480e+21 
-2.3160208490e+13 
-1.6833189875e-04 
-1.4068801679e-11 
-1.1612211200e+08 
1.8081866435e-16 
-7.9675098934e-36 
2.6975013316e-04 
-4.3019058607e+27 
-7.1035115011e-38 
1.0391307553e-18 
1.3312625885e-01 
2.4672144983e+33 
-4.1329440000e+06 
4.0894665290e-06 
1.3737996476e+22 
-1.0781613453e+15 
-2.4781782627e+17 
1.3187990427e+29 
-1.1923202692e-07 
7.1146492188e+04 
5.0126499375e+21 
-2.2068391426e-14 
-6.5651249315e-05 
1.5072187505e+24 
-3.5172417993e+26 
2.0535777367e-05 
4.6226297482e-25 
1.6546591718e+18 
-1.7769203535e-13 
1.7916776749e-22 
-7.6673580348e+36 
-2.9377883790e+38 
7.3919276800e+08 
-4.4579851096e-24 
8.6831492188e+04 
1.1080208865e+23 
5.7928935086e-12 
1.0381859726e+34 
1.8267637593e-21 
-1.5118615077e+33 
8.1643437500e+03 
-4.7116607491e-14 
-1.1033413763e+21 
-4.8917250459e-14 
-9.7886199855e-26 
-8.3951231218e+17 
-6.7147528703e-33 
8.2992723804e-11 
            nan 
-6.3788904714e-13 
3.7588958740e+00 
5.3147216797e+01 
3.1678387856e-31 
-2.3888459103e-20 
5.1526714918e-29 
5.6349933147e-03 
-7.6315876826e-31 
1.3936537484e-18 
-1.5090350817e+12 
-2.5565185524e-09 
-6.1225012006e-31 
-3.2112700865e-05 
-3.8615520000e+06 
5.3036424318e-32 
-2.8265075561e-24 
9.6117385735e-29 
1.7087767832e+37 
-1.2959987553e-23 
3.3024623473e-18 
-5.5359036069e+16 
3.6392187562e+31 
3.6644960000e+06 
-6.8395124721e+36 
-2.4274875000e+04 
-4.2643568798e-15 
-4.2106726092e-14 
2.7761437593e-10 
2.9410406679e-19 
-3.4138309957e-09 
-2.9918123709e+16 
-1.8334597120e+09 
-2.9172022606e+17 
2.0332072987e-17 
8.9936922469e-28 
-1.7638046875e+03 
-1.3203278209e+35 
-4.6037309850e+11 
5.7345256209e-04 
6.3067138672e+01 
5.1439491393e+28 
5.0621551395e-10 
1.3309120000e+07 
3.6347821029e+34 
-8.0771824393e-38 
-6.4534044775e-09 
-3.7641980000e+07 
2.3800729657e-14 
-1.1337137603e+24 
5.7486593263e-09 
-3.5618860564e+12 
3.3619544000e+30 
-3.7670055082e-37 
2.1591333207e-03 
-3.3773121019e-12 
6.6853969711e+27 
1.9739415705e+19 
1.1996046517e-13 
-1.8825839076e+22 
-1.8736872760e-23 
1.1328400000e+06 
1.6958660570e-27 
-1.1311959359e+34 
-9.2603618070e+16 
4.0312080553e+21 
-2.6263546118e-25 
-3.7939550371e-33 
3.3380156250e+03 
-1.3248696923e-03 
9.6092500000e+04 
1.5149312500e+04 
7.1600549044e+18 
9.7154500000e+04 
-2.8548935625e+38 
-2.4122544240e-13 
-1.6085832039e-34 
1.2321483881e-18 
1.0463133991e-33 
6.6632128437e-07 
-6.9681079541e-39 
5.2531100752e+14 
-7.2911254866e+17 
5.1933202666e-36 
5.5872741656e-19 
-1.8820877075e+00 
-3.7975263358e-35 
4.6699832244e+16 
8.3176945489e+22 
1.8139591139e-37 
-1.5544080803e-21 
6.2973985835e-15 
6.7848565855e+22 
-9.7021200000e+05 
-6.2523604125e-33 
5.0897756162e+34 
5.6792626157e-12 
4.2656877009e-19 
2.2675635591e-08 
1.6576533653e+14 
-9.3486987702e+18 
2.3256863102e-10 
-2.4774487962e+34 
1.0986070265e-17 
-1.2912720000e+06 
4.2794563342e-06 
-3.2798346381e+27 
-2.0741481449e-13 
-1.6972760893e-35 
-3.7047078395e+28 
-7.6824665070e-02 
4.1266210707e+17 
-1.6422840979e-31 
1.2570479706e+36 
-5.2701146998e-28 
1.7489088774e+00 
-7.9500890135e+30 
6.0651320225e+20 
1.5995114154e-05 
-8.2330605469e+03 
3.7509060727e+19 
-2.6225460052e+01 
-1.3098736733e+14 
-1.1814044001e-06 
-1.3924397091e-31 
8.8908102214e-08 
-5.0803756714e-01 
-1.2291589968e-10 
-1.1835088186e+17 
-5.3626308727e-08 
7.4788699539e-14 
-1.0906484049e-12 
9.0338745117e+00 
-2.4011088420e-34 
-8.7287845436e-38 
6.5334458406e+35 
7.4751074991e+30 
-8.3934069041e+23 
4.5053470706e-17 
-2.4544480000e+06 
2.0755801044e+37 
8.3667703373e-22 
-5.1834578296e-13 
5.0715164672e+10 
-1.4161894465e-36 
-1.1326687500e+04 
-6.2826538458e+35 
-2.3883188757e-31 
-1.2207937986e-01 
1.6715907020e+14 
7.2947447188e-03 
5.1118805686e+30 
2.4663807824e-02 
-6.9767386890e+12 
-2.9757763236e+20 
-3.3503083518e+16 
-8.6705097929e-03 
1.2838283454e+17 
-7.6279295257e+34 
-3.3609963989e+02 
2.1768010260e+19 
7.1350863436e-04 
7.7864640512e+10 
5.9322890031e+24 
-9.2282476800e+08 
-8.1276882638e-32 
-1.5346725272e-33 
-1.2682849574e-27 
6.4067504047e-30 
3.0139649107e-19 
1.6709518433e+00 
2.9134696362e-36 
-5.4298813301e-38 
-4.3101375923e-05 
1.4204352000e+07 
-3.4995750000e+04 
3.3785789809e+12 
2.7663828922e-38 
-5.1005971195e-26 
-1.3599103725e-23 
1.6443454448e-31 
-5.1271000000e+05 
3.9336008976e+31 
3.0724248394e+38 
6.3436434583e-28 
2.3423670232e-01 
1.3716031866e-08 
-6.3829746094e+04 
-4.7953982568e-15 
4.8652576462e+31 
-1.4541356070e-24 
-7.4409803332e-31 
-7.7233824212e+26 
4.7850130062e-26 
7.7790220810e+27 
1.6287300750e-35 
-7.9784356899e-10 
-3.1991587385e-16 
9.0667520759e+33 
4.9350603604e-09 
3.0084640000e+06 
-3.3453060008e+38 
3.2662273196e+38 
-4.4308617995e-37 
-1.7498614289e-28 
-5.6039190883e+22 
-1.7613701392e-32 
2.3494262695e+01 
1.0101445649e+30 
-5.2800481208e-03 
-3.3208590510e-18 
-5.3053964288e+11 
-2.1167280097e-36 
2.9919561320e+18 
-1.8473643901e+18 
-1.9493252725e+23 
6.0759033853e-16 
-3.1354471318e+13 
-3.5874868140e+18 
-5.1551107317e-02 
-2.9045002875e-20 
1.4322815895e+01 
1.2290922433e-20 
5.9631622400e+08 
-1.6730389093e-31 
7.9269146729e+02 
-8.4474760053e-29 
1.9208664607e-12 
-3.4419760150e-28 
-1.4436657466e+16 
-4.2907314065e+24 
2.4084627628e+00 
7.8882624464e-25 
1.8500873019e+28 
-4.0280887656e+16 
-3.5415165440e+09 
5.1291361280e+10 
4.2814603125e+05 
7.5195378650e-21 
4.2503607720e-16 
1.2544345821e+37 
3.6242761982e+17 
2.1170999636e+19 
-1.5741551290e+38 
1.7321654815e+21 
-8.7530426860e+12 
1.5288467407e+00 
-8.2634505816e-06 
-1.7623062134e+00 
1.0521561697e-23 
-2.2469017600e+10 
3.9331852899e-31 
9.3772500000e+04 
6.2869105477e-09 
1.7960146174e-12 
-4.7750913357e+26 
-8.9489863003e-13 
1.3938121600e-27 
1.6206320051e-18 
4.3226662175e+12 
-7.3156108216e+35 
2.5510620117e+01 
-2.5794025882e+11 
-1.5509585428e+38 
-1.5819223545e+17 
-2.9582005842e+23 
3.1376810872e-13 
-4.8807748954e-09 
-3.4532320000e+06 
-1.6643025177e-32 
-7.2378541826e-17 
-5.5529193710e-37 
1.0847259684e-30 
-7.2662200256e-18 
2.3106551907e-06 
-3.6378242546e+28 
3.7830660343e+00 
-1.1391247397e-21 
-7.7680136000e+07 
-3.7823862162e-39 
-2.5091522744e+14 
-5.8210723041e+22 
8.4381941520e-20 
-9.1610276946e+30 
8.1636238098e+01 
-5.5908630392e+17 
9.2207985222e-26 
7.5871531148e-22 
-9.4343355158e-04 
-5.0510768692e-25 
-6.2660790325e+25 
-4.1188534505e+16 
4.4635933179e-29 
2.5930195212e-18 
5.8873011881e+15 
-4.2371503833e-18 
-2.7499991086e+15 
8.4334189162e+29 
-2.3840310052e-02 
-4.2798656286e-10 
4.5837504799e-12 
-6.2683353908e-18 
3.0869037611e+34 
-3.6695799924e-17 
5.0919775007e-34 
2.0454420405e-20 
5.2004129997e+11 
-1.3723398503e-12 
-3.6370217246e+36 
-8.1406777600e+08 
-6.1890484748e-30 
1.2436179236e-14 
4.2839928938e-07 
4.9272588479e+33 
-7.8712299708e+37 
-3.8420719656e-19 
7.9979748843e-38 
-2.6917370893e+26 
-1.9853076524e+31 
-7.9065497600e+08 
1.2593716292e-08 
-2.0745460461e-08 
6.2218642886e-26 
3.4755913075e-03 
1.3726973712e+28 
-7.0807165849e+16 
-1.4084055577e-14 
1.0161935352e-02 
-2.8683644881e+16 
7.4924697846e+12 
3.7324851371e-38 
-2.7741279808e-26 
-6.0568364154e+26 
-4.2798446131e+18 
3.6506073026e+18 
-3.5319800418e-09 
1.6622265625e+03 
-1.0538282486e-14 
8.4879872000e+07 
-6.4375698566e-03 
8.6422443390e-02 
-1.3215058708e-29 
-3.2918579333e-37 
-1.7611595066e-16 
2.2944898000e+07 
3.3222433176e+16 
-3.7894729661e-22 
-3.2069660691e+35 
1.9717303726e-34 
-3.8120621114e-19 
-1.0150257280e+09 
6.2189428718e-07 
-1.4345122049e+16 
-3.4425324801e-17 
-2.0408226049e-25 
-3.7929674209e-38 
1.5403411631e-22 
-7.9142955651e-27 
8.2840824478e-11 
-6.7453272274e+17 
3.3327465371e-31 
            nan 
8.8795366783e-26 
7.2711939292e+35 
-1.9683282780e+12 
-1.3487724396e+34 
6.0440798929e-21 
1.2798823275e+28 
-2.6202486361e-11 
-1.8438844681e+01 
3.5174504368e-12 
-3.0099318428e-16 
-6.6723266413e+27 
1.8422544410e-16 
2.0827260160e+09 
4.6013813760e+09 
-8.1974357707e-28 
1.0413309270e+14 
7.2977610987e+23 
5.6744350878e+35 
-1.0218226852e-14 
2.3438681260e-20 
-1.2557351825e-09 
            nan 
-3.8890901504e+10 
-2.7794873070e-09 
-1.5853494299e+29 
2.3101880821e+14 
3.7315756041e-10 
-1.3249190271e-22 
1.1107290263e-37 
-3.7182938990e+29 
-2.2700114313e+13 
7.4361509775e-25 
9.2223305255e-03 
3.8023432000e+07 
-1.2264654273e+21 
-4.7484908366e-11 
4.2659293964e-15 
-2.6166990400e+08 
-2.0330272786e-24 
2.1184674179e+36 
-5.4125450647e-24 
-2.0964851899e-07 
1.9076389303e+16 
-1.4518640009e+34 
1.1628294736e-01 
5.3059847068e+32 
-1.1396093487e-12 
-6.9351507812e+04 
-9.2630841513e-32 
-4.2695887360e+09 
1.0040584092e+31 
-1.8330902693e-19 
6.6443819378e-05 
-3.8939903767e-27 
5.2749791687e+30 
-3.5796594237e+21 
8.5085716250e-10 
6.4913167849e-31 
1.3562365870e+13 
-2.1862075729e+26 
1.7670177453e-39 
-7.4956569943e+33 
-6.2927839227e+23 
-2.2578067943e-31 
2.1543980648e-24 
-3.1300033943e+27 
8.5419060244e-34 
-3.1570627769e+37 
-3.4919003760e-33 
7.1494582485e-22 
3.5518966009e-29 
-5.5483834934e+16 
1.2359973588e-15 
1.9728626953e+04 
-1.1889287969e+22 
-6.8215199397e+22 
3.4689646601e+29 
3.0214895798e-13 
-4.1976015200e-04 
-5.7271958732e+28 
1.4706412057e-18 
-4.9111452354e-33 
-1.1061524440e-20 
1.3361636966e+11 
2.9876638383e+37 
-1.0621329937e-18 
3.5688707529e-19 
-6.5751070219e+16 
4.1700000000e+06 
-1.4698454831e-34 
4.4075400000e+05 
-7.3889879163e+12 
-1.6208402398e-09 
-3.1936435192e+13 
9.5670221876e+27 
2.8005301829e-06 
-3.9561191868e+20 
-3.2147157025e+13 
2.9207361198e-34 
1.8244983805e-17 
-8.4027709961e+00 
1.9256033280e+09 
-6.2105495872e-21 
-8.1524091855e-37 
-2.0779711285e-11 
6.2237966336e+10 
-1.3822838932e+27 
-5.3959032550e-25 
-2.1765241851e+25 
1.6240262513e+12 
-4.6749692383e+03 
-5.5517202616e-01 
-3.5546751416e+36 
5.7483701145e+29 
9.2459692983e+26 
1.2330405504e+16 
2.7771159833e-31 
-4.8022391650e-36 
1.8453131872e-34 
2.9358131450e-19 
-1.3395698159e-14 
-3.5347905158e-10 
-6.3548668535e-26 
-9.8490129618e+24 
-1.5905327096e-21 
-2.4260097600e+08 
-1.7405979926e+25 
-9.6679248833e-26 
-2.1536934400e+09 
-7.2813698182e-08 
-2.3725869134e-02 
-3.0968585653e-27 
5.4046690821e-06 
-6.3105959271e-05 
-5.6287954540e-30 
7.4326763110e+12 
-1.0101917699e+18 
6.2128070567e-05 
-1.1017335488e-08 
-2.8173784017e-07 
-3.5116229211e+26 
6.0043722346e-19 
7.8339016917e+31 
-1.7204976682e+22 
-4.1752512722e+25 
-4.1158399809e+21 
7.8122979086e+37 
5.5418070988e+28 
-4.6961633097e-27 
-8.9930475520e+09 
-2.2021593619e-33 
1.6342105621e-24 
-5.9983616000e+07 
3.2796797471e-24 
-8.5432320000e+08 
9.2055772468e+36 
1.0058675067e-17 
-1.3592767322e+32 
7.5474679470e-03 
7.0385576691e-06 
1.6059120000e+06 
1.0348627733e-08 
7.6320932617e+03 
3.3693211849e-19 
-1.6190504680e-20 
-9.3457993750e+05 
1.7654304533e+29 
1.2869474365e+18 
1.6934052030e+26 
7.5811150773e-29 
1.9768730708e+21 
1.0295204359e-14 
-8.8005741038e+21 
-1.0630025883e-29 
-4.6554123403e-14 
4.6556801244e+14 
2.6461243629e-02 
1.6236883063e-34 
2.7115109726e-21 
-3.5824200000e+05 
5.3568423264e-20 
1.3829742397e-24 
2.6512755200e+09 
3.3434813945e-11 
-2.7059309827e+25 
3.4782928962e+13 
8.9937445863e-35 
4.1909489632e+00 
-5.0396974754e+35 
-8.9134001553e+13 
2.5351794902e-03 
1.1825080470e-08 
-4.5039381084e-31 
-9.3193744988e-07 
-1.3089379859e+30 
3.3134433555e-35 
-3.2721826103e-24 
-1.0891551079e+21 
-1.5424017240e+26 
7.6407200000e+08 
2.7609798140e+24 
1.1852579346e+03 
-1.1718863355e-30 
-2.7034732852e-07 
-1.4075566828e-01 
5.5523839474e+22 
2.8608780304e-35 
-1.2226010995e-06 
1.4179720341e-30 
2.2956545482e+36 
-1.3101603227e+21 
-5.9272389908e+23 
-1.5280667010e-10 
1.0429939721e-05 
1.0543120738e-15 
7.4188500000e+04 
-1.0929111040e+10 
5.0499336794e-05 
5.1687955974e-34 
-1.1339451532e+35 
-8.5836807458e+21 
-6.4497100993e-09 
5.4605089951e+18 
3.1404749852e-26 
-3.5499048883e+28 
2.3647457689e+23 
7.2882119119e-34 
1.4817687988e+01 
-3.5341159011e+17 
3.9089785797e+33 
2.1392536660e+18 
7.4609154467e+28 
-7.3916209525e-13 
5.3112260289e+31 
-1.9027231101e+36 
-4.8089783972e-14 
1.6512868352e+11 
5.2152239505e-07 
1.0717272771e+34 
1.1012145152e+12 
1.2538575779e-17 
-1.1131751819e-27 
8.9492945057e+14 
-7.6838938238e+32 
-3.1466271573e+24 
3.9600394666e-04 
7.8252404556e-12 
5.3187713939e-27 
-4.3684462592e+10 
1.4060719623e+17 
1.5333207493e+22 
-2.1683376535e-21 
-1.2160438765e-26 
-9.2229008807e+32 
3.8386093750e+03 
2.2444129888e-12 
1.0243328250e-17 
-1.8997534308e+21 
-2.0115297823e+27 
1.9584954300e+26 
-3.7614617446e-27 
2.0163639725e-23 
-2.7467350324e-25 
6.3484373274e-31 
3.4603713989e+02 
7.2784860507e+18 
5.2805942383e+03 
2.3668116079e-30 
-2.3729716215e-31 
-2.0692227445e-11 
4.0117337402e-18 
-1.5246842497e-19 
1.0489893612e-05 
5.0087852657e-29 
9.6826941629e+20 
-1.0326660271e+23 
            nan 
-2.4226454999e-38 
9.7403530779e-32 
-4.6423316065e+18 
1.2526121124e+12 
-2.2440997342e-27 
4.4721441460e-29 
2.5143235689e-06 
-2.9400554380e+14 
-2.0064390712e+28 
-6.0893222690e-04 
-5.5215088651e-05 
-8.4896013141e-04 
1.8498951974e+35 
1.4719106338e-36 
1.8053712438e-31 
-4.2995139215e+12 
-5.7311439764e+22 
-1.2230364392e-36 
-8.7458157234e-36 
-6.4645993750e+05 
4.3902937596e+14 
4.6667384336e-31 
-3.2953236118e-29 
-6.7508261746e-35 
-7.8688448680e-22 
2.0653270294e+36 
-1.1934421675e-22 
-2.5292298106e-25 
-7.5196386374e+18 
-1.0393287680e+10 
7.2094800000e+05 
2.4793486568e+26 
-2.0421367445e-35 
6.7272812500e+03 
-2.4049908115e-15 
7.6795200000e+06 
1.6119448152e-27 
-4.4289872074e-35 
-3.8133157505e-24 
9.4631169671e-31 
6.5924640459e-19 
6.2275979865e-17 
2.7125088256e+11 
4.3748808319e-28 
-1.3330726955e+22 
2.3959461306e+24 
1.4043762207e+01 
3.6489760000e+06 
9.6946566183e+30 
-4.1918250000e+04 
1.5171305766e+35 
-6.0072338585e+25 
-3.6636772739e-29 
2.1735326212e-14 
3.7513858025e+37 
-6.2362067265e-23 
-2.6168095246e-08 
1.5217361450e+00 
-1.1611389160e+01 
7.2041331234e-13 
8.9566508525e+21 
-1.6144117293e-13 
2.8580706428e+27 
4.9391117271e+12 
1.9759795578e-08 
6.9129941151e-34 
5.3046761811e-18 
-7.3673485584e+21 
-3.0889698830e+32 
1.2915686800e-27 
7.0342737920e+09 
-4.2693176270e+00 
-1.1894273758e-01 
-5.7821348310e-04 
5.5517640621e+17 
1.3152306552e+15 
1.0058392172e-19 
1.0432534234e-17 
-7.5386475442e+17 
-1.8669983413e-20 
2.5992562769e-08 
2.0351641599e-20 
4.3841894079e+33 
-1.1969347622e+38 
5.1494228994e-36 
-2.8386022046e+34 
-2.6941035640e-33 
-2.8888123047e+04 
-1.0438886154e-17 
5.0655594239e-37 
-7.9755176752e-38 
3.4794889511e-15 
-1.3480958529e-02 
-1.6518701096e+36 
-3.8898604835e-38 
-5.2968664080e+31 
-1.3590975000e+07 
-1.4908759901e-25 
2.1868464721e+20 
2.5210728713e-28 
-3.7630610978e+15 
-3.3793400000e+05 
-1.1478364468e-02 
3.4140393836e-06 
1.2372514351e+31 
-4.0664574028e-35 
5.7699903846e-04 
3.4779136000e+09 
1.2467718124e-01 
5.0193207348e+31 
4.6733719376e-18 
4.0679452455e+32 
3.2189875000e+04 
-2.8640128000e+07 
-1.8783333541e+34 
2.5643372024e-28 
-6.8772949219e+01 
1.0019687500e+04 
-1.3660339355e+01 
-7.9697200000e+05 
-1.2023324576e+17 
1.7067591088e-39 
1.5751025457e-27 
3.5720112143e+35 
1.9568253601e+30 
-5.4908437500e+03 
5.9037877812e-31 
3.1516091654e+29 
-4.2618653989e+18 
-1.5489809861e+17 
-1.2022013159e-14 
4.7176135272e-17 
-4.0125302466e+16 
-7.9083014045e+31 
3.4044116992e+11 
4.7699406358e+24 
1.5991500800e+08 
-1.3487592335e-36 
2.5070648193e+00 
-6.4351579621e-12 
2.1439340961e-36 
-4.8179244045e-31 
-2.0391875000e+04 
1.9239812634e+30 
4.8871023575e+12 
1.7419420723e+35 
-1.3292824660e+22 
-1.8430026712e+23 
-5.5528227415e-15 
-1.5841087757e-19 
4.0864086376e+31 
-2.0249374077e+17 
5.0399156529e+25 
7.3288635000e+06 
6.5381593088e+10 
6.7659682617e+03 
3.2455679388e-07 
3.7816134772e-12 
-6.7583528130e-24 
2.2372997677e-08 
1.2177711462e-30 
6.8578936831e+34 
-3.7115597423e+14 
3.1795673825e+12 
1.2878728306e-08 
1.1775522348e+35 
-6.0373011316e-20 
-4.6016108257e-08 
8.4810278375e-13 
3.3200435638e+01 
2.5029075868e-26 
-6.1832207161e-28 
-1.7832615070e+25 
-9.6338263933e+14 
1.4933136936e-24 
1.7516934697e-30 
-1.6091328125e+03 
5.4773199865e-13 
-3.1769125000e+04 
1.8161442338e-28 
1.1939617606e-17 
3.3142034664e-34 
1.2041270067e+11 
-2.0322776800e-16 
9.3964114785e-04 
1.2126921689e-10 
1.0125720945e+13 
8.7701323776e+10 
-4.5847586069e-24 
1.3933926141e+19 
-1.6751697981e-25 
9.0624735222e-26 
5.0410496000e+08 
-3.5880580343e-18 
1.0281661144e-21 
-2.1672373533e-36 
2.8474601608e+35 
3.5162250000e+04 
2.2727104206e-36 
6.9127066970e+32 
3.0264619554e-18 
1.3011062500e+04 
-2.6147625000e+04 
5.2750389757e+17 
3.4443468800e+08 
-2.7363341458e-20 
2.9353279192e-40 
-3.5874600000e+05 
1.0075860605e-37 
2.2369349608e-06 
-1.0551118851e-01 
-2.5397680434e-36 
-9.2863032371e+28 
1.1562315941e+01 
-3.6764107176e-16 
1.1208630114e+28 
2.3481965860e+27 
6.3087750302e-11 
-1.6366028603e-06 
-1.2980888800e+08 
9.4092931350e+36 
2.8098718601e-24 
1.4420701904e+03 
2.5654411392e-23 
-3.1569835635e-09 
3.6233516713e-28 
-1.0352529315e-23 
-5.7581623878e-06 
            nan 
6.5904033736e-15 
-1.6610543363e+27 
-6.6555905886e+30 
-7.0972305366e-06 
5.3984624787e+30 
-1.5449936523e+04 
1.2884336328e+35 
9.4230853271e+02 
2.3671331762e-31 
-4.8124771723e-08 
-5.2680860158e-23 
1.9461741081e+20 
9.9186439842e-24 
1.1790383745e-33 
4.0672806162e-33 
2.7938652281e-08 
-1.5620909630e-28 
-8.4899048037e+14 
6.3297620184e-15 
-1.9598904716e+17 
1.2994086539e-22 
-5.0050796840e-12 
2.4258208836e-20 
-3.3417539569e-13 
4.9240457871e+13 
-1.2398898602e-02 
5.7241176637e+14 
1.2698308183e-08 
7.5727868420e-10 
-7.5746240000e+06 
2.7172211261e+12 
-6.8600453009e-15 
4.8912892621e+33 
3.5537018593e-30 
-1.5734800038e-34 
-6.8378342805e-38 
-2.9554241086e-37 
-7.7070070291e-37 
1.2407957094e+11 
1.3427382682e+11 
-1.2380761195e-21 
-2.0787981773e+23 
-1.1491348166e-20 
-2.7872592909e-06 
-1.3565780230e+32 
-5.2019929813e-37 
-1.1795881987e+00 
2.6494414511e-30 
8.0952629089e+01 
-4.1831965446e+00 
8.5004365234e+03 
2.1140604811e+29 
3.6852413067e+22 
1.2310293325e-32 
-3.5133959386e-07 
-1.1590079507e-33 
-1.4149256961e+33 
-7.5786743002e-16 
5.1083736420e+01 
2.5921915292e+24 
7.8181880000e+07 
-8.1499242910e-09 
-2.6012410975e-11 
1.9582756369e-29 
5.0125639034e-35 
-8.9570234335e+14 
-3.8088450240e-32 
-4.3239332701e+19 
-3.2126149473e+32 
2.1083614349e+01 
2.8794171492e-09 
9.2457044673e-32 
6.9407670388e+21 
-1.4277377143e-33 
3.5864694340e-18 
6.9636574625e-34 
-9.1571989542e+25 
7.7983434312e-03 
-8.2631634521e+02 
-1.2884545206e+22 
-1.6714559987e-23 
-1.2455076904e+03 
-1.3269319003e+37 
-1.5616881137e-04 
5.3369441032e+00 
-2.8766857578e-19 
-2.4132444931e-09 
2.0309862774e-18 
-1.2467940077e-29 
3.3109281063e+00 
4.1256698943e+35 
4.6605655273e-17 
9.6069550182e-07 
1.3965562573e-07 
-1.0221119000e+07 
2.2935812810e-25 
-1.0374629488e-38 
-5.2033494512e-18 
-8.8748528453e-19 
-1.3730301289e-03 
-1.1371763637e-23 
1.2126472698e-29 
4.2692303903e+28 
1.9249340075e-24 
-1.0072683854e+32 
-5.7003941560e+12 
1.7988768005e+02 
-6.2327051187e-39 
-2.7568934485e-02 
-1.1214208738e-25 
-6.0140441747e-06 
4.1097468000e+07 
1.6457614949e+20 
-1.5551979093e-29 
3.2442212710e+25 
-2.2831663132e+01 
-5.0905513763e+01 
2.3947343469e+34 
1.5405098423e+30 
-2.9976296003e+38 
2.2048323660e-35 
-6.1015842986e+21 
7.3122256158e-30 
-5.3333643473e-34 
2.9881439617e-32 
-1.3570478551e-21 
3.0250494049e+22 
-1.2295196469e-27 
-1.5776704102e+12 
1.0630876913e-24 
-1.0093152523e+00 
-9.7140705280e+09 
1.0569044948e-01 
8.7210292642e-31 
-1.1302175571e+20 
1.7383122534e+12 
-1.7635247111e-01 
-9.3773107494e-23 
-1.5508354560e+09 
-2.3678750276e-23 
1.1987079030e+30 
1.3367114208e-35 
7.4389958956e-36 
-5.6310464206e-25 
6.3959347952e+27 
-6.3677788899e-14 
-4.0139068733e-04 
-9.1858604057e-10 
7.5991593750e+05 
-2.0032845554e-13 
-2.7782877500e+06 
-4.4701375934e-09 
1.5452743836e+24 
-1.8441410237e-13 
1.8514873047e+04 
-4.0041018880e+09 
-2.1854572600e+30 
1.1215161532e-01 
2.5569098438e+05 
-1.5929390697e+27 
-4.0947424486e-35 
6.8421079867e+36 
-1.9089164185e+28 
8.2549702201e-38 
1.9251175632e+21 
1.2977222468e-05 
1.9042566851e+34 
-3.2897697571e-17 
6.4281905653e+28 
5.7157182541e-19 
-1.3740210938e-32 
4.0675100848e+35 
-1.0417393097e-14 
-1.6924737021e-02 
4.0035776000e+09 
-4.4370647765e-28 
-2.0195224000e+08 
7.1368043564e-07 
3.2588427070e-28 
3.5278343289e+15 
1.0367861677e+22 
-8.6510358166e-30 
-1.9475356063e+15 
-2.9453475825e-27 
1.7509345707e+22 
3.5130826291e-03 
2.0728087501e+25 
4.7942363689e-29 
-2.0923965304e+29 
-2.5559710322e-19 
-8.3247115635e-19 
-7.9188088910e+35 
1.1718771482e+25 
-1.4357097454e+25 
-3.1675993685e-28 
-2.0731401210e-35 
5.4540255404e-25 
-3.1326629779e+15 
-1.5853973038e-25 
8.2701511680e+09 
-2.7939425773e-10 
2.8464963913e+01 
-6.9049724854e-36 
8.1471225574e-23 
-4.0992972572e-08 
2.8237027346e-35 
-1.1535659432e-03 
1.2583740494e-34 
-3.7509249523e-05 
-2.7918386936e+16 
-1.1601783644e-23 
3.1627496117e+24 
4.5783280374e+36 
-6.3596404573e+25 
2.9314923523e-36 
-2.9639081931e-24 
-1.2092021146e+11 
9.1847445548e+24 
-1.3875415057e-15 
1.2019808233e+15 
-4.6975923497e-27 
-3.3088181289e-37 
-8.0246988800e+10 
-3.1345873047e+04 
2.2775509777e-14 
-2.1602294784e-32 
-3.4957120452e+21 
-1.4483820927e-40 
-1.6740984263e-27 
7.7921525433e-17 
-1.5271967185e+24 
-3.8864899752e+35 
3.1664649487e-36 
-9.9289599821e+31 
7.2640234375e+02 
-1.9701494102e-38 
-6.1796986712e+19 
-4.1880319850e-19 
5.6962222055e-39 
-1.4616602767e-15 
-9.6252387500e+05 
6.5486135483e+00 
-4.8305824106e-38 
-1.0574049569e+32 
-8.0809432017e-27 
-2.3911868707e+24 
1.4265070357e-26 
-3.5268945312e+02 
2.2188775609e+28 
-5.4385884504e-20 
-1.2471707694e-13 
3.1639768966e+22 
-3.5594875195e+20 
-8.7723717179e-12 
4.8154568067e-31 
4.9874188335e-08 
-1.8673491452e+25 
-1.2013287054e+34 
-8.6428165436e-02 
2.0025636319e-16 
-1.4262652825e+35 
1.1641407000e+07 
-6.0006557617e+03 
1.7806719244e-01 
1.1436514362e+17 
-1.8732674213e-30 
9.7208355588e+16 
-1.8042485331e-21 
1.0782942464e-29 
5.5592115200e+08 
-2.4560369141e+04 
2.0056368000e+08 
5.6968742188e+04 
7.2916927964e-25 
9.2968545101e-23 
1.4835431576e+00 
-5.8676174240e+29 
-1.6866929297e-26 
-2.1119963129e+14 
-9.2752077649e+20 
1.4726366357e-31 
2.4458626670e-33 
-1.0420896066e+22 
7.0347276213e+18 
-8.7527297278e-16 
4.0987358720e+09 
8.2361207113e+29 
1.0630289580e-05 
-5.2982419622e-36 
3.8564769913e+31 
5.9204869265e-35 
-1.8359995863e-20 
-2.2163854131e+11 
4.3076694278e-29 
-3.5628586890e+22 
-3.7968954186e-31 
-7.6920909889e+19 
1.1193465600e+09 
2.1373705295e-06 
1.0640206374e-34 
-2.6720810352e-13 
-1.9052122116e+01 
1.8626734614e+14 
-2.6062344557e-12 
7.7959766958e+18 
-2.4407360796e+27 
-9.4387492188e+04 
8.5674880000e+09 
1.4345372969e-27 
2.7426103299e-27 
1.9190504023e-28 
-4.9148918130e-37 
2.2466903712e+37 
-2.5739970511e-07 
-2.6806761072e-15 
2.7318768116e-22 
3.3390135457e-19 
9.3733652799e+25 
2.2659015641e+29 
-1.2331498240e+09 
2.0189829348e-28 
-2.6556171056e+17 
2.6923704813e-32 
-3.9070796390e-38 
4.5288289439e+30 
-3.6264521296e-26 
-2.2231481125e-05 
-6.8588247181e-35 
-9.4752872738e-22 
3.0479835000e+06 
8.7960329306e+36 
2.9189283369e-12 
-3.5921837717e-38 
4.4219569012e-22 
-1.0804252839e+27 
-2.9520067200e+08 
1.1158260751e+23 
-1.5475615068e-28 
7.3115635200e+08 
-1.1848517445e+21 
-2.6106313061e-32 
-1.2632338808e-20 
-1.1562442364e+36 
5.6530363534e+35 
-9.2577906230e-08 
-2.9180517836e+15 
9.4413141421e-20 
1.2424651200e+08 
-8.2687025152e+10 
9.0179240226e-23 
-6.6668601090e-26 
-3.3297135616e+10 
-1.2375809156e-27 
-7.1081408475e-18 
-1.0993810942e-21 
-6.4767287825e-32 
3.9796829738e+31 
-6.3072973084e-26 
-1.5036787815e-08 
-4.1626948502e+26 
-3.7637945265e-02 
-2.0526292806e-32 
5.3637665887e-36 
2.8452633157e-24 
-5.3537246094e+04 
1.7368364524e-06 
3.0797269344e+00 
-5.7456805872e+24 
1.4907518005e+02 
-1.5349480160e-30 
-5.2960959422e-23 
3.3642442322e+16 
-3.8458088056e-06 
-1.0932817113e-38 
9.7093617847e-35 
9.7777142557e-33 
4.2351601856e+18 
4.0566802350e+12 
-1.5038606406e-25 
5.9462446080e+09 
1.3920089501e+33 
-1.5896008458e+13 
2.5921506882e+01 
-6.4185096127e-10 
-8.4806686505e+24 
-1.2077853657e-25 
-8.3429723270e+32 
7.1676129644e-35 
-1.5597878955e-02 
-6.4895660641e+14 
-4.5231356000e+07 
-2.1235377822e-37 
2.2793272529e+38 
-1.0608937237e+27 
2.4284299850e+01 
1.0300209556e-33 
5.6575503964e-19 
-1.3955174014e-02 
8.1563819549e-05 
-1.8223417774e+23 
-1.2537963308e+20 
-5.7010533473e+31 
-1.2346157474e-33 
1.4790266752e+00 
-6.8048318813e-26 
-2.7977287727e+31 
-7.0611743119e-09 
1.3733358154e+03 
-2.9570469069e+11 
-2.9234678362e-18 
-4.5423211091e-13 
5.3037923073e-32 
1.3269878248e-19 
-5.9174153790e+23 
-3.0334216952e+20 
-5.1138635725e-02 
-2.7380345389e-02 
-3.4593599267e-25 
2.8295548000e+07 
-2.7865618394e+26 
-9.3791922319e-20 
2.0872209895e+24 
2.7877667702e-33 
-1.7199768510e-25 
1.0501442618e-32 
-6.2040719229e-08 
3.9013576704e+10 
1.0119196063e-12 
            nan 
-1.5688871036e-10 
1.4370086232e-09 
4.5936344774e+27 
1.2764311523e+04 
-3.2119218943e+32 
2.1399344688e+28 
-6.7282091504e-21 
-3.8448026180e+00 
-5.7438465154e-34 
1.1412364584e-14 
-1.5040456294e+11 
1.2582081838e-26 
-3.9482700035e+31 
4.5214134549e-22 
1.2451627663e+12 
-1.5230704105e-22 
2.5054781878e-30 
1.4302718400e+08 
-5.6166324599e-17 
-6.3324924000e+07 
-4.0993042831e+23 
-1.4310261065e-07 
3.5733024955e+17 
3.7208855468e-20 
1.8944359528e-32 
-1.8866913145e-19 
2.1239216309e+03 
-6.3811515000e+06 
-2.5194647273e+22 
2.2088658006e+36 
4.9495293281e-11 
-4.8106263845e-14 
1.6120909024e-21 
-4.1515182562e-26 
2.2801704239e+34 
-1.0356865913e+23 
7.1694500033e-23 
8.8764566183e-01 
-1.1741279419e+22 
-5.2899250204e-37 
4.4394993750e+05 
5.0937501696e+25 
1.2455408367e-30 
-2.0941643973e+21 
-1.6298900843e+00 
-1.7704882550e+17 
2.2693739646e+37 
-1.4402269370e+31 
1.0359771955e+11 
-2.3534427022e+33 
-7.1640653350e+26 
-1.5479005908e-28 
-1.1749244149e+36 
2.6637096598e+26 
-1.4866665570e-13 
-3.0440719918e-25 
1.8588436325e+23 
2.5326097259e-30 
1.1240358492e+36 
-4.9923177809e-02 
4.3765210206e-11 
-1.0867484826e-17 
7.8184786367e+22 
1.3773607498e-04 
1.8304303281e+32 
1.0314136321e-30 
9.0905504825e+18 
1.4706409516e+34 
-4.8786387394e+27 
-3.9323317673e+31 
-3.1914816266e-34 
8.1540215249e+17 
1.4095578333e+33 
-2.4541660005e+23 
-1.1395137428e-22 
6.9288370817e-15 
4.4397381318e-32 
5.5255429743e-07 
-1.2806810547e+04 
3.6543052061e-33 
-2.4154328275e-03 
-2.2671770944e+36 
-9.4042863176e+23 
2.3864845271e+13 
-6.1018148699e-05 
1.3132245541e+00 
2.7879155441e+29 
1.9662695632e+18 
-1.4598340867e-36 
1.5235231934e+03 
-1.3263663439e+34 
1.1333640190e-12 
-7.2127366944e-24 
-4.7361599009e+33 
1.7394896597e-02 
1.0505214720e+09 
-1.7578512916e-38 
-3.3208518400e+08 
-1.6410606054e+34 
6.0058406400e+08 
-5.7971940762e-16 
5.3499903670e-24 
-1.6357495312e+05 
-8.6143035344e+21 
8.2766757857e-13 
-5.5855230469e+04 
1.1686280050e-04 
-1.4219488548e-05 
2.4180038963e-05 
2.9346066030e+29 
4.7837829718e-19 
1.3472589135e+17 
2.0650799698e-32 
9.9608936448e+10 
3.0752432148e-31 
-1.2032469177e+02 
9.7475629300e-03 
1.4583129257e+34 
4.8007706505e-31 
-7.6192523088e+33 
4.0514655091e-37 
-3.4954450762e-37 
-2.1039610942e-07 
1.0149627733e+24 
6.9384179548e+12 
-3.6236993750e+05 
2.7914129333e-32 
-2.7701016515e-02 
1.2820127459e+19 
-7.3601134076e-09 
1.2274140815e-08 
8.2792772023e+17 
3.3892501436e-13 
8.0783923200e+09 
-1.2518378439e+14 
2.6924922170e-25 
-6.7403105781e-25 
-1.7719867795e-09 
1.5161507285e+16 
-2.2400195121e-06 
-4.6768999143e+36 
1.5533351109e+13 
1.9870433424e-11 
1.1209458069e-24 
1.0049324022e+31 
9.9475658265e+27 
-1.0122043479e+30 
-5.3455373524e-19 
8.6798253921e+22 
-5.8057830746e+31 
-2.2493149692e-36 
1.0854317500e+06 
1.6614550883e+19 
-3.4104056950e-18 
2.1371468929e+21 
3.2668665600e+08 
-2.0182125629e-28 
-2.2116972725e-25 
-2.4367846364e-34 
-2.9775094500e+38 
1.9992209650e-19 
-1.5447978131e-24 
6.1817254448e-18 
-3.8702057112e+27 
1.1768211653e+28 
1.5577337496e+22 
-1.5172199431e+29 
-2.5663976465e-29 
-1.8161611048e+22 
1.6573754471e-31 
7.0316857015e-17 
-3.3743230160e-03 
7.7763501040e+16 
-2.1051245403e+26 
2.9149874788e-12 
7.2360928170e-03 
-6.6917628746e+20 
6.2748432617e+03 
2.9507024684e-17 
2.1822773499e+24 
-1.8582642909e-25 
6.5493825641e-11 
8.8883558055e-04 
6.4893308074e+35 
4.2594365096e-21 
-3.0356153565e+13 
-3.4798534898e-07 
2.4070272820e+20 
-8.2385525107e-02 
2.9350031360e+10 
1.4484381602e+26 
3.0347491702e-05 
5.9197987500e+05 
-8.5156954984e-16 
-6.6278675877e+23 
5.0538382073e-13 
8.1945456070e-34 
-1.1037108236e-15 
2.8496978210e-37 
7.1029425000e+06 
-9.4184306085e+31 
2.1874434606e-04 
1.8289648142e+25 
1.0622954677e+15 
-3.0578111328e+04 
-8.3916907990e+37 
-2.3325384211e+32 
-6.8844084079e-12 
-2.3108898926e+03 
4.2446743945e+26 
-7.7671731893e-12 
4.5004199858e-16 
2.8931824147e-31 
1.3476652656e-28 
-9.1971361371e-07 
-9.7770035849e-28 
1.5308910608e+00 
-2.8488337193e-05 
1.7533329977e-19 
5.9668944123e+29 
-1.1833152815e-29 
-2.8347617772e+12 
1.6018836391e-07 
-3.6435188000e+07 
-6.3680367434e-23 
-4.4250979915e-25 
4.6832945000e+06 
5.2630688668e-34 
-1.2807466441e+34 
-2.9058474388e-24 
5.0704609571e+22 
1.8918822947e-37 
-3.6325066339e+29 
2.6997381008e+23 
4.6354764136e+13 
3.2701602916e+22 
1.2971356845e-12 
-1.1124683365e+32 
1.5996036276e+35 
5.5383927391e-22 
1.3268309570e+04 
-2.9675138729e+38 
3.9899287543e+17 
-8.6226853202e+29 
4.2270740509e+01 
3.9349820327e-06 
1.1401274874e-31 
1.2028617625e+19 
4.7636893873e-33 
-2.2633402809e+31 
4.2294207941e-16 
1.4088607532e-14 
6.0306333495e-14 
-6.4282183303e-05 
9.2903588666e-05 
2.8170343835e-10 
4.1274852076e-20 
-2.4897508777e+21 
-9.5127953831e+18 
-7.3368830029e-35 
-1.5414131644e-31 
-1.4842808474e-16 
-3.3190810279e-15 
-3.1700907857e-04 
-2.6030389786e+01 
-3.0367362901e-33 
-1.2466113049e-06 
3.6245469072e-25 
-6.3820248842e-01 
1.0703987990e-22 
1.7480925990e+16 
2.2618131812e-09 
-1.6088924510e-18 
4.2696547852e+03 
3.5725433395e+25 
-1.2598797805e-21 
2.3159832500e+06 
3.8346790243e-03 
2.2517381992e-15 
8.6592262268e+01 
1.4439591293e+25 
-3.0789107240e+14 
5.4048385839e-26 
-1.4187404070e-34 
-6.0513119633e+13 
-3.0284155628e-07 
4.3361148007e+16 
-5.0351786696e-19 
-5.1684912826e-16 
5.4014462701e-28 
7.6428272653e-27 
            nan 
9.5602446511e-37 
6.9622672699e-14 
9.6700626633e+13 
            nan 
1.1904005328e+24 
1.1628067651e+21 
3.4108511292e+34 
1.9589037364e-31 
-1.7206300911e-31 
1.8463414004e-34 
-1.7075227996e-17 
4.1838575790e-13 
-4.2114312564e-22 
1.9270553035e-12 
-2.4600920071e-26 
-5.2494593936e-18 
-2.3457276800e+08 
-1.0938061619e+11 
9.2071685575e-35 
6.7124929428e+00 
-1.1400287310e+33 
6.6783453767e-11 
-7.1761462333e-22 
-3.6640593750e+05 
-1.0723813375e-06 
3.8772197850e+34 
-3.8194329834e+02 
2.1641128960e+09 
-5.3504746094e+04 
3.5225675168e+37 
6.0662388990e-36 
2.2335389574e-23 
-9.6853956189e+20 
-1.4087333078e-08 
1.6881803458e-04 
2.1252808649e+22 
8.7474690415e+31 
1.9043810250e-36 
-7.8198951087e-05 
-5.9000314956e-28 
4.0557850959e+31 
8.2225590000e+06 
4.2967800000e+07 
-9.3704883262e-13 
-7.5474217665e+32 
-1.1290379333e+02 
3.4571725076e-34 
-9.2552626625e-18 
-1.6111624852e+21 
1.2019933397e-35 
-1.1102014863e-09 
4.4956901721e+34 
-1.0756716005e-24 
1.6558540047e-30 
-1.0187349228e-11 
-1.3381935547e+04 
-4.4568693524e+17 
1.8817172509e-30 
-1.5709378101e+31 
8.2489987063e-11 
2.1091080303e-28 
-1.7030446400e+08 
6.7259289324e-02 
-3.8002724260e+15 
2.4771599615e-21 
-5.7229449673e-39 
-1.4392555520e+10 
-5.3298635483e+00 
2.1199267083e+16 
-1.6931380871e+31 
-5.0839871480e+17 
-2.6353435000e+06 
-3.8820723330e+16 
-2.3267667090e-13 
-1.1557048116e-33 
1.5840117232e+35 
1.3573891655e-27 
3.0854344687e-12 
1.1482221245e+24 
-1.0182359777e+13 
4.9531974582e+13 
-8.2492955632e-17 
6.3557513072e+24 
-1.3896680635e+32 
-6.4139625309e-28 
2.7255175635e-02 
9.7703167778e-10 
-2.3346461483e-12 
-1.5985114621e+27 
3.6963803958e+31 
-1.0663134003e+02 
-1.4914450770e-34 
-3.6839306716e-08 
-5.9192646409e-25 
2.3745439947e-01 
1.2228897365e-12 
5.2953255343e-21 
6.4676615210e+28 
9.3444020877e-07 
6.1695478222e-24 
-1.3442856203e-11 
-2.0410243233e+30 
2.7376965766e+29 
1.2456906400e+08 
-5.5038273938e-10 
-2.8480709795e-27 
1.9071684653e-17 
1.2043452755e-34 
4.8891364863e+26 
-1.6434800929e-30 
-3.5253297815e-28 
-9.5944729166e+13 
-3.4674526420e+24 
3.6997649400e+13 
4.4289913603e-06 
-4.0134956810e+12 
1.4061195264e-10 
1.0186880329e-32 
-1.4394427989e-21 
3.7992195508e-20 
3.3198584627e+12 
3.9495538362e-38 
-9.2234029125e-07 
3.0239136007e+15 
-5.0995480494e+13 
-4.8918271874e+28 
-1.2976385106e-17 
-1.4703713122e-19 
7.5575096181e-10 
-1.0619801969e-16 
-1.5497324057e-05 
7.7437200000e+05 
-3.4964143185e+24 
1.2316476069e-28 
-6.7475400544e-23 
4.7503505036e-15 
-2.1464609601e-30 
4.6127979658e-08 
-2.4750335115e-09 
1.3388022316e+28 
-2.0179732172e-22 
-4.4950570555e-06 
-5.2647332015e-33 
1.1556950312e-23 
-1.7612476810e-08 
8.6322844051e-38 
-4.8673350710e-15 
-5.5075805594e+11 
1.1725231934e+03 
6.4009846455e+31 
1.2705509107e-05 
-2.6792869813e-24 
-9.6587175757e-11 
6.0318774259e+23 
-9.5207721915e-12 
-1.2056749219e+05 
-2.7097341825e+24 
-1.0421065092e+00 
-1.6817210670e-22 
-1.4905153774e-02 
1.0684409655e+28 
-1.7083260417e-01 
-1.3068614586e-16 
8.6354225082e+32 
-1.8056003757e-20 
5.7357430539e-25 
-7.3936140440e+19 
4.2270783995e-20 
-4.0412109159e-20 
5.1527529677e-30 
9.9337272887e-22 
4.5568802816e+11 
9.4373356619e-19 
-3.4257571779e-10 
-1.1456602611e+18 
-1.3748169586e-33 
7.1229067023e-30 
2.6885989335e+12 
5.9573739767e-01 
-5.9150395000e+06 
3.5174222476e-12 
1.8297612234e-31 
3.8856378527e+20 
-2.0323481161e+17 
1.7867169648e+14 
1.4093169729e+20 
8.3572220970e+16 
-9.2761451759e-24 
-9.9268698079e-20 
7.8237816484e-29 
4.3030735850e-01 
-2.6045413656e-12 
3.3246618136e+16 
-8.7367997440e+09 
4.5164057617e+03 
-4.2516883347e-09 
5.0547531321e-31 
-2.5395131961e-13 
9.6157817841e+00 
1.0082830759e+37 
-4.2205565431e-11 
1.1300514691e-10 
-2.1570352258e+16 
4.7601595650e+21 
1.6265996250e+06 
            nan 
3.7217172817e-34 
3.6349362772e-31 
1.6251938972e-37 
8.9365397504e+10 
-1.0674532800e+08 
-6.8816947861e+23 
1.0921336722e+31 
2.4926715852e+19 
-5.3077981328e-14 
-1.5505283618e-34 
8.6572408848e+24 
2.5933528658e-09 
-1.2052968509e+19 
-4.0206196875e+05 
1.4548145882e+20 
-4.8294217543e-36 
5.9838129045e-16 
-2.4542986633e+15 
1.6318380800e+09 
9.6344987116e+35 
-1.6974839952e+19 
-9.3455378022e+11 
4.5227534283e-13 
-1.7167815358e-28 
5.1435198196e-14 
-3.4005318467e+33 
1.0080259203e+38 
3.0387737436e-22 
-1.3837799454e-20 
-1.3196440800e+08 
-1.1168494444e+16 
-3.2671679906e+13 
1.0103437446e+15 
-1.8217302016e+10 
4.6792210812e-14 
3.9010426402e-01 
4.6844596875e+05 
7.0068984597e+33 
4.6554677622e+22 
-2.4713440497e-21 
1.5735518192e-33 
-7.2797706334e-37 
5.4081879225e+15 
-8.1775604753e-16 
            nan 
-1.1930070316e+22 
7.8256836775e-12 
-1.1360762197e-18 
3.5555867433e+16 
2.7854228146e+30 
3.9218936432e-10 
-7.1493198828e+31 
5.7905966080e+09 
-1.6110739784e+12 
1.0768634411e-06 
4.6010108000e+07 
1.3427597353e-34 
1.1061603310e+38 
3.4267874649e-10 
1.0709851520e+09 
4.0707044284e-19 
1.3149771623e-19 
-7.4618915491e-09 
1.0974027996e+32 
-1.3382738237e+37 
-1.8107516419e+28 
-2.6293803530e+18 
2.6274100282e+18 
-1.0686863708e+02 
1.8345500902e+22 
-9.4233125812e-35 
-3.0711164000e+07 
-8.9821461841e-20 
2.3600359000e-08 
-1.1036763717e+18 
-3.3303446606e-21 
-1.2270520665e+32 
3.9727364592e-16 
3.6425417726e+37 
-1.9009304144e+35 
3.8244185609e-32 
1.2882904207e+21 
8.5460269451e-01 
2.4592887980e-28 
1.0298353976e+30 
3.2788554449e-07 
5.2768674846e-11 
-5.0696363011e-24 
8.4349668551e-20 
8.9534372091e-01 
6.5127166881e-26 
-1.1847020263e-29 
-1.9682300517e-38 
4.9853437386e+29 
-7.6141799354e-07 
1.4117951000e+07 
7.5984057617e+03 
5.2531808615e-01 
1.2192200327e+20 
1.4766417174e+35 
-1.7977305711e+30 
1.7722367356e-13 
-2.1102917059e+13 
-1.0511062658e-30 
1.6948984832e+10 
-1.5713888613e+17 
2.4252068030e+14 
-3.5793331917e-03 
5.3777760227e+19 
4.3074030797e+11 
8.0776763677e-21 
-8.4467612199e+32 
-3.9218864608e-28 
1.7738123047e+04 
-1.4170760560e+32 
3.9059859832e-28 
-1.6528700590e+00 
-3.0742030810e-27 
-1.1733617050e+11 
5.9616286841e+14 
1.6850624885e+38 
4.0272235725e+11 
1.0256053154e+36 
1.0721470937e-15 
3.3839768552e-13 
-3.6615197500e+06 
-1.0824486907e-07 
5.9372259521e+02 
-1.8468703032e+00 
-9.3504709005e-01 
-4.1431576556e+29 
2.1645193723e-37 
-9.4961382324e+32 
-3.6083549262e+17 
-7.5339451529e+21 
5.5347579853e-09 
2.8177773835e+14 
-2.6651124535e-38 
7.6483738093e+25 
7.1582368576e+21 
4.0414482783e-07 
1.6459237761e-18 
9.4841973296e-26 
-1.9983542995e-20 
1.9134601363e+22 
-5.8602526607e+34 
-2.7114418349e-11 
-3.3335719109e+00 
2.8014125805e-17 
5.9683423771e-15 
2.5485956072e-38 
3.5540684800e+10 
-1.2333583190e+38 
1.0310053888e+10 
8.6913086013e-34 
-4.4991738281e+04 
-4.2192665629e+30 
-1.1694034656e+30 
1.7122910603e+24 
2.2620341854e-36 
            nan 
7.9082216036e-13 
-5.6531156468e+13 
-3.3848415891e+37 
-1.1458675658e+20 
5.5205085315e+13 
-1.0850818508e-11 
-5.1142137400e-12 
-5.9161089181e-29 
-1.5967516118e+35 
4.3630996875e+05 
2.6353422830e+17 
-9.6875212154e+16 
1.2586287260e+00 
-2.5138892635e+38 
-5.0833880120e-35 
9.7662103271e+02 
-3.2465668482e-05 
-1.3752005696e-37 
4.6013916940e+31 
-5.4719231829e-20 
3.4286729023e+23 
-2.1654693406e-36 
1.4393985136e-11 
-4.2629816227e+30 
-3.4431253749e+37 
-7.4566528000e+09 
-2.2123694124e-28 
-2.5783894584e-02 
4.6848047799e+29 
-3.9796897147e+33 
2.3289302771e-04 
1.1873139556e-05 
4.9563778760e+29 
3.2004478000e+07 
-2.3665854907e-14 
5.0556640456e-17 
-3.7027145386e+02 
2.1263384058e-17 
1.7125215024e-08 
2.0673968104e+32 
-6.0813265009e-05 
3.0556654451e-07 
-6.1148654902e-29 
-5.6252681732e+01 
8.7898828800e+09 
4.2915887510e-10 
-9.0527716375e-31 
-1.0401520917e-16 
-1.4726540446e-01 
-2.4060362114e+24 
1.1139006961e+23 
1.9399926066e-01 
-3.3684627851e-04 
-2.4597865486e+33 
2.0964781960e+35 
-2.7854756951e+26 
1.0793578660e+12 
-4.9473455639e+36 
-6.6176022873e+16 
-1.8609432795e+37 
-1.1259678701e-07 
9.7847048180e+29 
2.4631583528e-06 
8.1352931310e+18 
-1.0126034937e-39 
-1.0089643511e+30 
-3.8099406582e-33 
2.1240724800e+08 
-2.2056668392e-27 
-4.6705510992e-37 
-1.9606861906e-16 
1.0440810547e+04 
3.9868282329e-05 
8.1598396922e-28 
-1.7496930933e-24 
1.0823729600e+08 
2.4731176065e+20 
-1.7151563168e+00 
-3.6766119735e-25 
-1.3800211448e-14 
-1.2809877371e+24 
-5.8359353261e-07 
-2.1284473021e-24 
-2.7089509485e-28 
-2.0444121094e+04 
1.3535842516e-39 
2.1099292123e-38 
1.1441060547e+04 
3.0116988000e+07 
1.3748642802e-01 
1.8973751068e+01 
1.3816050050e+21 
2.2854954646e+21 
8.1171386957e-29 
-1.5289035602e+17 
4.4678538034e+26 
-1.7933918536e+12 
4.4916520571e+30 
2.8368543636e-27 
-3.0201266307e+13 
5.8710432072e-09 
-3.4442263313e+21 
8.7716800939e-21 
7.7834457397e+01 
5.9229636590e-26 
-1.3351106092e-19 
9.7358479809e-18 
7.7699799040e+09 
-3.1621772995e+18 
-1.3417298195e+37 
-8.8288250845e-04 
7.3424589573e-06 
-2.3325352669e-20 
-9.5858830242e+26 
-7.6576570756e+23 
5.2706990080e+09 
2.0992121094e+04 
4.0568936157e+02 
-3.2088990625e+05 
-4.5704504084e-37 
-5.8799271455e+22 
3.2125146484e+03 
8.6754753381e-10 
-9.7693223036e+16 
-2.2498174805e+26 
-2.0708180791e+15 
3.0100542666e-29 
-1.3879101384e-22 
8.9237191042e-14 
2.0906684452e-26 
7.2931105504e-28 
-5.2567765903e-23 
-1.3919492324e-22 
9.5304983864e-24 
-3.6699877819e-04 
1.7107534139e-11 
1.0886113990e+24 
-2.0719707083e-21 
1.7492334497e+16 
9.5885299200e+08 
-1.7144470288e-09 
-6.7669189187e-18 
-2.4935791549e+34 
1.5130477500e+06 
1.0867914002e-32 
3.1872838108e+29 
-2.0183621685e-30 
1.0952991943e-05 
1.3351920913e-21 
-1.5165430959e-03 
2.5359563223e+38 
-1.1945885576e-34 
-3.1157337598e+32 
-9.0769771614e-27 
1.5928085447e+13 
-3.8753394701e-34 
-1.7381020328e+26 
-5.9401688754e-14 
4.5844090271e-35 
-3.0333968917e+25 
6.3851852293e+36 
2.3277626752e-17 
-5.1256128973e+15 
-2.3273345083e-02 
7.6259263144e+31 
-8.0532976000e+07 
7.2017779906e-16 
-1.8957757496e+19 
2.7852424403e-18 
-7.0579324074e-07 
-8.9465639758e-12 
1.7956718038e+14 
7.0717005896e+16 
-1.1076402672e+28 
-7.3770657305e+35 
-1.2027569517e+26 
-1.8718201257e-34 
-1.6687194745e-33 
-1.1637112948e-27 
6.2630002367e-14 
9.3734218389e+17 
2.1170826240e+09 
1.9744218318e-19 
1.7688799032e+19 
-1.0140655190e-01 
1.5756895312e+05 
1.3548815248e+15 
-9.4954071272e-09 
-8.3762614593e-19 
4.4817929980e-21 
-7.9342310550e+22 
2.6648366847e-10 
7.7728962975e+20 
-1.3243912753e+21 
1.0676855566e+26 
1.6506432587e-14 
1.3867597666e-19 
-1.4145432040e-02 
8.3065987500e+05 
-3.6224715396e-19 
7.5896291733e+00 
1.7433064679e+33 
1.1746726990e+02 
1.0037649408e+11 
-4.4195847163e+37 
2.8687594458e-02 
9.3968783360e+09 
5.9582906839e-27 
-1.5940245628e+01 
1.8922864012e-38 
6.3768610954e+00 
-2.0851957843e-25 
-2.8383909225e+01 
2.4659316614e-29 
-2.2182355679e-05 
3.3479119781e+27 
-4.4427349034e-14 
-7.6557112806e-24 
2.3052693906e-19 
-2.3512393712e+13 
-1.9963673468e+34 
-6.4073664703e-21 
4.5352717646e+25 
-3.5519424769e+25 
3.5864261445e-03 
1.2642264404e+03 
-3.4290141568e-18 
-1.4019476657e-04 
-4.1269403688e+20 
4.1492782230e+20 
-1.8327721175e-36 
-3.8333766330e+22 
-2.0774916629e-04 
5.6457357819e+25 
-1.5759530505e+36 
1.1636323840e+09 
-2.6476629974e+30 
-1.2021335951e-37 
1.3995841991e-24 
-4.6027414501e-02 
-3.1106079182e+14 
2.7548351201e+12 
-4.9302872500e-28 
4.1998086108e+20 
-8.0069306372e+21 
-3.6782141706e-06 
-1.4463195460e+33 
-1.9661001740e+27 
-2.5591086888e+26 
-6.1979949353e-23 
-4.9588899762e+20 
-1.6056216054e-06 
-1.9246303932e-36 
2.2673931141e+30 
-2.1486235648e+10 
7.6826651115e-22 
1.3258810369e-33 
2.0707424328e+36 
7.3559530440e+20 
-7.1234193258e-21 
-1.4390800637e+15 
2.1344247325e-32 
1.1149458809e-36 
3.4481695650e-26 
1.3927364623e+31 
-1.7391811674e+27 
6.4181430000e+06 
-3.2260955000e+06 
-5.2865785856e+10 
3.3588212729e-01 
-1.4945440888e-31 
1.3680143184e+29 
1.6114698553e-07 
7.6573346347e+20 
4.3631203200e+08 
-1.1736667733e+22 
-6.5460217600e+08 
1.0841683388e+20 
-3.0486498742e-11 
8.8943204707e+21 
4.8887688070e-38 
-1.2115545401e-21 
2.4167726970e-22 
-2.6709512981e+27 
8.2729714325e+26 
2.2107591228e+24 
-7.2535491738e-16 
3.8009942489e+15 
-4.9496046151e-10 
5.3232904524e-02 
-1.7370005926e-25 
-7.0489998387e-12 
6.3383453631e+31 
3.3891545421e+38 
-9.9628683529e-05 
-4.0779995000e+06 
1.3434703699e-35 
1.8591096544e-12 
1.5365935611e-24 
-1.5269910595e+31 
3.0430894902e-26 
6.5720628928e-37 
3.1768836928e+15 
-6.9903484375e+04 
2.8619166464e-02 
3.4131633808e-28 
-5.3490314167e-04 
7.6611321355e-25 
-2.0309067622e-04 
4.5472742089e-17 
1.1278884393e-26 
1.3169248299e+29 
-1.0094321585e+19 
-4.5347777009e-01 
-7.2491843456e+35 
3.2798887879e-28 
5.9992630000e+06 
-1.3317687995e-19 
-3.1791121094e+04 
5.9482875963e-28 
1.0746013928e-14 
2.3180068520e+13 
-6.6072119024e+16 
-4.5743338290e-21 
1.7701161896e+22 
-5.4402106308e-33 
-4.1513736360e-03 
3.1310788849e+30 
2.5198990476e+35 
5.9297957478e-07 
4.2245504761e+02 
2.4926266646e-25 
-8.1224910915e-02 
-1.0821848050e-20 
1.1676574515e+11 
-1.3521729968e-02 
-6.3398413928e-38 
-5.6314805551e+21 
-7.2344591578e+37 
6.3513425205e-13 
-2.5090963579e+17 
1.1324311523e+04 
-3.5672159671e-12 
7.1902210265e-24 
6.0785400391e+01 
-1.1310595703e+02 
-4.2160128000e+09 
1.0466648719e-32 
-7.3061052330e+19 
-1.8740942141e+31 
-2.7373888162e+15 
-1.0056344012e+32 
-2.1840454102e+01 
2.9223266602e+01 
3.1099706093e-31 
-8.7507456000e+07 
-1.6029032353e+18 
-9.6634305332e-29 
1.4922526376e-13 
2.3247326681e-05 
2.9529339317e-35 
-1.5043630023e-36 
-5.2265969330e-11 
4.4602051160e+31 
-5.4108968470e-06 
7.4165244671e-35 
1.5920086814e-17 
-3.4261017975e-25 
-1.8024644666e-35 
5.7427122953e-12 
-4.8563228889e-25 
-2.4883451713e-24 
4.4686413105e-39 
-1.6946863401e-25 
2.8999800120e-33 
-1.9061718291e-27 
-1.2526606783e+18 
4.8921499740e-08 
-1.3214342594e+00 
2.4442148744e-14 
1.0850229011e-17 
-3.7459848633e+03 
-3.4247039424e-37 
-2.3676061321e+28 
-7.5713735913e+35 
6.1048362388e-33 
-8.5272499200e+09 
8.3872535000e-28 
-3.2960399109e+29 
-5.2601092000e+07 
5.3593062340e+17 
6.5788929638e+11 
1.5275464239e-19 
4.3108206250e+05 
7.9522018852e+27 
-1.0373447209e+26 
3.3192257812e+04 
-4.8118197706e+36 
2.3575866229e-34 
-7.3118482021e+19 
5.7678616047e-01 
-5.5675164740e-23 
8.5444229843e+35 
8.2178772232e-08 
3.1924595833e+00 
4.3651361363e-20 
-2.8382595064e-17 
1.5255625378e-33 
-4.7716604332e+28 
-2.3040321821e-12 
2.6393919004e-38 
1.6192555520e+09 
4.1398875268e-28 
2.1989220007e+37 
-1.6908030881e-29 
1.4445920256e+11 
6.1520741218e-19 
-9.7550004774e+17 
4.9820539599e-29 
-2.8753988308e-31 
-5.8994078285e+28 
-1.5114931723e-28 
2.4906032754e-29 
8.2843034190e-14 
-5.0537340485e-24 
-3.6093267264e-10 
3.0141883799e-34 
2.4410252571e+00 
1.8655213485e-10 
7.8904131998e+18 
2.1752061519e-16 
3.8915075200e+08 
4.2729773535e-35 
4.6003556871e-37 
5.1218283597e+32 
-7.5501164800e+08 
8.6514256461e-16 
1.3537927546e+32 
6.5353450884e-35 
8.0830507812e+04 
-5.5316295726e+27 
1.8622973346e+30 
-1.6371057592e-35 
4.2424568718e-24 
-3.3429888916e+02 
1.1815890780e+23 
2.7951896650e-38 
-6.3157411569e+21 
1.3018155520e+09 
-8.3617610000e+06 
1.4350962587e-36 
1.3932274156e-35 
7.6943943277e-03 
-1.3819931787e+13 
-1.3464639258e+15 
-2.6393709675e-32 
-1.8276825572e-26 
4.7365278271e-32 
6.8429215545e-37 
-2.0742928371e-22 
5.3056354371e-36 
1.9511583817e+24 
2.0760979930e+18 
-3.2295626953e+04 
1.9770797261e+11 
-1.8888880292e+12 
-1.0083431334e-07 
2.9299057132e-05 
2.3368373047e+04 
1.4875037725e+19 
-1.9099242305e+25 
2.3472732807e+36 
-1.0606423442e+33 
-3.0213847641e+38 
1.4542094316e-36 
2.8139159405e-11 
9.1239334578e+22 
-4.7375296102e+11 
-9.7332744000e+07 
-1.1448001000e+07 
-9.9902229571e-21 
-1.4219567774e+29 
1.3354779780e+25 
1.5617442841e-04 
5.1896449217e-24 
-1.1392975872e+10 
1.4689795834e+13 
1.2919715118e-05 
-7.3907902697e-04 
-7.9738803528e-30 
-1.8972320409e-15 
-2.6875487847e+30 
-5.7404781915e-25 
7.9496712000e+07 
-1.0571344796e+36 
-9.6877943194e+11 
-9.3300065099e+30 
-2.6413429538e-20 
1.7988185914e-16 
6.2444189607e-30 
1.0086399016e-05 
-2.2695476171e-38 
-1.0434233673e-06 
-4.0511471616e+10 
4.4477750000e+04 
1.3620666696e+12 
1.4109120000e+07 
-1.4539495076e-37 
1.2872979671e-18 
1.1677756732e+24 
1.2693780136e+26 
-9.1624971439e+30 
3.9821731236e-30 
4.0726719169e-26 
-6.1809387207e+00 
-8.9316584079e+18 
-5.4688695818e-02 
-5.0265538691e+24 
-4.7453907407e-20 
-1.6962432570e-09 
2.0492050618e+38 
-1.4119196461e+23 
2.5422020477e+14 
-3.2621620954e-27 
-5.2567451107e+13 
-4.2972854657e-24 
-1.2324539772e-21 
5.3007120259e-26 
2.6544424952e+27 
-4.6667495296e-17 
-1.2237022581e-29 
-9.5051905373e-04 
2.7406905933e+23 
4.0067253348e+24 
-2.7126767543e+38 
-2.6175936103e+20 
-3.0126595663e-12 
-1.0510365702e+21 
-3.3206545305e-20 
-1.2346499716e-06 
-1.1583423718e+16 
1.3247661470e-18 
-4.2452177272e-23 
5.9931046796e+29 
1.5211865545e-08 
1.0148968834e-35 
3.2689159365e+27 
-3.3270741159e-24 
-4.9829632000e+07 
-4.7114409416e-28 
-6.0691171508e+23 
5.2565611328e+23 
4.4108237295e+37 
2.9398006382e-15 
-3.7566493491e+11 
4.3467588239e+12 
1.0308670278e+19 
3.8850974507e-34 
1.3753761399e+13 
-4.2613032460e-01 
2.5395096810e+19 
-8.9521115854e-08 
-6.7579154482e+32 
-3.0861822890e+29 
-6.5422340915e+11 
-5.7473254055e-24 
-3.0296459010e-34 
-1.6825486422e+00 
-1.3101381774e-04 
3.8376709816e+12 
5.6708879392e-24 
-1.2898692254e+33 
8.4942006250e+05 
-7.7251394259e-07 
1.7610626000e+07 
1.3652789192e+14 
2.6821079479e+28 
1.5520091786e+18 
-6.5756336487e+35 
1.5703783092e+21 
-1.8905743388e-26 
-1.5041606543e-25 
2.2586341745e+32 
4.2682222448e-30 
1.0960016372e-33 
-9.2371582976e+11 
-2.8745542058e-10 
-4.5898006528e+10 
-2.0882487785e+19 
5.5586377408e+36 
-3.9486646652e-02 
1.6492224000e+07 
6.9294725206e-26 
-2.2160674386e-28 
-2.3995409720e-05 
-2.0504902298e+17 
-1.0161310535e-31 
2.6215487306e+34 
-7.7355224743e+28 
1.6627095491e+38 
-4.0882289699e-29 
-4.6524149936e-20 
-4.0260968502e-37 
7.6493904413e+13 
-6.5404712896e-14 
-1.7596158789e-27 
7.2882304847e-31 
-1.8324561030e-34 
1.2809739960e+15 
2.8164942221e-37 
1.1396014088e-07 
-5.7414147032e+37 
-1.6030948252e+16 
6.3075454330e+36 
-2.7058965053e+13 
1.8150880933e-03 
2.7259162983e-35 
-8.5569752906e+26 
-1.0855180440e-23 
-9.6867752075e-01 
-1.0584201645e+32 
-7.2185363770e+00 
1.8899707031e+02 
1.0447832321e+23 
-1.5560686403e-31 
-1.2365109387e-19 
-7.1290355583e+29 
1.1820822099e-11 
1.8993805672e+15 
-7.9898327537e-14 
-1.8951328125e+03 
5.6595910602e+30 
-3.5589172756e+14 
-1.3852326357e-31 
2.3169018972e+17 
-2.8734015167e-11 
7.4475181577e-10 
5.3131520000e+07 
-1.3064550781e+02 
            nan 
-4.7581233152e+11 
-1.3663742582e-16 
2.0560668945e+01 
-1.7159968024e+17 
2.7402269387e+25 
-2.8423308152e-10 
-3.1431720960e+10 
-1.1622641619e-33 
2.3711132130e+32 
1.8825148344e+00 
-4.5494514613e+19 
5.1713600972e+16 
-1.3190684989e-08 
-3.0922111286e-34 
1.2274361500e+22 
-2.6375156848e-31 
2.3735077922e+23 
-1.5625307077e+19 
-5.4729453041e-06 
1.0937173717e-30 
7.7509187500e+05 
-2.8711584701e-32 
4.0308309305e+17 
9.6412197670e-11 
-1.1753971297e+35 
-8.7151703652e-32 
2.8711158112e+26 
1.1348248438e+05 
3.7360285864e-22 
1.0626070013e-16 
2.1411099752e-36 
3.8127751522e+19 
1.3221251247e-16 
-1.0419896796e+35 
3.0591771007e-01 
-9.3186949279e-26 
2.9790808431e-18 
-5.8910508263e+35 
-5.2492916584e-03 
-1.1441773991e-17 
4.7099693937e-14 
6.1267171092e+24 
1.9856933707e+20 
9.0831863595e-29 
5.5106568198e-09 
-4.9294030759e-06 
1.4284003018e-26 
-7.4243095048e-23 
-3.1342124873e-17 
-2.5947979849e-33 
-1.9698312863e+28 
-5.9894318838e-08 
6.8684161734e+34 
3.4828728456e+19 
2.7103115002e-24 
-1.7467121083e+22 
-2.2165261803e+23 
-1.2520271926e-18 
-5.6554889799e-24 
-5.1382080000e+06 
1.4285924673e+20 
-7.5312960000e+06 
-1.6989377505e+25 
-7.4270697929e+34 
9.7977424776e+36 
-4.1959471108e-16 
-4.1555989627e+12 
2.0373598777e-16 
-3.0825028387e+19 
5.5203735828e-03 
-1.5268684386e-36 
-2.8021901285e+22 
-9.1459396959e+30 
-1.5866760254e+01 
-5.3524873296e+36 
8.9572970868e-38 
2.0006324051e+24 
-1.4381687708e-16 
2.3252092358e+30 
1.1460113596e+13 
2.0179863767e-38 
-2.9433224345e+36 
-1.8292990462e+24 
3.2467625000e+04 
-3.0863720694e-28 
1.3908058732e-13 
3.7461688320e+10 
4.2609416429e-15 
2.0059914240e+10 
-2.7698437399e+38 
7.0923407508e+22 
1.0097276068e-34 
-3.1869726442e+33 
1.7441006551e+12 
-5.2431183939e+19 
-5.9388753472e-31 
5.5465816454e-21 
-1.3724050004e-16 
2.3055351808e+11 
-7.5201610616e-19 
7.8863139800e+24 
2.6648239136e+02 
-3.8240050808e-32 
-1.8442734927e-19 
-9.2051778437e-26 
-1.4136965764e+32 
-8.8828820347e+24 
2.8392711782e+11 
-6.5753543694e+36 
2.2246127148e+35 
-1.8065745702e+17 
2.8428982928e-31 
-3.1793888411e-08 
-2.7276896121e-17 
-6.5947006078e-08 
-1.5861431665e+12 
-2.2265089078e-13 
-2.1362143679e+36 
1.2333003000e-15 
-9.9852905273e+00 
2.0353683701e-21 
-9.4791262597e-31 
4.7097898914e-09 
4.0476834329e-08 
-5.7435535602e-34 
2.3522741914e-14 
-3.3338704383e+16 
2.9828002611e+11 
4.7408169360e-18 
-8.2364305854e-04 
3.2800847390e+23 
3.3373388800e+09 
2.2270680333e+28 
3.0694652301e+38 
3.3752360463e-25 
-2.2325141512e-17 
5.4576201364e-05 
-7.3194026947e-02 
-3.6233367920e+00 
-9.1354586176e-23 
8.0278437500e+03 
3.1035002042e+31 
5.7679869665e+25 
2.0715291868e-16 
8.5084152222e-01 
-5.2319921875e+02 
2.0086319268e+37 
-3.0697400177e-10 
4.4363318638e-27 
1.3165818848e-32 
2.1525292189e+20 
6.6086080000e+06 
-2.2059230560e-36 
1.9949551616e+10 
1.4813745980e-18 
2.7194878135e-35 
5.5655844483e+22 
-1.6642349861e+22 
-4.0090817492e-06 
3.9361284821e+18 
-6.7022334307e-38 
-1.8623418000e+17 
1.6543252655e+21 
2.5481291925e+17 
-1.4567178337e+28 
-1.9723339844e+02 
-2.2130055989e+37 
1.4363525125e+17 
1.2611195619e-18 
2.8883248413e-28 
-2.8092003550e-14 
6.3893993750e+05 
1.2925558201e-36 
2.2784591956e-30 
-8.9623037708e+23 
2.2947742672e-29 
-9.0508481423e+23 
1.5180161152e+31 
1.0593391805e-13 
-2.9308744499e+11 
-9.5290968918e+37 
-1.4773057104e+38 
2.9306159506e+20 
-4.3641951563e-26 
6.6801501209e+13 
1.7405581646e+22 
-3.6661997497e+21 
-5.2239785984e+10 
2.6725832458e+13 
-3.3477200849e-25 
-2.4323823720e+20 
-1.0952283074e-27 
1.8706332601e-25 
-2.4798294653e-31 
-8.7403945119e+18 
-1.4843575303e+36 
-2.8387290513e-05 
1.0892891136e-13 
4.4469129223e-35 
-3.7477205233e-28 
4.0439183067e-05 
-6.2822269609e-10 
1.6527517516e-24 
-1.3075355334e+20 
-1.4339406692e-24 
-8.8840020624e-27 
9.6550997917e+33 
5.3516088599e+21 
9.8491448443e-04 
1.0699891299e-01 
1.2067927746e-03 
-2.6684686460e-08 
2.5114461860e+19 
1.1542405102e-28 
8.9195615234e+03 
3.7207446400e+08 
-4.0006041604e+31 
1.2232495723e+24 
-6.9592626316e-28 
7.3232215072e-05 
1.6153921256e-10 
2.1372960354e+29 
-3.3241855137e-27 
3.6697884776e+27 
8.0018112203e-04 
7.9832271064e+33 
1.8156123047e+04 
-6.8043250486e+27 
2.6531357500e+06 
-3.7881153680e-22 
-2.5191700000e+05 
4.1109876799e-24 
-5.7570329306e-27 
-2.0875776000e+08 
-1.2186976539e-27 
6.1753918434e-37 
            nan 
-2.0865152000e+07 
-3.4769440000e+06 
1.0851649568e-34 
1.3638355416e-18 
2.4346727878e-04 
-1.6932128906e+02 
-2.2662871579e-11 
8.5349200000e+05 
7.3440546441e+24 
3.2400916057e-17 
5.1058250000e+04 
1.0278351075e-29 
3.6084340584e-23 
3.4083945667e+19 
3.8626698464e+20 
-1.8647033721e-04 
-1.8620952173e+27 
-6.0370254517e-01 
-1.3034729004e+01 
-3.7339955200e+09 
-4.6866247430e-05 
4.1307187090e+34 
-3.6237820648e+35 
2.3133327486e+30 
-1.2510920410e+37 
1.1216510672e-31 
-8.3405681242e+27 
1.5609692160e+10 
-3.9854600000e+05 
4.2580541049e-07 
2.1350988354e+36 
-3.9312896729e+00 
7.1703980211e-06 
1.0537414551e+01 
2.9131732377e+15 
3.0092416000e+07 
-1.3922632206e-05 
-5.5179748535e+00 
4.4524214418e+23 
3.2810297301e-36 
-1.2863246781e+34 
-4.2355256197e+12 
1.3152650149e+15 
4.2866625741e+12 
-6.9417779200e+08 
-4.9335484023e+13 
-2.1661400795e-02 
6.4362560000e+06 
1.1446435282e+24 
1.2159875000e+35 
-6.5885103172e+30 
-2.6234516781e-09 
-7.6334283266e-25 
-9.2866071496e+17 
-7.4436160000e+06 
1.3259801972e-31 
4.1980529204e-05 
7.8981440000e+06 
1.9740878750e+06 
-1.3853804811e+30 
3.0937203403e-31 
4.8807176078e-09 
4.4967277063e-05 
7.0916492188e+04 
5.5064966201e+13 
-3.1126278871e-26 
-4.5814865845e-26 
-2.6042416944e+32 
-1.8730564202e+28 
-1.3161674526e-37 
-4.9910975251e-27 
1.1771561610e-14 
9.5845380565e-04 
3.3671716309e+03 
3.3675935970e-31 
-6.5178466688e+31 
-4.7876111699e-29 
-2.0260298438e+05 
7.5663997621e-23 
-1.0832872593e+27 
-4.3369248572e+32 
-5.5761483964e-06 
-7.7907207004e+19 
2.7890485342e+27 
1.5143263675e+22 
6.0353714076e-28 
-3.4245090576e+28 
-5.9099521609e-16 
7.9960420467e-27 
9.9540795392e+10 
-1.8286737031e-06 
-4.0525756776e-04 
8.5072239133e-27 
-1.1997256218e+38 
1.9780048910e-15 
-2.0815074528e+20 
5.4049769380e+34 
8.4324318559e+21 
3.2831132561e-15 
-2.8825913281e-34 
2.8913024000e+07 
1.1883540106e+26 
-1.1598344219e+24 
-3.5802680289e+22 
-4.1215078225e-14 
-1.6141681087e-28 
5.2577586555e-31 
-3.8676084557e-10 
1.5686925092e-31 
-2.0213834082e+16 
-1.4216943045e+15 
-1.1041751040e+09 
-5.5660278172e-31 
1.0792450111e-36 
-2.7259246237e+30 
1.9419587255e+14 
-2.0384449101e+26 
-2.6737336134e-17 
1.8628478050e-02 
-2.9902700313e-23 
6.8889126673e+28 
8.8117820949e+37 
-1.9496602366e-34 
1.3860437500e+04 
-3.9837951247e-37 
5.5125909608e-35 
-2.5491440618e-23 
1.0741075585e-08 
-5.4660750000e+04 
-6.6424245261e-28 
3.8612614984e+15 
9.9400040199e-08 
-2.6712470579e-38 
2.2416291274e-39 
-2.4027657949e+36 
-1.5614953774e-11 
4.4998553494e-13 
-2.1720937267e+11 
1.3187191258e-17 
-5.5127233548e-17 
-1.0682459151e+18 
3.2186718750e+03 
-1.0386074797e+19 
-1.1220548374e+14 
-3.3361098833e-21 
-2.2107306599e-21 
3.0105518674e+22 
-3.3490493960e+22 
-3.4252510335e+33 
-3.8408048153e+00 
-1.2054137957e+29 
-8.5310981573e-15 
-2.9910636277e+29 
7.6218844227e+18 
-7.9103276809e-19 
3.7631620326e-26 
2.5054740863e-35 
2.3319133021e-17 
-6.1777613363e+37 
1.8962465883e-35 
1.7700829225e+25 
1.3517270168e+20 
-5.1440743634e-32 
-1.1772218267e-36 
-1.8963751580e-35 
4.2381284609e-30 
4.0444043660e+27 
-3.2270284700e+37 
8.3634089843e+20 
-9.8582051575e-19 
7.9938325734e+37 
-4.0210424540e-34 
1.4546442053e-23 
2.3399047780e+24 
2.0381346130e+02 
-4.8316952620e-32 
-1.9734912106e+19 
2.3926233732e+38 
9.1540625000e+03 
1.3316287624e-24 
-2.2546464606e-07 
9.9837388288e+33 
3.5063906250e+03 
6.1075706119e+30 
6.8537565467e-35 
4.3415765407e+35 
-1.1345900527e+24 
-4.6285756790e+37 
7.5625722934e-34 
1.7334592748e-35 
-3.1137356820e-28 
9.3087328765e-37 
3.9835325901e+33 
-1.5782200927e+15 
-1.2553676800e+08 
-1.1337078831e-07 
1.8043971016e-38 
2.0118592845e+20 
-1.0603372304e-35 
-1.0220200000e+06 
-4.7133829185e+24 
1.7789275736e+31 
4.9691603384e+16 
6.1553869801e-21 
-1.3342048961e-32 
-7.5835711631e+32 
-2.6810355484e-04 
-5.8318362422e-30 
1.6696066751e-10 
-4.4985698608e-32 
5.1290566844e+27 
-6.5793457031e+01 
1.4821812500e+04 
-1.9552940732e+20 
3.1350015470e+28 
-1.0104138698e+36 
-2.8437232971e-01 
6.0678828196e+12 
-3.0585670471e-01 
-1.2433447409e-05 
-5.8962825733e-09 
2.4537475996e-38 
1.0081126219e-28 
1.1720507302e+35 
7.8325117141e-36 
-2.3483039493e+17 
8.2669640465e+17 
7.2662712320e+09 
-1.6301977129e-13 
-7.4083873259e-16 
2.2186268032e+26 
4.5569000000e+05 
1.2244060636e-03 
4.0309250000e+04 
3.7949486589e-29 
-2.2303281250e+03 
2.1119078444e-34 
1.1755707580e-33 
4.5088436814e-33 
3.2467042834e+38 
1.5297480992e-30 
5.7902312035e+22 
2.4067021210e+11 
4.7946581617e-05 
1.0714262101e+34 
3.1980175303e+17 
1.6476287274e-03 
-5.7075012586e+34 
-8.9136131676e+32 
1.6226576567e+00 
-2.7847138379e-38 
-2.7427858315e-20 
-9.2092779943e+35 
3.4409520030e-01 
1.4358438188e+34 
1.8238401178e-38 
-7.7600566341e+31 
-1.4439401719e+22 
4.6149587433e-05 
-3.8319755800e-20 
-1.0809255876e+36 
-5.0955004000e+07 
2.6072098007e+31 
4.4668448459e-39 
-1.0622667333e+26 
2.0071438147e-30 
-7.1407053575e+22 
-2.4217364720e-36 
7.8857941071e+30 
3.3670219711e+36 
2.6388311898e+29 
4.9562567592e-14 
8.9754037840e+29 
1.8937971097e+15 
-1.3427693395e+19 
5.4538488388e-02 
-1.0349089207e-14 
-3.0765478960e-34 
-9.7139007948e-10 
1.9460910055e+28 
-5.0999040000e+07 
-1.2070522402e+14 
5.8554606224e-34 
-7.5680319944e-31 
3.0621977967e-27 
-1.3874534088e+25 
-1.8824391721e+27 
-8.3932305550e-12 
3.7895686589e-11 
1.8311752115e-09 
-3.6175331416e+32 
2.2450719611e+30 
2.6313819660e-17 
1.4626309276e-03 
9.6094018850e+26 
2.3330960049e-19 
1.1674666003e+15 
-1.1070340406e-05 
1.7314180370e+36 
            nan 
1.4579652362e+12 
2.3632484494e-30 
1.4509934418e+36 
5.6129949291e-32 
-2.8549076081e-15 
5.0848333120e-24 
-6.1266635685e-27 
8.5008366028e-32 
1.9235716088e-34 
-2.6544905268e-05 
-5.6219129040e+17 
-2.0469664204e+27 
-1.1127767778e+24 
3.1314776491e+31 
-7.5030528000e+09 
-1.8433001987e+27 
5.1517679012e-11 
-9.5720224635e-08 
7.3636097220e-12 
-6.0693016183e+23 
1.3185465713e+12 
2.0752569226e-29 
-9.8812916474e+19 
9.7905082479e-15 
8.5191056132e-04 
-1.5325703088e-28 
-4.2622184753e-01 
-7.0871484375e+02 
1.6951495011e-19 
2.1214318634e-27 
7.9344242414e+24 
-1.5028600621e+21 
1.8629629783e-10 
-3.1524361364e-16 
1.0758218559e-04 
1.3430423842e-36 
1.1782116087e-38 
-5.6486943504e-04 
5.9483972168e+02 
1.1343689728e+10 
-2.3886246961e+38 
5.3371660212e+16 
-3.0082890391e-01 
7.2598793750e+05 
3.2517417647e-09 
-4.8367117415e-04 
-6.1245488962e+23 
6.6577466229e-29 
7.8608955000e+06 
2.9640822444e-34 
-1.3154820998e+18 
-6.9442407994e-18 
4.9329334093e+19 
-8.3735585213e-03 
-1.5742734927e+33 
-3.5093163848e+34 
4.2511801044e+14 
2.1943445094e+11 
-5.5600706331e-14 
1.4432306954e-37 
-9.9609944880e-37 
            nan 
1.1827090649e-31 
-3.6311791054e-39 
-3.5684237563e+16 
1.5472170752e+33 
-2.5100074890e-26 
-5.8973208070e-04 
-1.5480437754e-33 
-2.0338654518e-02 
2.1915584803e-03 
6.2217547826e-19 
-1.3287961838e-22 
3.2577588803e-25 
1.4172148089e-28 
3.6152480000e+06 
-2.4610134682e-30 
-3.6669913609e+25 
4.0652199433e+18 
6.7830569606e-08 
-1.5560658539e-08 
1.2728205312e+10 
6.6027391235e+15 
1.5393084817e+26 
-3.9676994192e+19 
8.1405265424e+21 
9.7517776489e-01 
3.2860605934e-37 
1.1219219011e-31 
-5.4026022553e-04 
7.4428092252e+12 
1.3300829622e-14 
2.1661078667e+33 
4.2581087450e+28 
6.1235580109e+11 
1.9928390555e+15 
-7.3308569600e+10 
2.3608359062e-38 
6.0068651542e+22 
-1.7155229415e-37 
-4.5329287514e+26 
6.8638219383e-22 
2.3516682699e+31 
2.7675195312e+02 
-3.2429580065e+15 
3.5871566856e+17 
-2.8572665623e+19 
-6.2770679025e+18 
7.4507324323e-22 
-1.0297708286e-07 
-3.9586334211e-11 
2.7526906019e+35 
-3.9859654558e-38 
2.0521439732e+34 
6.8108296179e+14 
3.6805724156e+35 
-5.7853246579e-30 
-3.5176256622e+30 
-1.5469054222e+01 
7.2999814634e+22 
-1.5369149332e-04 
-2.2865440249e-20 
-8.0152630000e+06 
-8.7831476735e-18 
1.0303059571e-38 
-1.3952135433e+23 
-3.3257249263e+19 
-2.6010315200e+08 
1.5631579992e-21 
-2.2366527018e+36 
-1.7109208784e-05 
-3.8315091799e+37 
-4.6628596875e+05 
-5.6851227124e-26 
-1.5412736643e-09 
-2.7656462375e+19 
-9.4769859909e+26 
2.1135702899e+23 
-2.9170839341e-23 
3.3544893085e-07 
-1.2935031149e-25 
2.4112180046e+17 
-2.6137742195e+32 
-1.1457263809e+34 
-7.5295621120e+10 
4.9899970291e-33 
3.3330162106e-25 
-3.3226771276e-36 
-2.0501464605e-03 
1.9858124800e+08 
-5.9121205652e-16 
1.8953381440e+18 
-2.0968605835e+26 
-9.9934981539e+35 
1.0283487892e-31 
-2.3030391041e+26 
6.9954192982e+37 
6.8041058898e-13 
-5.1810546875e+02 
5.6395974490e+18 
-5.8526515200e+08 
1.9608251023e-07 
-2.9156533057e-30 
2.6668087689e-33 
-1.4952729543e-07 
-6.6852769875e+18 
-9.4108609794e-12 
-4.4403781885e-32 
-9.2967457022e-07 
-8.2057383111e-10 
-1.8365001939e+23 
-9.8317520515e+19 
3.1209193216e-14 
-5.7173049091e-37 
4.1284012853e+33 
-7.8187443491e+20 
-2.0644895043e-35 
3.7278560000e+06 
1.1803482961e-30 
-1.4256508511e+23 
-7.2616046509e-09 
1.0850050201e+26 
-1.6723046400e+08 
4.5648543164e-05 
-1.7099570975e+26 
-6.8182544055e-08 
-3.1912701530e+31 
-2.1696791919e-08 
-4.1390365738e-38 
-1.9001537043e-32 
-5.7377551422e-27 
-2.9357033963e+25 
1.5048572928e+10 
7.3748238132e+24 
2.3545032831e-26 
-8.3617998839e+27 
1.0485834423e-09 
1.1340099026e+25 
-1.0701408399e+21 
1.4503408395e+33 
-1.5718612258e+14 
1.6407062395e+21 
4.0175924809e+28 
2.8347952435e-29 
2.6707883835e+01 
1.2993771857e-11 
2.6964477852e-37 
-1.1336878024e-33 
3.1704072967e-07 
3.2967177685e-03 
4.6246161992e-38 
1.5780361681e+38 
-1.6906492508e-19 
1.6247435520e+09 
-4.4448215941e-11 
5.3709210282e+16 
-1.8809055976e+14 
-1.4475344121e-01 
5.8772587877e+35 
6.5274220401e+15 
9.3541936687e-26 
1.7828120617e-03 
-2.9581639213e+25 
1.1380945216e-29 
-7.6347619029e+18 
2.3232675148e-38 
1.2221587797e+33 
-7.5554336489e-26 
-6.0199955050e-18 
-2.0226178988e+27 
-3.0233789062e+02 
5.5563093202e+37 
2.1805212917e+37 
2.7658438142e-19 
-4.9106476281e+18 
4.1086459532e-05 
-2.6702218747e-07 
-1.6092293894e+24 
7.7619766991e+25 
2.9585378540e-17 
-2.9275106499e-06 
3.4411168095e-29 
-8.7630188628e-32 
-2.1339154835e+34 
-1.3082060800e+08 
2.8838549042e-06 
-5.8932330496e+10 
-1.4576458640e+22 
2.7434478991e-20 
-1.3303945303e+27 
3.3287293796e+22 
-2.7533979509e+36 
4.0626361862e-22 
-2.6417619230e-34 
-9.7892127110e-18 
5.6629658238e-17 
2.0970312040e+13 
-2.2778203856e-07 
4.5811972398e+25 
-3.2005689299e-27 
-3.7508519768e+17 
-2.2215976440e+28 
-1.1203825474e-02 
4.1892396687e-18 
3.2249376780e-13 
-5.5709373485e-20 
3.6741555432e+16 
-1.3193385259e+28 
-8.1430080000e+06 
2.6908688384e+10 
-4.9702017043e-33 
3.4117433493e+16 
8.2389261747e+29 
-1.4451277824e+10 
8.2484447356e-22 
7.3268449848e+22 
-3.5569372957e+15 
-2.0367617276e+18 
-1.1691467285e+01 
9.0626687574e+16 
4.0374057362e+30 
-7.4039322214e+13 
-1.4239775158e-11 
-2.4964351203e+22 
-4.0499563217e+00 
2.5095296481e-38 
3.7914432911e+33 
2.1513317581e+11 
3.2032405138e-22 
5.6859815936e+10 
3.7817479996e-16 
1.1608239146e+19 
-4.4088064000e+07 
1.3852192276e+12 
-9.4483050030e+32 
2.2834875000e+04 
-7.1860209711e+18 
3.9749292054e+27 
8.9074096680e+00 
2.6845597091e+21 
