2.3509887016e-38 
0.0000000000e+00 
0.0000000000e+00 
0.0000000000e+00 
0.0000000000e+00 
0.0000000000e+00 
0.0000000000e+00 
3.5873240687e-43 
0.0000000000e+00 
0.0000000000e+00 
0.0000000000e+00 
0.0000000000e+00 
0.0000000000e+00 
0.0000000000e+00 
0.0000000000e+00 
0.0000000000e+00 
0.0000000000e+00 
0.0000000000e+00 
0.0000000000e+00 
0.0000000000e+00 
0.0000000000e+00 
0.0000000000e+00 
0.0000000000e+00 
0.0000000000e+00 
0.0000000000e+00 
0.0000000000e+00 
0.0000000000e+00 
0.0000000000e+00 
-4.4236203410e-34 
7.1746481373e-42 
0.0000000000e+00 
0.0000000000e+00 
0.0000000000e+00 
0.0000000000e+00 
0.0000000000e+00 
0.0000000000e+00 
0.0000000000e+00 
0.0000000000e+00 
0.0000000000e+00 
0.0000000000e+00 
0.0000000000e+00 
0.0000000000e+00 
0.0000000000e+00 
0.0000000000e+00 
0.0000000000e+00 
0.0000000000e+00 
0.0000000000e+00 
0.0000000000e+00 
0.0000000000e+00 
0.0000000000e+00 
0.0000000000e+00 
0.0000000000e+00 
0.0000000000e+00 
0.0000000000e+00 
0.0000000000e+00 
0.0000000000e+00 
0.0000000000e+00 
0.0000000000e+00 
0.0000000000e+00 
0.0000000000e+00 
1.2933678750e+06 
-1.2533797701e+37 
1.2792668452e-32 
4.5040124643e-16 
8.5390129089e+01 
-7.3413797815e+36 
1.5807745789e-25 
2.5453746957e+31 
3.1635995954e-02 
2.5311668806e+22 
-5.4142172448e-03 
6.4225640713e-23 
3.6549037130e-09 
-1.0190749219e+05 
4.2793594570e+35 
8.4884045888e+18 
-2.5962712716e-19 
-3.8392431641e+13 
-1.0720606075e+30 
-1.0062021438e-08 
-6.0848884525e-13 
-1.0675844799e+33 
6.8164232653e-04 
7.6841896442e-29 
-1.2746152878e+01 
3.9130734054e-28 
2.7932593357e+11 
4.2209812999e-01 
3.9376547647e-05 
1.1584203294e+21 
5.3750793750e+05 
3.4432713902e-19 
3.5493007202e+19 
6.6268050603e-08 
-1.7387775516e-29 
3.6057028809e+03 
-4.4627639356e-33 
4.1522173578e+17 
-2.5419057600e+08 
2.0978041971e-38 
1.1641080721e-37 
2.3417023476e-03 
1.7507745652e-03 
-5.3883362356e-17 
-2.0174682880e+09 
-1.5746624490e-11 
-1.9126610941e-21 
-4.1372957500e+06 
-8.6241817870e-26 
4.7184046227e-28 
3.4864367476e+18 
5.9543223274e+16 
1.3994815000e+07 
4.6886959076e+01 
1.1212898378e-31 
-8.7842815727e-17 
-2.9444071235e+26 
1.4322251214e-40 
-5.6301531227e-14 
1.3080874984e-36 
1.2824897664e-37 
-4.8911278956e-17 
-3.1300662326e+23 
-5.3990998990e+27 
-2.4903003941e-04 
9.9783312177e+17 
-1.9782401835e+23 
-2.0661333597e-32 
6.9118870040e+16 
9.6155309264e+27 
4.4491172612e-35 
3.4096292205e-16 
4.6835542845e-22 
6.2054373647e-22 
8.1413958242e-07 
-3.3161047668e-06 
-3.8287103193e+18 
-4.7387504640e+10 
-1.5024468625e+23 
5.7446557617e+03 
9.1652499200e+08 
1.0325463764e-13 
1.2962124016e-14 
7.9832546413e-02 
-3.8612268703e+15 
5.1446805335e+17 
-1.0080268695e+24 
-1.8172546334e-05 
-2.0021450296e+33 
-1.9550650130e+30 
-2.3809619968e+10 
-6.9573010020e+19 
1.9728337669e+29 
-3.2468942261e+02 
5.3052348755e-13 
-1.1542972043e+36 
2.4872728408e+34 
1.1741265278e-18 
2.2944123047e+04 
4.2129906334e-12 
5.0569769466e-17 
-1.9005676664e-30 
8.0306387250e-23 
-3.3411724800e+09 
5.4713445248e-15 
-3.1969856289e-29 
4.9335969534e+30 
8.0972110961e-11 
8.0936763539e+15 
1.6415184710e-24 
1.4831275856e-13 
2.3236639208e-06 
-1.7199947217e-33 
-2.6731621094e+04 
-5.6346208201e-35 
-6.7479312420e-01 
-1.1913415343e-36 
-5.6269766177e+22 
-1.4465225395e-03 
3.4458873255e-11 
1.2955437105e+33 
-1.5962006022e-11 
-5.0149624000e+07 
-2.5316814750e+13 
6.1327024325e+13 
2.7008621094e+04 
3.9571382010e-28 
-4.0165792227e-25 
4.1093682819e-13 
-2.0721117188e+04 
2.0258578008e-33 
1.7041241517e-04 
6.3242600299e-03 
-4.4548316509e-04 
-2.2874764292e+23 
-1.6525631900e-38 
-7.0047794708e+27 
-3.0527924793e-26 
-3.0142960671e-26 
3.0265393313e-23 
-3.6804385649e+17 
-1.4494406644e-32 
2.6634715000e+06 
1.5366909618e+21 
1.5792620708e-21 
-6.0644187155e-13 
2.1263720804e+32 
-4.1172353417e+13 
-2.8455683497e+22 
1.0291038347e-35 
-1.7049773306e-29 
-3.7069954898e+31 
1.0584991833e-04 
3.4711572241e-28 
-7.9116337001e-02 
-1.1874712879e-17 
4.1933641347e-13 
3.7933591309e+03 
7.0652676563e+18 
1.1474569142e+37 
1.2132257133e-37 
-1.3319565711e+28 
-1.1449088284e-19 
9.6009436845e-08 
-1.7733051647e+28 
-7.9441790239e+12 
6.2755540927e-19 
1.1436778714e-35 
-1.1766468146e-35 
-1.3202271741e-11 
-7.8129459779e-33 
8.3820256260e-17 
1.5035801109e-13 
-2.0124963768e-22 
1.2535819297e-35 
1.3673035381e-14 
2.5528568131e-06 
-2.1923709070e-08 
1.0754229281e+25 
3.4819886764e+24 
-7.2559738360e+20 
7.0234555000e+06 
-9.9050545862e+32 
4.7855093996e+24 
-3.9057188454e+12 
1.0811612818e-31 
-1.9403055551e-10 
-2.4842303478e-36 
1.1051129550e-01 
-3.5479303449e-02 
6.8807381159e-38 
-4.3455472110e-07 
1.0911684648e+18 
2.2027244568e+02 
-7.8019263158e-28 
-8.0468144905e-26 
-2.9247501624e+27 
1.9964480540e-16 
-1.6518151168e+10 
-6.3229874845e-22 
5.0122448315e+30 
-1.8771750844e+23 
-1.6790141167e+15 
1.7185726786e-25 
-3.8061976433e+00 
-3.7944549376e+10 
4.8905182867e-20 
1.4405941434e+37 
-3.3200042253e-06 
-9.3949485202e-16 
4.4277288680e-07 
-1.2641707126e-10 
-2.1881297493e-36 
-3.3103967757e-37 
-3.0040679988e-37 
2.1542575395e-13 
1.9368032615e+16 
1.1784032440e+02 
1.8703322972e+12 
4.3028416829e-35 
-9.1150471922e+13 
-5.0785634222e+12 
-1.1252529475e-05 
-1.8246394617e-08 
3.1617141904e+16 
2.5416412654e-18 
-6.3537787846e+22 
1.3111631393e+01 
-1.2852589568e+10 
1.1147443592e+29 
4.2343275709e-05 
-1.2955233974e+38 
1.4472839820e+22 
-1.0410649702e-04 
-1.3943918503e+19 
3.3365702703e+32 
-2.6103104633e+33 
-1.5654850075e+20 
7.2698560000e+06 
-3.5045894425e+37 
-8.4873278233e+14 
5.8266451559e-12 
-1.4122075114e-28 
1.3231920950e+28 
-3.1745403125e+05 
-1.9181184419e-12 
1.4107858140e-30 
5.5455247057e-16 
-1.2845576571e-31 
-1.4024211843e-32 
2.4140903875e+12 
-7.6779616152e+33 
-2.5715517347e-37 
-6.4117361035e-05 
2.8870723493e-33 
2.7059247570e-20 
5.9641772318e+33 
-3.5464766202e+21 
2.4879706712e-38 
1.8779382185e-18 
-1.6056415795e-21 
5.0381585877e-19 
-9.8946469293e-39 
6.5534364165e+23 
3.6146649909e-14 
2.1268076754e+15 
-7.7406670344e-35 
6.8364094706e+23 
-3.1149847980e-32 
-1.7204835476e+25 
1.3557596846e+16 
3.4603772292e-08 
3.5655131383e-35 
2.5185029836e+21 
-1.3443688146e+36 
3.9744801387e+36 
-1.2439390338e-15 
-2.0849223946e-27 
-2.2233273171e+36 
1.3432717724e+20 
-1.8618956119e-06 
7.0357193750e+05 
-1.4701449800e-05 
1.0613859762e+17 
-5.7012644199e-21 
-2.5955802683e+37 
-5.9980225810e-14 
1.4277596881e+37 
1.4612690163e-36 
8.9888428231e-23 
-9.1284837562e+27 
-1.9160559678e-19 
-1.5772670234e-37 
6.4925711991e+14 
-3.4907666816e-29 
-5.6403704000e+07 
-1.9463218016e-22 
7.3901493831e-17 
3.9777804737e-35 
-1.2719421440e+10 
-1.9289800861e+26 
-4.9214117229e-02 
-2.1489423574e-08 
-3.1679654366e-37 
-6.6437727173e-14 
-1.5466079445e+22 
-5.8162277637e-33 
1.9145402192e-35 
-3.1946206395e-19 
4.7825607196e-28 
-1.8208114179e+33 
2.2140006149e-29 
2.3584648967e-01 
7.3817502936e+34 
-3.2709779437e+16 
2.7606939686e-20 
-1.6827583935e-25 
1.2690902149e-11 
1.9097450089e+24 
-3.0135903359e+30 
-4.5216986084e+02 
4.8324391363e-12 
-3.3483142853e+01 
4.8595544910e+17 
3.1979649106e+13 
-1.1097592354e+01 
3.6212561898e+23 
-6.6840652128e-34 
8.1297957061e+36 
-2.0026575677e+34 
3.7840355895e+20 
-7.1644339200e+08 
-6.7204905920e-13 
2.3141889954e+02 
-5.7582409482e+12 
9.1758483647e+21 
-2.0666653183e-25 
1.4018133361e-31 
-4.6665276121e+24 
            nan 
1.5909096653e+11 
-1.8165464523e-29 
2.0133666207e-36 
-6.3929159479e-15 
-4.4090664320e+33 
1.3043453979e+02 
-1.1036914201e-20 
-5.0295915165e-14 
8.2518680525e+15 
-1.8268854311e-12 
3.1002277708e+13 
-1.7918894649e-16 
-8.2341310405e-31 
6.0673425608e-34 
-8.6689884701e-26 
-1.0988764065e-10 
1.6926343441e+00 
-1.0888021691e-20 
-1.2941249110e+18 
1.2000579615e-20 
1.0857495844e+37 
-7.3603587500e+05 
2.1241202291e-36 
-1.5816013184e+03 
1.3872155621e-22 
-2.8414650244e-38 
-1.2780144378e+20 
-1.0710964489e-05 
1.3035312804e-05 
-3.8716664000e+07 
-3.8367567466e+26 
1.8802176962e-29 
-4.3493516656e+29 
4.2761932662e-08 
-2.1134403491e+19 
-5.5271242713e-23 
-2.0178315043e-01 
-1.0425233258e+23 
-2.4465552003e+36 
1.1216719768e+20 
2.3883149028e-01 
-2.0306441090e+36 
2.2806883423e-35 
2.9660068758e-31 
-1.3770207213e+29 
2.1649724281e+34 
2.5768844199e-20 
3.6350560000e+08 
-9.1415914315e+32 
-4.1980457049e+22 
5.7428171858e-03 
-4.4531811259e+20 
2.4924570016e+28 
-1.4074077810e-27 
2.4450748287e-32 
5.2653867006e-01 
-3.6297218348e-25 
-1.7827022020e-05 
2.2460095312e+05 
8.3337053924e-10 
1.0280925064e+17 
-3.0429353046e-06 
-2.6886668132e+26 
2.0122803107e-04 
1.0483817677e+11 
1.7493929390e+25 
-4.1023699179e-39 
1.0157291520e-30 
1.1542346361e+26 
-4.5762443542e+01 
1.5510654327e-37 
1.5789527407e+21 
-1.1355943110e-30 
-2.2535559361e+21 
-3.1797318596e-37 
-2.3555102085e-20 
-4.6758405864e-02 
-3.2168554957e-23 
1.6457355756e+12 
1.7238408027e+22 
-3.2297731255e-34 
-1.5969303270e-25 
-1.9226248079e-28 
-3.5973154859e+17 
5.6402528894e+36 
1.5758194688e+10 
1.6569412613e+29 
1.4817526531e-32 
1.7311198171e-03 
-5.1096914762e-28 
-4.3670063514e+22 
3.8670110706e-31 
3.7780220253e+24 
-5.3933179571e-32 
-9.1825855529e+13 
-8.6632546470e-08 
4.0370139687e+29 
-3.2063600176e-30 
3.1280613294e+12 
1.0892819613e-01 
4.5504596897e+36 
-8.6018091847e-20 
-1.4111619568e+02 
-1.6057561600e-22 
1.1109547764e-14 
1.1125790955e-08 
-8.1266751513e-03 
-3.7630270386e+02 
4.1114802321e-20 
-2.9557648113e+34 
8.1647035000e+06 
4.6777289933e+13 
3.7343172039e-14 
5.1411167659e-16 
-1.9201239608e-35 
-1.1436934488e+24 
1.4875054830e+35 
1.8025313187e-10 
4.1779795067e+12 
2.2591463989e-28 
-1.6986795934e+13 
-9.7842906867e+23 
-5.6536159584e+20 
1.1214920654e+03 
-2.3782440710e-29 
-3.6767737141e-38 
3.1792301829e+38 
4.1862423532e-03 
1.2038553996e-29 
-2.6526801867e-27 
-1.3976153293e+11 
4.8648582940e-09 
4.4234173124e+16 
3.3459919702e+29 
-3.6160597006e-07 
-3.5436625459e+22 
-6.9302070749e-09 
-1.5342747172e-15 
3.7099303335e-33 
2.6085526338e-21 
-1.6761041840e+18 
-3.1519526032e-26 
7.2055778011e-10 
1.6329305158e-34 
4.8664928059e+13 
3.8027253233e-28 
-2.4987098438e+05 
-1.1495333744e-33 
3.0893367920e+30 
-1.9994039917e+02 
-6.6436799445e+35 
2.7709764242e-01 
-2.2251371094e+04 
-1.1484774489e+38 
9.8052841710e+26 
5.0972013792e-33 
-1.0453509044e-31 
-5.1131405270e+16 
3.0020466941e-35 
5.9628387500e+05 
1.9412151543e+24 
3.1118588867e+03 
5.2367384904e+12 
3.7911967218e-23 
-1.5948972056e-23 
6.2883471326e+19 
-9.6580306148e+33 
-1.2083748438e+05 
1.0435468678e-12 
-2.0067313268e-36 
2.6476088166e-01 
-1.2941449595e+21 
-2.7276380570e-04 
5.0817079874e-39 
-1.0313194759e-28 
-6.4298615641e-28 
-1.2503297824e-20 
7.7866055071e-02 
3.6625161215e-07 
1.2269192448e+30 
2.5209860783e-13 
3.6725396804e+25 
3.8028847153e+18 
1.1556121785e-17 
-2.4964380563e-10 
4.3843596572e-29 
-4.6810375258e+36 
-1.2345702271e-04 
5.6824796227e-30 
2.3194962676e-31 
1.2909118595e-05 
-8.6901934613e-32 
1.1243032785e+18 
8.2275323795e+27 
-5.3527806050e+19 
6.5742169259e+22 
1.1834729431e+12 
-1.2399497409e+36 
7.6680664856e-13 
-1.5583496765e+32 
4.7326552734e+03 
2.3114120072e+33 
-9.9449875418e-12 
-3.4273502703e+33 
2.8599184798e+33 
1.5119424684e+13 
-1.5519187225e-35 
-3.1484793938e+34 
8.8046646953e+33 
-2.5436286000e+07 
-1.5041030556e+21 
-5.1042294217e-05 
1.8640802235e-09 
1.6784358400e+10 
1.5129278325e-24 
-9.1683367335e-18 
1.0695352166e-32 
5.9019516000e+07 
-6.0840646994e+16 
-7.4365163372e-36 
-8.1285571996e+24 
-4.4005090240e+30 
6.1724232496e-12 
5.1981592474e+34 
-3.3292321023e-03 
-1.3107693597e-08 
1.5794474637e+19 
1.3391662497e+37 
3.6963886576e-19 
2.8847947134e-24 
-5.5369448796e-24 
2.7127869751e+15 
-5.3300246094e+04 
-6.2067302580e-37 
2.6629139097e-21 
1.1791044749e-19 
1.0076824800e+08 
1.2428811523e+04 
-9.6047608000e+07 
5.9075002540e+23 
1.0814963840e-02 
-2.2869198976e-27 
-3.5176290758e-26 
-3.5333692365e+19 
4.5172180577e+32 
-6.2862159440e+37 
-1.2953581184e-18 
-2.7230527317e+24 
2.2769764800e+08 
2.9846254838e-30 
-3.0726968585e+23 
-1.8507776754e+34 
3.0018460751e+00 
-5.2140255373e+14 
-2.3523614082e-28 
-7.4493200242e-24 
3.6613259707e-18 
1.2346650193e-36 
-4.7165116856e-31 
-4.4445272535e-02 
-3.6774022700e+15 
-1.2781119000e+07 
-9.3467927314e+35 
-1.0218469060e-25 
-4.2192871419e-09 
-5.5820799507e-24 
-1.5173370116e-07 
7.7397450867e+23 
3.4041991039e+30 
-2.8113947337e-05 
8.5127325633e-08 
-1.4188421579e+25 
-1.7759771034e+12 
-3.0170935440e+24 
4.2497590000e+06 
-3.2732220459e+02 
-5.8988689664e-18 
-6.0139939903e-12 
1.0643496751e-07 
-1.0810720261e+20 
1.1261108744e+35 
6.5764455795e+00 
            nan 
5.0150578340e-33 
-1.0650871113e+27 
-4.7481188516e+12 
1.7030859447e+38 
-1.0472978432e+10 
-9.8948633068e+12 
8.6854800909e+17 
-2.0610362126e-21 
-2.2159468079e+02 
7.1663656015e-26 
6.3135674260e-14 
-9.5662039365e+33 
4.5768990890e+21 
9.9051476650e+22 
-5.7311675620e-24 
-7.9037584122e+19 
4.6335590977e-35 
-2.9027902173e-37 
2.6759435355e-31 
-2.2741341934e+19 
-2.8240106583e+01 
1.7576810706e-33 
2.0607092301e-04 
-1.1720409835e-31 
-1.2758748438e+05 
6.7613258326e-25 
6.0213496909e-03 
-1.1890646396e-15 
-3.3479875326e-01 
2.7827138466e+18 
-3.3670538010e+34 
3.8789701282e+27 
-5.0151796501e+29 
-1.1240039860e-16 
4.2990560927e-14 
8.6866499985e+26 
2.9834414653e+12 
2.1973828743e+33 
-1.4299805486e+36 
1.1509846151e-01 
-1.6158173724e-31 
2.9825627814e-24 
2.8686144982e+17 
2.7825376551e-12 
1.5263773544e+14 
2.9150333200e+20 
3.3756514506e+16 
-1.1034112467e-28 
1.7191896875e+05 
-1.6299554530e-15 
7.3233181837e-20 
-2.4237275000e+06 
3.0095519847e+26 
-4.7945310374e+21 
2.7846193750e+05 
3.0404839997e+12 
-5.2505416844e-30 
-1.2601498293e-25 
-4.7163584461e-18 
-9.8611816720e-31 
-1.0161523315e-12 
-1.8386592975e-13 
-2.5828861624e+21 
-3.8133143350e+29 
1.8692465612e+17 
-3.7841512146e-09 
-5.8239456445e-21 
-4.5748707532e-19 
-1.4910011967e-19 
3.9513463772e-39 
-4.1734746094e+04 
4.8746996875e+05 
-1.3636234826e-06 
5.6645906432e+10 
1.5086217219e+32 
5.6324746094e+04 
1.5782393217e+00 
1.8045131079e+35 
-3.9483629791e-32 
1.1510613300e+33 
1.9336561161e-31 
8.9769809065e-17 
3.0551077076e-13 
-5.7831383101e-25 
-1.1892555340e-30 
1.6287977199e+35 
-1.2092685547e+04 
-8.1314348191e-36 
-1.4825898213e-13 
-7.3151528651e+15 
1.1232130560e+09 
-9.7558428149e-23 
1.2782384526e-11 
4.6679237591e+12 
-2.5613955072e+10 
-3.0344298038e-13 
-6.6871574552e+30 
1.7572169584e+31 
2.1141412328e+32 
-6.1624117838e-38 
1.7030037862e-13 
-1.8090206146e+01 
5.9174883541e-36 
1.9929398932e-30 
-2.6642052402e+23 
2.5900085349e+20 
-7.4267447325e+22 
-1.3734935547e+04 
-9.6194622167e+20 
1.5455758582e+14 
1.0128437495e-16 
2.6231067022e-04 
-2.5316716274e+29 
4.4515571145e+35 
-1.7709455219e+35 
-3.2031612000e+07 
-5.8599927686e+37 
-2.5174116183e-29 
5.9392479823e-10 
6.7507913336e-03 
1.4863061538e-30 
6.1558113140e+27 
1.9563347470e-11 
-1.3762435547e+04 
-1.4223848412e-15 
4.9511820348e+16 
4.6900020340e+36 
5.3067819459e-36 
-1.4628965931e+31 
5.8199927360e-27 
-1.4387362900e+29 
3.0901094212e-25 
-5.6666124612e-02 
1.9717967483e-17 
-6.4719805278e+19 
-1.3448306033e+23 
-1.5224013185e-13 
-2.2552209441e+18 
5.8117087697e-30 
-9.5762667479e-04 
-9.7152381250e+05 
-6.4951182107e+19 
-5.9058418768e-22 
1.7356563677e+13 
2.3679918741e-05 
-1.6589471817e+01 
-9.2533177301e-12 
1.6377903478e-07 
1.9214562504e-39 
-8.6208042921e-04 
9.1564361355e-05 
7.6925480244e-06 
1.5411044894e+21 
4.3313565532e+12 
-4.4106683832e+29 
-5.1756074182e-16 
-2.0626725574e-32 
-9.8420484375e+04 
-9.1572037222e+12 
3.1319712653e+35 
1.2992108670e+19 
-1.2820833094e+37 
1.3981758000e+07 
3.0594316541e-16 
7.6114031239e-16 
-3.0012444384e-38 
-2.8659205437e+00 
1.1913186486e-23 
-5.5636236272e+32 
4.5845022971e-29 
1.3803019713e-34 
-1.7884230069e+23 
1.4741677929e-25 
-2.3920338643e-18 
-3.4076739503e+25 
-3.8904592473e-24 
1.3429516115e+23 
2.2813222346e-24 
-2.9183311380e-26 
-2.6887488763e-11 
2.4846017856e+20 
1.7017208665e+21 
5.3737817113e+13 
2.2544266258e-38 
-1.6983840998e+33 
-2.2428093542e-21 
-5.7718597856e-35 
-4.9545571279e+32 
4.2391194829e+11 
1.4872060547e+04 
1.0648549786e+11 
7.8377055956e-08 
-2.3760118317e-09 
7.1187071401e-15 
-4.9398506235e-05 
-1.8131269120e+09 
5.3464651108e+00 
2.1728848506e-31 
-1.0396955648e+10 
-8.9279248510e-32 
-4.2782027658e-21 
1.1207486509e+20 
6.6547280394e+33 
-1.2222392252e-04 
8.0224293211e+30 
-1.2160267264e+10 
-7.5600901816e-28 
-1.1198783830e+21 
-6.0469796168e+23 
4.4856773457e-04 
2.4113857672e+24 
9.7380713564e-23 
2.1020018845e+34 
-1.6744550012e+25 
-9.3882137947e+28 
1.6457450398e-25 
2.8446342629e-30 
-1.4566992616e-27 
-2.4202689408e-34 
1.9410132809e+28 
1.4933686673e-25 
1.5706407567e+12 
3.7360736084e+02 
-1.8547523584e+11 
5.2257504625e+14 
-3.3502226870e-05 
-3.1556088867e+03 
1.4888974775e-10 
-3.2117741084e-14 
4.1229377023e-32 
1.3339089224e+37 
-2.6184722022e+11 
3.2627295040e+36 
1.3711202757e-27 
2.9960749671e-02 
2.8788437816e-30 
-2.0763448142e-24 
-1.4109323093e+25 
4.1740764323e+19 
1.4450747260e-25 
-3.6591564577e+22 
-1.2234565413e+27 
-1.2755643136e+26 
-5.0300741350e-08 
4.2208789062e+02 
1.2372525711e+13 
-2.8432008547e+35 
-2.5760841149e-33 
-8.9452740562e+20 
-1.2442770392e-30 
-1.0351943040e+09 
2.7617918000e+07 
5.7487751018e-39 
-5.0400421140e+23 
-1.7769109645e-29 
-2.3730862592e-36 
-4.6416420219e-07 
1.3163933649e-32 
-5.6534358561e-15 
3.1798022636e+12 
-1.6156502458e+33 
3.0824063346e-02 
2.0994005563e-38 
3.4936661606e+11 
2.2298706253e+38 
3.9982392062e-20 
-1.3256652000e+08 
5.6289746094e+04 
-5.6532993125e-38 
2.9795380537e+22 
-1.9989744568e+02 
8.2631298594e+14 
5.1464035941e-13 
1.7958753373e-09 
-3.3048997921e-06 
-1.1604984327e+24 
6.6035678047e+27 
9.6947760539e-06 
1.9517498438e+05 
-1.5254978943e+02 
-2.4768915592e+18 
-1.1765742215e-34 
2.7659095500e-11 
2.4193665192e-13 
-1.1764256236e-08 
-1.2282143520e+31 
-2.6918227606e+31 
-2.6118272543e-01 
-8.5775363445e-01 
6.9586827838e+37 
            nan 
8.5456432786e+15 
-1.1614979747e-30 
4.4505290985e+00 
-2.0990285115e-37 
3.4201633889e-20 
6.1809714923e+27 
-1.4199802517e-27 
-1.7531047772e+13 
1.9823208802e+31 
-1.7928109937e-18 
-1.2116557795e+36 
-5.2838996812e+29 
6.3269254744e-14 
-1.1730889933e+11 
6.5052470000e+06 
-4.3812908856e-09 
1.4456151723e+29 
3.2860315000e+06 
-2.6684674999e+35 
-1.8974345274e+22 
-2.8100105284e+17 
7.4703866438e+30 
-5.5116496367e-30 
1.6793337921e-37 
1.9665879470e+15 
-7.1320941363e+12 
-6.2989797592e+00 
-4.2470961704e-20 
-1.7055941280e-03 
-1.7595620195e+35 
-1.2024879356e-11 
2.8310562484e-03 
4.0900262405e-26 
6.3513496330e+32 
1.3852950238e-27 
4.8247201816e-17 
-8.5063349041e-27 
8.7333949688e+30 
2.5187240938e-26 
9.7822591209e+14 
-1.5127074055e-16 
-1.7797306055e-13 
5.4117364822e-24 
5.1979055405e+00 
9.4785400548e-29 
-8.8532977317e-28 
2.4577039696e-37 
-1.7288635875e+14 
-1.7396010058e+14 
6.9728484375e+04 
-6.7463383079e-02 
1.6624169125e+32 
-9.1103865310e-15 
5.4776818334e-18 
-2.6571401367e+03 
1.9134732390e-24 
7.4433707613e+24 
-2.1458395167e-06 
-6.0807870450e+19 
2.9909839071e+25 
8.7915217232e-29 
3.0942232500e+06 
5.3103284224e+10 
5.9545095391e+33 
1.4244324104e-23 
-1.2196480834e-24 
-1.1896636963e+03 
-9.1473148593e+19 
-3.3957916180e+12 
2.9815185884e-26 
-2.0239001444e+37 
-6.1933773380e-24 
1.0950309805e-13 
-1.2395722740e-13 
3.7278051823e+17 
-3.7821424307e+27 
4.4476068957e-29 
-1.2065313584e+27 
5.0786612643e-22 
-3.1633390428e+24 
1.2646342784e+28 
-2.1006987520e+09 
2.1192487001e-11 
1.4860073953e+22 
-5.1730796601e-15 
-2.0162883840e+09 
2.4599913728e+21 
2.1748322444e-23 
4.1663357440e+09 
-1.5359293902e-03 
-1.0672060159e-13 
-1.5124803840e+09 
2.2551967892e+17 
-4.5315204368e-32 
-3.6986539213e+12 
3.1418446716e+31 
3.4801323283e+16 
-2.5031813606e+34 
-1.1700692681e-07 
7.8058162513e-26 
7.2199461283e-04 
4.1579751841e+19 
-8.5465346690e+19 
-1.0685287414e-35 
1.2511615113e+17 
-1.4128794944e-35 
-3.7211207950e+25 
-2.3459585973e-16 
-3.7847061157e+02 
2.2152015777e-09 
6.4751336319e+14 
-1.5573182566e-07 
-6.9827797852e+03 
3.8178107835e+29 
3.0053252354e-02 
1.0662093772e-26 
-1.7040661204e-19 
2.6508495399e-09 
2.1671548112e-08 
6.9280381250e+05 
2.1172370414e+26 
-3.2550830962e-17 
7.8975049728e+10 
7.0824907161e-03 
2.0421341731e-32 
5.3807134664e-35 
1.3723017143e+26 
6.0210392432e+23 
-1.6957007626e+16 
-4.0447070679e+15 
-2.2608202071e+19 
7.8511587344e-04 
-1.2977308594e+04 
2.9108448185e+31 
-8.8697542116e-16 
3.1937641420e-10 
2.5900248846e+35 
-2.5253172498e-04 
1.1778303133e+33 
-6.3890283342e+26 
-1.3793761842e-02 
3.5774274210e-08 
2.8080244416e+26 
-1.2976007080e+03 
-8.9080679229e-34 
-1.3294838579e+11 
-1.1927377974e-09 
4.6256300000e+06 
1.4722641422e-38 
-1.2241574298e+12 
2.3779264799e-20 
5.7117048573e-30 
-2.1984218179e-35 
2.9083035979e-10 
4.3146996177e-05 
9.1415076003e+26 
-3.9162273376e+33 
-9.1770610434e-37 
-1.1816693321e+23 
-1.1060106451e-14 
-1.4323764833e-20 
8.9015202320e-06 
-9.8879599472e+23 
5.6761896998e-21 
-6.9770565193e-12 
1.4188001644e-22 
-1.0005403469e-27 
-1.2113177833e-15 
-4.7033085139e-04 
4.0161640413e-07 
1.7443519318e-03 
1.6316289082e-02 
4.1472447530e+36 
2.2151370383e+19 
1.6766633090e-24 
5.6664955496e+20 
5.0331790625e+05 
1.1249505177e+15 
2.0489061558e-09 
-4.3706470400e+10 
2.9791192500e+06 
-3.1128065175e-37 
7.3792684710e-28 
6.2395391658e-17 
1.3670543213e+03 
-8.2663228795e-07 
2.0737492014e-03 
-6.3745735578e+25 
-3.5030563606e+20 
-2.1560026358e-31 
6.0543174186e-05 
2.5021755778e-09 
8.9627236416e+33 
-7.8565759454e-10 
-1.7106243372e+00 
1.6073509982e-13 
3.1870761600e+08 
-1.3179346033e-33 
-8.0264624263e+26 
1.0649186629e-29 
-4.8551325000e+15 
-1.0579238496e+35 
1.1345408074e+32 
-4.2803793750e+05 
1.2807334618e-18 
-1.3018816284e+15 
-3.9108352815e+21 
-1.0141480862e+34 
2.9869771446e+23 
-2.8416871094e+04 
-1.8128266273e+32 
-4.7043827668e+28 
-2.1599231911e-20 
-1.6959651979e+29 
-5.3837241332e-09 
-1.0456489029e+31 
-2.8589416215e-25 
-1.0416311284e-19 
7.0765949786e-02 
-6.8002402796e+12 
-5.9623895442e-37 
2.6703846756e+14 
-8.7586230373e+24 
1.7977730830e+32 
-1.0795756250e+06 
1.8080321222e-32 
-1.3154493000e+07 
2.8526958113e+37 
1.8668497563e-28 
-1.0350532493e+13 
-4.4983635968e+10 
-4.9537601536e+10 
4.6517756632e+27 
1.2869546240e+09 
2.8798255624e+37 
1.8396356816e-30 
-1.8654659239e-31 
2.3297453365e+20 
3.9900748669e-23 
-1.6001512995e-04 
4.5015243924e-34 
-2.6727975650e-26 
6.8715491295e+00 
2.5068570444e+19 
-3.5996915813e-06 
5.2020788262e+29 
9.4064100173e+32 
-8.9169965877e+36 
-1.2202366897e-38 
1.7154059086e-34 
-4.7257418038e+31 
8.8177018855e-13 
3.6757260652e-34 
-5.5941920000e+08 
2.4335462926e+35 
3.0386474426e-30 
2.4412679969e-20 
-1.2619136596e+24 
8.2864039246e-20 
-1.3375199757e-22 
-3.3067659396e-26 
2.7534108540e-06 
3.7137533075e-34 
-1.8988894177e+36 
7.0423737600e+08 
4.8883240073e+15 
1.5790458226e-32 
-1.2573538348e-02 
-3.9909754182e+23 
3.8836635000e+06 
-1.3065801787e+18 
-1.8374932726e-30 
3.8231332864e-34 
-9.0569944246e-33 
-2.0857865213e-38 
-1.4231629335e+38 
3.8784217714e-20 
4.5751699200e+08 
5.8969701429e+29 
5.6630900535e-34 
-1.0808147386e-19 
-6.7226218285e-15 
7.1068037913e-28 
-1.0144813803e+37 
9.4068325131e-40 
9.4438468715e+32 
8.3238133432e+12 
3.4879661825e-07 
4.6354964585e+31 
-2.7586007869e+20 
4.3772206403e-32 
9.4250562794e+17 
            nan 
1.7214869140e+31 
-8.7182380168e-16 
1.2545719129e-32 
-1.8328610229e+02 
-2.4659786224e+01 
-6.9464378913e+29 
-4.8137728668e+25 
-2.8669656871e-08 
3.3118585351e+23 
-6.5393317536e-18 
5.7147788800e+08 
-1.0394693089e+37 
-2.4026522130e-22 
-1.7481125466e-33 
1.5572820189e-07 
-1.7185599427e-04 
2.2335970828e-14 
2.4030921600e+08 
-1.5882060547e+04 
-2.6634126441e+34 
6.8592260050e-07 
            nan 
-2.5971990929e-35 
-1.7031011194e-31 
-5.8765357252e+26 
-9.8602102503e-14 
4.9800970459e+02 
1.4353956797e+17 
1.6733386012e-16 
-3.2024410855e+20 
5.3642263086e-33 
-2.9108779526e+26 
5.6795196553e-24 
1.9081390461e+30 
-1.2774809570e+04 
5.3989476027e+27 
-3.9842112000e+09 
9.5171778014e-08 
1.2633457175e-26 
-6.1133455347e-06 
3.5163007488e-13 
-1.8967887878e+01 
7.0049072108e+28 
9.4219468233e+36 
5.7343142544e-05 
-4.0550352145e+35 
7.2431298668e-34 
-1.0128667945e-23 
-4.1192590625e+05 
1.9192941371e+31 
-4.7238748587e-23 
-2.0442300328e+22 
-7.4858765020e-11 
-1.4711779452e+35 
1.7404800813e-14 
2.5497712555e-25 
-8.1566385000e+06 
3.4120836482e+20 
-1.2393789960e+26 
3.8944673116e-35 
1.6938044206e-35 
4.9584744084e-30 
-5.2820150000e+06 
-3.1400163202e-29 
-2.3932480621e-19 
-1.8904982400e+08 
4.7457699409e+27 
-2.2550213626e+33 
-9.7907084800e+08 
-3.1214163195e-37 
-1.9590919513e+18 
4.0490417468e+21 
-8.0236684701e+30 
-1.3145373994e+21 
-7.8383728120e-24 
-2.5171151924e+27 
-3.1694784164e+00 
-2.8958696730e+30 
2.2534786224e+01 
1.3807058944e+12 
-1.4289930322e-24 
5.9131195000e+06 
7.4751842659e+30 
4.8164675758e+23 
-9.9302436967e-18 
-3.0619517591e-30 
4.8437330694e-29 
2.6412711936e+10 
1.4955187612e+30 
2.9120771572e-08 
2.1248233682e+28 
-4.3990102293e-38 
-2.7253410735e-05 
3.2147908872e+28 
-1.5111642153e+13 
-7.5512640000e+08 
-8.0029328217e+18 
-2.1701911092e-01 
-4.9885995686e-02 
-5.1201288898e-07 
-6.1217032000e+07 
-4.2104536295e-01 
2.6732228525e-15 
-9.9658797753e-29 
6.8008507785e-31 
5.5566485422e+12 
2.5207604511e+12 
-8.0227822266e+03 
3.7936138916e+02 
-2.0860325688e-32 
2.4508713406e-29 
3.9330924756e+34 
-1.7966742689e-06 
7.0048308883e-22 
-3.4865085818e-10 
-1.8355527553e-21 
-2.3673551855e+29 
5.0512081390e+35 
1.1251951562e+05 
2.4607410455e-27 
-4.0126435353e+29 
-3.2544268674e-26 
-1.9937744511e-10 
-5.8503845642e+12 
-3.6165322918e+35 
-4.4024373775e-21 
5.3067777622e+32 
-1.5549956800e+08 
7.2104939793e-20 
-1.7221944823e-15 
2.6845199841e-07 
5.4563164819e-19 
-8.1238458148e+15 
7.8222761141e-20 
-2.0351253698e+30 
1.2477423178e+22 
1.8028248838e+20 
-1.4558487465e+38 
-1.5813704791e+34 
1.6663841621e-28 
1.6387785359e+13 
-2.3406724000e+07 
-1.1341052596e-03 
1.8337039948e+01 
-2.5108212382e+15 
-6.7380576487e-14 
-1.4901207438e-12 
-1.1829659399e-32 
3.5018207600e-38 
-8.8827888067e-32 
-1.1984176662e-31 
-2.2516106275e-13 
2.8932817551e+12 
-6.8676964351e+33 
2.1543085407e+26 
2.3101021828e+14 
6.7002330478e+22 
-3.8159723033e+21 
-2.7408734970e+26 
-1.1974308036e+34 
5.1140073687e-02 
2.0715242468e-35 
1.9343441250e+06 
-3.3417612071e-22 
-1.5096035533e-11 
-3.1081178497e+22 
1.8373911546e-25 
-2.2148434073e-04 
2.3424598387e-38 
6.8672119766e+28 
1.9149875396e-21 
-1.4954333231e-37 
2.2772311868e+26 
-1.8377345580e+17 
5.7755560837e+12 
-2.0713495042e-30 
1.0156361174e+14 
5.7724505600e+08 
-8.4785648000e+07 
4.9087669693e-12 
-1.5260360250e-12 
-2.0199850725e-20 
1.4239561081e+01 
2.3704188000e+07 
-2.5201328777e+18 
2.1612955000e+06 
8.2737326385e+34 
1.7325981287e+15 
-3.2777163725e+34 
2.9055534187e+20 
3.3253691369e-20 
1.1272409265e+14 
-3.6435855186e-20 
4.9129440473e+23 
            nan 
2.2221567911e-16 
2.9610921625e+35 
-8.8942821904e+36 
-4.1637917500e+06 
2.8469859713e+13 
-1.2425952256e+10 
3.2282646608e-12 
7.6869525504e+10 
-5.2961703276e+24 
3.7133720525e-06 
-3.4051873833e+12 
-1.5222857466e-27 
1.3788039247e+30 
-9.8260741665e+33 
-4.1068384255e-32 
8.8195070821e-13 
9.0213271202e+16 
9.8538583517e-01 
1.3461259663e-08 
-3.6932829342e+22 
7.3838931660e-14 
1.1188648585e-07 
1.4931251429e+13 
9.7404848623e+17 
1.2247976196e+27 
1.5290383330e-16 
1.0572649359e+22 
-1.4219323496e-08 
1.6959550964e+26 
5.8010882339e-13 
-2.4128221130e+02 
1.0044168801e-17 
1.2113811523e+04 
1.8203062455e-26 
7.6674158516e+34 
4.4637019746e-03 
-1.8427001036e-09 
2.1730267829e+36 
2.9905881882e+01 
-2.0349386239e-19 
-2.1531184733e+17 
-2.0178656160e-19 
4.2493263140e-13 
2.7928693834e+13 
3.5634207636e+16 
-1.6502497718e-02 
-7.6319216348e+34 
-9.5211153876e+19 
3.5763861741e-35 
3.5184455395e-23 
5.2754474310e-20 
1.3454015901e-16 
-3.4141593900e-23 
2.4416110023e-07 
-6.2312069325e-34 
6.9190204052e+19 
1.1438004064e-19 
-2.3599836128e+27 
-1.1091990353e+30 
3.0989899642e-06 
-2.8678055853e-02 
6.3897503164e+34 
-1.8026247660e+24 
3.5412265402e+13 
4.6039883549e-35 
-7.5585635334e-23 
-8.1680386123e+14 
-5.3010238659e+21 
-2.2800593560e+35 
4.2778929770e-21 
-1.7979794173e-25 
-1.3059367555e+20 
1.0677774967e+29 
-1.7566916941e+37 
1.2201235133e-21 
-2.6908310534e-21 
4.0061100032e+10 
4.6790389722e+23 
-1.5173560547e+04 
-2.3086624768e+10 
-1.4611451703e+28 
7.2166949273e-26 
-3.4617705737e-20 
3.3049238281e+04 
2.5756310000e+06 
2.7226991495e-11 
2.1490116069e-06 
-1.2786310399e-03 
2.5306784082e-03 
7.2072531251e-25 
-1.5329477831e-32 
6.3208549943e+21 
-5.3343489925e+35 
4.0980126507e+23 
-1.5283734798e+00 
-4.6123266701e-17 
-1.7154509550e+16 
-1.1700946049e+17 
6.1016790569e-02 
1.4484514861e-16 
5.7383897277e+23 
1.4298932541e-34 
5.1131278077e+33 
3.0116142482e-26 
4.7089682617e+03 
-2.9489987758e+35 
-8.4247600216e-12 
3.7166353315e-02 
-5.3110985600e+08 
2.1822077645e+20 
-7.2983678635e+31 
-1.6690717017e-18 
3.1848654749e-27 
2.7736168653e+17 
-9.7344915771e+02 
8.0404155000e+06 
-2.7522996875e+05 
3.9291876611e+20 
1.3718787300e-36 
1.2758277988e-24 
2.3979065940e-02 
-1.8416445899e+31 
3.4276814618e+24 
-4.3472241315e+32 
4.2261033953e+36 
3.8153060554e+32 
-6.4181525203e-36 
6.9858033385e-05 
-7.5177062739e-20 
-4.0483295144e+29 
4.1709414699e+32 
-4.8431886449e+30 
2.6306595283e+32 
2.2204767890e+18 
-3.4902268314e+11 
-6.0612103271e+02 
-2.1387447921e+25 
1.8951814401e-35 
-1.5592107881e-33 
-1.1214596282e-13 
-9.3824349168e+27 
6.3283495470e+21 
9.6005514854e+11 
5.2126823116e-33 
7.0651476182e-19 
-1.2672081592e+12 
3.7138387523e+37 
-6.2842390846e-33 
3.3779633284e+18 
-8.2146647173e-07 
-5.2033381462e+00 
-3.7792295329e+31 
-7.7782604886e-28 
-2.8600620973e-32 
-4.6587799546e-19 
3.0347033638e+15 
-2.2232879928e-05 
7.5045418303e+13 
-4.3098723200e+08 
1.2661245385e-08 
2.0444984727e-07 
            nan 
9.5604120793e+32 
-2.8372159697e-14 
3.6189046544e+16 
-1.2718028000e+08 
-9.0752166429e+27 
-2.5512729048e-19 
1.5289156026e+20 
-1.8758286080e+09 
-1.2851022112e+16 
1.0898277852e+23 
2.0571797756e+37 
-8.4982158290e+29 
2.7695066726e-11 
-9.9337763783e-19 
-9.2072525449e+32 
-5.0749122786e-12 
2.4224706072e-30 
-1.5831216006e-03 
-5.0853572608e+10 
-6.9518699193e-16 
4.7831394927e+36 
-3.2332914466e+20 
-7.9330916913e-19 
1.0801321130e-16 
-5.1395364483e+35 
-3.6111482280e-26 
5.0751453226e-20 
4.5538656414e-02 
-1.7442559397e-07 
5.2256338298e-02 
-1.5357432151e-18 
3.2301257915e-27 
1.9884409904e+00 
-2.4343178450e-15 
-1.7010380885e+33 
1.1117035292e-08 
-6.4016689582e+19 
7.2960610799e+22 
-8.8496866131e-27 
-8.9170123374e-07 
-8.3221150352e+37 
-2.2289712761e+25 
-8.1479238113e-32 
-3.7923009667e+15 
-8.3300098777e-02 
-9.2618810466e+28 
4.0296790100e-18 
3.0768162642e-15 
-1.9320225957e-16 
7.3925021570e-04 
-7.1439051691e-31 
2.2876725416e-04 
-6.1822352753e+12 
-7.8184092349e-32 
-1.0050449101e+25 
1.0172294355e-31 
2.8759265363e-23 
-7.1336599413e+31 
-8.1911803729e-11 
-5.1496246094e+04 
-1.2111958320e+23 
-9.1625793496e-19 
1.3348550803e-25 
-2.8842089698e-02 
4.5537807617e+03 
5.3334246094e+04 
-6.1627201431e-18 
1.0433395259e-09 
-1.4909925710e+17 
1.5854094079e-11 
-3.2121115524e-34 
-6.0240731037e+33 
1.1696747826e+22 
1.6036772082e-35 
1.2174717921e+37 
-8.6930308456e-16 
1.9686206589e+36 
-8.1146557617e+03 
-2.7129435116e+18 
3.3194266635e+27 
7.3003364014e-33 
1.7950431723e-12 
-5.8445307617e+03 
3.4817055621e-06 
-1.2270649219e+05 
-6.9551895517e-37 
-1.1616869488e+29 
1.8288285383e-12 
1.2173463599e-25 
1.0466623000e+07 
4.2302841122e-19 
-3.2685668448e+37 
-5.2323454014e-08 
2.1926854242e+21 
-2.4850314581e+29 
-1.4667206876e-29 
2.4593461626e+16 
2.5254539821e+13 
-1.3709689555e+27 
-8.0398091814e-04 
-4.0635721242e-13 
1.3003652842e-11 
1.5183798600e+12 
3.2128098107e+13 
-2.7795634239e-08 
5.0612056107e+17 
-1.6383013361e+36 
-1.5028473722e-34 
-1.7001878867e+18 
-1.4692430739e-07 
1.2085131857e-05 
-1.8754656115e+37 
-2.5558207833e-24 
1.0718073432e+19 
2.8391574830e-25 
-1.4662675570e+34 
1.5800308617e-08 
-9.8357902527e+01 
8.7967756551e-20 
3.1191588600e-28 
1.6686080024e-02 
-5.1138187417e-39 
-2.0540123422e-11 
2.5995677500e+06 
-2.6458062583e-30 
-6.7549523968e+10 
4.3348023274e+18 
2.7339798810e+35 
-2.8754435910e-17 
-2.2621187998e+13 
-6.4243728384e+11 
4.3199980970e+15 
6.5976395205e+30 
-1.2529143994e-27 
-2.4765396992e+10 
6.4177188481e+36 
-1.6352589746e+36 
-1.8002699614e+00 
7.8757900660e-38 
            nan 
-2.7677625565e+15 
2.0455351337e-22 
-1.0209319375e+06 
1.2100341280e-17 
-5.0157360000e+08 
1.9408054702e-19 
1.1689775596e+12 
-3.1362695168e+11 
2.2226558976e+11 
-1.5077410274e-27 
-1.2876187157e-06 
-8.6290009600e+08 
3.5112748265e-06 
4.8445595783e-32 
-2.4757887899e-15 
-7.3848360358e+22 
1.0286793018e-37 
-5.3951706886e+00 
4.8275492769e+33 
1.1940519325e-03 
6.0326240552e+21 
2.2503560604e+16 
-1.5295536859e-21 
-1.5306069671e-13 
-5.2213980512e-34 
-7.9810228747e-26 
-6.4609743818e-19 
-6.4386043232e-04 
3.8359872824e+37 
1.8347890969e-24 
1.1348934341e+15 
-8.6806951378e-30 
1.1055835539e+14 
-7.8162040815e+32 
1.2222806555e-14 
1.0008149973e+18 
4.2025091958e+27 
1.5654657781e-01 
4.2807887790e-10 
-6.9032184780e-02 
9.2645404419e-33 
2.9336637800e+13 
2.2013875811e+37 
-2.2207813829e+28 
9.5413665771e+02 
-9.9739127810e-27 
6.5406123895e-07 
-8.3328335551e-12 
-1.3886698438e+05 
1.0402746814e-19 
3.4008854572e+16 
            nan 
-1.6442426158e-06 
9.2529710116e-08 
1.4041060209e+00 
2.9365787034e+11 
1.6848722410e+28 
-1.7180647397e+29 
-1.3488753466e-03 
6.0999580622e-16 
6.8760528684e-14 
-5.1723393455e-33 
2.5843743320e+36 
1.1494091034e+02 
-4.5985411903e-24 
2.0061498438e+05 
-6.4624561295e-38 
1.3357317714e-33 
2.6303835554e-08 
-1.1929656152e-09 
2.8529611882e-03 
2.0862009133e-37 
2.3460222000e+07 
-1.1483992338e+00 
-1.2187745835e-34 
1.5418985533e-12 
-5.3777910063e-17 
-5.1381657600e+08 
2.5862138456e-36 
5.6298774913e+15 
3.4081618383e-22 
-1.3121044268e-33 
7.6778420845e-38 
-8.1059932709e-02 
3.0574017157e-21 
1.6713520349e+29 
1.0200648377e-15 
-2.3980360263e-35 
-6.4980648248e+25 
-1.9277990765e-36 
-5.2256635581e-17 
8.0724742362e-31 
1.4244054000e-05 
2.5754841309e+03 
1.0085529011e+20 
-2.1618397500e+06 
-2.2548665537e-30 
1.4453429387e-25 
7.4598758477e-21 
7.1758129022e+33 
-6.5805844107e-10 
2.9218444411e+14 
1.6379995091e+18 
8.3743991297e-08 
-9.7821205920e-22 
3.6798115598e+24 
5.2702828425e-30 
-1.3825502191e-34 
1.7997011408e+16 
6.0503926519e+30 
3.1275796875e+05 
2.9051567995e-30 
5.1360634870e-31 
-7.8778716158e-17 
5.8111694805e-22 
-2.7994487783e+14 
5.5606647038e-06 
-3.8288814608e-07 
-1.3995564058e-18 
-2.0207718990e-05 
1.0571942627e-10 
-1.1073767208e-02 
-4.0353276646e+15 
7.1601741269e-19 
1.3897100145e+37 
-6.5017411011e+12 
-1.1394905414e-05 
2.9933126969e+14 
-2.1434566836e-14 
-4.0552596875e+05 
-1.3594788928e+36 
1.2264811150e+31 
5.4948790000e+06 
4.5115423584e+02 
1.8578696875e+05 
3.1611954446e+36 
5.9588256818e-07 
1.3887758485e+28 
-4.1230547500e+06 
-4.9931342266e+28 
1.0202992007e-37 
1.1389016788e+14 
6.1923298519e+31 
1.6775286929e-18 
5.8858096600e-01 
-8.6549161050e+14 
-3.1297077720e+15 
4.5756701027e-28 
-2.0560352032e-10 
-1.9442020083e-14 
2.0527426511e-29 
-8.6225810971e-35 
4.9373377034e-30 
5.2686157251e+12 
1.4329578225e-25 
-8.6153499782e-02 
1.1198834926e-07 
3.5789052000e+07 
-2.9564019344e+26 
1.2486467325e+26 
-7.8490367159e-03 
1.3266404090e-19 
7.3027314915e+35 
-5.5871953687e+29 
-1.2552852663e-38 
1.5347455184e-39 
9.8239401165e+11 
4.1564241300e-15 
3.4519786945e+26 
2.4605973335e+14 
-1.3089216102e+11 
-7.2717138878e+37 
1.9469871981e+25 
-9.9473993750e+05 
-1.5787205505e+02 
1.2069845760e+09 
-5.4594571702e-03 
-2.1603905951e+19 
2.4425823995e-06 
7.3498720392e-28 
1.7191450242e+37 
-8.7413515632e-32 
-5.8141193750e+05 
8.0795500731e-38 
-1.4455480425e-25 
1.1958082478e-34 
-2.9015292458e+14 
-5.2389729789e-14 
-5.1607206024e-15 
-1.1696497194e-32 
6.8146362843e+13 
-2.6332286000e+07 
1.1955796741e-02 
-2.4487826730e-17 
3.0928310032e+29 
1.9363834290e-03 
6.1401825949e+37 
-1.8394385491e-27 
-7.5412163278e-04 
-7.4000603303e-17 
2.8082284189e-05 
-1.6903125760e+09 
-1.2999379701e-15 
6.9532166175e-26 
-1.4771236043e-15 
-2.4846376618e-04 
-1.3887901684e+19 
-1.1163281215e-06 
-8.2573285326e-03 
9.5220087815e-07 
-2.7835398916e-11 
2.0605668359e+27 
-2.4413894249e+29 
1.7709434284e-26 
-1.4334786266e-34 
-1.6917329867e-21 
6.7824405552e+15 
-2.7447007596e-04 
-5.6159202941e-03 
3.1299705734e-04 
-3.5291665951e-37 
-1.3811075839e-08 
-2.9308094464e+10 
-1.4182016122e-24 
1.3852112949e-17 
3.4811721191e+03 
-1.1700101041e-15 
-2.2185471191e+03 
-2.7778220077e-35 
1.3351105000e+07 
-2.9078596191e+03 
1.5854995483e-34 
-2.0146871565e+29 
-4.8577963360e+13 
9.6790410000e+06 
-7.3316468873e-34 
-8.5586546530e-12 
-7.2013361065e-35 
-7.0206293666e+30 
-1.7034480000e+06 
-5.3861655560e-23 
9.5146470154e-24 
8.1694720433e-13 
-3.1382235271e-14 
-4.3931578876e-17 
-2.2444935680e+09 
4.9208406052e-38 
-1.1050244446e-14 
6.2386332836e-27 
-1.9020803833e+02 
4.1812995620e-18 
-6.0468434501e-29 
7.8798231962e+12 
1.4414187190e+22 
2.7711349881e-10 
-1.5078289315e-24 
-1.7872370604e+34 
1.6666226732e-10 
-1.1552635290e+11 
-5.0546869004e-15 
-5.7681160000e+07 
1.5884241250e+06 
-1.0821306359e+20 
-1.3693269924e+26 
-2.0880625216e-20 
2.8966222866e-15 
-3.5844294400e+08 
-3.5902261577e-28 
3.8134005070e+00 
-5.1945394262e-06 
-8.7994951603e-11 
-5.6797958144e+10 
2.5799871231e+15 
-2.2185780190e-18 
-1.0286475372e+02 
-6.9874829903e+22 
1.9073794478e+31 
3.6896692335e+15 
-2.7410502662e-04 
9.1632443392e+10 
4.7644845501e+25 
-1.0619233472e+27 
2.1563949873e-23 
3.1655623889e+22 
-4.8039334581e-35 
2.7769282642e-13 
1.8954333264e+31 
-4.1777507647e+36 
2.8728015526e-30 
6.6933978360e-09 
5.8532158457e+20 
-8.2691246610e-30 
1.0606462791e+24 
6.3959449600e+08 
-1.3215295525e-10 
-5.0283935547e+01 
4.2434917774e+14 
-7.9389385635e+33 
-3.7691297303e+20 
9.3476865234e+03 
8.5966778141e-10 
4.4760297852e+03 
-2.2515727910e-23 
1.5488533805e+26 
2.9296048141e+28 
-1.6836060697e+31 
-8.5829190206e+17 
-6.3164854680e-08 
1.2861531492e+36 
-2.7775659157e+26 
-3.3476751273e-30 
1.9947937889e-30 
-1.4628187800e+13 
-1.0440065411e+27 
4.6855207533e-02 
2.7609018143e-03 
-1.6513253430e-19 
-1.3478216757e-32 
-1.3874613103e-07 
-5.1196196875e+05 
-1.2918522380e+13 
2.9783843085e-02 
3.1293767174e+30 
4.9346189716e+23 
-7.7300934750e-12 
-2.1801707108e+33 
5.3316141266e+19 
1.8212290888e-04 
-9.5696932194e-20 
-1.1516811523e+04 
-1.1068061523e+04 
4.3344303966e-01 
-6.5541710099e-16 
2.5848590927e-36 
1.9338195947e+14 
1.0335249219e+05 
7.3715362024e+20 
-1.4227986990e+22 
4.8642042006e+22 
-1.4345443387e-21 
-1.6000335722e+25 
-1.5932601906e+27 
-1.2572874575e+35 
8.2463976782e-14 
-1.3361745626e+36 
5.0667741123e+25 
-5.0818171501e+00 
3.9934453621e-31 
3.0239517500e+06 
2.6558768550e+29 
-7.4857574159e-39 
1.7593455802e-37 
-1.7104042626e-18 
-8.0267886106e-16 
-2.3467945505e+25 
-2.4771892871e+13 
6.2661810750e+30 
-4.4848103283e+21 
-4.7332297222e-37 
-2.8481914713e+22 
-5.3092760025e+33 
-3.1019609315e-27 
-4.7354104000e+07 
1.1707142403e-04 
-2.1040870311e+38 
-1.5363060547e+04 
3.3183320092e+33 
3.1486120605e+02 
1.0559577911e+30 
1.9902156603e+22 
7.2349370621e+36 
1.1400678939e-24 
-5.4379929600e+10 
3.0123974284e-05 
-3.5740514992e+26 
-3.2757573502e-37 
-1.7486860779e-18 
-6.8868680501e-06 
2.8579411298e-28 
-1.6818434381e-25 
-1.0761368800e+08 
-9.2072134018e+00 
-3.4259843614e+24 
-3.3702378871e-17 
3.3497972059e+28 
-9.5428254852e+16 
6.9299958507e+37 
1.9521050300e-38 
2.4633536634e-24 
-6.5308097839e+01 
-5.3637385368e+00 
7.1825362591e-23 
-2.3936374893e-22 
4.2101208566e+36 
2.2652270212e+30 
-5.5247612000e+07 
6.1808971150e+27 
-2.2211109396e-08 
4.6252289155e+29 
2.5300502671e-07 
-7.5097748275e+11 
-4.0103985311e+26 
1.6023546274e+35 
2.1813517659e-09 
-1.1623847676e+37 
-4.2583796875e+05 
1.9060947784e+34 
5.6908698519e-18 
-8.2638385024e-09 
1.4303530043e-04 
-3.4057233084e+16 
1.4699960290e+19 
-3.4735359562e+32 
1.4775610245e+12 
-4.6451827885e-27 
9.9770944705e+22 
-1.1801454125e+18 
-7.4015185237e-04 
2.4301156797e-23 
-1.5809937500e+04 
-5.4655459898e+20 
3.2773600000e+06 
1.5546917052e-14 
1.0135023307e+17 
1.2497713780e-27 
4.2341533079e+17 
2.0451712000e+07 
-1.8612031478e+37 
-4.9624949874e-16 
1.4340294506e+15 
1.1065916129e+13 
-6.9219840000e+07 
-8.3198468334e+30 
1.6642803244e-30 
4.6730068814e+16 
2.5031425821e-09 
-2.6342031360e+09 
-2.5436106759e-23 
-8.8106946869e-13 
-3.4890122983e+37 
-5.0283773589e-07 
-9.2384630000e+06 
1.7049624516e-12 
-3.1459887396e-04 
3.0298717500e+06 
1.5591661560e-32 
-8.2295347594e+15 
2.7390380067e-29 
2.7902198323e+30 
-5.8779747829e-27 
2.1229368210e+01 
-9.7955383045e+29 
-5.3415959498e-21 
-1.0484873317e-02 
1.4767922949e-05 
6.8017054268e+36 
3.9368905600e+08 
1.2982044910e-12 
1.4987516950e+24 
2.7170552563e+20 
1.3867471681e-22 
8.3335952593e+36 
1.2970237549e-05 
-1.3100205334e-27 
-1.6421973503e-10 
3.7929128212e-06 
6.6598144796e+21 
-2.5831689892e-19 
5.8468715928e-35 
-1.7899330932e-22 
-5.2498277109e+23 
4.6203628946e+28 
-1.5707540431e+20 
8.0093254089e+01 
1.3970925765e-33 
-7.5209214498e+24 
9.2333900996e+17 
-6.7319239803e+12 
3.3088937584e-32 
-4.9675170644e-09 
-1.1342508908e+27 
-1.8996532162e-05 
3.1050897192e+33 
2.3132621618e+20 
3.8423378091e+25 
6.3530296424e+19 
1.1977168879e-33 
2.1992781143e+23 
-8.4985036966e-21 
5.5979242188e+04 
-7.8786385920e+09 
-3.0925725427e-22 
3.6559163925e-26 
1.5278077730e-27 
2.1831224547e-35 
2.2156981286e-03 
1.2816561523e+04 
-2.1655737367e+25 
-4.8042129107e-36 
1.7255842582e+29 
-5.6702610282e-34 
-3.2883141516e-21 
-4.6171532910e+29 
-5.5485164329e-35 
-4.1416000078e+21 
-2.1139430659e-32 
4.6599049202e-19 
-2.4470156534e+24 
1.9793536647e-32 
-2.7379504000e+08 
-6.7825384521e+02 
-5.4669289475e-27 
2.6214618041e-13 
-2.8601128818e+26 
1.0842327548e-35 
-6.7519482400e-05 
-1.7469252348e+00 
-1.7843215012e+28 
-9.8963115234e+03 
-5.8385379977e+17 
1.3156141454e-10 
2.6064593425e-24 
-8.4652056576e+10 
-7.9765287461e-15 
1.7838010788e+01 
-4.9884898381e+34 
1.7643377000e-17 
-2.9334452149e+15 
1.0108727687e-21 
-1.3248389939e+11 
-4.9419231691e+13 
-3.8533776780e-38 
2.5782829933e-21 
9.4710058189e+12 
-2.5122455576e+34 
3.4749638771e+13 
3.3029623646e+33 
-1.7874745589e+26 
3.2289178791e-25 
6.5088356718e+37 
-4.7340116467e-38 
1.3357468227e+30 
3.2168729305e+00 
-1.8612632320e+09 
-1.6087485510e-10 
7.3361660022e-39 
2.0508602814e+20 
3.4134000502e+25 
-1.6311421614e+25 
7.7576152980e-02 
7.2223626019e+36 
-1.4836276804e+36 
-2.8665808495e-03 
2.0584275392e-17 
1.9089076539e-18 
3.7871840729e-20 
2.1310212612e-27 
2.5624523030e-23 
8.4012236276e+13 
-6.7017865669e+17 
-8.9764779806e-01 
1.4671443922e-29 
-4.6623046510e-03 
-1.2222853206e+27 
-6.1459837581e-22 
-1.7258826904e+03 
4.3350199349e+36 
-4.6812595183e-18 
2.2747630281e+30 
-4.7905140965e-10 
-9.6796805523e-35 
-7.8561993032e+12 
-5.0553639994e-06 
2.6073991007e-33 
-3.7740649650e+34 
9.6292448000e+08 
3.8781163096e-01 
-1.0913284414e-37 
1.5226753062e+25 
-3.2187911672e-18 
1.4773670857e-33 
7.5447077751e+00 
-1.9251610239e+30 
1.1054600904e+15 
-2.9141965773e+36 
-1.2908855083e-35 
-9.6234599592e-20 
-3.3958186363e-29 
5.1294682635e-05 
2.8811663210e-36 
-7.4971400227e+25 
7.5193416078e-31 
1.2193632778e-18 
-3.2539342554e-21 
2.0785371139e-15 
-5.5140545592e-03 
8.9843958935e-33 
5.5652360094e-15 
-3.3064532852e-33 
-1.9570459699e-05 
7.8511139647e-13 
1.0139353253e-04 
1.3842349665e+21 
2.0438245210e+34 
-1.4444203380e+31 
-1.6536634648e-03 
-3.7976113274e+34 
-4.7223670078e+15 
2.7021242096e-14 
-1.2326316833e+02 
-4.3967187796e-23 
1.1685305754e-32 
-1.5996268052e+13 
5.1790429557e-19 
-2.9361055931e-04 
-8.6518949875e-35 
-1.3203596213e+20 
-5.5457635426e-06 
1.3440582435e-14 
-5.0231832886e+02 
-8.9139932394e-01 
6.0564096184e-32 
-4.5822843447e-24 
2.4308871023e+37 
-4.9887415022e-02 
-1.2841799002e-30 
1.2895098412e-34 
1.4048769868e+13 
-2.5605244595e-21 
1.3502040474e+11 
4.8878658295e+01 
-5.0149402214e+11 
-1.2853114292e+36 
2.2201513315e-32 
-6.0283798814e-25 
7.0112666015e-37 
-1.3649327255e+33 
-4.3568917381e+12 
1.4261695000e+07 
-4.0990613822e+16 
5.2045502343e-06 
-3.3007927272e+30 
-2.4920512806e-04 
8.9007888164e-05 
1.5473843318e-09 
4.3310170112e+11 
6.3654483919e+30 
5.1439043134e-02 
-1.5938516266e-15 
1.5996056077e+25 
1.0071257827e+29 
-2.2086700083e-17 
-4.8124960805e+17 
5.1825672761e-15 
1.2662916920e+30 
-3.6090904570e-11 
-9.5946081497e+25 
1.8606295953e-06 
-3.9190305337e-17 
5.5726928036e+13 
3.0270841122e+00 
-6.3021508198e+11 
-7.8328715660e+30 
-2.6839899851e+32 
-8.1301221262e+36 
2.7148992708e+24 
1.9893758400e+08 
4.4346250711e-14 
5.4381596687e-34 
            nan 
-1.1296119607e-21 
8.7484514021e-33 
-1.5460122533e+24 
-8.6715046109e+18 
3.2765707199e-39 
1.4594477717e-25 
1.0986436523e+04 
3.7658814211e+19 
3.1258201394e+34 
1.1073904823e+30 
1.4968353915e+35 
6.7375307538e+34 
-4.1773778193e-24 
-2.6195405051e-02 
3.0100224540e-02 
-1.5818334958e+32 
6.9605589488e-06 
            nan 
-3.4631337027e-18 
3.7213989044e-39 
-1.8345139528e-32 
-5.4315772676e-17 
1.8250167280e-19 
-1.0401218782e+28 
-3.7569833887e-30 
1.5891932473e+29 
1.7393208166e-19 
-1.2581532827e+36 
-4.2034875000e+06 
-3.7479841309e+03 
-4.5589866204e-05 
2.5853838622e-20 
-9.2537915158e-31 
-2.9875044928e-32 
-4.6427182617e+03 
-2.8936741874e-02 
7.0787422146e-07 
5.0324064000e+08 
-4.4447509777e-20 
-3.3108296311e-36 
1.1152902640e-36 
-4.9490157243e+26 
-1.9053760731e+15 
-5.4900167507e-18 
4.3714540995e+12 
-5.0151160000e+07 
9.4829355469e+03 
5.3256559803e-24 
-3.4041432500e+06 
-3.1367912927e-34 
7.2365978441e+28 
1.5609524666e-32 
-1.3675859804e+12 
-1.8708034525e-13 
2.5484762063e-27 
4.0527635081e+25 
-2.5637761843e+12 
-9.8362722415e-32 
6.3815997472e-25 
5.0171576178e+36 
1.2611101320e-17 
1.4497149128e-34 
1.3344284274e+26 
-2.4422229131e+20 
8.3592323656e-34 
-3.7853729352e-27 
1.3328111124e-31 
8.0948795000e+06 
3.1757796875e+05 
-8.2848629753e-27 
5.5059607109e-23 
1.7193037988e+12 
7.3459515000e+06 
-1.0067969214e-07 
-1.0802008438e-21 
-4.6443956320e-11 
8.3977437276e-20 
-4.1691639808e+10 
3.5326709062e-38 
-9.1655167978e-33 
-3.6878675968e+10 
-1.4205198750e+06 
-1.8910832795e+26 
1.6005108655e+16 
1.8395756120e+25 
4.1081818507e+24 
-5.0871970376e+27 
1.2225200960e+29 
-9.4720494879e-26 
1.0364838016e+37 
3.9134501147e+37 
-1.5883201904e+03 
-9.4180902226e-13 
1.8420647526e+11 
5.2549746776e-09 
8.5967492243e+35 
-8.4219223461e-19 
-2.4680624816e+13 
-1.3479107529e-24 
5.9281189000e-15 
1.1838397664e-27 
-1.4123158224e-23 
4.5898677826e+01 
3.3359649176e+34 
-1.1175337565e-11 
9.6571578522e+22 
1.6171854437e-12 
1.7158161376e+29 
-6.2965304525e+11 
-1.3694667200e+08 
1.2495423696e-36 
5.5850806811e-29 
-5.4154034036e-25 
1.1289011024e-21 
2.8921643420e+33 
3.3506897744e-03 
1.5025621676e-17 
-9.5381763530e+22 
3.2837014400e+08 
1.9810143150e-31 
-3.9331092879e+30 
-1.2979455200e+08 
9.1228367018e+34 
-3.3272659493e-05 
4.5249306928e+24 
4.8307635108e+32 
-2.7572720149e-11 
2.9793103941e-26 
-7.2184988693e-36 
-4.2467351725e+25 
1.6449132638e-12 
-2.2248924255e+02 
-1.5603278750e+06 
-1.1211040099e-13 
1.1419335329e-39 
1.7445150710e-15 
-2.8620047338e+25 
7.1740167866e+31 
-4.7319505306e+11 
1.0648425718e-11 
3.1323264056e+35 
5.4805114261e-32 
-9.6230923230e-10 
2.7472829285e-33 
-3.6200594605e-11 
6.9729991273e+15 
-4.1028060953e-26 
1.5949576960e+09 
-7.1855158170e+29 
2.8323587913e+38 
3.3503942489e+38 
-7.6302492188e+04 
-2.1841086847e+22 
-1.0516817725e+19 
-3.4371169079e-19 
1.8707473025e-31 
2.1597308331e+18 
4.4511095209e+30 
8.0403410152e-08 
1.1797188222e-01 
1.1060794059e-37 
5.6458013376e-08 
7.6623502255e-37 
-7.6125473022e+01 
1.3558912840e-23 
8.2757608794e+34 
3.4293709905e-04 
-4.1425035020e+35 
-1.8337079013e+30 
2.8996529622e-09 
-3.4127727671e+17 
-7.5457130151e-05 
7.7393935062e-03 
-1.5810548704e-10 
-4.1660476258e-27 
1.1335323751e-01 
3.5587458115e-05 
4.8732358400e+08 
-3.9158542576e-24 
9.3574130535e-01 
-3.2260620547e-24 
-1.3720472257e+13 
2.3763606322e+27 
-1.6831618644e+25 
2.5372196273e-28 
1.1989294434e+03 
-1.5774629552e+19 
1.6872557500e+06 
-4.7560469474e+18 
1.6907070603e+13 
6.1066982414e+25 
1.4797915997e+29 
-1.2671200564e-23 
8.4371166779e+36 
1.1558721374e-13 
1.8098657324e+38 
-3.5290513523e-37 
3.2271255623e-04 
-3.9827020225e-26 
-8.1958877185e-11 
4.7964760004e-16 
-5.4481642353e+25 
4.5765832096e-11 
3.0416401920e+09 
-1.7913361816e+32 
-2.0363013716e-20 
-1.8720419408e+37 
9.0196107002e+33 
-7.7196577331e-04 
            nan 
-1.0019481659e+02 
-2.5797051421e-05 
5.3086105028e+29 
3.1000088607e-10 
-3.7189841309e+03 
-9.6112241282e+27 
9.3928140402e-01 
-7.4546367567e+36 
-5.5389147309e+32 
7.4011870918e-38 
1.4554237577e+27 
-3.2011408279e+27 
-2.2514880988e+28 
-3.9902417715e+18 
5.8032643212e-24 
2.4859006585e+35 
1.4187563232e-26 
-1.0863859097e-33 
-2.7832325505e+13 
1.1617629781e-30 
-2.5285040585e-25 
2.0070636708e-07 
1.7480254768e+38 
-1.7472373047e+04 
2.8515149102e-17 
4.4864979916e-21 
-1.0685407874e-14 
4.7881657308e+24 
7.8483015456e+33 
9.0884022819e-31 
2.6711307354e-22 
5.8167853971e+18 
-4.8794737246e+18 
-3.5806082560e+09 
-7.5029305435e-07 
3.4675708375e+16 
-3.7901590200e-10 
7.1122531953e-21 
-1.3435825349e-28 
3.8189357730e+33 
-1.8757403113e+18 
1.9710772860e-26 
-2.6792542892e-19 
-3.7508240069e-08 
-3.3266793770e+34 
-2.4750968310e-28 
-1.5305949724e-31 
2.2789367981e-23 
-1.1039478359e-10 
2.9728306927e-08 
8.7586542523e-32 
5.8232834563e-03 
2.7049035495e+23 
8.7255615234e+03 
2.8065614567e-20 
-7.6872151022e-33 
8.3632840704e+10 
6.2817427704e-08 
-1.2424749829e+14 
7.7340911453e-12 
-2.5154667300e-29 
7.0684704529e+35 
-4.8604656338e-17 
6.5601235474e+34 
1.8997974825e-30 
-7.7859600000e+05 
3.7473643259e+18 
-1.4367443548e-25 
5.5727209514e-37 
-2.6211317676e-34 
2.7796625091e-06 
3.2678678036e+00 
1.9616911843e+24 
-4.7736779669e-36 
-4.6150027312e-39 
-2.7914881346e+23 
-1.0867452621e-01 
-1.9504667034e+11 
-6.6912704254e+16 
3.3081935897e+31 
-1.8177917879e+18 
-3.9683264556e+37 
3.5085056000e+07 
-3.3745750000e+04 
-1.3622436512e-10 
-3.8869970355e+35 
-7.6247258934e-18 
-5.2152866430e+31 
1.5232326861e+22 
-6.2348988195e-09 
3.3386200000e+05 
-4.9514711287e-36 
-3.3619276667e+27 
2.3508210217e-14 
4.6033998239e+18 
-1.0575417443e-16 
3.3905545281e-31 
6.0426080430e+17 
-2.5898800232e-05 
-1.6798515200e+10 
5.9221951357e+28 
2.7511061846e-28 
-1.4460754395e+01 
-2.2149441112e-21 
9.4736778002e+13 
2.4416896000e+07 
-8.5915625000e+03 
-9.6022614574e-27 
-9.8202533078e-26 
2.0518422127e-02 
4.7298255552e+29 
-4.7141042732e-31 
9.1406094325e-19 
4.3294640438e+16 
2.0026899200e+09 
-5.1391402799e-19 
7.7846384577e-31 
4.0977445100e+25 
-8.4078817633e+34 
5.2545868892e-21 
6.3792572021e+02 
-3.4697931195e-09 
-3.5325238820e-37 
1.9140263410e-22 
6.1823938515e-37 
7.8815325848e+13 
-2.0551322028e-02 
-7.3738640083e-08 
2.1168536320e+09 
-2.6350990007e-14 
-8.4983639915e+21 
2.6047978500e+17 
5.2873459139e+13 
6.7616315000e+06 
-8.6961636134e+36 
1.9226315200e+08 
-2.5817643008e+10 
9.7079188986e-26 
-1.6728098438e+05 
6.9808375154e+26 
6.8100089471e-15 
1.0104297468e-24 
5.3295864753e-37 
-1.0612135086e-12 
-6.6458194503e-09 
-2.7684529073e-17 
-5.2478402853e-01 
-1.3965510101e+32 
2.6193996354e-22 
5.3363030832e-34 
7.7414196744e-14 
-1.6499245728e-24 
5.7719212952e-31 
1.5445186469e-34 
1.2580870628e+01 
1.2486572998e-28 
-1.3317468456e-33 
-6.6375118848e+10 
-3.9020090639e-31 
1.3366166058e-05 
5.1000195178e-09 
2.2973173889e+36 
5.1038596875e+05 
-1.2907980000e+08 
1.3410839687e+23 
3.3560533552e-07 
-1.9890149733e+34 
-2.4132279214e-03 
-2.1161404226e-11 
-1.7064213269e-13 
-6.9100824268e-38 
-1.6509861755e+02 
1.2497249140e-38 
3.6398809739e+37 
-1.2868796726e-34 
2.3539064825e-01 
-5.9973435000e+06 
5.8541681382e-36 
4.3282913280e+09 
-7.2684149285e-27 
1.1057714423e+26 
-2.6560789005e+17 
-2.3479588715e+23 
5.5585951080e+19 
6.4377577472e+10 
-8.3524974749e-26 
-4.0267675000e+06 
8.0202847402e-13 
3.7103571514e+14 
3.8822568953e+27 
-2.6824730341e+29 
-5.5731236596e+35 
-3.2598363935e-34 
3.9206819930e+18 
1.3135595517e-14 
-1.0602016298e-31 
7.8075587500e+05 
-2.5515921819e+33 
-4.1041246671e+36 
-8.9752044831e+12 
-5.2887259238e-28 
6.9303207397e+01 
1.2196001244e-16 
2.8052075402e+23 
-3.0405085048e+29 
-5.2599632553e+35 
4.7837316850e-28 
-3.7482050136e+37 
-2.0380070109e-14 
9.6640335595e-38 
-4.5357568586e+27 
2.4821983215e-30 
1.7170223281e-34 
-3.3756861687e+00 
3.8730077450e-19 
5.6149042211e-03 
-1.7497483383e-25 
-8.9031786388e-08 
9.5031692800e+08 
4.6620678625e-38 
1.4868364171e+17 
-3.3312416693e-31 
-2.3820518047e-23 
-6.1168651600e+13 
-3.6638557500e+06 
6.5593455411e+11 
4.4027941275e-37 
4.8394121251e+17 
-7.8684807496e+12 
1.3169283617e-34 
-2.2918811737e-07 
1.9235505427e-25 
-3.0662438910e+28 
-1.2426870784e+10 
3.2975386011e+29 
-4.2958434693e+15 
2.2531994243e+33 
-2.8658003194e-19 
-4.4890783429e+14 
3.2059401274e-03 
-6.5345298380e-31 
5.5835833139e+11 
-5.5358824178e+28 
3.0963913710e-37 
1.4254245101e-35 
-1.4889379393e-35 
-7.1470257809e-16 
6.2395546754e-19 
-1.5325656645e+21 
1.0883889932e-28 
-8.8031137649e-21 
-6.3155670205e-07 
1.5512200480e-04 
2.2390905148e+21 
-2.2987404806e-24 
-8.9632022814e-34 
-4.4379253050e-10 
3.3974886400e+08 
6.2295616995e-34 
-1.1251031538e-06 
1.8253648193e-07 
6.0204849496e-22 
-7.1987549553e+22 
-1.9556433933e+31 
-7.4183082492e+27 
-4.3761865600e+08 
-1.4082725421e+34 
3.4093942261e+02 
-2.0723215743e-25 
-2.1777507797e-08 
4.6792641105e-14 
1.8414138184e+03 
1.4851067624e-38 
8.4456312004e-34 
6.7682885230e-19 
3.9206475667e+23 
-1.3061388163e-03 
-1.5580742466e-14 
-2.5997721878e-06 
6.4782574512e-39 
4.8110623124e-11 
-1.7560144246e+15 
-2.2358373047e+04 
-1.2046690598e-28 
-1.1585361622e+28 
-2.5200293888e+10 
-1.4694067829e-07 
8.2339090109e-01 
-4.5797821207e-32 
2.1267656782e-28 
4.6533816802e-21 
            nan 
1.2842851964e+27 
-2.1891498438e+05 
-3.1377052051e+26 
5.9036532184e-04 
-8.1224356580e-36 
5.5712537550e-15 
1.1089175774e-13 
1.9806890263e-32 
-4.1714218680e+33 
-1.8642706104e+13 
4.7421139360e+18 
-4.1091485323e+33 
-2.2202582333e+27 
6.5388803321e+22 
1.9057654715e+36 
8.5378240348e+12 
-3.5067594051e+00 
1.0719210406e-36 
-3.4268903424e+10 
-3.4578342871e+12 
-2.4173499883e-28 
-1.0263784041e-22 
7.7797152316e+37 
-7.8738432617e+03 
4.7387725317e-06 
1.6952731934e+03 
4.3811928193e+32 
3.5864395521e-19 
4.8244230449e-02 
2.6163933692e+24 
1.6205706386e-19 
8.3895005065e-15 
-1.1192434570e+04 
1.0178637747e-24 
-3.2379430922e+34 
3.3909149360e-13 
-4.8725355417e-02 
-7.0147408099e+33 
-4.3387562348e+32 
-4.5646390000e+06 
4.9735098723e+36 
4.1566456000e+07 
-9.0233027286e-38 
-7.0286315918e+02 
2.6448508000e+07 
2.1678974008e-05 
1.6009109384e-21 
-5.5021980028e-11 
1.8923876807e-02 
1.6648973517e+11 
8.9595701875e-33 
1.2798207200e+08 
1.4364637307e+16 
1.2593215000e+07 
-2.0335580602e-32 
4.7322210170e-13 
-1.9948121230e-38 
9.6031598897e+20 
-3.2289026230e-18 
5.9903848305e+37 
2.7673874168e-22 
-1.5863201904e+03 
-2.5196209740e-22 
-1.1263571937e+19 
-8.1110280011e-39 
-3.9159757588e-32 
-1.1383826520e-10 
-1.2730972113e-14 
-1.4295207807e+30 
3.1104368574e-30 
1.6733644903e-01 
-1.3840874367e+15 
-7.5770433278e+15 
5.6168326484e+35 
-3.1904789805e-01 
-4.3953066779e-05 
5.7313523804e+21 
-2.5900123047e+04 
-4.2433942400e+08 
-4.1833100244e-18 
6.1499906785e-25 
4.2578079315e+23 
2.4428097957e+24 
1.0028897785e-02 
-7.3927931926e+20 
2.3261804004e+24 
-2.3129067880e+13 
1.1186419986e-02 
-1.0429787910e-27 
            nan 
6.8470777600e+08 
-4.0242328648e-14 
-5.6214277828e+34 
5.5684759521e+02 
7.3604395371e+15 
2.4336295610e-04 
-1.0212146176e+10 
-1.5836222611e+33 
-6.7306687137e-36 
1.6827268475e+16 
9.8362492188e+04 
6.0703714963e-36 
6.0176443890e+37 
3.4386136532e+00 
1.4157174565e-11 
-4.9734159981e+18 
-1.5371732418e+36 
1.7463319679e-08 
4.9649639586e-34 
4.8436046737e-19 
-1.9353825684e+03 
-1.3550919217e+38 
-1.2501550373e-03 
-4.7344956913e-32 
-3.9600387719e-29 
1.4664322953e-04 
8.3996149274e+15 
1.9023672635e+27 
-9.3195784247e+19 
7.9226537637e-34 
-4.5953923918e-32 
8.9830065918e+02 
-3.3161627471e-06 
-1.5771990229e+13 
-1.7583224373e-12 
4.0202929916e-17 
6.0481413581e+27 
-3.6306904803e-05 
            nan 
-3.5265813707e-12 
1.5331487646e+13 
5.5918924510e-02 
5.3609750529e-31 
-3.2628447441e+28 
5.5231271238e+35 
-1.7747981688e+17 
-8.0181776070e-26 
-7.7746643265e+31 
5.5602734394e-19 
8.5800841910e+27 
-3.1806358220e-14 
1.5223848708e+30 
2.4604940183e+27 
-1.9814367654e+20 
-3.4446177058e-14 
-5.0772368311e+33 
5.2266253961e-29 
2.6845327872e-17 
1.5680022077e+26 
-5.2521030060e-12 
1.2358732093e-10 
-7.1544083679e-18 
5.1727811980e+32 
-1.1086147822e-07 
4.3382066488e-01 
1.0043704280e+26 
-1.4220149979e+25 
-7.3370493818e-20 
-3.5016383319e+22 
-3.8653047807e+16 
9.3045876518e-35 
-4.6558737802e-33 
-2.9566881367e+38 
-3.6308538640e-22 
6.6193593047e+14 
5.6167177734e+03 
9.7329892447e-18 
1.0144690735e-33 
4.3283016377e+31 
2.0846628468e-04 
-2.8239259109e-07 
-7.2962931755e-38 
-1.1231980896e+02 
-8.6941439115e+21 
-1.0760825535e-04 
1.2359995245e+29 
2.5039684270e+37 
-6.2488048312e+22 
-5.6008895545e+17 
2.4068435902e-16 
-5.7988669310e+17 
-1.9123668715e-19 
3.6456319943e+14 
-7.3463515075e+15 
-5.4669310503e+29 
-3.9447651943e-04 
1.9053342839e-05 
-2.0687767863e-01 
-1.1768348438e+05 
7.2746324250e-22 
-7.0225568748e-26 
-2.1429534652e-35 
4.0221756312e+34 
1.1217478857e-07 
-6.1310222372e-03 
3.5543647257e+35 
-1.2914120498e+25 
-8.1677272909e-14 
-8.0370279291e-36 
-2.2607328664e-25 
-1.3564399710e-27 
7.3258471705e+29 
-1.4696531039e+28 
-1.4545854000e+07 
1.7218596183e+19 
7.6408552801e-31 
-9.2683348339e-04 
1.2629206650e-17 
2.5384014807e+26 
3.5888350344e-29 
3.6956920000e+07 
3.4201351382e-31 
7.1490976659e-14 
-2.4077905428e+14 
1.4732486089e+14 
-2.7950593164e-19 
-1.4640690421e-22 
-4.1083428274e+23 
3.1551764028e-20 
-1.2046076421e+36 
4.0894295104e-27 
-3.1057280127e+31 
8.1534878086e+33 
5.8982070000e+06 
3.7699787754e-06 
-5.2076835366e-31 
5.0305029239e-12 
-7.9096605943e-24 
8.1580571987e-07 
-7.9197619320e-28 
4.2746086141e+15 
-3.4356209910e+12 
-2.4057462002e-29 
2.2468049014e-13 
-1.2869308063e-36 
1.9009184405e+32 
6.8381987500e+05 
-9.0295653790e-03 
1.7688877500e+06 
3.0681865812e-30 
1.5206048847e+32 
-5.8115017045e+22 
-2.4188961792e+02 
2.1091350693e+37 
-4.6708031369e-23 
-1.4048419348e-19 
7.7244800986e-29 
1.9382711792e+02 
5.9631217990e-32 
-6.3418110585e-06 
-2.2174367000e+24 
3.3613939504e-37 
-3.0009368309e-25 
1.3529919847e-14 
5.4186618328e-01 
4.4137910000e+06 
-2.1220301397e+24 
1.2214915111e+25 
-9.3235965434e-33 
-1.0128923178e-26 
1.6447572193e-07 
2.3617321767e-38 
1.5618474089e+15 
-2.7055367377e+38 
7.4347212829e+21 
-3.2959373009e-09 
5.6395923638e+17 
1.8057923058e-31 
1.9133832296e-08 
-7.4765623881e+33 
4.9684677734e+03 
2.0416243274e-07 
-2.2210891553e+24 
9.0570787500e+05 
-5.3106870000e+06 
-1.2875379013e-27 
-2.9742522747e-04 
-7.5372893240e+31 
1.1219956214e-10 
2.1977895312e+05 
4.4921956687e+21 
-1.4432428184e-24 
6.6450716638e-37 
-3.9309509919e+12 
1.8304699533e+25 
5.2903391509e-23 
-1.4300032000e+09 
-2.3968573714e-28 
7.4105751209e-23 
-3.8474052876e+29 
5.8645283856e-21 
-2.0596311571e+18 
8.7539806372e+12 
-7.0252268239e-24 
-1.1387382921e-37 
-2.1207727584e+28 
-1.4539846626e-17 
2.2024423951e-10 
1.3901810547e+04 
8.8027773568e-24 
9.1151126561e-35 
-9.1297517004e+19 
1.5752052810e-22 
4.1667403763e+14 
2.3589555516e-28 
1.5347832910e-22 
1.2971590817e+29 
1.0783776337e-26 
-1.4742409515e-09 
9.8746664179e-09 
6.9712602024e+16 
-2.8527285167e+37 
-1.2143316884e+23 
3.4369875849e-25 
-3.1926567697e+34 
-3.6699627625e+26 
1.0488300401e+30 
3.3612203605e+16 
1.9459147291e+34 
-1.0052345693e-01 
-3.7721336000e+07 
-5.9991944934e-16 
1.2631755015e-37 
-2.0305323601e+00 
-1.1888762958e-24 
3.7021318319e+24 
2.0124553687e-35 
1.1096234348e-10 
-9.8228815976e-32 
-1.6467973822e-18 
-1.2165178729e+20 
-1.8049034267e-08 
6.0814587252e+22 
-1.5289721755e-21 
-2.2321658616e-04 
5.0811680036e-33 
3.8200820285e-08 
1.0010825728e+21 
3.4969941439e-12 
-2.3372935539e-04 
-1.7697698746e-25 
-2.8515315986e+15 
-8.3600362473e+33 
-1.0057843308e+21 
4.8652532013e-33 
1.3420253136e-13 
-2.4877343018e-27 
-9.3268925684e+17 
-2.3337272304e+32 
2.1063351040e+09 
-3.6856211103e-33 
-3.2851172449e-08 
-1.6402917464e+25 
-1.4382350422e-08 
-4.9145485298e-20 
7.2602549957e+14 
1.5311471169e+15 
1.6613986217e-21 
-4.3752819458e+31 
7.4255856011e+15 
-1.2167730823e-08 
3.7998703774e-03 
-2.0072098438e+05 
2.1627006000e+07 
2.3172242222e-15 
-5.4741284212e+14 
5.8349639680e+09 
-1.9755723695e-24 
1.2448361344e-28 
1.0280085262e-03 
-1.2760037724e-37 
-5.4174275405e-27 
-2.8116932470e+38 
-2.4125092750e-05 
-4.4338934270e-33 
-5.5702930518e+23 
-3.6618405728e-22 
4.9142674099e+34 
-2.4426948835e-20 
9.4596126274e-34 
-3.7489374222e-27 
3.6397143721e-28 
7.7809244160e+09 
-4.3106289402e+22 
-1.2602949219e+05 
-5.1956617128e+19 
-2.8366773677e-06 
-3.1474114477e+35 
3.9536037570e-37 
1.4741624182e-04 
1.3373183252e-20 
6.4430652367e+21 
-1.7894910400e+08 
4.9767956556e-23 
9.5789192199e-35 
-1.1819786144e-23 
4.4016120609e-11 
-2.4276596821e-36 
-2.9373559939e+25 
-7.5054621696e+00 
3.2781447180e-34 
-9.1727858642e-10 
-7.0061350925e-06 
3.6887432037e+19 
-6.3306776793e-22 
1.7795430904e-04 
1.6557258675e-07 
2.5855242344e+32 
5.3242909773e+34 
-7.1160169128e-37 
1.1627213374e+24 
6.2120644661e-32 
-7.6519905029e-31 
-7.9876608000e+07 
1.7790870088e+24 
6.1396800000e+06 
1.0327919076e-12 
-6.3846775312e+22 
3.2542877197e+00 
2.2574380956e-17 
-1.7376169538e-19 
9.7829139815e-36 
-5.7886735499e-24 
5.2141233275e+12 
-4.2783750279e+25 
-1.2511376190e+02 
1.0771769275e-17 
2.1546718187e-08 
2.3816569693e-27 
1.2265407000e+07 
-1.3010854309e-04 
-7.4388044335e-11 
-6.0021574609e-03 
2.9459326000e+07 
-1.7850359438e-30 
-1.7036925690e-11 
-4.6521792468e-36 
5.6208413839e-01 
-2.8672574088e-02 
9.1745850911e+36 
-1.8210328883e+31 
-2.4420665965e+15 
-1.5802135004e+34 
1.8258350504e+16 
-3.3214508516e+30 
-3.4005532696e-36 
-2.2265208504e+12 
1.1773193380e-27 
1.7099881688e-06 
1.6127598158e+28 
1.8060298438e+05 
-9.8978453471e-13 
8.5215029477e-10 
1.2891632440e-30 
2.7945857383e-28 
-1.0266186609e+34 
-2.2880157353e+22 
4.6268740475e-35 
-7.5628178592e+15 
3.2779216720e-25 
-4.3203510000e+06 
1.1151548438e+05 
1.4139109794e+30 
7.2472642498e+16 
-1.4308053006e-11 
-1.1423041844e+30 
-6.3613734400e+08 
-6.4677742188e+04 
4.7850686415e-29 
-6.0905355140e-24 
-3.4322530859e-19 
2.0354486878e-06 
-5.8693001029e-20 
-4.9490241508e-05 
5.8551070557e-34 
3.4723128192e-03 
-2.4844478681e+28 
1.0614960058e+37 
-2.1695265029e-10 
-2.9850360006e-02 
-3.0098224813e+20 
-3.4808600592e-17 
1.6537215304e+12 
9.6057187500e+05 
-3.0813091741e-20 
4.4157562130e+20 
6.3017299399e-03 
-1.1852557227e+19 
3.0436667245e+35 
3.0402356500e-19 
4.0150542252e-16 
1.3482644291e-16 
-1.2907920765e+16 
4.0701315234e+27 
-1.5599241878e+22 
-4.8754138504e-08 
1.5363967395e-19 
-4.6704682646e+31 
-8.6982552097e-26 
3.7063310550e-30 
-2.2284725684e+26 
2.9455821046e+13 
-1.7887054494e+37 
2.7825532000e+07 
-5.1962242230e+19 
1.3625407927e+24 
-2.0534936133e-29 
2.9696397914e-20 
-7.0541987500e+05 
-6.7229115514e-39 
-1.0302977259e+33 
3.1002010219e-03 
5.3311892236e-34 
7.3357120052e+29 
4.1560082309e-07 
-6.6307059646e-29 
3.0266448087e-15 
2.3893266924e+12 
-1.7476151763e-20 
-3.6119078570e-35 
-7.9576725919e-26 
2.0890296875e+05 
6.0314068833e-05 
-4.3246979570e-35 
2.6864836426e+03 
1.6389488857e-18 
-3.3738943795e+17 
7.0271203136e-13 
-1.3940729889e+38 
6.0600738281e+04 
-1.3943905836e+26 
3.2114118001e-21 
-1.5585335290e-15 
1.9276199527e-19 
1.5238980495e-06 
-6.9801477098e-11 
-1.1529324989e+27 
-7.7144012596e-31 
-1.8634097436e-22 
-5.9595971008e-14 
-7.1061988831e+01 
3.3252979393e+25 
5.5153873246e+34 
-1.0524612293e-08 
-1.3538211237e-22 
9.6523468750e+04 
-5.6085195344e+33 
-3.9158730469e+04 
1.8896422199e+26 
-1.0088687122e-04 
-3.0743499637e+13 
1.5728942344e-06 
-1.3406911066e+37 
3.1617310720e+10 
-1.5526191205e-22 
5.2807458460e-18 
-4.0522345819e-23 
1.8046674334e-15 
-2.3790957475e+36 
-2.0257732042e-19 
3.9320662634e+22 
1.8397457169e-10 
-1.0620273637e-24 
2.0472442440e-14 
-4.0845445435e-16 
-3.9404952500e+06 
2.7219402338e-20 
3.6443373119e-06 
-6.1532181169e-33 
2.9911841425e+29 
8.2461745000e+06 
-2.5199058944e+11 
1.0439213222e-16 
9.2660963738e+11 
3.9629070670e-04 
5.2832176123e+34 
-2.8691201017e+17 
2.6902974759e+28 
1.5998647962e-09 
-2.4320451431e-08 
5.8418259621e+00 
-1.0576484670e+24 
-4.8944990625e+05 
1.9142634341e+32 
-1.0880318000e+07 
-4.5536757827e+37 
7.6012320467e+15 
-6.7634183799e+13 
4.2046728112e+37 
-2.0417115092e-01 
-1.7099495977e-02 
3.7544485362e+32 
-1.9574474275e-34 
-8.1218908979e+11 
3.2297138117e+19 
-1.9475280055e-07 
2.2031121094e+04 
-3.3288523299e+28 
2.3681886643e+30 
-6.0543196094e-15 
-1.5110714880e+09 
6.6044435314e+19 
-7.1543352012e-21 
1.2628473931e-32 
-5.3247494586e+14 
2.2887929282e-33 
-2.3762274282e-07 
-2.7433867208e-16 
-3.1423731203e-16 
1.3370740414e+00 
3.7109173814e-33 
3.0724198098e-21 
2.1202740581e-33 
-1.6413999256e-03 
5.0531913932e+33 
1.9160283264e-03 
-1.2780198237e+36 
-3.9140462604e-07 
-2.6901401367e+03 
-4.1777981843e-35 
-7.6303286272e+10 
1.6847701293e-20 
1.0529802446e+29 
9.7009045693e-25 
-1.0616216320e+09 
2.9669167816e-06 
-1.8755740463e+38 
            nan 
-2.9922866879e-21 
4.3180210926e-13 
-7.8804595288e-37 
-1.4074088653e+11 
-5.2251651064e+27 
-2.5257638009e+33 
5.1311447598e+36 
5.4554624302e+23 
5.6407205760e-02 
            nan 
-5.0313962208e-17 
-2.4507746846e-23 
1.0453832801e-03 
-1.4902704493e-07 
5.1252886137e+29 
6.0792200267e-02 
-7.3200378418e+02 
-1.8370146560e+09 
4.2057240875e-38 
4.0993936157e+02 
5.3040954474e+13 
-2.7922114229e+14 
2.4761132854e+16 
5.6065806122e+27 
2.2310739457e+14 
3.5866224278e+23 
2.4614295357e+25 
3.7274210004e-14 
-3.9468132574e-35 
7.9455160883e+15 
9.3324910264e+12 
4.1436241008e-03 
-9.5768301302e-28 
2.8346159412e-17 
2.3167560938e+15 
4.4322189559e-35 
5.1035009669e+33 
-7.1130743743e-24 
-1.1402054318e-23 
-8.9943896490e+14 
-4.3463156422e-17 
3.7306010654e-06 
4.0952003200e+08 
-3.4766197103e-25 
8.8450965858e+14 
3.7771640928e-04 
1.6870568647e+21 
-2.8273902914e-24 
-5.3838008347e+36 
5.2034759523e+35 
-1.1136441458e-07 
-5.2136785403e+27 
-1.5874153144e-16 
1.8915676859e-13 
1.5745928340e+21 
1.0137755623e-23 
-1.0544697903e+17 
-8.9235779595e+16 
-6.7562815200e+14 
-2.7493624816e-24 
-7.9335840244e-34 
4.3397934698e-27 
-2.9858354690e-36 
1.9528609097e+36 
1.8440864409e-14 
4.5592691672e+29 
-4.6108807004e+12 
2.1546526684e+28 
2.1943095312e+05 
1.2999803012e-08 
-1.3801622520e+28 
4.2230662505e-20 
-5.1299236449e-31 
4.1201356370e+32 
-4.3520160808e-09 
5.8602235667e+15 
1.7346452399e-11 
-2.7885077875e-19 
-4.2506421778e-06 
6.2732510771e-17 
-1.7314646733e-37 
2.8388648955e+35 
-6.6992108800e+08 
6.3522602352e-24 
6.3720615561e-26 
-1.6946542926e-25 
6.6814866066e+00 
2.8630098403e-27 
-5.3106117594e-12 
2.5815769600e+09 
3.7311030937e+27 
-1.1582107094e-29 
1.7685232278e-25 
-1.8808255220e-07 
-3.2251869141e+04 
5.1256197366e-06 
6.2617866079e-14 
1.2243797250e-27 
-1.3128280141e-30 
1.0414911988e-10 
9.3273899346e-14 
8.8711720309e-05 
-1.1575843551e-38 
-9.0939068840e+26 
-8.6458748456e-26 
-7.0136742879e-34 
-7.8979074974e+21 
-7.7037987500e+05 
1.8164633579e+19 
-2.8377758912e+31 
-3.2440823041e-22 
-6.3780202866e+00 
1.1234868376e+35 
1.0903917500e+06 
4.4215910137e-02 
-1.3887642705e+32 
1.6480097489e+25 
2.8465294213e+13 
-8.6106777497e-15 
3.0824812205e-15 
-8.9900342726e-10 
2.2889571305e-19 
3.7938588867e+03 
2.3641093394e-36 
1.7842600227e-12 
-1.8872352570e-08 
1.6395496875e+05 
8.8537628390e-34 
-5.6637175880e-24 
8.9118525892e-09 
7.9367372519e+20 
-1.3548965997e-34 
5.1902568615e-13 
-1.8684717500e+06 
-2.0187803144e+19 
7.9969876528e-36 
-1.9508663177e+01 
-5.0378951710e-04 
6.1499304055e+31 
-1.5315610886e+01 
1.1992015407e-35 
1.5505013987e-02 
-2.2658780365e+11 
-9.4782426459e-06 
1.2008439616e+29 
7.2967689747e-29 
-1.9246942520e+01 
2.5228209357e+11 
1.4890620758e+32 
-7.5950717993e-16 
5.1089280961e+33 
-5.7299287792e-26 
-2.5865113140e-30 
5.8763437670e+11 
-7.3077131748e+25 
-4.0579023957e-01 
-2.5663355122e-11 
2.6569741199e-11 
2.3458486453e+16 
-1.8086736515e-22 
            nan 
4.2649158478e+01 
3.5950503545e+18 
-1.8056943537e-25 
-2.9245912500e+06 
7.0021037330e-24 
-1.3572579056e+37 
-1.2371684570e+04 
4.0970418724e-10 
5.3942832222e+30 
-1.6582302481e+18 
1.6550897520e+38 
1.3919990315e+21 
-1.6271412298e+13 
2.0090593270e+34 
-6.1614590028e-20 
1.1581035265e+23 
1.7768140208e-22 
-1.2150669136e-05 
1.9761993750e+06 
            nan 
3.4729280479e+29 
-9.9648072594e+34 
-1.2422993617e+17 
1.1945995000e+06 
2.9659770733e-13 
-1.1364292693e-28 
7.4969783311e-34 
1.1157248405e+28 
-2.6660337236e-24 
-1.4401928186e+00 
3.7330201508e-07 
2.9669811746e-11 
1.8609973852e+28 
-1.8478690376e+25 
2.5204284283e+29 
-1.9717523046e+11 
-4.3816504786e-13 
-1.8706904300e-38 
7.6909301583e-28 
3.5059041901e-29 
-3.4426099666e-13 
1.8889970934e+34 
7.0583786964e+00 
1.4299349459e-05 
-7.9667060436e+27 
9.9762986723e-24 
2.8610370464e-06 
-4.0816786832e+15 
-1.7728488103e+19 
-2.1423708980e-31 
-1.2325147234e-35 
-1.5568790957e-02 
-2.8569924971e+35 
-8.4266997214e+17 
-3.5758154431e+19 
-1.1149981392e+29 
2.7019462929e-21 
-5.2465841369e-36 
1.8046065402e-13 
2.2024044037e+01 
-4.7964993750e+05 
2.2200154041e-12 
-1.3572128752e-19 
-2.8821830045e-35 
1.8180075684e+03 
-3.7442472553e-36 
-2.6605372429e+00 
-1.5704909386e+24 
-6.5130737323e-18 
8.3965234222e-30 
-1.1764824064e+10 
7.4001956657e+17 
-2.2514214337e-29 
-8.6377437571e+22 
1.8138117077e-24 
2.3206786136e-04 
-6.8266115919e+36 
6.4339510000e+06 
2.5618798606e-37 
1.1455228805e+12 
-4.9100900261e+22 
1.8855615258e-23 
-2.2400660515e+00 
1.6591056572e-31 
-2.6161886186e+17 
-8.8639918249e-04 
4.9303263379e+13 
7.5635302734e+03 
3.1811423615e-21 
-2.0877694266e+21 
-3.3304724351e+36 
3.0748919926e-06 
3.8559627587e+27 
2.9585730560e+09 
-2.4281987048e-20 
1.0381115771e-06 
-8.9130868576e+15 
4.6797394516e+36 
-3.0684153600e+08 
1.2063974850e-21 
-8.3648910522e+01 
1.8388092000e+07 
1.2903839744e+10 
1.7305499114e-06 
-6.1644851905e+13 
-6.4453420639e+00 
-7.7110157205e-18 
-9.4963471932e-33 
-2.6898654420e+35 
4.3676786009e-23 
-4.4878072000e+07 
1.5726720748e-30 
-1.2308658537e-09 
4.5353737269e-17 
5.9725826715e-12 
2.0520493388e-01 
7.2011956594e-23 
3.6464888000e+07 
-3.9065749566e-29 
-1.5491533389e-08 
1.2592745479e-03 
9.2331906010e-11 
1.3380619771e-27 
-2.2679928924e+30 
4.4196051353e-36 
-6.8242891059e+15 
-2.0175482000e+07 
-2.5560968815e-13 
-1.4474557000e+07 
-1.6002925322e+28 
5.0643184045e+31 
9.7981538773e+00 
-2.4049232581e-35 
-3.0637178947e-26 
-6.8151128883e+11 
2.5139834415e+14 
6.0102369363e-38 
6.6635495424e-01 
-2.7317453268e-34 
-3.5997622683e-33 
-2.0086987516e-34 
8.9318476562e+04 
3.8326375571e-18 
2.0435249329e+02 
-4.2116790454e-38 
1.8835059070e+22 
1.1822710605e+31 
-7.5006379770e+18 
4.3303443625e-39 
1.2934681304e+23 
1.2170095660e-11 
-1.8303497010e-13 
-1.1315445976e-11 
-1.4010977277e+20 
5.2720724465e+26 
-3.1060520828e-16 
1.1152675122e-25 
-5.0816305000e+06 
8.3920471040e+09 
-1.1706882477e+02 
-3.3296131134e+01 
-1.1778938508e+28 
1.3505209323e-18 
-5.5943410827e-33 
-3.3817202273e-29 
-1.0410560929e-14 
1.0554806272e+11 
-2.5333858041e+22 
-2.0570871328e-35 
-1.4344820392e+38 
-1.4791297423e+27 
-4.0423941527e-07 
2.2902037017e-03 
-3.1912491067e-06 
-6.4803393134e-32 
-1.7438007563e+22 
2.8274566360e-37 
2.9332852035e-20 
-9.5264553579e-08 
-1.0164013629e+12 
7.1356170876e-30 
-1.3653656840e-01 
2.4282273998e-28 
3.3198551547e-11 
3.9388234727e-03 
-2.6718827939e-05 
8.2993299318e-16 
2.4921902107e-13 
3.5724915340e-33 
8.9593600000e+09 
-8.0559570944e+11 
-1.8517496392e-38 
5.1416157573e-13 
2.9741257600e+08 
5.0216169665e-27 
5.3318467731e-31 
-2.3237043757e-35 
2.5096846668e+28 
6.1178643384e+36 
-1.4343856727e+22 
-6.1405078125e+02 
1.0782009771e-19 
-1.6373279389e+36 
-6.4300648725e+28 
6.0128250000e+04 
7.6502805397e+23 
-2.5345559040e+09 
-4.0147882701e-17 
2.4516315476e+25 
-1.7025681850e+25 
3.1104910678e-27 
3.0672029696e+10 
-3.9065934912e-21 
6.1284383992e-04 
-5.9294678567e+19 
1.3226477206e+35 
-3.6366263694e-23 
8.5527903601e+12 
1.9885224141e+19 
-8.4451856042e+16 
2.0378512211e-09 
-1.9063724616e-20 
1.2047402766e+31 
-3.5868032137e-04 
-1.2545337802e+25 
3.4155315386e-34 
2.9668470081e-26 
-3.4423897717e+32 
3.5322073364e+02 
1.2614838170e-06 
3.4263581773e-26 
-2.4805281628e+12 
-3.3136581735e+23 
1.2207513646e-11 
-1.1656832573e+27 
-1.6833790791e-24 
1.6604135402e-16 
-6.0301952794e+29 
-3.4999817860e+37 
4.8479771917e-16 
-1.5304537825e+35 
-4.3994690355e+11 
4.0933999510e+13 
6.6595434967e-16 
8.5209197073e+21 
-2.0364781901e-23 
-3.8079006250e+05 
8.1561304721e+30 
1.7583108521e+02 
-8.5459831187e-36 
8.5413753986e-01 
9.4378072300e-24 
-3.4532778305e+16 
1.3319673191e-30 
-3.9585060177e+18 
2.7338222291e+25 
3.2976540335e-12 
-1.0195815556e-32 
1.0466553336e+31 
-3.6938041603e-07 
-6.4693942666e-02 
-2.3561683932e+23 
            nan 
-2.0289827129e-31 
4.2321575038e-24 
8.6772115028e+23 
1.0722245395e-38 
-5.9974434797e+24 
-3.4934822083e+01 
-4.1703335526e+13 
1.6180136800e-01 
            nan 
-8.1884775483e-29 
2.2010094568e+35 
-1.0319442911e-22 
2.1519040889e-12 
-9.9948818686e-24 
-1.0441591769e-07 
-1.6571209071e-25 
-2.2765321664e-14 
-4.1735599518e+01 
1.2299070258e-35 
-1.5768529238e-06 
-3.6974050248e-17 
-6.8972912492e-21 
-3.4027041963e+35 
-3.3607571101e+27 
1.2913589478e+00 
-7.8993096097e+27 
4.8911549362e+18 
-1.4287146419e-32 
1.2410199524e-27 
1.4977740800e+08 
-3.4068693188e+30 
4.2104572897e+32 
-6.3463429120e+09 
-4.8225409233e-21 
-3.2065195238e-28 
-5.4628706648e-31 
1.0087498752e+10 
-1.0110428913e+29 
-1.0565959658e+37 
5.0347415924e+01 
4.6393044961e-09 
-1.9575176393e+32 
-8.6993289369e+36 
5.5947533956e-24 
9.8365130958e+35 
-1.8798746670e-24 
-4.4456557542e+30 
9.9989600717e-18 
3.6354035994e+17 
1.1618514827e-15 
4.1501289602e-29 
3.1931088529e-07 
-6.0758725000e+06 
-2.3143483865e-16 
-1.3181037479e-13 
1.1210594380e+24 
1.2447171840e+09 
2.2559447981e+31 
-9.7794264557e+14 
-5.5847606250e+05 
-1.8524546000e+07 
-1.8258319469e-03 
-3.2782887275e-35 
-5.9704909311e+22 
-2.9097866445e-06 
-1.7142597458e+17 
-3.0259008267e+25 
-3.1474485240e-06 
4.6499163391e-27 
-6.2145233370e-27 
-2.5610531270e+18 
-8.7340492800e+09 
-7.7554723378e-38 
1.4666546582e-14 
1.2257469489e+34 
5.8993785669e-26 
-1.3907008756e+17 
1.0201545463e+30 
-8.7521979210e+26 
-4.9677791012e+32 
1.9272317076e-10 
6.9515806445e-09 
-6.0663519839e+27 
9.8049638400e+08 
2.1262264252e-01 
1.3264271256e-17 
3.1509291227e+37 
1.5435238698e-22 
2.3785240976e-26 
2.5214976631e-05 
-3.7464657841e-22 
-1.3353505801e+24 
-3.3446200000e+05 
5.7329561562e-16 
4.3501641692e-31 
-1.6166769741e+22 
-6.1587683541e+14 
-1.2475686523e+04 
-1.6680048406e-01 
-1.3230355369e-30 
-2.9381362256e-03 
7.1795932617e+03 
-7.4775352688e-32 
1.1289396959e+21 
-7.4226519124e-21 
-7.4280297852e+03 
7.5834086165e-03 
-1.8609488273e-28 
6.9151765579e-15 
-9.7334759521e+02 
-3.7488885036e-27 
2.5454874654e+27 
-1.7915006000e+07 
9.3437838586e-06 
-2.2565584956e-08 
1.1374606083e-35 
1.9349362862e+14 
-1.9532852173e+00 
-1.0619487512e-07 
-1.1121701830e-20 
-1.4628318341e-37 
-7.9809253549e+36 
4.5175946859e-36 
6.7823847146e-19 
-4.5993930395e-20 
-2.0318535680e+09 
-6.0494140625e+02 
-1.1160317900e+17 
-1.1203086062e-19 
3.2843322955e+31 
2.2801362832e-21 
1.6854418037e+14 
1.4697811983e-35 
1.1050083241e-30 
4.7208728121e+36 
6.9893896548e+33 
1.0974836187e-06 
4.7742416652e-28 
2.8207577998e-06 
3.6639560696e+13 
-3.9085781250e+03 
2.4160937194e-16 
3.9726254764e-32 
5.6403514463e-06 
3.0545404756e+13 
3.5447070312e+02 
-2.9253692627e+00 
-6.1818361282e-02 
4.8763079175e-32 
-1.0526080008e-11 
-1.1143745221e-33 
-4.6964305511e-07 
2.7691581571e-26 
-4.5485800000e+05 
-7.0372556800e+10 
3.2513152000e+07 
7.5795364380e-01 
-3.3529504435e-06 
4.7150903936e+32 
7.1469149048e-31 
-1.3683012184e+32 
1.7852702754e+32 
-2.2092012223e-03 
-1.4096421990e-30 
4.4309122131e-06 
8.2882537742e+35 
8.6520408845e+22 
-8.3216875777e+15 
3.2482475907e-21 
-1.5918139230e-24 
-8.9208990195e-10 
9.1087433927e+24 
7.5819950632e-37 
-1.0036330630e-26 
5.1322338777e+20 
-4.3509817123e+00 
-1.6405213392e+27 
-2.2365350674e-13 
-1.6485352580e-12 
2.6704196246e-22 
-7.4655807646e+37 
-1.3748356934e+03 
6.4600979119e-30 
-1.5478212053e-22 
-8.6402488251e-38 
-5.5992489933e-07 
1.7204956195e-26 
-2.9572797454e-16 
8.3007262825e-28 
2.2339303496e+30 
2.2936957465e-29 
-1.9794873047e+04 
-2.3374107010e+27 
2.4037602488e+30 
1.5186749749e+33 
-3.4783664668e+28 
-5.3692351332e+35 
-2.1499270986e-07 
8.3903492188e+04 
-6.2572770045e-14 
-1.0415551000e+07 
-1.7483756369e-31 
6.9114524161e+34 
-2.4458838627e-32 
1.0070550616e-08 
-6.5097616715e+15 
-3.6841418805e-11 
1.9526200244e+37 
1.4709401617e+33 
5.3147299710e+15 
8.6410574334e-16 
1.2952728012e+16 
1.7370562560e+09 
-2.0302423654e+11 
-2.4040695280e-04 
9.1379546998e-22 
5.2712624893e-05 
-1.3309190970e+14 
-6.2338936655e+34 
-1.8169794203e-07 
-4.9171000000e+05 
3.6172732063e+21 
-5.1907081930e+19 
-2.8076837542e-37 
2.1794998246e+30 
4.4500937500e+03 
-1.5844296875e+03 
-3.6613746321e-27 
-2.4198841486e+36 
3.7124945858e-16 
-1.6621529540e+24 
8.9632075306e+21 
8.4342367511e-22 
-1.2840542197e-17 
7.7756340920e+24 
4.7029038809e-30 
-3.5858779996e+12 
-1.2269227909e-06 
1.9704575235e-32 
5.7950197662e+32 
-2.9513897104e-08 
-3.8159480320e+09 
2.9341652611e-32 
1.4952220030e+28 
1.1433362216e-01 
-1.6304237249e-07 
3.2099335716e-26 
1.4521901281e-25 
1.3827871671e-20 
-6.1537610656e-16 
-2.3535037636e+34 
4.1070237160e+00 
2.5328550981e+25 
3.4317619692e+12 
8.8645857920e-25 
5.0810237961e-11 
4.7203566625e+17 
1.6884394202e+24 
1.2997115494e+21 
-1.4420238750e+06 
8.5641525498e+26 
6.3095307617e+03 
7.9038349954e-31 
-2.6159096798e-33 
-7.8199770462e-16 
-1.2863810352e+21 
-2.2276333573e+21 
-8.8350492188e+04 
-1.4586759356e-08 
6.6753745388e+31 
-1.4133928366e+28 
-7.4479183160e+23 
-1.3452623785e-01 
-4.2595264880e-13 
-6.2533940763e-06 
-1.4850002670e+18 
-1.1359415718e+27 
-5.0825117248e+37 
1.0968952502e-30 
1.6826651184e-11 
-1.0409876103e-17 
-3.4903781840e-25 
6.2223836917e+16 
-1.1319747086e+17 
-1.2256512842e-31 
-2.6761398430e-30 
1.2935563079e+36 
-8.6786656962e-16 
-2.5613434751e+20 
-5.2079019241e-25 
-1.0532788634e+11 
2.4764439227e-27 
-4.2673472320e-21 
2.4695911982e-11 
9.3574387836e-29 
9.4217592305e-17 
-2.3503025447e+22 
1.9381700000e+05 
2.7776875086e-31 
1.8669226165e-09 
-3.0901726102e-35 
2.5773600000e+06 
2.0874314153e+15 
1.0325698629e-12 
-1.1254915193e-25 
1.2954056729e-05 
2.0464392945e-25 
-7.0138216172e+19 
-4.5858556405e-05 
1.2629485337e+17 
4.5390088548e-20 
-2.1763270377e+13 
-2.4236625000e+04 
-4.5523107765e+35 
-4.5812236705e+21 
3.0291501444e+33 
9.5302048588e-16 
5.9498239668e-12 
3.8990081329e-25 
-2.3257130000e+33 
-7.0732858696e-29 
-2.8488704981e+38 
3.5124964554e-22 
5.3110368593e-28 
-4.9896925702e-08 
1.4163062500e+04 
-3.1340960000e+06 
6.5235581659e+35 
1.5036415858e+33 
-1.7979496139e+38 
4.8461451865e-14 
5.5265208621e+33 
1.3888056083e-38 
1.0497265625e+03 
-3.9346918329e-35 
6.9168975171e-18 
-5.4233268585e-35 
4.7717563234e-10 
-1.0804900322e-29 
1.4212553221e-35 
7.8824108522e-20 
7.6891937546e+30 
1.0381303796e+20 
-2.3338287060e-22 
-2.6512752208e-27 
-1.3748194509e+11 
-9.4308610142e+25 
-2.0215162549e-30 
1.5006842708e+34 
-4.1496054766e+31 
-6.1125767987e+12 
8.8942933084e+20 
-1.1329101402e-30 
-1.9427497889e-21 
-1.0832022945e+30 
3.6271282663e+35 
1.0251834764e+23 
-1.7306161025e+21 
7.7788384410e-26 
3.1494884618e-16 
6.6447720036e-26 
-1.1395726277e-28 
-4.2475192261e+02 
-7.3032184000e+07 
1.4987625293e-34 
1.5975233555e-27 
-7.3593463648e-32 
-2.9215392388e-20 
-6.8024398470e+18 
1.0441358089e+00 
-1.4977541734e+11 
1.8933896877e-13 
3.9403849665e+18 
1.9674133528e-17 
2.5650896152e-34 
-7.0799057994e-07 
-1.7538016462e+32 
1.5173748339e-32 
-2.4683901545e+32 
7.9863559659e+16 
-2.8181597500e+06 
-6.2509155889e+16 
-4.9596544355e-02 
-2.0337108154e+03 
-4.6707177482e+33 
-4.4797053337e+00 
9.7482745600e+08 
2.5004356287e+30 
-1.2306441069e+00 
-6.6159619310e-17 
-5.2428946601e-11 
-6.3778264609e+17 
9.7966068591e-10 
-9.9498258521e-08 
2.2569427837e+21 
2.3048024169e+30 
-2.7543985135e+34 
8.0438470400e+08 
-6.9737486479e-17 
7.4881890444e+15 
-1.4981834133e-12 
3.1811329722e-01 
5.4157751446e+19 
-4.9149089136e-06 
-9.7741807703e-11 
3.7635873485e-16 
6.7282019744e+36 
-4.5408960432e-02 
-4.7499042921e-08 
-5.9510528000e+07 
4.1938857119e+24 
1.0659821550e-14 
6.7458323797e+32 
-2.4332466127e+13 
-1.8852519989e-01 
-6.6312337920e+18 
-3.1888884640e-17 
-5.2017927170e-02 
-3.8310140371e-03 
6.6930294037e-02 
-2.8156183813e+17 
3.9122049387e+21 
1.0279815244e+16 
-1.8587830902e-26 
-2.7074019025e-15 
            nan 
-4.7676299439e-22 
-1.0908640475e+36 
1.5693298340e+01 
1.2119776952e+12 
-1.1987931297e+18 
-2.8058294635e+26 
5.7867996108e-25 
3.5072277999e+25 
-5.7718095575e-17 
-1.4549900000e+05 
-3.3109186390e-24 
1.6620833776e-06 
1.0197818279e-02 
-6.6514236763e+25 
-1.2482062373e+30 
2.1519937399e+28 
2.4204460658e-10 
4.8284613292e+33 
-3.7729630357e+27 
-2.0422594389e-06 
-1.4691085815e+00 
3.1230850154e-15 
-2.9667258263e-02 
-3.4421115047e-15 
-4.7204492188e+02 
7.8983066487e-07 
-3.7605659902e+14 
-8.2880430080e+09 
-2.8967190567e+29 
8.2033439219e-29 
-7.3651296501e-33 
-1.7529527531e-19 
3.5157279399e-06 
1.9563087861e+31 
7.5901982559e-25 
1.6784881132e+34 
7.7837895627e-30 
3.4485059991e+28 
-3.6304241579e+35 
7.3326176000e+08 
-9.0982292022e-05 
-1.3591892722e+13 
-2.9911569039e+31 
-1.5711786039e-10 
7.3079492188e+04 
3.2258826174e+13 
2.7168167716e-09 
4.6275247473e+12 
7.9146085046e-29 
-3.8180262102e+16 
2.6593173244e-15 
2.2428546520e-10 
6.4444429437e+27 
1.0326643678e-04 
-5.5595411200e+08 
-3.9146259623e-17 
-1.6565967686e+22 
-1.2952488051e+31 
8.4663204559e+34 
2.8300912163e-05 
1.6202645642e-34 
-1.2538468349e-33 
-1.3010936523e+04 
3.3473713325e-31 
4.7505797360e+33 
-2.3623517500e+06 
-8.0107059189e-20 
1.2786661812e+30 
-3.5231983206e+12 
3.7025013037e-23 
2.3164662463e-12 
-5.4985099792e+01 
-9.3424404680e-19 
1.0950305940e-10 
-7.1332925686e-37 
3.6692292403e+36 
-3.2736117817e-08 
8.4583129965e-27 
2.2867762794e-08 
1.1321812768e+26 
-5.6994622507e+20 
-8.8238608441e-05 
1.7356317520e+01 
1.3626437867e-03 
1.0423793079e-10 
-6.5140228817e+28 
-6.0991538139e-30 
4.0837577851e+24 
6.1643787384e+01 
5.5442356274e-16 
-1.7827904391e+29 
1.6241398065e+32 
8.9482566354e+19 
1.4366920619e+15 
-9.3871221296e+14 
8.4001355204e+17 
-1.9170088870e+26 
3.0841102454e+37 
1.2819820743e+25 
8.9213252403e+11 
-7.7347818296e-04 
-1.5954278474e-27 
9.4397384874e-13 
-4.1853485056e+11 
-1.9450006103e+18 
-1.2292073279e-06 
7.0442909696e+11 
-6.4721172006e-31 
-2.9221790345e+29 
1.1791008498e-23 
-1.5773598658e+31 
1.1341501197e-22 
-2.0819011445e-11 
1.1971770786e-02 
-9.9699192000e+07 
5.5362997520e-10 
4.0387610206e+18 
8.5961793434e-28 
9.1788418159e+19 
1.0248634407e-18 
1.5214608538e-05 
-1.6963901428e-19 
-2.4692909008e-35 
3.7850178809e+23 
-6.5310808850e-07 
            nan 
-7.8780990620e-09 
5.7547457298e+13 
5.9552799092e+36 
-2.6210565826e-37 
-3.1318581037e+28 
5.2287287406e+35 
-7.5105484023e-29 
-3.0161473155e-01 
1.6001334272e+10 
-3.5193425503e+36 
2.9857806336e+10 
-1.8918478403e-34 
2.3437028809e+03 
-1.2288408320e+09 
-2.9165246889e-17 
5.4514980965e-37 
-6.9968064031e-34 
2.3973180492e-19 
-8.3215993072e-05 
7.9777891612e-26 
-2.0355703943e+24 
-9.2035549842e-23 
-7.5340508160e+09 
-1.5536797404e-09 
1.8127617597e+21 
-2.3016761952e+16 
5.4545742121e-17 
-7.0049915868e-10 
3.6252426689e+19 
-1.5192620201e-35 
-4.8643324000e+07 
-3.1604417951e-19 
-8.4094279051e-30 
1.6070432663e+01 
-1.7867832003e-38 
5.8961842263e+32 
-9.6128348630e-32 
3.4236502906e+19 
7.5470596350e+21 
5.9376455931e-23 
-9.8946206148e+35 
-5.9274683787e-15 
-5.2823914302e-05 
8.5042749294e-26 
1.2488255000e+07 
6.8760857491e-17 
6.5799073487e-24 
-1.1298658319e-23 
1.6151755520e+09 
-1.7987684800e+08 
-5.5554875000e+06 
5.4931140296e-34 
4.6249776000e+08 
5.3317031449e+15 
-2.9073852590e-33 
-2.9535876709e+35 
5.9017209423e-05 
7.9363338649e-02 
-1.7548808273e-06 
-5.1338246094e+04 
1.2608881088e-21 
4.6763654798e-02 
-1.2790882229e-30 
3.5241849422e+00 
-1.5260571908e+29 
8.4732925342e+34 
5.0125885309e-07 
1.6805736219e+13 
-2.6567123047e+04 
-2.8860239559e-23 
-2.4380079119e-12 
1.3350657199e+34 
            nan 
1.0309295321e+29 
3.3377116665e+27 
-2.5889012218e-01 
-1.1361060784e+29 
7.7293800737e+33 
2.4456304610e-34 
1.9587542038e-13 
7.7352595329e+00 
1.5939992576e+10 
9.8396770656e-02 
1.1858308118e-13 
8.3058072494e-33 
-2.5112676800e+08 
-2.0961808678e-10 
1.7646189880e+02 
-1.0451412180e-07 
-6.0013246094e+04 
-9.7754795276e-17 
-1.0616587609e-08 
6.9371502264e+13 
-1.1812700818e-09 
2.9684097557e+31 
-1.7124572251e+24 
-7.9245083034e-02 
4.5386550704e+24 
1.5939337350e-10 
-2.2674243600e-14 
-2.7289778274e-27 
-1.7649722700e-38 
4.8905265484e+37 
5.8901252455e-31 
2.1516498438e+05 
-3.0490397500e+06 
5.1908561727e-04 
8.8105464000e+07 
-2.0586313180e-33 
-1.0058033784e+28 
-2.9490820819e+26 
-9.2739396630e+34 
-3.1533354980e-27 
1.9875378117e-24 
-1.8324815755e-05 
-5.9366003524e-24 
-1.4789738613e-19 
1.3622511688e-05 
-7.2484582782e+19 
1.1877950089e-20 
1.6786916909e-12 
5.4607156198e-04 
-8.7389610236e+17 
4.1901370069e-13 
-1.6404321749e-13 
-3.6547269171e+30 
2.0920778090e-16 
-1.1803656145e+33 
1.2290465312e-09 
5.4280456394e+17 
6.2415447235e+00 
-2.4658735826e-29 
5.5754495465e-10 
6.3240107216e+29 
-3.0627905545e-08 
1.7284250848e+16 
-3.1858635464e+21 
-8.9545744384e+10 
1.0101837339e-29 
1.0515959848e-12 
-7.1894216537e+00 
4.2428087038e-24 
4.3087013461e+28 
-2.4084200642e-31 
-2.1717842205e-33 
3.7616666605e-24 
9.4083655221e-16 
4.6980870603e-19 
-3.7077506719e-16 
-5.8366428663e+35 
2.0108331664e+24 
9.4290502004e-31 
-2.7837155387e-02 
-3.9743695427e-33 
-8.0084910925e-10 
1.0471225429e-22 
1.9756550562e-10 
2.5047018701e+11 
-6.5150121355e-33 
1.3626903842e+25 
6.8939195000e+06 
3.7303927983e+31 
-4.3062773416e-38 
-5.6371822357e+01 
-9.7797993956e-17 
-1.3862335000e+07 
-1.1481906529e+15 
-1.1107085404e+15 
-2.4051750777e-27 
-7.1996206080e+09 
8.5575928172e+14 
-7.1792472839e+01 
4.7355069770e-27 
-2.9498657875e+16 
3.1987136150e-31 
-6.7067111549e+15 
-2.4501152097e+31 
2.3863182068e+02 
1.5777568867e-13 
2.4099918032e+33 
-2.4985273442e-25 
8.7216334076e+17 
-2.1877379336e-26 
-7.1697251376e-31 
-3.6551836821e-28 
-4.5842887614e-23 
-9.4085209072e-02 
-1.1266852220e+22 
6.4857379748e-37 
1.4126901560e-32 
7.0092673563e-29 
4.6633973114e-33 
1.4430769682e+00 
-7.5682524766e-05 
-2.3472166443e+02 
-1.8111768035e+14 
2.1729903508e-14 
3.7241071811e+18 
-3.7745895386e+02 
2.7869021056e-38 
-4.5912358806e-17 
1.1609153236e+21 
-9.8894076928e-07 
-2.0574743226e-22 
-4.0573755722e-29 
-2.7104263684e-32 
2.2109373047e+04 
-6.3050077981e-16 
-2.3469563252e-37 
-3.4979878319e+19 
1.2899463988e+28 
5.9152062805e+25 
-6.2269203940e-25 
2.2728935932e-18 
-2.4684400787e+36 
3.1739645386e+02 
-5.2798118702e+25 
2.0228208086e-05 
4.3900990375e-22 
-1.5526459794e+28 
-2.3307321966e-01 
-1.1744081081e+21 
6.1606746094e+04 
-2.5224263713e-30 
-7.3393142734e-21 
7.2953455921e-26 
-1.5181399092e+31 
-3.8504649600e+08 
-3.5790201277e-02 
4.1289528845e+24 
-4.8124826802e+18 
-3.3252758400e+08 
2.2561202347e+19 
6.6668979824e-02 
-1.1515749186e-20 
3.6839159293e-05 
1.8806889107e+19 
-4.7832740489e-18 
-1.2323960212e-12 
4.6339515000e+06 
-2.5667081467e-18 
-6.2691683524e-06 
-2.8431860264e-03 
-9.7557368000e-13 
4.7235582261e-18 
-1.8988116986e+33 
-1.5159743093e-35 
4.9108757636e-26 
4.6768082892e-37 
-2.8520462250e-31 
-9.1424474546e+35 
-4.0509873991e-21 
-8.5005173471e+24 
-6.0992681814e+34 
-2.0104196590e-25 
-8.4833776000e+07 
-5.8666510371e-29 
-2.0174260686e+34 
-3.3048312499e-32 
2.0956329605e-29 
-2.5539827060e+34 
-3.4291674115e+32 
-4.6371358599e+22 
-1.3745541573e+01 
3.7884698864e-19 
1.2434052544e+32 
2.1519067932e+15 
4.8552907692e+27 
4.3299710947e-29 
-1.4784253246e+29 
-2.7480949547e-26 
1.2434224640e+09 
4.7641436835e-23 
-1.8438122066e+26 
-6.0783699376e-35 
-5.2502574820e+31 
-3.3706474002e-22 
-1.9890134270e-19 
1.3621616277e+34 
-9.1891894914e-20 
-5.6385126278e-18 
-6.2742342939e+21 
-6.0326103402e-17 
1.6959090923e-31 
1.1218495000e+07 
3.1696306741e+16 
2.9413577600e+08 
-5.1974044643e-13 
2.0012706772e+28 
1.9305227707e+33 
-5.2607013411e-30 
2.6567749842e-31 
-3.6146613877e+15 
-9.7989558482e+23 
2.0553263312e-04 
-1.0713635944e-02 
2.6767722375e-05 
3.5289528809e+03 
7.1267918879e+36 
-9.0609766801e-08 
-1.1837386023e-15 
4.2091205089e+27 
3.8656054811e-13 
4.6585511622e+19 
9.8463484799e+35 
7.3289744725e+14 
-3.9411679445e-19 
5.2661069216e-23 
5.9154483940e+26 
-4.0091229771e+33 
-2.8973667272e+17 
-7.0908983709e-14 
4.2717815160e+26 
1.0498351035e+26 
3.1411086093e-04 
8.8319879696e+28 
-3.2142735145e-24 
3.8649377220e+15 
2.9708889779e-03 
-2.0301346034e-30 
-4.6556369389e-22 
-9.4942562450e-29 
-1.3739552445e-27 
-3.3522661101e-13 
6.4181609378e-29 
-2.9954397686e+23 
-3.0656724988e-12 
3.0794459373e-35 
2.2314925010e-32 
-9.5539869771e+31 
-5.1055614231e+13 
-1.2942642654e+38 
-1.5733056676e-19 
1.6180739948e-14 
1.7182158750e+06 
-2.7676945180e-08 
-6.1713657522e-24 
1.4263658614e-12 
2.2853793303e-16 
3.1497586929e-20 
1.2837751808e+27 
2.4048726118e-05 
1.8061174778e-03 
1.3384620888e-36 
-5.0993547594e-15 
2.1945284307e-01 
9.1394229120e-29 
-2.5769388248e-21 
7.3124098327e+19 
-9.4170730871e+37 
9.9876779318e-01 
-8.5760507904e+11 
-2.0356217600e+09 
-1.9084177366e+28 
4.3680760264e-01 
-4.8941996578e-34 
1.6926262802e-22 
-4.6765756279e-14 
-3.5559167662e-38 
6.6219570804e+20 
-4.8045976928e-33 
-2.2995298438e+05 
2.3380328246e+33 
3.0200479895e-09 
1.3009413481e+00 
5.1004361856e+17 
-1.5018972044e-04 
-7.3184850180e-07 
1.6056311261e-31 
2.5837359772e-06 
-1.0023627013e-22 
8.1468419613e+19 
-3.9538913280e+10 
2.3198964482e-04 
-1.0622580713e+14 
-1.3942105916e+23 
2.6097159361e+24 
-2.4925619683e+21 
6.3382258173e-27 
2.4336371141e-08 
-9.8615427839e-31 
-1.3119054493e-03 
7.1247786282e+29 
-2.4381908222e-30 
-3.0905514427e-30 
-8.4223906926e-31 
-9.6303616364e+28 
3.3649851581e+23 
3.1109129892e+33 
6.8733980879e-03 
-3.3275981761e+34 
2.0808789047e-27 
2.9321739451e+33 
4.3040798046e-03 
-2.8106642790e+31 
5.3470164026e+26 
-3.5347664167e+21 
-1.6815765794e-11 
3.6979785364e-05 
1.9537235798e-16 
-3.7438830919e-32 
9.1153297590e-19 
-4.2993698534e-33 
4.6310323378e+17 
-2.6264362056e+28 
-3.0266986708e-27 
1.4619913520e+26 
-2.5984227587e+26 
-1.8500291443e+02 
1.7287088066e+24 
1.9716078864e-15 
-8.5647593750e+05 
5.4978723796e-08 
1.6184179712e+10 
-1.3894687916e+13 
-1.1109814302e+31 
9.0777320667e+16 
2.4419400692e+00 
1.0173187715e+15 
-5.2895781057e+15 
-2.5134211200e-19 
-1.9362851059e+31 
-8.5455504017e-21 
1.0311690392e-36 
-4.1616964386e+28 
-7.5798040771e+02 
-2.4767301083e+00 
3.4551378340e-02 
1.2885642079e+20 
6.0273254757e+24 
2.0890044006e+11 
3.2582815213e+28 
-7.4986735126e-04 
-1.1084682395e-18 
5.9088833300e-24 
-7.1293585676e-30 
2.0991644729e-21 
3.3665558270e-14 
-7.8846395000e+06 
-1.1462332879e-27 
4.4344593676e+33 
1.1188489589e-04 
-8.5018533468e-01 
-3.5930270386e+02 
8.3617510326e+15 
5.6899636984e-01 
-2.8632218261e-32 
-4.0131194554e+28 
-1.4340673314e-15 
1.8372123165e+13 
6.0811990499e-01 
1.6878718006e-17 
1.2834749219e+05 
2.3102124016e+23 
-9.6535593750e+05 
1.0431799375e+06 
2.0386609366e-19 
7.6250211123e-07 
-3.6422021120e+10 
-1.1272391825e+35 
-1.2058033152e+10 
-1.5485942776e-35 
1.1439941972e-07 
2.1386354635e-33 
3.3696477500e+06 
1.0787228374e-26 
-2.9634244442e+00 
7.4363050423e+32 
2.0836422037e+36 
3.1935654673e-18 
4.6088357340e-04 
1.3448704522e-05 
1.8008117551e-29 
-1.5876498805e+35 
-4.2956540613e+16 
-5.9189800413e-13 
1.8932250584e-30 
-3.0573118210e+01 
-8.3622119007e-08 
3.7549923369e+12 
-2.7533886954e-02 
1.5166897440e+22 
8.8271696611e+22 
-3.9327126400e+08 
1.2143979735e-21 
-9.6280611522e-13 
-8.0068393750e+05 
-4.2741156957e-28 
5.7551180567e+25 
3.9681276385e-13 
-7.7120016655e+27 
1.1172843369e-04 
-2.0544938062e+35 
1.0920106059e-23 
-4.4463944626e-26 
7.9983919667e-33 
1.0395125151e+00 
1.2817723938e-30 
3.6562707625e+15 
-1.0898556767e-38 
-4.5030966179e+28 
3.2825912349e-03 
-4.0549420420e+14 
-9.4143783172e+19 
3.1722400890e+30 
-2.4385863071e-05 
-5.5806116761e-33 
2.3972895156e+14 
1.1825533441e-08 
-7.5420567144e-13 
-6.7435256832e-36 
3.7479474031e-06 
6.7974261760e+09 
5.6751595224e-25 
-4.5275870240e+24 
-7.4118483573e-10 
-5.3781260545e+21 
-3.0966885968e-17 
3.7546731755e+20 
1.8229758400e+08 
