2.3509887016e-38 
0.0000000000e+00 
0.0000000000e+00 
0.0000000000e+00 
0.0000000000e+00 
0.0000000000e+00 
0.0000000000e+00 
3.5873240687e-43 
0.0000000000e+00 
0.0000000000e+00 
0.0000000000e+00 
0.0000000000e+00 
0.0000000000e+00 
0.0000000000e+00 
0.0000000000e+00 
0.0000000000e+00 
0.0000000000e+00 
0.0000000000e+00 
0.0000000000e+00 
0.0000000000e+00 
0.0000000000e+00 
0.0000000000e+00 
0.0000000000e+00 
0.0000000000e+00 
0.0000000000e+00 
0.0000000000e+00 
0.0000000000e+00 
0.0000000000e+00 
-4.4236203410e-34 
7.1746481373e-42 
0.0000000000e+00 
0.0000000000e+00 
0.0000000000e+00 
0.0000000000e+00 
0.0000000000e+00 
0.0000000000e+00 
0.0000000000e+00 
0.0000000000e+00 
0.0000000000e+00 
0.0000000000e+00 
0.0000000000e+00 
0.0000000000e+00 
0.0000000000e+00 
0.0000000000e+00 
0.0000000000e+00 
0.0000000000e+00 
0.0000000000e+00 
0.0000000000e+00 
0.0000000000e+00 
0.0000000000e+00 
0.0000000000e+00 
0.0000000000e+00 
0.0000000000e+00 
0.0000000000e+00 
0.0000000000e+00 
0.0000000000e+00 
0.0000000000e+00 
0.0000000000e+00 
0.0000000000e+00 
0.0000000000e+00 
6.2566938577e-19 
3.2503482218e-38 
1.0948723883e-07 
4.5702443008e+10 
1.1450039805e-09 
-1.1210576076e-06 
-8.8277558869e+36 
-8.9985516229e+23 
2.7059247570e-20 
-9.1295829043e-03 
-3.8456340018e-36 
-3.8661707435e-07 
-2.2365811625e+33 
-1.7939853733e+32 
5.9441801161e-02 
-1.2945348793e-08 
-8.6652062784e+19 
-1.7231000874e-35 
-6.2584516608e+10 
-5.5478587510e+31 
2.3857888998e-09 
-1.7765905920e+09 
9.8701585100e-12 
1.3594628064e-19 
1.2700227240e-27 
-1.8809450154e-34 
1.3027138765e+11 
1.2036660072e+26 
-1.8612371236e+33 
8.2874485052e-10 
            nan 
2.6118057811e+20 
-8.7665215113e-38 
-1.5412343040e+09 
1.4114590517e-26 
3.0845298688e+10 
7.2054742718e-31 
5.1120652850e-11 
-1.3662319285e+25 
-2.6974500396e-17 
-1.1354547656e+05 
-4.5508798574e+23 
-1.1428504161e-15 
7.2916775942e-01 
-4.1864323626e+24 
1.1481576323e-12 
-3.1892021742e+34 
2.9282957712e-06 
1.8097006560e-08 
2.8445681921e-10 
7.0568821760e+09 
1.0372075437e+17 
1.1461572327e-15 
2.3980780160e+18 
-9.7828199936e-36 
-1.4855216247e+29 
8.3346739482e+15 
-3.1687594011e-36 
1.8361686080e-32 
-6.8466615630e-05 
8.1575063085e-18 
2.0947764817e-19 
2.7287610982e+11 
-3.5219823693e+37 
7.4610335448e-36 
1.7613880336e-01 
-2.7746103777e-19 
-1.4136322209e+25 
3.4446611797e-16 
1.8356787531e+14 
5.5957431455e+24 
3.7662629138e-16 
6.6326509796e-07 
-1.2982863220e+17 
6.5930027059e-17 
3.4389204102e+03 
-2.3578986674e+33 
-2.7362593703e+19 
6.4518651925e-04 
-1.8473456985e+37 
1.6517674684e-34 
3.5244933316e+36 
-1.3483232506e+36 
3.3085760376e-22 
1.9870036921e+35 
-5.3309981250e+05 
-2.7448063525e+31 
3.5359872158e-29 
3.7229869792e-36 
-1.4619336000e+08 
-1.5880062853e-17 
-4.8517817041e+13 
1.4057816184e+38 
-1.6285003570e+25 
7.7353108480e+09 
-4.0013614744e-17 
-3.0460542242e+14 
8.0327914986e-08 
3.7723281991e-16 
-4.2641848096e-32 
-4.3444655957e+35 
5.6303071255e+18 
-4.7077417116e-28 
2.8012494065e+33 
2.0283770497e-10 
1.5709966421e-01 
-1.5516740456e+29 
9.1643419659e-27 
-9.1348065916e+33 
-8.3705764098e-08 
-2.7055540031e-31 
2.2561840284e+36 
-3.0191341297e+29 
6.5092612568e-18 
2.2460104887e-09 
8.2881215361e-22 
-9.4598890270e+32 
-9.1910585938e+03 
2.2682091221e-03 
-4.5778419984e+27 
-1.5175028931e-14 
2.2728845852e-37 
-6.7151357333e+14 
-7.7455744000e+08 
1.8104738994e-34 
-8.0273253335e+12 
-2.0976128820e-12 
1.0425234400e-34 
2.0008697978e+20 
2.2216364269e-25 
-1.4102918611e-27 
-6.6798563952e+18 
-1.2131074517e+19 
1.1273642751e-22 
-3.0410407613e+25 
4.3796127319e+01 
1.7751237980e-11 
1.0957986210e+20 
-2.5416875617e-20 
-2.6376579285e+01 
4.9314293494e+30 
-1.0539010763e+00 
3.1662525175e-27 
1.2418710883e+30 
-8.3113384037e-36 
4.8207348879e+29 
1.0761475278e-04 
7.0437370794e+33 
-5.1564621881e+20 
-8.7026852145e+16 
            nan 
1.0952333118e+28 
-1.0303712629e+23 
3.2105648804e+02 
4.5440359463e+29 
-4.4110868358e-25 
7.9263306860e+37 
-1.0121742910e+31 
2.6177441049e-19 
6.0102005026e-37 
1.1712878489e-07 
-4.3211100251e+29 
-1.7575026102e+37 
-1.4992996465e+32 
5.2308184233e-14 
5.4668426448e+35 
3.2315655630e-20 
1.7891910102e-04 
-3.7364303552e+30 
-3.1772260328e+33 
-2.0327500220e+18 
6.0009025997e-20 
-6.3930699623e-10 
-2.1466259396e-20 
1.5736628532e+01 
9.0186553951e-36 
-1.5772325536e+37 
-1.3537831981e-14 
-7.9651231232e-18 
-9.8624419840e+09 
3.1886566734e-37 
-9.2840708397e-32 
-3.4348872101e+16 
-6.0498087248e+13 
-4.5548329501e+14 
5.1481930422e-24 
-3.6706151869e+28 
2.5872471949e+13 
-5.1408971827e+17 
2.1378018176e+24 
2.1683715934e-10 
1.7455667607e+35 
6.3672800722e-16 
8.1911982351e-15 
2.4863523245e-01 
1.9780908800e+08 
1.1444413636e-30 
3.2221969759e-16 
5.5939042969e+03 
-1.2725650395e-11 
-2.3885586110e+29 
-2.2185270933e+31 
-8.9626476562e+04 
-1.4837513130e+32 
-3.0893182755e+01 
5.9623228030e-22 
2.2361800000e+08 
1.7560658494e+30 
-1.3120252314e+11 
5.3081306711e-11 
-1.6366016353e-03 
3.5889756878e-12 
8.6548719598e+21 
4.2112766096e-05 
-1.4697909925e+14 
-6.8976766754e-37 
1.2550385975e-07 
1.2304746390e+29 
-4.4072513000e-11 
2.0204945758e-04 
-9.3780949673e-10 
-6.5013570498e-17 
1.0779561789e-31 
-5.7324740595e+15 
9.1037810769e-17 
8.0801311242e-07 
-2.8500622043e+31 
-4.3529250087e-33 
-3.2538263290e+13 
-1.1577014521e-11 
-1.5494653425e-14 
1.4048347049e-35 
3.4356021074e+16 
-1.1147107200e+08 
-5.7077509386e-10 
-2.8772867188e+04 
3.1947459920e+14 
4.9314186908e-03 
-2.0279975891e+02 
-2.1200922708e-29 
-7.4799945578e-03 
-1.4669185547e+04 
1.1697059840e+10 
-1.1608685547e+04 
-2.4773060122e-13 
3.2203974279e-17 
4.0120372984e+35 
1.7345225003e-34 
-2.1118821728e-21 
5.0588123136e+11 
-6.0093162725e-17 
3.7148833681e+30 
-1.6132760265e-06 
3.2179623405e-16 
2.4839098864e-28 
-3.3839591980e+01 
1.9031285998e+36 
-9.1786690614e-37 
2.0308306608e+30 
-3.1952083828e-36 
1.4978503152e-16 
9.2089584618e-20 
-5.1561205510e-06 
1.4452324481e+28 
7.2367364135e-19 
2.6548070764e-06 
-4.3346627720e-37 
7.4069814923e+35 
2.8654478956e-03 
1.0286449197e-30 
2.3464974534e+22 
-1.8650078010e-11 
3.7615268808e+28 
-1.6043302332e+37 
1.4034291694e+31 
1.1351881155e+12 
-6.1844249487e-18 
1.2725424639e+37 
2.5897579193e+01 
9.7362775705e-05 
-4.3772693303e-36 
1.6963001792e-31 
6.5059195031e-34 
-1.1012566420e+24 
-2.3453280513e-21 
6.1136120000e+07 
-2.1653438568e+01 
-9.5547888000e+07 
-1.3397502564e+37 
-9.9499724348e-37 
-1.0672407782e-13 
-6.3689321349e+12 
-1.1385294718e-27 
-6.4297669779e+18 
6.4772458414e+12 
7.3042787831e-37 
-9.5427578108e+24 
2.0864938354e+02 
-8.2110371840e+09 
2.7905965478e-20 
-1.3044163731e-13 
-2.9836823116e-12 
6.2889388933e+12 
6.5946872346e-03 
1.7721339149e+22 
-8.0604405095e-11 
-2.1360608571e-06 
-9.6060794021e-05 
-1.7044924200e-01 
8.0830059233e-06 
3.4006403285e+30 
-8.1168138346e-14 
2.8015623047e+04 
-1.1100941697e-15 
-1.3822856468e-39 
-9.8486955284e+28 
1.1672961299e+24 
-3.2290087089e-18 
-1.2175644607e-14 
-1.3916629504e+20 
6.9217834473e+00 
-7.6230222135e-10 
-2.7029054861e+26 
1.0754007551e+14 
-9.6350559033e-06 
-4.2110746186e+22 
-4.3347225870e+13 
-8.1930639699e-32 
-2.3838012695e+01 
6.7202929812e+22 
-2.0662788302e-04 
1.3784292734e-37 
7.6676845465e+30 
4.8486395217e-23 
-1.7452684711e-27 
-7.4095094567e+22 
1.7993726276e+28 
-4.9220738281e+04 
2.4767678054e+11 
-1.1494019679e+17 
1.1242731606e-28 
-3.7789149069e-27 
1.2362794926e+14 
1.3723838689e-33 
7.0738644189e-27 
1.3261658669e+01 
-3.3318565224e+27 
4.3899686191e+19 
-3.1357015473e-07 
2.0626111186e-37 
-3.6101009404e-21 
2.5822038879e-04 
5.5603243478e+30 
2.2927184546e-05 
-2.7478240232e-33 
3.8763266143e-13 
-5.3375753487e+18 
7.6107624190e-33 
-4.9600555325e-16 
-2.8413824000e+07 
2.1038842070e+36 
7.3939648322e+20 
-3.4748793589e+25 
-2.3155616365e+21 
-3.3718629827e+29 
3.7780649672e+36 
-4.8589184321e+27 
1.2832890625e+03 
-8.2568591835e-27 
-1.4688828125e+03 
-4.3129640566e+23 
-6.4764295916e+19 
-9.5178125000e+03 
1.4461401702e-31 
-6.5509620484e+31 
9.3920334621e-08 
8.4511168346e+29 
3.1835505558e+13 
-1.4237514279e-08 
1.6512746726e-10 
7.2754921472e+10 
-1.7562840690e-34 
-4.7791459679e-10 
4.0828046849e-17 
-2.9434988824e-27 
-9.8636288000e+07 
-9.7095201587e+11 
1.1764045158e+33 
6.9926112429e-35 
2.1494359714e-07 
-5.0001999528e-33 
4.6572210683e+26 
-5.7946084553e-07 
-7.8424393750e+05 
1.6204968979e-31 
3.5629852083e-31 
1.1523056844e+29 
-3.8740557749e+24 
-7.5620740867e+34 
-1.3758283556e+19 
-1.6627947019e-08 
1.7081216588e+32 
-2.6074825600e+08 
2.2360654587e+17 
-1.2779137748e-08 
1.0712278550e-32 
6.1864130199e-02 
-2.0462038195e-24 
2.9010007529e+38 
-6.6000707011e-31 
1.5196941971e+25 
1.7731865803e+19 
-2.1451605812e-30 
-3.5145624377e-33 
-3.0352615286e-03 
2.3154607485e-30 
-6.5154097234e-16 
-8.0330069991e-21 
-4.4638913112e-24 
-2.0090755354e-35 
-4.3734613130e+15 
2.3056141174e-07 
-5.5451025993e-09 
2.8711156268e+26 
1.3634316250e+06 
1.0988429385e-16 
7.4886002801e-22 
-1.7382379903e-29 
3.3885481354e+25 
1.2295220521e-36 
1.3248518282e+36 
3.7492667304e-10 
-1.2048186634e+32 
1.5877543923e-16 
1.3476807480e+19 
-4.2060107931e-38 
5.3942140928e+10 
-4.3818626505e-10 
6.0964096069e+01 
3.4922580410e+14 
5.1936569249e+21 
-1.6820023770e-33 
-2.1294926031e+20 
-3.7495025808e+37 
3.1108873383e+21 
6.2458678229e-09 
-5.3862800087e-07 
6.5251788415e-26 
4.4250151230e+32 
1.2951263428e+02 
-6.4129446400e-05 
-1.0541667451e+12 
-1.5499151962e-10 
-1.5949991328e-10 
4.8097062400e+08 
2.2692958952e-17 
1.1121604479e-26 
-8.1211874203e-06 
1.3370191872e+10 
-8.9452903131e-37 
3.8428896484e+03 
1.2582357973e-02 
3.7852607100e+14 
-3.8077072832e+19 
4.7049382298e+11 
5.5721635840e+09 
-5.1468512421e+14 
-8.9828665339e-12 
-5.6348409418e-15 
3.1394340875e-28 
3.8376159481e-22 
-5.0777811105e-33 
5.0032702426e-09 
-1.5530153793e-28 
-2.4884810671e-02 
-4.7121094012e-16 
4.0235345722e-08 
1.1221642365e-10 
            nan 
2.1682450389e+18 
-3.3689397165e-14 
5.5701136486e-15 
-2.0477001369e-01 
-3.0503505537e-12 
-5.1324827480e-37 
-5.9231977910e-02 
2.2698924337e+37 
-2.0936206080e+09 
-1.0802348349e-08 
-7.5138985719e-38 
-5.6969777779e+34 
-3.9747924396e-10 
2.3248704307e+11 
3.7213650529e+33 
1.8891748955e-28 
-1.3197048932e-34 
1.3591555899e-06 
-1.1124873783e+14 
1.3035368667e-18 
-3.2849519043e+03 
2.3115243947e-20 
-4.9572052019e-10 
-1.1839025420e-11 
-4.5918778113e-08 
-6.9129434298e-37 
2.2702491669e-30 
1.7604053794e-13 
9.4738360415e+30 
-1.3692695164e-30 
2.9414326530e-09 
1.2207857513e+02 
4.1862770696e-19 
-1.3164201553e-22 
1.3187374575e-20 
-3.6575337691e+37 
-3.9480302920e+36 
1.1259174926e-06 
7.6088793723e+30 
1.1000749228e+14 
1.1343824159e+12 
-4.4297815762e+22 
1.5904651294e+34 
7.8606948955e-04 
            nan 
-3.5674369275e-12 
-9.3212596329e+17 
4.9259177889e+14 
2.9063381250e+05 
-1.9420779642e-29 
-1.0627883301e+03 
2.7600486798e+36 
-6.1406992892e+37 
5.7668937197e+36 
-1.1211159349e+35 
-3.9514370942e-11 
5.1153841019e+00 
-1.6339087360e-35 
-4.7070919552e-18 
7.0753901025e+22 
-2.7659624335e+30 
-1.2279491562e-38 
1.7491065005e-32 
-3.1348504089e-16 
6.0981386761e-34 
3.5516184082e+17 
-1.4363449637e+22 
-2.0413556000e+07 
4.8270332176e-10 
-4.7017245870e-19 
3.3874936236e-28 
-1.4903434931e-13 
-1.3040463091e-04 
-5.7401407439e+13 
2.9389966279e-02 
2.2743327520e-35 
-1.4237299562e-01 
-1.2409920144e-32 
4.4361114502e+02 
2.2197027096e+25 
9.4379922030e+21 
3.9404524800e+08 
-1.3734065576e+14 
-1.0538704395e+00 
3.3947421798e-06 
1.3926842874e-14 
1.5330427609e+30 
2.4046092996e-29 
2.6067634171e+27 
5.0416365684e+22 
7.3778062828e+27 
-6.1304593763e-39 
2.2691075855e-32 
1.4683211825e+13 
-5.5644418097e-23 
2.6004787003e+20 
-8.0509523351e-22 
2.5418016701e+29 
-3.3204846398e+22 
-2.3762270010e+29 
-4.0754575000e+05 
-1.4605108354e-36 
2.0382631145e-19 
2.7028972225e-16 
7.9349985969e+30 
-4.3244725466e-01 
-4.8676239307e-19 
8.2288635254e+02 
-8.2709962500e+05 
2.3663288089e-30 
2.9020007602e-33 
-1.1819516489e-34 
-1.1244338294e-25 
-1.3615273750e+06 
1.4705149468e+26 
5.9994265587e+22 
1.4590865266e-18 
-1.2513922370e+17 
1.8794161197e+27 
3.5435610113e-16 
2.0141324242e+25 
-5.7995444720e-31 
8.2241037710e-14 
1.3964987000e+07 
2.9582798283e-23 
8.9476657420e-13 
-8.6120942373e+20 
3.0333276321e+15 
-3.1261343840e+37 
3.3861424775e-10 
-1.2734556968e-15 
1.1188341638e+35 
-3.5185948946e-03 
-1.8381900446e-08 
-1.4022343982e-31 
-1.0171216376e-19 
-1.0833163130e+26 
-2.6800156131e+25 
-4.6517940036e+19 
2.2001934651e-30 
1.5597032129e-12 
2.6313107267e+29 
2.6306122248e-15 
-7.8933386803e+00 
1.8637905920e+11 
-3.3194387500e+06 
-6.9513539890e-12 
3.1440956722e-19 
-1.1782122496e+10 
7.3798935851e-09 
-3.2323609389e-07 
4.1959749534e+37 
2.0065967678e-29 
6.0797230469e+04 
-4.7183579641e-30 
-8.5634938030e-10 
1.2799291000e+07 
-4.7710766544e-13 
-5.2342335327e-11 
4.0488200082e-20 
1.3244346754e-13 
-1.3728446020e+26 
1.3969509304e-01 
-4.3161488686e-21 
-1.0590459200e+08 
-6.9856276319e-09 
3.5334328910e-28 
1.0948579199e-37 
-1.7154112464e+21 
-6.8028327935e+23 
3.8260967255e+01 
-2.8054313239e+13 
-1.3011451381e+17 
-7.2259802818e+00 
-3.6682019043e+03 
1.0794961453e-10 
-1.8075988484e-09 
8.0820527104e+10 
-4.7115023804e+02 
3.7050287391e+12 
3.8618387500e+06 
-1.7254615234e+04 
1.6086027527e+02 
-1.4440799694e-32 
-6.0352842593e-29 
-7.8728106701e-08 
3.9441360741e-15 
3.4780367497e+25 
-4.2880341925e+29 
1.0830058000e+15 
-2.0947953194e-21 
-1.0836808594e+04 
-3.0602317555e-12 
5.4602094296e-16 
4.0345932007e+01 
-2.1121790787e+36 
-1.9692682543e-14 
-2.2494753226e-36 
-2.4498592490e+27 
-6.1934832000e+07 
-3.0464396770e-39 
2.9902610858e-31 
-2.9249936949e-17 
1.1338362237e-03 
2.0463758726e-12 
-3.7671079102e+03 
3.3551193997e+14 
-2.3983458197e+21 
-7.2953334996e-14 
-1.2083760002e+31 
-2.0448010636e-38 
-7.9341787068e-22 
6.9695694827e-32 
-8.1388855822e-33 
-3.6124641004e-27 
7.1191478144e-22 
-1.4435478147e+29 
2.8449709745e-35 
5.2076090127e-02 
2.9099037609e+14 
-1.9471946547e+11 
1.1042638747e-32 
-4.8229816897e-33 
7.9080460864e-31 
-4.4628185432e-35 
5.1815544865e-33 
5.7462632742e-12 
            nan 
4.2668557284e+14 
-1.9803255782e-06 
-3.5727426199e-15 
-4.2382553101e+01 
2.4765945600e+08 
1.1048902627e+21 
-2.9009516904e+24 
2.7620537103e+32 
1.4478211714e+23 
-2.5731448412e+19 
2.4774478058e+34 
-2.4740755443e+27 
2.0425667801e-20 
4.1079325949e-14 
1.2091243852e+34 
1.5521677133e-18 
-2.0122978214e-29 
-5.2244709924e+26 
1.1413075818e-08 
-3.0974093495e+15 
2.9445619141e+04 
4.7047797852e+03 
-3.5069234375e+04 
-8.1138629809e+21 
-1.1868368896e+10 
-4.8221674304e-26 
1.7555413253e+23 
3.7495183278e-06 
-1.4422521600e+08 
-2.8961848469e+36 
1.7947306085e-37 
-2.9672778030e-19 
-5.6845298968e-04 
2.6599615234e+04 
-8.9726464660e+31 
1.0313021281e-26 
1.3246316805e-16 
-1.8571849659e-30 
4.6388663735e+25 
-2.1274080784e+35 
-8.5209038160e+17 
4.4566208456e+16 
-1.1287747003e+17 
-2.4968972430e-02 
3.3298248260e-37 
-5.6407342561e+20 
7.4047462400e+09 
3.8868569600e+09 
-2.2001057389e-13 
-1.2354131270e-21 
1.0315820032e+10 
-7.8814038302e-33 
-6.2720618248e+00 
-1.6621169664e+10 
1.2664927657e+28 
-1.9180236424e+26 
1.7924007216e-31 
-2.6799279731e-03 
-5.1313960267e+27 
-7.0791779077e+19 
1.7246864998e+11 
9.9035516357e+02 
1.0070619002e+26 
1.6549458727e-02 
-1.1912287664e-14 
1.1144341600e+08 
2.6816251189e+35 
-1.8900475619e+31 
6.1451652361e-23 
1.0234273323e-32 
1.1577508855e-37 
-2.0376347157e-19 
9.3063053311e-17 
-5.7052893639e+00 
-5.0233359694e-09 
-1.7821251340e+32 
-8.1471241603e-37 
9.2405968750e+05 
2.2797892188e+05 
-5.8624215163e+15 
6.8459597660e+14 
8.8787466688e-20 
3.6852058768e-01 
-4.3490394950e-01 
-3.2393427500e+06 
1.3537002589e+29 
-6.3814055000e+06 
2.5717881726e-05 
1.3813947000e+07 
8.5822480056e+12 
-7.5948437503e+23 
1.2562359545e-26 
-1.2247275548e+36 
-7.2436973572e+01 
8.2646236129e-19 
-1.3971833457e+24 
-3.6853343561e-27 
-8.6837383201e-26 
-1.9156082089e-15 
-1.8563100983e+15 
3.5876646400e+08 
-1.8463840000e+08 
-9.6006286254e-11 
3.8229627797e-11 
6.7516531614e-29 
-2.1779076079e+27 
-1.2121133958e-11 
5.6056190463e-17 
3.2166867188e+04 
-6.4148841794e-10 
-1.2155443107e+29 
-4.2900452635e+16 
-1.1073385620e+02 
-3.1754400469e+15 
2.5060482867e+38 
-6.6231894493e-01 
8.3226138308e+21 
2.1368725321e+37 
7.3743741959e-03 
7.1647874265e-13 
-1.5057977289e-02 
-5.5312427563e-23 
1.3549591671e-08 
-1.9320020317e+26 
-2.0106803894e+01 
-3.9947721780e-13 
-1.2755226753e-33 
1.2543727857e-14 
3.0697252554e-25 
-3.4094311424e+10 
-6.1951421366e-21 
2.1634244892e+24 
-1.8071613355e-28 
-1.9618540381e+30 
-1.7811466673e+16 
-9.1851306765e+36 
3.2654345432e-06 
1.0524540707e-17 
7.0174578159e+35 
-8.3543473521e+12 
-1.7464608948e+13 
-9.0339960328e+24 
1.2262796664e+29 
-1.3956425974e+13 
-6.5673615465e+23 
8.8076381250e+05 
-1.4942498496e-26 
-1.2373683378e+27 
-1.2678385953e+23 
-1.9443140726e+34 
-1.8667187200e+09 
4.9877744000e+07 
-5.5780088830e-27 
-8.0377511936e+11 
4.8856876830e+26 
-1.4802730024e-22 
-5.9187480581e+18 
-1.1811308594e+04 
-2.4555401406e-38 
-5.1303418710e+17 
-1.3055947414e+18 
8.2593826223e-10 
1.0296560329e-30 
5.3702781250e+05 
1.7765613037e+25 
-5.9939238281e+04 
1.0943773177e+31 
-5.0608190625e+05 
-1.7873317455e-22 
3.8071463336e-34 
-7.4227061130e-13 
-1.5730373325e-26 
-2.7306839456e-07 
1.0715878679e-36 
1.1547289432e-05 
-2.3509961339e-11 
4.9532334406e-21 
1.5481360462e-38 
-2.6576141177e+25 
-3.6030199628e+13 
-9.3174546724e-29 
-1.6384021777e+19 
-3.8799783698e-12 
-2.0835672868e-13 
1.6886310406e-10 
-8.1685900165e+12 
-6.5225460000e+07 
-6.0413289066e-18 
7.5068542222e+23 
-1.0433185547e+04 
-2.4032178176e+10 
-1.8731638971e+21 
-1.2282953753e-29 
-3.3145879269e-25 
5.6908123413e+35 
1.1893032568e+35 
-4.0045463867e+03 
3.8197277451e+33 
-1.7798109619e+20 
4.4105216980e+01 
1.0619122965e-21 
-9.9137689104e+32 
-4.8510837274e-13 
-3.2976685214e+24 
-2.4392471962e+23 
1.3246001600e+08 
-5.7378797669e-18 
-1.0367834962e+15 
-2.9958002379e+35 
4.1476165355e+21 
2.7296746957e-20 
4.9814693478e+11 
1.0673608218e+24 
-1.4670834667e+21 
1.2288035867e-10 
-3.0914319972e+35 
-1.2452652646e+13 
-5.5790410696e+28 
-1.9772659867e-32 
3.6131472814e-22 
-7.4664413144e+30 
-1.0225473903e-02 
-4.1301960567e+37 
-7.4400593663e-29 
6.7628212468e-20 
-1.4160399893e-20 
-1.0394719507e-15 
-1.8525773572e-17 
1.2550429592e+17 
-1.4929180036e-36 
3.8925456004e+19 
4.8511454589e-20 
-4.8494952336e-19 
4.6656873982e+14 
-7.2277089203e-08 
1.1417809779e+16 
9.6579747588e-27 
1.1647571228e-06 
3.5798311894e+16 
            nan 
-2.1239100000e+05 
1.3210491141e+36 
3.5737588081e+30 
-2.2629826739e-38 
-3.6376565695e-03 
2.1250310413e-27 
2.6648879051e-02 
-1.3996474991e-19 
4.2753480375e-04 
3.9872340858e-04 
1.4860761694e-36 
-6.9254664684e+12 
2.1385520000e+08 
9.3407803553e-21 
1.4390475830e+16 
5.1006565627e-30 
4.7311113360e-13 
-6.0276400675e+37 
1.2377587891e+02 
-1.2466789056e+34 
-2.3577050781e+02 
-3.0422316331e+38 
2.5444011213e+11 
-1.2039359475e-35 
1.8831748783e-38 
-9.0269857645e-01 
-6.5479072000e+08 
-7.1820448492e+15 
8.7653521729e+02 
7.3340201918e+24 
-1.0852362775e-19 
-3.1426575940e-38 
-1.7356926386e+31 
1.9942579415e+36 
1.2543877449e+21 
2.4394566739e+36 
-4.7695947366e+12 
-2.2409487279e-25 
-1.3790135700e-11 
3.0051440480e-28 
-9.7125794709e-37 
-7.0501449185e-32 
-2.5187617554e-28 
-4.0056018114e+32 
-1.0924103349e-28 
-3.3978537317e-07 
2.3050829366e-13 
7.3356357621e-35 
-1.0855865185e-07 
7.7627295940e-33 
9.7799120014e+31 
1.3731149464e-14 
7.7238696517e-24 
-9.0051174164e-02 
8.2522985353e+24 
-5.1358795595e+29 
2.2087748297e-12 
-1.1959253447e+34 
6.2470995966e-19 
3.2251303820e-34 
5.6911750000e+04 
-5.8274800000e+05 
6.4495602600e-39 
2.2610703461e+35 
1.5067500000e+05 
-5.9743246746e+11 
5.1039457321e-02 
3.4385362156e-37 
-3.7896773963e-37 
-2.7720884411e+18 
2.3258622400e+08 
-8.6397492188e+04 
3.2052875153e+24 
-7.9866328828e-11 
-4.3895599690e-29 
3.4981835440e+13 
-1.6748381566e+28 
-4.2048514896e+27 
8.7779798202e-33 
7.6437843562e-28 
1.5847188834e-25 
-1.6402462677e-07 
7.7569318969e-25 
1.2545135643e+21 
-4.2142252094e+18 
7.0179042902e-15 
-1.2070832774e-02 
-5.2616691391e-05 
8.8647391836e-14 
1.4209724816e+15 
-1.5494241288e+32 
1.2150948438e+05 
7.2442349243e-25 
-9.6885358241e+19 
1.3214579913e+25 
-2.5231458317e-21 
-6.8478875730e+12 
-1.5362396240e+02 
9.9599234282e-21 
-1.6859213820e+25 
-3.2951941051e-27 
-1.1228544207e-31 
8.5474366474e-10 
-2.6832126423e-06 
1.8886243840e+09 
-3.2550136524e-33 
1.5699313103e-15 
5.4774465561e+00 
-7.7857155702e-05 
-6.7355562351e-05 
1.8234268646e-04 
3.0553051245e-25 
3.9496451144e-23 
-1.1268031085e-03 
2.3344734720e+09 
3.1178833637e+19 
-2.5553241745e-09 
-2.9119305378e+38 
-1.0178650932e-14 
7.2476639572e+35 
7.1248399939e+25 
2.4306389689e-01 
-9.8057168722e-01 
1.9368682214e-09 
8.6970395910e+23 
-2.9416329052e+12 
4.6019497479e+14 
-1.7217191486e+31 
5.7213742483e-24 
-5.5952961557e-03 
7.7887799296e+11 
1.9114158750e+06 
-5.1569888456e-05 
9.0712709058e+14 
-1.9977821526e+25 
4.5660087267e-07 
6.6593492188e+04 
5.0235268737e+24 
9.8091816617e+17 
-1.5698797500e+06 
-1.1507182360e-11 
-6.5332497467e-34 
7.7089681678e-25 
8.7879448450e+31 
-2.8923527282e-21 
-5.0030186594e+13 
-8.2055605469e+03 
-3.7973899601e-34 
3.3970809487e+30 
2.2223942264e-25 
9.3437878418e+02 
-2.8323292831e-17 
-1.2085377309e-36 
1.5222743968e-04 
-3.5472515868e-15 
3.9766286671e+27 
-1.0326684061e-37 
1.1442203236e-31 
-4.5655450350e-21 
3.2726571999e+21 
4.2856499480e-38 
8.7040409446e-02 
5.4740535879e+30 
-2.1433559152e+35 
-5.0544661679e+26 
-2.7282197768e-12 
-1.9052959316e-25 
7.3086439571e+23 
-3.4129165579e-03 
4.3265960023e+22 
3.2617219819e-26 
1.1464165479e-24 
7.4837644977e+20 
7.4622781250e+05 
1.2774658040e+27 
-8.5442311120e-17 
-5.2599958144e-04 
-7.1010184288e-01 
-1.8335643024e+26 
1.6821932784e-29 
-3.2580857403e+16 
7.6294204754e+17 
-2.2058966992e-33 
-6.4315005559e+23 
-2.1160361984e+11 
-6.5805552000e+07 
4.2954988000e+07 
6.2592368750e+05 
-1.1997834732e-19 
-4.5895003132e-04 
7.8135458556e-26 
-2.1222290126e+37 
3.1729355236e+30 
-1.0420248121e-17 
2.3835586944e-06 
3.0505935542e-24 
-5.6339332380e+23 
5.2472837537e-23 
3.1564252160e+09 
7.9677655040e+09 
-3.7423777437e-40 
2.4396770880e-25 
1.9614014920e-19 
-1.6944732160e+09 
2.0525325090e-02 
6.0467169760e-07 
-1.0665202660e+17 
5.2680420000e+07 
-1.0137767822e-04 
5.4825540094e-36 
1.1724821888e-05 
-8.2962233427e-25 
-8.6539251259e-34 
7.0714503697e-11 
2.2263929238e+29 
-1.2763664551e+03 
-1.2751956155e-39 
4.0696560448e-38 
7.1648174670e+14 
3.6913893934e-31 
-5.1481092195e+26 
-5.7538210000e+06 
2.8094852891e-30 
3.2735059614e+16 
-8.9117749833e-29 
2.4185600341e-04 
-8.8985231736e+20 
-5.5885218675e-10 
-2.6109496263e+13 
-1.5063146767e-21 
1.4374689102e+01 
-1.4226146408e+30 
-6.0558060000e+07 
1.7590182689e-32 
1.8480538115e-26 
2.3895863281e+04 
1.4097414411e-21 
7.7245037033e-09 
1.9578472188e+28 
5.7841400494e-19 
-1.6420804272e-08 
-2.0871625160e+18 
-1.1452877045e+02 
4.7764716027e-34 
-2.1181028457e-19 
2.6889231220e+34 
1.7706144714e+02 
-1.1856622696e+01 
-2.5096994998e-14 
-2.6195309990e+26 
3.1173164005e+18 
6.1369301008e+31 
9.4503395328e+10 
1.0045841106e+31 
-2.9930409984e+10 
-3.1203472872e-07 
1.7074736050e+29 
-1.7400431314e-22 
2.8795305325e+35 
1.6531125969e-13 
-9.2830944956e-38 
-1.0730336348e-20 
2.6897252663e-31 
2.3854470732e+34 
-3.6141656122e-19 
-1.3329676989e-12 
-4.7257737078e+35 
2.4329462647e-01 
-1.3792413330e+03 
-1.6058411870e-31 
-7.4624300004e-39 
-3.3056065731e-29 
8.4089899063e+00 
6.1632209496e-37 
2.6228383056e+37 
-1.6008157135e-31 
-3.5909607104e-16 
2.1166814567e+36 
-5.5141838805e+31 
-3.2291391602e+03 
-2.8562757969e+00 
-1.8534726089e+33 
-2.2133867073e-14 
-1.9023593432e-20 
-1.5855706112e+10 
-1.3594041448e-08 
6.0610108707e-33 
-1.2821320801e+03 
-4.1496785000e+06 
3.9019071899e+15 
-2.9811470773e+21 
-1.3060409973e-39 
-1.2177345312e+05 
9.7511850225e+31 
1.7673790858e-28 
-2.5993422605e-03 
1.0489239477e-09 
3.9179971299e+25 
-1.0234224312e+12 
-3.5142639933e+23 
-1.7089026390e-20 
-1.3691992901e+19 
-1.6588571478e+23 
-1.2071688062e-26 
-7.2648152000e+07 
1.0671666459e-12 
-4.4373093696e-28 
1.1430437677e-02 
5.9189819111e+23 
-6.2706618436e-36 
-1.0437056732e+02 
-3.2640550228e+37 
1.1456837073e+16 
-7.7403508127e-02 
-5.4499930167e-35 
-1.8967650112e-33 
1.3821653470e-18 
-2.0991263970e+26 
-3.4022673613e+12 
-1.6143414144e+32 
-1.6878589543e-31 
-1.0784076540e-12 
-9.1076168764e-24 
-3.8215871099e+23 
4.1201401473e-06 
5.6225961308e-22 
2.5630356574e-31 
-2.8046963409e-24 
2.3934412207e-23 
5.0709422772e-11 
-5.9157246913e-32 
5.8616043781e+30 
6.5310804590e-21 
-1.7389706542e-20 
-6.4875376369e+26 
-1.1007217604e+31 
-1.1628543102e-17 
5.6369134620e-13 
-1.9257062331e-33 
6.4654352056e+12 
-1.6766469411e+29 
-4.9674516365e+29 
-7.2719881332e-12 
4.9439591626e-23 
-1.0006571986e-33 
3.4373208028e+36 
2.5517261915e-13 
-7.5617232684e-21 
1.0012939521e+24 
-7.0839115448e+12 
-5.3198966352e-17 
1.1679026958e+27 
-3.5651259315e-37 
6.8033902956e-09 
-3.9646928199e-03 
-8.1224739773e+30 
1.0165352783e+03 
-1.5917255128e-33 
1.0312334327e-22 
-2.1423866153e-11 
-2.8212575505e-12 
2.9121452244e-28 
-3.0908816732e+24 
-1.1936411200e+08 
-7.5799610931e-04 
1.3574316210e+24 
-8.2332172394e+00 
2.2109884753e+21 
-4.6908404264e+35 
1.2737012100e-33 
1.6639236398e-18 
2.5559573966e-20 
1.0340296617e-19 
-2.4963863471e+17 
-9.9685480106e+19 
-2.9763092243e-05 
-3.5287970131e-32 
-1.0727661792e+17 
-4.7666198007e+14 
3.9338967653e+33 
-2.8015106458e+12 
-1.0843011668e+38 
-8.6351700057e+27 
4.1273562346e-08 
-5.7931154966e-01 
2.1464414807e-33 
-3.8365306552e+12 
5.7137509171e+12 
3.5127623787e-38 
5.7269085696e-29 
1.8925241552e+14 
3.0456047065e-28 
-5.5186684777e-28 
-6.1113069039e+17 
-3.4354469336e-18 
9.4553674510e+33 
6.1119267865e+13 
3.7120767427e+12 
4.2487466170e+24 
-2.4596419318e-36 
-4.5593692765e-23 
-5.1207708881e+31 
-6.2305384662e+29 
-1.0236237296e-19 
7.4874109519e+34 
-2.3960069119e-23 
-1.2471228309e+34 
9.5783440000e+07 
9.4473746140e-04 
9.7673144531e+03 
-1.3258262528e+10 
4.0693820297e+32 
-1.1548247847e+36 
-1.4182840851e-18 
1.0018544631e-29 
-6.1671890670e+16 
-8.4309664089e-04 
-1.3696387954e+37 
5.9020897606e-04 
2.1573854446e+01 
1.9088460505e-01 
2.1052859257e-37 
-9.1390806250e+05 
-3.9298642465e-14 
-2.9063181166e+29 
9.5329860438e+35 
5.1813653934e+28 
-4.4614025216e+10 
-5.1450232963e-12 
-1.7135744815e+21 
2.6941952482e-30 
-6.3245820507e-33 
1.4223104506e-14 
-4.2429475840e+09 
2.6912452995e-06 
-4.3908694016e+11 
4.2320238281e+04 
-1.1440378841e+23 
1.3989292188e+05 
-4.8469614072e-33 
1.2555353173e-19 
-3.9500924252e-32 
-3.0399000645e+00 
-7.1277721903e+23 
1.5785561340e-38 
6.6160653660e-05 
2.9784896658e+29 
-6.2403966508e-22 
8.2475144715e-39 
-6.8972548726e-18 
-1.5607403675e-14 
1.6031724575e-21 
4.0817646720e+24 
6.2845129967e+00 
1.2905383301e+03 
4.0796876145e+30 
-1.9366617619e+29 
-5.0452220547e-29 
-1.3263789356e-07 
1.5248499200e+09 
-3.5971304000e+07 
-1.8444128608e-38 
2.7738955331e-29 
1.9141249752e+16 
-2.3833113063e+29 
-3.3312567099e-28 
2.6855638480e+34 
-5.4389410408e-25 
3.2294735510e+27 
5.2857176812e-35 
-6.4061147745e+36 
1.1633200635e-34 
7.1606241769e-11 
-3.4947553690e+11 
3.9539960271e+17 
1.2172960442e+30 
-1.3295937594e-27 
4.4095959419e+25 
-2.7899562295e+14 
-9.4598698297e-07 
2.1503712144e-09 
-2.6207892188e+05 
1.3946712443e-21 
1.9042746569e+27 
1.8336404562e+00 
-1.1856599897e-01 
-1.0060756875e+06 
6.9860801697e+01 
4.3320872848e-26 
1.5065655040e+09 
6.7591335000e+06 
1.9776830151e+21 
1.9643169782e-28 
-2.1709011380e-19 
2.1747940063e+02 
-1.1202504478e+14 
-1.3438612753e-19 
-7.4541576396e-06 
-4.6528282661e+16 
-1.6115854282e-36 
-5.1886829059e-24 
-5.9696651533e-07 
-1.8527502449e-11 
-4.7857438403e-06 
-1.0470139070e+15 
-2.0772292916e-32 
-4.4257784375e+05 
4.2482160954e-19 
-1.8468683281e-36 
1.4705556641e+04 
-1.4822012006e+23 
-1.6065181971e-20 
2.1177801963e+32 
-4.0833704736e+34 
3.0968467500e+06 
-1.8629182402e-37 
-3.0395769815e+12 
1.1148835305e+16 
-3.4143239260e-01 
-3.1445489502e+02 
-5.4629056834e-09 
-6.3896264704e+10 
-1.5725943770e+27 
-5.2470035251e+12 
-4.2699582148e-29 
-1.1627262008e-26 
2.1318921114e+15 
-4.7633775000e+05 
1.8312788443e+13 
6.1808733940e+00 
-3.5345370857e+35 
6.9141071613e-34 
-1.3336177396e-26 
1.8570696029e-31 
-1.0233201786e-33 
-2.7602017927e+17 
1.4831568117e+32 
-2.6290832880e+24 
3.2718870272e+15 
-1.6527713642e-09 
-3.6442429556e-28 
-2.2933951106e-36 
-1.2132909875e+11 
-5.3565281632e-17 
4.0500031026e-21 
-5.8535531977e-10 
-1.6161008301e+03 
-1.6434968728e+29 
8.4379177654e-22 
-9.2154544133e-29 
-1.2399215848e-05 
-4.1327928823e-29 
-1.6743486633e-21 
6.7307105672e+19 
2.5504138240e+09 
-7.1498673648e-10 
-2.8349797867e-30 
-1.1656536134e-19 
-2.3430922031e+00 
-4.9455353189e-29 
-5.5805542243e+18 
-2.7831897140e-02 
-6.2225879040e+10 
-7.6480862932e-34 
-1.1885395050e+02 
7.3100169653e-29 
3.1677468620e-31 
-1.1959265294e-06 
-6.6301113293e-06 
-2.6446949766e-35 
-1.0145784190e+37 
-1.2500611921e-33 
-1.9467159826e+21 
3.6839430332e+00 
2.1833047271e-02 
4.9118768269e+37 
-5.3016746548e-10 
-1.0450586199e-36 
8.4318996230e-10 
6.0932356250e+05 
-5.1561769396e-06 
7.9583271865e+24 
-7.2023275092e-28 
1.1687287460e+33 
8.8888889551e-01 
2.0960571259e-31 
6.9050685241e-19 
2.8153399756e-19 
-9.1423554126e+26 
1.0309582150e-22 
-1.8053613193e-22 
1.2416455200e+08 
-2.5266382546e-24 
-7.9188997186e+32 
4.4300415118e-29 
-1.7334513110e-36 
-1.0440856409e+31 
3.7400193313e-29 
-1.4081679226e-15 
9.2322404726e-31 
6.9680726256e-07 
-3.5342021440e+17 
2.4159863116e+18 
1.7265867515e+14 
3.5476647998e-38 
-1.0923523230e+23 
-4.6406677365e-20 
8.9144329326e+28 
1.2781770342e+11 
-1.3669838085e+17 
-6.3809522265e-22 
-1.7666101476e+28 
-1.8825003212e-36 
-1.4967678946e-22 
8.7045718355e-21 
6.2917150718e-17 
5.1704266357e+02 
9.8727834419e+13 
4.0861296985e-11 
4.3378891860e-05 
-6.0841397180e+24 
1.9159962824e-33 
-1.6601502718e-15 
-3.2692439630e-20 
-7.4130919529e-05 
-2.0743149420e-09 
-4.7798065562e+11 
7.3852957199e+28 
-1.8000142809e-31 
5.0558285314e-14 
1.4882545693e-19 
6.7734037802e+34 
2.6330367188e+04 
2.8468072940e+12 
-5.8053725216e+24 
4.7020807271e-21 
1.7849883989e-06 
7.8521040896e+12 
1.6942498564e+24 
-9.0311139839e-20 
-1.9046682119e-01 
1.3412899420e-23 
6.0220497488e+31 
-5.7469064853e+18 
8.3155416000e+07 
-1.2079307823e-13 
1.5459965858e-24 
-4.4564769092e-18 
-1.2907898660e+33 
6.3914240019e-19 
-2.2924962134e+24 
-8.1489526784e+10 
-1.4938415243e-35 
9.3344400986e-27 
-7.1227092743e+00 
1.0868798233e-37 
-1.5424986786e-37 
-4.6370227103e-11 
3.5637481049e+23 
4.7345779374e+34 
6.5570001946e+28 
2.1083307322e-10 
-1.0187292787e-07 
-1.3798632882e+32 
-1.1830729600e+08 
-5.5887715057e+28 
3.0623160320e+09 
2.8576848069e-33 
9.4485272014e-32 
-4.5347517738e+29 
8.7571417233e+18 
9.2750498154e-17 
-2.9602029206e+24 
-2.4837238000e+07 
-1.8233220137e+12 
9.8378313376e-23 
-5.6275655581e-35 
-3.9322250097e+17 
-6.0177601791e-10 
4.1234801430e-36 
-1.1517461777e+22 
-2.5563519887e-26 
9.6562189784e+19 
-8.9976254580e-26 
4.6608496973e-07 
9.1677589964e-09 
1.0494568139e-22 
8.7256981060e-03 
1.8236115223e+22 
-1.9053003614e+32 
3.0879289130e-15 
6.9586092032e+10 
2.8017438787e+26 
3.3993852178e-30 
1.3440319300e+00 
1.8650095312e+05 
4.2439939369e+19 
1.0402256310e+19 
-1.1384928334e+20 
-3.0638771249e-30 
4.2477686216e+37 
8.1681184000e+08 
-3.3894523926e+03 
1.5627565431e-12 
-2.0398235279e-07 
4.2499773204e-02 
-1.6429939274e+21 
7.0431260672e+10 
8.9280770236e+17 
-8.7780793745e-10 
5.2590586582e-29 
-2.1544281278e-26 
9.0984471512e-08 
-9.6490928647e-19 
6.3976116849e-08 
-6.6503989488e-18 
5.6264569989e-28 
-5.1914052734e+03 
1.9664721228e-38 
-2.8361978085e+20 
3.1104819315e-37 
2.0974788573e-09 
3.7763196484e+31 
-1.5364159142e+28 
3.3948201545e+22 
1.1185733830e-36 
4.8908311032e-17 
3.0749671906e+21 
-3.7584773089e-35 
-4.0761893072e+33 
1.9011440371e-13 
6.1180105175e+29 
-1.7209785540e+37 
1.4132322251e+34 
7.3080586844e-06 
-2.7796883728e-07 
-1.0449950740e+38 
-3.7316388948e-20 
-2.5542855020e+15 
-1.2412108154e+03 
-3.4236506660e-19 
-2.1296798027e+29 
-2.5342280358e-11 
-1.2820216996e+15 
2.1245064090e-06 
-8.6882154428e-29 
1.3039164457e+12 
2.8963011158e+38 
-3.5532217407e+02 
-1.5022687103e+34 
1.0100184008e-02 
-3.0627597668e+30 
2.7624173765e+21 
1.0956068862e+38 
-4.1201967138e+34 
-3.8453350488e-30 
8.7250032640e+09 
-1.1596811705e-10 
1.1299540313e+38 
1.5717096343e+26 
-6.5354031126e+29 
-4.2736809012e+15 
-7.5936493133e-16 
-5.5562648304e+26 
8.2972920126e-21 
-2.9140007171e-38 
-2.3424658742e+36 
1.4986070069e+38 
3.2331035000e+06 
-1.2807123270e-24 
-3.3123711538e+31 
-8.0581547852e+03 
5.0375468646e+11 
6.1421740972e+25 
-6.3831575430e+34 
-6.0072090946e-07 
1.1565114255e-04 
3.3715869563e-07 
-3.4757113791e+23 
1.1990026703e+26 
-1.9477730713e+03 
            nan 
1.9463324365e+28 
-9.1519822518e+27 
-2.3841113627e-23 
6.1310340243e-05 
1.9772606075e-37 
7.0926307362e-12 
1.3839388717e+24 
-5.3469817807e+19 
1.3748855468e+34 
-4.6083389282e+02 
1.3465051576e-27 
2.8445429637e-33 
-1.4134269441e-03 
-1.3803851573e-07 
5.8452355006e-05 
-7.0423652064e+23 
-2.3619620557e-20 
-1.5653894069e-27 
-3.1041711426e+03 
-2.4341941898e+16 
2.2353384754e-21 
4.0225193984e+10 
2.6745814452e-09 
-5.0482167969e+03 
-6.3442596659e+11 
1.1080203154e-15 
4.9728878362e+37 
-6.5665744896e+10 
3.9781993524e-27 
1.2320311727e+21 
-1.2756738144e+37 
6.7015503471e-22 
2.5072805746e+15 
5.0662741065e-02 
4.7074631710e+22 
7.9272437105e-16 
8.7125562309e+31 
4.8207983375e-02 
-7.5395817361e-35 
1.1281156837e-33 
2.9964088021e+38 
1.8332550592e-19 
-2.2629821134e-38 
2.0813700985e+36 
-3.2619578681e+15 
-2.9726198492e+22 
-2.4200748180e-29 
1.4492263369e+37 
-1.1954431889e-10 
2.1951245622e+33 
5.3108734375e+04 
-5.7648601532e+00 
-6.4792167969e+03 
-4.9145962663e+29 
-6.4706180918e-16 
1.1985871890e-38 
-1.3135992964e-28 
-1.1372552375e-30 
3.3502757549e-01 
-5.0831455976e+24 
3.3156537264e+37 
-6.7521249009e-12 
8.1965951091e+34 
1.7627530724e-06 
2.5075065613e+01 
5.1743935182e+30 
3.0842505199e-13 
1.9833845666e-14 
-6.2449223570e-10 
6.3919662476e+01 
1.8525531109e-10 
-1.0109757503e-19 
1.5385286400e+08 
1.6498645402e+23 
-7.6284491203e+13 
8.6198507038e-32 
-1.2459391411e-24 
-1.5004094690e-02 
-5.1045040951e-21 
6.9646892548e+00 
-5.4723991138e+18 
-3.2665937269e+30 
-2.1907493750e+05 
2.1383947134e-01 
-7.5349370923e-18 
-6.6179280620e-22 
4.3450743616e+24 
-2.2044371247e-38 
-1.3628598213e+01 
-2.6059148173e-09 
3.9273117226e-25 
-6.8414240000e+08 
-4.6045275667e-05 
8.0524816741e+24 
2.2647495312e+05 
1.1815600543e-20 
2.0118924582e-10 
2.7805869141e+04 
-4.3874659367e-26 
3.6957544960e+09 
-4.6409395865e+30 
3.9718941405e+28 
1.0483016072e+29 
5.3539289781e-33 
5.9097407046e-19 
-4.8267296722e-19 
-4.0267184865e+13 
-7.9912916817e-07 
-1.6022824550e+12 
-1.4297006062e-33 
-5.2338491919e-15 
-4.6230700823e+36 
5.6560341484e+12 
4.3828062492e+17 
2.3659177562e-19 
-7.0190030336e-01 
-3.4746925395e+26 
1.2803658038e-33 
-2.1685683055e-26 
2.6580858000e+07 
-2.0044542409e+22 
-1.6105446367e+37 
1.4082739208e+38 
-7.8725284066e-22 
2.1945719836e-38 
-2.2367461801e+20 
1.3036218921e+24 
-1.1614203348e+33 
2.5126571834e-27 
1.3423551087e-18 
7.0847686250e-22 
-3.6293175571e+32 
6.0016782216e-24 
-5.9771693550e+26 
3.3618284725e+21 
-2.3307965132e+29 
1.7064371094e+04 
-1.3548356934e+03 
1.0156093165e-02 
-5.9595581971e+30 
7.0505899663e+16 
4.9742795649e-18 
1.9850288741e+31 
-2.2282556258e+36 
-8.4769112073e+22 
-9.9615370633e-26 
3.0072641376e+19 
-1.6541460464e+13 
2.5361719214e-28 
7.3021291796e-26 
-2.8016762303e+17 
-7.2719419375e-10 
6.4041090428e-21 
-1.2754106523e+26 
-4.2921115528e-04 
3.2340026642e+14 
1.1577176303e-01 
7.7986831546e+23 
-7.5242032333e+11 
-1.5784894861e+31 
7.7189653584e+37 
3.4453948557e+34 
-5.3941593310e-35 
3.9212163481e-19 
-2.8306810749e+20 
-1.1215984061e-13 
4.2634890945e-15 
-1.7670993920e+10 
-1.0429089161e-04 
-1.0956590268e-04 
-3.4548791968e-25 
-1.9002673834e-15 
1.3518177580e+23 
1.3569574832e-21 
-4.3795923079e+18 
1.6912364960e-01 
6.9131102210e-16 
-2.7254843750e+03 
-3.6966106760e-29 
-6.3131591797e+01 
-8.5001525956e+15 
-7.5876286234e+21 
-2.0713653015e-10 
-1.0941706401e+19 
-1.4984812966e+19 
1.7056756669e-13 
2.8899803125e+05 
-1.1607105034e-11 
2.6900399143e+22 
2.0373384953e+00 
6.5007412786e-07 
-2.0229979456e-22 
1.1406601312e-23 
4.8900345037e+11 
-1.7677735361e-12 
8.3340713585e-22 
-8.8624425110e+29 
3.1277322240e+10 
1.1944857845e-32 
7.1088844829e-18 
1.0720841104e-08 
-2.6775647840e-37 
7.1827279942e-27 
-9.9481515625e+04 
6.1788400367e-34 
-7.3022729512e+20 
-1.6087688849e+27 
7.4707977723e-16 
-2.6710804251e-28 
-4.5165060096e+10 
9.8073059082e+02 
6.5313416659e+31 
1.2983554592e+22 
1.9083137359e+30 
1.0250092312e-18 
-9.5318697190e+35 
4.9146763470e-32 
-6.7030512832e-34 
-3.4259014899e-22 
2.3970085000e+06 
3.0193065665e-26 
3.7034039247e-19 
5.1658381119e-28 
-2.1767364187e+20 
-1.6312314453e+04 
1.7698441689e-19 
-3.1704819109e+18 
-9.3179020259e-20 
-5.1042091623e-33 
-4.5149706039e+24 
            nan 
-1.6999119692e+25 
-2.3026967601e-15 
-8.9293281563e-15 
-1.7169573307e+00 
3.8016641625e+28 
-4.8988082391e+31 
1.6338422535e-27 
2.5646250452e+16 
5.1808521917e-09 
2.7315498940e+17 
-4.1666948424e-38 
3.1489654784e+10 
2.1172092928e+12 
7.8449732124e+25 
5.3445947266e+03 
-2.9301332045e+17 
2.0925135559e-29 
-7.8868353478e-26 
-4.0664083613e-24 
8.5268685599e-20 
4.8116947673e+29 
1.0297684456e+16 
1.8309889716e-10 
4.2897650094e-16 
2.6077547539e-31 
3.1836226038e+16 
-4.9174392367e+31 
6.2952650000e+06 
-1.9260698376e+17 
3.0379003349e-13 
1.4408085692e+20 
-1.6210776844e+33 
4.1428809168e-12 
-4.2636696387e-19 
            nan 
-1.5503169508e+30 
5.7208244689e-03 
-4.7931604211e-20 
-1.7525642864e+32 
7.6244437489e+22 
2.2199805615e-31 
1.6616324517e+38 
2.7524059165e-32 
-3.7726796937e+28 
-9.4771283963e-27 
2.0326657831e-25 
4.0907315190e+24 
-5.6181305840e+17 
-4.0788534185e+36 
2.5511090449e+21 
-2.0314926518e-38 
6.7545177670e+34 
7.1225758094e-27 
7.9205438784e-20 
-5.3173608749e-37 
-7.3130918176e+15 
-1.3497988713e+17 
1.1777215000e+07 
-1.2769506806e-11 
-4.9705342984e+16 
4.7217429984e-38 
8.5938503851e-33 
-1.2415986005e+26 
6.5167472839e+01 
4.8568060000e+07 
-6.5465430056e-38 
-1.5901382341e-15 
3.4551075806e+14 
-7.4588477194e+12 
-2.8413459864e-33 
1.0795948599e+30 
-3.6260910458e-34 
2.5580981218e+37 
2.3507707494e+11 
1.0159792559e-20 
2.4912373487e+36 
-1.5918270000e+07 
9.2145907879e-01 
8.4294985492e+27 
-3.6391316480e+09 
1.1669548438e+05 
1.1059477710e+28 
-1.5058032599e-09 
3.3283059642e-10 
1.9948787269e-17 
-4.3824766109e+29 
7.9695333088e+21 
-9.9534672628e-25 
4.6925802599e-04 
-7.0658033800e+24 
1.9122420654e+03 
1.1714534368e-26 
-8.1638995208e+20 
5.8620961353e-19 
6.5422816707e+13 
-6.4083384320e+09 
-2.1161527206e+17 
-1.0320247735e-14 
-3.2194845378e-02 
1.5227461268e-20 
5.3123094742e-37 
9.8029760214e-26 
4.2413810730e+01 
-5.3587253624e-33 
7.7161372109e-28 
3.5776257071e-25 
-9.1153600000e+08 
-5.0297314924e-11 
2.6840156616e-13 
8.9738913821e-32 
7.5328806815e+26 
4.9039244736e+30 
2.4010110659e-35 
1.8222914411e-28 
-2.2475390481e+23 
3.3752662837e-31 
2.9372112609e-32 
4.9487976306e-39 
-6.8121717121e-35 
6.7226943793e-04 
2.1239537531e-24 
-5.0837201953e+27 
9.8774547223e-04 
-2.3409365321e-22 
-1.7285091856e+15 
-2.1697297052e-04 
-5.6053078426e+11 
2.0348721509e+20 
5.7866443634e+01 
-5.0656946900e-29 
5.7338899904e-20 
5.9823269183e+34 
-1.3124625118e-32 
1.5624702454e+02 
-2.4586023883e-08 
2.8035858577e-06 
8.1255750232e+29 
2.7390949130e+33 
2.5021313202e-30 
9.4105685701e-14 
4.4978456267e+25 
-2.0573493554e+30 
-4.5769502894e+33 
-8.1293358739e-25 
2.3488324881e-01 
-1.2303014076e-33 
5.6439024000e+07 
7.3190234454e+27 
-6.3174407136e+36 
-7.9961846990e+35 
-1.7615637516e-38 
-1.1447078908e+16 
1.4971462518e+24 
-1.5920228789e+35 
6.6667753679e+17 
1.7301135009e+17 
1.4738870715e-33 
-5.4634687563e-31 
-2.2753747927e+12 
1.3242998312e+20 
1.3156234324e-08 
1.2372250576e-12 
-3.7882304087e+30 
2.5471862000e+07 
4.0332233332e+25 
-2.0825905685e+24 
1.5016624957e-06 
-7.0133817618e-23 
1.3458488094e-18 
3.6408373248e+10 
2.5979442231e-34 
1.9630757379e-05 
-2.0872212450e-21 
-4.0053501854e+13 
3.4147784375e+05 
1.0631891340e-01 
9.2870985100e-05 
7.0046216039e-34 
1.5332660272e-12 
3.2837398564e-23 
-7.7337168750e+05 
-9.9795259641e+32 
-3.4430772515e+30 
-7.3945090917e+32 
2.2318015702e-23 
5.9453052497e-38 
3.6040431548e+15 
3.2438021153e-02 
9.0808655925e-34 
1.6905847555e-10 
2.5318306076e+16 
-2.5507537599e+38 
-1.7531865919e-14 
-1.8231686044e-30 
-1.2160434985e-11 
3.2138687870e-13 
-1.0195204680e-07 
1.0129234397e-05 
2.9290157836e-03 
-5.2752019337e-32 
1.4636285178e+24 
-1.4543554226e+29 
7.2164266695e+35 
-3.5908731206e-06 
1.0398389376e+29 
-6.7136780126e-04 
6.3283316545e+34 
6.8457765481e+17 
6.2566319937e+25 
3.1777760953e-38 
-6.6710037855e+22 
2.4355161836e-21 
1.3633933594e+04 
-2.3522025008e+21 
7.7065779308e+15 
-3.0616405934e+15 
-1.8820867188e+04 
5.0552873290e-05 
4.8442939260e-07 
-3.5213939770e+25 
7.3743313551e-02 
2.6995632137e-30 
1.0500708499e+14 
-1.1046106927e-02 
8.4290117194e+18 
-1.4477243000e+07 
-2.0608266830e+01 
1.4907047773e-32 
-3.7753252741e+12 
6.3287964279e-12 
3.7928761556e+21 
3.2275747397e-19 
4.6429577600e+08 
3.4726511757e+36 
-2.2139238371e+21 
-3.7891959073e-04 
-1.0059367882e-36 
1.8311911402e-18 
-2.7565330694e-23 
-1.7377187760e-05 
-2.9252361231e+14 
-3.1024563183e+21 
-2.2071228351e+29 
2.9541688540e-10 
2.0254117371e-27 
-2.2872323990e-26 
-1.2111506680e-30 
3.3955115359e-03 
-7.7300847153e-35 
6.8803610269e-20 
1.2005696290e-32 
-1.1945555076e-36 
-5.2415733914e-32 
1.4810988547e-10 
-1.8038739842e+34 
3.2216609104e-32 
-5.2131235600e-01 
-3.7181905000e+06 
1.6241831746e+35 
3.0241583851e-21 
6.5226545517e-18 
-2.1786923200e+08 
4.3069377899e+22 
2.2659367188e+04 
9.8213387413e+26 
5.4895980318e-17 
-2.1530809896e-16 
4.5689182571e-07 
-3.5212174685e-26 
-6.0437330251e-27 
-3.0402469979e+26 
2.1343917800e+30 
3.3658065232e+19 
-2.5932266046e-14 
-8.0382652283e+00 
-4.7467823937e+16 
1.5950667165e-14 
-8.5931456664e+26 
-2.7247501130e-12 
-7.6167949978e+33 
-1.7935477760e+09 
3.6555743727e-33 
5.1690452034e-37 
1.5881705829e-38 
-3.9909634398e-23 
-1.4554463537e-11 
1.4365419196e+30 
-4.5892590625e+05 
-1.5445864328e-14 
1.0405068820e+32 
4.6204585297e-11 
-8.5150002976e+16 
-1.1468791540e-21 
6.7593574831e-29 
7.4410675523e+33 
-1.2280414253e-01 
1.2721615791e+01 
1.2120774296e-17 
5.6279768284e-18 
-8.5925797203e+26 
1.0977866154e+13 
-1.7071433365e-01 
-2.8066765925e-11 
-3.1822312146e-11 
-8.0469657530e-28 
-1.3676679134e+00 
-1.5426477370e-12 
8.4447626301e-14 
-2.1792210511e+19 
-7.9239536088e+32 
-6.5622776000e+07 
2.7312702618e-27 
-4.4550841958e+11 
-3.0823253934e+37 
1.3610915182e-22 
-4.6855049798e-23 
-7.1986136166e-31 
1.0786378368e-07 
3.5227104567e-10 
-5.4650818639e+18 
-1.0609244829e-17 
-4.1930912051e-32 
-9.7261408810e+19 
-4.8859752497e+32 
-1.9830920631e+37 
2.2791250526e+20 
-4.8692814349e+31 
-7.4237424000e+07 
-2.6614026865e-04 
-2.4977460521e+28 
-1.3839383300e+35 
1.3554488479e-20 
8.7427074756e+29 
2.4219288674e-33 
-8.7257603426e+27 
-2.1223570220e-03 
4.4826729061e-24 
-7.6659929960e-08 
            nan 
3.9032011045e-06 
-2.7362126966e+25 
3.1429593563e+00 
-5.9896377934e-05 
1.7828496084e-06 
9.0529006162e+35 
-6.2574399843e-21 
3.8993541966e-04 
4.6119619235e-09 
2.3381495358e-15 
-2.0507416598e-10 
-3.1116654080e+09 
1.2131176552e+20 
2.9266955153e-06 
-2.7044553757e+01 
1.2652456015e-30 
-8.1007138210e+22 
-4.2272044296e+21 
-1.6790403752e-03 
4.5237514025e-15 
-6.2777402832e-08 
-6.0987648265e-10 
-3.9376604402e-19 
3.5551632981e-14 
-1.1934097333e-16 
4.1598768234e+00 
-6.0399511150e-26 
6.5487872902e-09 
-3.7809912000e+07 
2.0650106744e-29 
-5.7748548687e-02 
6.6520644321e+12 
1.4505086467e-02 
1.2276339950e+32 
-6.0009618917e-21 
4.9586888704e+10 
1.5267266086e-30 
-3.7151175562e-24 
-3.5921524775e+27 
4.5298444052e-29 
-3.9483150529e+33 
2.5158859631e-18 
-2.1610355172e-10 
4.4006614189e-05 
1.2250059416e-15 
-7.9867419276e+32 
-1.1710807212e-28 
5.8297080000e+07 
-1.7326713114e+26 
2.2575242672e-19 
4.7445928431e-06 
-1.3291794434e+03 
4.4786290770e+24 
2.0950479493e-33 
2.8395843862e+34 
-1.4751843447e+22 
2.4061059578e+31 
1.0651283335e-27 
-6.4509477411e-21 
2.3720908918e-11 
4.3717799381e-33 
-6.4006962813e+35 
9.1201845703e+03 
4.1646620345e+35 
-1.1477001168e+27 
-2.1046230786e+23 
-1.4372372219e+29 
1.0036782216e-23 
-1.2391613000e+07 
-1.5461138175e-20 
1.1275854492e+03 
-7.0822681600e+08 
-7.3909445981e+32 
-1.9425061381e+24 
-5.2160232173e+33 
-2.6182514901e+13 
4.3695745270e+12 
-6.2574888228e+28 
6.9533922794e+16 
2.7987514841e-05 
1.0890085663e+13 
3.3854679205e-03 
3.7714657142e-31 
1.7104907104e-14 
2.9616926792e+19 
4.2831467117e-24 
-2.6285208943e+28 
1.1202204154e+29 
-3.8215405981e-31 
-1.0173766697e+13 
7.3151454176e+18 
2.2134395242e+20 
-4.4739531724e-33 
6.9205690068e-08 
2.0123631256e-33 
-2.9834566358e+22 
-3.8612675882e-13 
-4.1081079432e-24 
-4.7663435340e-02 
-2.7063835144e+01 
8.9618537322e-32 
-5.5961968393e-10 
4.7496523856e+20 
-1.5503224207e-34 
-1.6439753822e+19 
4.6464866128e+27 
-1.1827198137e+31 
6.2841050584e+21 
-3.9104148092e-22 
-9.0796176179e+11 
-3.8074895770e-07 
6.0643188356e+23 
-2.4150232500e+06 
2.2134095144e-35 
2.0171825275e+15 
7.6207276723e-33 
-2.8726444687e+12 
4.0619030411e-26 
-2.3502109421e+35 
6.2576761085e-26 
-4.1036654730e-24 
-1.6696238836e-10 
5.5134667969e+03 
3.9033770102e-29 
1.3473690381e-19 
9.1537725299e+15 
-3.8991662876e-17 
-2.9487184965e+25 
2.5888791111e-10 
            nan 
-4.6564106330e+19 
-5.6189807314e-27 
-1.3656798359e-08 
-6.1121653528e-14 
2.2252019402e+17 
-4.7704389931e+27 
4.7945334784e+10 
3.4501910000e+06 
2.7655236423e-02 
-6.5645826405e-35 
-9.7401670992e+14 
2.1864714024e-30 
8.9649958713e+25 
-5.0619559923e-21 
1.3884413004e+22 
8.7368867696e-09 
1.7169255616e-26 
4.7772135584e+29 
-1.5047485282e-24 
-7.1104407257e-31 
2.0359783513e+16 
2.8490115234e+04 
-5.0734642951e+21 
-2.8476368767e+33 
-2.9154829999e-14 
3.1313480921e+22 
-1.2064610400e+08 
-2.0606788209e+38 
1.2989760926e+32 
1.9693826217e-25 
-1.4700300538e-22 
-1.9425038505e-30 
-1.0225259735e-26 
-9.4106842880e-05 
1.6236110938e+13 
-2.1206221172e+15 
-6.9060027377e+14 
-1.3689342495e-06 
-2.0656651752e+37 
-2.4757751165e-25 
-1.1101559255e-10 
5.1418575000e+05 
-1.5879480862e+16 
2.3462753296e+01 
-3.6987743378e+00 
1.3515873915e+35 
1.3444714187e+22 
-1.8162593459e-24 
-1.1671461090e-20 
-9.5250079146e-17 
            nan 
3.7232792343e-17 
-6.1615272960e+09 
4.3289002978e+32 
-3.1975882621e+13 
4.4397158318e+36 
1.5471658281e-32 
2.6064533629e-14 
4.9708505498e+12 
-7.9761854502e-30 
-1.4846428448e-33 
2.0671405268e+25 
4.4329853677e-10 
-1.1003596907e-31 
6.1620635279e-06 
-5.2091085641e+20 
2.0601466061e+11 
1.1214277459e-14 
3.7659963039e-13 
3.4374087082e+13 
-2.5984243820e+33 
-9.8112549292e-23 
-1.1977615628e-26 
8.2637853583e+18 
8.9685237872e+30 
9.4305008247e-08 
3.4858979450e+24 
3.1098904535e-24 
1.2546168247e+34 
5.2280528452e+36 
-1.9804759505e+23 
-2.6721372800e+08 
-2.2257999517e-03 
1.8028894710e-22 
-2.1184374216e-32 
6.7018965624e-23 
3.3707361668e-02 
-5.2282190218e+18 
-2.7104503741e-14 
1.5006953750e+06 
1.3750613501e-35 
5.1523378244e-28 
-8.1167628319e+35 
-1.0383867100e-08 
-4.4510323991e-31 
-2.8984929941e-06 
-2.3379568750e+31 
-1.1500877021e-35 
-5.0363720333e+25 
-8.7349082947e+01 
1.5442177313e-28 
1.4628897654e+23 
-2.3967193992e-32 
5.3639272664e-05 
-4.0692543446e-33 
3.0050396163e-05 
-1.1640743117e-24 
-4.3860258453e+24 
7.4507173849e-05 
3.7856951664e-25 
1.3014749488e-24 
2.0355943716e+27 
1.4399094859e-28 
-1.6336223522e+14 
7.4862015958e-17 
4.8594330416e+32 
-6.2320763994e+13 
2.5250904353e-33 
8.0178160627e+22 
2.7031849542e+25 
4.8421844433e-21 
9.6027210435e-15 
8.9531142669e-35 
2.1762938000e+07 
-5.7834988832e-01 
5.3671404503e+14 
-1.2922192483e-10 
4.0654580000e+07 
7.1787185000e+06 
-5.0689760656e-07 
3.0312493168e+38 
-6.7713967518e-35 
1.3482151190e+33 
-4.6803748441e+14 
2.8468295197e+24 
5.4304207536e+13 
1.2807736642e-12 
-1.5651225037e+24 
1.4544977188e+01 
-9.5604655322e+24 
-5.4899500000e+06 
1.3891106944e-33 
3.3134449787e-32 
1.9527822588e+30 
-3.0717013420e-19 
7.7797959869e-36 
-3.0241234303e+00 
3.6030904926e-09 
-2.3696990311e-01 
-6.6695362455e+37 
1.5918602746e+28 
1.5588979333e-35 
-6.5025131520e+09 
-1.3914310226e+29 
-3.2253737600e+08 
3.5810117900e+18 
1.1035426448e-21 
3.3652043459e-32 
-4.8450108739e+29 
7.5824265480e+00 
            nan 
-1.8329294392e+27 
5.0110530284e+34 
-1.5954648018e+01 
4.2225210781e+37 
-3.8257623343e-29 
3.8043292960e-09 
-9.0809105256e-17 
2.1421909705e-37 
8.2531386089e+29 
1.0052568137e+37 
2.6836955547e-01 
-2.2502621277e-07 
1.0098549712e-35 
-2.2529912000e+07 
4.1099258732e-24 
-3.5787923707e-18 
-2.6379957795e-01 
7.2444563342e+28 
-7.0109672852e+03 
-1.3427995648e+10 
3.6585933305e+18 
-4.2433499136e+10 
1.1252768795e-31 
-7.1505094973e-26 
-5.5519541320e-07 
1.1289931021e-38 
4.6383164203e-16 
8.8184267794e-24 
1.6551817965e-38 
-8.8191371581e-21 
5.8995918242e+13 
4.0737356230e-32 
-6.8561954036e-32 
3.0542974619e-19 
3.0173200931e+26 
3.9110387150e+31 
3.0460934088e-33 
1.4442701559e+16 
-9.4704975541e+33 
-1.9241010933e+18 
2.9925370185e+22 
-3.3484475622e+35 
9.7770284800e+08 
1.8130276652e-36 
-7.1504376000e+07 
8.2246606703e-32 
-4.9074340147e-09 
1.7924306202e+16 
-1.3251325952e+11 
-1.3549269325e-20 
4.2135595005e-33 
-2.7927904256e+10 
1.9201983769e-27 
5.0480118147e+17 
6.7679289344e+13 
-1.3937384580e-10 
1.4287360000e+08 
-6.7710500000e+04 
2.1460296419e+24 
-2.6143150145e-13 
1.3714596096e+31 
-1.8447104362e+22 
4.5323205825e-19 
2.3661018110e-27 
            nan 
5.6058593738e-24 
-1.3432600275e+28 
3.4531562941e+35 
5.1537027623e-23 
-3.1690080000e+06 
2.8033377358e-32 
-4.4672049796e-39 
7.6329202483e+11 
-2.7330790467e+29 
1.1516196828e+19 
2.6165373403e+21 
7.2278678417e-03 
-3.1021565254e-16 
-1.0665282607e-03 
3.9252881834e-07 
-2.4338875023e+12 
-2.7192868401e-08 
-8.3727762103e-04 
2.0276055140e-13 
-2.6004153760e+25 
6.6796565056e+00 
3.0434686000e+07 
1.3936811829e+02 
-5.1074514888e+26 
-1.5786001282e-23 
5.0027663819e-03 
3.8433654481e-08 
1.1394247502e-18 
2.3538423740e+21 
-4.3029954560e+09 
1.8099723217e-26 
1.3521247233e+22 
-7.9316752598e+30 
-5.0011701029e-34 
-1.9607411692e-21 
-3.9462497153e-29 
5.9760986328e+01 
7.6326905600e+08 
-2.3301381410e-34 
2.3066928961e-17 
2.2173266454e+34 
1.5312152391e-04 
-4.2664524913e-01 
3.6308771087e-05 
1.1669654171e+22 
5.7077701204e-03 
1.5750093151e-14 
-4.5156198862e-15 
1.2153801139e-34 
-1.5905970302e-21 
5.4064034066e-13 
2.3137868211e+31 
2.5367475246e-05 
-3.9002889275e-23 
1.5461511664e-35 
-1.4346778210e-09 
5.6576296986e-33 
-1.1693835000e+06 
-8.5711834317e+11 
6.9949337762e-24 
1.1872386576e+33 
1.4920903429e-25 
2.9418260362e-12 
-6.5494050000e+06 
-2.0749030551e+27 
-7.1431609608e-39 
-3.3356634644e+36 
4.8606899471e-36 
7.3365364163e+18 
8.1203041189e-20 
-3.0156166516e+24 
-1.7175290625e+05 
-1.6703163852e-10 
2.6889548133e+34 
-1.9470012376e-06 
1.6112439001e-30 
-2.4032961765e-17 
-3.0857332979e-20 
2.1688569337e-02 
-2.9604517407e+38 
-1.7268057251e+02 
-1.5883607252e+16 
9.3970218980e-17 
-4.7455592557e+18 
-1.4568728361e-28 
-5.2318888777e-08 
4.9133770752e+02 
-1.2426632500e+06 
1.2432661438e+02 
-5.6063637718e-28 
5.5740648000e+07 
3.9534740480e+09 
2.3939056293e-10 
1.4610584217e-18 
6.3330738878e+37 
-2.6795484806e+38 
-5.3103500763e-11 
-1.0268645312e+05 
-3.2163291677e-23 
1.0726547728e+33 
1.0650938786e-35 
-2.4596850269e+18 
-3.2526225000e+06 
9.2773880005e+01 
4.5663973519e-29 
1.5434859020e-27 
-1.5002241741e+37 
-1.5194536731e+38 
-1.3055828480e+09 
1.6292257994e-25 
9.5493774056e-24 
-3.2623849720e-36 
-6.3999652866e-07 
-1.2308508301e+03 
1.6387859157e+25 
-2.5262532166e-30 
-9.2838797186e+28 
1.4911433750e+06 
-4.6740500693e-05 
-3.3407337136e+25 
2.4334519043e+03 
-7.8451274221e-30 
9.4191730804e-11 
-8.3677576507e+35 
-4.9634689407e+22 
3.2412281192e-10 
-2.3055404892e+12 
-1.9828406881e+30 
-1.9276521612e-31 
-1.3027015173e+21 
-2.9615712790e+37 
-2.3635372426e-27 
8.2039136887e+00 
7.7585464338e+17 
-2.9674803335e+31 
7.2452783801e+27 
-3.7455914963e+24 
-6.1756426445e+34 
4.5260336304e+02 
9.1543414382e+24 
5.1293531009e+32 
-3.5275887608e+13 
1.8115623070e+29 
-2.1967750217e-04 
-1.3049220626e+15 
9.1184809677e+24 
3.7520407204e-05 
2.4730486586e-36 
1.6833417807e-25 
1.0524958611e+01 
1.0896793710e-36 
3.9197627901e-31 
9.5492484908e+33 
1.7662901912e-37 
-1.4796954334e+30 
-6.6583170184e-13 
4.5025575000e+06 
2.7170370668e+38 
2.2914496025e-14 
5.1372477270e-30 
-8.7919142970e-05 
-6.6569292396e-13 
-9.2479173762e-20 
3.7787417365e+27 
3.2138052636e-11 
1.6588815451e+00 
-4.6875566539e-08 
-6.6304213603e-27 
-1.7314199016e+24 
-3.7490170635e-31 
1.2490085262e-29 
4.3452343910e+11 
-1.2445077106e-15 
3.1675180054e+02 
-4.7228994685e+36 
-3.5640593920e+09 
6.6028400253e+25 
-9.9450918804e-36 
1.5771454687e-23 
-1.3722654494e+30 
4.2288225944e-24 
1.2969276362e-14 
5.7357348864e+10 
-6.7147118976e-09 
-9.4289511645e+31 
4.2736992240e-01 
1.6192727514e-07 
2.6984716012e+36 
4.7726654279e+20 
-3.3822960000e+07 
-2.5342529692e+15 
-1.1921918807e-33 
1.3954759197e-05 
-2.8604515512e+37 
-2.1219601219e-29 
-1.5399914540e+27 
5.9467344086e+16 
2.0913688660e+01 
-5.7870933662e+26 
-9.3054402158e-26 
-1.1644646875e+05 
1.0818290527e-21 
1.1977851904e+29 
2.0749305838e-24 
-2.0914296000e+07 
-3.4057106227e+11 
-3.2436830337e+28 
9.8647332299e-25 
-1.5013254034e+18 
8.2968085735e-07 
3.1762561381e-24 
-1.6066677335e+31 
-1.0604644977e-15 
1.5636235000e+06 
3.4128100939e-15 
-2.9839626152e+24 
3.4646828340e-07 
-8.9171912493e+24 
-1.7441402000e+07 
-3.7088990625e+05 
6.4985366502e-37 
2.0043097848e-08 
8.3434954087e-28 
-4.7299507999e+31 
-9.1356552522e-36 
2.7766939183e-06 
-1.2704483025e+20 
2.2800481600e+08 
7.7788811887e+13 
2.6572404036e-27 
-2.0622387813e+14 
-4.2800472368e-12 
6.4568558797e-28 
7.0916678789e-34 
-5.5997946321e+35 
2.3030183316e-37 
9.0533050469e+25 
-7.8023641037e-29 
3.0467379730e-08 
-1.6204092828e-22 
-1.1060155691e-23 
9.2133848904e-15 
2.3452151206e+32 
5.6806062045e-29 
-2.0331848717e-19 
-2.5827452000e+07 
6.1219266560e+10 
-4.9840028863e+16 
-2.8207142432e-14 
1.5893726167e-38 
9.1136620000e+06 
7.6613714918e-03 
-3.1132842414e-03 
1.0919802298e-04 
6.1647108566e-19 
-8.6721476691e-05 
-9.8113798799e+12 
5.8584309273e-28 
3.0937201684e+33 
7.8474476562e+04 
7.3679417372e-02 
6.0261271528e-07 
-5.6084519652e-25 
-9.8724946297e-31 
6.1183588838e-38 
1.6462426865e-03 
-4.5541235061e+19 
-3.4650047119e+13 
1.5132875852e+24 
-1.2795892467e-38 
-1.6435121657e+31 
6.8655838106e-35 
-5.2232016410e+16 
-2.3518034141e-04 
-2.8936709277e-03 
2.3693934592e+11 
-2.5961746787e-37 
1.2548505083e-22 
-4.9247188891e-32 
-1.3416928891e-30 
-3.3269085620e-29 
-7.4163640709e-31 
1.2725741960e-27 
3.6319942200e+18 
-5.8966490906e-04 
1.4625935547e+04 
-2.8574024825e-31 
5.0048349705e-20 
5.5307365417e+01 
-4.9820892334e+02 
3.2671692512e+29 
-3.6536048319e-32 
-4.9427473284e-31 
-1.2676006565e+29 
8.9984348371e+15 
5.1005589086e-08 
-2.0792841041e-37 
2.2294895312e+05 
-1.6543701151e-35 
-2.5542850272e-15 
-6.1258207258e-22 
-7.0630574872e+28 
-7.4589356984e+30 
-1.8204146214e-25 
1.0718250454e+21 
-1.2946969604e+02 
-8.5075181954e-27 
5.2093841937e-24 
1.5384364967e+29 
-6.5785935149e-03 
1.4528432277e-11 
1.0743857077e+22 
3.7745127798e+17 
1.8912787479e-22 
-3.2692493157e-09 
1.3056547593e-18 
-9.3710979028e-34 
3.4272355787e-11 
-8.4623756800e+08 
-3.0363213131e-15 
-7.0508473364e+28 
-3.2250495075e+20 
1.0955190921e-10 
5.3136653064e-12 
6.4319096355e+26 
-7.4962271836e-15 
1.2015198916e-01 
-2.6501576975e-11 
1.8339850385e-06 
-2.0401766389e+17 
-1.8742894254e+30 
-6.0641315329e+18 
2.5108444783e+18 
4.3104875444e-19 
1.9678972661e-01 
8.7630070547e-38 
2.3136007076e-04 
1.3216309065e+26 
-8.9284146511e-18 
-4.6555866801e-11 
-6.8630331038e-16 
1.0294200323e-25 
2.6347143296e+26 
-1.4797346479e+27 
-8.7739743048e+32 
1.6245390625e+03 
3.9479172691e+27 
3.7229605249e-15 
-1.2554562500e+04 
-4.4710845879e-17 
-2.3062100000e+05 
1.7474684864e-04 
3.5873268332e-15 
2.4158174969e-26 
-1.0513365269e-02 
9.3395214721e-26 
-5.0312832976e+29 
-5.2822900173e+21 
-9.3924136714e-29 
-2.4778731483e+16 
1.3748351097e+01 
-6.7672053041e-20 
3.5254387988e-26 
-8.0451387458e-22 
-6.0310252672e-23 
-6.2296376391e-11 
2.5503034472e-13 
-9.7215726455e-33 
5.0885175617e-31 
2.5698440194e+21 
1.9396567685e-12 
-1.2729611769e-25 
1.1674163200e+08 
1.4689406628e+16 
-2.6755540629e+36 
-7.1955197723e+13 
-1.2318543261e+33 
-1.2136812427e+27 
-4.8318853259e-12 
3.4909948957e+25 
-9.3396406250e+05 
2.0030738328e+32 
-3.5243589297e-11 
5.2173618017e+23 
4.4280401998e-32 
1.9798313309e-27 
3.0779279949e-15 
-1.4232345175e+30 
2.1536155148e-24 
1.0200857488e-18 
-1.5978190936e+18 
6.5932480000e+06 
2.5753779792e+26 
3.3702877500e+06 
3.8494832454e-19 
1.2341209837e+21 
1.0498289490e+02 
-2.8042228035e-22 
-1.1582475525e+32 
-1.3421372424e+38 
-2.6316342883e-08 
-1.0687159374e-04 
9.4175148916e-38 
-1.8448575684e-34 
-4.3008320000e+06 
-4.2823676068e+12 
-2.9183759191e-19 
-8.1482783333e-22 
-4.2260857299e-05 
-9.4730456467e-24 
-2.1205259812e-32 
-3.5789707908e-06 
-1.5183364292e+34 
-7.8954038585e+28 
-2.2198864968e-10 
-1.8033925048e-13 
-1.7613700000e+05 
-6.8664771738e+16 
-1.9379825587e+32 
1.9154604688e-28 
7.0372589700e-11 
-3.3138473511e+02 
2.5629299485e-25 
-3.0756635328e+17 
9.7727696077e+11 
2.1656898438e+05 
-9.8349488920e-34 
3.9803410540e-33 
3.0846237500e+06 
1.4106819584e+10 
1.2998975228e-24 
-2.1060240995e+28 
4.6100070765e+24 
2.9619743268e+26 
            nan 
            nan 
-1.2351450418e-10 
-3.8172625618e+37 
4.7756312709e+31 
-2.4284512619e-04 
3.8777650983e+28 
-5.0792217912e+36 
-2.0462713760e-29 
3.9829101538e+34 
-1.5840121979e+12 
5.2100490074e-30 
-7.2845370227e-33 
3.0475069084e-30 
2.0517578810e-26 
-1.0120414773e+22 
-8.2490108494e-12 
2.0302906180e-38 
-2.0996896875e+05 
6.8014387829e-34 
-2.5654569556e+33 
-1.1637038888e-08 
1.0186791040e+09 
3.2390738151e+29 
-8.6664786739e+11 
-1.6385875940e+00 
-9.6828284107e+33 
-9.7764699881e+16 
2.1688325645e-35 
3.9336979176e+23 
2.5195917130e+01 
1.4715453000e+07 
-2.5898222586e+35 
5.6317259109e+37 
-6.2376342894e-31 
-6.4150372314e+02 
-1.1701225861e-29 
1.0943427024e-32 
-1.5048455680e-03 
6.6585905000e+06 
3.4342100442e+21 
-5.2988148000e+07 
-1.1802254401e-33 
-1.7427135706e+00 
5.3094698416e-08 
8.4806722375e+28 
3.6417647519e-20 
2.0118455084e+31 
            nan 
-3.3558481172e-22 
-9.5554935718e+13 
7.0069357217e-14 
-2.7255953830e+21 
-2.4650493750e+05 
-2.2288458756e+35 
-3.1773555279e-01 
-4.7651369073e-08 
4.9673960796e+21 
6.1224978417e-03 
2.0150647817e-22 
-1.5666561487e+26 
-8.3805388619e-32 
-9.0787799500e-10 
1.9697187236e-04 
1.0372183169e-04 
3.3267623723e-36 
3.2782396579e+19 
-1.9487376213e+00 
1.4567569451e-05 
4.2006079737e-20 
-5.9556977634e-17 
-4.0477373515e-14 
-2.1123452987e-10 
5.8830133639e-04 
-7.0313576976e-31 
-9.7008659890e-27 
-6.0457270592e-03 
-3.7565435563e+31 
-3.2457708346e+34 
-9.6863001697e-36 
-2.1069181021e-39 
-2.1899544417e-35 
5.3485006279e+34 
1.2629961096e-12 
2.5369712034e+37 
-3.4762510381e-07 
9.4628900271e-09 
-2.0692458376e-02 
3.2672127759e-07 
1.1336010198e-37 
-1.5784782539e-14 
5.6132714667e-21 
-5.7086085712e+35 
3.5476585558e+15 
-2.1035459831e-26 
2.6074611328e+04 
4.1620876961e+30 
1.5868037738e-28 
-1.9829195228e+19 
-3.7231147054e-09 
-9.4010964834e-22 
1.4484058784e+28 
8.4119156015e+30 
-3.9508856320e+09 
5.4498345725e+30 
1.1188859207e-04 
-3.8573803104e+34 
-1.0047837383e+35 
-9.7039406607e+15 
-1.0001923098e+30 
3.4354177099e-38 
-1.1069069232e-20 
-4.7422185698e-35 
-4.9069558551e+29 
7.3213946017e-10 
-1.1274766186e+31 
-8.5649587417e+23 
-1.6434604492e+03 
-2.1727660353e-16 
-2.3216687623e-23 
-6.3173843046e-07 
-9.5977327035e-20 
-7.3885047414e-08 
-8.4924848764e+18 
-2.8748425613e-27 
-3.7731158983e+32 
-7.6832400925e+26 
-4.9978716160e+09 
4.6841409224e-11 
-2.2345383744e+27 
1.7492004035e-37 
-4.2060179770e+23 
-6.1313414400e+08 
-3.1812518267e-15 
6.3460269149e+14 
4.4265205390e-10 
-7.4473695171e-37 
6.4724844516e-23 
9.1325526558e+30 
5.2225409623e-32 
5.5430259585e-14 
1.9325780996e-32 
1.2977755809e+32 
-3.3550990625e+05 
8.5902375491e-11 
3.7998663052e+21 
-8.0086259717e-22 
-2.1536263446e+18 
-1.1490797934e+21 
-6.8578824074e-25 
-5.9748733227e+29 
-3.1929624811e-07 
1.6925483731e+32 
-3.8342672107e+30 
9.9765234594e-14 
8.2045108037e+23 
3.8213424102e-24 
1.2029825892e+30 
8.8380997631e-18 
-2.0902208288e+14 
3.3310595891e-25 
1.8168373900e-21 
-1.8616311808e+11 
2.9725290495e+32 
-3.3749179826e+13 
-1.6489350996e-09 
-7.1974851493e+16 
9.1451678600e-05 
4.3160932617e+03 
-5.4348672000e+09 
-1.1726550000e+05 
5.4814932748e-21 
-5.3256283487e+35 
-4.8716513280e+09 
-8.7653006631e-08 
1.5129795148e-18 
-3.1358931298e+29 
-1.4334667969e+02 
-8.4714375000e+03 
-1.1938967149e-33 
-4.6550281589e-33 
-1.8249325203e+31 
8.8735247357e-33 
-1.6018359375e+03 
5.0325271671e-30 
8.5286777640e-12 
4.3181207811e-23 
-1.7708034712e+31 
3.8022124260e-21 
-1.4480340355e+38 
-6.1501024000e+08 
3.5672821105e-04 
-4.3336000000e+06 
-4.4375667585e-09 
-2.6654932992e+10 
-6.6491514880e+10 
2.1391984174e+35 
-2.4200592041e+00 
2.1809828468e-05 
-8.5833024059e-05 
-1.7501908541e+00 
-1.5270298880e+09 
1.9726459707e-30 
-4.9447384191e-25 
1.3337486280e-06 
-8.3065087351e+35 
3.0078696386e-34 
-2.1746175292e-32 
7.9998785374e-12 
            nan 
-4.0522516109e+24 
-1.9590825155e-38 
-6.4719543457e+00 
5.7247592354e+26 
-2.3820371415e+24 
-4.2788464324e+20 
1.4521762418e-33 
-1.4610469709e+26 
1.7820714042e-02 
-2.6501356665e-11 
2.4581211619e-05 
-1.2069088399e+37 
3.4266725482e+13 
2.2086034219e-32 
1.5308618477e-37 
-9.9515500000e+04 
-8.2574246366e-29 
-3.6947750000e+04 
-2.7236937358e-38 
-1.8680020017e+34 
-2.2262321385e+34 
3.3657562755e+16 
-4.1706543420e-22 
4.1000340177e-31 
3.8932923912e-35 
-1.2590081104e+31 
1.2959726293e+20 
1.3891020278e-10 
2.1732994321e-38 
6.2969868288e+10 
2.7092041176e-13 
-3.5814105525e-19 
5.2528315000e+06 
1.0890484727e+27 
-5.8968674007e-24 
-7.4255932617e+03 
-4.8797793326e-23 
-1.1714546803e+31 
-2.6534600118e+23 
1.1516875200e+08 
3.6991404497e-17 
-5.7567723703e-30 
5.7186375680e+09 
2.6478676023e-12 
7.3932611010e-36 
-8.2062646259e+30 
9.8202228365e+21 
-9.3686733231e+17 
-7.7481369972e+00 
-8.3761898395e-07 
1.2759916250e+06 
-5.0131641420e-31 
1.8087194880e+09 
-4.9962418416e-05 
-5.3580707984e+27 
-2.0227992892e-10 
2.0110506983e+13 
-2.2259887301e-18 
1.0723786937e-14 
-1.1245086909e+24 
9.8286821767e-20 
-1.9459495312e+05 
-6.6709277423e+16 
5.8532883401e-12 
-4.1463164962e-05 
4.8394279306e+32 
-5.0048485321e-13 
5.3841424810e+13 
5.9682549739e-24 
5.4729366639e-07 
1.6959605378e-13 
-1.1344339467e+21 
3.3624408213e-36 
4.5653168990e+25 
-1.0407318125e+06 
-4.8265972000e+07 
4.8008575856e-23 
-4.9555310990e+30 
4.6152172852e+03 
-1.1393744519e+28 
-3.0359335819e-38 
1.0009731386e-14 
1.0086599832e+15 
-5.9415044401e-19 
4.3183094366e+14 
-1.0798795580e+35 
-5.1291469041e-19 
5.3555588722e+00 
6.8140410640e+24 
-1.9960135963e-38 
-2.3902057933e-07 
1.5619383624e+13 
6.1464436972e+29 
8.5758638382e+00 
5.6449406260e-10 
-1.8934394053e-09 
1.6334270470e-28 
-6.6224024631e-03 
-8.6181350945e-10 
-7.6396950774e+25 
-3.2106167055e-05 
-9.4133728000e+07 
4.9926331936e+16 
2.2504709844e-37 
1.5180123122e-25 
-4.7218842493e-38 
-5.3731303399e-17 
-3.9921314764e+32 
4.0845137089e-02 
-3.4817046526e-06 
-1.5159557617e+04 
-5.5559234375e+04 
7.9732034296e+27 
-8.7238749874e+20 
1.2751071861e-17 
5.8693289757e-01 
3.4491762519e-02 
-1.4183473240e-07 
-3.3764109015e-02 
-7.1672670674e-23 
4.4922123269e+14 
-1.2122454999e+16 
-9.1364273387e-31 
7.1486644250e+24 
1.2027668164e-20 
-6.1721218779e-19 
2.6674676690e-08 
-1.5575693750e+05 
8.1678109110e-19 
1.7705075443e-02 
-1.6693045756e-36 
1.5814961148e+23 
2.5534835884e+36 
-5.7750290632e-01 
1.1134497237e+24 
9.6819790000e+06 
4.2034773406e-34 
6.0838621184e+10 
6.7519716790e-36 
-1.2799084732e-16 
-2.4828833135e+17 
-3.8989110876e-13 
-9.3416672559e+17 
7.5137063979e+26 
9.8680551971e-26 
9.8567920435e-17 
1.0290338479e-24 
-2.0848676172e-33 
1.0384679865e-20 
-6.1420266760e-33 
1.1416354369e+31 
2.3891901522e-31 
1.3353356735e-05 
9.2817961256e+34 
1.2977503695e+35 
-8.1332185600e+08 
2.7185831260e-29 
4.7924305247e-18 
1.0623582212e-36 
3.2309162908e-19 
-3.4602962553e-32 
-1.6747143680e+09 
1.2254224330e+23 
-2.1145478822e-03 
-2.8339645298e+25 
5.0226267778e-35 
-2.4558725953e-01 
-8.4395216510e-12 
4.0245160575e+13 
8.4100566406e+03 
8.7350323508e-15 
-2.1319433222e-20 
4.6089502575e-05 
-2.4548623360e+09 
-5.4405570327e-11 
-3.3396682190e-37 
-1.5059758301e+03 
-1.1002077700e-21 
-2.6187021770e-37 
1.9744335873e-29 
-1.2509881749e+34 
-9.9299967289e-01 
-2.0651993752e+00 
-1.3379446479e-21 
4.2647148106e-33 
            nan 
1.0965566642e-20 
-5.3701262459e-07 
-4.6891440346e-25 
-7.5153144376e+31 
2.2579860337e-35 
2.2565900701e-17 
8.0767132433e+33 
-3.4818571637e-11 
-2.0771030752e-22 
-1.6807290625e+05 
-1.8595465458e-32 
5.3166780472e+00 
-7.6937574504e-25 
-4.9048740925e+18 
5.0114896230e-17 
4.4600877596e+29 
2.6885236000e+07 
-1.1742344168e+36 
-5.8599204658e-15 
-6.4410716319e-27 
-1.6977296629e+29 
-1.2840489779e+11 
-2.2595588214e+30 
-4.5505781250e+05 
-2.8163097934e-23 
-2.6259515947e+17 
-1.2221508428e-07 
9.0490253104e+21 
5.6750516430e+22 
5.5207511587e+26 
1.8933991140e-35 
1.3728359249e-07 
7.6825601369e+31 
4.6188965850e-34 
1.8427892728e+15 
-4.2020872192e+10 
-3.8283040000e+08 
2.2793261484e-27 
9.0037330131e-20 
-2.3577401925e+35 
3.5403328796e+32 
2.4382486939e-01 
-3.1689425842e-29 
-9.2708037810e+26 
-5.6473789537e-27 
2.5951113281e+04 
-1.0688267836e+34 
-1.1104739780e-20 
2.2112113281e+04 
4.3123301154e-13 
9.8695412660e-40 
-7.9987607325e-38 
1.0790552221e-23 
-3.7068815833e+15 
-3.7229047622e-10 
-2.6037364000e+07 
-4.6865838709e+19 
-4.0099134408e+28 
1.7945248927e+31 
-1.4308605618e-24 
-2.6202044667e+20 
2.8328566299e-14 
-4.1167929936e-30 
3.8271663473e+12 
-1.6581884588e-14 
-1.6315095024e-23 
-7.7650207856e-39 
-6.6904335930e-22 
1.0469562964e-35 
-1.1591938019e+02 
5.3513404846e+01 
7.0087489201e-28 
1.7115526141e+24 
9.5205245314e+37 
7.2360394684e-28 
2.1469391079e+34 
-7.6997324072e-08 
-7.9084525350e-04 
-1.1603059200e+09 
9.2790883423e-29 
1.6169117942e+12 
-4.8149578705e-29 
-1.6282298865e+15 
-3.7046951936e+10 
-2.0092101677e-36 
-1.3288193382e-02 
-1.8428182591e-10 
1.5529066182e-19 
1.3505914997e+33 
7.6314802819e-22 
2.7539581953e-37 
2.8379395722e+29 
1.8662885938e+05 
-7.2156591797e+02 
-5.2146258354e+00 
1.2155936768e+10 
1.2355477691e-26 
-2.3282900656e-06 
6.8872552219e-21 
-1.2806444286e+13 
-3.1978836689e-30 
-2.8858398672e+36 
-5.9613519361e-22 
4.1013544342e+21 
-1.7163352051e+03 
-3.7019796480e+09 
-4.2955730831e-29 
2.5673497451e-39 
-1.1374929111e+36 
1.3029688457e+16 
2.2277636600e+26 
-2.1651664063e+18 
3.4974217192e+16 
-7.9073873100e-13 
-3.7651918376e-28 
-1.3863128591e+32 
1.2317769495e+17 
-3.5473369598e+01 
-3.5282904719e-05 
-4.9902439991e+33 
-2.2894208984e+03 
-1.7460845884e-38 
-5.4216375111e+28 
-3.3653213976e-38 
-6.4814818888e+16 
-2.6339278848e+11 
-1.3318427473e+26 
1.5276945409e-19 
2.0911579584e-35 
-1.5212434424e+13 
-3.3115734375e+04 
9.3968924418e+26 
-2.8563580470e+26 
5.2509975000e+05 
7.7403543610e-16 
2.1791393382e+11 
3.0217167364e-37 
2.6667171582e-08 
-1.4183290625e+05 
2.5380936502e-12 
-4.1745804800e+08 
-6.7979525173e-29 
2.6146605481e-29 
3.9744065244e-13 
7.6656159810e+24 
-1.9570529206e-31 
-7.0854621400e-19 
-1.0332221884e-10 
2.2279293118e+26 
1.3906362761e+13 
1.4196207587e-07 
1.0191155560e-27 
-1.3288234189e+11 
-1.5341725522e+14 
-3.6502568329e-11 
-5.2634998322e+01 
-2.7583754072e-18 
3.0802648926e+03 
1.2534937190e+11 
-4.1647249818e+12 
9.0715602532e-23 
-9.5619770999e-32 
-5.6804702617e-03 
2.1802578232e+38 
-2.1569996685e-37 
1.9076216000e+07 
-2.5490066037e-03 
-4.0600690183e-20 
8.9440386791e-24 
5.1369990704e+16 
-2.6948921235e+38 
2.3399683317e+20 
6.2615055185e-07 
9.8304061057e+23 
2.7819268569e-24 
-2.2505089825e-25 
1.9869453638e-07 
-7.9433537226e+17 
-1.1789820916e+38 
-2.2955411183e-10 
1.0167576592e-26 
-1.1396247200e+08 
1.5887576562e+29 
-6.6527651443e-11 
1.1845189125e-29 
-1.2141433168e+30 
-1.1991797455e+18 
3.0957562259e+29 
-2.0945775679e-33 
3.7700523466e-22 
-6.3187766075e-01 
3.7133599470e-30 
4.3378252672e-36 
-2.9835428473e+31 
-3.2875601113e-13 
-3.3144449045e+20 
-1.8027537470e-30 
6.1700836995e+35 
-7.8494927034e-17 
-3.9945349953e+27 
-3.9299983440e+29 
2.4473441075e+11 
-6.6851160064e+10 
7.6730606417e+19 
8.7116459326e-06 
5.7404467252e+36 
3.2550829290e-38 
-8.6417309940e-13 
1.2562857984e+12 
1.3113330893e+11 
-3.1334115169e-34 
6.8734468750e+04 
3.4757033592e-38 
9.5025145092e+23 
4.4406402172e+17 
-8.0998700000e+06 
2.9646110535e+01 
-2.2004610265e-29 
7.9399823871e-32 
1.5559816843e+38 
-1.9525252458e-36 
-1.5620010538e-38 
1.1634443334e+36 
-3.0977518121e-21 
2.9324439453e-16 
2.4621669090e-21 
7.2474488633e-09 
1.0385935644e+34 
-1.3624987534e+37 
8.3748121262e+00 
4.4454076800e+08 
1.1927646094e+05 
-5.6192116956e-30 
1.8112084055e-09 
-1.9303056077e+30 
-2.4404232204e-01 
7.3709545925e-29 
1.9254119352e+33 
3.8844728323e-08 
3.2753294155e+18 
-5.1645752300e+15 
6.8731747568e-02 
5.1212273817e-33 
3.6689037919e-10 
-6.3577637775e-04 
-8.9053485107e+02 
1.2294203000e+07 
-2.5220856026e-21 
3.5330004427e+21 
-4.9840369225e+00 
-1.8885000827e-05 
1.0808133590e-30 
5.5277115533e+24 
-2.0218262180e-25 
-4.3419967584e+16 
-2.0435294208e+10 
-1.0962170523e+15 
1.9819037856e-26 
-1.9313517998e-38 
-2.2479154893e-07 
1.4038881773e-06 
1.1199324927e+38 
-3.4138896942e+01 
1.3269434378e-37 
3.7204717085e-09 
4.4918939632e+31 
7.0781783245e+11 
2.9913372672e+10 
-4.4484467497e+18 
-9.0805199309e-19 
-4.9438157908e+36 
1.0217340182e-37 
-1.1328478845e-13 
3.6182543263e-03 
-6.8371098207e-21 
-2.7795897040e-05 
6.5246279490e-09 
8.1272584087e-24 
1.1953372639e-23 
8.8062648320e+09 
1.0821225078e+17 
3.7743440974e-28 
1.8436068855e-25 
1.2535922437e+33 
-5.6833127901e+14 
4.5274326878e+33 
-1.1228742278e-32 
-8.7849153916e-16 
-1.0487625993e-38 
-9.4076220382e+19 
-6.1850593963e-18 
6.1230714738e-17 
4.6186950492e+30 
-1.9389498071e-35 
-4.3011584000e+09 
-2.7418744000e+07 
-2.6549139200e+08 
1.9767125631e-35 
3.3772226737e+32 
-1.2925383707e+20 
-2.0647644234e+13 
1.3299524287e+17 
1.1270518303e+00 
6.6867998720e+09 
-2.4442957716e+35 
9.2050669101e-27 
4.1630304626e-35 
3.7381210837e+25 
1.8238457818e-23 
-7.0924988580e+12 
-1.4609955148e+20 
8.1150073455e+22 
1.9775974681e-15 
-1.4350445393e+14 
2.2162561500e-13 
-1.4849853292e+27 
-7.3656058311e-01 
1.4883971287e-20 
6.1460159922e+13 
3.3443752366e-37 
-1.4706216738e-30 
1.4470475000e+06 
-1.5756089299e-30 
-4.3042408963e-31 
-1.3735698242e+03 
4.5863492718e+31 
-8.6271284090e-06 
-1.8602470400e+09 
4.1940405800e+33 
1.5489536310e-23 
-5.2546314927e+27 
-5.4464096069e+01 
1.1293991089e+02 
4.2575023381e+33 
4.9089345466e+24 
-3.2220637798e-01 
-1.0384642046e+36 
8.4828391327e-14 
1.2328731688e-31 
-1.6595281737e+29 
-1.8628686080e+09 
6.3361608661e-25 
4.6075630290e-12 
            nan 
-3.3501813077e-33 
2.0833116393e-24 
-4.9278403560e-27 
3.4867076465e-05 
2.1283436002e-19 
-1.5708361595e-29 
3.5171737240e+22 
1.3291552023e-04 
1.0880671480e+24 
-1.2326705701e-06 
-9.0272771927e-33 
7.3369288271e-28 
1.0159315354e+12 
            nan 
6.5073479938e-09 
4.6859861169e+36 
4.0843287184e+36 
4.8680130970e+11 
-1.5155074779e+26 
9.5635107979e+33 
-2.6500132045e+11 
-1.3955258909e+14 
2.5339760243e+32 
-3.0009243688e+34 
1.5504193637e-17 
3.7661280632e+00 
-4.5910829306e-01 
-4.1632690351e-11 
-6.2407407440e-25 
-6.4036878526e-25 
8.8605275324e+26 
-2.6289060350e-30 
8.4632141589e+16 
-5.2611461939e+13 
-1.0771389225e-20 
6.4351563668e-30 
1.1767614000e+07 
8.7735354900e-01 
-5.1401785088e-35 
1.1638339640e+14 
-1.1161828795e-08 
6.4537915783e-21 
3.7949809524e+34 
2.0066096875e+05 
-3.0094651885e-33 
-5.2665540716e-04 
2.3286839761e-36 
3.3878820881e+27 
-1.2819966200e-09 
-1.5748878750e+06 
1.5865074702e-19 
3.2801862806e-02 
1.2342117600e+08 
-3.1178405779e-22 
-9.1863265261e-03 
-1.0101288452e+03 
4.4081687780e+30 
4.1494838676e-09 
4.4579785933e+11 
-2.1131116776e+18 
3.8774841175e+29 
-2.4734919823e+22 
-1.2292900806e+29 
2.3948362350e+01 
-3.2588040829e+00 
5.2359246094e+04 
7.7105246632e-09 
-2.4959598998e+16 
4.6885902062e+24 
-4.7572185732e+36 
-3.6903893059e-26 
-1.3689209183e+29 
-3.6509784613e+31 
-1.0848775700e+12 
1.4487164108e+19 
6.2298396369e-04 
1.8183955035e-05 
-8.2005416900e+16 
            nan 
-1.7207829751e+27 
-1.8502246094e+02 
-4.8808950097e-18 
8.3116665519e+37 
1.5812316735e-22 
-7.8113629623e+30 
3.4426845165e-28 
5.7204480000e+07 
1.5651282353e-13 
-1.0304489590e+24 
4.3713115156e-04 
1.1677312851e-01 
-1.3925340938e+12 
-2.2106985018e-36 
-9.8264135144e+27 
7.9797015769e+34 
8.3152709054e-28 
-2.2170712275e+33 
6.7355779057e-25 
-4.9744512016e-39 
2.4044850822e-33 
-2.2300295312e+05 
-1.0071276004e-35 
8.1470687292e-05 
6.9552910606e+32 
3.6927517500e+06 
-7.0536973614e-13 
-9.9321928460e-09 
-8.1385914674e-10 
-5.4218454246e+17 
5.9826180014e+17 
-6.4188475000e+06 
-3.3954087372e-12 
-6.7642351808e-16 
1.0909511475e-03 
-2.8991392620e-12 
1.1535206400e+08 
1.4099743595e-10 
3.3026337219e+21 
-1.5477650595e+28 
-7.2046465778e+13 
3.8579938873e+16 
-1.6553626518e+38 
9.6908950806e-01 
2.4370244221e+19 
-5.5399062500e+03 
2.5404193008e+22 
3.3281256517e-22 
-5.3025668545e-34 
-5.2991163102e-07 
2.9619224370e-04 
2.5393392842e+15 
-1.3664612197e-06 
1.7615127563e+00 
3.5317998526e-12 
3.7289979806e+14 
3.0736485617e+28 
1.1537405400e+25 
-8.6119591843e+15 
1.7896948511e-32 
-1.5493496903e-06 
1.5422648392e+19 
-3.9487785231e-19 
-7.6077125000e+06 
-1.6098175834e-29 
-1.0482856199e+15 
8.3230964661e+01 
2.4389358131e+20 
-8.1930648247e-13 
2.2545458749e-02 
-3.4747389410e-09 
-1.5855808076e+24 
-1.8224591637e+22 
1.8675920963e+00 
2.7167813210e-36 
1.0667901978e+25 
1.4863970280e+00 
2.1992984771e+17 
6.6710833267e-28 
1.1591122500e+06 
3.8442500994e+33 
1.7466517986e+15 
5.2385345853e-38 
-8.5775990848e+23 
2.3049066906e+11 
1.2391123990e-32 
-4.9071257812e+04 
-4.2383624000e+07 
-2.0766170034e-11 
6.7781297610e-14 
8.7159801598e-10 
6.4498537677e-24 
-3.4500404107e-14 
6.2261200312e+28 
1.0601699406e+21 
3.2321696714e-21 
5.5825943682e+17 
-8.3919055760e-02 
-7.4259638660e-21 
3.4816237123e-17 
2.3418239386e+32 
-1.7054864388e+21 
-3.5397360421e-07 
-1.2151131262e-15 
9.8722595308e-31 
-1.1991195295e-16 
-3.0728097534e-30 
-3.6016245322e-24 
3.0316239223e-02 
3.8091265047e-24 
-9.4701263715e+20 
6.9039759865e-07 
-2.5041223853e-04 
6.3548761719e+04 
-5.0522408704e-26 
-9.6000204586e+21 
-2.4088927736e+31 
-2.0079878906e+04 
3.1374229552e+35 
-4.8530471001e+17 
-2.6273319244e+01 
-1.5815749368e+30 
-7.4935177507e-37 
7.3385836081e-32 
9.0145454492e+27 
2.9113010315e-24 
7.9799561303e+30 
5.1517006250e+05 
7.0657785856e+10 
2.5977988935e-34 
4.4198558960e+20 
-1.6717765018e+11 
-9.0315880401e-24 
-6.9849226388e-37 
-1.0382111379e+30 
-8.0733385403e-04 
-5.7959837082e-27 
-5.7594159443e-05 
-1.5166459383e+16 
3.4811647817e-25 
-3.8280534393e-22 
2.2904363418e+11 
7.7726028061e-31 
-5.2481610000e+06 
-1.4013233475e+20 
-8.6415497906e-37 
1.2009348054e+25 
2.7765378000e+07 
1.4636553150e+31 
1.6942342336e-04 
1.2417041250e+06 
-3.7338015460e+30 
-5.7398084142e+32 
3.8131138018e+19 
-1.1314152465e-38 
4.5335581899e-01 
-6.2579604083e+35 
-1.7087101936e-02 
9.6282272338e-21 
-1.3673645020e+01 
6.0149927167e-17 
-1.7822024457e-25 
2.3990962654e-04 
9.5615488391e-28 
-1.5448822777e-12 
-1.2998438549e+36 
6.7558442354e-26 
-9.8686576280e-29 
5.1419544117e+28 
-6.6383165631e-09 
-6.8846759371e-21 
-1.4026080256e+10 
-1.2786049129e-11 
7.6832575798e+00 
2.1516097171e+29 
-1.7594858240e+09 
7.9283720595e-23 
-2.4396109438e-05 
-7.9378205806e+15 
-4.2069886695e-04 
-6.2915281165e+21 
-2.3492056624e-21 
-2.6402942000e+07 
1.6264710967e-37 
3.7401915392e+10 
-4.4185789954e+32 
-9.1115380972e-33 
2.2749486812e-34 
-2.5963390390e+19 
-9.5413991949e-04 
1.1504344940e+02 
-8.3528051436e-35 
-2.7327538183e-33 
-2.0190869809e-10 
2.8787764671e-16 
4.5295783496e-20 
3.4700187210e+34 
1.5142406991e-36 
3.8992139993e-16 
-1.5113304094e+19 
-1.1177373669e-29 
8.0755087360e+09 
3.5492242188e+04 
-1.9275051008e+10 
5.9055471536e+33 
-8.6309012957e+18 
            nan 
-7.2648284160e+09 
-6.7206291666e-32 
-1.4216578365e+31 
1.2014766527e-23 
1.0652199817e+22 
2.1742496875e+05 
6.4699460549e-24 
5.2694951412e+28 
-1.0614821193e-30 
-1.7159727519e+33 
-5.0289908122e+11 
-1.0882473308e-12 
1.1765967871e+21 
1.9718931093e+30 
-2.2520234649e-33 
4.0947454907e-34 
1.3907555935e+17 
-2.5868330915e-12 
3.7484895279e-24 
1.2097160682e-23 
2.2103563312e+33 
-3.3753930789e-25 
-1.0751907809e-07 
2.9617279835e+23 
-6.5936309814e+02 
9.5656705578e+26 
4.5327445496e-38 
-4.8925276973e+34 
-1.7883613426e-38 
-3.6017407314e-22 
-2.1698943847e+15 
-3.7501588395e-06 
-2.4100554602e+21 
1.2510871200e+08 
-6.3040759279e-09 
9.5804439937e-09 
-4.7573233721e-26 
9.5391330000e+06 
-9.6501984395e+13 
-2.6232020929e+28 
-9.2787980464e+25 
3.1292176832e+31 
2.1330630376e+17 
-1.8209824780e-25 
1.7000472726e+22 
9.3680595703e+03 
6.0747633875e+30 
-4.5883728647e+23 
4.3752855896e+17 
1.1321751620e+33 
-7.5727110126e+21 
-1.3141881081e-30 
5.1946924068e-03 
3.4506445701e-08 
-1.6464526147e+37 
-3.4792224884e+01 
-2.9130735993e-01 
1.0038126866e+20 
5.0369241700e-38 
9.0330368021e+24 
-5.3875109929e-10 
2.3812884465e-02 
-1.1614090240e+10 
5.0187871014e-28 
-2.3403680771e-08 
-3.2509050000e+07 
-2.1379040489e-32 
-4.2935454895e-17 
-2.9918691203e+25 
-1.2157714809e-04 
-2.5911011516e+37 
8.6013556180e-36 
-1.9451578050e+14 
3.5341485542e-20 
2.0669251287e-22 
3.0485204667e-31 
-1.2893585154e-17 
1.1897582502e-22 
-9.0123085938e+03 
6.3943571913e-33 
1.6700892413e-31 
-7.4508514592e-14 
-1.0094839461e+24 
-1.6448872947e+32 
3.4033539123e-05 
2.9229407858e+24 
3.7331107722e-18 
4.6700176881e-07 
1.6227488518e+00 
-1.1432095151e-18 
2.4532205952e-20 
-1.2973295347e+25 
4.3138464355e+02 
-5.7361799842e-23 
-4.7091480021e-12 
-4.6736766599e+20 
-1.0478408814e+27 
-1.4384825072e+23 
-3.7568937206e-34 
4.8347362635e-19 
1.0780709090e-06 
4.3943968768e+10 
1.0605308594e+04 
8.9900367970e-33 
1.5541835000e+06 
-6.8386244036e+34 
7.3808735782e-16 
6.2603694965e+13 
8.3080758816e+27 
9.0500517541e+14 
-4.6579239158e-34 
7.8469923861e+18 
-2.6343934238e-02 
5.2742045373e-03 
-2.1184503808e+10 
1.4779777294e-31 
-2.9811709675e+19 
-2.7234001160e+01 
-2.3554866132e-31 
3.5964078511e-30 
-3.7894525950e+28 
2.4621580149e+29 
6.4089367301e+18 
7.5548299587e+36 
5.6368307916e-14 
-2.2472968494e-22 
-8.7116308480e+09 
2.4177825928e+02 
1.0406984312e+25 
-1.3408478349e-02 
1.3489760742e+03 
1.3517368508e+21 
-2.8502136000e+07 
-2.0562181356e+18 
-3.0785015159e-29 
-2.5240786201e+23 
-2.5398571200e+08 
1.3140480518e+00 
-1.8169680636e+15 
-2.8372325787e+14 
-2.8645044893e-20 
-1.5015671235e+13 
6.9716697678e+13 
6.2174380000e+06 
-3.9624609773e+27 
-1.5656975851e+29 
-9.8573248402e-35 
3.3276413183e+33 
1.2378272018e-10 
-5.5418545000e+06 
7.2276354967e-35 
-2.8475557282e-21 
3.6045538037e-32 
-8.9924433814e-25 
-3.4157470736e-26 
2.1298273600e+08 
-7.1589035988e+00 
5.2089835520e+10 
-7.1184463124e-31 
1.5846403472e+19 
6.2503748581e+25 
-7.4055222665e-28 
-1.9376253174e+12 
3.1153367188e+04 
-6.8422499041e+12 
6.6506698752e+10 
1.7229435365e-34 
-5.0240455627e+01 
1.8204204025e-05 
-7.3168342675e+18 
-1.9377254983e+15 
-1.7481273215e-27 
-2.9724339493e-21 
1.7773906791e-08 
3.4023416659e+16 
-1.2231856406e+16 
-1.5411551719e-35 
7.7910894326e+20 
-2.9541667420e+18 
1.5702881101e+37 
3.5242022243e-19 
7.7220684814e+02 
-3.0837193790e+25 
-3.2130203417e-18 
3.8498501919e+12 
5.0032029152e+00 
-6.7190597021e+19 
-9.6535016000e+07 
-9.5433068054e-05 
3.4161819238e+20 
-2.2996210483e+11 
7.1958732149e-24 
-1.4843462749e-27 
-5.4769962406e+17 
6.5893197472e+22 
-3.6059481545e-20 
-4.1585888379e-12 
6.2455604878e+36 
-2.8853584631e+23 
1.2714573243e+19 
-4.8884215195e+21 
3.4816278359e-21 
3.0294172160e+09 
5.6973076257e-10 
1.9408180090e+15 
1.6528440836e+38 
-6.3660414625e+14 
3.3560342407e+02 
1.3879309570e+04 
-9.6856592727e-34 
-3.8302956930e-15 
-2.1334813674e+19 
7.1633190918e+02 
-2.2738905067e-34 
4.7634099120e+24 
6.8775343500e-27 
-1.0270472352e-13 
-2.1951792147e+29 
3.0062646376e+20 
-2.0728829816e-35 
-1.0162048438e+05 
2.2895946559e+25 
2.8308728695e-09 
9.1283932997e+14 
9.9706953970e-39 
-1.2959089090e+36 
3.9647697449e+01 
-4.8476971008e+10 
3.6631835000e+06 
2.0726445596e-22 
7.3677550387e+11 
1.0720994442e+30 
9.8655868018e-39 
-7.2698897618e+22 
1.0475123245e+15 
1.0200662842e+03 
1.2132167016e-22 
-4.2417246208e+10 
-2.1421723956e-28 
-6.0990721742e+16 
-5.2339968117e-23 
-1.3992982509e-38 
6.1861637732e-06 
-1.3014360503e-38 
2.3036985218e-38 
-1.2023149058e-02 
1.3304634304e-11 
3.0519827105e+35 
1.1927498752e+11 
5.1889822300e-11 
1.4351754229e-09 
4.5427628060e-30 
-1.0623056896e+10 
-3.1768603674e+28 
-2.8721563687e+19 
7.6417441264e-09 
-2.3117092388e+16 
-1.1311408829e+20 
-5.1018889062e-03 
-3.4179874354e-21 
-1.0034413155e+20 
-3.2558731619e-21 
4.1836843491e+00 
1.7975629690e-38 
2.9237703032e+20 
3.5487461808e-33 
-1.8923193725e+15 
3.7953697611e-03 
-1.4892474365e+02 
9.3232690823e+22 
3.3776855040e+10 
-1.2546290397e+37 
7.8335907560e+31 
-1.5042885120e+09 
-8.0768122880e+10 
-1.2275721465e-27 
-3.3466564361e-19 
-1.1996218061e+22 
-4.0795024110e-22 
2.0918908000e+07 
-8.0117187500e+05 
6.3295292807e-28 
-3.6702440530e-16 
5.4854508610e+13 
3.7486286601e-04 
1.9373019313e-05 
3.8689047077e-25 
-3.0172179181e-35 
1.8909138184e+03 
1.7979552563e+12 
-1.0858474701e+11 
-1.4182157234e+22 
1.1571935400e+25 
1.1238789426e+38 
2.3610071366e-05 
4.2976525384e+23 
2.4949432031e-07 
-2.5733310222e+29 
2.8699502779e-15 
1.1336102762e-04 
2.8066726737e-19 
-4.2080311687e-04 
3.7266613338e+13 
-2.2218891089e-25 
-4.3033583419e-27 
-4.2934234804e-18 
1.5819747432e-06 
3.3018393149e-17 
-2.7287060583e+35 
6.4446757882e-34 
2.0680339663e-09 
-2.5166035497e-33 
1.9278083499e+38 
2.1708093750e+05 
-3.6135747172e-11 
1.0040273394e-26 
-1.9885105271e-20 
1.3540061184e+10 
3.9422921346e-19 
3.2428614034e-15 
-2.4036147806e-05 
2.3991643422e-20 
2.7134265865e+25 
6.4815488000e+08 
1.2056391982e-31 
-1.0769661516e-02 
-5.8748662530e-19 
-6.6772914177e-18 
2.2278983207e+16 
1.9600395000e+06 
6.1708328666e+26 
3.7189917764e-36 
2.2398655531e-29 
1.6136888846e+33 
9.8482025774e+36 
-4.3656326256e-18 
5.5046697349e+35 
-1.1859130115e-20 
-2.1930891307e-05 
4.4838464945e-14 
5.5661337600e+09 
4.2374408804e-03 
3.7700714078e-11 
3.7096062912e+27 
2.5981742868e-29 
-2.0370992333e+11 
3.9599230469e+04 
-2.6759875575e+23 
6.0335587458e+25 
-8.5672494681e+19 
9.5152634382e-01 
-2.9300622051e+34 
-4.0408894043e+03 
1.0160531522e+35 
5.0532708304e+16 
-5.4396637195e-10 
-7.1572063101e-25 
-2.0617151564e-38 
-2.2052841497e-10 
-1.5154597282e+01 
-5.6595142665e+20 
2.5891291085e+22 
6.6328615000e+06 
2.7088561949e+36 
-1.6549917221e+01 
-4.1787628000e+07 
1.6175362622e+38 
-1.4306839556e-24 
-2.9031546264e-11 
-4.0313664973e-20 
1.1118366964e+23 
-9.6477387319e+14 
-8.3274657851e+14 
1.1457651723e-17 
9.6392445952e+13 
-8.4826408114e+17 
-4.2936478114e-31 
1.5451025600e+08 
2.7297187165e+32 
6.0227192007e-03 
8.5579202278e-04 
-1.4934714443e-07 
-6.4759838247e-30 
-3.9771196408e+37 
-6.3177911397e+35 
-2.5784459846e-23 
3.3334351872e+10 
1.0180480799e-19 
2.0332980736e-26 
1.3903316368e+30 
2.7926360570e+27 
-7.1121025061e-28 
-6.6987696712e+31 
1.9410200320e+09 
5.7779139948e+29 
-1.1892603141e-17 
6.3702717509e-27 
3.2090387183e+25 
-8.2833329845e+22 
-3.1322545848e+12 
-1.1954162617e-32 
5.2682884503e-14 
-7.3101021618e+33 
-2.7067841878e+14 
-1.6634782161e-34 
-4.3693986206e-21 
-9.5509943419e+12 
1.6899673800e-17 
-9.0793294699e+28 
-1.3461607654e+38 
-1.2854318400e+08 
-1.6010473832e-15 
2.4029900000e+06 
-5.3907248762e-25 
1.0264198780e+00 
-6.3330810323e-14 
-1.8062578581e+21 
-1.2175510947e-21 
-3.4123905416e-13 
1.6023571378e+15 
2.8083062000e+07 
1.5739318463e+22 
-6.8276811719e-28 
-4.7115501830e+13 
-8.9080376711e-06 
4.5266096649e-38 
-4.5682190763e+23 
-2.9518453185e+29 
-1.8775087279e-39 
-2.7700481665e-18 
-8.4125345715e+30 
-9.2689168750e+05 
4.1258034110e-01 
3.6078414776e+28 
8.2884056000e+07 
1.1471672616e-35 
-1.4577258425e-29 
3.5973552267e+30 
2.2636760026e-02 
2.7257323561e+32 
3.9911235142e-20 
-2.2567441893e-13 
7.4026865336e+37 
-5.1740622897e-10 
3.9349830627e+01 
-1.9530613281e+04 
1.1816556641e+04 
-7.9163748683e+18 
-2.2574186645e-25 
-1.4899378714e+19 
7.2559872878e-27 
1.3232477875e-15 
8.0549077884e-18 
6.7984163297e-32 
-3.3126285608e+17 
-4.9927059323e-30 
1.3785002351e-37 
2.1422645760e+09 
-1.9311719219e+11 
-1.6475891016e-06 
-3.5738599424e+11 
3.0576040268e+01 
2.9346342481e-29 
-7.2832659541e+15 
-2.0571652194e+25 
-1.3627239990e+02 
-4.9034919048e+28 
9.3755463769e-28 
-3.0666922502e+26 
1.5822747448e+35 
-6.8450260391e+34 
1.9649291024e+21 
1.1682432378e-03 
3.8152705382e-19 
-1.1471059096e-15 
1.2620609486e-03 
2.0460791886e-01 
-1.5456615897e+14 
1.7611063996e-10 
1.0111980919e+28 
-2.6301565924e-36 
8.3474816749e+14 
-1.3076422037e+36 
8.3931929673e+30 
-4.2841826839e-19 
7.4187476562e+04 
-5.5670717595e+28 
-5.0858444961e-26 
-2.3616396356e-03 
7.5483985177e-35 
7.2686385534e-34 
-2.1819371967e+20 
-6.2610460654e+21 
-3.0559449886e-17 
-6.8849235200e+08 
-6.4880376462e-13 
-1.8425185101e-17 
6.7603805294e+15 
-2.1436824782e+26 
8.7399035232e+29 
4.3034903419e-10 
3.4503517977e-19 
-4.7637325906e-07 
-6.3791131827e+29 
-2.4697194295e+21 
5.8773805861e+27 
-3.0348548608e-17 
9.2754941434e-03 
1.4754582761e+22 
-9.8889090679e-19 
-6.8077803520e+09 
-5.9830028232e-22 
2.9509183019e-02 
-1.6884991055e-05 
1.9676232456e+34 
-2.2584612431e-20 
3.4277468716e+36 
-1.0172045440e+09 
            nan 
5.9759583584e-22 
3.3539795729e-26 
-2.7314904433e-24 
1.4689487871e-03 
-1.5064743042e+02 
1.3547823662e+35 
-1.3876879166e-05 
1.8325862224e-35 
-1.2526957500e+06 
4.2595303051e-37 
-2.0441231095e-27 
2.3584510098e-15 
-4.7957852967e-11 
9.1529956764e-15 
3.0186871094e+04 
-8.1420387500e+05 
-2.1798714730e+22 
1.0428865280e+09 
-1.4606391352e+16 
2.0285030295e-19 
6.1482816423e+29 
-6.0296594936e-37 
-1.3252261881e-30 
-1.0956961341e-04 
3.3455094400e+08 
3.5801627010e+21 
-3.2525787628e-31 
-2.7299919128e+01 
-4.5517912507e-01 
6.0173500037e-21 
-9.2207612991e+00 
6.1648235254e+30 
4.2300748795e-22 
-1.4039319069e-19 
5.7476576667e-13 
-3.4206563198e-37 
7.9889408000e+10 
3.1194693213e+33 
5.0096223927e+21 
9.3823742645e-05 
-5.0690006498e+29 
-5.4957139534e-11 
-2.9119281680e-04 
-2.5416885068e+33 
7.3712196677e+31 
1.7791313920e+10 
4.3709350829e-28 
9.6643170000e+06 
-8.7358184814e+02 
-2.2225831975e+24 
-3.2066638947e+01 
-6.4064480364e-02 
1.6319323425e+36 
-5.3042561414e-28 
-9.7971077899e-27 
-7.7756978131e-23 
-4.5481390526e-23 
-1.5018950216e-03 
2.7973747253e+01 
-9.1831940288e-33 
-2.6021182020e-38 
4.4722839355e+02 
-1.2698311329e+17 
2.4718701446e+19 
6.4162843927e-09 
-9.2414561909e-19 
3.2392129068e-28 
1.8860875000e+06 
4.2242897503e-26 
1.5500329988e+19 
-3.4160733685e-21 
-1.2415557617e+04 
            nan 
-1.7043505465e+21 
-1.5158509689e-18 
-6.4512788086e+03 
1.2773369975e+32 
-2.3137343419e+26 
1.0119319328e+27 
3.2818269043e+03 
2.8254105928e-05 
1.0033391324e+18 
5.4932770000e+06 
-9.5117744792e-09 
1.7752754688e+00 
-8.9347415439e-15 
1.1215147975e-25 
1.5162198970e+24 
-6.7704828723e+11 
-3.0644442916e+29 
-9.5595955511e+37 
-1.3691055664e+04 
5.0546541762e-28 
-5.7483072635e+12 
6.6412783203e+03 
-6.5781089989e-33 
-1.3806847327e-27 
-7.7359200736e+15 
4.1234525061e+12 
1.2267988488e-30 
-1.3549977565e-33 
-2.8903909310e-07 
-5.5029140426e+27 
7.4772340736e+10 
-7.3304182819e-13 
2.2741110328e-08 
-1.1297530966e+23 
6.0391284155e-28 
6.0617768841e+37 
2.4883353600e+10 
3.4800902052e-25 
-1.4810500815e+15 
-6.3807259005e+19 
1.4387981594e-01 
4.3547960872e-31 
2.5647925690e+14 
4.0642301440e+09 
4.0805855418e+33 
-1.0752783212e-11 
3.4500497859e-03 
-2.5547799020e+27 
-8.9758041803e+32 
-6.6000507626e+19 
2.2145475351e+18 
1.3719566632e-03 
-1.5917011364e+22 
-3.8778385000e+06 
5.5863064658e+12 
-3.1976358612e+38 
-3.0466081364e+22 
5.7659509998e+32 
-1.9093010801e-27 
-2.3223984245e+17 
-1.9140907303e+23 
7.7365725313e-29 
-8.5378549563e-22 
-4.4816533203e+03 
-1.2993505577e+21 
-3.3886184867e+20 
7.8745986806e-21 
5.4175568871e-17 
3.9836519614e-23 
2.5449491410e+20 
-1.8293607478e-24 
-7.8450864662e+21 
-5.2702176633e-39 
-1.4810959356e+17 
-4.2832853491e-29 
-1.1005404074e-27 
-3.7006815594e-23 
5.0157340800e+08 
3.1255660510e-19 
-1.1592608488e+19 
-9.7626193906e-39 
-4.0339996672e+10 
2.5287615592e-35 
2.9021335333e+29 
1.3186572687e-06 
-3.1046253968e+28 
-4.5043298989e-24 
-3.3740939852e-26 
-3.3497408032e-01 
-8.3347165027e+18 
-1.5856047696e-30 
-1.3034356117e+01 
2.1631871783e-34 
-9.1542330000e+06 
1.7759422676e+15 
-1.2130249782e-15 
3.3130303230e-32 
-3.7072534848e-14 
6.9216088716e-27 
-5.1082829942e+28 
1.0211151871e+15 
7.3998714150e-31 
-1.3406726840e-09 
1.0266550272e+11 
-3.0469925110e+12 
-1.1463818737e-05 
-3.5455654138e-25 
1.8710450111e-33 
-7.5398805304e-19 
2.7053693014e-17 
-2.7387035057e+16 
-1.8171740878e+15 
1.0938581527e-28 
-1.8561180756e+25 
-2.5207919084e+12 
2.9323636000e+07 
1.0746430086e-16 
-1.6837921635e-07 
-1.3834344166e+26 
-5.5284105879e-24 
1.0491157727e+27 
1.6822998128e-16 
8.0615335000e+06 
6.1667296000e+08 
-1.6912613397e+24 
-1.4437710561e+12 
1.8371860683e-01 
2.3772875628e+35 
6.9746985435e+00 
-1.4710524496e+23 
7.7588108585e-35 
3.1964855651e-08 
3.9497729634e-28 
-1.4006118975e+19 
-9.8610134955e-06 
5.6855046265e-37 
-2.9601983930e+32 
-2.2631886333e+32 
-3.4213621545e-20 
6.2705713219e-24 
8.0660661030e+30 
-2.7639883742e+26 
2.1730557381e-32 
1.5572282419e-30 
9.4904519085e-14 
-1.3459692440e-22 
1.0663711669e-34 
-6.0450754335e+31 
1.2098914400e+08 
2.2382966000e+07 
2.9530364572e-25 
3.2337318934e-10 
-7.5526585368e-35 
-1.1605656027e-06 
6.2058766795e+13 
-4.6518291010e-21 
9.9701460938e+04 
-3.0871238738e+12 
-5.1293932000e+07 
-1.2969909530e+21 
-8.0612111431e-10 
-4.7633538146e-14 
-2.9388804216e-13 
-2.5835661290e-17 
4.4800301648e+24 
2.9482671768e-26 
-2.2667320896e+34 
2.8619278171e-13 
-5.7857933044e+00 
3.3941750841e+26 
-6.8569552814e-11 
5.2976046229e-22 
3.6268343140e+37 
-2.9119361843e+12 
-1.0467318151e+20 
9.3979227003e+33 
1.5116188809e-37 
6.5835098132e+32 
-6.4427003963e-04 
2.6938553818e-11 
3.3999078763e-15 
4.1053647066e+34 
-4.1353803226e-07 
            nan 
8.9732421136e+22 
-2.4568398729e-36 
-8.4353407777e-23 
9.4970822174e+35 
8.5987602461e-07 
1.8575042448e+38 
-2.7183857093e+19 
9.8302556317e+29 
-1.1173903599e-12 
1.5773556506e-12 
3.6879702623e-33 
9.3508754162e-07 
-2.6733120717e+11 
1.4689955185e-14 
-4.8051761406e+37 
-7.4886192322e+01 
6.0470437417e+37 
-3.2001242042e-02 
6.0054607391e+00 
1.1915209600e+08 
-9.7370210304e+10 
-2.0458768002e-32 
-1.4449724638e+19 
-3.2727462514e-25 
-4.1520321128e-24 
-1.3059666242e-25 
-1.7412361100e-24 
-2.5654099121e+25 
4.8585282716e-33 
7.2629348529e+21 
-2.0092277841e-10 
4.4922454645e-10 
4.5266154435e-21 
4.4271696022e-38 
1.5083055566e-19 
-1.7885319216e-14 
-3.8680571635e-08 
-1.6001469000e+07 
-8.1939317760e+09 
-1.1331526339e+36 
6.8606647773e+23 
2.1633146316e-20 
-1.7925497753e-09 
5.4265557025e+13 
-6.3856106997e-01 
-3.6951542520e-11 
1.7274939833e+29 
2.4672910968e-06 
3.8559608839e-08 
-1.0012039200e+15 
-3.7696500531e+32 
6.1301830451e+11 
-1.1688860011e+18 
-2.4463433710e-27 
-6.9906903921e-15 
-9.9758145646e-29 
1.3027653347e+14 
3.9585463796e-09 
7.1582208433e-18 
7.4497674468e+31 
-6.2664662304e+29 
4.5059740227e+18 
-5.8710763125e-30 
1.9134867189e-18 
9.0723088709e-20 
8.1170509332e+12 
3.4274322807e+18 
-1.7297852944e-28 
-2.6896831010e-39 
-6.2463497048e+29 
-2.6990490381e+19 
-8.0781095428e-17 
2.6487395884e+34 
1.1296395603e-36 
2.0280715078e-02 
-3.4440801638e-33 
-1.2483482903e-16 
-1.0481086292e-06 
1.1813670156e-35 
1.2932656395e-37 
1.9536357952e-33 
2.4507434022e-34 
-8.8197464452e-16 
6.3530438555e-19 
-5.3440653363e+34 
-1.1588685912e+17 
2.0502915931e-35 
1.7112986755e+02 
9.5294134521e+02 
-5.7470433033e+31 
2.1624212347e+21 
-3.1013901980e+29 
-6.8351286060e-22 
-3.7906490326e+01 
2.2951605206e-04 
8.5126343680e+09 
-1.1194181994e-26 
-1.4032441283e+19 
8.3723347188e-07 
-5.9906295202e-11 
-2.0382033610e+28 
-2.0180321769e-07 
1.1220009045e-22 
2.4193662000e+07 
6.7922132591e+36 
1.5570834248e-28 
4.1726931244e-08 
-2.6938908860e+21 
-4.4604819200e+08 
