2.3509887016e-38 
0.0000000000e+00 
0.0000000000e+00 
0.0000000000e+00 
0.0000000000e+00 
0.0000000000e+00 
0.0000000000e+00 
3.5873240687e-43 
0.0000000000e+00 
0.0000000000e+00 
0.0000000000e+00 
0.0000000000e+00 
0.0000000000e+00 
0.0000000000e+00 
0.0000000000e+00 
0.0000000000e+00 
0.0000000000e+00 
0.0000000000e+00 
0.0000000000e+00 
0.0000000000e+00 
0.0000000000e+00 
0.0000000000e+00 
0.0000000000e+00 
0.0000000000e+00 
0.0000000000e+00 
0.0000000000e+00 
0.0000000000e+00 
0.0000000000e+00 
-4.4236203410e-34 
7.1746481373e-42 
0.0000000000e+00 
0.0000000000e+00 
0.0000000000e+00 
0.0000000000e+00 
0.0000000000e+00 
0.0000000000e+00 
0.0000000000e+00 
0.0000000000e+00 
0.0000000000e+00 
0.0000000000e+00 
0.0000000000e+00 
0.0000000000e+00 
0.0000000000e+00 
0.0000000000e+00 
0.0000000000e+00 
0.0000000000e+00 
0.0000000000e+00 
0.0000000000e+00 
0.0000000000e+00 
0.0000000000e+00 
0.0000000000e+00 
0.0000000000e+00 
0.0000000000e+00 
0.0000000000e+00 
0.0000000000e+00 
0.0000000000e+00 
0.0000000000e+00 
0.0000000000e+00 
0.0000000000e+00 
0.0000000000e+00 
5.6475524843e+17 
1.9543154310e+38 
3.1968364449e-37 
3.5875563812e-22 
-8.4779003373e-08 
4.8036163207e-06 
-2.5088143369e-25 
1.8884563446e-01 
-4.0891287207e+30 
5.1076938234e-09 
1.1140048504e-02 
7.1579029729e-25 
-7.2996865353e+25 
-1.5268873994e+18 
5.6817989360e+22 
-7.7910937500e+03 
-5.4596716745e-34 
-1.1134515200e+08 
-4.3063477383e+33 
1.0117503623e-14 
            nan 
8.0431863466e-26 
-1.4237349985e-19 
9.6404771269e-36 
8.0566186738e+36 
-2.6797766701e+24 
2.3330662064e-37 
-1.2187124974e-38 
1.4797998750e+06 
5.2034273379e+37 
9.4144711346e+31 
-3.8696141290e+34 
-1.0447551000e+07 
6.2770674401e+13 
4.3476402969e-20 
-1.8454264414e+13 
5.1331876421e-06 
-2.2484324125e-10 
1.3348509591e+18 
2.1411225526e+36 
-5.0929155260e+17 
6.9089649248e-29 
-2.2982342513e+18 
6.4810839040e+09 
2.8195250242e+13 
4.7808497828e-31 
-3.5784138495e+32 
9.3873233839e-12 
2.0499394186e+33 
2.7292259200e+08 
-7.4455853271e+02 
1.6837880735e+14 
6.7691721597e-06 
1.1655684679e-21 
2.5523593098e+14 
-8.4339194081e-24 
-1.9452276093e+27 
9.7252728271e+02 
-2.9302042710e-17 
-5.6971585320e+18 
3.8415888412e-05 
3.0943007800e-07 
2.3456876278e+00 
1.3204185514e-32 
-1.5967518674e-15 
-3.9240955370e+30 
-1.3705468237e+24 
3.7070238627e+37 
-1.2206437984e-25 
3.4423517500e+06 
5.0117949878e+33 
-1.6032906525e+33 
-2.0019428823e-11 
-2.1259995926e-17 
-9.4768039882e-02 
-2.7314478027e+16 
-2.8591217857e+37 
-1.5792186769e+36 
-2.5562498662e+11 
-3.7251964121e-35 
-5.8008476058e+11 
-2.0490679088e+33 
-7.7955168209e-28 
3.1229759625e-35 
-7.6682951604e+33 
-6.7852818242e-28 
-6.6536362283e-03 
-1.2090071006e-17 
-5.3224841790e+35 
4.4240319852e-08 
-3.6510264418e+26 
4.6398236084e+02 
-5.6340233812e-08 
3.5450383237e+13 
-2.7971517373e+29 
1.3296861704e-21 
2.3966890579e+21 
3.9685881891e-23 
9.1872343517e+14 
2.0506076763e-13 
1.5337528697e+22 
-1.4625253859e-31 
1.9060605609e-06 
-4.4543188290e+17 
1.3084841655e-08 
-2.5221494060e-29 
2.8653933952e-36 
-1.9775403520e+09 
-6.4089551520e-16 
1.3194860920e+24 
-1.8042724935e-26 
-1.4865219359e+38 
3.5758659425e-28 
-1.9682014720e+09 
-1.5672528744e+00 
-1.4911167529e+12 
-1.0935356188e-35 
2.1652625623e-27 
-4.5968020838e-36 
5.7126701355e+01 
7.4102031236e-26 
2.4618856448e+10 
2.0862153671e-10 
2.0994912843e-27 
-8.2074123895e+13 
6.7399619864e+14 
-8.9809041228e+14 
1.5489165985e+36 
1.4450252373e-26 
2.8254997083e-13 
-3.6866395000e+06 
4.6819013029e-35 
-2.1305256603e+19 
-6.0016852709e-21 
-4.3198667604e-15 
2.0445182631e+22 
-1.8499147073e+18 
-1.4027731697e+17 
-2.3702001418e+12 
1.1521795959e-31 
-2.4853212658e+16 
-1.5376033783e+01 
-2.2509797337e-28 
5.3735363939e+20 
-2.8731474799e-07 
4.8540360099e+32 
-1.5624681564e-27 
4.6711425593e-36 
-1.8230336096e+26 
-2.1774703504e-15 
1.8563359942e-13 
1.0780042137e-10 
3.1571841801e-28 
-3.5550585913e-12 
6.1661432000e+07 
-3.3529684921e-35 
-8.0189173478e+14 
-3.6962242188e+04 
1.3850183636e-22 
-2.1680166356e-06 
4.0070242188e+04 
-5.0806004737e-22 
-4.0096608488e-14 
-1.8125626445e-01 
-4.5625991886e-23 
7.4050159144e+31 
-9.3835601714e-28 
8.5357894897e+01 
-6.4826783941e-09 
3.9423821834e+28 
4.2366494156e-14 
-2.1357579594e-10 
1.3847381979e-06 
1.2943819200e+08 
-7.0068426286e+34 
4.0598740073e+23 
4.4033272000e+07 
-1.1058914272e-17 
1.5976098438e+05 
1.7854942707e-03 
-2.0711930600e-29 
-1.1378608073e-33 
2.5009397507e+01 
-6.0809914064e-15 
2.7041474186e+18 
-5.0210049741e-14 
-1.3230983932e+23 
-8.3763987317e-22 
-2.3534342963e+11 
1.9922230171e-19 
1.1556950848e+14 
-2.1457677691e+34 
2.5717208945e+22 
-2.3972265191e+26 
-1.3410716572e-20 
-2.3790826222e+20 
-7.1043900789e-06 
-5.6940246094e+04 
6.6669280641e-03 
2.8360135555e+00 
4.7053556899e-15 
2.1657656802e+36 
-2.6443123047e+04 
2.8681758533e+37 
3.4675642663e-30 
-1.5533061523e+04 
-2.0997728358e+37 
-5.3376557617e+03 
-1.0095903329e+31 
7.6033343922e+31 
1.5946813354e-21 
-6.8963843486e+36 
1.0333693092e+23 
-4.5418945312e+02 
4.7083127202e+28 
1.0966207658e+34 
5.4761812862e-08 
3.1229915169e+13 
-6.1957000397e+11 
5.6015305241e-14 
2.8963974768e-25 
-2.5651871738e-09 
8.9976984197e-13 
-3.7808837891e+01 
-1.3617847334e+18 
-1.7709794520e-08 
4.2782020569e-01 
1.8933468257e-22 
-1.0714807137e-17 
-2.4644629051e-27 
7.4907100335e+21 
1.4301025315e-18 
-3.4797870354e+21 
7.4633017954e-34 
6.9078928027e+28 
-1.9572698579e+32 
-3.8992380723e-05 
-3.8326367188e+02 
-2.2064396605e-21 
3.1064750772e-10 
-2.0842875000e+04 
1.1146280960e+09 
9.3628904407e-17 
-1.8109732464e-13 
-9.7239670194e+13 
-2.7590364608e+36 
-6.5522921556e+16 
-2.9671345357e+12 
1.5779120000e+06 
5.3293758295e-12 
1.5399115255e+36 
-1.0337084338e+15 
-9.6794152380e-18 
-1.6031788426e+28 
1.4157964741e+21 
-2.1297149054e+32 
6.5299456408e+22 
4.5924906673e-15 
7.7721297871e+25 
8.9620951859e+11 
8.4203057295e+34 
-1.3918587218e+23 
2.7052499354e-04 
-3.1420032343e+32 
1.4065205051e-27 
-1.2743603516e+02 
4.4874733606e-39 
-4.7002493051e+20 
2.5317947142e-18 
-2.9068416000e+07 
-9.0799034957e-12 
-4.2687359585e+27 
-2.1342637387e+15 
-6.5040148911e-07 
-3.4966406250e+03 
1.6418823530e-37 
1.2929414586e-21 
3.0910715936e-38 
5.1053662718e+29 
-1.7961861120e+09 
1.5035596800e+10 
8.5477471962e+27 
-5.0743084864e-13 
9.4459837733e-24 
-2.1685556165e+17 
6.7087387567e-18 
-1.0734443374e+18 
3.3126877330e+35 
1.4027573083e+38 
1.5190814793e-06 
-4.2904847860e-01 
-7.5847413549e+30 
2.8795507111e+22 
1.8133758093e-33 
3.6822080302e-30 
3.4280461426e+03 
-6.7134445899e+15 
-6.2563485208e-13 
-5.1952879751e-21 
3.5226380344e-26 
4.2400556898e-17 
1.8235437500e+06 
-1.7785871029e+00 
1.9980854658e-20 
3.5695979520e+09 
-1.1866505428e-16 
6.9372737827e-38 
-4.2636777882e+14 
6.2332576279e-27 
9.6245847094e+19 
4.2087777713e+29 
-2.9134157651e-13 
8.3186839400e+26 
-2.6018473487e-10 
4.4016938179e+26 
1.8343496074e-35 
3.1963796875e+05 
-6.8335890125e-34 
1.3641501082e+11 
-1.4208281942e+33 
-2.3512377900e+27 
9.9228257347e+23 
-7.1235492188e+04 
1.0703909764e+17 
-1.4165574663e-15 
2.9858198177e+16 
5.7238459587e+00 
-1.0635331504e-09 
2.3632929076e+23 
-2.4176871163e-29 
3.4178174400e-18 
-3.1896873047e+04 
-5.8603690588e+16 
-1.3675694653e+12 
1.2454292403e+29 
1.8977108154e+03 
-7.2698290460e-03 
-1.8532942533e+00 
2.9720236904e+19 
6.0895584584e+12 
-3.0120747859e-33 
-4.4905699032e-14 
-2.1830237500e+06 
7.1860982246e+15 
-7.6292842178e+22 
5.8512779468e+22 
-4.8112680088e-04 
3.4044453789e-16 
-3.3004422282e+35 
2.7033682115e-21 
-2.1402684506e-03 
-2.3639062532e-20 
2.3817706643e+19 
2.0957974835e+37 
2.4421629486e+29 
2.6555020800e+09 
-2.0831873691e+18 
1.3029681801e-18 
-1.3660604147e-26 
-9.0231593750e+05 
1.0505151000e+07 
-1.7074049423e-12 
-1.0047698774e+20 
-1.2003536319e-32 
1.4384901633e+34 
-1.3169851597e+11 
1.4371949117e+12 
3.4990755375e-03 
9.6851056640e+09 
-2.6752186368e+10 
-1.1378549482e-32 
-8.1336221496e-24 
3.3453619107e-13 
1.1679232843e-26 
2.7034225357e-20 
-6.4424276551e-29 
9.1552723766e-27 
-5.3327234380e+32 
-1.7879925615e-25 
-3.5902941488e-37 
3.0611089767e-30 
-3.7204881572e+13 
1.2744896361e-32 
-7.2561563875e-24 
1.2510397363e+27 
1.1041784550e-19 
-7.5528188331e-28 
3.8605906068e-22 
3.9169629016e+24 
-7.8437063122e+33 
-3.0642011351e-39 
-4.0178689369e-12 
-2.6818154808e-08 
-5.4860181504e+10 
1.0120776302e-27 
2.0539841309e+03 
-2.0056055486e-01 
8.0286983575e-05 
-7.3051149957e-03 
-1.8195986229e-07 
-3.4218888858e-24 
3.3973508979e+34 
4.6885584566e-19 
1.0175409368e-29 
-5.8762221755e-08 
1.8394301908e+33 
8.5321529457e+30 
3.5840155714e+13 
-7.3477053049e+29 
-2.6609150227e-03 
-1.6630718892e-04 
7.7475079782e+11 
-3.1236076980e-29 
4.3567840832e-31 
-1.0603991541e-04 
6.4629112061e+18 
5.3292256025e-11 
4.9165928252e-34 
1.3456110141e-12 
-3.2242821817e-06 
2.9325900382e+13 
-3.9738526604e+24 
1.7154183668e+27 
5.4154583040e-07 
-1.4050327552e+10 
4.1178807427e-15 
-8.9530460536e-02 
-5.4568091576e-30 
1.3803535370e-33 
3.9768285882e+37 
3.4763957535e-28 
            nan 
-1.1520383536e-09 
3.4046521079e-15 
-3.2787289639e-35 
3.0974846000e+07 
-5.8284742843e+36 
2.6570485261e-06 
-5.2950695044e-12 
5.8822915353e+22 
5.3344986206e-09 
3.3927097751e+30 
-3.1363831299e-33 
            nan 
1.8770814629e+26 
-1.8298545288e+37 
-4.9615443102e+27 
4.2655200889e+32 
5.0658084498e-12 
1.6820722677e+15 
1.7254077929e+30 
1.8327893023e-11 
-1.1308132637e+21 
1.8753619491e-10 
-1.1812635456e-16 
3.1424857235e-28 
2.9304085291e-27 
-1.2243944632e-16 
2.4948172574e+37 
-2.1724216559e-21 
-5.0375879680e+09 
1.0560687799e+22 
-1.7840140189e+25 
2.0231949020e-32 
6.1364358664e-01 
1.1607629821e-32 
2.6511476576e-31 
-6.6629369224e-15 
5.4487591324e-16 
-1.0205174903e+27 
-2.6611078817e+14 
4.6495983952e-06 
8.2494218077e-05 
9.5941944869e-22 
-2.1179158012e+19 
-1.1028371596e+38 
3.9015130824e-06 
-7.2385330699e+28 
-4.2907755179e+19 
1.0129348438e+05 
4.6666573952e-39 
4.1766150507e-21 
-4.9051994287e-24 
-2.8686807040e+10 
-1.5519412937e+30 
4.0551656200e+24 
2.1728620681e-08 
1.2880271849e-10 
1.7782940343e-24 
1.1941097677e-01 
9.3866450000e-19 
-4.6578327620e+16 
9.3929390139e-31 
1.4374298621e+17 
-1.5366802882e-12 
7.4156851683e+30 
1.4156283700e-19 
-2.9215379975e+34 
1.3617573538e-18 
2.4046346363e-34 
-2.6053264702e-14 
2.8354869141e+04 
-6.9046900608e-03 
-2.5866618119e-27 
-1.4058438857e-09 
1.3383623176e-20 
1.4773156909e-31 
-1.9465067850e-13 
1.4256002464e-21 
6.3402707507e-38 
5.3918103049e-07 
-4.4660264482e+15 
1.0468783104e+10 
3.9481821776e-19 
1.2719045042e-14 
8.9926632807e-10 
1.3752055820e-03 
-9.7790594825e-19 
-3.8849845849e-33 
-1.0315463962e+24 
5.0926286076e+25 
-6.2027800182e+29 
-1.6553393364e-15 
1.9499830628e-23 
-1.5852830672e-38 
3.2147234965e+35 
1.8634548724e-25 
9.5255720518e-18 
2.7399308999e+15 
-3.3966944482e+25 
2.5703121094e+04 
1.5442865736e-11 
4.1589505608e+18 
-9.4543080777e-03 
6.7622843089e-12 
-3.4549654424e-36 
6.4069812589e+25 
-4.5516791433e-35 
-2.4060573445e+26 
3.3010005951e+01 
1.9649468059e-32 
-2.3752915149e-04 
-5.8591847301e-22 
2.3430255999e-11 
-1.2327158549e+33 
7.7246720903e-03 
-8.9701487163e-28 
2.7031783878e+36 
-2.2485571077e-13 
3.4422220526e-28 
-3.3901723056e+18 
5.4296542536e-20 
-5.4268602701e-18 
-1.9679438750e+06 
2.0411327689e+35 
-3.8256727647e-11 
-4.3694159103e-05 
2.1324543181e+35 
4.6994984421e+31 
3.4046046426e+25 
-3.2070521239e-10 
1.0160525380e+21 
-9.2162611200e+09 
-2.9268161011e+02 
4.2238996480e+10 
-2.4864260922e-04 
2.1431479733e-38 
-2.9797621422e+15 
-4.5337170915e+27 
1.6799436569e+01 
-1.5178293864e-35 
6.1013997903e+33 
1.3425554610e-32 
-2.5551159876e+23 
3.2054129336e-32 
-5.2815644177e+35 
4.5410996941e-35 
-1.4014841980e-36 
-1.9393910590e-22 
-6.3908408320e+09 
1.2085150800e+37 
-3.4582778436e+21 
1.1585186808e+33 
3.0370391334e+38 
2.8710427251e+32 
8.6650344900e+23 
3.5454246094e+04 
-4.1388302237e+20 
3.0461335545e-15 
5.4903975594e-27 
4.5768503296e+10 
2.1150096130e+02 
-1.3006753544e+36 
-7.7790976147e+13 
-9.8300056811e-31 
8.0128492188e+04 
-8.5287459109e+16 
-3.0634438891e-33 
2.9533057053e-24 
-1.0019816160e-14 
1.7957228763e-18 
1.1148918386e+15 
-8.8343230572e-38 
-7.4197259521e+02 
3.5940484631e-15 
-2.0772990000e+07 
-3.3920774523e-10 
-1.5908243700e+21 
-2.7972933757e-13 
-5.8488246094e+04 
-2.1011532701e-30 
3.0731369641e-31 
2.3745432000e+08 
2.1039659883e+30 
-5.8274701177e+22 
1.0612201322e-06 
2.1651567902e-26 
2.0587232000e+09 
3.9839854592e+10 
-1.1498421255e+37 
1.5328375664e-36 
-6.9923302400e+09 
-1.0121392600e-27 
-3.6802534184e-38 
-3.3172312031e+13 
-1.1491998019e+24 
-7.5482423417e-03 
-4.3066247273e+33 
-6.9457228166e-32 
-1.3679964464e+20 
8.4329338347e+29 
2.7468164462e-12 
-2.0421883562e-07 
1.2473260540e-05 
6.7251394339e-22 
-5.0563822168e-28 
1.2266968936e-01 
-6.8557043959e+27 
-3.4663256709e-09 
-2.7420269740e+33 
2.4711351351e-37 
2.5202182587e-03 
-2.4962045360e+22 
2.9675308039e-20 
-5.0896848066e-23 
5.4315714253e-12 
1.6612989136e+20 
2.0624334848e+11 
2.9404223544e+23 
-3.8393842587e-21 
4.4326228539e+29 
-1.4746958750e+06 
6.9175636623e+18 
-1.2571318209e-08 
1.0932496702e-14 
1.5266490372e-27 
8.8318333030e-02 
1.8148896098e-01 
-7.8541220682e-38 
8.9517073268e+29 
2.7254060940e-28 
5.2175998010e+17 
-4.2900120956e-11 
-3.9594381286e+21 
5.3266413002e-35 
2.5624643740e-07 
2.5801447539e-28 
-4.7738496899e+18 
-2.7617855947e+30 
1.0227425391e+32 
1.9281640890e-31 
-1.4097029491e+26 
5.9083252684e+21 
4.1992669506e-16 
1.5876294284e-14 
-3.8081509087e-27 
-3.9341615246e+17 
3.7733257216e+10 
-1.2221077035e-37 
-5.0548186777e-30 
2.3399032000e+07 
8.4042038272e-18 
1.5899119440e-17 
3.0587969771e-21 
-2.5030611346e+27 
2.6156480749e-14 
6.6633780079e-05 
-2.4817369141e+04 
-3.8914445346e-21 
4.3974365012e+28 
4.0232742188e+04 
-1.0398483792e-38 
7.9253825792e-39 
2.9211582155e+20 
8.4266096023e+23 
-1.3737641780e-07 
-3.4996035652e-22 
-1.0495590076e-36 
6.7695193952e+31 
6.7843811932e+17 
3.8130275740e-30 
-1.5814946265e-19 
-2.1037445120e+10 
-3.2145787467e+36 
4.4176626876e+33 
-1.1607304123e+35 
3.2304504717e+31 
1.5709507749e-30 
6.0576607381e+32 
-1.6480023682e+38 
-7.7071163410e+33 
-6.6531052238e+34 
-1.2150844890e-28 
-2.7516986953e-11 
-2.9675391376e-13 
-9.0262979269e-01 
-1.7016305851e+35 
-7.9209250714e-08 
9.1646950902e-21 
2.7975739461e+25 
-6.5594793750e+05 
-1.3650334878e-35 
-7.5648797245e+12 
5.3318949794e-34 
1.6791274438e-34 
-1.1383517412e-03 
1.0723245585e+35 
-2.7804772642e-37 
1.8448504189e-20 
4.2150121353e+32 
-1.6923176731e+13 
-1.7891621511e-16 
2.3912767903e-35 
2.2536985397e+01 
-2.3268556190e-33 
3.0021475654e+16 
-2.9894864559e+00 
8.2112357802e-08 
-1.4890506042e+26 
9.9056487974e+32 
-2.0860378702e-10 
-8.7126052015e-31 
-2.5774895107e-07 
7.5905884160e+10 
-9.5795193600e+08 
9.1331206209e+23 
-1.3646202880e+17 
4.8150090685e-12 
-9.0977196102e+32 
-5.6876099386e-09 
3.1627124300e+24 
-8.4669969830e+22 
2.5555051804e+01 
3.5362056732e+01 
-5.7359320202e-13 
-3.1282132480e+09 
3.6312087382e-17 
1.8352168617e-33 
-1.4244018362e+35 
1.2849043608e+00 
-3.0635466309e+03 
-1.3134483955e-36 
2.8524758873e-18 
2.3454843401e-08 
2.9783243180e-26 
-3.0558167342e-18 
-1.2619200687e+27 
-6.6741596892e+30 
-1.2918358154e+03 
-4.3226998838e-18 
-7.4103460100e-31 
-6.8861401626e-16 
-1.1693143100e-01 
-1.5626897768e-29 
-5.5676147955e-16 
-4.6760280211e-15 
4.3831197011e-22 
-3.0501496830e+38 
-1.8977520987e-02 
3.8451010496e-13 
-2.9057004929e+01 
-8.6205388800e+09 
3.0393373047e+04 
-2.9549438000e+07 
1.2473931887e-09 
1.7834008809e+16 
5.2201324844e-28 
2.1235602580e+30 
-2.4929775174e+17 
-2.3710322090e+30 
-1.5968177886e+22 
-5.5674147998e-18 
1.2232625918e+31 
1.2634647905e-23 
4.4305599027e-21 
6.0327741634e+35 
-2.5493554305e-32 
-8.3284736444e+23 
-2.6972626355e-09 
-1.3271666527e+01 
5.8079223541e+16 
-1.4786165760e+10 
3.9521859933e+27 
-5.0381520850e-05 
-5.6220251334e-37 
-2.4442336155e-30 
-2.9702877500e+06 
-1.3812270153e+16 
-1.7077570640e-13 
-2.2526853943e+02 
1.6073407000e+07 
-4.8857650355e-18 
7.0704550126e-06 
1.3903436523e+04 
-1.1159547383e+17 
-3.6656109150e-03 
-2.7070557500e+06 
4.9895688399e+28 
-7.8380998957e+14 
4.4767216423e-06 
1.9090750191e+29 
1.5179333958e-33 
-1.7734474701e-24 
8.2464043113e-25 
5.6320331791e-22 
1.0691407852e-17 
3.7531240052e+26 
-2.4506372915e+11 
3.3003458907e-12 
-8.3657283025e+27 
2.9891987696e+26 
-1.0035813760e+09 
-2.1115190050e-19 
-1.1554374287e+32 
-2.7696510000e+07 
-4.0735294369e-13 
3.0419317267e+14 
-1.9840598898e+30 
-2.9418288640e+09 
-2.9587437902e+34 
1.0353641500e-07 
1.1823918750e+06 
-2.4985936578e-24 
1.3783670948e-24 
            nan 
-1.5885378843e-06 
-1.4064863407e+18 
1.1195995470e-16 
-1.7336985960e+17 
4.3514174672e-15 
9.3113579052e-26 
3.2798453925e+25 
2.2091159375e-31 
-3.6131402703e-29 
-5.1140814209e+02 
-1.4944831000e+07 
-2.4594945066e-25 
-1.0833951744e+10 
1.3265790380e+25 
-1.3066968341e-10 
-1.0992210427e-17 
5.4326718198e-37 
6.8754757654e+22 
-1.6987821740e-14 
2.5075360000e+06 
2.1312381975e-38 
-8.8388243682e-29 
1.9928848989e-29 
8.1972135199e+13 
-8.5816369637e-21 
1.2581774575e+30 
-1.5963959895e+27 
-6.6668965396e+12 
1.3103931982e+23 
8.5087353371e-32 
-2.2560004994e+30 
6.8940731763e-23 
-7.6168809926e-08 
1.1013595872e-14 
4.6354624839e-23 
-3.4450614507e+15 
-1.1575742722e+01 
-1.7874499895e-13 
7.2857272625e-01 
1.4189958819e-35 
-4.2277182617e+03 
4.2683835000e+06 
-8.3496481771e-27 
9.9744351455e-32 
-1.6359613836e-01 
-1.4933465536e-05 
2.8369819177e-34 
-1.5693730029e+29 
-7.1638243948e-11 
3.3742232433e-16 
1.0560111357e-33 
-5.3910253667e-16 
1.1318102774e+38 
-1.3474944494e-09 
-4.1706236000e+07 
-1.8039400368e-19 
-2.2375641540e+29 
6.4469174302e-25 
2.2155871094e+04 
6.9020917170e+13 
2.7803198979e-11 
3.5975831747e-01 
1.3737097285e+28 
9.6632484375e+04 
-5.0028078258e-02 
-3.3595396875e+05 
4.0555933279e-15 
-2.3318865683e-21 
5.6567740197e+19 
4.8379663537e-28 
8.6866611579e-16 
-3.2760770550e-13 
1.2179733631e-06 
1.4657589784e-37 
5.4437849663e-22 
4.8347195000e+06 
-3.7485294797e-06 
-9.9604911416e-38 
-4.6216295160e+22 
1.8808398750e+06 
3.0304936226e-03 
3.4662223243e-06 
9.1188184474e+35 
7.3962466156e-35 
1.6964672405e-30 
-6.0258636969e-10 
3.3113726000e+07 
7.1163363970e+30 
-3.8335000186e-14 
-5.1033166999e+18 
-2.6466104699e+19 
4.3756131200e+08 
1.1867811799e-24 
-4.4447476976e-03 
3.8870323787e+33 
1.1212968081e-01 
-1.3134068944e-08 
-2.9210834944e+10 
8.4990862555e+29 
5.0817035926e-26 
2.1840510000e+07 
2.5589106604e-02 
-4.8778950321e+17 
1.8926222080e+09 
-5.1563205384e+35 
4.2035909411e-33 
8.0619814696e+37 
-3.3906128731e-38 
-5.5673873518e+32 
1.4050263237e-17 
9.9747296344e-35 
-5.5403059434e+33 
-1.2647136461e+11 
-1.1912525653e-11 
1.7116639703e-11 
-1.3137136122e+23 
-1.9262506087e-12 
9.8955145187e-18 
2.1317233869e+11 
3.5603903809e+03 
-5.1859995438e-05 
-2.9576489145e+38 
-7.8711313009e-01 
-1.4957661776e-08 
-1.3192008156e+16 
-8.7293437900e-06 
-2.8724791380e-31 
2.0348791720e+31 
-3.0253467522e-29 
-1.4598306855e-15 
-1.0548262593e+24 
4.7304739978e+37 
-9.6173307044e-22 
-3.5955760901e-29 
4.6665648712e-21 
6.1438278478e+25 
-4.9303320890e-21 
-1.7215695206e-19 
-1.7770182058e+33 
-4.4241186231e-02 
-5.3486823933e-35 
4.5252484644e+37 
-6.5659476624e+28 
1.7920565667e-38 
3.0529232475e-08 
3.4958270844e-03 
1.4805278579e+27 
3.9715168195e-22 
-1.2335585981e+34 
-4.1077927587e+18 
1.8880354076e+19 
1.6687085008e-05 
-7.3485930869e-26 
1.0127258065e-05 
-2.4722034101e-27 
-4.6859480475e-15 
2.4399441920e+10 
4.2245754194e-37 
1.0183468391e+16 
5.1085573272e-11 
-3.8111301033e+15 
-4.3801388920e-18 
-2.2298567199e+25 
-1.6442907508e-03 
-1.0640395340e-03 
-3.0876250134e-17 
-5.5445004896e-33 
-5.6698076427e-02 
-4.5813845645e-05 
9.4451461337e-05 
9.5803345627e-37 
-1.9502844937e-16 
-2.1671112624e-27 
2.7553912960e-30 
2.5196814590e-07 
-1.9822093966e-10 
1.5723041695e-27 
-1.1617815233e+13 
-5.4183357603e-18 
1.6251548402e-36 
4.0018655647e-27 
2.8979383614e-28 
7.5142429378e-27 
5.5719071419e+23 
1.6811063708e-24 
1.6788928000e+09 
-8.8338890553e+32 
-3.6977881868e-10 
-3.4653742188e+04 
-3.1239536817e+32 
3.1867995000e+06 
-1.6179953518e+19 
1.1629257891e+17 
-1.8437690622e+15 
-1.7160086400e+08 
4.1734448374e-34 
2.7103176474e-12 
-1.0030820613e+25 
-5.0773838246e+37 
1.7944928586e-35 
-2.1467085928e-02 
-2.8982235000e+06 
-1.6480660090e+35 
2.6858338479e+29 
-7.7817132697e-03 
1.5201463318e+02 
-2.3532875756e+14 
2.0307105331e-07 
1.2324964998e-35 
-2.2265793120e-07 
-3.1823821898e-30 
1.5428134955e+19 
4.6212813171e-14 
-4.3061630741e+28 
-1.3879729007e-36 
2.2968313879e-25 
2.9446251261e-15 
1.2283248266e+17 
-1.6922873047e+04 
2.0954199202e+15 
-1.8538039919e+22 
-8.2407458318e-23 
2.4254872245e-21 
-3.4679619130e-03 
-1.6148833766e+18 
3.5818626998e-07 
-4.9010996875e+05 
4.9162020172e+17 
-3.8437110775e+37 
-2.9008672258e-22 
-1.4144814230e+21 
1.3912717814e-37 
-1.0044250106e-31 
-2.4355853384e-04 
-7.3049729999e+20 
-1.8387301893e-34 
-5.3011190479e+17 
3.7214037031e-02 
-1.6532642764e+19 
4.2693941509e+21 
-6.5542284574e-05 
-1.1231357064e-26 
-2.3251125902e+14 
-5.8885605315e-36 
1.0891926252e+17 
1.2982138874e+16 
-4.8780945673e-36 
-2.3919841309e+03 
6.3032126980e-22 
-2.1229071818e-20 
2.6229750601e+20 
6.2138663104e-09 
-1.9141197687e-13 
3.1532239385e-13 
-1.0686884217e+13 
-1.8323260996e-22 
1.0233021899e+20 
            nan 
1.7814774697e+20 
5.5699429921e-28 
2.8913173221e+38 
4.1286848480e-35 
3.9570397500e+06 
1.7296279126e-31 
6.1342478336e+10 
3.2467023360e+09 
2.3995029637e+38 
2.4276465721e+24 
-8.1610497406e+18 
-1.1192087838e-12 
3.4037076543e-12 
4.5014374492e+22 
1.3991677791e-24 
7.9258783882e+37 
-4.0504060000e+07 
-1.6570804198e-20 
-1.4160591305e-28 
-6.1053101834e-32 
-1.2778154497e+34 
-8.4069513521e-35 
3.1756459862e-07 
-7.6306121108e+32 
2.2214014000e+07 
-3.0026516922e+13 
2.4051366120e-18 
-2.5094596203e-03 
2.3889145974e+32 
1.6292876230e-18 
1.7630238112e+15 
2.2127213591e+23 
9.6594281185e-11 
-4.0923728181e+25 
-1.3494106497e-05 
-6.0906067936e+16 
1.9677906799e+31 
3.5569419355e-29 
-4.7869886845e-31 
1.8664989554e-08 
5.6725598208e+10 
-5.6454319964e+12 
-3.3784345691e-26 
-1.7876931218e-13 
-8.5502451712e+10 
1.6289606592e-17 
7.3437167118e-35 
-7.2106925964e+01 
-5.6874451715e-35 
1.5882829174e+37 
-9.4393604044e-09 
1.4021344000e+09 
8.2825060829e-13 
2.0214302048e+30 
-1.5603903000e+07 
9.7898939286e+13 
-1.9090532800e+08 
6.6216473811e-34 
4.8323263732e-30 
3.0105516422e+22 
4.8042336256e+10 
-1.0780014355e-31 
1.1926271528e-29 
-4.5095186723e-34 
-6.6775114203e-22 
-8.9536872110e-05 
6.0541677475e+00 
-1.0893497623e-22 
3.6669137688e-22 
-6.7337349008e-15 
1.4050496348e+12 
-8.0235194590e+16 
-3.4564982330e-32 
-3.6793321371e-01 
3.1072148940e+14 
-3.9522157749e-04 
5.5207006633e-02 
-4.1881129033e+21 
-3.0093897585e+23 
-4.4597000242e-31 
1.9698061640e-19 
-3.8935733110e-11 
-2.9254107760e+23 
3.3683629911e-34 
-2.1872870687e+12 
-6.7562110562e+31 
-1.1290355921e+00 
4.0177850630e-11 
-1.0886074104e-33 
-1.4818217224e+31 
2.4032148493e-10 
4.3936284024e-38 
-8.3957715447e-08 
-6.0216433020e+24 
1.2840953854e-36 
4.2035881228e+24 
3.2740069207e-18 
-7.0623657249e+34 
6.2394252629e+16 
4.7543242188e+04 
-7.4220886924e+14 
1.0826971643e-13 
-3.3537202598e+37 
7.8544529480e-31 
8.8945285711e+26 
-8.4405343520e-26 
-9.6104603648e+10 
-3.6626008805e-03 
-4.5550516092e-18 
6.8497812144e+34 
1.1574270498e+24 
4.2165271646e-34 
7.0428278162e+23 
2.7782695611e-07 
-3.7282672609e-12 
-4.4669394265e-04 
-1.4626234770e+00 
-8.8630390000e+06 
4.9036555143e-21 
-4.8501756800e+08 
4.5420721527e-38 
2.3299671446e-16 
-2.3801039883e+30 
-6.7855413072e-03 
-3.1270967980e-32 
-1.2690757222e+11 
-4.6977458400e-16 
4.3713392035e+32 
2.2985991967e-37 
-1.9833475798e-24 
-2.2160383186e-26 
2.6298364446e-06 
8.0790915836e+36 
7.0060897188e-12 
-4.0086469579e-33 
9.0995853099e+13 
-3.0004528809e+03 
-5.9494092985e-10 
7.4291612862e-08 
7.9603422586e+37 
-3.4319294848e+37 
3.2634775791e-33 
-8.7414217056e-17 
-4.4985826848e+27 
2.2971886332e+34 
-1.8191008297e-30 
7.5724187513e-30 
3.1543237010e+23 
-4.8723415301e+36 
1.0673453292e+17 
-7.1249740956e+13 
1.9294652640e-23 
6.9914206308e+31 
-1.1260339801e-38 
-1.6914519004e-18 
-1.7598294267e-15 
7.6959613812e-13 
9.8687086667e+32 
-2.9815249241e+26 
1.2539366722e+01 
-1.6065858557e+25 
5.4410466691e-04 
5.9566361265e-30 
1.4656421669e-29 
1.1248434062e-14 
5.3883512498e+29 
1.1025996328e-29 
-1.4732667311e-21 
4.4706246094e+04 
-2.7890046129e-19 
1.0978851825e+26 
2.7286527157e+00 
-5.9328514390e+29 
1.5946028754e-02 
6.7399057617e+03 
1.5601551278e+12 
-1.3105906135e+22 
1.1304061523e+04 
-2.9949824630e-13 
-1.4768064880e+02 
1.3814680000e+08 
-1.0226061523e+04 
-5.3120915322e-20 
6.6044161595e-20 
2.3177318400e+08 
3.4689496570e-32 
-3.0942357314e+37 
-1.5434072352e+14 
-2.1656064000e+08 
-1.5160345937e+25 
3.9438021937e+21 
-1.8279598371e-34 
-6.3225437619e-34 
1.2019141846e+03 
-4.0492982709e-31 
4.8767940643e-28 
2.7022329446e+11 
-2.4544071291e-36 
-7.3029296323e+21 
-3.5713473604e-25 
-1.3242801331e-20 
-2.7502782274e-08 
3.6300308462e-13 
-1.0463192320e+09 
-2.5759093760e+09 
7.3667921176e+19 
-1.4449761025e+35 
1.7485235730e-05 
4.0368409714e-16 
8.5014242760e+35 
1.6538546333e-05 
-4.6999142545e+33 
3.0889005067e+27 
1.1240814453e+04 
9.4158522788e-33 
5.0909871238e-20 
3.7676317483e+15 
-1.4751603960e+32 
-4.7790077163e-23 
-1.3202277988e+23 
1.4976913819e+25 
-8.5817977311e+33 
9.0704970396e+18 
1.9544741367e-25 
4.8989013327e-27 
2.6604166921e+38 
-3.3273789214e-33 
-1.8453683750e+06 
3.7867548031e-07 
1.1636497825e-01 
-2.1862323619e-18 
-8.6326340520e-10 
-1.5311026572e+14 
6.2450716115e+13 
3.8827774242e-37 
7.1867421736e-11 
-4.4363274165e-10 
-1.3671254655e+32 
1.3260402169e-37 
6.5605846723e+18 
-2.7630791877e-08 
-4.6359640480e-29 
3.4481903434e+21 
6.0478921871e-10 
4.9481800345e+34 
1.8583612982e-03 
1.6548461281e+12 
-5.9354740781e+15 
6.0701504000e+08 
-1.8104499306e+13 
4.0792989649e+26 
-4.6769257812e+04 
-3.7748734739e-25 
2.8441400565e+17 
-9.3624029180e-34 
-1.8086321354e+00 
-2.0068512694e-32 
8.5973989978e-24 
7.6852036129e+22 
1.2424610102e-26 
-6.1362927902e+16 
1.0702979836e-07 
-2.7877042787e-16 
4.3293720054e-16 
-1.3325619254e-11 
-5.2677578752e+10 
-1.4094288814e+12 
3.6378660170e-22 
-7.0068612695e-04 
-7.0676070400e+08 
-7.2920603208e-19 
-2.0122247224e-04 
3.0024510573e-35 
6.1756060497e-34 
6.4680341166e-04 
-6.1349967155e+35 
-9.4682839239e+25 
7.3390759781e-07 
-4.3543476253e+34 
6.5849991197e-38 
1.4308167491e+30 
8.2759518224e-16 
-4.9191772658e+33 
3.3742013186e+26 
1.5130865520e-17 
1.4672011102e-20 
-1.2042015334e-13 
2.6482960582e-01 
5.6283867505e+31 
6.5998698797e+22 
3.8814746094e+04 
-1.2244692760e-10 
-1.3089232956e-15 
8.0019205396e-25 
-8.1968954024e+32 
-1.2268449060e-12 
-2.4488076991e-30 
6.2213852233e+24 
3.5090347444e-23 
-2.5936927411e+23 
9.5700372185e-05 
5.0484892607e-33 
1.2006163135e+22 
-3.4005756000e+07 
2.8550870419e+00 
-5.8358321707e-30 
1.4374716991e+14 
-1.0213426242e-12 
1.2335808332e+21 
-1.4751636335e-27 
1.9723389075e-23 
7.8049006462e+00 
5.6282555000e+06 
1.5181170654e+03 
1.6938056588e-22 
-6.2718041066e-16 
-1.5385526871e-32 
-1.1793681872e-20 
-9.0586757464e+13 
5.3835744073e+19 
6.4867682801e+22 
4.6066191170e+20 
-2.8070793541e+19 
2.0413843449e-03 
-1.1745675674e+11 
-4.1297982114e-19 
-1.0317424599e+32 
1.3863003431e+24 
-4.8003498235e-31 
-4.6238996875e+05 
-1.5522917111e-28 
-4.9647885851e+14 
-3.3621373152e-20 
2.9553707886e+02 
-1.0021135171e+23 
-9.2821068963e-35 
-2.7627565942e-05 
-5.1207033058e-10 
-2.3499974555e-17 
-5.9603739147e-15 
-7.4891182362e+22 
-4.1164304594e-32 
-2.2409302686e-23 
1.9066297254e+13 
-3.8665359675e-22 
7.9717544986e-25 
-3.6394196875e+05 
-1.1003348321e+19 
-1.8972408218e+11 
-4.6739721320e-32 
5.2450262883e-11 
5.2600759326e+33 
5.7081990218e+13 
-3.7489239056e-32 
6.0397715947e+35 
1.9259304105e-17 
1.6463080829e-04 
-8.8203309402e-14 
-4.0299405509e+13 
3.1011683196e-30 
-2.1269232204e+19 
1.0861703017e+14 
6.2925158685e+24 
1.4468663082e-38 
-5.8541671194e-34 
2.1605613568e+12 
-1.0697502970e-35 
1.5079295654e+03 
1.3502708673e-10 
-5.2757904918e+18 
1.9528608720e+28 
9.7944232613e+37 
1.0894375936e+10 
1.4850761023e+32 
-4.3602764066e-08 
-8.0587111507e-35 
7.2805444353e-27 
2.4522494036e+22 
1.7275832457e-12 
1.1445108571e-24 
-1.0440161343e-14 
1.9458959287e-04 
-1.0744015920e-11 
-1.7165180000e+07 
2.6966988100e+20 
2.1906782153e+37 
-4.3453427734e+03 
-6.1846710000e+06 
1.2260766751e+20 
1.4804641540e+14 
-1.2069992295e-07 
-8.8379708692e+21 
-2.0559211561e-25 
-2.0593897472e+10 
-3.0057790367e-23 
6.1734399042e-23 
1.2355605237e+18 
-9.0055964392e-06 
1.1314740656e+27 
3.1508747405e-20 
5.2234539008e+10 
9.1907601440e+16 
-8.1444044236e+32 
-4.6861543713e+24 
-1.1626698187e+35 
-1.1647612569e+21 
-1.6899048350e-12 
-4.0436484922e+27 
5.5416793032e-33 
-1.5061560547e+04 
-1.6590129878e-12 
-3.8100857185e-18 
-2.6912853197e+11 
5.0399882197e-28 
2.6806283403e+14 
-1.7761753018e-25 
5.0522938793e+26 
-4.9768510786e+17 
7.1684619400e+35 
-4.1853984167e-10 
5.5984981169e-36 
-3.8499576568e-30 
3.4664393578e-09 
1.9900901423e+15 
-4.2975268281e+15 
5.0163648666e-06 
4.4116964313e-13 
-4.0486986386e-16 
5.7283306762e+20 
2.8531427819e-22 
-4.9206942903e-32 
-1.4958910881e-36 
1.0986663787e-20 
-5.2420293343e-20 
2.3666814000e+07 
-1.7487310356e+12 
5.6203732441e+17 
2.8756129976e-17 
-3.2037475742e+27 
-8.3629602049e-27 
1.2895973802e+13 
5.3750348375e+28 
-1.1105772972e+01 
4.5788321908e-25 
-8.1443220480e+09 
-3.6445585880e+14 
6.9690671359e+34 
7.8341868773e+30 
-1.8863292812e+23 
3.2696317064e-29 
2.8399264751e-14 
-2.0539954724e-16 
7.5408683777e+01 
-9.4731620653e+32 
1.2491187246e-35 
1.3269332759e+22 
7.3977675262e-34 
-3.4530876292e-05 
-5.6892346580e+28 
-3.0151225507e+34 
1.9730763079e-35 
-5.7393016832e+10 
-4.5807675000e+06 
7.9696874328e-39 
2.1097757500e+06 
-4.4451405183e+18 
-9.8335498887e+15 
1.7945893800e-26 
-1.6038765527e+12 
3.6253592128e-08 
4.9475343586e+25 
-1.4020214989e-09 
3.4473643399e-38 
2.3993395269e-01 
-5.6940620800e+09 
2.5634198597e+22 
2.6416991302e+28 
-2.4667224474e+11 
3.2865918000e+07 
-6.8191407309e+11 
-1.1785471200e+08 
-1.5008139389e-27 
-1.2981811523e+04 
2.1215870000e+07 
4.6899353038e-04 
-4.9543396875e+05 
-1.0563013004e+38 
2.7264093888e-31 
-3.2781452648e+18 
-8.6103541722e+18 
-2.7533204056e-14 
-5.1297277537e-10 
2.0925631325e-17 
9.5515373188e-38 
3.6921097444e+31 
-4.4682842766e+27 
1.2031326294e+00 
4.1387897341e-13 
5.8628565996e-16 
1.0632024350e-04 
4.7912119044e-05 
-2.5030152024e-33 
-9.5370078238e-18 
-6.1961177380e-06 
1.7521232877e+25 
1.7509764404e+03 
3.7771047076e+12 
9.9041454494e-02 
2.5858170244e-33 
3.3865820625e-31 
1.5458338609e-08 
2.6210097130e-03 
-1.6460957804e-21 
2.0341956999e-23 
1.3787819771e-03 
-2.3015784434e+19 
3.5366596875e+05 
9.7126918914e+13 
-4.9055074629e-36 
-2.2544530743e+30 
1.7288816427e-33 
5.4805317599e-25 
-7.9944214804e-07 
-1.6464017883e+13 
2.9290650855e-04 
-4.1299579750e-33 
1.3210249297e+35 
-4.9493129946e-36 
1.0943644884e-04 
-3.6617466807e-01 
-2.4181272507e+01 
1.4784533722e-26 
1.5336730003e+01 
-7.2668475826e+17 
-8.8479141557e-29 
-1.1452782403e-29 
5.3353993750e+05 
-2.2922361755e+02 
1.5574276894e-12 
9.9300615234e+03 
7.8797318499e+37 
-6.1766990990e-14 
-1.5405198750e+06 
1.2672736823e-18 
6.1388273890e+30 
-2.6583732012e+26 
1.5393970741e-31 
-1.8103368417e+12 
-3.3386148106e-33 
-5.4215307571e-36 
-1.1092769799e+21 
-2.4440245054e+29 
2.3703219200e+09 
-3.7108718560e-17 
-1.8299612890e+31 
6.1554464337e-19 
-4.7489255456e-33 
4.2651779363e-28 
-4.9770841668e+20 
-9.4314219187e-26 
-4.1350844501e-27 
1.2268674603e-18 
-7.5879484375e+04 
1.3586828393e+17 
-7.7110756262e-29 
8.5489355469e+03 
-1.1725566400e+08 
-9.0549420390e-35 
9.7600913408e+10 
-3.6908820070e+11 
-6.5284100435e+28 
-2.7118692557e+21 
-7.0464331078e+37 
-9.3503040258e+13 
-6.9833915000e+06 
1.8654145136e+32 
7.2211707933e+14 
-2.5601342776e+35 
4.1136144919e-14 
5.5041313152e-37 
-2.4108688998e+12 
8.8533453318e-35 
-1.8047981939e-05 
-7.8747788211e-04 
-9.3464725705e-14 
-2.8882022530e+35 
1.1785102131e+11 
4.6035872433e+37 
-9.4503038781e-06 
1.3718694841e+25 
-1.5315963725e-16 
-1.5057110457e-16 
-9.5705487360e+09 
1.1798047274e-01 
-1.8108265908e-29 
-2.9359752342e+20 
-4.7758107891e+16 
-1.3808914497e-24 
5.3480786022e-08 
5.5328960990e+17 
-2.1767390024e-07 
-3.6848793502e-22 
-1.4558405767e+31 
-1.2227623680e+09 
3.8887625919e-07 
1.2179654201e-19 
1.4166288259e+31 
-6.6172665634e+28 
4.1901960749e+24 
3.3300435742e-09 
-5.6583774011e+13 
7.9983880752e+14 
-1.0056830847e+31 
8.4516517343e-17 
-8.9411538839e-01 
-2.9092615469e-11 
-6.0037370771e-02 
-8.8704200614e+30 
-8.3560984343e+35 
-2.5270658168e-33 
3.2493320759e-03 
8.1351059200e+08 
-4.6931197062e-07 
3.8615746537e+29 
1.6006352090e-33 
-5.3996284000e+07 
-1.4482367000e+07 
1.1003963009e-17 
-5.9006828170e-36 
-2.2595413060e+37 
-1.1109949219e+05 
1.4602362880e+11 
1.5597499534e+29 
-3.1445500146e-34 
4.6421048470e+27 
-2.9204760722e-05 
-9.5385800556e+23 
5.0794616956e+18 
-1.5334643112e-38 
-3.1567729451e-16 
-1.1178914811e-18 
-2.5147897337e-16 
1.0812512201e+24 
6.1321008271e+34 
-2.5938515935e+30 
-5.7448682023e-18 
-2.2423023976e+22 
1.2146134745e-23 
-2.5428407210e-12 
-2.3309022720e+09 
-1.3488891119e+29 
-1.4713670654e+03 
-1.3757671030e+30 
1.4001910131e-05 
2.8672663029e-03 
-1.0913481779e+22 
-6.4938499236e-06 
-3.0155021591e-07 
2.0016635244e-04 
7.9338068962e+00 
3.6157593419e-24 
-1.7393300326e+26 
-1.8632693952e-31 
-4.0316596875e+05 
2.3852685194e+30 
-8.0237319011e-09 
-5.1974755200e+08 
-9.0564332587e-17 
2.9718768324e-36 
5.2682119778e-10 
-2.0332082039e-22 
3.0165928646e-31 
-1.6427391669e-09 
1.3739998777e+23 
-1.8204998051e+24 
5.0578050286e+27 
1.8263771441e-33 
7.0181606304e-08 
8.8666483235e+24 
-8.4519865056e+29 
-1.4645409501e-34 
-8.4160915200e+08 
1.9909453785e+23 
-1.0327274994e+37 
3.7290813029e+17 
-1.5575373509e+31 
-1.0953279001e+17 
6.3336036304e-16 
6.6058237280e-05 
-7.5123783002e+15 
1.0101544724e-37 
-3.7358663107e+12 
-4.8411769923e+30 
-3.6694257233e-18 
-3.0749791017e-21 
-2.2631824858e+20 
2.4090988652e+30 
-1.6566127919e-23 
-2.4315520477e-06 
-9.6923647634e+19 
6.0842128758e+17 
-5.8513423920e+01 
-3.5653833600e+08 
-9.2870609893e-26 
-3.6478818606e+33 
-8.7488597619e+19 
1.4355971416e-06 
-2.0896088867e+03 
4.7485003825e-22 
4.9548938940e-26 
8.8952097576e-04 
2.5379428356e+28 
1.9015713001e-21 
-3.5083062823e-34 
1.1989857600e+08 
-7.5368476562e+04 
-6.4562923220e-37 
-7.6387020028e+18 
3.1202736461e-19 
-2.2229561623e+32 
1.0300469887e-16 
5.7851758346e-20 
5.7960620935e-28 
3.7777673342e+17 
-4.0491335094e-02 
-4.2488933263e+24 
9.4579543545e+17 
6.2003086896e-06 
-1.8834798998e-10 
4.2625985504e+32 
1.3762453504e+11 
-1.0633050464e-02 
-5.5616246094e+04 
-1.7547531424e+34 
-2.7824608185e+38 
1.8498536992e-36 
-9.0217498606e+33 
-2.0366260723e-19 
2.4403167931e-29 
1.2212391969e+22 
1.7224914698e+12 
-3.7567934627e+18 
2.6823623047e+04 
9.4391175280e-24 
-2.1906657363e-34 
6.9998013440e+09 
-4.2518618394e-40 
-6.3342793750e+05 
1.7370827200e+08 
-1.2849876057e-13 
-8.5996581231e+18 
-1.2271363396e-12 
1.0627267533e-32 
-1.0136484970e-16 
2.6092398770e+17 
-1.2575663407e+35 
1.8065417628e-24 
-2.4395224390e-15 
4.3031763997e-14 
-2.5750630357e-06 
2.2115939840e+09 
7.5737064013e-20 
8.3083593750e+05 
-9.6913912000e+07 
2.8975518570e+33 
-6.1167739428e-22 
-1.0091157233e-26 
8.3627194231e+29 
-1.3924350925e+23 
-1.9636434472e-31 
-6.0811557698e-27 
1.4209671367e-25 
-1.0438560119e-23 
-1.0553895496e-02 
4.3383803927e-07 
1.9266602324e-22 
-3.3381107665e-13 
-4.6594000814e+17 
2.8582794714e-25 
-3.6554624711e+18 
4.6034923495e-21 
-8.6113834976e-14 
5.6633343216e+24 
2.7749249760e+24 
9.7497925515e+29 
2.3263700008e+00 
6.2561494342e-14 
8.1289227010e+13 
-1.7785252380e+02 
1.0143031942e+30 
-2.3508546473e-26 
-5.7142578430e-30 
-2.2830807477e+17 
1.7862838604e-06 
-4.1544723511e+02 
-2.8058127167e+19 
-2.9577015743e+31 
2.4702055157e-07 
7.0714111526e-21 
1.0907962578e-16 
-9.0378543538e-10 
6.0048351441e+35 
-3.2946504338e-22 
8.5788684771e-37 
1.6597933694e-08 
4.1650527086e+36 
-5.9218320530e-04 
-4.8916202563e+32 
1.6246913814e-09 
-1.3720339807e-20 
9.7872123814e+34 
-3.0671990442e+20 
5.4311750000e+04 
-3.2674334943e-04 
-1.7842612579e-06 
9.6031683612e+26 
3.7030345653e+31 
-9.8091135214e-10 
5.7804218333e+37 
-1.0810706875e+18 
2.1454114941e+14 
-2.8706285566e-36 
-1.5446276480e-09 
8.6495699793e-21 
-2.0543673038e+00 
-9.8205952335e-35 
-7.4783874268e-38 
1.4777688064e+11 
-2.0758343453e-04 
-2.9658361270e-12 
-5.6099794948e-11 
-2.8155244886e-18 
-8.3449116210e-04 
-1.1692801925e+25 
-3.7288431078e-02 
-5.0614976512e+11 
-5.5731236285e-37 
1.2733367149e-33 
1.1715268825e-37 
1.1652583254e-07 
1.8296777344e+02 
2.1672800000e+06 
-4.0206061411e+37 
-1.8330997513e-25 
-1.6355375514e+11 
5.1643095191e+26 
-5.4888076448e+21 
-4.4655301477e-37 
1.1143463198e-03 
-6.7355054114e-16 
-9.1852400747e+37 
-7.1955881119e+00 
1.2074446400e+08 
-9.2076577784e+35 
-4.3745348230e-03 
3.3551672527e-37 
-4.2992884119e-05 
4.7546697482e-12 
6.4121597290e+01 
5.1658356426e+34 
-4.2709159993e-19 
-1.3109842500e+06 
-2.5448149904e-24 
-1.7711242253e-04 
2.7702252751e+32 
2.4526821995e+22 
3.9048141492e-25 
1.4679728076e-02 
-8.4757600872e+22 
-4.5889403125e+05 
-1.0688033399e-05 
1.3743102477e+24 
-4.1349952795e-08 
8.1810942383e+03 
1.2434332140e+28 
2.3265593717e-20 
2.0623894472e+22 
-3.9628660521e-30 
5.5815057178e+24 
-3.6949323715e+34 
-5.9265206250e+05 
1.3835144454e-38 
8.7121395481e+24 
4.8920587415e-23 
1.2421577732e+24 
8.0140942383e+03 
8.9905787705e-30 
-1.5484239668e-07 
-1.2031270492e-31 
-5.0566861319e-05 
-3.6874453413e+25 
8.2282253569e-33 
-3.5908982454e-09 
3.5500675479e-16 
4.2072123316e+22 
1.2534526509e+13 
-1.1868213266e-38 
1.5930307602e+33 
3.5322624456e-26 
-4.3236734747e-34 
-3.8754381522e+28 
3.1186997664e-27 
6.4011571030e+23 
6.1284463660e+18 
4.2782137858e-27 
5.3028073767e+13 
-3.2805246094e+04 
-1.7454033669e+38 
-1.5099705279e-36 
-7.5992196798e-01 
1.0002228163e+29 
1.7333589369e+37 
-5.7134206121e+27 
-3.4360401498e-33 
-7.5423323965e-31 
-3.8490635229e+15 
3.6690824032e+00 
-1.7629948210e+33 
2.7087185143e-18 
1.3466676580e+19 
-2.4661428374e-34 
1.8425201394e+16 
6.5033332670e-18 
-6.2597054155e-18 
5.2723269320e-23 
-6.8163243984e-32 
-7.6005880000e+07 
7.7568819948e+32 
6.5596400541e-34 
-4.7261206504e-08 
-5.7192413297e+17 
1.4686827660e+01 
4.8824842088e-03 
-1.1026057791e-06 
-2.6499470077e-30 
2.4756345452e-14 
1.4327789136e-31 
-1.8358418961e+37 
1.3886561523e+04 
1.9460516254e+26 
1.7237334504e+15 
3.4560525542e+24 
1.0129368775e-06 
6.7820846601e-29 
1.9075286197e-17 
-1.0697706938e+00 
6.3952317567e-25 
1.5120621252e-15 
4.1593343035e-29 
-2.0611448288e+01 
3.3535235228e-34 
2.3483648513e-32 
9.3176818276e+27 
4.3775318426e+11 
1.8983550000e+07 
8.3389094023e+20 
3.1795667408e-25 
5.5953011218e+28 
-9.0232400343e+28 
-1.5262243691e-09 
-2.5327961550e+30 
-1.0501337700e+19 
-3.7816246094e+04 
-2.2581064749e+18 
1.0336159915e-01 
1.6674326850e-11 
-2.0034898438e+05 
7.9851982489e+18 
-1.9034485578e+34 
-4.8446934221e+11 
-2.5449941788e+29 
-4.1541657936e-27 
-1.5677097365e+35 
5.6753955378e-22 
2.2050877380e+02 
-7.1152324033e-09 
7.5374488127e+20 
-5.6597108309e+34 
-3.6214036354e+36 
-1.9751586485e-15 
6.0690495998e-21 
-2.7931994283e-13 
-2.1217698438e+05 
9.2961335061e-26 
-1.1031468525e-38 
-5.3013851721e+14 
-8.0852000027e-16 
-6.8210756488e-11 
-5.5786242188e+04 
-6.5070413302e-21 
5.8836019572e-32 
1.7485784985e+20 
-5.2946230000e+06 
5.0565658620e-25 
2.4301595000e+06 
-1.3126110942e+26 
8.9115333996e+28 
1.6892638213e+14 
-6.6816271238e-36 
-5.1505156128e-21 
-2.3446310650e+17 
1.3827009962e+28 
-1.0054509941e+21 
-1.2728470940e-34 
5.1365632316e-06 
1.5567835663e+33 
1.1591331725e+35 
9.8474010825e-02 
4.0027274133e+17 
            nan 
2.7557812803e-12 
-6.2070301405e-18 
-1.4575318116e-16 
1.2225941613e-11 
8.8546791812e-04 
-2.5077656000e+08 
-8.6079290771e+02 
1.0005179431e-14 
1.9141795654e+03 
-4.0405577839e-24 
8.4490446512e-27 
6.1082721491e-35 
6.7334615308e-18 
-5.6958523574e+25 
1.3082927580e-05 
3.6764596875e+05 
-1.7666721382e+11 
5.1629838588e-38 
9.0283257981e+33 
-2.2979527403e-15 
2.3705533442e+14 
3.2779125015e-24 
-8.4639698306e-34 
8.4794485353e+22 
2.6388785600e+08 
1.0781692114e-29 
1.6557498438e+05 
-1.7496483154e+03 
2.5878698438e+05 
-1.0560148233e-37 
1.2797337222e+21 
-2.7395944061e-14 
3.3222877500e+06 
9.0743030076e-28 
3.0340692355e-25 
-5.2180020881e+26 
-8.5039991931e+27 
-1.2926257043e+29 
1.0971266966e-27 
7.7301707514e-31 
-5.3886010509e-31 
-7.8169153247e+21 
-1.4055602074e+01 
-3.2122907306e+19 
-9.7083713561e-30 
1.5079364730e+27 
-1.2268075006e+17 
2.4266047142e+15 
4.1201746094e+04 
-1.6401575506e-01 
-5.7205179473e-04 
1.7750706460e-09 
-9.3169492188e+04 
-8.1705123353e-13 
2.4080195246e+27 
5.7274288423e-08 
-1.3564557640e+35 
1.4029100000e+05 
-3.5418440374e+23 
4.5805897074e+28 
-2.9505711766e-36 
-1.9456795545e+24 
-5.9378352364e+14 
-1.7204300000e+05 
1.4145677048e-22 
3.3762944440e-08 
1.3760030353e+35 
-9.2017216957e-07 
-2.7089767062e-14 
-3.8912853221e+24 
1.7753676158e-18 
7.2053628924e+17 
2.0442281411e+12 
3.2951125422e-21 
-7.2014351557e-32 
-3.8271138072e-01 
9.7234424673e-22 
6.2654955764e-19 
1.3702300521e-06 
-8.5249981328e-24 
1.4752845687e-14 
-4.1089735031e-16 
1.3262876131e-08 
-1.2151663395e-04 
4.8484449788e+29 
-2.4851926804e+01 
-1.0949989051e-28 
-1.7024926354e-20 
-1.0530318022e+00 
-7.0995116839e+15 
7.0183881504e+28 
-1.1155173987e-23 
7.8384269714e+01 
1.4787386995e-22 
2.7334307184e+33 
2.6523481953e+15 
4.0186258617e-29 
1.2701483154e+03 
8.9268024148e+18 
4.1938434380e+33 
-2.5242560819e-10 
3.5599361638e+11 
1.0115835494e-06 
-5.4436860967e+31 
-3.0920519116e+26 
-5.0368704541e-32 
3.0392989631e+21 
-4.8338969736e-23 
1.0084550523e-26 
1.8594757992e-35 
-2.2383836032e+33 
-1.1526789194e-06 
-7.4712729656e-06 
-5.9993220710e+11 
-3.2290139040e-28 
2.3709536249e+20 
-2.0900591129e+22 
-8.7195880784e+13 
-2.0249835097e+31 
-3.9091013001e-26 
-1.3693858375e+26 
2.0627484361e-19 
5.9288545870e-30 
1.0373192596e+02 
-6.8302948767e+30 
-2.7728636633e-04 
1.2335762331e-26 
3.2514543409e-15 
-4.5803585003e+30 
5.6034187459e-17 
-5.3492182617e+03 
8.7471510823e-38 
1.2549186523e+04 
-4.7215046959e-27 
2.3038463815e-19 
-2.1896185144e+33 
-1.1148578195e-14 
-8.9262389151e+18 
-2.1215101526e-17 
-5.8963385285e-09 
-1.2007348438e+05 
1.3851564234e+36 
3.6902235000e+06 
-3.7398121928e+17 
-2.2046875799e+38 
1.2476051179e+29 
1.7004624367e-34 
2.3901552581e+23 
-3.6428978443e+00 
1.0698075007e-28 
8.1475715139e-21 
2.1405128652e-36 
-7.5359974659e+30 
3.6504687649e-28 
-5.2200260069e-20 
3.2092651367e+03 
-7.5300534444e-15 
1.9035621094e+04 
2.4358666895e+12 
-1.4082963456e+10 
1.6501621094e+04 
-1.2040191333e+27 
-8.8076492188e+04 
-3.3570044000e+07 
-7.7769845724e-01 
-7.2560029075e-34 
8.4953555298e-34 
1.2994813107e-35 
-2.1957174306e-13 
-6.3593376583e-39 
-2.0922927501e-40 
-3.2420996875e+05 
-6.8950793750e+05 
-1.9376240640e+10 
-3.5343370004e-31 
-2.9794312301e+30 
-1.2042697728e+10 
1.1852565185e+13 
-1.9910076818e-37 
9.0921220726e-29 
7.0773431798e-04 
8.0630730370e-25 
-2.7341915002e+31 
1.2371900800e-33 
-6.2332133914e-15 
3.3000078852e-37 
2.8266067968e+10 
-1.7391605330e+30 
3.4045974492e-21 
1.0921723081e-08 
5.1158425849e+14 
-1.7990002021e+16 
4.5549535487e-22 
7.4575858331e+22 
-4.6014596875e+05 
-8.8579553834e+32 
-4.9368395927e+36 
1.3256415217e+15 
3.3515130053e-04 
-7.1687615957e+33 
-1.0314329749e+32 
-2.0496892782e-25 
6.9648125827e-16 
3.7879274602e-34 
-2.8696153787e-10 
1.9001428380e+17 
3.9355490224e+26 
4.3089023513e+34 
-4.3172973755e-26 
-2.3621981636e-22 
3.0371202124e+37 
            nan 
1.1616893826e+23 
2.1862623047e+04 
-4.2749294080e+09 
-3.6134223113e+27 
-8.6444746794e-35 
1.2565635319e+33 
5.8495763634e-36 
-1.8158222101e+34 
4.2154814894e+20 
1.8678082852e-03 
2.0875794869e+35 
7.4064393750e+05 
-1.7435195332e-04 
1.3047371793e+34 
9.1768407593e-38 
5.6706960313e-03 
7.0060928085e-34 
-7.5940329225e-06 
1.3468885115e+33 
4.0169471297e-22 
-4.8151601817e-08 
-2.6255557515e-13 
-8.1049215640e+33 
-2.9988990000e+07 
6.5538376065e-18 
8.7190005839e+24 
-1.2860712093e-27 
-5.2839165460e+12 
8.6711322021e+02 
1.8739141350e-09 
-3.2806374605e+11 
6.3800393750e+05 
-4.1547134622e-09 
3.6634832329e+28 
5.6741885011e+25 
3.6617418573e-06 
-1.9620059058e-02 
2.5250244854e+13 
3.4232509947e-13 
-1.8246449805e-26 
-3.9303265118e-27 
-4.9359616908e-23 
-1.0769405890e-05 
1.8533514404e+03 
4.8674389361e+12 
2.0853991279e+35 
-1.6530736691e-29 
4.0098246094e+04 
5.1692528776e+27 
-1.2717320043e+20 
1.1934716609e+16 
1.7686356887e+28 
9.2584969988e+28 
-1.9685573435e-17 
4.2898428800e+08 
-1.3665082333e+35 
-9.9435907032e-05 
2.2295919777e-08 
-2.4902992463e-34 
-1.6187740333e-24 
1.7674859840e-11 
2.2266393424e-15 
9.5973148784e+31 
-3.4395058032e+16 
1.1011644308e-14 
-2.5434080505e+02 
-6.3572446422e+21 
-6.3991355000e+06 
8.6922693907e+36 
6.1410958879e-03 
-1.7416508576e-35 
7.6378492188e+04 
-7.0767313465e+25 
-2.2912513207e-21 
1.9258638750e+06 
-8.1101578240e+10 
-2.3215742081e+26 
2.1496939645e-29 
-1.0320676258e-10 
-1.0128639546e-22 
-2.4689267960e+21 
9.8137027499e-32 
-1.4969272199e-33 
-4.1101333181e-07 
7.6884089636e-32 
-2.7502985097e-16 
-1.6065550617e+32 
-6.3126032220e+30 
9.1953958400e+08 
-8.4931041280e+09 
2.3282793749e-10 
-1.6596819705e-06 
-1.7190546036e+01 
1.9616660800e+08 
9.6532573233e-22 
7.5537360621e-16 
-1.0189069364e-30 
-8.9779715425e+31 
9.9534137876e-11 
1.1127481551e-28 
4.6255226630e-32 
8.2421992291e-23 
-7.3617561600e+09 
-1.1808597208e-29 
8.5386903514e+36 
1.5685555339e-01 
-1.5767571057e-31 
5.1115678892e-17 
-1.0123378104e+18 
2.0849763200e+08 
6.6925344063e+35 
-3.2032834133e-04 
-1.1901806314e-37 
6.1553982850e-39 
5.9915665482e-18 
-4.3176850322e-38 
-1.0190914085e-10 
-6.1936589562e+28 
-4.4748589971e-06 
2.0228236941e+24 
-1.4705330117e-36 
1.5018289600e+08 
8.8636790000e+06 
-2.1461322108e+18 
-3.1220275275e-19 
-9.1673055431e-04 
-7.8068098860e-12 
2.1720635382e-34 
2.6712347008e-17 
5.5085904167e+13 
1.2061253825e+27 
3.0605396875e+05 
-5.6434198640e+30 
3.0737925447e+32 
-6.9726175070e-01 
-6.1660295945e+35 
1.3024769284e+22 
-2.4752578560e+11 
-6.6058237280e-05 
1.6806446505e-23 
-6.4152645338e-32 
7.5606156315e-05 
-4.9113250264e-35 
-2.1757322693e+02 
1.6523569600e+08 
-3.1089613546e-37 
-2.5752267200e+08 
-1.6292418785e-36 
3.3608555311e-33 
-1.3615496397e+11 
1.4119436523e+04 
-9.4898904629e+13 
-3.5996821728e+28 
1.7824234861e-36 
-3.3221487865e-35 
-5.9465373406e+31 
-1.1707583000e+07 
7.5266486335e+26 
1.4485799234e+26 
2.0651367769e-11 
8.3911894100e-10 
8.8705415778e-40 
6.2724760266e-23 
2.7856106689e-38 
5.6666074037e-17 
            nan 
9.5307641987e-12 
7.6458945826e-19 
3.3341928542e+29 
-1.5547164268e-29 
1.5842987107e-29 
1.5076622603e+33 
1.1018821061e+18 
2.9603686471e-06 
-4.6777506998e-13 
1.4373045654e+03 
-6.0732818027e-37 
5.4396683811e-30 
6.7711292008e+31 
6.3456955000e+06 
3.6634268326e-05 
-9.5483897600e+08 
-6.7067638630e-17 
3.2673012225e+37 
-4.3727926636e+02 
4.0613863726e-13 
8.8687602788e+33 
2.1318441199e-17 
-1.6057075038e+36 
-4.6371410295e-26 
-2.9644311619e-35 
-9.3881219243e-08 
-1.2049280681e-20 
2.5685920958e-20 
-3.3906070226e-12 
3.0866719900e+13 
6.1031367556e+31 
3.7119166280e-30 
-1.5166022218e-15 
3.4006349819e-11 
1.1417489986e-05 
-1.3644157909e-02 
3.2598987349e-18 
-3.5176165366e-12 
-3.2461344495e-18 
1.2407554605e-14 
-1.8701837957e-01 
-2.3460223060e+38 
-1.2462460596e-27 
-1.5372998849e+25 
6.5731086595e+18 
1.9596115738e+38 
2.5203216978e-36 
-3.5438339720e-27 
6.3984739664e+24 
-2.9558091858e-28 
3.4585405956e-04 
4.5882076452e-15 
1.3151468537e+36 
1.1948201539e-08 
5.4988393750e+05 
-2.4015742000e+07 
3.0014183413e-12 
-2.8897825241e+01 
-2.8492808076e+29 
-2.4192847506e-17 
3.4325891341e+15 
-5.9065243915e+21 
1.0350530518e-13 
-2.0589839663e-33 
1.7115680403e+31 
3.7108376372e-09 
5.0792463756e-28 
3.5877565136e-29 
9.4100232673e-06 
-1.5702952320e-27 
-2.4611843201e+22 
-4.3526263685e-17 
-4.8089258617e+32 
-1.4283669515e-19 
-4.5868519316e-29 
7.1733837945e-14 
7.3035667281e+31 
-1.6401167959e-02 
-1.9418806757e-19 
1.1019646806e-20 
2.8342036831e-23 
-6.0905442238e+00 
8.9970654680e+29 
2.1103777017e+32 
-8.6645265185e-08 
-2.6082259704e+36 
1.3939269767e+19 
-1.0317112279e+13 
-1.6883933487e-11 
-8.5336922311e+23 
-3.0815442772e+26 
-2.0076732703e-13 
-2.2034531200e+08 
-1.5910921830e+12 
-3.3258710617e+16 
1.0616019782e-12 
2.3346715000e+06 
-5.9856105850e-08 
-1.9239161048e+37 
6.9936816144e+26 
4.1989622559e+26 
5.5201712530e-04 
-6.5901164495e+13 
-3.0036348104e-01 
-1.9242463426e-32 
6.7298436055e+12 
-1.8986894125e-35 
-3.6649611191e+20 
-3.6632201382e-15 
4.0068828896e-24 
-1.6582463000e+07 
2.6192150052e+38 
-1.5106736755e+02 
1.9180646346e+24 
-4.9756677979e+18 
-1.5108712892e-10 
-1.2821201389e+29 
4.0833642602e+30 
1.6553166233e-06 
-6.3904564818e-16 
7.3356438210e-20 
-1.3073670927e-33 
-7.8702333133e+11 
5.7093342321e-07 
-4.7052337090e+23 
4.2247820355e+33 
7.1926885008e+33 
-1.1185050698e+35 
5.2557147683e-06 
-1.9837596130e+02 
6.0473184858e+28 
6.9319721213e-36 
3.0349932697e-22 
4.7451551072e-03 
5.4609000776e+17 
3.2358404249e-02 
7.7714742071e+23 
2.0631921231e+16 
-4.8093521783e+27 
3.7276502699e-02 
            nan 
-4.0071643118e-17 
-3.0545910593e-17 
4.6909692000e+07 
-2.1403300000e+05 
-1.0903888307e+38 
1.6800051476e-15 
-4.7591393174e-16 
6.5523181218e-26 
3.1588759386e-12 
-7.4231366228e-35 
4.3070674110e-20 
-9.5187950945e-36 
1.6267164582e+17 
7.2784721851e-03 
1.1641048432e+24 
            nan 
6.3991255830e+35 
-6.9416898352e+27 
8.4947265625e+02 
-3.3820876800e+08 
1.3365200000e+06 
1.1045640504e-18 
-4.3386207922e-35 
-1.2028108335e-24 
7.0544319464e-32 
-1.8187263552e+22 
-2.5426007761e-23 
1.0058736524e+37 
9.0832240640e+09 
8.5491943386e-14 
-1.7966796875e+03 
-1.4169085356e+34 
-2.4689120000e+06 
1.3703607852e-28 
5.5285556434e-34 
-5.1669735811e-34 
-6.7676228355e-07 
9.4818009088e+10 
5.9497651250e-10 
-3.0730994917e+32 
-1.2730372231e-23 
-9.4481196727e+21 
4.3590087797e-21 
7.9558378184e+31 
-3.1515091613e-22 
-1.2115060352e-02 
-5.6865819641e-21 
-9.9658880000e+06 
-5.5225655160e-08 
1.8561499136e+10 
-1.0268567555e+30 
-3.4218787489e-34 
2.9650516808e-04 
-3.0940175056e-02 
-4.1516814779e-33 
-1.0949515046e+27 
-5.1510596278e+20 
1.0318178603e-13 
1.0821163654e-02 
9.2894140625e+02 
2.7346358764e+12 
2.5275426196e-08 
-1.6099733066e+35 
8.4818718960e-26 
8.4119929774e-36 
-1.4037567817e+23 
7.8310307617e+03 
5.6792316000e+07 
4.7140596982e-10 
6.6991145723e-03 
3.5589528809e+03 
9.8710297061e+16 
1.0634559000e+07 
2.2773836553e-01 
3.8862882615e+28 
-7.5731746852e-02 
-1.4020427097e-15 
-2.7807771249e+26 
-6.9909902520e-12 
-2.1445589482e-06 
-9.9289591712e-15 
1.5587161600e+09 
1.1261325684e+03 
-2.1980621094e+04 
-4.1270548785e+14 
3.2782730427e+38 
3.0167206629e-18 
4.3316340290e-20 
-1.2528156955e-27 
1.2178568340e-06 
-1.4387050496e+10 
-5.4493222769e-17 
1.5228617600e+08 
-8.0175500800e+08 
-2.7498121265e+13 
-2.4349876692e+21 
-1.0847272305e+13 
1.2193956479e-24 
-5.3620071788e+20 
-1.8387543616e-37 
3.5512646484e+03 
-8.9186095463e+37 
2.1618254578e+19 
-1.0128231052e-37 
-6.7858155754e-20 
-1.0236802474e-22 
9.5932347877e-31 
-8.3385939200e+08 
5.4936879934e-08 
5.1131128000e+07 
-2.9661062758e+11 
-1.2205494525e+29 
1.5373022720e+09 
-3.6319901592e-30 
1.5859505534e-01 
-9.5298795250e-25 
4.2897964970e-29 
4.4784633600e+08 
9.8696309578e-06 
-2.7971894512e-27 
1.5849970729e+13 
-3.8695562293e-38 
4.8471619225e-16 
-9.5472835321e+22 
2.3753600101e+21 
4.1790342020e-11 
7.0729284668e+02 
-1.7823726436e-12 
-7.7899548759e+25 
2.0688199458e+30 
2.0995618576e-29 
-5.8526817537e-32 
-4.9906873301e-07 
-2.2365279514e-21 
4.7390455861e+27 
6.1252819716e+18 
5.3765932617e+03 
-1.9092512707e-28 
1.9846113920e+00 
-6.3456209318e+28 
-2.8328219774e-21 
-1.2742376801e-22 
2.6644372042e-07 
-1.1764439466e-24 
5.0798615289e-35 
1.5471167161e+23 
2.0183619132e+29 
5.6823158146e-33 
-1.0647782650e+30 
1.6425497395e+13 
-6.5943089567e-07 
6.6638298673e-32 
-7.3177642052e+15 
-7.5299978256e+00 
9.4417277324e-20 
3.2930089891e+25 
2.9000460265e-38 
1.7377837822e+35 
-9.0077462072e-32 
1.0368035279e-20 
1.8232504320e+10 
-2.4537618054e-33 
-2.1026280897e-21 
-4.3328636402e+32 
-1.8605948000e+07 
-4.9501327250e-21 
2.0688821407e-25 
4.7170188374e+36 
6.1272330416e+24 
-6.2277746094e+04 
-2.8332008739e-08 
5.5614141944e+31 
-8.4160119900e-31 
-4.6048146949e+32 
1.7219656687e+16 
5.3459220249e-32 
-3.5835920384e+11 
-5.2394500278e-14 
7.5397099244e-20 
1.8883955814e-15 
8.8216869789e+21 
9.7597045898e+00 
-2.9020756483e-03 
5.8506765926e+11 
1.5948444343e-07 
-1.0544689422e-35 
-1.3146095323e-11 
-7.4257554553e-21 
-4.6797139023e+16 
-3.2406200000e+05 
5.2447412732e-14 
5.4239939390e+15 
2.2725051130e+20 
-6.3299736582e+33 
3.1308273592e+34 
-7.5257247302e-29 
6.8579022461e-09 
-1.5872772963e-07 
-1.4379010197e+37 
2.1171371094e+04 
-2.4554267922e+24 
1.1445945740e+02 
-3.2064836897e-10 
1.7825592512e-26 
-1.5381371874e-15 
2.0869552722e+27 
-4.0387178058e-14 
1.8969830595e-17 
1.6031287409e-11 
2.8477607723e+28 
-3.2406993755e-12 
-1.0971579328e+35 
-6.0881676817e+15 
2.2773155203e+19 
-2.7153259599e+23 
-3.8008592536e-38 
-1.6634149888e+10 
3.4757999238e-03 
5.1094334996e+12 
-1.1928754926e+15 
-7.5488706417e-23 
1.7081620129e+14 
-5.1378195809e+17 
2.3662068584e-29 
1.4317921401e+35 
-3.6626093090e-02 
-2.8140204851e+11 
3.1469298488e+32 
-6.3678023235e-26 
-1.4128397123e-26 
-2.7866077500e+06 
-1.0451639680e+09 
1.4582420654e+03 
6.1699670453e+32 
-8.3649734400e+08 
8.6603902114e+33 
-2.3108051913e+36 
-9.3466176987e+00 
4.9131201128e+25 
4.4840929717e+19 
1.8834884381e+32 
-3.5471830698e-17 
-5.6213746094e+04 
7.9177478083e+24 
-4.1515994303e-15 
1.1288917854e-33 
-6.5810408054e-28 
-5.7637447357e+01 
-6.5140287783e-36 
4.8285113735e-05 
-1.8508081600e+08 
-3.8638529411e-24 
-1.6083734111e-22 
1.8771506524e+22 
1.5895790560e-37 
4.6350196875e+05 
8.7895335275e+35 
-2.3426441751e+29 
-3.3367696242e-29 
1.9084735541e-03 
-3.4105866575e-07 
-1.9609268355e-22 
-9.1528442811e-12 
8.1507849697e-17 
-1.8358911613e-10 
7.5926936915e-06 
1.1034129333e+02 
7.4873952866e+00 
8.2647636488e+17 
2.8075256321e+17 
-2.3996162581e-32 
-2.4076660434e-32 
8.7544909666e+24 
-1.6743382471e-38 
-1.2882683644e+23 
-9.6899098919e+31 
6.5565757619e-23 
2.0874083242e+27 
2.8813470459e+02 
2.0397802558e-08 
-4.8485810112e-05 
-5.3718231938e+31 
1.8463090832e+34 
6.4788661536e+34 
-2.9795798745e+16 
1.7128923185e-18 
2.7359504076e+19 
7.2126768006e+35 
            nan 
1.2712120646e+37 
-3.1572909279e+29 
6.6945788463e-20 
-4.1764024484e+12 
-1.3860556558e+14 
-2.2920385403e+29 
4.9421554759e-37 
1.0548274400e+08 
-5.6467180931e-10 
1.1970854914e+22 
4.5107396875e+05 
9.4664306051e+20 
1.5698311523e+04 
1.7137189611e+31 
-1.1745141092e-04 
-1.4249163776e+10 
-8.8163071288e-10 
-1.7228083473e+34 
8.8439556009e+15 
9.5998793750e+05 
2.2712197231e+16 
-6.3319831101e-32 
1.2000324286e-29 
-8.6071077021e-06 
5.2422926813e+36 
-5.9331557617e+03 
1.8392789543e+21 
-1.7005966031e-26 
-4.1447801909e+24 
3.7953253611e+37 
-5.6794349965e+22 
5.6910035795e-08 
-3.7614515804e-06 
-1.7886709818e-25 
9.7928310000e+06 
-1.7282335403e+36 
-2.7280702461e+24 
2.5314119214e+23 
-6.2826246094e+04 
4.4716958461e+21 
-1.1235857317e-14 
-3.3127246094e+04 
3.1540220800e+08 
4.5235155979e+34 
-9.5942600294e+11 
-4.1737713647e-15 
2.7629736061e+31 
-1.5645126010e-38 
4.5007675000e+06 
5.2824246094e+04 
-3.1658623047e+04 
6.0984630703e-14 
-6.6626186444e+35 
7.3440381835e+34 
4.7821172037e-15 
4.0978595517e-10 
1.2526796758e-01 
-6.5951195214e-36 
2.5581056286e+27 
2.7384997381e-08 
2.8896896073e+25 
3.9402216316e-06 
-2.2679083809e+29 
-2.2969117407e+36 
-8.2728974870e-19 
4.4262720451e-16 
-2.6966541926e+11 
-5.7334483897e+26 
-7.8647639157e-07 
-2.6496962803e-34 
1.4998448670e+20 
-1.3060811523e+04 
-2.6904974948e-04 
3.3237999027e+37 
2.0082264404e+03 
2.5185433969e-06 
-6.2593012474e-34 
3.6915521878e+31 
-5.3526853604e+34 
7.0022797214e-28 
-5.2993110566e-35 
7.0284632466e-35 
2.2801725561e-26 
5.0958249176e-07 
9.0928329667e-21 
2.0383545756e-01 
1.7903973452e-37 
-6.3829947291e+36 
-3.2633428048e-19 
4.6406739950e-01 
1.4149478811e-10 
-3.5827571753e+12 
9.1392841910e+37 
4.0092660731e-21 
-2.2816081808e-15 
4.8231231164e-33 
-8.9962159944e-10 
1.1189113636e-08 
5.0348470461e-22 
-5.9747427942e+11 
-1.1442563690e-28 
2.7860227462e+23 
-7.7711060563e+15 
-4.1838164044e-09 
-6.7734576311e+16 
-1.7226770357e-11 
-3.8915565568e-16 
-1.0319638252e+01 
1.1036791208e-24 
9.5063797198e-04 
-3.2906826523e+17 
-5.1095867157e+00 
7.0281597656e+29 
-1.6607240638e-17 
3.4786565811e-04 
2.9186669559e-32 
-1.4030133855e-07 
-5.9736655094e-03 
-2.1742123931e+26 
-7.4335590481e-39 
-2.5945455985e+12 
1.1161147673e-26 
2.3290912384e-13 
1.5885190964e+01 
1.9755128089e-10 
-1.9682455665e-09 
-1.6078693733e-17 
2.9704924673e-02 
-5.7369812145e-22 
5.7881118547e-28 
-7.3732654323e+26 
9.1889266927e-26 
-5.0610158836e+28 
1.0871825042e-17 
2.1256930542e+02 
1.8462070148e-04 
-1.0844550164e-37 
1.2117889144e-30 
-6.8045098273e-28 
-1.5892731934e+03 
-1.0111875072e+10 
-1.8376761000e-04 
-5.9534263417e+22 
-3.2438040287e+24 
2.4008011816e+33 
-4.3828150000e+06 
1.0289860972e-25 
1.1589631639e-14 
-3.3159701743e+32 
-8.7752398163e-34 
-2.2866326744e-16 
-1.3301694870e+01 
-2.2534213867e+03 
-7.6327819065e-11 
-5.6176668466e-25 
-1.7606246322e-11 
-2.5035997224e+33 
7.6354284668e+02 
-3.7088025238e-06 
-1.4240992178e+15 
1.3778073734e-12 
-2.6869371094e+04 
-7.1737270000e+06 
-9.1027491174e-20 
-4.0788079834e+02 
1.3481692349e-06 
-1.6648463071e-14 
4.7453503678e+33 
4.3385422032e-05 
-1.4222044922e-36 
-3.9477559832e-33 
-1.6999525088e-16 
-1.2995655568e+26 
-1.6601847112e-01 
2.2820462548e-26 
-9.7843136842e-16 
-4.9261140286e+16 
-2.8248122776e+19 
3.3122341309e+03 
4.1577396875e+05 
-4.1526457701e-14 
-1.6519105410e-20 
4.4893201334e-07 
-4.1159738812e-11 
5.5186088588e-08 
2.1332282598e+19 
7.9136246167e-11 
1.0061765358e+14 
2.3464830000e+07 
-1.5217008001e-32 
-6.0086833400e-05 
9.5402402626e+23 
2.1722257137e+00 
-4.4158504114e+23 
6.9031042109e-31 
-1.4341891141e-36 
-7.4381591057e+22 
9.9362941306e-26 
-3.6321716309e+03 
-8.8224087758e-11 
-1.1556105112e-31 
2.4189576256e+14 
1.1534270000e+07 
-8.7715766723e-28 
3.2507134884e-31 
4.0560945809e+31 
1.9101730539e-30 
4.3899917294e+16 
-4.0051347115e+19 
1.5378344311e-18 
-1.0917264976e-24 
2.8029145225e+35 
8.6876182544e+15 
7.5235901389e+22 
1.1543623657e-07 
-6.2802406533e+19 
-2.5659848848e+22 
3.7532944473e+31 
-7.9536641698e+32 
-5.6960271481e-31 
-1.3343586304e+10 
-2.6759596160e-15 
-3.7689359645e-17 
4.1846536242e-31 
2.2529398125e-20 
3.8698544808e-18 
9.8010165022e+35 
9.0032386610e+36 
-1.1523944762e-29 
-1.7338823000e-06 
-4.8074830612e-17 
4.6831464914e+26 
-1.7117051932e+14 
-2.0887733210e-10 
-2.0830928802e+01 
3.6698855323e-19 
9.3401115844e+18 
-7.8560176953e-27 
7.3227865600e+08 
-1.5860487294e-13 
3.4151204028e+27 
2.7580899000e+12 
2.2164213867e+03 
1.3933309028e-33 
2.2513845714e-13 
9.6634220000e+06 
3.3641875200e+08 
-7.5747554826e+32 
5.0979579568e-32 
3.2372438390e-37 
5.2446728394e-34 
-1.3693293610e-08 
2.5455222022e-31 
-1.5137991340e-06 
-5.2588217106e+14 
1.6548695566e-27 
7.2089270787e+26 
-2.3199762218e-03 
5.8489592902e-07 
5.1059098021e+25 
-3.8298357278e-02 
-1.1911194451e-04 
-3.4624451765e-31 
-4.6439787895e-24 
6.1719759057e+36 
4.2155174822e-38 
1.0287163343e-09 
1.5521461291e-19 
-4.6025800476e-22 
            nan 
8.4423854634e-25 
3.1145998491e-07 
-8.6031053828e+36 
-2.1590386356e+19 
-1.2146050528e-27 
-3.1921227736e+17 
-6.4400287674e-14 
-4.4673877515e+14 
4.4501850779e-27 
-5.0386923300e+33 
-2.8001176489e-08 
-4.9330720117e-19 
-2.7939993323e-14 
-4.0945498657e+02 
-1.3720330782e-02 
6.5263793804e-03 
-8.9874073600e+09 
1.4846495312e+05 
1.3636938017e-36 
5.1528834533e-09 
2.9712478138e-12 
-3.0133348815e+16 
1.3233322958e+25 
8.8946882170e-04 
-6.3228152000e+07 
4.4507197796e-23 
-6.4436203665e+26 
4.1805024011e-06 
1.0218516400e-04 
            nan 
1.2170540085e+26 
-1.3642020846e-08 
7.9569673206e-23 
2.1134825012e+30 
-3.8274166650e+35 
1.2227815982e-10 
-7.2704321837e-30 
-1.7282000822e+15 
6.2981994259e-30 
8.9038571980e-14 
-5.6517031730e+14 
-1.8425826509e+12 
5.1882021129e-02 
9.4417098444e-04 
-5.0108020609e-37 
7.6929402457e-22 
4.8629478414e-25 
1.2605507436e-05 
9.5325575069e+15 
-1.0527402878e+01 
1.4962705612e+01 
-3.3256591996e-04 
4.3007594286e-06 
3.8971309513e-10 
-1.7314197839e+20 
-4.0261149357e+28 
7.3615071597e-04 
8.1576840929e+29 
-1.7484072747e-25 
-3.6975240707e+00 
1.0929852000e+07 
5.1326388498e+20 
-4.4262221320e-20 
1.8259033677e-24 
2.3836503489e+22 
-3.7163697435e+37 
-1.3689997956e-16 
7.7038951833e-34 
8.3713408757e-34 
-2.7682957349e-24 
1.4169942129e-11 
-8.9208596945e-01 
-1.7484089234e+16 
3.5815859000e+19 
-1.1063792134e+15 
5.2631746094e+04 
-4.3585221543e-10 
1.9037357343e+12 
2.9924801636e+02 
-1.5308534578e-26 
-1.3902600425e-11 
2.8503050096e+16 
1.0565496638e-27 
1.3449374139e-21 
-6.2646290409e+29 
1.9505741525e-15 
9.1617645264e+01 
7.1890302734e+03 
2.7308051358e-04 
9.4822365238e-11 
4.4389364531e+11 
5.3280607241e-25 
6.1401065794e-34 
-1.0140596330e+37 
-1.4780603284e-27 
4.3893523980e-06 
-9.3677568000e+08 
1.2069174211e+17 
-2.3656518598e-25 
1.1791956300e-11 
-8.0025548646e+15 
3.2709531250e+03 
2.9722890815e-10 
4.0615320206e-02 
2.5972985895e-06 
5.4305506827e-31 
-1.8066496933e+33 
2.0221042633e-01 
6.6155380027e-22 
4.5197938627e-18 
2.0116238750e+06 
7.4373488309e+27 
-8.0978465187e-23 
-1.7101373624e+14 
-1.9066499430e+38 
-9.7485993750e+05 
2.0697096659e-07 
-7.9250768943e-16 
-1.7944141133e+27 
1.1073470501e-29 
-7.2457554119e+31 
4.7951790099e+25 
-4.0658361906e-25 
9.5569986105e-01 
-6.4860384437e+20 
-5.4595204153e+13 
-7.8955192294e-05 
3.1551167369e-01 
-7.1633512881e-22 
-6.4529180864e-31 
-1.4156292871e-27 
-5.9316138381e+33 
-1.3466756380e+23 
8.5815097456e-30 
2.8445682804e+23 
-1.6074581670e-37 
3.5465463867e+03 
-1.4694641898e-17 
-1.0648444928e+11 
1.7796476550e-17 
-2.2092952841e-35 
-2.4528240495e+37 
1.9994137395e+11 
-1.3545382924e+23 
1.3807455493e+22 
4.4797839355e+02 
6.6280563184e-27 
5.9365231736e-29 
-1.0698599956e+14 
5.2414167672e-02 
-1.5869984113e+12 
4.1578327458e-15 
-3.2847862526e-38 
-1.4465594792e-13 
1.1316220707e-06 
1.6359432959e+20 
5.4658647040e+09 
-5.9966111183e+00 
-8.1275773630e-19 
-1.5523009958e+17 
3.3427521834e-33 
-1.9234095312e+05 
-6.0318086400e+08 
2.4855630077e+29 
-3.7789674168e-10 
-7.0849900246e+00 
3.2640689197e-12 
5.5960025113e+27 
1.0461816073e-20 
-1.7870613029e-32 
1.1189729467e+14 
2.0921341275e-05 
6.5211402893e+01 
6.2100066304e+10 
2.8837056532e-37 
-2.6593541654e-20 
-2.0825676474e-17 
-4.7198620605e+02 
-2.0645011456e+10 
4.0163715131e+27 
3.9194299006e-07 
1.4500032512e+10 
-3.6751858860e-36 
1.0303743075e-25 
2.8451995517e-16 
3.0208853803e+14 
1.6011450703e+32 
2.2506217647e-05 
-3.4395104980e+02 
1.6366833821e-02 
1.1150799901e-11 
1.0924052379e-30 
-2.1073290871e+35 
-6.7822353289e-10 
8.7821800000e+07 
-1.1578732927e+18 
-3.2439075876e-03 
6.6307579588e-18 
3.3625475083e-33 
4.0716357614e-16 
3.6704301292e+27 
-8.7570781250e+05 
-4.1111980983e-38 
4.2968494415e+01 
5.6922744453e+29 
-4.7211116973e-20 
-7.9157045754e-26 
6.3441656000e+07 
2.0236397500e+06 
3.9865029939e-38 
-9.7424959378e+16 
2.2962235804e-23 
8.3949420000e+06 
-1.1464561245e-10 
1.4775301199e-27 
-3.2039609854e-10 
2.9302408243e+32 
-1.6680922165e-18 
3.1080585316e+32 
2.2138790955e-17 
5.0726759744e-16 
-1.1214185547e+04 
-1.0204151322e-17 
3.3344702391e-23 
-6.3411678052e+35 
-6.6283892411e-23 
-5.9350240147e+31 
4.1387799551e+23 
-1.8990289385e+35 
3.8989488838e-35 
-3.3260799145e-21 
-2.1320701645e+37 
5.4917652186e-14 
3.0263508670e-03 
2.7781428095e-23 
-1.0729986315e-18 
-2.1123102740e-27 
8.8501640673e+34 
-8.1739356136e+24 
-2.6518740327e+36 
1.8411766136e-30 
-9.3847438928e+21 
-3.5134976146e-22 
-1.9909413948e-28 
-9.2658540000e+06 
1.6381741367e+13 
4.6887107527e-24 
7.9038226951e-29 
5.4110873768e-12 
8.0301137372e+31 
3.3327720803e-20 
7.7554129297e+22 
4.7108617701e-36 
-2.1648763465e-23 
1.9146084436e+36 
-1.7179302876e+25 
8.7191693941e-38 
-2.5391264296e-18 
-2.3894696875e+05 
-4.6385661601e+36 
1.3942756604e-34 
3.5917620945e-25 
-7.0510550083e-34 
4.7090250602e-36 
6.7465259424e+20 
-5.2685728192e-37 
9.8672993856e+29 
-6.0897519046e+37 
8.9509003914e-15 
3.8330421616e+34 
-8.4386087451e-08 
-9.3882787500e+05 
7.3278892543e-33 
-4.0572631900e+17 
-2.7148887751e+32 
-2.3796435310e+36 
8.1470704531e-25 
8.2001855469e+03 
6.0764012819e-17 
1.0832556599e-25 
3.0418422115e+17 
-3.2892645376e+10 
-2.8173657180e-33 
1.9552229697e-32 
2.5615771726e-09 
5.1723109356e+33 
-1.1379715063e-15 
5.6014554106e-10 
1.5557918307e-20 
1.6235495650e-06 
6.6306781250e+05 
-8.5876489575e+23 
9.3533888470e+20 
-5.5184592061e-25 
-4.4834736985e-25 
-1.5327801600e+09 
4.5101225817e-29 
-3.2088000010e+19 
-3.7902910751e+12 
-1.8939163727e-14 
5.8696078928e+20 
8.3567463845e-27 
-2.5009598868e+22 
4.2832176009e+23 
8.4098045570e-32 
-6.9522586263e-29 
-6.7009180581e+33 
-5.7482487529e+13 
-4.7238351067e+22 
1.5870271170e-34 
1.0634372641e+29 
-3.0659197478e+29 
1.6125675018e-08 
2.9533953889e-26 
-5.1480667602e-13 
5.5871666186e+17 
-1.4996401473e-12 
-5.6445446190e-13 
1.8968493750e+05 
1.4535556547e-03 
8.9532927078e-26 
-3.3527587627e-34 
-5.7360666140e-36 
-3.5616611155e+16 
3.5095908278e+26 
-6.6974525737e+36 
8.7455799547e-11 
2.3463938176e+14 
-4.6188536286e-01 
-4.3019243377e+15 
-6.0707060000e+07 
-3.2922021031e+35 
6.0220945626e-02 
-1.8492580464e-37 
-3.6344216668e+18 
4.0787861208e-37 
-1.2465212075e+33 
6.8709308227e+24 
-1.7436370944e+10 
-3.6270180925e+13 
3.2372346000e+07 
4.2068943499e-17 
-3.1846146339e+15 
5.5962018708e-36 
-4.2172193830e+36 
6.1358328000e+07 
2.1845156987e-27 
2.6166941723e-37 
5.2683491495e-36 
8.7254359138e+33 
3.6111784339e-15 
-6.2647721635e-33 
-5.7588708378e+22 
-2.0794214332e-13 
-4.9033248391e-17 
1.6103267345e+28 
-2.5461401367e+03 
-9.4036903203e-32 
-6.9565242917e+24 
-8.4495869676e+22 
1.1148664040e+30 
1.1175380475e-17 
7.8917209600e+08 
-3.5387948170e+15 
-1.0060905052e+21 
-5.7557298507e-23 
-2.3646114349e+01 
-5.3091708105e-04 
1.7301373794e-25 
7.1859130490e-29 
1.6754669957e-33 
-3.1528790735e+38 
-6.9802540374e+21 
-4.4298789301e-34 
1.0660904509e-23 
-3.9999422370e-06 
9.0630984259e+19 
1.7364136178e+33 
-2.1851406832e-34 
2.0316336703e-16 
4.1296370598e+13 
-8.6540684104e-02 
-4.2208583680e+10 
-1.0575894282e+12 
-2.2270191409e+16 
1.8098536844e-26 
-6.7866143261e-11 
1.1036971797e+27 
-1.5999041411e+29 
2.2656238040e-25 
5.4127145495e-36 
-1.3345262762e-31 
-1.5259739355e+28 
3.8765642439e+24 
3.1450529288e-35 
4.2847837908e-13 
-3.0538930586e+11 
1.1953561641e+25 
            nan 
-2.2126937167e+33 
1.4384841600e+08 
2.2349817006e+35 
6.0815696923e-10 
-2.0092756904e+38 
-1.4899136400e-21 
-1.2080488432e-06 
-1.8913375854e+02 
1.1227154022e+11 
2.6036332825e-18 
-1.1391069060e-18 
1.9888616960e+09 
1.3981531561e-25 
7.1790132432e-13 
5.6764884949e+01 
-2.3974611465e+14 
-5.3001242188e+04 
1.7199203200e+08 
2.2248571059e+18 
1.2814821275e-05 
1.1433384273e-33 
-2.2871280244e-29 
-4.5778682076e+28 
2.5370281888e-35 
1.5583719509e-30 
1.7991359809e-32 
5.6578212845e-14 
1.8274064816e+35 
9.8551655581e-34 
-4.1205557981e-31 
-8.8289536793e-10 
6.2566593174e+18 
-3.8762525999e+31 
5.4921323061e-01 
-1.0898885317e-02 
-3.1458355529e+21 
4.4068563730e-02 
-3.1478601424e-32 
-2.5688774529e-32 
1.5335653213e-23 
-3.0014029040e-09 
2.7476562658e+22 
7.8262357706e-10 
-1.1235932648e+38 
1.6184325830e+16 
3.5638775481e-34 
2.2508398359e+27 
6.2562892775e+13 
1.7798243021e+24 
8.0245705651e+36 
7.3559670136e-23 
-2.9679056297e-06 
1.6620700720e-14 
-4.4428836273e+37 
1.3307041339e+16 
-2.2108103420e-30 
-7.2704060184e+25 
-1.3677120409e-16 
-4.3378884477e+13 
1.4400418848e-02 
4.9700635837e-32 
5.5668113674e-08 
-2.9470692553e-08 
2.0778054371e-02 
3.1010869141e+04 
2.5558885709e-33 
-4.0309512115e-29 
3.3333145548e-03 
-4.0970935341e+34 
4.0161306899e-35 
-3.8969836426e+03 
3.7779162314e+29 
1.1401158459e+15 
5.2989503654e-14 
5.3420962810e-19 
7.5927490760e-38 
-2.4757083515e+35 
8.8372535706e+01 
2.0641727537e-38 
-1.8455931387e-24 
1.5897313598e+32 
1.2882480385e+17 
-1.0103559100e-09 
-1.6678399697e-04 
-1.9640744935e+13 
-2.9615594864e+01 
-4.4844230163e+37 
-3.0086585629e-35 
2.3132163316e-35 
-4.0110694209e+15 
4.4980714709e-24 
1.6417196890e+38 
2.4418677203e-03 
-1.7028585659e-19 
-5.2511466980e+01 
-1.0148184813e+21 
-2.4518825233e+29 
2.3014918302e-24 
9.7480255295e-32 
-1.8021696518e+18 
-1.1755054844e+27 
5.9268120367e-07 
-5.7758911037e+12 
-9.1562880165e-24 
1.4272150774e+24 
-2.3622805345e+24 
-4.8529144000e+07 
-5.5508257712e-11 
5.5387095121e-26 
-6.1043227811e-26 
-3.2717528783e-24 
-9.4121426944e+11 
-7.2270983386e-27 
-9.2573715210e+01 
-1.1178670451e-02 
-1.5625932425e-38 
-1.5092571194e-27 
9.7879233607e-09 
5.4898322734e-31 
-6.3357308289e-10 
-1.4825358180e+23 
-4.8377486658e-24 
-1.2696958542e+01 
-2.2350549191e-17 
7.3024710722e+17 
-1.7539769318e-34 
3.2994312954e+32 
-9.5129997574e+37 
-4.7357648349e-29 
3.2625115000e+06 
-1.7616554882e-09 
3.5292144410e-36 
-3.9338402382e+13 
1.3614665689e+36 
-4.8688188235e-36 
2.4755035000e+06 
2.6302150562e-12 
-1.8741702454e-16 
-1.4852681957e+16 
5.1515373230e+01 
-6.9228531200e+08 
-3.4777822396e+13 
7.9951223051e-14 
7.1026592103e-34 
2.5838847894e-29 
4.0501682285e+35 
1.8467830170e+11 
-2.4434259558e-06 
-5.9889187430e-18 
-2.4759594068e-28 
-5.8827191651e-07 
-1.8528467944e-14 
-2.2211899281e-38 
-2.3239548656e+23 
-1.4684976128e+10 
2.0259443184e-25 
-1.1687801138e-20 
1.3539406848e+10 
-6.3312946176e+32 
-1.4885036250e+06 
1.2854868255e+16 
1.9292709815e-29 
3.9224052000e+07 
-5.0582206160e-23 
2.1244378350e+13 
-8.1425101094e+30 
-6.5705905000e+06 
            nan 
2.4704740349e-30 
1.1226230774e+34 
-1.0451323511e+24 
2.5666112080e-02 
-2.9017630720e+10 
-3.3060738281e+04 
1.4850078821e+00 
-1.0708015364e-18 
-9.3216958404e-15 
4.0738896477e-38 
-3.4684244365e-10 
5.1945764563e-17 
1.0169296648e-24 
6.0501141221e+23 
-7.5349464000e+07 
-3.3246503682e+28 
5.3981337354e+12 
7.0912739769e+33 
-9.1984835379e+11 
-5.9593499866e-35 
-1.7359198922e-35 
-2.9016655390e-06 
-1.2742045907e+15 
2.0115409008e-28 
9.5334427805e-28 
3.6264388473e-04 
-7.7421933413e-01 
7.1971296978e-11 
2.8623179385e+38 
1.0449591770e-07 
-8.4154703181e-23 
-5.9668109752e-03 
-7.2689956946e+12 
-1.0475047656e+05 
4.2288277573e-19 
4.6621955833e+34 
-1.2730024146e-08 
-2.1413878583e-37 
1.2196086027e-04 
-2.9654220233e-18 
2.3753066684e+30 
-4.5173077402e+21 
1.4857165933e-25 
-6.0069034668e-27 
8.4487563453e-38 
-6.8107786078e-09 
6.6086826548e-30 
-1.6390096875e+05 
-4.5651459121e+33 
7.2033786182e-17 
-2.4850754560e+09 
-4.8604244366e+15 
7.5662295040e+11 
-2.1780778907e-32 
2.1409602371e-20 
-1.7260697784e+15 
1.6692825859e-21 
8.8597528576e+11 
-2.6069032349e-11 
8.0666488647e+01 
2.3689022145e+13 
-1.3926079825e+26 
7.6591167319e+25 
2.4620748550e-36 
-3.4541894152e-33 
-9.9577936289e+15 
-5.5116347237e-35 
3.6834099833e-38 
1.1343868553e-11 
3.1069152085e+23 
-1.7780467133e+23 
-9.0596064482e-38 
2.4641360162e-24 
3.0692470784e+10 
5.1768484991e-04 
-9.4291090779e+22 
5.2447656099e-27 
-8.5475852955e+22 
-3.3652536571e-02 
-1.1079302567e-05 
-2.4410971193e+26 
-8.6455465157e+17 
2.6146683894e+31 
-1.5689726720e+09 
-1.9657510436e+28 
9.8646510919e-29 
-1.5210276112e+22 
8.2535772725e+19 
3.1503717237e+13 
2.3073290288e-01 
6.2639718394e+19 
-2.0153527628e+24 
-2.2162363789e-21 
-4.2415525069e+11 
1.0377008389e-36 
-1.1351032283e-13 
-2.8598263313e-08 
-5.3930853943e+32 
2.2847755275e-38 
2.8315317556e+22 
-8.9639084032e+10 
-1.2454800000e+06 
-3.4436786215e-18 
1.3256415629e+29 
-8.5312471040e+09 
-3.8588219570e+15 
-1.8896471991e+37 
-1.3527555909e+38 
1.7640489763e-13 
-8.4801957123e-13 
-5.6860880150e-38 
1.0919484588e+13 
-1.1099638912e+38 
-2.0409589760e+11 
-1.0931404030e-13 
-3.4272467474e+22 
-1.9283421011e+23 
1.3470801250e+06 
1.1487422160e-18 
4.0008346626e-28 
7.9619578517e+26 
1.1886234400e+08 
-5.4018757195e+23 
4.3875135333e+17 
1.3049908000e+08 
6.3687617347e-18 
1.1934178703e+30 
-1.2432488587e+18 
8.6831847727e+36 
5.3261119419e-24 
1.3404006958e+02 
1.2208989938e-04 
-5.6469308726e+27 
2.5820547834e-20 
-2.6501224000e+08 
-1.0965216535e-36 
-5.4316097750e+17 
-8.6853585665e-25 
-1.9154432000e+08 
1.0909438477e+04 
-1.5708964964e-37 
2.1215129398e-14 
2.7709273854e-04 
-4.0068344579e+28 
2.6185862412e+17 
1.0686453705e-26 
-1.3842530374e-32 
6.6941300146e+16 
1.7906656713e-10 
2.1851673917e-16 
2.3920105401e+37 
5.6745019794e-10 
-3.2796737790e-34 
-4.2388521893e-30 
-3.0781060791e+02 
-1.0897551562e+05 
-9.4248464000e+07 
-3.0820993146e-16 
-1.5913057255e+13 
5.2895299252e-10 
1.1640547452e+38 
3.4705983583e-30 
-8.1662131962e-29 
2.3821429928e+28 
4.8957074998e+36 
-2.3676543904e-30 
8.5734106017e+26 
-4.7594674969e+25 
1.9429363459e+17 
5.6649753824e-03 
-7.2960133934e-08 
-3.2908703627e-34 
-2.2835833203e-28 
-3.6682904729e+25 
-4.1485849766e+36 
-4.5546295166e+02 
-2.3823223394e-09 
-2.8928268823e+29 
-7.6081585503e+29 
2.4690836966e+37 
3.0460646400e+09 
1.0325050080e+30 
4.1588750364e-38 
-7.5306644275e+11 
1.9588624001e+31 
-3.0231148800e+08 
7.3981676535e-32 
5.1603156280e-17 
-1.7912731200e+08 
-3.2574196222e-37 
-5.4992332393e+24 
1.3379587401e-23 
-1.0546061547e-24 
-4.4794615933e-11 
1.9359037384e-36 
-3.3195827200e+08 
-1.1106778114e+28 
-4.2466960088e+21 
-7.0807027741e+37 
5.7253122447e+34 
4.2071449600e+08 
-1.5955769145e+16 
-5.9106014305e-08 
1.2652816772e+00 
-2.5763596191e+03 
1.6259235428e+16 
1.2343459275e-05 
1.4762374686e+17 
2.9166904559e-16 
1.0744536319e-32 
6.8060457859e-16 
5.1072408997e-20 
-2.0495601250e+06 
9.6736896133e+30 
3.1530094894e+38 
-8.6760812293e-13 
-2.3314669132e+00 
1.0904463291e+30 
2.5303575683e-33 
7.8255543485e-03 
-1.1744658591e-29 
5.2865942383e+03 
4.3151374994e+32 
1.2525903933e-35 
-1.2428182528e+10 
4.3240451200e+08 
-3.6373775565e+21 
-2.7812296321e-19 
1.2381952800e+08 
4.3750420120e+13 
-2.4553760282e+35 
6.4994254912e-25 
6.0574577353e+31 
-9.3209004959e-09 
-2.5383355622e-17 
2.3489171224e-34 
3.2854482672e+21 
2.8593819076e+37 
1.0483605226e-31 
-9.4405839452e-33 
-3.3387771055e-06 
1.3491810299e-02 
1.1088734936e-05 
-3.9459186428e+31 
6.2324254577e-29 
6.9120867366e+34 
-7.4374303222e-04 
1.9265887686e+38 
-4.9922407964e+32 
3.0489405472e+35 
-1.6087168245e-36 
4.0883458423e-33 
2.2103552000e+08 
-7.1069958066e-27 
1.0525574908e-04 
2.1652597352e-17 
4.6765967869e+17 
8.3434864640e+09 
-2.8177140621e-09 
-9.9499715417e+19 
-2.1673425489e+23 
-9.8252010233e-17 
-4.0989904953e+26 
2.2325842139e-28 
1.2920133713e-13 
-2.5454763080e-15 
-1.3627144917e+33 
1.6119898119e+32 
-3.0456835938e+02 
6.4771795845e-34 
-2.6851630537e-06 
2.1268980625e+23 
1.0408640236e-29 
6.7334138265e-11 
1.0175412056e-22 
1.4072153685e+17 
-2.0106790960e-01 
2.4046887038e+30 
2.5505529153e-14 
2.3349107907e+38 
-1.6923118750e+06 
3.3201417542e-25 
1.9680986588e-04 
-4.5537150238e+17 
-2.5546587454e-38 
3.8350269529e-26 
-1.4853720049e+23 
-3.4192040401e-34 
-9.0412503481e-01 
-4.0532689646e-35 
1.0465307804e+19 
-3.4491914511e-01 
4.1567593811e-09 
-2.3637829167e-17 
-1.7642118263e-30 
1.3902811523e+04 
-1.8462698548e-35 
1.9182299078e-01 
3.2234945136e+38 
-4.8324982435e-36 
2.3756123047e+04 
3.6527816097e-23 
7.5643593750e+05 
2.0760252911e+33 
-4.7411534190e-01 
1.6840699672e-26 
9.6052092087e-26 
1.2060303478e+29 
-4.9828103354e+19 
1.9822523504e+23 
-5.0124494007e-18 
-4.5045796875e+05 
-8.7606825905e+19 
-9.1901954478e+30 
-3.5900086480e-31 
1.2250987255e+19 
-1.3019935660e+16 
-1.6002213478e+11 
-1.1394842045e+23 
-1.8266010284e-01 
3.9304097754e-09 
-6.3799174206e+30 
-2.9297800000e+05 
8.8501911552e+11 
-3.9041612011e-16 
1.5401790500e+28 
-2.0678170553e-28 
-3.6411153191e+29 
4.5407719165e+18 
-1.2193856000e+07 
4.4262400000e+08 
-6.6088753093e-19 
-7.1527832031e+01 
-2.1583051421e-05 
4.6915204021e+32 
-9.6369299268e+31 
5.4010009766e+01 
1.3470789114e+14 
2.4402832031e+02 
3.4092201741e-25 
-1.4552402496e-01 
8.5781413182e+20 
1.0184711779e-23 
-1.4159261249e-02 
-5.8581918478e-01 
6.5915710390e-11 
1.4533930054e+35 
-1.6934777198e-21 
3.6718268502e-37 
-7.5183510913e-35 
-3.5485212546e-09 
1.5834799560e+32 
4.7817033234e-20 
-4.2102735255e-27 
-6.8735035000e+06 
-2.1542017709e+27 
-3.0799693440e+19 
2.8192684565e-28 
9.3753982355e-07 
-1.4974609448e-16 
1.8964926839e+21 
1.7993984625e+37 
5.3892230214e+32 
1.4170418710e+25 
5.0686313103e+12 
1.6982698261e+30 
-2.5838168660e+18 
-1.2273497581e+01 
6.0909210237e+19 
3.2399743846e-35 
-3.4594974686e+34 
1.2895190016e+10 
-3.2040968255e-21 
-1.2158947047e-14 
-3.9659437033e-37 
2.6423507141e-37 
-4.2742593750e+05 
-6.3793555815e+34 
1.5751579011e-37 
1.0576739840e-07 
-1.9198070765e+00 
5.7341680895e+24 
-3.5896702320e-04 
-9.2521103347e+24 
-1.5018697600e+08 
1.1688409373e-02 
3.2110938122e-20 
1.1723085919e-29 
1.3806259713e-36 
6.5675807592e+21 
-4.1866929450e-17 
1.1562411941e-25 
7.4745783806e+00 
9.6059597776e-11 
-3.3615805365e+17 
-1.6514876222e-07 
3.3142108553e+23 
-1.1391054545e+38 
-4.3063995000e+06 
7.2346284851e+11 
-1.6354082878e-20 
-2.3845274519e+24 
-3.4763028622e+00 
-6.1395610499e+35 
5.2445893678e-18 
-1.7763833212e+29 
6.3000002671e+32 
-2.4394204185e+13 
1.7726111702e+34 
-2.4958133054e-06 
-1.4001586529e-28 
2.2346070016e+10 
3.5989636668e-33 
1.3780871814e-04 
-4.6586028496e+16 
-5.6615842958e-35 
-3.8056595292e+12 
-5.3157253259e-23 
-1.6967966229e-15 
1.2344571033e-21 
-2.5369982000e+07 
1.2719372933e-07 
-7.3934170599e-37 
2.5266583040e+09 
6.9528643206e+15 
-7.8618816241e-34 
-1.4455532458e-31 
-1.5164240641e-24 
-3.7948918816e-06 
-1.6191736364e-21 
-3.7375534473e+30 
-2.0967768133e-01 
3.9404604672e-17 
-3.6884808109e-19 
-6.9193987429e-07 
-1.5993253928e+22 
2.4976546439e-12 
-2.4801373047e+04 
3.4692134857e+01 
-1.2177999840e-19 
2.8819159689e+16 
6.6719386969e+37 
-6.7050236000e+07 
5.0863486887e+33 
-2.6306421486e-09 
1.1374963431e+29 
-2.7622060393e-17 
-2.2547689732e-03 
-5.8442519164e-33 
5.5283215360e+09 
-3.0391548479e+21 
4.4639310410e+15 
1.6031233730e+24 
-1.0005280076e+17 
1.3857469408e+24 
4.3971246731e+36 
-3.9820827593e-22 
2.3145134037e-04 
7.2733588193e+12 
-1.1786901113e-34 
6.2102212400e+28 
-1.6825657648e-34 
4.3702181786e+30 
9.2062126186e+20 
-1.6601787597e+11 
3.2855150959e-37 
3.2108155021e+17 
-6.5780108116e-07 
-5.6042774865e-09 
-3.4753326487e+15 
-2.5036191744e+10 
1.4878982107e-13 
1.0185762076e-03 
1.4151259093e-03 
2.9481276361e-12 
4.7121114726e+11 
4.7838840528e-11 
-8.2317285786e-20 
-1.9383777798e+26 
-4.9776598817e+30 
-1.1487499575e+20 
-2.9736700386e-26 
-6.8219562837e+34 
1.0600338966e-12 
-2.5644407272e+01 
-1.7148839456e-30 
-5.3352884863e+13 
5.0099375275e-32 
-5.2467520447e-15 
-1.5837752806e+26 
-1.4454010791e+30 
3.3775188600e-38 
1.3854227558e+29 
-3.9613222771e+23 
7.5167964120e+25 
-1.1767924202e+30 
-8.1515992049e-19 
-3.5473536775e+17 
-8.5892210677e-08 
-4.9438709760e+09 
-3.0645111084e+02 
-1.6747715541e+32 
-2.5828840371e+31 
2.3921683661e+11 
3.5987047201e-31 
1.8869122299e-20 
1.1516346630e+13 
1.9930761482e-04 
-8.7659338348e+36 
-4.1606679072e+28 
4.5881690104e-22 
-4.5515681718e-25 
1.4675044508e-28 
-4.3657718967e+24 
-9.7161353011e+29 
-1.2692436480e+09 
-2.0670197006e+13 
1.0312539288e+25 
-2.0197191460e-15 
1.2974458286e-33 
5.7129414927e-05 
-1.1750156895e-30 
1.3846127755e+29 
-1.8430151104e+33 
3.3840085380e-03 
2.3783621094e+04 
1.7124764327e-06 
8.7876307251e-14 
-2.0745108151e-19 
-5.1987170714e-33 
-4.0549093402e-37 
1.2524634745e+33 
-7.4258996305e-13 
-1.6397967519e-30 
4.1629889964e-24 
4.7557009198e+31 
-5.1473171541e-20 
-1.6449795483e+27 
1.8203425174e+18 
4.7211846136e-33 
6.7387111296e+33 
-4.4794238602e-29 
-2.9738688195e-17 
8.5759845460e-31 
-3.5331440565e+19 
1.5632787629e+37 
8.4263493535e-13 
6.8771280585e+13 
2.3097636586e-04 
2.3416327811e-36 
8.2526793703e-03 
2.1655166000e+07 
-9.0588487064e-24 
1.9952766000e+07 
1.1911571503e+02 
-3.9853330702e-02 
6.9126353531e-16 
-3.8203388562e+24 
-8.5231055881e+17 
1.3947951084e-04 
-3.3803457753e-28 
-3.0484916009e-33 
-4.0067395584e+10 
-2.8371617198e-01 
-4.2412787576e+37 
6.5101543170e-31 
-5.1427732480e+09 
7.4902998547e+24 
-5.4606278788e+23 
-5.6486402978e-36 
-6.1857542378e+35 
-2.7298123047e+04 
-3.4192387830e-04 
3.4052972343e-18 
1.5127274372e-25 
-8.4217807893e-38 
2.9476936090e+11 
4.6120810136e-34 
2.4092742545e+22 
-1.0352131072e+10 
-5.7299781645e+33 
2.6562192590e-14 
3.7862119541e+21 
-8.6833372458e+16 
-2.6803830266e-08 
-6.3376230001e-01 
2.1194385772e-04 
2.5934602377e-07 
-3.1959058673e-16 
-7.6078296534e+15 
-7.1117829507e-12 
6.3430217800e+14 
-3.6935971429e-39 
-8.5576744395e+23 
-1.6080859679e+34 
-2.6013203493e+32 
-4.4054222460e+33 
-8.3999702474e-04 
-3.0333874266e-21 
1.6985198768e+22 
1.2025444173e-26 
-2.3260210454e-01 
6.9575167365e+16 
-2.1106091063e-19 
-2.8383900467e+11 
-4.5275195000e+06 
            nan 
-2.4850682964e-34 
-3.0930672110e+37 
-3.2349382461e+31 
5.5048259108e-36 
1.7079909477e-24 
7.1364192000e+08 
-5.2516246094e+04 
1.2830673942e-26 
-1.2824965552e-06 
1.6889670773e-09 
-1.9515672925e-33 
-1.3308520085e-11 
-1.7962310352e+33 
6.8515021677e+32 
1.1429187725e+36 
5.4602151793e-12 
-8.0770260734e+29 
-1.7894546545e-05 
-1.0359764106e+25 
1.4549483533e+36 
-1.1289106796e-28 
-1.2367441086e-03 
-1.2513990148e+13 
-1.1166649219e+05 
-1.1488620390e+18 
5.7392442811e+31 
1.6775538207e-12 
-1.1037563756e-30 
3.7565039293e-06 
-1.4300544000e+10 
-4.5080246094e+04 
1.9787355448e+32 
-1.8144333964e-21 
1.6331948459e+26 
-1.0088164839e-34 
1.2713516568e-19 
-5.0199046249e+25 
-3.5865714706e+18 
2.5629034545e+14 
-2.1178615857e+13 
-2.6751102000e+07 
1.0946879304e-31 
2.6139520466e-27 
5.9846248371e-35 
1.9973159680e+09 
-6.7200988020e-22 
-5.2219538689e+00 
2.9431080505e+33 
2.1100135363e-19 
-4.5224462519e-04 
-6.1328102261e+13 
9.6325003661e-17 
1.4228799000e+07 
1.2919306486e+20 
6.5462349461e+19 
-4.3859135768e-10 
-4.6123837044e-38 
2.1476441816e-06 
-1.3348453120e+09 
-2.2284197220e-33 
-7.7161280158e-35 
2.5247296717e+11 
1.1107793563e-19 
-1.6868040765e-23 
6.1379954024e+34 
2.2098872329e+30 
2.2217382827e-13 
1.1521791988e+22 
-1.4921678750e+06 
-9.2407640883e+11 
3.2232830976e+10 
-6.0205920832e-20 
1.7939754595e+14 
-2.0028212363e-20 
1.2228788364e-05 
-2.4998339377e-14 
-1.8472671414e-28 
3.1637623047e+04 
9.6942514181e-01 
-4.0755122778e+34 
-2.9980028619e+29 
-2.3849755109e+33 
-1.7382154383e-25 
4.5236177759e+20 
3.1428202104e-32 
2.7301680000e+08 
1.0262917727e-01 
2.9217275756e+18 
2.5466556751e+17 
-1.4802822319e-38 
-8.6062719740e+36 
3.7202700744e-37 
3.0144804075e+30 
-1.5737843700e-13 
-1.7565953021e-04 
-3.7114400356e-29 
-5.2118182314e-34 
-3.9473246094e+04 
3.9621843141e+34 
-2.0802399332e-23 
-1.2690605907e-38 
1.6078958204e+34 
4.2132440657e-13 
5.2456841966e+21 
1.5057085454e-01 
-2.3490917520e+22 
-1.8949801085e-21 
-2.0617717132e+37 
-6.3491511345e+00 
-2.9114829222e-32 
-9.5999769557e-36 
1.8458920681e+22 
1.5009307767e-23 
4.1579189256e+35 
-2.4005558791e-28 
5.8085029741e-20 
-1.7839733797e-28 
2.8822653809e+03 
-1.5389034444e-24 
1.0708916545e+38 
2.4443957581e-24 
2.4344556593e-08 
4.4693901911e-17 
1.9337586991e-29 
-1.1139600613e+13 
-1.9266595737e-31 
1.8528189028e+30 
-1.4404454073e-36 
-3.7127729505e-02 
9.5856266244e-21 
-2.1871195588e-36 
-7.1895211935e-01 
-7.8414711645e-30 
2.5158131651e+30 
-7.2320238339e+21 
4.8906804068e-35 
-4.5082388464e+13 
1.0443692800e+09 
-1.3793906462e-08 
-4.8989494324e+01 
3.2791145008e-34 
-3.7787913206e-35 
5.0375499637e-20 
7.6527100339e-19 
2.3044089712e+18 
1.3202507532e-08 
-4.7105869700e-23 
-2.0038665514e-27 
-4.4906194606e+24 
-3.6270166747e-03 
-5.1336193750e+05 
-5.9435824971e-22 
-4.2950833176e-16 
-1.7159865250e+22 
-4.4299665661e+24 
1.5432615747e+28 
-5.7922706551e-36 
-4.5237772167e-02 
4.0454457673e-16 
4.5183451392e+30 
5.1438269878e-38 
-1.7648619141e+04 
1.0718401861e-10 
-2.7182121516e+27 
1.4905271120e-02 
-1.8575563706e+38 
-1.2948464246e-05 
8.0719159021e+14 
-7.0352966759e-06 
1.0151085005e-23 
-6.5567694232e+35 
-7.7400803566e+00 
3.0860095259e+30 
3.7765200568e+25 
-1.0081703505e-24 
-7.2018748060e-38 
-2.3430653857e+14 
-1.8679702400e+08 
-1.4346921429e-09 
1.0721529965e-16 
7.6027891200e+08 
-9.7435225600e+08 
-2.3918276598e-35 
3.0735056553e+16 
-4.7737207074e-20 
-2.0771532209e-16 
-1.8226479985e+36 
-1.3035703589e+33 
5.0692716335e-33 
1.2033668232e+18 
1.9504071544e-23 
1.4137620480e+10 
-2.9559055936e-24 
-5.4952048275e-18 
1.6705219432e-20 
2.3731761152e+10 
3.1475346740e-26 
9.2745200000e+07 
5.0758936615e-35 
-1.1554778861e-32 
3.6459433377e+24 
1.4355390791e-12 
1.6705757224e-34 
            nan 
3.9216091309e+03 
2.0712059044e+12 
-1.0797964871e+21 
-3.7500844097e-10 
-2.2754589917e+38 
-2.9039128309e+26 
-5.4132990837e+00 
8.2532640260e-29 
-6.1078190789e+35 
1.7753553720e-06 
1.9112238750e+06 
3.1772230451e+28 
-4.0693283239e+23 
-1.7824331432e+19 
2.2731923776e-36 
-1.3655793992e+14 
-4.8088967955e-18 
-8.3971170955e-39 
-2.5063016169e-38 
6.9678247290e-23 
1.3335999000e+07 
3.9787869616e-22 
8.0536921702e+11 
7.4826618758e+22 
1.1139587390e-36 
7.6652182617e+03 
4.9829755580e+34 
-3.3811164252e-32 
3.4296737102e+24 
6.7677185638e+11 
3.4617474730e+22 
-2.0894250061e+22 
-4.4651402878e+34 
-4.5015350915e-17 
3.4423915204e-03 
1.5317996605e-16 
6.6178394358e+12 
-9.7847716261e+21 
3.9905383756e-34 
6.7935853556e-35 
-4.9085708100e+28 
-2.1459716477e+17 
2.4810282048e-03 
-1.8850634094e+24 
3.6756057022e+24 
-1.1335535673e-03 
3.7048371433e-16 
-2.7129994338e-29 
7.7269593021e-04 
1.7602562677e-14 
7.9540344332e-27 
-9.9872104824e-02 
5.2728590924e-18 
1.6909574039e-21 
1.6885935358e-11 
-1.9073496720e-34 
6.9499781026e+15 
1.6251449262e+19 
6.7672915867e+31 
1.5409856208e-20 
-3.6637447357e+01 
-4.7523767529e+26 
5.3268155000e+06 
-1.9672201216e+10 
-2.2652477450e-28 
2.5716989136e+02 
4.8483950834e-17 
-1.0779857190e+19 
5.8224148966e+18 
4.0591238998e-19 
2.0096280575e+00 
3.0014030894e+25 
8.9900901666e+17 
1.3531932840e-17 
4.6572489606e+33 
3.1343684981e-08 
2.8000156050e-33 
4.7714332511e+15 
-1.3790689944e-11 
-8.2635387118e-30 
1.7151320030e+24 
-3.5761100747e-08 
-1.7532506471e-31 
-5.5543713090e+27 
-5.3927912712e+00 
-1.4184492826e+00 
-6.1590400000e+09 
8.2753125753e-05 
-9.9555522393e-31 
-5.0991649440e+18 
2.0006889365e+31 
-4.3166904757e-35 
-1.0378787570e-29 
-8.1227515517e-22 
-6.0941985078e+22 
-1.2774985370e+34 
-1.1656013521e-04 
2.8953452122e-34 
1.5035359110e-23 
-6.4193189025e+25 
7.5621608295e+26 
1.3465053502e-27 
-6.5186515907e-11 
-5.0943408210e+13 
2.2081895010e-32 
1.7894481949e+16 
-2.9964142200e+30 
1.1050932872e-15 
5.1228227186e-31 
5.8264773262e+24 
8.6798062548e-03 
-7.0291745233e-37 
1.2000234392e+20 
-2.7170866463e+12 
5.3918421811e-11 
-1.7076371867e-26 
3.0159230000e+07 
-2.7941591820e-32 
-2.6867256250e-12 
2.7394548863e-27 
4.1275717120e+09 
6.8683256000e+07 
-7.6539111953e+20 
-2.3166008059e-15 
1.0930601120e+01 
2.3739985829e-39 
6.1929549516e+14 
-6.5019925208e-12 
-4.2891575296e+11 
-1.9095932000e+07 
1.0477684731e+18 
-8.6653514762e-24 
-1.1435211889e-07 
-1.9376749418e-14 
9.7550058857e+33 
-1.3775083542e+01 
-7.6262177734e+03 
6.5298870940e+22 
-1.8265780000e-06 
-3.9007195000e+06 
-3.0018554235e+33 
-2.2648791677e+23 
1.8970842833e+36 
-1.1619814139e-10 
-3.9447548574e+15 
-2.0881479533e+18 
-6.0475513136e+31 
1.5215775610e-17 
1.5416291376e+34 
-1.4721376340e-09 
7.2238077098e-20 
-1.6637133684e-24 
1.7770171597e+12 
-7.4611486694e-13 
1.0526401495e+12 
-8.5659085449e+16 
7.6133612230e+31 
-1.9630953979e+02 
-3.9136689901e-01 
4.1217297986e+36 
1.0002451601e-17 
8.8201864466e+14 
1.6166174532e-07 
-5.7187587500e+05 
-4.1704340482e+14 
-2.4398742400e+08 
4.4005544623e-04 
-2.9209910958e+38 
7.1462885976e-17 
            nan 
1.5340843638e+29 
-2.3577218161e+18 
3.4960589077e-31 
            nan 
3.5853530280e-03 
-1.2551114315e-10 
2.5501585007e+01 
-2.5652899249e-10 
-1.2922280477e+13 
-1.9419598750e+06 
-3.8508495926e-18 
-4.5846246094e+04 
9.2358558301e-11 
8.0877749828e-16 
-1.4476426058e+20 
-1.6780086909e-14 
6.3388500848e-07 
-2.3186315090e-08 
7.4940242222e-19 
9.6032637078e+24 
-4.8387807617e+03 
2.7390709700e-09 
5.1816962805e-33 
8.2802389855e-22 
2.9135193946e-26 
1.3225172758e+00 
-8.1954448774e-36 
-7.7853081783e-14 
9.0530505404e-03 
-5.5870270444e-05 
-1.2863814400e+09 
4.2216465343e-33 
-1.0756556321e-06 
3.9362883012e-32 
1.5577467680e+00 
7.1196326213e-30 
-1.7021744110e-33 
9.3866685258e-11 
-5.7695073324e+28 
-1.8451049389e+34 
1.7207207566e-04 
1.0977579507e+20 
-3.6181736668e+25 
2.9154430000e+07 
-1.2009648889e-32 
8.6154158928e-29 
4.8484567261e+02 
-1.0264056272e-07 
1.3392644476e-35 
5.1470137663e+31 
-2.2190586636e+28 
-1.4305501326e-36 
2.5253770632e-24 
-3.2586339200e+08 
-9.6015010259e+30 
-7.5561974556e-22 
4.9040847667e+11 
1.8397310000e+07 
1.7069403822e-22 
-1.2671551000e+07 
1.9962770637e-07 
9.9436355478e-31 
-7.7165222619e-18 
-1.7984494238e+33 
-7.9273889613e-25 
9.5985993750e+05 
-3.7005663671e-06 
6.8218544730e+27 
-6.0045122259e+26 
-1.0801804934e-32 
4.2259396875e+05 
-2.5079052589e-33 
-1.7225890560e+09 
-5.4362246094e+04 
-3.5449512042e-16 
-8.0427593750e+05 
-4.1489395901e-27 
-1.5925929748e-27 
6.7561990136e-07 
6.9126675875e+28 
5.3402114730e-08 
5.4090084076e+01 
2.0708382837e+32 
4.8944316870e+17 
7.6216746960e+37 
-1.5959996658e-09 
-3.1475511412e-35 
-1.0407761980e-35 
4.9624422872e-20 
2.1079630130e-07 
3.6879206298e-23 
3.3682574497e+16 
-2.5020014505e-07 
-2.7217487300e-32 
-1.5749183000e+07 
-1.5053226380e-03 
1.5425795134e-30 
2.1066956579e+35 
4.5163772000e+07 
3.5833113629e-23 
-7.3342855845e-27 
-2.1972448202e-38 
7.2712828380e+33 
-1.7874389478e+22 
-1.2758047996e-22 
-2.1739608377e-11 
3.8059532538e-38 
-6.1396467439e-15 
7.3250146794e-19 
-6.7579057617e+03 
-1.2043311523e+04 
6.0587835083e+18 
-4.3065408710e-22 
-1.1099147194e+30 
-7.0637050522e+33 
7.2234419170e-15 
3.4035767706e+12 
5.0701568164e+15 
5.2756236606e-24 
-5.2930039374e-07 
6.0419125992e-31 
-2.1185676239e-22 
4.0593867263e+20 
5.8828144738e+32 
5.3852383664e-10 
3.6031784942e+18 
3.0419090877e-27 
-1.0235803145e-23 
-2.3743603912e-25 
-1.8100615762e-06 
-2.7637407918e-09 
-2.1564087075e+13 
1.4352425888e+29 
-1.6531735161e-22 
1.9507836000e+07 
3.3260433408e+10 
-9.4411008298e-36 
1.0745329880e+26 
-2.4634156699e+18 
6.2430900574e+01 
-5.4955247701e-27 
-1.0733483287e+33 
3.5698934653e-07 
-6.3952094977e-39 
4.4771393583e+23 
-2.5229043831e-33 
-2.5698096579e-05 
-9.5577898901e-04 
1.0920543973e+25 
2.7515411629e+16 
9.1713749678e-17 
-6.9225906810e+31 
-3.6451724972e-10 
-1.2235872049e-26 
2.1515035000e+06 
-1.2235320020e+23 
1.0750797500e+06 
-8.0136019800e-22 
-1.2810060547e+04 
-1.7619442511e-25 
2.6130323350e+29 
2.3599179649e-16 
-6.6121039069e+33 
1.1498421060e-07 
4.5675477431e-35 
-1.3374855889e-08 
3.3811599420e+33 
-7.3992906234e-22 
3.1110587507e-18 
5.9147409956e-06 
-4.5343548227e+36 
2.5599628320e-11 
1.5532153996e-33 
5.0736371047e-28 
-1.8247588413e+25 
1.4087650875e+33 
-1.4125893116e+00 
1.0271302615e+12 
4.1843538747e-20 
6.8241565149e-15 
-4.7174169471e+32 
-6.4821030321e-08 
2.7121504223e+13 
2.9875225865e-23 
1.7949121117e+31 
6.3235922852e+03 
-1.3153473446e-05 
1.2559709134e-29 
-1.3424652164e+32 
-4.9645333722e-15 
8.3047118404e+36 
4.9871384184e-17 
-1.1352410123e-09 
4.2999116525e-20 
5.9635534668e+02 
-3.9439072421e+26 
4.0831705298e+30 
-4.2598372123e+17 
-2.9982033993e-06 
-2.3206457945e-34 
7.5642058128e-15 
1.9638985600e+08 
-2.3601608376e-19 
-3.8096900408e+23 
-1.6279143747e-03 
-3.3652790901e+34 
1.5749980016e-18 
-5.0314579632e+32 
2.0803485777e-20 
4.3633275975e-14 
1.8849961256e+36 
-1.6349227201e-37 
-5.3401568554e+28 
1.2922791971e-19 
-5.3037752320e+10 
4.5208740609e+29 
3.5041648608e+17 
2.2615514153e+12 
1.7349907756e-01 
-1.0624461268e-20 
1.3257731934e+03 
2.1007952592e+28 
2.9191565311e+29 
-3.4687476000e-04 
-5.2617106121e-04 
1.0486046080e+09 
3.0422920846e+24 
6.1138330868e+19 
-2.4546854892e-13 
-3.8942845476e-11 
8.9047901332e-02 
5.8761848236e-26 
            nan 
1.1361840949e-35 
-1.5089996387e-33 
-3.1592797500e+06 
-1.9893650818e+02 
-9.7064944199e+30 
-4.1630560000e+06 
-4.7241788449e+37 
-8.3571691234e-13 
1.6853499255e-16 
1.9723241443e+14 
-2.4591326714e-02 
2.1197317142e-17 
-8.6891804859e-38 
-4.4736524913e+22 
1.5026511119e+26 
-3.2376800000e+06 
-1.8382926013e+30 
1.9984686629e-24 
7.3980400000e+05 
3.6697285458e-28 
1.8858710850e+20 
5.7817139154e-30 
-1.4291847275e+15 
-5.1920869737e-07 
7.5453448585e+13 
-2.9445512827e-31 
2.2756874409e-20 
-8.0269186671e+30 
