2.3509887016e-38 
0.0000000000e+00 
0.0000000000e+00 
0.0000000000e+00 
0.0000000000e+00 
0.0000000000e+00 
0.0000000000e+00 
3.5873240687e-43 
0.0000000000e+00 
0.0000000000e+00 
0.0000000000e+00 
0.0000000000e+00 
0.0000000000e+00 
0.0000000000e+00 
0.0000000000e+00 
0.0000000000e+00 
0.0000000000e+00 
0.0000000000e+00 
0.0000000000e+00 
0.0000000000e+00 
0.0000000000e+00 
0.0000000000e+00 
0.0000000000e+00 
0.0000000000e+00 
0.0000000000e+00 
0.0000000000e+00 
0.0000000000e+00 
0.0000000000e+00 
-4.4236203410e-34 
7.1746481373e-42 
0.0000000000e+00 
0.0000000000e+00 
0.0000000000e+00 
0.0000000000e+00 
0.0000000000e+00 
0.0000000000e+00 
0.0000000000e+00 
0.0000000000e+00 
0.0000000000e+00 
0.0000000000e+00 
0.0000000000e+00 
0.0000000000e+00 
0.0000000000e+00 
0.0000000000e+00 
0.0000000000e+00 
0.0000000000e+00 
0.0000000000e+00 
0.0000000000e+00 
0.0000000000e+00 
0.0000000000e+00 
0.0000000000e+00 
0.0000000000e+00 
0.0000000000e+00 
0.0000000000e+00 
0.0000000000e+00 
0.0000000000e+00 
0.0000000000e+00 
0.0000000000e+00 
0.0000000000e+00 
0.0000000000e+00 
-5.9022994179e+33 
8.0865730801e-26 
8.0682088839e+26 
-4.6088593750e+05 
-7.4280759906e+35 
-2.9795928769e+13 
1.8204806373e-02 
-1.8058545526e+30 
1.2372823309e-36 
4.7053739613e-29 
-6.7711578931e+11 
-9.0199786924e+30 
-2.7558710869e-08 
-2.9099243268e-33 
7.9209191588e+27 
2.7729483564e+32 
6.0449111932e-20 
-3.4041712178e-25 
6.5913362744e+36 
-6.8342022458e+31 
1.1248116629e-32 
4.4447297536e+10 
7.7151364710e+12 
3.7748447488e-13 
-6.3817980000e+07 
1.9260154808e-19 
-2.1225444513e-08 
-1.9917874856e-31 
2.6883242652e-02 
6.7953548140e+21 
-2.4110237500e+06 
1.1990440393e+23 
1.1065044992e+11 
-3.2089176064e+10 
-4.1089757184e+10 
3.5938581971e-11 
-5.9982959805e-24 
4.7973340855e-08 
-5.8868752387e-31 
-7.3748104274e-02 
-4.4460120818e-17 
2.5187328090e+35 
-7.3150927947e+25 
-1.9513511928e+30 
4.7260005951e+01 
-4.1884526182e+11 
3.2457163623e-09 
-4.1058725097e+34 
-1.0842024446e+35 
-3.7825370168e+21 
2.2970968780e+21 
1.0233969487e-30 
1.7447703939e+34 
-3.6164407159e+22 
-1.9931262000e+07 
-4.9390560279e-37 
-2.4650366000e+07 
-1.7195932178e-10 
2.0169896970e-23 
-3.3218007605e+21 
2.6358304961e-31 
-2.0048543988e-12 
-4.4830247985e-38 
-8.6336791147e-17 
1.2255307960e-31 
-8.8313668966e-01 
-1.0236497762e-33 
-5.4747684544e-30 
1.2468731731e+37 
-4.0351163991e-17 
-5.7878246094e+04 
-2.9750080583e+26 
1.4794838575e-23 
3.8933577936e-21 
5.2038528000e+09 
4.6886715000e+06 
3.5757204384e-21 
-2.1801041328e-07 
4.7768230343e-11 
8.3709002543e+32 
1.4880353437e+23 
-6.6879507378e+15 
5.6362839706e-20 
-4.4453855604e-02 
-3.8143762541e+34 
-2.3174140883e-22 
-2.6867536362e-03 
7.3984668168e-32 
-5.9130906413e+16 
-1.5874578385e-03 
1.5804006120e-34 
3.9860016000e+08 
1.3409662220e-31 
-1.6220028556e-05 
-4.1847589283e-10 
5.6810073610e+34 
-9.5770129701e-04 
-2.3337598000e+07 
2.9630979538e+01 
-7.3735314145e-27 
1.4471823132e+28 
-2.6118675985e+32 
-4.3263699396e+24 
-9.2412884521e+02 
7.3039985659e-31 
5.0255129919e-11 
-1.8919353584e-10 
3.4515935675e-29 
-1.7827906280e+29 
8.3493278327e+24 
-2.6655018543e-31 
-2.1703087815e+36 
-7.6735511811e-07 
1.5137884810e-35 
-3.9437031545e-28 
5.1063234704e+25 
-1.7587050584e-28 
6.0142242188e+04 
1.4433619230e-11 
-8.7702635210e-04 
-9.8641878205e+20 
7.5380760225e+26 
3.9618802885e-19 
4.0994612149e-09 
8.8901839939e+26 
-8.4050530424e-11 
2.8349655956e-09 
-6.2594011451e+27 
1.4902463693e+11 
2.6078727840e-24 
-5.2154839283e+18 
6.7987331764e+27 
1.1045248438e+05 
8.2704009187e-32 
-1.1402048438e+05 
-5.0472743442e-21 
-1.4488213914e+12 
-2.9616916018e-27 
2.2634608280e-30 
-5.5438425006e-27 
1.1710379520e+09 
3.0651785175e+36 
5.8956146341e+15 
1.0960894550e+22 
-4.9795840092e+15 
-3.7302915895e+37 
-9.4940566520e-10 
2.0352717500e+06 
-5.5740565217e+33 
-1.5673938378e-06 
4.9750990848e+10 
2.8750911916e+38 
2.4598729133e-25 
2.0578592769e+16 
4.7482805867e-18 
8.4520018655e-31 
8.0340740573e+22 
1.5703337024e-28 
-7.2571686400e+08 
-1.3917261963e+03 
3.9468627827e-38 
1.0026678376e-09 
-6.7610066551e+14 
-5.2817502056e+16 
-1.2042893058e+29 
-2.9435952755e+22 
-5.6525733214e+29 
-7.1105952073e-13 
1.6304108391e-16 
2.5750025436e-22 
5.7542925980e-10 
6.5867633570e-10 
6.7404438839e+18 
8.3428780000e+06 
3.3949994927e+32 
-9.5799321045e+26 
-3.9721085341e-04 
-1.1189881286e+27 
2.9119011220e+15 
1.4560754201e+20 
1.4342316103e-18 
-1.3960060664e-02 
1.6038316250e+06 
-6.2723232453e-32 
-6.5590605117e+23 
            nan 
1.7190381827e-37 
-2.2465493354e-10 
-4.1737789106e-37 
-2.9570761646e-25 
-8.2801962105e+27 
-5.8193932000e+24 
1.0301510441e+27 
-9.4886996038e-09 
-1.0577711009e-06 
1.3771774839e+18 
-4.6501581484e-36 
-1.0143553518e-31 
2.0555999891e-22 
-3.8306754901e+17 
1.5649396801e-07 
-1.9145230909e+12 
1.8082443520e+09 
-6.3428164364e+27 
-4.5905282613e-13 
-2.7375311142e-22 
8.9609194701e+11 
4.8349871794e-23 
-8.6797253418e+02 
-1.8785157358e-22 
-2.5754623047e+04 
-2.4009141508e-32 
2.3840933317e-34 
1.2064354848e-07 
2.9469144344e+00 
-3.0582639694e+01 
3.3705366400e+08 
2.2184553895e-16 
2.9950282276e+16 
3.8404931584e+11 
2.8570096493e+00 
-4.4840819694e-23 
-7.3788286566e+11 
1.8377403045e-23 
8.7903564636e-12 
1.5523456074e+27 
4.4611985795e-03 
6.4201873659e-21 
7.1441120722e+30 
-4.3412219229e+28 
7.2982188139e+36 
-9.8822317517e-15 
-6.6682673983e+23 
-4.1487457183e-25 
1.3900824936e-11 
-2.3333632455e+23 
6.9895131349e-13 
-1.8261863426e+27 
5.8046232468e-36 
1.4386370707e+22 
-3.5608098530e+16 
-3.6930994374e-10 
-1.9282289543e-07 
-7.5115341130e+37 
-9.3897371168e+30 
-4.3657702453e-10 
-2.2962863708e+21 
-2.2807125788e-07 
-1.3403171425e-18 
5.1495680363e-32 
-1.4035827637e+01 
3.0686492920e+00 
1.1272437500e+04 
-5.1823482531e-20 
2.7890431367e-32 
3.2525689915e-33 
2.7522796396e+18 
1.3673229181e-37 
7.8848730070e-22 
3.5457877740e-25 
-4.0742154118e+31 
-5.3114112000e+07 
2.3039015140e-11 
2.1699723291e-37 
-9.6230749064e-14 
-1.5610082671e-12 
1.1898469925e-01 
-7.7240925052e-31 
4.4775400000e+05 
6.6194767872e+10 
3.2014626681e-16 
2.5708449349e+33 
-3.7669173736e+24 
9.1544918945e+24 
7.3328500000e+04 
-2.1534615697e-34 
-2.7120584365e-30 
-1.3175383688e-20 
8.2163305684e+21 
-1.0659239769e+01 
2.5906635778e-12 
4.9558248423e-20 
8.9156073955e-06 
6.0433506590e+30 
8.2211069358e+25 
1.1994364451e-19 
1.8923703142e-29 
-1.4570192785e-33 
4.5950511710e-25 
4.4181706471e-05 
-1.4449878363e-03 
-7.9169842664e+35 
-8.1215223845e+36 
-1.5445678750e+06 
2.7002205024e-04 
4.4215514428e+27 
-2.1361098438e+05 
2.4474237859e-01 
8.7879584586e-35 
-4.6333731176e+26 
-3.8391537699e-37 
7.1344434708e+12 
-4.2404746094e+04 
1.7662943953e+14 
-4.6209734966e+29 
1.0406036791e-37 
-1.5792915192e+14 
-7.6219171461e+15 
2.6400863025e+23 
3.0508473472e+37 
6.7377619743e+00 
-1.7170478750e+06 
7.6461307704e-02 
-6.2078033883e+28 
-4.8094934517e-36 
-1.4909075446e-25 
3.3488845422e-24 
2.1879908672e-05 
2.8385302544e+13 
8.3014721731e-32 
1.3003730584e-21 
1.4319419891e+16 
2.1739414225e-29 
-4.7149873942e-17 
-6.9240423177e-23 
-1.5476018831e-18 
-8.3617303757e+12 
8.3607908516e+12 
-5.0022429651e+32 
5.9967808466e-17 
-2.0970192808e-24 
2.9513636235e-19 
7.8165780288e-18 
1.2290403830e-20 
-1.4123557240e+21 
-1.0581546598e+11 
1.3504217471e+35 
-5.1481861511e+23 
1.3054132382e-24 
1.2921885213e-26 
-8.8951032526e+20 
-3.0927154807e-29 
-2.5699019801e-08 
-5.5618556635e-12 
-6.8668581563e-14 
-6.3003100025e-32 
1.8929188078e-11 
-1.6169517500e+06 
-4.5838525693e-05 
1.4139869749e+25 
5.0336504000e+07 
3.2043612800e+08 
-3.2571897348e+31 
-5.6458407380e+31 
1.5859611433e-19 
-6.8800887841e+15 
2.6216307282e-01 
1.7984629232e+19 
-2.6134672761e-01 
1.1122883080e+26 
1.0995575561e-09 
3.4038932262e-34 
-1.6839767983e-39 
1.1078949907e-24 
2.1115826142e+19 
-5.8467439223e-11 
1.2900100543e-08 
-2.2942926343e-29 
1.0564863942e+24 
4.6009396924e+15 
4.2561723603e-06 
1.0169649297e+36 
2.6065773540e-08 
5.3915686852e-22 
3.9836121544e-29 
2.1869601059e+31 
8.9145990466e+30 
-9.1979110400e+09 
2.9898314247e+21 
3.5609246094e+04 
-5.4675765066e-33 
2.7826754761e+02 
3.3470231983e+36 
            nan 
1.8134874880e+09 
-2.3900807948e-32 
1.5359187000e+20 
5.7703972204e-24 
-1.6584714308e-26 
2.1939072079e-33 
4.6282680043e+35 
-1.0112246289e+34 
-6.6914743185e-01 
-4.3860220000e+07 
-2.5957336060e-38 
-7.2857797563e+27 
-1.6435478719e-31 
1.2185865387e+38 
-1.6068633498e-30 
-3.0499076135e+33 
-2.0109221844e-18 
-2.2782113591e+36 
6.5840588093e-08 
-1.8485565564e-18 
-1.1805159873e+30 
-1.7391384698e-17 
4.3905814429e+20 
-2.1051877975e+01 
-2.5081822276e-01 
-6.8166793750e+05 
1.8144459132e-32 
-2.0336505649e+32 
-2.0383942386e-22 
9.2928346568e+22 
2.5674281556e+16 
-9.0875177202e+16 
-4.2082875000e+06 
3.0102812160e+09 
6.6657359712e-03 
-1.6056149658e-34 
1.2521994942e-27 
5.9879974502e+11 
5.4539906449e+13 
-6.6070526673e-31 
-7.6469112745e-16 
2.5591099386e-15 
-3.2758569432e-05 
-3.3644025098e-04 
-6.5089953975e+31 
-1.8970119558e-29 
-3.7609018411e-14 
6.5405819273e+16 
-2.7952810964e-13 
-2.2066302000e+07 
2.5781086743e-34 
8.7288341385e+37 
-1.0175125386e-32 
2.5994441624e+36 
-1.1422451962e-06 
-4.5533601302e-28 
-1.0263201904e+03 
7.0818507784e+15 
1.6560216814e+23 
-2.6290433407e+00 
-4.2687421387e-14 
1.0188349296e-11 
1.9151984357e+23 
8.5463186150e+18 
2.5641845963e+16 
9.0187593750e+05 
1.4543568436e+17 
2.0941146029e+31 
-2.6768322618e+30 
1.8994871497e+34 
5.8581191113e-12 
-4.3854546879e+25 
-9.4596218487e+14 
6.6603260000e+07 
-2.6356734068e-28 
2.6160630275e-37 
4.9592769291e+35 
-1.5980182078e-38 
-1.6115994488e+37 
1.5547956193e-21 
-1.5542233081e-26 
-7.1132065454e-27 
-4.1460087523e-03 
-4.1695840000e+08 
2.8357579076e-29 
-1.2717464486e+34 
-1.2487682425e+13 
-1.0112268288e+10 
1.3464938354e+02 
-3.2798864171e-19 
-2.3357377612e-25 
1.1635262000e+07 
8.9347531262e+24 
3.5578695385e+13 
-4.9498554246e-23 
1.2091256849e-06 
4.1297862481e-05 
3.8153956170e-21 
5.5767814636e+01 
1.3915354979e-10 
-9.1682201556e+16 
2.9864042453e-17 
-4.5084465000e+06 
2.0619015011e-36 
            nan 
4.8475041012e+15 
1.3361854746e-16 
8.2578534192e+22 
-4.7047361732e-02 
-1.7068260729e-29 
4.7910504304e+22 
-8.2966603423e-13 
-5.0208416980e-08 
-8.4899176708e-31 
-1.2443308258e+02 
-1.2219783115e+20 
1.7962876000e+07 
3.8038960480e-28 
-2.7770843470e+18 
2.6925308627e-16 
3.4275729048e-37 
-5.3800764210e+18 
3.3170291329e-14 
-6.3444856166e-24 
-5.5867791360e+09 
7.2619129204e+37 
4.4711193667e+17 
-4.4537907297e+33 
7.6965785797e+21 
-2.6707130402e+20 
1.3937655610e-24 
-1.0408853159e+21 
4.1502906515e+14 
-1.2600204814e+22 
-4.2466748065e-35 
-6.2266973092e+24 
-2.6282495943e+28 
-2.8143637243e+28 
-8.4008905278e-22 
-2.6460340534e-21 
9.6298274002e-05 
-1.6707349483e-22 
2.2021136749e+20 
5.0294826082e-08 
-1.0199724215e-26 
-1.6523499962e-13 
-8.5884790000e+06 
1.9083800939e+24 
-7.7450566501e+37 
4.6865650051e-16 
2.6538289600e+08 
3.3136073245e+13 
-1.3966958154e-37 
-3.0152170301e+14 
-1.2669189031e-09 
-2.0225988618e+27 
-2.0905042378e+33 
-4.1399796875e+05 
-1.0852542428e-18 
-4.9510287837e-26 
-1.1281737187e+13 
8.3654952679e+30 
-2.6503516643e-33 
8.2573141827e+18 
-1.2512145042e+01 
7.8306687523e-11 
8.4380211177e+18 
-6.7283978271e+02 
2.6952586264e-15 
8.4688635769e-39 
-5.5894077440e+10 
3.4054893732e+12 
-4.6493771143e+28 
3.5093526342e+25 
8.9816575427e-34 
-2.6324061397e-18 
-2.9863035700e-37 
-7.8281674983e-39 
-3.2307697434e-16 
8.9509012385e-15 
-6.6775767891e+22 
1.7189340656e-23 
-1.1534250435e-36 
3.4491424615e+25 
-1.1704472800e+08 
-2.7530637741e+01 
1.4847598750e+06 
-1.5166665108e-20 
-5.9356288779e-34 
2.6298069295e+36 
1.5378009755e-20 
2.2665408460e-18 
-2.2466258533e+22 
3.2884369006e-08 
-1.7452236692e-28 
-7.8261609162e-14 
-5.3972631198e+26 
8.9249005541e-03 
-1.8039355705e+17 
-4.3510194868e-02 
3.4138361034e-20 
7.0879010624e-33 
-2.4416464204e-17 
6.9409832233e-32 
2.3264698438e+05 
-1.9411656095e-24 
2.5154842128e-34 
-1.9627108800e+08 
-9.2970409984e+10 
-9.3318122327e-12 
-3.2212901247e+35 
3.1757174422e+25 
4.4506890710e+34 
2.7497397856e-15 
-1.5771874751e+16 
1.8608730724e+19 
4.1981115000e+06 
2.0597524638e+28 
5.5575506849e-05 
-3.0718039223e-09 
8.5155919685e-18 
-2.8261330954e-05 
-2.3078688421e-37 
-2.3315979908e+14 
-1.2921784081e+14 
-4.2125876062e-03 
-4.4276864414e-25 
-8.5013540439e+22 
-9.1103317710e-38 
-4.7286689704e+17 
8.7032800671e-13 
3.2732339618e-32 
1.2572858334e+00 
-5.6795604527e+37 
-1.2271205581e-29 
5.2930857579e-33 
2.4421440412e-35 
-1.8882321167e+02 
9.8124183413e-24 
7.0401784201e-22 
3.2605154953e+21 
3.2628031400e+30 
9.2506840581e+36 
1.4555437500e+06 
-1.5679689961e+28 
2.8947840652e-11 
4.6945381541e-35 
3.7376760000e+07 
6.9516878750e-37 
1.4832791857e-24 
9.5214374579e-12 
1.5332922517e+14 
-3.0447509849e-15 
-3.4658123911e-34 
-1.7773393138e-21 
9.7597666099e+11 
-2.5893085914e+26 
5.5625684381e+33 
-3.9120602606e+21 
-2.3041896875e+05 
-1.7054563561e+20 
4.0286831363e-19 
-9.8000137978e+24 
2.8898553934e-16 
2.6643735668e+15 
-2.5197190683e+15 
-4.4799734375e+04 
-3.5849559307e-01 
9.0146078102e-11 
-4.2989039169e-32 
-3.3165140942e+32 
-1.8891386000e+07 
-1.7549000000e+08 
4.7611912548e-15 
3.6294693993e-25 
-5.3165663034e-02 
1.1406449013e+27 
2.5837040566e+13 
-2.5507968338e+29 
-5.2477458667e-05 
-7.8675333934e-14 
-1.2223494705e-03 
1.7471117500e+06 
-9.2997625863e+19 
-1.1512610623e+35 
3.8989380511e+18 
3.7426259631e+27 
9.8305345533e+14 
-4.8780242188e+04 
-9.3530886471e-26 
-1.2548085401e-12 
7.7850378418e+02 
-4.6472431859e-04 
-3.0722395691e+35 
3.3426017761e+01 
-2.9562337598e-24 
6.7577047957e-06 
-2.0522358258e+29 
6.7900863647e+01 
-4.3879640592e-27 
-1.6320536116e-18 
-1.6018355134e-24 
6.0507571697e-01 
8.5872138240e+09 
4.8817129573e-04 
4.3452032951e+17 
1.0823926984e-15 
-1.3228917391e+12 
1.0234797440e+09 
3.1780280488e-38 
7.3558385484e-03 
-9.1018202125e+28 
-2.0243761600e+08 
4.6177066005e+17 
6.0956078080e+10 
1.1769551729e+14 
3.6266466345e+12 
-2.7153606841e-28 
8.9448843002e+00 
-6.3209316999e-31 
-5.2119938164e+15 
1.9390869701e-20 
-7.5547601920e+09 
-8.2922874485e+18 
-1.3368138557e+14 
-8.4037119698e-32 
-1.6792369920e+09 
7.2094230652e+01 
-3.5551403809e+03 
-4.4264650167e+37 
-9.1754492188e+04 
-2.0364693130e+14 
5.3727560406e-18 
2.4190786093e-12 
6.4285135398e-17 
1.8316775916e+12 
3.1689875418e+33 
6.6168246013e-13 
-1.8301450570e-22 
2.4817196577e+20 
-3.9353121597e-38 
-4.9363106693e+19 
1.5479883470e+20 
-6.2626322186e+12 
5.2462588175e-14 
9.5245129195e-32 
-2.8835207578e+11 
1.5635328155e-21 
4.3273159090e-26 
2.4117210901e-25 
-2.5782383091e-05 
2.1732417695e+18 
6.7190874577e+23 
4.8935780069e-04 
1.4537705166e+23 
2.1458202443e-14 
1.2393412035e+12 
-8.4661785889e+23 
-5.1774703573e+23 
1.8319154143e-19 
-4.8699785484e+17 
-6.6097447416e-04 
1.6512034461e-02 
-5.1233735136e-12 
2.2269409869e-32 
7.7743675000e+06 
1.5734774005e+32 
-8.0966943119e-35 
-3.5713796387e-04 
-3.0834237182e+32 
2.7043966111e-03 
-7.8447872126e-26 
3.7318733332e+12 
4.9531832830e-27 
1.4620526188e+34 
-6.8225819738e+13 
2.1671139750e-14 
1.4273014407e+32 
-8.9378641920e+09 
-7.0547133775e-15 
-6.7012223829e-21 
1.4513196985e-15 
7.7829735712e-11 
-1.5279980737e+16 
1.1340225892e+31 
-8.6200053760e+16 
5.4228268070e+31 
5.7627284591e-29 
2.9824374081e-08 
-2.4622935376e-27 
-1.3740290490e+27 
7.2716894221e+36 
3.2648225947e+25 
-1.1766760001e+14 
-2.1889196235e+30 
-1.4881014404e+03 
            nan 
4.7815565258e-24 
-2.5176677845e+35 
-2.9843094257e-33 
-4.7511986081e+29 
2.4858863862e+13 
7.6604509533e+33 
4.0402447360e+09 
-6.8467113579e-07 
-8.7428484375e+04 
1.4081333415e+31 
-4.2825641184e-35 
-9.4952157727e+16 
-3.6905522803e+26 
-5.3465957007e+12 
4.1477971919e-23 
-4.7799600649e-13 
4.9115660095e-23 
5.2039838048e+35 
1.0121436592e-31 
-2.7025895597e+29 
-8.1670710000e+06 
7.2861755426e-23 
1.6063693324e+27 
-3.4404095459e+02 
1.4702659197e-15 
-2.3271776256e+11 
4.6812404000e+07 
-4.0617577736e+34 
9.4385726387e+27 
-2.5522110357e-36 
1.3908341512e+35 
-3.8808566400e+08 
3.7427597312e+10 
6.7783157759e+15 
-7.3404186282e-22 
1.9109840404e+37 
-6.3473400000e+07 
1.0596323999e+25 
-1.7741110680e+14 
3.6436868365e+28 
4.4602061475e-24 
-1.4068090220e-18 
2.1777586891e-26 
-4.0360798125e-38 
-8.6738523290e+36 
-2.1173108452e+36 
-1.8082410548e+27 
-4.9190192774e+37 
5.3031305577e-15 
-4.3051224579e-15 
-1.9659742190e+21 
-3.6459330428e-14 
4.1902090485e+29 
1.1352450550e+31 
-4.8665318337e-23 
1.7720891256e-25 
-5.3699654847e-36 
-7.1264330472e-05 
1.0380224708e+18 
-2.1629436523e+21 
1.8965998750e+06 
8.3573472800e+21 
-3.7385736174e-10 
-1.8216058659e+34 
1.8680702000e+07 
-5.2572696196e-10 
-2.4764873047e+04 
7.6798129831e+16 
2.5053133140e-04 
4.8846480935e-17 
-2.0023714631e-10 
4.0633714431e-35 
-7.5406832000e+07 
7.7269027710e+01 
-1.7063373902e-15 
-3.1782619141e+04 
5.3611225934e-27 
-4.7881179115e+21 
1.0111787560e-04 
3.2132471551e+30 
-1.4303471175e+35 
-1.1915979399e-25 
5.1372564552e+23 
9.3013558287e-20 
2.5910374522e-01 
-1.4505673528e+36 
1.0706318750e+06 
-1.3928376566e+13 
-6.3339103622e+24 
-2.7175810790e-34 
-8.4041448930e-13 
-7.5795463772e-07 
1.2198068860e+19 
1.8564591387e+13 
-4.1926774311e-32 
-3.6235341160e-34 
-9.7891473158e-35 
1.2398064618e-35 
3.1320543381e-10 
-5.6625108889e-28 
-4.5183178720e-32 
-1.4480568660e+27 
1.3697061831e-06 
1.1715351604e-02 
7.8576400987e-28 
1.0248932712e+17 
-1.6030884143e-31 
-3.0279691235e+15 
1.8122332981e+37 
1.5732002794e-06 
-4.0497031886e+14 
3.0123245312e-26 
2.1268347572e-39 
-2.1728738183e-23 
1.0915047014e+12 
-2.1440429212e-33 
-1.4153970179e-19 
1.8083501742e+22 
-7.6053296993e-10 
-1.3121854931e+32 
-2.2737783878e-12 
3.8238943940e+23 
-2.7097795855e+21 
-2.0587873047e+04 
2.7426143060e-04 
-2.0659521818e+24 
-5.0603597018e-18 
6.3460540771e+02 
-9.8592458186e-15 
-9.4787638862e-17 
-1.1783141136e+01 
-1.8736453399e+31 
3.2864416163e-25 
8.3618604800e+08 
2.0370478569e-18 
2.1144849203e+21 
2.7442698411e-05 
-4.1910950298e+11 
-3.5660596875e+05 
-1.8570820608e-13 
-1.8543328000e+09 
-1.3005949219e+05 
-3.6769019903e-13 
9.8012548598e-13 
-9.5227201655e-28 
9.1418617446e+11 
-1.4625503902e-22 
2.0143330098e+19 
-2.2306711325e-23 
9.4873819035e-04 
-2.1503274451e+24 
1.3947982355e-17 
7.6890860484e-32 
4.6288832599e+19 
-2.5874645303e-35 
-7.7183670000e+06 
-3.6647200249e-38 
2.2514280886e+37 
9.0711587500e+05 
2.4259874364e+20 
6.4742204122e+35 
2.5829499464e-06 
-3.6503781644e+19 
-3.8568057813e-32 
2.0474757684e-27 
7.3896035609e+31 
3.4632078216e-35 
-1.1196388225e+24 
-3.5586751056e-20 
9.6783137187e-33 
-9.3993754388e-20 
-1.4508570773e-36 
-6.7013408000e+08 
1.9397960622e-27 
-1.2967765936e+28 
8.2713933662e-03 
5.8191675770e+20 
6.1092102044e-08 
-4.7837064724e+13 
3.9056587500e+05 
-2.7084606669e+11 
2.1014959736e+25 
1.9574251553e-08 
1.1536356660e-33 
            nan 
-5.4336786337e-28 
-1.1492965370e-01 
-5.4196753864e+23 
1.4164794458e-35 
-2.3499077061e-26 
-1.8392251630e+13 
-1.8552966202e+15 
-3.5399797726e+27 
-7.3093430000e+06 
8.4316314300e-33 
1.6576311171e-31 
-2.3053915547e-12 
-7.1677478970e+21 
1.1398951986e-13 
6.4747787409e+20 
2.8820000902e+37 
4.5273180546e+34 
2.2257131101e-22 
5.5070154369e-02 
-2.9522308154e-08 
2.6847658867e-17 
2.1198388189e-02 
4.4595539348e-36 
-8.0479614615e-34 
            nan 
-3.7071436054e-06 
5.7939150055e+18 
-1.9709271309e-28 
1.1440566969e-15 
-8.0149489717e+31 
-5.6672418529e+12 
-7.4944242008e+25 
4.4235657087e-17 
1.0743199848e-02 
-1.5011596398e+34 
1.5004783630e+02 
1.9066889413e-27 
1.6172839460e-15 
-1.9077454889e+12 
1.1660463177e-12 
3.7980159126e-18 
5.8674513494e+25 
3.3426669647e-17 
-8.8552489785e-08 
-7.0427074560e+10 
2.0084340252e-18 
-3.0206973746e+28 
2.3986943237e+32 
7.6826126490e+18 
1.5057740752e+37 
4.5252262419e-27 
9.9873334312e-26 
-1.6983388306e-28 
1.9513656438e-31 
1.9677950687e-23 
-2.9238803376e-34 
1.7604445219e+00 
3.4523249602e-13 
-4.4283302249e-36 
5.0173013451e+33 
-1.4241492005e+16 
3.3455750616e+25 
-6.7701652527e+01 
-5.6529351858e+23 
-2.7488281516e+20 
4.7304007601e-15 
-1.3182616800e+08 
-1.8936266451e-15 
-2.1101677400e+29 
1.2031780466e-13 
9.8428993335e+30 
-4.4039621072e-18 
2.0027120966e-13 
-3.7381424788e-16 
4.5740716001e-26 
-1.0329194874e-29 
2.4314958118e-32 
4.4497533665e+12 
6.3555630845e+14 
-1.5968561523e+04 
-1.1825438690e+02 
-1.0798259176e-08 
1.5668096167e-17 
2.1373200993e-14 
4.0485747025e+34 
-2.7634106933e+30 
-1.7986956493e+11 
7.5686776952e+26 
1.6202238400e+08 
-2.6076437022e-17 
4.2703396875e+05 
2.2054812951e-25 
4.8044366849e-05 
7.0783991814e+00 
-1.0855118750e+06 
-5.5966212240e+14 
-2.2108384519e-19 
-4.6452118400e+08 
-3.6740192822e+24 
-1.6446234275e-24 
-1.0149178165e-09 
-5.1528725287e+35 
6.8219411976e+17 
-4.7368842313e+31 
4.2615474701e+01 
-1.1822509003e+02 
-1.9553744980e+30 
5.9212479078e+19 
6.5620519103e-15 
-1.8106935918e-01 
-4.8646028154e-03 
-1.8652052857e-23 
1.3107556951e+20 
3.5173461366e-10 
3.5544668208e-04 
-1.1752489334e+36 
2.4495674378e-09 
-1.4858205274e+24 
-1.3659130334e-31 
6.3050246094e+04 
-1.4105652415e-24 
-9.7039745941e-26 
-2.8059399680e+09 
-1.1731701492e-25 
-5.1019445668e+34 
-5.2002994056e-36 
1.2191412919e-27 
8.6466009521e+02 
-3.0769426320e+36 
1.0905998750e+06 
7.8817550527e-27 
-8.1746062827e-13 
-5.3266644417e-30 
-8.2921275000e+06 
-6.2528358751e+28 
-1.4215928359e+16 
-1.2270906554e+33 
3.9117878953e-27 
-5.5915996691e+15 
5.5248387500e+05 
-2.3855098724e+01 
-2.0381527944e+24 
8.2107174400e+08 
1.3937088847e-01 
-1.9907820864e+20 
-6.2949863181e+21 
-7.6911704570e-34 
6.5044985842e+18 
3.2758340558e+26 
1.0855520170e+21 
1.1853641056e-22 
1.2641897442e-29 
9.2827305198e-02 
3.8382980128e-10 
5.3711423089e+27 
8.6871214973e+26 
-1.9828983116e+34 
-1.3960211743e-37 
-1.2247524446e+16 
2.9898541352e+29 
-6.2932628943e-13 
2.7283594970e+33 
1.5517010691e-13 
-6.6645935703e-07 
9.2313276871e-29 
-4.5798633982e-12 
-1.1958743666e-31 
9.6612155437e-01 
-2.1996118117e-28 
-3.6018426866e-35 
-8.5917421891e+22 
-9.5294659035e+17 
-8.7782598257e-07 
-6.0332886183e+29 
-3.1390598418e+25 
-5.4738307782e-16 
-2.2096966035e-08 
-8.6754749218e+36 
2.6469559877e-09 
1.0299941255e+19 
-2.7266064535e-06 
-6.7448999846e+19 
-7.0998022812e+31 
2.3757174784e-25 
4.8614295938e+36 
1.8748448094e+22 
1.8210838318e+02 
-8.2268811356e+26 
-1.0618178372e+14 
-1.1113514802e-06 
-6.6337435789e+26 
9.1405384243e-02 
-3.4554439545e+01 
3.1715939200e+08 
4.7393039569e-30 
-2.1360458075e-24 
1.9895357600e-33 
5.6324947357e+01 
3.5758160489e-29 
9.5423435431e+26 
9.5054183042e-26 
7.2254057653e+15 
2.2947632534e+23 
-4.0439390251e+37 
1.4734263869e-25 
-1.6640168712e+21 
-6.4902589440e+09 
-2.5611159287e-38 
2.3870259514e-20 
-1.2465149219e+05 
-8.2705783611e+19 
-2.7445839794e-36 
5.1337617149e+32 
-6.8856397411e-04 
-4.7327714128e-05 
1.9604039700e-28 
-2.6404000365e+17 
1.9615046916e+28 
1.3993704448e+10 
6.3451928930e+34 
-1.4153630554e+20 
8.5351384273e-20 
-1.8954817267e-16 
-7.4929630722e-21 
-4.1539677500e+06 
1.2537018032e-16 
-1.9765698139e-13 
6.0693703396e-09 
-2.4424361316e+27 
1.5903342419e+28 
1.9233138031e-13 
-3.5037789587e-24 
2.1877520628e-10 
3.3041944740e+35 
-1.4850587057e+25 
2.4778218807e-15 
8.4988833071e+30 
-7.9366199672e-02 
-1.8970398361e+20 
4.2708596875e+05 
1.4666209117e+37 
8.7327400422e-08 
-1.0320329591e-22 
-4.2979250602e+24 
-2.3939898597e-07 
-3.0604326704e+25 
1.3193820015e+38 
2.5571356443e-20 
-2.6674558000e+07 
7.4047579750e+12 
-3.6730099452e-27 
1.1527622606e-10 
1.4080164471e-28 
3.7921485396e-10 
-9.2416932773e-08 
-2.8597777920e+09 
1.0892887803e-04 
-1.1314837220e-28 
1.8980665344e+10 
-4.3421199360e+09 
7.1117110274e+18 
-3.0524268856e+20 
-3.0786817229e+11 
1.3243408469e-19 
1.0422697403e-16 
7.7560165664e-04 
-3.2834026398e+16 
-6.2615955200e+08 
1.9450168043e-34 
4.8243384444e-35 
3.7935796875e+05 
-1.1568558750e+06 
7.5599113464e+01 
-3.8492981010e-29 
1.9158557741e-33 
-8.4553492188e+04 
1.5725776139e+22 
7.1608826075e+27 
1.2229436523e+04 
5.4442443168e+36 
-1.5990194195e-12 
7.9759834293e-09 
-2.2785762355e+23 
6.6573082508e-23 
-1.1423209412e+17 
2.1359244234e-11 
-9.8602211021e-34 
2.2332366711e-07 
-1.2689565339e+37 
-2.3248386327e-08 
9.9017605595e-18 
-7.3047075046e+15 
1.1398132666e-19 
-9.3099742401e-28 
4.2865742188e+04 
-3.1601945600e+09 
-4.5152305152e+11 
7.5736930594e-03 
2.1676147831e+38 
5.1336407495e+17 
3.4338829517e+00 
4.3074672852e+03 
-1.9178651014e+38 
2.4767812674e-30 
-8.8665675775e+32 
7.5055292969e+03 
-2.7619279718e+37 
-1.0948708701e+28 
1.1013021224e-11 
-3.6392857403e-34 
3.5225215070e-16 
1.6036862350e-27 
-4.4739954174e-02 
-4.8977701894e-09 
4.1342753873e-12 
-1.0542032003e+26 
6.8550157790e+25 
6.2479998815e-23 
2.8668542138e-33 
-4.9656010433e+20 
4.0915824671e-19 
4.2480287435e+37 
-9.3364471527e+16 
-7.0759305767e+34 
1.1029574269e+29 
6.6364343601e-25 
-7.2669074127e-17 
4.9040390143e-24 
-9.5082719277e+36 
-9.6413823396e+37 
-5.9111641088e+10 
-5.7552834396e+13 
5.1659295122e+27 
1.6763021052e-01 
3.1645783691e+03 
-7.8105037101e-03 
2.7898001834e-13 
-4.2582340058e+27 
-3.4766808359e+19 
7.6358957291e+00 
-6.9122527204e+15 
-4.5856728285e+14 
-3.7700907900e+24 
2.7931072798e-34 
-1.6235314453e+04 
1.1216212809e-01 
1.4099427381e-28 
2.1341922760e+01 
1.5589431527e+33 
6.3808241763e+16 
-3.2451204862e-30 
-1.7846941935e-20 
-2.3774681498e+11 
1.8235865023e+31 
-1.7846053786e-16 
7.2351817186e+36 
2.8363844606e-08 
2.3943238910e+13 
6.8709965899e-15 
-2.6777114995e+24 
7.6976502093e-28 
-1.3407430495e+19 
8.0293237538e-17 
1.0058930117e-22 
3.4995616179e+18 
-2.8054700687e+12 
3.5139103224e-38 
-2.0323288990e-16 
-7.2396457502e+36 
-2.4312824890e-30 
-9.1945729316e-31 
-4.5644556000e+07 
-8.3715250645e-17 
1.5355341239e-13 
3.0428743969e-08 
4.7962953142e+33 
1.5726475340e-06 
5.1230108800e+08 
-1.1940450867e+20 
1.5970294086e-29 
2.6119716864e+11 
-3.0766339384e+26 
-7.8545086841e+14 
1.1635218725e-22 
-1.5129557196e-36 
-8.4561342591e-16 
-9.3498268182e-32 
1.5891364217e-01 
4.5383129871e+26 
-6.5186056000e+07 
-1.6451123963e+14 
-6.3328183295e+37 
-1.4363647293e+27 
-1.0767666273e-11 
1.6372243612e+30 
1.6186553978e+14 
1.1444101017e-34 
1.2826453788e-10 
2.6965867478e+20 
1.5441722312e-28 
-7.1112335967e-32 
5.5904135906e+27 
-7.1816406250e+05 
-5.0150543478e+35 
4.5420888811e-02 
-2.1152937744e+29 
7.9985061476e+37 
-2.6367209206e-18 
4.5337173866e+27 
1.7376640625e+03 
-1.1707613184e+11 
3.2758623047e+04 
-1.9969322022e-26 
-7.3327482657e+26 
-4.9037107965e-04 
-6.9554415866e-28 
1.1464231257e-12 
-1.0142756537e-06 
3.3768945089e-28 
-4.3084806833e-08 
1.4905616604e+22 
-5.7344246094e+04 
9.7779906240e-28 
2.9739090290e-38 
-1.2553525925e+01 
1.5348810547e+04 
8.1520993861e+20 
1.2655461418e+36 
2.4341164817e-07 
-3.1073354449e+27 
-3.9781445288e-38 
-2.5451696875e+05 
4.6807439360e+09 
1.5330669758e-36 
7.7329436168e-17 
-3.1832614772e-33 
6.0938570852e-28 
-7.9396267218e+16 
-9.3934001370e+16 
-3.0663708496e-21 
-1.5403261952e+11 
-8.9026503036e+26 
2.6393048465e-02 
3.1581387500e+05 
-3.9703598786e-35 
-6.1530593230e-21 
-2.0282264054e-01 
3.8898662401e+21 
6.6623943978e-15 
3.9014902675e+28 
-3.3719118913e+20 
-2.3169548667e+25 
-9.9126276872e-26 
-3.8585193506e+31 
7.2633834711e-12 
-2.3060446167e+02 
4.8316775064e-05 
2.2583922444e-37 
-1.0242816163e-29 
-1.6698046000e+07 
-1.7449241736e-21 
1.6678585253e-36 
-1.5775755452e+19 
1.2413499392e+10 
7.8683246102e-05 
-3.5188630549e+16 
3.7725766105e+37 
2.6985645998e+12 
6.9304401986e-03 
8.5267246080e+09 
2.3383467474e-37 
-1.1336741181e-06 
-7.0205998412e+26 
2.3446285691e+33 
-5.7748350572e+31 
-1.2602453262e+14 
1.3404367864e-01 
-8.8064796348e+28 
1.2149458071e-38 
-1.3698518856e+29 
3.3245396875e+05 
-6.4170832634e+00 
-1.1496062872e-23 
-2.7966694840e-24 
-6.7396649448e+24 
-4.9964671718e-26 
8.9387724627e+22 
1.3437079268e-22 
5.2183978271e+02 
2.4732751953e-33 
-3.0934956032e+10 
-1.4799510306e+32 
4.8965165993e+31 
-4.4725856855e-38 
-1.4234706698e-33 
-4.5597127403e-34 
8.9010540771e+02 
1.1039255610e-23 
-1.0955371516e-32 
2.2813831987e-12 
-9.4875540088e-29 
-3.4566907114e-09 
-4.1614129312e-22 
-3.5116080899e+27 
4.0887341309e+03 
6.6181656576e+10 
-3.1875771842e-27 
-1.2049120256e+10 
-5.8232215203e+20 
8.3921466461e+37 
-3.0435577858e+36 
-1.9235430352e+37 
2.2699300576e-23 
-1.9923030775e-21 
2.0156893732e-25 
-1.3962108154e+03 
-2.2663322743e-03 
-1.0931589920e-26 
6.2142073709e-09 
-7.5578793750e+05 
2.9462755328e+10 
-2.4014298438e+05 
-2.2137820469e+23 
-1.5202890585e+26 
-2.0120858154e+03 
-7.9546480067e+12 
2.5493009970e+18 
-6.6636840383e+14 
3.5150722560e+09 
-1.4624936523e+04 
-6.5015976094e-20 
2.9662062298e-04 
3.4280201793e-01 
2.3184056129e-13 
-1.5975960106e+22 
-5.1999233319e+20 
2.9275825289e-24 
-3.9366006115e-12 
1.3230318750e+06 
1.4786158750e+06 
1.5681506127e-27 
-1.8548688455e-37 
1.0227345675e-01 
8.5652723802e-10 
1.3263178552e+26 
2.4675782412e-28 
-3.5962109157e+24 
9.1386872585e-36 
2.1550919295e-36 
-6.2712102064e+30 
-5.2369752666e-04 
2.9832472137e-05 
1.7640442626e-15 
5.7876653767e+24 
-2.5175666329e-36 
-5.3882724949e-09 
2.1193009600e+08 
5.1680781678e+21 
-8.5887350000e+06 
3.7389199167e+36 
3.5919979215e-35 
-2.8584173584e+02 
-1.0341745003e+27 
-9.6435389278e+28 
2.7754647056e-24 
8.9799532137e+31 
7.8557944899e+14 
-3.6337994936e+15 
3.8992927615e+29 
6.3091545105e+01 
-1.1401875718e+37 
-1.0983394567e-32 
-6.7691894614e+27 
-1.5070305600e+08 
-9.4985588356e+24 
1.3756038243e-05 
3.7244241329e-35 
3.4763041659e-25 
-1.1980124664e+02 
-3.1030705269e-16 
7.7082435941e-34 
-1.9239929649e-09 
6.3837150574e+01 
-4.4854103623e-35 
-6.2880452631e-21 
8.6251233621e+19 
-2.1669635436e-27 
-2.1166321635e-01 
-4.4212513082e+22 
4.4617659779e-22 
-7.4260561791e+17 
2.3182774894e-03 
7.6825548800e+09 
-3.7432399321e+30 
1.2248988502e-31 
-1.9554578790e-10 
-1.5435365376e+10 
2.9582432058e-31 
-2.8687887360e+09 
3.2028342266e-37 
-1.8811002868e+29 
6.1411587500e+05 
-2.8346133198e+14 
2.5095614790e-31 
2.4089959301e-27 
-7.6761793366e-08 
3.2120193750e+05 
-3.7094526367e+03 
6.3514838303e+12 
-1.7047269597e-29 
-9.1002278955e-14 
-3.7775036249e+22 
-4.6582754047e+20 
-1.1209592143e-09 
-6.4153511145e+35 
-1.8075927444e-33 
7.3421172785e-25 
-2.0744190720e+09 
-4.7652926390e+13 
6.6145711770e+20 
            nan 
4.4351999532e-04 
-3.3969579322e-27 
-1.0375910642e-04 
-1.1073788073e-06 
2.3359573831e-08 
-5.7736093634e-25 
3.1549566000e+07 
8.1099380210e+30 
1.3496119543e+17 
4.4188716888e+01 
-3.2055346475e-22 
1.0372694731e+00 
-2.2221799850e+01 
-1.4341959969e+34 
1.3178904773e+13 
2.4846799850e+01 
2.6727023318e+33 
5.4110587383e-33 
2.8946434031e-04 
-3.9516110848e+13 
2.3048400753e-13 
1.8621767358e+18 
1.9684894442e+20 
6.7271263257e+13 
3.2285483897e-37 
5.4871991456e-37 
1.5459278750e+06 
2.3136796394e-30 
7.8355659993e+15 
-3.5207430555e-15 
-5.9016429245e+28 
-1.5392828393e+29 
-8.0380862069e-32 
1.0367997110e-21 
-1.2073808327e+24 
-9.9056054869e-36 
6.1100531003e-22 
-1.3248156011e-01 
-5.5287022129e-33 
8.8945144000e+07 
3.2775608036e-21 
-3.3061473381e-29 
-1.3457385873e+26 
5.0022479942e+33 
4.4314977611e+25 
-9.3053285171e-22 
1.5493986287e+17 
-7.1814444268e+31 
-1.7829768309e-35 
1.5806310309e-24 
-5.6442470178e-22 
-1.5973269926e-19 
-2.4852042067e+26 
2.2025525915e+23 
-6.9439072000e+08 
8.9363770161e+24 
-1.1748354757e-21 
4.6746674321e-14 
3.8269830699e+31 
1.5499839000e+07 
-9.7034957435e-05 
-7.4493260620e+25 
-3.0120763178e+24 
-1.9559596944e+25 
4.9788331282e+14 
-6.2488162912e+29 
1.9518901666e+35 
-1.9741817600e+09 
-3.1205276981e+34 
4.3694560623e-23 
3.2407141009e+16 
6.3922183104e-16 
1.6323268071e-08 
-1.0351936683e-24 
4.4527425996e+26 
-1.3420267623e-38 
7.2869947142e+25 
1.1457064370e+28 
-8.3954104248e-14 
-2.9552895590e+12 
-4.5470509302e-11 
-3.2742937835e-22 
-1.6546640890e+28 
1.4256205591e-11 
2.0065651479e-14 
5.5699373303e-23 
1.1912308536e-29 
3.2577148000e+07 
-2.7994657867e-03 
-1.3921306330e-09 
-2.1843395763e-25 
-3.4468583147e+17 
-6.2851155768e-18 
-4.4022775009e-11 
-4.3135379293e+15 
-2.9625859227e-33 
2.5603465216e+10 
9.3866168273e+21 
-1.5324239784e-20 
1.1744203200e+08 
-3.4034005026e+23 
5.5310294308e-15 
-7.1206527710e+01 
1.2125380643e+36 
-5.9285623286e-12 
5.1385900756e-20 
1.4204759199e+38 
1.3958183942e-08 
6.4277177734e+03 
1.5711939955e+22 
-1.4156412486e+13 
-1.2948929395e-07 
5.5723617280e+09 
2.6636933327e-30 
-2.1226274284e+21 
8.8460263832e-28 
-1.0925288125e+28 
8.4601492188e+04 
-4.4942893359e+22 
6.8314772377e-20 
6.2695626875e-36 
4.2340677120e+09 
2.5800168991e+01 
-8.7862303162e+29 
3.3888306657e-12 
9.9589021696e+10 
2.3420751067e-29 
-3.7623911314e+19 
4.9419322750e-04 
1.6875184295e-24 
-3.4174138273e-37 
-4.0154835582e-01 
            nan 
-1.7670563794e-22 
-2.2374407864e-38 
-1.3596311984e-26 
1.2670104800e+08 
-1.8969056725e-07 
2.0176163400e+34 
-6.3816566777e-14 
4.0093917500e+06 
-4.8825746094e+04 
-1.1048498400e+08 
2.1662215373e+11 
8.5672133570e-28 
-1.3260858154e+03 
7.8682692761e+16 
2.4300858880e+20 
1.6500435462e-09 
5.1209466619e-05 
-3.7334285169e+29 
-5.6110986968e-09 
2.0095834379e-20 
-5.6641121280e+09 
5.9701900482e+01 
1.1462966272e+10 
-2.2183533697e-14 
1.7971467405e-28 
-1.3951935703e+26 
6.7503137703e+16 
5.5808687287e+26 
2.1590220456e-07 
-7.8839376260e+18 
1.5468959298e+16 
-7.3474515560e+15 
-6.2521487539e+22 
-2.3729056053e-08 
-4.1971933026e-26 
-6.9606983409e+15 
-3.0756070614e+00 
-5.8274235000e+06 
1.2599348154e+28 
-1.6900881408e+10 
-3.0385643749e+19 
-2.8443757363e-26 
-4.3166133862e-11 
6.4601586629e+31 
-6.8735805636e-39 
7.7780674251e+26 
1.4040886649e+29 
-7.2540566945e-37 
1.1043032461e-10 
8.1105669325e+11 
-3.9398766080e+09 
8.5618734147e-07 
-9.8282032686e+32 
1.1416959018e-01 
-6.6469714985e+13 
-2.2374433903e-11 
-2.1371739177e+12 
-3.2478590000e+07 
-1.8621617930e+12 
1.2377253150e-38 
-1.1614785790e-31 
-2.8218540196e+20 
2.9976606637e+34 
-2.9361074834e+19 
-3.4472713647e-16 
6.1356310954e+36 
-9.3016889307e+20 
-3.6894550250e-16 
1.3034936523e+04 
-2.7767829702e-10 
8.7945691013e-23 
-4.0353832806e-16 
3.5064808274e+22 
-3.1676579946e-31 
-2.5286006082e+31 
-6.5778867607e+31 
5.1284169600e+08 
9.9410540771e+02 
3.9348981349e+34 
-1.5800389353e-26 
9.2367675684e-36 
-1.8014327483e-26 
-1.1430016886e-31 
-2.5565180207e+38 
2.7479647152e-33 
-1.6422273827e+28 
4.8950746094e+04 
-1.9544600248e+00 
-3.4791371226e-01 
-4.1219796278e-17 
-2.8295242399e+16 
-2.0673928322e+26 
9.9960308075e+00 
2.0783689728e+10 
-4.0388742188e+04 
-1.1302726109e+36 
-8.1798324585e+01 
-1.2778543805e-06 
9.9725067614e-13 
1.0348995218e-23 
1.3151343033e-37 
-2.7691857692e-30 
6.0661751785e+30 
-1.1761766691e-12 
-6.3071063240e+15 
3.0657262704e+19 
1.3961005893e-24 
6.2541934975e-17 
1.2102848438e+05 
6.6839411425e+12 
-7.5115276534e+12 
4.2040664653e-34 
4.3974565385e-19 
1.3687594604e+02 
-9.6372318126e-08 
-6.7836475000e+06 
-2.1850310219e+22 
-4.3398499621e+30 
1.5607050048e+29 
-2.9599849950e-04 
-1.1188222400e-31 
-3.1497472396e+26 
1.8395527374e-38 
-3.1793719245e-05 
7.6716652035e-24 
-2.5405847040e+09 
-4.6693161011e+02 
-1.4256034144e+38 
-2.9526742651e-07 
2.8088499940e-27 
-6.6980720070e-24 
1.6867494820e-17 
5.9216684103e-01 
-6.1668441187e-11 
1.0881298065e+02 
2.6448524800e+09 
-1.3239571186e+13 
1.6075251442e-34 
-3.1790778809e+03 
3.1679144118e+24 
-8.9819588798e-29 
-9.5365973354e-19 
3.7683452000e+07 
-5.7471579579e-11 
7.6761947798e+30 
-5.7485666763e-33 
-2.5005876980e+36 
9.9048318158e-11 
7.0963513281e-05 
1.2584253104e+16 
-1.5488406137e-32 
4.2605673221e-13 
-3.7275037696e+10 
1.6324486131e+29 
-2.9901579542e+25 
-1.2538851488e-14 
4.5167723044e+20 
5.0177536011e+02 
-4.3146213056e-13 
3.4998262777e-07 
1.6731355780e-16 
-2.2703322000e-28 
-5.1161443860e+12 
-1.0233303550e+21 
2.6736936569e+01 
-3.2400010241e-05 
2.4856525733e-14 
3.6231839657e+00 
-1.3497011842e-29 
3.3729437500e+06 
-6.0418899122e-32 
2.9956851847e-36 
-4.8375209651e+17 
-9.0079736000e+07 
-3.5994300690e-25 
5.2209625252e-17 
4.5240154577e-05 
6.7211381444e-16 
-4.2347036387e-26 
-1.7801215198e-28 
-1.9778046400e+08 
-1.4666240444e-09 
-6.7867524465e+12 
1.3909243047e-01 
8.3717004268e-16 
-9.2971687319e-27 
-2.2361402105e-21 
-4.2785813247e+14 
8.0516798633e+26 
9.4653801038e-17 
1.1991461643e-11 
-6.9972135313e+29 
-2.9637746096e+16 
-8.3226647611e-30 
-1.1429187576e+24 
-2.5526171756e+14 
-6.2286441631e-21 
-1.8845407742e-19 
1.7067828949e+17 
-8.0732913308e+24 
-1.7263810150e-05 
2.1089076996e-01 
-8.9436662165e-06 
1.4823746792e+23 
-3.6985388351e+27 
-1.4085618258e+00 
3.1720238994e-23 
1.0944955580e-34 
-8.9999970913e-34 
-1.1894001765e-26 
3.5864832997e-01 
8.9806862889e-06 
5.2074523821e+37 
-2.7890335076e-21 
5.8416207021e+28 
1.7178294824e-28 
-3.3873066278e-29 
1.1519611813e-02 
-6.6642806250e+05 
1.3215732973e+27 
1.0150936515e-11 
5.2528005838e-01 
-2.9978828653e-17 
-1.1231392431e+38 
4.0550673930e-09 
8.2945339382e-02 
-1.8443498681e-15 
-5.2963840000e+10 
9.7514451212e-14 
2.6658366551e-04 
1.8764156895e-09 
-1.4217038056e-14 
6.5663841087e-04 
-1.1077280231e+21 
9.4182283306e-08 
-8.2841262396e-23 
7.7016888653e+35 
-1.0702243800e+15 
2.1529136432e-20 
6.1157729942e-04 
6.1774606833e+33 
-8.4106742407e-19 
6.4072277832e+02 
6.5298546620e-40 
-6.2200867717e+12 
-2.2245911648e+37 
1.1345521780e-03 
-5.6249609278e-18 
-3.0121016478e-34 
8.6874500000e+04 
-8.1770143196e+19 
1.4335381923e+29 
1.0353858185e+02 
-1.5471521037e-18 
1.7238362540e-19 
-5.1871424631e+32 
3.1278176942e+29 
1.2103827993e-35 
-6.1617666483e-01 
-5.8246085000e+06 
-4.0378923304e-36 
-1.0539298096e+03 
-7.3647181906e-29 
-3.1845103518e-31 
-2.1127667402e+17 
1.5350525856e+01 
-1.3491891870e+23 
2.1261264008e-38 
-8.9982650138e+22 
-1.5988050301e+21 
1.9747852829e+31 
-1.4991079162e+22 
9.2604406250e+05 
3.1062145106e+13 
-9.7594738007e-02 
3.0785638383e+16 
-4.9725585938e+02 
-1.0914075527e+34 
6.9439313255e+15 
2.0976926862e-08 
-4.5741789833e-38 
3.8070393371e+27 
5.6634275112e-29 
9.8556935477e-17 
-9.2671856284e-02 
-2.6234248115e+27 
1.8013404903e+21 
1.1609520627e+18 
-2.8713651454e-24 
1.2363180582e-36 
2.9121385595e+12 
3.0178719826e+13 
2.5198803837e-27 
2.5177623047e+04 
3.1914897626e-36 
-1.2802157524e+26 
3.8339382513e-07 
-4.1382693695e-30 
-1.5130578540e-02 
-8.6026915369e-07 
-2.6838321600e+08 
-9.4694913267e+36 
1.3780045915e+18 
6.2528038303e-12 
1.1511416820e-12 
1.4400966310e-19 
-1.3119958018e-17 
9.9855969893e-07 
-6.9650353659e-31 
-1.9145166784e+38 
-1.3356646397e-35 
-5.1123112547e+17 
5.1308646221e-10 
-2.7585445555e+24 
-1.7883794499e-06 
1.1566425386e+38 
-3.1845156250e+03 
5.3133582688e-18 
-1.4035734380e-13 
-1.0736441870e+27 
-6.5285250000e+04 
3.4484305322e+32 
-1.7931171988e+22 
2.6603291722e-21 
-3.7471356275e+19 
4.6406668520e-14 
2.7924219115e-33 
-1.6710149287e+28 
1.6039217600e+08 
1.6004163494e+15 
-8.7315626420e-21 
1.4538701180e-05 
-8.8692991306e-37 
-2.7691214664e-13 
-1.1986357093e+27 
6.7250377489e-10 
1.3305678948e-27 
-1.6234134746e+28 
-1.6344237323e-35 
-2.3841566759e-29 
5.9106634521e+02 
1.7564374453e+14 
5.5891009521e+02 
8.4007980092e+21 
8.8768512923e+16 
-8.6933996831e+14 
-7.7344093795e+21 
5.6795838022e+13 
4.0720868772e+20 
6.7225583332e+32 
2.0675505357e+11 
1.8974645794e-28 
8.5113808422e+28 
-2.2907585251e+35 
1.0401671410e+01 
-5.9433700557e+11 
-2.0907207647e+36 
6.0148766352e-05 
-1.2754329537e-10 
8.9185334961e-34 
-2.3804585689e-35 
4.2517713066e+24 
6.4336636791e-35 
4.8228960000e+08 
-2.4059191853e-33 
-2.0113585464e-08 
-3.0166121094e+04 
5.1108865282e+16 
-1.1310974488e-36 
-2.4834604831e-18 
-6.3760978699e+01 
-5.6349560914e-36 
2.5822030214e-15 
2.1441660942e-29 
6.7492661460e-10 
3.2015791535e-01 
9.1857260000e+06 
-1.4751598343e-30 
6.0169976000e+07 
-8.0313949585e+01 
-1.2622397728e-33 
-1.6930158080e+09 
-9.9597594355e+16 
-2.1201959024e-30 
1.8878550946e-31 
2.2790554552e-37 
2.1237296096e-05 
-1.4699589480e+18 
-2.9553769607e+17 
8.2371882569e+14 
1.6176996409e-09 
-6.4490698114e+25 
3.0903961408e-19 
-1.5022876766e-24 
1.0779933440e+09 
1.0356093828e-19 
7.2293317646e+37 
3.4722403200e+08 
1.4298392178e+32 
-1.5058571725e+20 
1.5117498438e+05 
-1.4915023877e+14 
3.0758270000e+07 
-8.1810405561e-08 
-1.0408853863e+21 
1.4849020045e-33 
-1.9013304090e+28 
-1.6384645132e-03 
1.6277635193e+02 
-6.2196808595e+25 
1.0259542312e+18 
2.8023745260e-24 
-1.1637686523e+04 
-3.9242498699e+34 
5.6995637270e+24 
-1.4579946583e-04 
-2.1146991821e-25 
-2.6464126000e+07 
-1.6090731756e+35 
-3.7738753104e+19 
3.7902693283e+28 
1.0221106400e+08 
7.8265968783e+31 
-7.6724729001e-12 
-7.6459535965e+25 
1.2224623777e-36 
-6.3075616272e-33 
-4.1438184768e-37 
2.6069492127e+24 
1.4123907676e+20 
4.4252979200e+08 
9.8427717918e+28 
-7.8878223397e-13 
8.3462218754e-06 
1.0919498932e-27 
-5.5257131052e-37 
1.2107982039e+32 
3.7488445746e-20 
1.5580439997e+36 
-2.8568625450e-02 
-4.6671616000e+07 
-5.9657750000e+04 
9.8388184135e+37 
-1.7969302200e+36 
-2.2177468054e-05 
-3.9810696112e+14 
4.0366274902e+29 
4.1621600000e+06 
2.1693674291e+11 
1.5652765226e-33 
-1.7449666866e+36 
6.7315042429e-10 
-2.8013077976e+28 
-1.9734657779e+35 
1.8944617070e-22 
-2.0691571884e+16 
-4.1351791230e+29 
-1.6306935198e-20 
-8.8665910880e-07 
-3.2468252681e-23 
-2.5638822999e-33 
-1.2170898062e-31 
5.5581338208e+15 
-1.0842432307e+11 
2.1617551804e+01 
8.9302206822e-36 
9.4997106139e-16 
2.1754531872e-28 
3.4874160640e+09 
-1.5115877867e-15 
-5.8951015965e-28 
1.9774769509e-25 
4.0441853138e+35 
4.8109595869e-21 
-8.3456299108e+27 
1.4786492826e+11 
4.3460691369e+27 
-1.0760453733e-04 
-1.5361247985e+24 
-3.7295211076e+17 
-4.4871569026e-13 
8.6816248000e+07 
-3.8860036025e+17 
-4.2179877665e+25 
3.5136109851e-16 
1.0670613497e-01 
4.2305348542e-14 
-3.9467497530e-16 
-3.5439530542e-13 
6.4903457090e-32 
4.8562392996e-10 
-1.3953448640e-11 
-1.2004149219e+05 
-2.2118220195e-30 
-1.1866985820e-02 
8.8551085734e-35 
-5.1873454530e-28 
-1.4578843688e-09 
5.9770706281e-15 
1.6218403009e-10 
4.7456867200e+08 
-5.6991284231e-18 
-3.7057369232e+01 
-5.4602772859e+15 
-1.6018918991e+01 
6.8133475521e+18 
-3.1777244168e+38 
-1.1177252190e-06 
2.1750140000e+07 
2.4863127306e+29 
2.0956152002e-04 
-4.1282868324e-07 
-5.5898341816e-04 
-4.4396250587e-07 
4.7404677734e+03 
7.3135809961e+35 
-3.6454585192e-22 
1.2461116229e-33 
-8.2522985758e-04 
1.1996025917e-12 
-1.1884894345e+17 
4.7467567679e+26 
-9.6990549271e-23 
4.1578744000e+07 
-2.1368671206e-29 
-1.0447918572e-11 
-5.4674656729e-13 
3.4141837722e+11 
-8.6868902188e-23 
-3.7990274121e-11 
-2.4573204552e-24 
4.5142503424e+10 
5.7790142180e-18 
-6.2940574506e+22 
3.8281946484e-30 
6.6898624963e+21 
7.6476492188e+04 
2.3451254810e+20 
-1.0964460110e+14 
3.5352384214e-11 
-2.6544405217e+12 
-3.9986568419e-18 
1.1469842138e-04 
3.8331519917e+36 
1.8989283029e+37 
5.6086425516e-14 
3.2912539876e+38 
2.3903861146e+11 
-1.2991374311e-31 
8.7819703144e-29 
-1.0345880960e+09 
-2.3573527580e-35 
1.6581256443e-37 
2.9564111115e-22 
-1.9269958400e+09 
-4.1567110063e-28 
-2.7243844632e-23 
3.5085849092e+22 
            nan 
2.8067795691e-36 
3.4809084000e+07 
-6.4352504909e-02 
2.4806734635e-17 
2.3004020063e-21 
-9.4479395376e+14 
-9.5366793750e+05 
2.0473906659e-07 
-3.4201188938e-35 
-9.0612245800e+24 
1.4481162044e-29 
2.0659063703e-15 
-1.4430733518e-11 
-1.1739334090e+23 
1.5711005556e+32 
-2.0734218415e-03 
6.7731870962e-21 
1.0246643069e-04 
5.3643847408e+18 
4.9174418555e+13 
7.6387199063e+36 
4.3128178344e+13 
7.3808765672e+31 
1.5462597613e+36 
-6.4952933860e+27 
3.7694161695e+26 
-2.9022884852e-36 
-8.6026870603e+26 
8.8465102276e-23 
-6.7125903643e+28 
-1.1622427849e+23 
-1.2957775857e-13 
-3.1076200008e+00 
2.9366072949e-21 
7.8472292683e-13 
-7.9220320000e+08 
1.0190644356e+25 
2.6912500056e-34 
2.5831343033e-24 
-4.5946073819e-33 
-4.6073227165e+19 
-1.1552901331e+33 
-3.7065858375e-27 
3.9852283178e+26 
7.5352083684e-08 
-3.2139289137e+29 
7.1748767536e-16 
-8.5493345280e+09 
-3.6624221869e-36 
-2.7343466869e-39 
1.1261014404e+03 
-1.2355814765e+14 
3.4673960481e-20 
6.0165159866e-37 
2.1717044001e-04 
-1.1176518447e+30 
-2.1268098438e+05 
8.2181830616e-30 
2.9583616257e+01 
-5.8805631798e+24 
8.4958376997e+17 
1.2303140471e-30 
-4.7758337110e-02 
1.0876602115e+32 
3.9552682753e-37 
-1.9978044927e-01 
6.9406492188e+04 
1.6121163914e-38 
3.3816940127e+37 
8.8720365044e-23 
3.6384969600e+08 
-1.1783125760e+09 
-2.3907182156e+14 
-4.3751167506e-25 
1.5186665994e-38 
7.6248186454e+20 
9.1456291563e+25 
-7.2713191621e-03 
-2.2931023950e+29 
-2.8431562477e-33 
7.1127426054e-05 
2.5255951514e+25 
8.0988098172e-11 
-3.0569854981e-10 
-1.9128049850e+01 
5.9898580418e-30 
2.0373725420e-05 
5.8932518474e-34 
4.3752532959e+02 
-1.0094785891e-35 
-3.6188319449e-19 
-5.5996971800e-37 
3.3790613525e-03 
6.6273764966e+11 
1.0620713022e-13 
6.8263671677e-26 
1.6143316795e+23 
4.5848865509e+01 
-1.6061217543e-36 
-1.0861194316e-15 
1.7980043520e+09 
-5.7392713595e+37 
-4.0795352500e+06 
-3.7320774582e-16 
-3.4520532235e+30 
1.2289810413e-26 
9.1651323675e-27 
-5.0106368291e-31 
2.3850386520e+36 
2.6777012682e-13 
-8.2297175216e-18 
-1.3857236583e-20 
1.3928436147e-06 
-8.7546862915e-07 
-3.4210381529e-31 
6.0678675778e-39 
-8.3625620738e+28 
1.1645037459e+29 
7.1869226025e+12 
            nan 
3.8489237094e+11 
2.9314265985e+20 
2.7899164160e+09 
3.6663864136e+02 
3.6271112931e-14 
-4.9755623578e-26 
8.7727529984e+10 
-1.3200959215e-09 
-1.4026245155e+15 
-4.8168144799e+33 
4.0980226004e-06 
-9.0824476575e-14 
2.4229799817e+27 
-5.6827769868e-07 
-3.3202533878e-23 
3.6375360651e-05 
-1.5386179301e+29 
-3.7362585203e-07 
-1.7260476416e+10 
8.1052329750e+26 
-1.4529608154e+03 
-2.3611318899e+38 
-1.4072043477e-35 
1.4276385398e+29 
3.0556643572e-32 
-6.7538674975e-16 
-4.3553330766e-20 
2.5549877462e-24 
-8.4108972915e-24 
2.0819852625e+15 
-2.7658254918e-13 
1.4152499419e-31 
-8.9704029262e-02 
1.0542186523e+04 
-1.9012095164e+28 
3.1178094295e-16 
-1.9628311290e-38 
2.5283918229e-14 
-3.0803352615e+19 
-2.6525695150e+22 
-4.0427357500e+06 
-5.2212282716e+31 
4.6638192422e-27 
8.6304468449e+23 
-4.3700316803e-12 
7.8100229120e+09 
-1.6332696000e+08 
-4.3483620260e-08 
-1.5409528804e-25 
-8.4025531688e+26 
3.7689213509e+19 
4.5985654114e+23 
-2.7896712548e-33 
3.7590477620e+25 
-4.3851984711e-38 
-1.2563623929e-33 
2.8728895393e-35 
2.2939659128e+17 
2.8316788476e+29 
-4.9495796287e-20 
-2.1783898438e+05 
4.2170282453e-02 
-3.7923508250e+34 
3.4291980304e+20 
7.2881722832e+14 
3.7748042658e+20 
2.4048893595e+15 
-2.4622791528e+17 
-3.2696508927e+14 
-4.2486665178e+17 
-7.0324379976e+12 
-1.8703499145e-38 
-3.5731051636e+02 
7.5672483529e+13 
4.8074634833e-05 
1.0082391170e-25 
-2.3790471708e+34 
-3.5836885542e-11 
1.5627818300e-20 
4.2451402760e-19 
-7.6212376143e-07 
-1.5782657373e-17 
-1.2627510316e+35 
2.4045099237e+36 
4.6479360094e-07 
-2.4038965332e+24 
-4.3078558841e-13 
7.0600884173e+27 
6.6141830054e+19 
-3.3482110000e+07 
3.0877293362e+29 
5.0529812637e+17 
5.8416468946e-16 
-2.7525183850e+29 
3.3007299294e+38 
-8.4199216630e-25 
6.4763981824e+10 
-1.7390420985e-22 
-1.9421667960e+32 
-2.9299056837e+13 
-5.9402311308e-05 
-3.7663746094e+04 
-8.7099045047e+19 
8.2192816125e-15 
2.4035850947e-04 
2.3054100703e+36 
1.7928833758e-25 
7.5038364157e-03 
1.4515815303e-02 
1.0512984261e-07 
-6.1114096886e-22 
2.6310503776e-10 
3.4341399745e-22 
5.3304549663e-10 
3.1156000224e-33 
-2.7624420085e-08 
-1.3270909634e+19 
-5.3273354568e+12 
1.4483896938e-12 
-2.2712068536e+19 
1.1146635837e-09 
2.0832341909e-01 
-2.0137957423e+23 
2.7375739474e-20 
-3.8762311958e+36 
-5.6698662110e-20 
-1.0884370923e-32 
6.0777313176e-39 
9.9523604480e+09 
1.1526493093e-09 
6.6500822291e+26 
-1.4489430100e-07 
-3.3804590426e-20 
5.0727393750e+05 
-1.1093783539e-36 
-3.6910084580e+15 
3.9090258497e-07 
-1.4272047433e-10 
6.7168041713e+34 
1.7198385600e+08 
-4.4139069460e+25 
-1.3725380171e+26 
-4.6638522037e-12 
2.0774603200e+08 
4.8221278023e+17 
-1.7512465816e-13 
1.8007403769e-14 
-1.0014433033e-10 
1.0154749031e+28 
4.5831425594e-19 
-5.9292166481e-33 
1.4824940590e-03 
1.3199785516e-20 
7.4306143336e-21 
3.1908225021e+20 
-2.6589189517e-08 
-3.9679658670e-08 
-1.0366459598e+33 
1.8232181244e+37 
-7.7531808615e-01 
4.6568724411e+34 
7.2263595150e-31 
1.0809595241e+20 
1.1993617954e-04 
-7.9955159286e+17 
-5.8973386441e+13 
2.3131536727e-04 
6.4399246094e+04 
1.3583284213e-17 
1.7346210169e+25 
1.3903667057e+16 
1.9136433711e-21 
-9.8035197880e-05 
8.6900273219e-13 
3.6598012000e+07 
-5.5417320503e+33 
1.5872700842e-24 
4.7117700888e-05 
-1.4737209716e-11 
-2.2466456382e+16 
-6.1947700075e-38 
-2.3469439193e+34 
-1.3509124074e-05 
7.8164940893e-21 
2.4881400580e+19 
-7.0288559309e+11 
-5.1096194485e-32 
-7.0491532139e+18 
-4.2215707384e-13 
1.2092446536e-01 
7.6049057617e+03 
-2.1321194057e-17 
-3.1971275416e+20 
3.5782073529e+30 
1.8703395102e+18 
6.5806721258e+31 
-7.5359902519e-32 
1.7443256376e+14 
2.8291884877e+23 
1.4146353920e+09 
8.6213619998e+30 
-1.4322339428e+23 
4.6709118363e-16 
6.1214129497e+23 
-6.2778658992e+32 
-2.1569526368e-26 
-8.5747234523e-02 
3.5704140373e-06 
-5.4699923225e+31 
4.1118942261e+02 
4.7257777693e+30 
-1.9929905920e+09 
2.4942498438e+05 
1.5760137467e-03 
7.3659127951e-01 
4.9994634095e-17 
-2.3260586705e-32 
-3.7974022799e+37 
9.3108531381e+26 
1.5553972332e-18 
1.9496675475e+16 
3.2627749502e-21 
9.0694210006e+28 
-2.8244360371e+24 
2.6991813039e-23 
-2.2801387327e+34 
-1.0076415253e+02 
1.9026259184e+00 
9.0818736314e-21 
3.8132301824e+11 
1.3874281645e+00 
8.5718804277e-10 
-1.7999242127e+35 
3.4643136676e-16 
-1.7001878867e+18 
4.5135657965e+37 
2.4464955128e+25 
-3.6504495711e-06 
1.9535183907e-02 
-8.1270416013e+27 
1.8846987583e+13 
9.8861842432e+11 
-7.3616802692e-03 
-2.0259125000e+04 
9.5993746072e-05 
-4.3659921408e+20 
-6.0276562500e+03 
1.7519297633e-21 
-1.7148515625e+03 
6.2448268778e-11 
4.9001453679e+15 
4.8565354882e+30 
-2.5524647043e+15 
1.3121775749e-27 
4.2802235000e+06 
-2.0151890713e+36 
-1.5372826547e-21 
3.6101837576e+19 
-2.8004139949e-06 
-6.8320560174e+15 
-1.3826915547e+22 
-6.3710701211e-15 
-1.4597039255e+38 
-4.2196696484e+23 
-2.2471557617e+01 
-9.9997653090e-30 
1.0596126484e-34 
1.6308041155e+12 
8.1573054194e-04 
-1.3679670067e+11 
-9.2973022461e+00 
-1.7039255142e+11 
2.0742422238e-23 
-2.2924793689e-20 
2.0346355438e-01 
1.9037764662e+14 
1.3153842400e+08 
-5.7657160759e+00 
-1.3973838122e-06 
2.5972958654e-02 
-5.1519880238e+28 
-2.7133978354e-38 
4.6177201830e-27 
-7.9996947600e+18 
2.7461581433e+22 
-2.3259432055e-05 
-6.3047885895e-02 
-8.3941665467e+16 
-1.1806597672e-27 
-3.9866752307e+17 
-3.1817161573e+32 
2.2351581354e-21 
4.5600969329e+20 
5.9042355133e-05 
6.0249403416e-31 
-2.1406879134e-32 
2.4397209184e+29 
-1.0564879254e+13 
-1.1132174705e+27 
-2.2283047620e+18 
            nan 
2.8636448486e+30 
8.3731251266e-08 
-2.7930051973e+30 
-3.2403640376e-18 
7.3761223082e+13 
-7.9616691589e+01 
6.2253138410e-28 
2.1377925805e-05 
1.3010154172e-14 
3.3559654746e-33 
-1.7020104453e-02 
2.1928188687e-07 
-6.2380953104e+30 
7.2028281117e-09 
1.7798745031e+13 
5.9794905383e-07 
5.3933900637e+17 
-1.8539237155e-32 
1.2457143090e-15 
1.3540575571e-24 
1.7866290149e-32 
3.1020694347e-10 
-3.1743363465e+35 
2.1060692581e+14 
-1.4056031556e-33 
-9.4331537711e-22 
-2.2972670849e-03 
-1.5634389622e+36 
3.0106746635e-05 
-3.6164564480e+09 
-6.9829912686e-11 
-3.7047272259e-13 
-3.7800960909e+31 
3.3963772000e+07 
-1.2283086032e-01 
-5.4909128332e-36 
1.8542622579e-32 
4.5074875000e+06 
-4.9167100000e+07 
-1.4859717083e-21 
1.1263760640e-35 
3.4522762957e+19 
-5.3112741560e-02 
-1.3850851683e-03 
2.3192317752e-38 
-3.2976653065e-38 
-2.5703710287e-33 
-1.8343711145e-28 
1.9526672402e-19 
3.8285343974e+18 
1.8195147200e+08 
2.3841432397e+27 
1.9384825342e-11 
-4.7848285334e-08 
8.7499145593e-05 
1.7999349518e+33 
-1.1505596849e+18 
1.5594546487e-10 
1.6003932549e+24 
-3.5854114357e+13 
-3.6723300449e-20 
6.1549813225e-16 
-7.8314324128e-06 
-4.0463621276e+23 
3.3956381300e-20 
3.2732564489e-12 
8.8881429994e-10 
3.6467877431e+15 
3.4194563134e+19 
-3.7875797883e+18 
4.8572702128e+30 
-1.7961695029e+37 
1.4987044219e-30 
1.8992925470e-04 
1.0547004320e+36 
1.7767440443e-18 
5.2084333374e-11 
-5.1888829799e-20 
2.7681091309e+03 
7.2103468047e+14 
3.3402986084e+15 
-9.1210827231e-02 
5.0152177734e+03 
-2.9063747936e-11 
-2.6407837009e-17 
6.1801305790e+25 
-8.8156670852e-10 
8.4696927891e-35 
-2.2561713867e+03 
-1.5854801519e+13 
1.8647593388e-15 
1.6508502147e-37 
8.7823837996e-01 
4.4181558205e+37 
6.0736721242e+28 
-2.0508908201e-03 
-8.5282519935e-10 
-8.1049047852e+03 
5.3618546235e-13 
-9.4321651997e-14 
1.7782933665e+24 
4.2757541002e+36 
1.7004419988e-06 
1.0671460800e+08 
-2.8299908114e-36 
-8.9243627520e+09 
6.8056985796e+19 
-2.3844395484e+21 
-1.0727219392e+38 
-6.9225964606e-16 
-5.9570783124e+29 
2.5462272831e+29 
3.3241176131e-25 
-2.1577250924e-29 
-1.6084158005e-06 
-1.9591444750e+20 
1.2710619120e+13 
4.7031631341e+24 
-1.7411076246e-37 
9.5010938880e+10 
-1.0966183880e-13 
-3.0788846700e-23 
-1.6017511569e-27 
1.6377108154e+03 
-3.1201347116e-22 
1.1482806477e-26 
-1.2581437225e-08 
-2.2096345103e+20 
-3.7930985625e-29 
1.2548466780e+29 
1.7294002288e-28 
-1.9915660067e-25 
-9.1181116085e-32 
1.8141762140e+33 
2.5649910941e-26 
1.7461593909e-24 
6.8857446400e+08 
-1.8899466458e-24 
-6.0172172364e+24 
1.7096292146e-26 
-1.0246208000e+07 
2.5186731898e+33 
-6.2321637158e+28 
2.7419531250e+03 
-1.7184078252e+15 
-6.1639927130e-28 
1.4753741658e+35 
-2.4317151245e-17 
1.8605943268e-37 
2.4198633674e+27 
2.5781214236e+37 
3.5830225219e+17 
-2.4601458607e+32 
3.4382630076e-10 
-1.8288312196e+16 
1.4739744492e+26 
1.7649468882e+17 
-1.6977440287e-10 
-1.5940306708e-02 
-1.1902622039e-31 
-3.6146945532e+24 
7.6379248640e-04 
-5.3108347942e-08 
-7.8350745047e+17 
6.4769140365e+18 
1.3192002251e+25 
-1.8930149622e+12 
5.7206366208e+10 
1.1273769274e-35 
1.0028234142e-32 
-4.6673175391e-35 
-1.5547650432e+34 
-6.5629476562e+04 
7.0903750003e-25 
-1.9983849779e-04 
8.4597752986e+37 
1.7666506055e-19 
1.7729633950e-12 
-7.5965056000e+09 
1.6901930522e-08 
-5.0014242530e-02 
-3.2716249959e+19 
-1.0458065033e+01 
-9.5028077851e-08 
2.0359876739e+29 
4.3557931713e-26 
-3.5765494835e+27 
7.3204442648e+15 
3.5825989825e+26 
-1.0857488793e+35 
-3.8353547420e-19 
4.2627527126e+31 
3.5931394049e-18 
1.9434056290e-38 
7.2710256577e+00 
-1.0187647253e+20 
7.3351585543e+14 
-6.7605643306e-10 
2.6475373976e-11 
2.6868901367e+03 
            nan 
-3.3601754761e+02 
2.0740238351e+38 
6.4088706667e+25 
1.0451743239e+30 
-4.0558129152e+10 
-1.4434954243e+15 
-3.3302378496e+10 
2.9108810690e-32 
            nan 
-1.2672457528e-09 
-5.4254490000e+34 
-2.8312592226e+26 
-1.5200499535e+01 
6.7730443234e-16 
1.9574534085e+21 
2.0703215450e+29 
-1.1390440941e+01 
-1.0000610989e+28 
6.4091198146e-02 
5.9604057617e+03 
-4.4760469304e-15 
-1.3938202712e-34 
3.8646010216e-03 
-1.0190690058e+12 
-6.6982703546e+29 
-3.9532906514e-32 
-6.3785877098e-19 
1.1888737072e+14 
-1.1750646907e+22 
1.0393350046e+13 
-7.5358433278e+30 
-2.3685244378e-03 
6.9684759521e+02 
8.6653979853e+12 
-9.0926991315e-19 
1.0069319251e-04 
-3.4175321209e+25 
-1.1262939429e-33 
-3.6228637500e+06 
6.7863355000e+06 
1.1415740235e+31 
3.0634022283e+21 
1.1767678512e+34 
1.2337666595e+20 
1.8874488438e-31 
            nan 
-6.6753382789e-17 
-7.4983993409e+32 
-6.1664369857e-37 
-2.4055786347e+14 
-5.5137978009e-28 
-6.4907362685e-03 
2.5224021091e-30 
-1.7385070027e-14 
-1.6882658181e+12 
            nan 
-2.3590896875e+05 
1.1393400871e-13 
1.0230954322e+18 
-6.0471735958e+24 
4.9747666321e-20 
7.4683085057e-22 
5.0646396415e-28 
-3.6119217585e-27 
-1.9076866048e+10 
2.4653512565e-10 
1.1596434570e+04 
5.7082889542e+20 
5.9484068837e-39 
1.6092567136e+25 
-6.5387241551e-23 
5.2669450561e-14 
-4.7446399966e+28 
-1.7393514185e-08 
6.6659763094e+13 
-6.4398742188e+04 
-3.4810359466e-06 
2.1840350998e+26 
-5.4901273695e-30 
-2.9746315517e-21 
6.8383982753e+18 
-1.4315109593e-33 
5.7575109198e-36 
1.9530854796e+27 
-4.7733221017e+30 
-2.4101853943e+02 
1.3282440425e-10 
4.2650045821e-12 
1.6555705996e+35 
-1.6325869631e-25 
2.6122545600e+08 
6.8071769714e+01 
1.4851276319e-05 
-1.4770868903e+22 
6.7545314754e-18 
-1.5625003513e-08 
-9.1494229715e-35 
9.3218328113e+29 
1.8006068776e+31 
2.5815101937e+17 
5.9327970956e+25 
6.1246964529e+26 
-1.8290891647e+01 
1.2934275818e+02 
1.9393394177e-04 
-1.4835387230e+01 
6.4700188459e+13 
1.0237961935e-20 
-9.0803626783e-35 
-1.4865944650e-05 
3.0293878637e+13 
-7.7769812898e-24 
2.3791594830e-15 
2.3663175106e+00 
-1.9022257848e+12 
1.1870425927e-35 
-3.0557493210e+01 
4.9366939545e+01 
-7.2364309266e-34 
-1.7544263830e+19 
1.3793983000e+07 
4.3382106443e-28 
9.3983938223e+25 
-4.4498111380e-22 
-2.1041898438e+05 
7.5579638898e+31 
-1.4036136236e-05 
9.6382675061e-30 
-5.4422171497e+14 
-1.3046575232e-32 
-2.5381983012e-23 
3.3685425818e+15 
1.7986926069e+28 
1.1531782095e+27 
-1.3597936523e+04 
1.3630328149e-13 
-1.8861852555e+30 
3.8743351903e-29 
-1.1127372596e+35 
5.3752156599e+14 
-9.1195375904e-12 
-4.3606197357e+01 
-2.0953121556e+35 
4.1095202724e-22 
-1.0857276329e-33 
-6.8924376571e+34 
-7.7538585414e+15 
-1.0166592057e-26 
4.0148619898e+32 
2.0439182096e-35 
-1.0436328747e-22 
2.3631079177e+15 
-9.1582584206e-38 
2.9737801654e+16 
1.3893615034e-38 
-2.3264794608e-33 
1.0216747614e-04 
1.6983779626e-25 
1.6205339762e+15 
1.2207389266e-10 
-1.1887877464e+01 
-2.8170590778e-27 
-3.8531037500e+06 
1.8624729555e-22 
6.9328912186e-13 
-1.1026173451e-31 
4.7721492732e+23 
1.7372564094e+19 
1.0070837230e-37 
-1.3453072233e-35 
1.6891727808e-30 
5.0681479124e+36 
5.9397740734e-15 
-2.0787396352e-04 
-1.5836072598e-27 
7.0448715210e+01 
6.2612387500e+05 
-1.1071905111e-12 
1.3946140720e-16 
4.1083621721e-27 
5.1595091229e+25 
-3.6334954834e+02 
5.1159904480e+01 
5.7836696151e+29 
1.4126052561e+24 
-1.2071743186e-05 
-3.1847749321e-29 
-3.6398517977e-07 
-1.4158639915e+36 
4.3121351481e-35 
1.0036435285e+15 
5.1742651626e+36 
-7.1110670684e-26 
1.0256351078e-22 
-5.0498594081e-30 
-5.3589379885e-18 
8.2107825000e+06 
4.0598019769e+35 
-1.4754476250e+06 
-6.2312647177e+14 
8.2135515140e-33 
-9.9410239291e+15 
1.7375884619e+18 
-1.7573227595e-10 
8.3813221250e+23 
3.7073091134e-31 
1.1752660984e-19 
-1.0541421428e-22 
-2.9549505020e+13 
1.5776496875e+05 
5.1546470910e+16 
-1.0837821307e-08 
-4.3568185339e-37 
1.2008452582e+20 
-2.2237594604e+02 
-6.9555978240e+12 
-2.6873592324e+33 
6.6362608562e+23 
2.5155563354e+02 
-1.9147772347e+18 
2.6861083844e+21 
-2.9222651367e+03 
1.6845983701e-13 
-2.3133656794e-18 
2.3396463795e+24 
-1.0969645340e-24 
-5.4594184596e-37 
2.1724727631e+01 
3.4884928143e+13 
-3.3216861821e+24 
-5.5798377540e-37 
3.1146080285e+18 
2.4249092031e-29 
3.9181352007e-30 
-6.2485110760e-01 
-6.1503131292e-05 
-2.3622423347e+11 
3.7645575855e+34 
-1.1806606569e-20 
-6.0128266923e-03 
-7.6079330493e+32 
-1.3377989769e+01 
3.1203741201e+26 
6.3995458091e+36 
6.6945788463e-20 
-3.2991791092e+20 
2.0968728869e-13 
2.0502041849e+17 
-1.3818743315e+23 
1.1836865280e+09 
-7.2306156709e+23 
1.3028610152e+15 
-1.4998057939e+26 
5.5835912831e+13 
-1.7712254000e+07 
5.1844888382e-09 
-2.0487359841e-23 
-1.9821449513e+30 
2.9393170448e+34 
-1.3520447394e+24 
-4.1840632440e-29 
1.4172670400e+08 
1.0404946960e+32 
-2.5489865774e-09 
6.8606866739e+36 
-2.5193953498e-38 
8.2461902639e-04 
2.0993660556e+16 
6.8155289832e+18 
5.4844382977e-24 
-2.7285623047e+04 
7.1397881564e+18 
7.3745891338e-11 
2.0088989782e-19 
-3.2179397467e-29 
1.1059164139e+14 
-8.3223351976e-04 
-3.0844185230e+16 
-2.2536138361e+17 
-2.0644651413e+01 
-1.2785758208e+11 
1.3909315388e-22 
-1.2821837425e+01 
-1.5983943057e+16 
-3.2705086469e-12 
9.1493574400e+08 
-7.8070163200e+08 
1.8189896777e+35 
8.0464935940e+30 
-1.6852253696e+10 
-6.1245697021e+02 
2.7439087048e+34 
8.6389979999e-24 
-5.4077318872e+18 
-5.3675276684e+14 
3.0794217587e+00 
6.0060838247e-11 
-6.3707416332e+15 
3.0126204137e+16 
-1.4771409067e+32 
-2.3275728542e-29 
-3.4826378185e-31 
-2.8683001615e+19 
-4.7689823077e-06 
4.5953648429e-29 
1.4655376251e-13 
-1.6042636032e+30 
1.3986846720e+29 
2.3787827458e+21 
5.8383440282e+11 
9.8811315971e-23 
-3.5183796854e-07 
-1.7746429576e+25 
-1.6726011883e+35 
6.0261003673e-02 
1.9918106056e-35 
9.1383105469e+03 
2.3394343895e-21 
-2.0658046890e-36 
2.7970331325e-35 
-3.1251758351e-37 
1.2855679631e-23 
2.9985066503e-02 
-1.8267872223e-16 
-8.8783712739e+37 
8.8284369740e+22 
-5.3241308073e-17 
5.7077067756e-22 
2.3241159475e+11 
-6.9174934877e-12 
-6.6740766816e+23 
-1.1267038029e-21 
-3.0594721201e-10 
2.7737403346e-23 
3.8889109290e-27 
-1.0489387548e+20 
-3.4227679022e+30 
-4.5446990716e-35 
2.4227648926e+03 
3.1449111497e+29 
-1.1416864676e-10 
2.0127519308e+29 
-6.6690598062e-30 
1.9325891847e-22 
-2.1043859888e-03 
3.7810916428e+22 
-2.0190179202e+32 
-1.4671897475e-31 
-1.7358485760e-09 
-3.7083303117e+11 
-1.4137819448e-07 
-7.6004122700e-13 
1.5274886725e-34 
2.4175710173e+30 
-3.4503513582e+30 
-1.5334129725e-24 
-3.8423296064e-02 
-2.4171924193e+37 
-9.7018909833e-13 
2.1900431830e-18 
1.4385741699e+35 
-4.7513102563e-32 
-4.0435768415e+35 
1.0471614217e-13 
-4.6536840159e-07 
-7.8537681838e-04 
1.4681822777e+01 
2.4649022147e-02 
-2.4768164069e-20 
5.3456636000e+07 
2.0679420688e+34 
-2.3968602818e-06 
-7.5770932617e+03 
-5.3464357386e-09 
-1.0720664960e+09 
3.9759834181e-04 
2.5737787723e-07 
-1.1753779848e-14 
-8.4642642832e-06 
8.4452388322e+35 
-6.4727731638e-13 
-4.1946804006e+19 
2.0921218535e-08 
5.2745683862e+13 
-8.6903072500e+23 
-5.2548501973e+24 
-7.6137555462e-15 
7.5450000000e+05 
-4.5245363738e-27 
7.1193313599e-01 
9.6086339744e-28 
-6.4770281315e-03 
-1.7421702494e+35 
1.7425904139e+22 
-2.2110644531e+02 
-6.5612369507e+31 
9.1773561712e-31 
-1.8877060307e-35 
6.2637935638e+01 
-7.8187984469e+15 
3.6508435244e-18 
4.9024229121e-10 
1.3789837077e-30 
-1.9312260672e-02 
-2.0196239748e+16 
-3.0524384300e-21 
-3.0891667863e-27 
8.5201385524e-25 
4.6948346880e+09 
-1.8648600933e-14 
5.2156610764e-07 
-1.2835799040e+09 
7.5505254400e+08 
-3.2746081983e-17 
3.5470280148e-21 
-8.1747979793e+31 
7.9114457189e-18 
-1.5322609656e-19 
1.7242227764e+28 
-8.8455872548e-38 
-3.9733934638e-26 
2.5622725773e+31 
3.2383837500e+06 
1.6596730123e-34 
-3.0767702703e-14 
3.7768797500e+06 
-3.7537039348e-37 
-3.8953965978e+11 
-4.6601702343e-04 
7.6946688767e-14 
-2.1829854460e+36 
1.0251083586e+33 
-5.3292848000e+08 
2.6506373047e+04 
-4.0615793413e+29 
-4.5029917281e+33 
2.7389820000e+07 
7.0314229699e-13 
-1.4749495945e+23 
1.2190423399e+35 
-2.1899190794e-10 
-1.0902344305e-10 
2.2196741464e-21 
-1.6512309669e-18 
2.1144675200e+08 
-6.6550879376e+26 
-2.6641334407e-03 
2.4537411523e+28 
4.3529141372e-26 
-1.0599292192e-17 
9.2993598932e-11 
-5.0396685936e-08 
3.5130724252e-32 
-2.5379733969e-24 
2.7068557529e-07 
-6.4467700513e+32 
-2.3104514913e-37 
-1.3710270000e+07 
4.7598698234e+13 
1.6506307582e+14 
-2.6690022400e+09 
-5.8501274045e+37 
-1.8720004576e-19 
-7.5406253626e+26 
-2.5399252131e-37 
-1.2803306496e+10 
-1.8828064867e-06 
7.6693045123e+36 
4.0904284154e+35 
7.5240081969e-06 
4.4785870749e+31 
7.1823152992e-33 
2.8410164807e-33 
-2.0731043496e-19 
2.3594293750e+05 
-1.0832437277e+00 
1.4795391262e-01 
9.5856436094e-26 
7.0684829517e-12 
-5.5952841644e-14 
7.9029403561e-33 
-1.3298276196e+30 
1.4374240344e+36 
-3.1589296465e-25 
5.8402904199e-26 
-1.7833994443e+37 
2.1650510555e+21 
2.9708145669e-33 
3.3893233350e-22 
-5.6975460438e-07 
-3.3307768165e-14 
1.3005370880e+09 
-5.7205944484e+14 
1.1791836417e+36 
-3.6313297532e+14 
2.8020626068e+01 
-6.4954662363e+35 
3.8546517787e+13 
-2.3825166127e+24 
-2.6343624171e-08 
            nan 
6.5331729203e+22 
-5.9258208712e-30 
1.1097369485e+18 
-6.0947072042e-12 
-1.2901396096e-31 
3.6855108998e+15 
9.8398212752e-18 
1.0198846629e-36 
-2.1079601897e-18 
-5.4301391671e-14 
1.9367665606e+30 
-7.6774647459e-03 
-2.6342310905e+00 
1.9517696875e+05 
2.4711044438e+29 
-5.6829477715e+28 
1.4155163153e-10 
-5.2722057541e+20 
3.0642928323e-04 
-3.8162010232e+30 
-2.2841616543e-17 
-3.4478012498e+12 
1.6205119580e+21 
6.0354809701e-33 
5.7271119851e+31 
2.8009971154e+38 
-2.7051060075e-33 
1.3171201706e+01 
5.5696981808e-31 
2.9191252082e-08 
2.8045387035e-28 
-1.4409166454e+16 
1.7921677500e+06 
2.8023683877e-18 
-2.0070855649e-14 
-5.7522054077e+14 
7.5452390593e-04 
-4.5289036533e-35 
5.9144207078e+33 
6.3607921754e+33 
3.7497842394e+23 
2.0632822858e+22 
-3.0400461058e+32 
6.5330383567e-19 
3.4206291199e+01 
-9.1711506248e-02 
-1.7440951494e+25 
-2.4930871231e-29 
-1.2923509315e+24 
-3.9263236943e-31 
1.7591931880e-34 
-4.2071925956e+17 
-7.6245332821e-06 
-1.9964688894e-36 
-2.1532922557e+14 
1.0261845967e-20 
8.1621755260e+23 
1.2740448438e+05 
3.2938436334e-07 
-7.5850251596e-04 
-6.0984184965e-03 
-1.8671133369e+17 
4.8237466346e+33 
1.1945997500e+06 
1.6036848868e-26 
2.4705032464e-10 
2.8952373034e+38 
-1.3047174434e-04 
-5.5594650173e+12 
-3.9116242188e+04 
1.2712146820e-26 
-9.2178806663e-02 
1.2961833812e+14 
5.9190036398e-36 
1.2787648438e+05 
2.1156293339e+27 
1.8728848067e-17 
1.0211251074e+18 
-3.9048322237e+16 
-4.2664702270e-15 
2.6922225500e+12 
-4.9479590936e-38 
1.6006955469e-15 
-3.4448910304e-29 
-4.3652167958e-38 
6.6903500426e-14 
4.4160022194e+26 
8.3973562606e-17 
4.2223422669e+11 
-8.3170093035e-08 
1.4886927718e-32 
-6.9819361915e-37 
3.6954244981e+30 
3.8584075691e-28 
-9.6582491167e+19 
1.8329246454e-10 
            nan 
-3.1089507304e+35 
7.7817910000e+06 
2.0537956333e+24 
3.1088214483e-25 
-1.8307215360e+10 
-5.0627939403e-02 
3.7078146611e-37 
-9.3630807146e+13 
-2.7751824276e-12 
-7.8084172677e+12 
1.5201719284e+01 
-2.8919042977e-26 
5.3743769600e+09 
-2.3489312192e-33 
-1.2919080427e+20 
-1.3691109189e-38 
-1.8194953877e-10 
1.9519948948e-24 
1.8917838955e-38 
2.7571900009e+37 
-5.4586042826e-20 
1.6692975127e-11 
-3.1402006745e-01 
-3.0336018809e+13 
1.8166931971e+38 
-3.6876409352e+15 
-4.9995036700e-26 
7.7071014459e-08 
5.9431588013e-19 
2.4465826100e-26 
-8.2366723291e-06 
1.3768999878e-21 
1.1525113956e+21 
4.2322256432e+30 
-6.5517830275e+13 
-2.9125236324e-04 
7.4677628279e-01 
3.4662397397e-09 
-4.1475245868e+37 
3.1546439956e+19 
3.7302242822e-38 
8.7425084785e-03 
1.5075258419e-20 
5.0084672852e+03 
-1.5941615542e-38 
6.8048127823e-32 
1.2194269054e+26 
-4.7111695421e-18 
7.9720011815e+25 
-6.2091940559e-33 
-1.0275807131e+29 
4.5640554428e+00 
-8.2429859322e-04 
2.1923131728e-26 
2.8205275000e+06 
1.6687678794e-07 
2.4718247348e+18 
-3.0459283200e+08 
-2.4223988505e+36 
-1.2314793396e+02 
1.6427857336e-03 
7.4694379015e+28 
7.5161270000e+06 
-1.2689061163e-22 
-5.5038754098e-28 
-2.8754568581e+36 
1.2786186835e-30 
1.6566475546e-37 
7.2688721716e+25 
-2.9694801225e+27 
-3.9536838400e+08 
3.4148019200e+09 
-4.4574099200e+08 
1.8079545565e-13 
1.1458525278e+26 
5.8702050865e-07 
1.3530026189e-17 
-1.2877067543e-21 
1.0776191929e-28 
-1.8223854899e-01 
-6.7048175081e+19 
2.1870436075e+37 
-5.9048080907e+27 
-1.5955255758e+36 
2.5351922552e-19 
-5.2059868512e+36 
1.1853959745e-17 
1.4537240227e-13 
-4.0621493799e-13 
7.5333104000e+07 
-9.4070582019e-21 
1.1406107010e+26 
4.9992440000e+07 
-1.7007807517e+33 
4.6321773091e-19 
-1.6779621191e-25 
8.5297965959e-34 
8.8864730835e+01 
1.3805510007e-18 
1.7920920157e+15 
-1.5789357500e+06 
3.4468609078e+14 
-3.9719889920e+09 
1.3545322344e-22 
5.3444371807e-24 
-7.3704044303e-22 
-2.9852540000e+07 
1.3875476480e+10 
6.4106387565e+21 
-2.8820122679e-05 
5.5416286823e+34 
-6.6823747894e-39 
-6.6117548755e+25 
-1.7434040576e-22 
-4.8835742188e+04 
4.6775970831e-25 
3.8149165901e-13 
3.0638881779e+23 
4.5531592550e+16 
-2.1857148000e+07 
7.6057684391e-36 
-2.7001440000e+08 
-3.8880715314e-10 
9.0468120575e+00 
2.7390724237e-12 
-4.3351861704e+33 
1.0410294311e+21 
-6.8386887765e+34 
1.3778202362e+22 
4.0354261267e+22 
1.3605827756e+38 
-2.9118621563e-36 
1.1841382310e-31 
-1.8383402439e-11 
2.5265345573e+00 
2.4863838766e-10 
9.5821797607e+36 
-2.0298281334e-36 
3.2567125097e-15 
-1.3250578081e+21 
-3.0124382662e-16 
-1.5069918720e+09 
9.1463484375e+04 
-1.4447465550e-35 
5.0629760713e+33 
9.8682127169e+32 
-1.0460955716e-28 
1.8259665554e-23 
7.2366712730e-19 
9.2321562703e-26 
-2.8599474145e+26 
1.3839429773e-30 
-1.0377611579e-26 
-2.2218141696e+10 
-1.0081425915e+34 
3.0067675000e+06 
2.2492073981e-07 
1.8628473651e+11 
3.1214497654e+35 
1.3524294666e-32 
-2.3119083552e+19 
7.3419484375e+04 
5.7829076638e-08 
-8.2397645662e+14 
3.4541599195e+13 
-8.0691576832e+10 
5.1732443596e+22 
1.7160436536e+36 
-4.7421012524e+28 
3.4516882685e-09 
-8.1387528315e-20 
3.1250371094e+04 
-3.8453455697e-11 
4.1870314273e-17 
-1.7772696624e+34 
-2.1292778850e-01 
-2.4410335897e+14 
2.8508558869e-01 
2.2274355971e-10 
-1.5539531262e-07 
1.4311817290e-33 
6.9499476562e+04 
-1.2169149000e+07 
-1.0809732235e+14 
-5.1298634700e-17 
5.4384253727e+17 
5.1479949283e+22 
-3.3742332352e+18 
-1.0458783362e-12 
-2.8932097392e-25 
-1.0138181133e+33 
8.2127101966e+36 
-1.2778920708e+23 
3.9768381440e+09 
5.9505822754e+02 
-4.7742852004e-24 
1.4769035000e+06 
-6.2941800830e+16 
2.0359979793e+17 
-9.0636476562e+04 
2.2021935664e-10 
4.4815802999e-29 
-6.4206610116e-27 
-3.8083263121e-07 
-4.2272077961e-24 
4.7523415773e+24 
8.6151969386e-27 
-6.0335300257e+29 
-8.9912059276e+25 
-1.0053436741e-32 
2.3557709765e+36 
1.5130886316e-20 
-2.6888138969e-35 
6.1410494467e-09 
-4.9818087243e+21 
-6.2767573625e+31 
-2.0766078292e+15 
-1.0002331698e+35 
-8.9510074763e-24 
5.2452807034e-21 
-7.3314073961e-04 
1.9752731308e+36 
-1.1959195056e-31 
-7.8677579010e+31 
7.4150993959e-23 
-3.8018896481e+34 
-2.2728134050e+18 
-1.7830389086e+35 
-3.8679342444e+34 
1.2362260828e-33 
-4.0133352280e+00 
-3.0885715931e+18 
4.2270543637e-30 
9.3419298963e-09 
-4.3401610137e+26 
1.3796414000e+07 
8.6170286052e+30 
-2.1341416240e-01 
7.2511905909e+21 
-8.6999858969e+35 
-6.2352242188e+04 
1.4845700684e+03 
-1.0737174705e-07 
-1.0447556250e+22 
-2.9580639630e+24 
8.2004324655e+29 
-6.5801033037e+14 
-2.7714173572e-17 
1.0235641897e-01 
2.8491514703e-10 
-3.8118641761e+21 
-1.5150589454e+26 
-5.6266801660e-29 
1.2628728944e+34 
-3.3921941056e+23 
-1.0743296426e-19 
-8.0366793554e-04 
3.0838133534e-04 
8.1131506588e-35 
2.8522215034e-20 
-3.4793558822e-14 
-4.1050618123e-39 
-7.1997811851e+14 
-1.3849509628e-07 
6.7560670600e-12 
2.6348680643e+13 
2.3256595227e-07 
1.3069217365e-34 
-6.5771830000e+06 
-3.3188402995e-06 
-4.6289094400e+08 
9.6254312784e+17 
2.3950460000e+07 
-4.7292547952e+34 
1.0383774065e+27 
-4.3577577102e-09 
3.1553865705e-22 
-1.0763712635e-04 
-1.1383600940e-04 
3.4865097105e+16 
-1.0379759931e-13 
-3.4184007182e+31 
2.3720488960e+10 
6.5298542380e-02 
-2.8628188709e-09 
2.9497508602e-11 
-3.6233956557e+11 
5.4192376000e+07 
-8.4155465806e-35 
5.8526270092e-02 
-2.5556780655e-17 
2.8685508963e+29 
-1.1474271889e+14 
-1.8233963847e-01 
6.5597253649e-14 
4.4276561084e-07 
5.5282608515e-34 
-1.2147556460e+21 
-6.6554869842e+12 
2.7441750900e-23 
-1.4633145188e+31 
-1.7981321822e+22 
1.0088079353e-30 
8.8325982218e-26 
6.2573449509e+20 
6.1879403409e+34 
-2.8059915268e+23 
-1.2945008930e-03 
1.2951281164e+20 
1.3147859100e-28 
4.7392894133e+33 
1.2683067840e-21 
-6.5821648880e+14 
2.9421384971e+17 
5.8898137101e-33 
-2.2706573492e-13 
-4.4927700051e+25 
6.1538508162e-03 
-6.0996946879e-17 
-4.5129845660e+21 
1.2303785468e+33 
3.8617054533e-30 
8.3618863454e+21 
-2.2065328979e+02 
-5.2985235200e+08 
-1.0676620901e-01 
3.7749987056e-25 
3.6425074443e-35 
7.2032245760e+09 
1.1280220522e+20 
6.2810216973e+29 
-4.0566424790e-27 
-2.4739440374e+25 
-2.8471769170e+12 
-7.6913521076e-33 
8.9379379272e+01 
2.2186754430e+33 
-1.4750134945e+00 
-1.6780941227e-31 
3.2297506181e+22 
-3.7191766234e+24 
-2.6967928832e+10 
-4.9280108965e+33 
-4.6144720167e-02 
3.8086030952e+25 
3.0937796875e+05 
7.5604434549e+23 
-1.8598105912e-32 
1.0670699350e-12 
1.2767684249e+26 
8.9213441671e+13 
2.6629860678e+38 
-3.0363704440e-08 
-1.7039965093e-01 
9.9012433920e+09 
-7.7992656896e+11 
2.3972634436e+29 
6.4266727519e-14 
5.4095101590e-23 
1.8360471725e+01 
1.7407341573e-13 
-3.6252895370e-05 
-6.4401864745e-27 
1.7353023765e-32 
2.5470974499e+37 
-8.5513531868e-24 
5.6938360266e-33 
3.8763741031e-05 
-5.6121884672e+11 
1.7715530396e+00 
1.5609958400e+08 
1.5082096061e-27 
3.1252108339e+16 
-2.1060715483e-07 
-7.7358203612e+29 
-1.2820187860e+37 
-2.6163446929e+26 
2.9296258000e+07 
-1.6091926178e+20 
-2.1349642277e+00 
-2.2006419566e+19 
7.8014589889e+37 
-4.7974558830e+34 
1.5880160870e+11 
1.3302029181e+35 
-1.6295541371e-22 
-9.1151372072e+23 
-1.8184740098e+28 
4.8884430726e-05 
1.5105814453e+04 
1.0547300200e+33 
-1.0372705835e+19 
8.1527474549e-07 
-3.3851982706e-31 
2.7924839793e+12 
-6.6748568087e-21 
6.6940810969e-31 
1.7619975762e+26 
5.2912659104e+13 
9.6753071874e+17 
1.1870113408e+33 
-1.4241368948e+38 
-3.9016418896e-07 
1.1060717106e+00 
3.2035911219e+21 
1.8033425317e+23 
-8.3267088000e+07 
6.9302231643e+17 
-4.0814254646e-19 
3.6919628212e+17 
3.6587231725e-13 
6.4061543981e-07 
1.3183922500e+06 
-4.2583231163e-08 
-2.8972752616e+18 
-3.1875379758e-16 
2.5968540800e+08 
-9.8822944157e-29 
-3.6817468301e-28 
-2.3881725845e+17 
-1.5376281327e+21 
2.9165061323e+15 
-2.5781879162e+18 
-3.2671542400e+08 
1.3195517659e-01 
-2.2612733478e-28 
3.6821575689e+19 
-7.6589704002e+18 
1.7238100188e-36 
2.0931204000e+07 
-7.3030129253e+16 
3.1995060867e-37 
3.8858678645e-13 
-8.5050240867e+36 
-1.1686770330e-16 
-2.3194978885e-26 
-3.0205539118e+22 
-6.2752163410e-01 
-2.5151792611e-24 
-3.8639798441e-18 
1.4254658000e+07 
-3.2380525536e+22 
2.6684670607e+12 
3.7646814645e-19 
3.5830925900e-12 
-5.8392048502e-28 
-2.0599607632e+19 
-8.7142404837e+28 
1.5420819583e-20 
5.3605317383e+03 
1.7370821908e-02 
-1.1379603534e-24 
1.9888406128e+18 
-1.3353372770e-15 
1.1764952346e-09 
5.8656628244e-03 
-1.7162186603e+25 
-1.5329437500e+04 
-4.5684278011e-03 
1.1976462618e+14 
1.3516794074e+23 
7.5965463087e-11 
-4.7316598556e-11 
5.3920649642e+31 
1.5347137000e+07 
-1.6111411673e-19 
1.4587873527e-15 
-1.2578553200e+01 
2.0208629925e+33 
-6.9902539326e+25 
1.2331238747e+01 
-4.0027362500e+06 
3.2976971852e-05 
1.1830297823e+31 
-7.3416540046e-14 
-3.2179154506e+34 
-2.1034084814e-28 
2.4331046737e-23 
-1.2332481856e-04 
1.1237117952e+11 
-1.6626171982e-37 
-2.4549250000e+07 
2.2078670388e+27 
-5.9631195904e-21 
5.7897648811e+00 
1.9327645613e-25 
-4.0702378110e-34 
-1.5395359654e-08 
8.4031193201e+18 
9.6469430029e-21 
3.4373643931e-09 
-1.0296863593e-06 
-1.5012340148e-23 
1.9197513670e-34 
2.8482940757e-18 
-7.3809929900e-18 
-1.9209344828e-05 
4.2641244815e+13 
1.7662204044e+19 
-5.5710942383e+03 
-3.0104853431e-34 
2.1149037919e-17 
9.4656576774e-37 
3.1646101704e-15 
7.4778716830e+35 
3.8922449852e+21 
3.0700363828e+38 
1.9943136633e-16 
3.2468669815e-06 
-4.3987903259e-17 
-4.3481494447e-14 
1.0535597110e-23 
-3.3218289230e-12 
4.1580611795e-27 
-7.8544020653e-03 
-3.0613063543e+23 
-5.2884531640e-31 
-6.7123380263e-21 
-2.2477799992e+18 
-1.2505525352e-28 
-2.1340828994e+30 
7.9100991806e+36 
-2.0079820800e+09 
-3.3369786934e-09 
1.2563457325e-28 
-8.6849354375e-09 
-8.2391600000e+05 
-2.9384616282e+34 
-6.0210878087e+13 
-4.5143422617e+24 
-2.2702760912e-34 
6.0676111488e-13 
3.5837073585e+33 
-4.6238778966e-15 
3.7858384911e-14 
-1.0065226262e+37 
5.0993232173e-18 
-1.7135484229e+38 
-7.7563058198e-08 
-9.2920837803e-16 
-1.8056819332e-13 
-5.6766041600e+08 
-4.6433727109e+37 
1.2619416468e+25 
-6.7830623063e-11 
-2.2365075988e-23 
4.2998974095e-04 
-2.7835571412e-27 
1.9743877644e-08 
3.6853020160e+09 
-3.0595305594e-24 
-7.9902647985e+18 
1.8697289297e-23 
-3.9519359034e-22 
2.4323769453e-13 
5.4753388501e+33 
1.3623883653e+17 
-5.1765680313e-02 
-3.5255700350e-03 
-1.2844194080e+22 
-5.0990879536e-03 
-4.9138099994e+20 
6.7266989809e-38 
-1.2581408024e-02 
-1.3558782257e+15 
2.9645343602e-07 
-2.6768139185e-30 
-1.0757171200e+08 
-2.4099652872e+27 
-1.2981457041e+20 
-1.3565782241e-23 
2.5830115824e-11 
-8.3298880000e+06 
1.3190100853e+26 
4.3994011094e+18 
-2.3116599780e-14 
-1.8098130822e-03 
-3.5103725399e-19 
-1.4556397218e-05 
2.0285285845e+18 
-4.2430945364e+19 
-2.9122575253e-26 
-2.1114324653e+30 
2.2675418854e-01 
3.2019075282e-25 
-8.3556239933e+12 
-5.9216329852e+29 
-1.2342416687e+35 
6.9063816454e+28 
-6.6607971191e+00 
-2.0212218765e-27 
5.2647165952e+10 
-2.6522431170e-15 
3.2765140224e-17 
3.7455356505e-07 
-1.1274223353e-23 
-1.6866099200e+09 
1.1996246466e+28 
1.6643150720e-25 
9.8791378125e+11 
-1.4811200000e+07 
9.3684480155e-25 
4.8981426624e+19 
-7.0441867617e-11 
3.8263552754e-19 
-2.5281075403e+24 
1.1418151729e-19 
-2.3807764183e+33 
-7.0101147655e-29 
7.7145174863e-19 
1.0248835642e+34 
-7.2272568320e+10 
-3.6688712903e+19 
-3.0701833370e-24 
-3.6860269069e-13 
-8.3709129831e-04 
-3.9304316925e+19 
4.0305043492e+14 
-1.7684668594e+31 
6.5364200181e+17 
3.4649537471e-13 
-4.1900101169e-31 
4.8929495040e+09 
4.6550981700e-02 
5.1699091200e+08 
-3.1493562460e-01 
-2.0386626359e-26 
-4.6867449554e+24 
-4.7682220063e+32 
1.1992611885e+01 
-1.6855392259e-35 
-7.4158500948e+34 
5.9642210844e-26 
1.5632465420e-06 
-6.3459917545e+37 
4.7617430400e+08 
-1.3844838211e+19 
-2.5010103700e-37 
1.2343680906e+22 
-2.5433832379e+28 
-1.1102518272e+10 
3.0168913281e-34 
-3.0234941159e-27 
-2.4033779869e-32 
2.3001098438e+05 
2.7590800892e-04 
1.3409674556e-23 
4.5461300565e+19 
4.3339391122e-29 
-1.8883478888e+20 
1.3900886664e-08 
-8.5591253544e+35 
1.7218777131e-13 
-1.0948696187e+29 
-9.9084393750e+05 
8.0454926431e+34 
8.2217986176e+36 
4.4642188841e+36 
-2.2938408024e+32 
-8.6576858303e-04 
4.5067824317e-07 
-2.7770523957e-05 
-2.7727972640e-30 
-1.5070143000e+07 
-2.6027327331e+15 
1.3929991295e-14 
5.8218432617e+03 
5.5278435763e+35 
-2.1367203257e+15 
-2.3943034466e-03 
3.0362638431e+35 
-2.9477758000e+07 
1.5099598770e+33 
5.7127981773e-20 
5.0118285739e-24 
1.4244473544e-37 
4.4140152469e-28 
2.3981716309e+03 
-2.2925898438e+05 
-3.0946164933e+16 
4.5261450240e+09 
-1.3493439000e+07 
-1.7289744568e+02 
-5.9351593750e+05 
3.2870103040e+10 
7.9933297211e-26 
4.7022441183e+21 
-4.9929876441e-16 
-3.2687453808e+38 
1.6163076664e-29 
5.0638023680e+09 
-1.8245826539e-07 
-1.5971034402e-38 
-4.6556182809e+20 
4.0032748710e+32 
3.1122092223e+27 
1.4973261578e+13 
1.9031427801e-01 
-8.1738568521e+18 
-6.6524913356e-10 
-9.5743067132e-33 
-7.7433096788e-18 
2.0030846000e+07 
3.2398189833e+19 
9.0968636895e+24 
1.5822108154e+03 
-1.1802371008e+33 
-5.0940449572e+23 
4.6257223874e+22 
-6.6573187496e-07 
-8.5140929197e-24 
5.3742145809e+17 
-2.7292575209e-13 
-3.2071930576e-29 
4.9190988800e+09 
5.3973324626e-36 
3.3173422761e+33 
6.0909963728e+25 
-2.7669287807e+29 
-1.1875983398e+26 
4.1372539638e+20 
-1.6560373047e+04 
1.4893681521e-31 
9.3817249143e-26 
2.2372486547e-22 
-2.0565009165e-15 
-6.6230584346e-23 
-5.7230256775e-13 
9.1830150496e+13 
6.2857935291e+25 
-1.1068044968e+27 
-4.9458452732e-29 
1.6593120113e+24 
3.0539371094e+04 
-1.1146728836e-24 
9.7678272462e-34 
1.5537137019e-30 
1.8920046088e+29 
-9.6841031342e-30 
-1.3982837110e-09 
8.3620053530e-01 
7.2461877237e+31 
3.5111476545e-15 
4.6484147109e+33 
2.0414628210e-08 
-5.9972098097e-03 
5.7024411922e-24 
-2.3256121094e+04 
-9.7455888598e-18 
-1.0712100610e+18 
-6.1302641652e-31 
-2.6979374758e+20 
6.2267538160e-02 
6.3374094336e+10 
4.9301796617e+25 
1.7888701384e-26 
1.5843560807e+23 
1.6028510463e-10 
-1.2034138172e+25 
-8.5116591805e+24 
1.5591865344e+10 
1.2718595045e+38 
-1.4386285430e-21 
1.9819022341e+33 
2.8824177590e-33 
            nan 
3.5423647890e+26 
2.2578894914e-06 
4.0405778809e+03 
5.6999123303e-12 
2.8470479307e-08 
1.6319268686e-33 
-2.5918179764e+36 
-2.1878380364e-23 
1.4360598084e+33 
4.0656455980e-08 
4.9915900406e-12 
1.5163768005e+02 
-1.5737652452e+16 
-2.9420196875e+05 
3.8845474644e+26 
-7.1092010501e-08 
-8.0310873033e+37 
-8.6514966280e-33 
-1.2618253672e-36 
-1.8310657085e+34 
4.7892400819e+20 
-3.2052587314e+27 
-1.3919493675e+01 
9.8965305369e-04 
-1.4956892536e-14 
1.8204989720e+22 
-1.3537704960e+10 
4.4180307839e-25 
-1.9409916382e-11 
-8.9332527141e+26 
1.4490090240e+09 
4.2352175248e-34 
-4.5479948486e-17 
-2.1445181243e-25 
1.8046562508e-11 
1.0035253129e-33 
-3.5203526744e-36 
-1.2655665034e+36 
9.0393157243e-33 
1.5024589588e+29 
1.6401917192e-14 
3.0440773681e-38 
3.6418680406e+17 
-9.8771486638e+12 
-4.3115118146e+21 
1.9919354529e-17 
3.6369939855e-34 
-4.3628542034e+13 
3.2077531054e+12 
1.5693393837e-31 
3.4824967946e+12 
-1.1981505394e+01 
-2.1379305687e+35 
1.2665651739e-01 
9.8556738521e-05 
5.9907972755e+33 
2.3367487857e+20 
-9.8873000280e-29 
2.4983639227e+31 
-1.4380150357e-31 
1.1196173595e+14 
-2.5349924183e-36 
1.9056339053e+15 
9.3960563327e+14 
9.3427381387e-08 
1.9824481075e+11 
-4.1180639907e+35 
-5.6529564467e+11 
6.4739521720e+19 
-4.6448135138e+29 
-1.1110404891e+28 
-1.8907504354e+37 
4.2936932965e+26 
-2.9055534020e-11 
-6.6318931074e+37 
-2.3619021964e+34 
-8.7034111036e+33 
2.7238981960e+12 
6.9501089386e-31 
2.7066919598e-25 
2.3127523131e+30 
5.5625902375e+31 
4.1664032276e+12 
-1.4840701904e+03 
1.5383639162e+26 
-7.2246574402e+01 
3.0314085056e+24 
-2.5627665105e+13 
-1.1141346561e-20 
1.3873252031e+17 
-2.3432153453e+28 
-5.0794246094e+04 
3.2802732032e+10 
2.5882653181e+22 
1.0066370888e+12 
-1.6313082829e-10 
-6.3954182330e-27 
5.1823482212e+26 
-7.2926385223e-23 
5.1779005440e+09 
-1.6272185370e-02 
5.3704974755e+36 
1.8394740472e+19 
-1.7658323288e+01 
-5.1856955000e+06 
-3.7547490001e-01 
1.0674420281e-07 
4.3691564136e+16 
2.6157136030e-30 
5.8365564677e+21 
5.0506337485e+11 
-5.5300115661e+13 
-4.2131786391e+29 
-4.9591304584e-28 
-2.0568699312e+16 
-1.2080741040e-28 
1.5312733048e+24 
-5.5213387559e-39 
-1.0304943862e-04 
-1.0398634672e+00 
-2.8815153809e+03 
-1.6155635950e+38 
-1.7415802771e+27 
3.2275544717e-33 
2.2655486400e+08 
-5.8707578420e-28 
3.4870757405e-14 
2.7018758695e+24 
-1.0222675522e+31 
-1.7340417806e-21 
-2.7299582388e-23 
2.4249117500e+06 
1.2437070847e+01 
4.6112808484e+18 
1.1262895063e+29 
-6.0325791226e+17 
-1.5423554098e-37 
1.1807212622e+35 
6.9545629359e-36 
            nan 
-7.2680695666e-06 
-8.4954344703e-16 
9.9885768354e-20 
-7.9129592777e+34 
4.8164251709e+02 
-1.3436565158e-20 
-3.9898338403e+31 
3.4678406583e+32 
1.1030139715e+37 
-6.5544085714e-08 
4.5360636617e-16 
-7.6577604782e+22 
-7.7565750000e+06 
4.1449864333e+21 
-1.1690212326e-30 
3.1272071631e+27 
2.0613475861e-16 
5.9575490952e+00 
-9.2794858794e+24 
4.2346531700e-05 
-2.2505478554e+11 
-1.0756873100e+15 
-4.1216795000e+06 
5.2282437791e-29 
-1.6007886848e+10 
-6.8934990901e+31 
2.9994847630e+18 
-9.9084630385e-17 
-1.5961688105e-19 
-5.8984166190e+33 
-3.2874407959e+02 
6.9078054830e-32 
8.4173936825e+37 
-9.7490733676e+32 
4.9385884751e+35 
1.2025395200e+10 
9.6273104896e+11 
-2.1021087155e-25 
3.6754713600e+09 
2.0588789197e-30 
-5.6896761364e+13 
4.2893214413e-05 
-3.5085995676e-15 
-6.5654518706e+30 
5.9110117556e-22 
-1.6470505318e-20 
-1.3387880081e+38 
-9.2965595703e+03 
-8.7935037030e-09 
-4.1759421587e-21 
-8.7985240000e+06 
7.2055474990e-15 
-2.9458396137e-02 
-2.5368974667e-36 
6.7386704359e-06 
1.7419379437e-03 
-1.7533970714e+23 
1.6205389233e+22 
-3.6595195649e+24 
-5.0710681915e+01 
5.9645798352e-30 
-1.8468210797e-19 
-5.1443555549e-07 
5.0524314604e-27 
-5.0341127684e+26 
1.4815878679e-24 
1.9074913859e-01 
2.5747960766e+25 
-4.3711368241e-26 
-4.0476669419e-34 
-4.1369161076e+31 
2.3901318169e+21 
1.9795546801e-30 
-1.5837070791e+37 
-1.3375870781e-20 
1.0646901825e+20 
-1.5175984000e+08 
1.6556004087e+19 
2.0579975734e+27 
1.1864194870e+01 
7.3515969183e-32 
5.6358418373e-31 
-1.3276379112e-18 
-5.0677742188e+04 
-1.4151973341e-24 
-5.8238356836e-22 
1.8516259045e-37 
-3.0113972235e+31 
6.5994596497e-33 
1.2273012660e-02 
-5.5118830193e-32 
4.5736821549e+17 
2.7105436187e+27 
-3.2572536320e+09 
1.0660371840e+09 
7.2766383300e+36 
5.9761862406e+35 
4.0740713398e+13 
-4.3634687211e-17 
-4.3495818317e+15 
-1.7797785165e-26 
5.3902611294e-36 
-9.9716116893e-06 
4.0254410588e+12 
7.7611505668e+33 
6.4318252800e+08 
4.7540920648e+12 
1.4904867957e+17 
-4.7936701775e+00 
-5.1516786344e+13 
3.7981836484e-34 
3.9541432261e-01 
            nan 
5.1074660057e-09 
9.0202728271e+02 
3.5198547169e+22 
-4.3426235000e+06 
-2.3453013917e-39 
1.6375717342e+21 
7.8871593750e+05 
-1.9494210708e+27 
-9.7731476806e-27 
4.4286383878e+35 
1.9807420654e+03 
1.6365478223e-04 
4.8657148000e+07 
4.2398746094e+04 
-1.4027346679e+29 
3.6900016767e-06 
-2.0764965179e-32 
1.4886736691e+11 
-8.6174365234e+03 
2.1158618184e+30 
-2.9539309753e-30 
2.1630231515e+27 
-1.2952773367e+34 
-3.9219788159e-23 
5.5910094352e+28 
-1.6792907941e+20 
-1.4000183717e+38 
-6.0777598232e-11 
-3.3008700985e+30 
-7.3970547680e-35 
-5.8692726784e+10 
-2.8713087019e-08 
9.1386924500e+28 
-1.0226386764e-17 
6.5680692323e-15 
-1.1140049102e+35 
-4.9404580475e-26 
2.4395701944e+23 
-3.3222222549e-35 
2.4235193905e-06 
5.8608868858e-04 
4.8268313603e-31 
-1.1233640508e+16 
1.2893166150e+25 
-9.5756537020e-18 
1.2100543000e+07 
1.4753512075e-25 
2.1772515770e-30 
2.4902341309e+03 
3.9232845712e-31 
1.2734909890e-30 
3.4473893727e-36 
2.1688854700e+17 
4.4926364136e+02 
-3.1527490671e-18 
3.0283266048e+10 
-7.2132019113e-07 
1.0174084365e-15 
7.4753623289e+21 
1.4725695452e+26 
1.8542972113e-15 
-4.3294162673e+31 
1.5259804047e-30 
-1.4058180784e+35 
6.7985283923e+33 
-2.5903697704e+14 
-6.9748114693e+14 
4.7626573486e-36 
-9.8602627891e+11 
-4.1618652956e-22 
3.1065005170e+23 
9.2469964308e+12 
-5.3268567061e-20 
-8.6525892199e-38 
-1.1088242788e-17 
7.3956025494e-14 
8.5577887203e+18 
9.5793919672e-12 
-2.0251463318e+02 
-1.6363394494e-34 
-5.7553313330e-26 
-2.1093274465e+26 
2.9214913833e+23 
-1.1164394633e-35 
-9.6427399034e+30 
5.5083254119e-04 
-2.6248573842e-28 
-3.0161013957e+31 
1.4202573599e-37 
-2.2937068579e+29 
-1.6792013133e-14 
2.2717843240e-04 
-1.4677998750e+06 
6.3484061684e-05 
-3.9984506049e-13 
-1.2480664800e+08 
-8.7405674160e-02 
1.1093120686e+23 
2.4043980492e-29 
-3.0386794958e-27 
-2.4752644640e+23 
-3.3229238272e+10 
-8.2038937600e+09 
7.4560951719e-22 
1.9160744548e-01 
-3.2894962221e+30 
-8.1969775258e-35 
1.5036728991e-15 
-2.8209274696e-22 
2.2127353148e-24 
4.8031676909e-20 
-1.6611569274e-18 
-5.7024947339e-15 
-7.3748695612e+26 
-1.3131698091e+14 
-4.4461790625e+05 
-5.4770798683e+00 
-1.8964481353e+17 
-4.9519327588e-32 
1.2773295928e-24 
3.9133171343e+19 
-6.4779652575e-07 
3.4417868743e+29 
-2.0018760954e-11 
8.1692017087e+27 
-2.9514696243e-10 
-1.1186603661e-17 
2.8582964313e-33 
-6.3906643866e-11 
8.0056473600e+09 
3.8734050502e-19 
-3.4652288506e-29 
9.6707784467e-14 
1.6224845332e+30 
1.5273488118e-29 
-8.5643088570e+34 
2.2245295769e+26 
1.8138725875e+26 
-2.0236939664e+15 
1.0380931141e-12 
-4.2273246094e+04 
-9.0574474922e-25 
3.7155097584e-16 
-1.1631440371e-01 
-1.4943485805e-24 
4.0183138977e+20 
1.1840191608e-14 
2.7154577408e+10 
7.5720649037e+23 
1.7205694231e-16 
1.8331255296e-13 
1.9301638114e+20 
1.1421727753e+02 
-2.2673792444e-07 
1.4671394390e-27 
-5.0344829788e+37 
-2.6371020300e+25 
-2.5541593285e-09 
-1.3717748480e+09 
1.0798017685e-22 
-2.6701090823e-27 
3.4709626078e+26 
2.8122203204e+22 
-6.4245245994e-06 
7.1430964470e+00 
-4.3717379761e+02 
3.0421558079e+28 
-6.0055946967e+30 
4.3059101323e+27 
-7.3731854805e-24 
-1.0439686115e-36 
-2.5206132879e+38 
-1.1675865068e+29 
2.5274900254e-03 
-3.2406916208e+32 
-3.9129879761e+02 
-2.4724465781e+30 
4.6240710560e-34 
6.9904393750e+05 
8.3497067209e+32 
1.1737254898e+34 
1.4557245440e+32 
5.9331276964e+12 
-4.4556529010e+33 
1.5334054314e+26 
-2.3537518298e-16 
-2.9240712363e-14 
7.7324004265e+37 
7.5607766552e-29 
5.2160196875e+05 
1.4253858252e+34 
3.4650484900e+12 
1.2438532870e-08 
-7.5136262012e-07 
1.8972198502e+11 
-1.9507481484e-03 
2.8583371806e+22 
-4.3476847268e+21 
-2.8944907558e-20 
-2.1468785717e-34 
-2.6677024540e+30 
-1.1203165725e-32 
-2.5931534041e+13 
-1.6588136823e-21 
2.5581246064e-06 
4.0092022053e+33 
3.9809766360e-35 
4.0141169892e+30 
6.0365962725e+37 
-3.7219463168e+10 
-1.2793185028e+26 
-2.6492497325e-01 
-4.1875286115e-05 
-1.2632200623e+35 
-5.5697400136e+13 
2.7470970366e+19 
8.2640201943e-30 
-1.3064152764e+36 
-6.8237965394e+12 
-6.4267754539e-27 
5.3490593018e-31 
2.4264199905e-33 
-1.4455359000e+07 
8.9425384521e+02 
1.7731340761e+34 
-4.1832381502e-20 
-3.0001718268e+15 
-6.5397054377e-27 
-1.1628462054e+14 
1.2575758750e+06 
4.3486917356e-29 
-3.3971646498e+33 
-4.4844632612e-06 
1.8138742917e-06 
1.7909534304e-19 
-2.3695265028e+19 
-4.5012775516e-13 
1.3080561523e+04 
9.9956551232e+25 
8.9115323973e+18 
2.4131309830e+17 
-2.2978174000e+07 
2.9138151029e-32 
-7.6505455853e-31 
5.7008726298e-30 
1.5879617249e+28 
1.2521510136e-21 
-1.2317819553e+28 
8.0759391454e-34 
            nan 
-2.7539699200e+09 
1.9293099063e-10 
1.3233247847e-17 
7.6285053415e-25 
-3.1417386532e+00 
3.1987838000e+07 
2.5002830505e+02 
6.7003162296e+12 
1.6797528511e+15 
6.2631160000e+07 
9.5164484375e+04 
5.7466643000e-08 
2.1263770823e+36 
-2.4671304336e-25 
-4.0696459682e+25 
8.3748771840e+09 
-8.2704484375e+04 
3.3191002112e-25 
-1.1519539489e-10 
6.3541274172e+24 
5.8400019533e-34 
-3.6528457020e-38 
-8.6728187580e+34 
-2.8960818425e-02 
3.9831165926e+16 
-8.3991863165e-33 
-6.4921707594e-22 
-3.5675134012e-19 
2.2781538391e+02 
1.5451290528e-04 
4.2796891928e-01 
1.3356480000e+09 
-1.8774803931e-30 
-7.1977123618e-02 
-5.8560099205e-06 
-1.0140172824e-28 
6.7801544158e+35 
-2.3763043285e-28 
-3.0791276693e-01 
3.7043958291e-38 
-2.4484154582e-01 
2.4669110272e+11 
-1.7154986320e-09 
7.1826423209e-07 
6.5741932015e+37 
-3.4238900876e+30 
-1.2743643112e+23 
3.2820374579e+38 
9.4082300244e-26 
4.5487455289e-23 
2.9474590725e-19 
6.6503410339e+01 
2.3505769748e+16 
2.8866338882e+13 
-3.7454181803e+28 
-7.7771157561e+29 
4.8913746094e+04 
4.5274961319e-32 
-1.0688229231e-03 
-6.2914219213e+12 
-1.3257559129e-30 
6.5949020168e-24 
5.4407514735e-13 
3.4007650002e-38 
1.1709459180e-08 
-1.3123672943e-05 
3.6403677500e+06 
-1.5407053275e+13 
-4.2828941422e+36 
-7.8528096000e+08 
-2.9457621939e+33 
-2.8530637741e+01 
-1.1791051975e-06 
3.1481465612e-06 
2.4533799767e-23 
-1.7132092416e+10 
2.6703453162e-17 
-3.6369216309e+03 
-4.7464394991e-21 
2.3547913005e+24 
1.3580898159e-19 
-4.3619134971e-08 
2.8648526669e+00 
-5.6364412642e-19 
7.4878628366e-03 
4.3110103785e-36 
6.0623493448e+16 
-5.5102901229e-36 
-7.6116069412e-16 
6.4221015040e+09 
-3.2870746094e+04 
-7.0470803976e-01 
2.3424019700e+23 
5.6974214355e+16 
1.1570707456e+10 
-8.6181795840e+09 
2.9682695211e-22 
5.2838083357e-02 
-3.6300786346e-22 
-1.7398655339e+37 
-2.2337681408e+10 
            nan 
-5.7004013797e-04 
1.8500299200e+08 
-4.1365381330e-02 
2.1015495168e-15 
-3.1257561924e+13 
-5.5173114880e+09 
2.0701899200e+08 
            nan 
-2.4382666819e-36 
6.0758715000e+06 
-1.0367279687e-28 
-2.4067656006e+29 
7.5244673243e-22 
-8.2548103942e+37 
-2.9636935471e+29 
1.4857993216e+10 
7.0613993750e+05 
7.0544667885e-09 
1.2950813440e+09 
1.3693173581e-37 
-2.2455931685e-05 
-1.1460631371e+01 
3.0072457886e+02 
3.7605705687e-28 
2.5384213131e-06 
2.6485718047e+23 
-4.1178717500e+06 
-3.1208764211e+11 
2.3544756571e-22 
-1.3519393069e+33 
-2.9507561069e-24 
-5.5137284365e+19 
-3.1808611006e-02 
            nan 
-1.0849846339e+21 
-5.9908393750e+05 
1.1599539688e-12 
-3.4328005608e-32 
1.5816779467e-38 
1.6522166443e+02 
-6.0933456360e-14 
-6.0129686053e-27 
3.0590466309e+03 
4.9883020001e+12 
-5.2523068530e+32 
-6.8077240630e+23 
1.5440767696e-25 
2.5784377344e+11 
-3.8793840151e-18 
-5.0622557361e-12 
1.2727654714e+35 
-1.3823023203e+32 
-1.2030049485e+11 
9.0929090096e-32 
6.8859367275e-06 
5.8829630266e+32 
2.0592375669e+24 
8.5229709328e-26 
-4.6548234195e+29 
5.2688403230e-05 
-1.2260330315e-34 
2.1897029081e+15 
3.3512145592e-07 
2.0186439712e-28 
-1.2154419806e+13 
-6.4809334422e-21 
-3.8475098250e-33 
-1.9699430347e-13 
-3.6221329867e+13 
1.0995705616e+20 
2.2140786052e-01 
1.2934901365e+37 
4.9545758105e-24 
7.6928553886e-31 
-2.8123695841e-39 
-5.1626924112e-36 
-1.1387952169e+12 
-1.1286247978e-11 
-9.9595730013e+33 
1.9153842362e+25 
1.8634967714e+36 
4.7799793750e+05 
4.7789393750e+05 
-6.3261678442e-03 
-1.7121138696e-31 
1.7258197751e+36 
-2.8322626908e-24 
-7.4695181203e+22 
7.3274540867e-20 
-4.6014012912e-12 
1.2794831926e+23 
-5.6786528204e-26 
-2.5477439834e+36 
5.6280929438e-20 
-8.0732792523e-28 
-1.1311816902e-15 
9.3523868355e+24 
-1.5796835451e+12 
-1.8925135426e+20 
-4.1192689037e+29 
-1.0709020981e-25 
-2.5232965717e-10 
-7.0991621262e+25 
9.2926128771e-35 
-1.8039202713e+30 
2.4538134038e-01 
-2.6655505479e-21 
-5.9388597190e+23 
4.2998357868e+32 
7.1677316946e+19 
-1.2692884138e-37 
1.1453485259e+27 
-1.5343350505e-12 
3.4557453470e-15 
-4.8704661808e-31 
-7.1537223337e-30 
-1.1392304956e+37 
-2.9212659471e-28 
-1.2820083609e+23 
-2.4467735784e-06 
-9.9047529303e+14 
-2.6237975224e-36 
-1.5425669146e+26 
-3.5579401763e-26 
-1.9230422974e+00 
4.5380754131e+30 
3.1304989534e-07 
4.3878269074e-13 
2.2241137591e+20 
-2.4514344127e-26 
