2.3509887016e-38 
0.0000000000e+00 
0.0000000000e+00 
0.0000000000e+00 
0.0000000000e+00 
0.0000000000e+00 
0.0000000000e+00 
3.5873240687e-43 
0.0000000000e+00 
0.0000000000e+00 
0.0000000000e+00 
0.0000000000e+00 
0.0000000000e+00 
0.0000000000e+00 
0.0000000000e+00 
0.0000000000e+00 
0.0000000000e+00 
0.0000000000e+00 
0.0000000000e+00 
0.0000000000e+00 
0.0000000000e+00 
0.0000000000e+00 
0.0000000000e+00 
0.0000000000e+00 
0.0000000000e+00 
0.0000000000e+00 
0.0000000000e+00 
0.0000000000e+00 
-4.4236203410e-34 
7.1746481373e-42 
0.0000000000e+00 
0.0000000000e+00 
0.0000000000e+00 
0.0000000000e+00 
0.0000000000e+00 
0.0000000000e+00 
0.0000000000e+00 
0.0000000000e+00 
0.0000000000e+00 
0.0000000000e+00 
0.0000000000e+00 
0.0000000000e+00 
0.0000000000e+00 
0.0000000000e+00 
0.0000000000e+00 
0.0000000000e+00 
0.0000000000e+00 
0.0000000000e+00 
0.0000000000e+00 
0.0000000000e+00 
0.0000000000e+00 
0.0000000000e+00 
0.0000000000e+00 
0.0000000000e+00 
0.0000000000e+00 
0.0000000000e+00 
0.0000000000e+00 
0.0000000000e+00 
0.0000000000e+00 
0.0000000000e+00 
-4.5216264356e+12 
-2.3605517714e-30 
-1.9401705353e+23 
1.2801057716e-34 
6.1049062400e+09 
2.3863301191e+19 
-3.0270761354e-22 
-3.5282935301e-38 
-7.6863561430e-17 
1.9410386963e+03 
-4.0989103913e-01 
-5.5635061264e+00 
-3.4352208107e-36 
6.2020703240e-08 
7.6395831883e-09 
-1.1103749785e-05 
-2.9562199911e+22 
-1.2459248438e+05 
-1.0736972064e+24 
-1.0014922277e+18 
-4.9421077107e-35 
-2.4500162220e-38 
-1.0556233842e+18 
            nan 
-2.5721819119e-10 
3.1180208415e-10 
-1.2569266286e-20 
4.3931631374e+29 
-8.8318448000e+07 
1.4827118139e-04 
-8.3928934560e+29 
-7.7179701465e+27 
            nan 
4.2256898675e-33 
4.1070593750e+05 
1.2190778479e+17 
-4.0690271646e-16 
-1.7905677500e+06 
1.1522852339e-27 
9.6140682016e+14 
1.3665680056e+32 
4.4880577998e+31 
-3.2429385566e-11 
3.7925970459e+02 
-3.5907427482e-23 
-1.8220541165e-07 
-1.8445229169e-30 
-2.0078248328e-37 
-5.1058315562e-12 
-5.5000595505e-17 
8.9594037849e+15 
-5.0508577525e+34 
-3.8616244852e-31 
9.8830323200e+08 
-6.8791344060e-17 
3.0521538848e-21 
1.6123702310e+38 
1.1852112890e+31 
1.2556931376e-01 
-4.1427297592e+00 
3.4488489560e+34 
-7.8168609203e-26 
4.6748028629e-38 
2.3346445775e-20 
3.1598803472e-26 
-1.9770939908e+27 
-6.6905084532e-04 
2.2037301966e-35 
-4.2373810543e-35 
-3.2941534798e+15 
5.5261684155e+29 
5.0782406400e+08 
9.9634508977e-11 
8.2483911066e+11 
2.8431848582e+27 
2.2567862645e-02 
-1.4640587017e+25 
6.2552953780e+29 
-6.1920035840e+09 
-1.0401975596e-03 
1.3287936453e+23 
2.2682951622e+35 
9.8157196646e+35 
2.2957045655e-20 
-3.3262651390e-24 
1.2491245374e+32 
6.0722336769e+00 
3.4552324563e-02 
-1.9220346000e+07 
-1.2974149584e+31 
2.2809382015e-32 
-6.3807390260e-26 
-5.1029997107e+19 
-1.9382550716e+00 
2.5694909626e-15 
-6.0269827337e+22 
-9.1517446399e-11 
-6.7987555132e+29 
2.5882690763e+31 
1.1510167678e-04 
3.1688896201e+20 
8.0913729292e+33 
-6.3581748897e+30 
5.4040715319e+31 
-1.9410901587e-04 
6.0835153247e-19 
4.1723753326e+26 
1.4614561097e+32 
7.7088929316e-14 
-4.8268713132e+13 
-1.1122725482e-05 
-1.0003240409e-28 
-9.9698228354e+32 
1.7197265205e-13 
5.0722448590e-21 
-6.4950213426e-18 
-1.0608834009e+38 
-6.8622370474e-21 
1.1330809021e+02 
-4.3885285887e+18 
-2.2464069597e-19 
1.1079839777e-14 
1.4329345954e-23 
-2.3387330961e-10 
2.3562322215e-35 
-2.1492492123e+32 
3.5424009838e-28 
-1.5024780214e+19 
-4.7649831772e+00 
3.5019628704e-02 
5.0779273733e-03 
8.5273622833e-20 
1.2735646973e+37 
-5.6371013222e+11 
-9.4476818269e-15 
8.8360523242e+15 
8.1040419420e-21 
5.3220436292e+14 
6.7792986379e+31 
3.2371182557e-12 
2.6573997237e+29 
3.2635883579e-11 
-5.1646188695e-06 
-7.5935158672e+26 
2.7282007312e+33 
-2.1336697447e+16 
4.1692878585e-04 
1.0864807280e+24 
1.7270640713e-32 
-3.6438758392e+13 
2.9751778543e+32 
2.8490557030e+12 
-1.6304296856e-15 
-2.3966896875e+05 
-2.3094248745e+17 
4.6669654237e-18 
-8.0792103414e+18 
-1.1227727583e+18 
2.3466143172e-14 
-1.0016912842e+03 
-1.5676689800e-03 
1.7351657104e+02 
-3.0219684905e-28 
5.8201248034e+32 
            nan 
-1.3373519430e+13 
-5.7847464632e-05 
-1.7474454400e+08 
2.3371892653e-25 
-4.9058203715e+30 
8.6245690909e-06 
-3.0734667939e+24 
-3.2673188686e+19 
-1.9154337801e+29 
3.8478186678e-34 
-4.1318671819e+24 
-1.2056621101e-20 
1.0247053585e-13 
-1.1006584184e+19 
3.6014415191e-13 
-5.9065287292e+37 
4.6329927946e+19 
1.8272248482e+15 
7.1849208941e-30 
1.4452412249e-13 
-3.4849503280e-25 
-4.6549758494e-32 
-2.4498101324e-02 
1.4795717429e-10 
-2.7846343169e+32 
5.3750669483e-15 
6.0695668505e+37 
1.0731159101e-34 
-1.3497185185e+25 
-3.7281009385e+22 
4.1495128515e-35 
-9.5451873280e+13 
-1.2843936960e+14 
-2.3616940598e-04 
-7.7327369768e-13 
1.5434181546e-40 
1.2809810555e+36 
-8.6035366908e+29 
5.2525987722e+25 
2.1652132806e-32 
4.4803360652e-05 
1.7699833959e-02 
-4.0620649905e+24 
-2.9255605199e+38 
1.1112596871e-15 
1.7109804343e+29 
-3.4241765805e+24 
-2.1541521806e-26 
-9.8244558101e+29 
6.6561410396e-21 
2.7342596875e+05 
-1.1853683833e-11 
3.9201887305e-32 
-6.4388528839e-18 
1.1323826904e+03 
3.9844510586e-21 
-7.7709062594e-20 
1.4795488000e+09 
2.1579944428e+12 
9.6946660354e-26 
4.2464708009e+37 
-7.4903080488e+31 
-1.1040070191e-08 
9.5633204426e+27 
-9.1332634526e+21 
1.0767341879e-10 
2.8058200000e+05 
-2.3379868234e-23 
8.3482112000e+07 
5.4936099332e-06 
1.2520998483e-34 
1.2604220832e-17 
1.4322112000e+07 
-9.8800025600e+08 
-4.2506826503e-08 
-5.1967985470e-11 
1.2625990126e+35 
3.2820290539e-15 
9.8657413824e+28 
-1.5641052246e+01 
-1.2812719774e-09 
5.0981292588e-05 
-4.3840252639e+18 
1.1283346875e+05 
-3.6917132476e-34 
4.5282751283e+11 
8.7525197146e-36 
4.4244196019e-29 
4.6643904730e-29 
1.6523594951e-32 
-8.9562000000e+05 
-6.1722119373e+11 
-1.4945224393e-05 
-1.3430819109e-17 
-1.7868329429e-15 
-9.6439308244e+35 
-4.5574613993e+33 
1.7584080000e+06 
-1.8342342342e-21 
2.5847740471e-04 
1.0154044858e+17 
-5.8245139295e+28 
            nan 
-1.9783371200e+08 
-1.1220654909e+14 
-6.4165533111e-26 
9.8164389332e+19 
-6.3209340231e+26 
-4.2413588480e+10 
1.5252337045e+28 
1.4335619042e-19 
1.1012181640e-03 
4.0787928678e+12 
1.8084357786e+24 
2.1351074219e+02 
-3.5970867200e+08 
-6.4773970510e-33 
1.0339841247e-03 
1.1082854769e-26 
-1.9849153432e-08 
4.8072024583e-08 
-1.0152684646e+37 
-1.7691433189e+36 
1.2188448142e+32 
2.3302162279e-25 
-4.8824461387e-17 
8.2638644648e-31 
2.1960733528e+23 
-2.1688552328e+31 
-2.3601245848e+13 
3.9776157962e+24 
8.4941820826e+19 
2.0943087940e+21 
1.8202047499e+32 
3.7116804719e-01 
1.6596506812e-16 
-2.1443355000e+06 
-2.2621699062e+37 
-7.8324029074e-32 
2.3728755768e-03 
-1.3065180860e+38 
-1.3556353266e-36 
-1.3084422021e-14 
-3.9891138165e+15 
1.2004862071e-30 
1.6731523652e-23 
-6.9072621037e-18 
1.5898924854e+32 
-6.1073928820e-29 
-1.0310118716e-31 
1.0374908074e+36 
-1.4556943370e-23 
-2.2753433125e+30 
1.6588987350e+01 
1.9549009343e+28 
-1.0303646962e-28 
5.2756207700e+25 
-7.8246434137e-22 
1.0419191400e+18 
1.3373259748e-12 
2.3933797371e-34 
1.5403944415e+26 
7.1848673085e+17 
6.1757068538e-24 
9.8626336000e+08 
-2.5190722715e-33 
-3.4546114560e+10 
2.2758920972e+14 
7.8388181074e+12 
5.4291162285e+29 
-4.7421417892e+30 
-3.3304489136e+02 
9.1292277209e-24 
3.1022230683e-13 
5.1738312458e+37 
-3.4358591309e+03 
2.8923425346e-24 
-8.2303536235e-18 
7.8084843556e-37 
-2.9335344000e+08 
8.6471836830e-36 
-1.1648066827e-32 
-1.6538037213e-22 
8.9095672000e+07 
-2.2943578980e+13 
6.9020310184e-04 
-5.8859746094e+04 
2.2175035128e-30 
1.7418285742e-32 
-5.2539665274e+20 
-1.2194860866e+14 
5.0246272087e+00 
9.5273275418e+23 
7.6948972304e+15 
1.2062435527e-29 
-1.0555619279e+13 
-4.8854196875e+05 
1.7496900595e-09 
-1.5129230080e+09 
1.4946470849e+34 
-8.1930860113e-23 
7.3794508800e+09 
-6.7904386744e-15 
-2.4637344013e+36 
-9.1512894783e-23 
3.9593265392e-03 
-7.0192670281e+32 
-1.6452206012e+25 
-5.8370246094e+04 
5.2885161026e+37 
-7.3599886784e-30 
9.0389499924e+23 
4.7420998156e+13 
-2.2345623047e+04 
-3.9183585265e-09 
1.4801998750e+06 
4.5376968305e+22 
-4.5554257954e-30 
-4.3248084603e+15 
2.4773962021e+20 
-1.4576542227e+25 
-1.2093061523e+04 
1.8872830400e+08 
3.1668019200e+08 
2.9573324800e+08 
-1.0222676731e+31 
-9.0916306595e-32 
-1.2342354694e-08 
-8.2108277326e+20 
-1.4506379451e+33 
-7.7603107220e-19 
-1.1158954305e+23 
-9.0618013149e-31 
-1.1493125930e-04 
8.9794177805e-20 
-5.7073273653e+19 
-1.6378256908e-22 
-1.8147151783e-35 
1.2023312842e+22 
3.6754797881e-13 
-6.1400307617e+03 
-5.3784171561e-10 
-2.3143114092e-08 
4.4884448935e-10 
-9.8430057082e-31 
-4.0866329765e-10 
1.6538852531e+18 
-1.1267331068e-08 
-1.3421263125e-20 
2.7662181128e+24 
6.1355280876e+00 
-7.0858366502e-16 
4.2943564252e-24 
1.0756794089e+28 
-9.1237997590e+27 
-7.9960870400e+08 
2.2821724480e+18 
-7.9071202017e+37 
1.5681885254e+14 
-1.8894869141e+04 
-1.3500152156e-02 
8.3187558631e-19 
1.7096169434e+03 
9.7023587500e+05 
4.3084903507e+29 
-3.8578940405e-36 
-1.6190872044e-35 
1.5209356156e-29 
5.3438614848e-26 
-9.3024473257e+26 
3.4594992761e+22 
-2.6178139807e-33 
-3.9216444550e-38 
2.8356373047e+04 
-7.2689296343e+12 
7.4139289256e+14 
-5.4322190007e+20 
-1.6055396924e+17 
-6.9290845500e-20 
-3.0393788218e-01 
-1.3220215624e-04 
1.0351141472e-10 
-4.2206901169e-11 
-1.9316064481e-06 
-5.6002080768e+10 
1.5197275579e-01 
4.1542448640e+09 
-1.0522706825e+27 
-5.5166318102e+32 
-5.5861118554e+23 
4.2048583973e-30 
3.3095117658e-02 
3.3149053022e-20 
-3.8601491045e-16 
-5.1182795930e-14 
3.6503025091e+12 
3.1401447118e-33 
1.6861290634e-16 
8.3159355650e-20 
1.7703242206e-09 
2.0341483154e+03 
-1.0118436068e-01 
-1.1934608154e+03 
-6.2727747658e-19 
-3.5759551428e-31 
-8.1138373803e-37 
-1.0009009020e-29 
-3.4924179385e-20 
-1.1912981724e+34 
-1.4289784896e-22 
2.3444528779e-05 
3.9068838889e+26 
9.9661230080e+09 
-3.7260161480e-04 
-6.3121808063e+18 
1.8209801098e-34 
-8.6558603267e+14 
-5.3354999054e+33 
-3.2431816704e+11 
-5.1257604810e+18 
-7.2594467386e-35 
-8.6736793518e+01 
-6.2783702258e-27 
1.6511375600e-09 
-1.7403650172e-35 
-8.3553777883e+24 
2.3335261694e+17 
3.5971374322e+23 
-2.2786520515e+38 
-4.9682848155e-02 
2.3389082656e-15 
-1.2894348267e-20 
1.5226066291e+35 
3.6527794372e-19 
-4.8368257284e-01 
-3.6047928310e+23 
-1.2656532126e-26 
            nan 
9.5503412888e+13 
-4.4600014210e-31 
5.4713659049e-27 
1.0584627610e+30 
5.1190666199e+01 
-2.0288905105e-12 
4.2275362891e-35 
1.7917271703e-02 
-5.9336242188e+04 
-2.3529794720e-21 
-1.1979492261e-18 
1.0523363514e-08 
9.1600671492e-10 
9.1849274950e-17 
-2.2847753874e-38 
-1.1156855151e-02 
-3.8645763552e+27 
5.1049398865e+36 
3.9647026367e+03 
-8.5773852061e+19 
2.0951185567e-28 
1.3784744271e-29 
-1.0982702704e+30 
-3.7485194765e+27 
-2.0564386628e+15 
1.1532754343e-06 
1.1066850122e-22 
-1.2641230999e-20 
5.6817101346e+36 
-1.2951756472e+12 
4.9749605358e-02 
1.1738328552e+02 
1.3448265057e+34 
3.6629316587e-35 
-8.5055803606e+15 
-6.4188242188e+04 
1.5217328305e-20 
-1.3967103515e-11 
1.9852452849e+15 
-2.4589526367e+03 
-9.1361383972e-17 
9.8067218892e+20 
-3.8870264975e-38 
-3.0294294228e-29 
-2.0450622173e-07 
-4.6158020339e-26 
5.5139172662e-36 
-9.3051975871e+32 
-3.2007157813e-08 
2.0123113882e+11 
1.0451742884e+12 
-7.8310433310e-04 
-1.1365948245e-02 
5.5873306089e-24 
-5.9590186372e-29 
-2.8040666658e+21 
-6.5574228178e+36 
3.6742373657e+02 
1.6541225552e+19 
8.2025224212e-38 
-1.6410385477e-24 
1.1508702324e-10 
1.8718408933e+17 
1.9016592037e+30 
1.8270138866e-24 
-9.0854317294e-18 
2.7878039293e+35 
8.0207016020e-23 
-1.5256410182e+34 
-2.7045341718e+18 
-2.4961823935e-26 
-2.1285117923e+23 
-7.1590856332e-22 
1.5843645194e+12 
8.9224693056e-07 
1.8945916000e+07 
8.4301478118e-28 
-1.0041369787e-25 
3.5875612869e-26 
-2.0558801154e+24 
3.5958272275e-32 
1.2098763546e-04 
3.8626395000e+06 
-1.3618654537e-31 
-2.9257768393e-01 
-3.2738395000e+06 
-5.5788385898e-32 
-7.6002277855e-33 
-1.9956809728e+11 
-7.2202190757e-02 
1.2274319049e+30 
1.6529200832e-14 
7.7127257600e+08 
-1.9258614414e+38 
-1.8559955727e+28 
1.8143838641e-18 
-2.1801962182e-18 
1.1292099118e+21 
-1.2214682599e-08 
-1.7326127291e-37 
1.1514033818e+28 
1.9192079890e-06 
-2.8083165594e+11 
-1.3680574000e+07 
2.6350022820e+13 
-4.2142177734e+03 
1.4442357656e+23 
1.5970544434e+03 
-2.9365476081e-15 
5.3392742188e+04 
2.5087011840e+09 
-1.1375862366e+32 
1.5473131393e+35 
1.2582700729e+01 
-2.1959428091e-13 
2.7142842640e-08 
1.6643714554e+31 
-2.2824575404e+20 
4.2152692000e+07 
1.7769589943e-33 
1.1706491926e-28 
-2.0565851524e+36 
-1.6404326257e-37 
-2.2888220195e+18 
8.1599180367e+30 
1.4373791990e+12 
-1.8753806389e-27 
-4.1352436000e+07 
1.2552359383e+24 
1.0172037805e+14 
-8.0935060520e-20 
-4.8844295293e+36 
-1.2875258903e-07 
-1.5639698394e-16 
4.5843986511e+01 
-4.1752846698e-33 
2.8135892004e-02 
1.0528949587e+14 
-2.1911681958e-32 
-1.1618072801e-21 
-7.5153351831e-38 
1.7450801849e+01 
-1.0886436197e-09 
3.0502026367e+03 
-3.3035977293e-35 
9.2606052756e-02 
-1.2598428303e+12 
1.4353009869e+11 
1.8212904564e-35 
1.5667672729e+02 
8.1341972292e-23 
2.7209933417e-35 
-4.1005490780e+23 
1.4560070942e+23 
-1.5748172356e+36 
2.3435459204e+30 
-8.9404559327e+13 
-2.7598953607e+21 
1.7450552722e-12 
2.9165124715e-07 
-2.9561539075e+31 
-2.0687581127e-05 
-3.5674691780e-17 
1.3394560614e+11 
-4.9190286972e+26 
4.6358445236e-38 
-5.1813798206e-14 
-2.7567987073e-21 
-9.3214940283e-25 
-1.7905347347e+00 
2.0877570932e-05 
5.1598837599e-03 
7.1209753418e+02 
-9.4582179840e+09 
1.2857928232e-04 
-3.8282750756e-04 
-4.2494496109e+25 
3.7645497401e+32 
-5.1232142614e-17 
-3.2213261460e+17 
-3.0766871921e-31 
9.4574212947e+20 
1.7329693540e-36 
5.4072184529e-18 
-6.7737661440e+09 
-2.6210351667e-09 
3.4163462260e-05 
7.2726051331e+01 
5.6871192519e-31 
1.0997194477e-04 
2.1390112543e-33 
-1.6128260721e+24 
-7.8854935889e-17 
3.9878133809e-16 
-2.3500553248e-37 
5.8436615546e-08 
-7.9083303224e-22 
-7.6465084826e+11 
-1.3432794373e-12 
-6.6223522185e-34 
1.2041703518e-33 
3.4408197120e+09 
-1.0236496330e-30 
-5.2055659097e-25 
5.1721198245e-23 
4.8467324814e-04 
7.9659137010e-19 
7.7581319282e-18 
-7.1196663169e-20 
-2.0596917814e+28 
-1.0819276121e-35 
-9.5984015086e-28 
8.3145735904e+24 
-1.2045676322e+24 
-1.5092756476e+28 
-5.0896469497e+36 
3.0991375700e+19 
-1.8695814943e+36 
2.8590385136e+13 
7.7646993928e+31 
2.6239369141e+04 
-8.0436039649e-38 
4.4803685206e-09 
-1.3079261440e+09 
-1.4031586237e-02 
-9.2066494647e-19 
1.2847760273e+27 
2.1564387287e-38 
-1.6988983831e-10 
3.1682718545e-02 
3.1722207360e-22 
6.8501394921e-18 
-4.8420596000e+07 
-1.9974918213e+03 
-2.8138051371e+22 
5.7736787200e+08 
6.5475302302e+25 
2.0143723832e+23 
6.5840492641e+35 
5.0194490701e-02 
-2.2273401430e-37 
-5.0681399443e-05 
5.6077405389e+11 
-7.2488952993e-33 
-1.7991816059e-27 
-7.3617343204e+37 
1.7108346000e+07 
-8.9352690585e+24 
-2.6716534211e+12 
9.5354247810e-35 
6.6993341064e+02 
9.0654296564e+28 
-6.8919431273e-10 
-2.6338281444e-26 
3.5876986154e-28 
1.8938390978e+36 
1.7914704953e+13 
-1.0244285000e+07 
-1.4128906448e-29 
-2.6482286449e+25 
-9.2520858262e+37 
5.8831959481e+23 
2.5553039032e-38 
-9.0711319804e+25 
-1.1473411074e+32 
-2.1507600655e-19 
-5.2690860000e+06 
-3.2178202765e-33 
-2.7644244327e+17 
-5.6647646517e+16 
-9.9861299709e-37 
2.0566313774e-23 
1.6308652989e-24 
-1.7911587300e+17 
-9.8562383208e+24 
-8.2687446472e-32 
-2.5555981750e+18 
3.0808484161e+32 
-6.5340939497e+16 
-9.6949970274e-10 
-1.3571635855e-17 
7.0706732476e+28 
-7.8130404677e+31 
6.9172894715e+17 
2.2691832580e-32 
-2.9479851592e+23 
1.1785881888e+31 
-2.5937266224e+35 
-8.1805123786e-10 
-1.4602430803e+29 
-1.2298434380e+13 
-3.6351494443e-25 
-1.1115467941e+21 
2.4335641600e+09 
2.8936621094e+04 
4.6644243249e-18 
6.1029786260e-20 
1.6495061001e-31 
8.7779701449e-15 
-5.6364052734e+03 
5.2104071790e-34 
-2.1914938354e+02 
3.0413086430e-15 
9.9037171467e+33 
-4.7886125743e-02 
-8.4772727033e-12 
4.1957802734e+03 
-6.6283577971e-31 
1.3846325684e+03 
-8.4400387500e+05 
-2.8193542411e-21 
7.7740739984e-27 
3.0154083518e-29 
2.3621075030e+29 
-8.7406512250e-08 
-1.0537167549e+01 
1.1336557989e+27 
1.6752795444e-21 
-7.6182296986e+12 
-5.1061636748e+15 
2.0281086153e-31 
1.5160871613e-20 
1.8946778638e-25 
-4.9086139597e-07 
-6.6650091399e+18 
-2.6022078311e-30 
-5.3837177734e+03 
6.8278427734e+03 
-9.0106809125e-08 
-2.5794233043e-24 
1.0804886106e-14 
-1.9666745547e-15 
            nan 
-1.9987731934e+03 
-8.2342181340e+31 
-3.2419519266e-04 
4.0448921928e-20 
-1.9145943600e+38 
-1.2160664465e-33 
1.6486774682e+38 
-5.0159035000e+06 
5.3219382146e+16 
4.1400040405e-13 
-1.0404953808e-11 
1.1445196833e-05 
-7.5275301127e+34 
-3.4393781864e-33 
5.7093742513e+21 
5.0079742188e+04 
-1.8101919845e+35 
-3.9565783769e+37 
7.6248914996e-38 
7.4739553614e-24 
8.7531878060e+34 
1.2282809273e-26 
1.7046012800e+08 
2.4790557225e-37 
-7.9210483200e+08 
1.4788552124e-30 
6.0234949610e+35 
2.5340311040e+09 
-3.1380108800e+09 
-3.3472422056e-10 
2.1301576945e-21 
7.6191701889e+00 
-1.4921486796e+15 
9.1418842185e-32 
1.9386663081e-31 
-4.0468209796e+20 
-3.9790722656e-16 
-3.5670842044e-03 
-1.8146404800e+08 
-1.8300309541e+36 
-9.3779355836e-08 
-3.1822124577e+37 
1.8182146102e+30 
-3.6971357500e+06 
8.1581234796e+26 
2.4260399863e-02 
-4.3571401600e+08 
2.3497607598e+38 
1.3486369280e-03 
1.5343936523e+04 
5.7059045881e-02 
-3.2939041620e+13 
-3.8103848283e-14 
-2.4262671556e+34 
3.6170399689e-34 
3.4086952406e-19 
6.9654636478e-37 
-2.4831900980e-09 
-2.1526515907e+24 
1.1546957672e+33 
1.2833663337e+30 
-1.0688016346e-32 
-1.5788372128e-27 
1.8439906125e-04 
9.9402011106e-28 
-6.0188254973e+27 
2.4591980152e-22 
5.2876540000e+07 
-3.2286247519e+31 
7.3848345892e-06 
1.8017379944e-06 
3.9696119216e-36 
2.1592498438e+05 
-2.2811767609e+27 
-1.7271408334e+24 
-2.0412597868e-14 
-8.0417672449e+14 
-9.8045667161e+35 
2.3968903809e+03 
-1.7660302884e+15 
5.4607539200e+09 
-1.3180311918e+00 
8.5133861003e-24 
-5.1375520931e-19 
1.3207811551e-21 
9.6250992503e-18 
-6.4405414076e-17 
-4.5834721690e+11 
2.2249918899e-26 
-1.7120561600e+08 
4.2557967648e+16 
3.4153719796e+20 
2.3702097275e-35 
-3.6174749669e-38 
1.1873160817e+29 
-8.5797427200e+09 
-1.1089711185e-21 
3.7767599679e-06 
-2.6339707251e-37 
-3.8063389385e-22 
-4.8395277369e-11 
1.1926627296e-24 
2.5447613084e-23 
-1.0128711203e-09 
2.0841708984e+03 
1.0791260160e+11 
-2.2112656439e-29 
-5.8348381250e+05 
-3.8167336426e+03 
-1.1286990263e+33 
-1.1630978917e-15 
-1.1330550401e-28 
3.6302418229e-31 
5.1258740541e-07 
7.6486453381e+33 
-2.3815037738e-14 
-2.0418295312e+05 
-5.4467527827e+26 
-7.7249691822e-03 
-3.8491241817e+27 
-2.5585865091e+14 
-1.1361453145e+21 
-2.3049587616e-14 
2.1963303595e-16 
9.7680464946e+36 
3.9743904779e+29 
-2.0290437211e-32 
2.2398106685e+21 
6.8815152144e-14 
6.0549009591e-02 
2.1496429040e-13 
3.8383919348e-22 
5.6666769293e+23 
-5.2226767342e-27 
9.9003980896e-20 
4.7716589355e+02 
4.2544588447e-02 
4.4825003950e+12 
-9.3609207869e-01 
4.3924182033e+36 
-3.3881878802e-23 
4.5089885611e-32 
-8.6168050645e-19 
9.5796122770e-12 
1.7419228381e-25 
-1.3876460266e+02 
-1.3110855713e+03 
1.5266495678e-16 
9.7786527476e-05 
9.6847084080e-33 
2.9304193620e-12 
2.6291556991e-23 
-9.3204083361e+18 
1.3101147901e-23 
1.9245613786e-27 
-2.7765134852e+14 
6.9078797963e-34 
1.0524481572e-32 
2.2076534271e+01 
2.6547135701e+36 
-1.1672598248e-06 
3.9720289409e-02 
2.2216934331e-32 
1.5204167786e-11 
-1.6544262493e-31 
3.0611868948e-02 
8.9167808879e-14 
6.4121035641e+16 
-4.6391410643e+16 
-1.2117532161e-18 
-8.8055047672e-04 
-6.0707018732e+35 
3.2607141888e+11 
1.7025139632e+14 
-1.3687446049e-21 
2.4356634624e+11 
-2.0904395609e-36 
-7.2273900732e-03 
1.0694525506e-13 
1.5871746105e+38 
-8.2126016000e+08 
-4.5738957530e-15 
-8.6140150568e-10 
2.4775720949e-36 
-2.9075878159e-22 
-8.1063719731e+11 
-1.0945954664e-23 
3.5370993750e+05 
1.6583604807e+36 
1.8454294434e+03 
-2.1776403600e-26 
-1.4343311888e+37 
-8.8225887632e-36 
-4.7820873216e+32 
1.2350116663e-07 
5.2627490562e-24 
1.9192159269e-19 
1.2669663254e-32 
-4.3217264312e+12 
-4.0362942549e+25 
-1.3768326923e-08 
3.6489100456e+00 
1.8302577587e-07 
1.0274659566e+17 
-5.0607894039e-40 
6.3562138184e-18 
-1.0181186405e-29 
8.4484351421e+18 
1.8091183309e+11 
-2.2069756504e-13 
-3.2726968639e-03 
-1.2860800593e+19 
1.3333205339e+33 
2.2641059011e-02 
-2.4446289683e+29 
2.5721273034e-22 
1.8743481234e+17 
-4.4120787051e-26 
2.2725114345e+16 
4.8570620769e+33 
2.7434838867e+03 
-3.4954820977e+12 
3.4905271508e+27 
1.4643902000e+07 
5.6040353302e-25 
-8.4255938907e-18 
-8.8796057036e-25 
-2.8238186095e-11 
2.2022636400e-14 
1.6665737216e+10 
8.5604401345e-10 
1.8283282432e+11 
-4.5710616794e+31 
7.2872256743e-23 
-2.2084710002e-01 
-2.8877709153e+25 
4.4541755261e+13 
1.8914199373e-10 
7.7791267872e-10 
-5.7175643683e+18 
-4.3209447176e-04 
7.6248422852e+03 
4.6811207688e-11 
-1.6783557698e-38 
5.9439373205e-21 
9.4172556099e+33 
-5.5350493093e-30 
2.0621836250e+06 
-4.4784047852e+03 
-7.7421409152e+25 
2.4470065085e-08 
-8.2440340321e+15 
-4.3792791062e-38 
-5.1255544000e+07 
6.1413760216e-24 
1.6348850698e-22 
-4.8905671342e-31 
9.7178493551e-13 
-1.6868139455e-28 
-5.3958006304e-38 
-8.4099931880e-12 
4.3837819486e-10 
1.0051606938e+12 
-1.4785501662e-05 
1.8265274368e+10 
-2.0529199067e-21 
-7.0671326592e-14 
2.3135983422e-31 
6.3668744192e+10 
5.8477864152e+15 
3.3802722464e-04 
1.6015154799e+17 
-6.0805101858e-16 
3.9511570389e-21 
-2.1762965247e-02 
2.3415118889e+12 
-2.8931840010e+36 
9.5989367733e+32 
1.9297807689e-24 
-7.7455633518e-21 
-2.0524678845e-08 
4.7193947313e-29 
-2.3550112971e-08 
4.9993246094e+04 
1.3517149925e+01 
2.2707559319e-22 
-1.1394877419e-20 
1.5770038238e-25 
-9.2015364241e-14 
1.0329159375e+06 
-7.6094671272e-38 
-3.4208908575e+12 
2.2173934155e-07 
-1.4652683167e-03 
-1.3368594782e-21 
3.5278724681e-05 
-7.6180775248e-27 
-6.0928688651e+30 
1.0936595871e+20 
1.1558261856e+21 
4.2767196433e-16 
-1.7820197505e-19 
-1.1584022446e+21 
2.1871210098e+01 
4.3766065000e+06 
1.1412038994e-20 
1.3557403644e-19 
-3.6017084196e-22 
3.6779438418e+32 
-2.3973965340e+37 
2.2208728646e-33 
1.7997230899e+11 
6.5832952757e+28 
2.6985371094e+04 
-7.1046418724e+34 
1.7282428258e+38 
1.2073964340e+29 
-8.3749123915e-22 
-1.0293950936e-06 
1.0494565760e+09 
-1.2832258940e+00 
7.4527684774e-05 
-1.5379249920e+09 
-1.3841945895e-29 
1.2482757492e+36 
-2.9974033168e-05 
1.6828373047e+04 
-7.2164056144e-14 
-1.3922542169e+35 
2.6256917221e-25 
2.8227873047e+04 
-1.2664092428e+23 
1.0166882699e-17 
9.0337193750e+05 
1.5057981936e-21 
-2.9643358502e+18 
-1.1618554324e+20 
2.0989247299e+29 
3.5594097189e+25 
2.0742347456e-13 
-2.6787966117e+38 
9.2506223960e+30 
7.1080571615e-06 
-7.6421262221e+34 
-8.2984611192e-26 
-1.2196617579e+32 
-4.4065411203e-03 
-1.5153883163e+23 
1.0557085653e+27 
-1.3345412775e-08 
-9.5529193750e+05 
1.4536702792e+34 
-1.7884030565e-21 
4.1224425829e+17 
4.3587515000e+06 
-6.3027260819e-14 
-3.9649213867e+03 
4.4453765138e+15 
4.2100016760e+16 
-3.2433871094e+04 
-4.3649048229e-26 
-1.3871163016e+33 
3.4426768707e-06 
-2.8038941854e-33 
2.8552533639e+13 
-3.1141831109e-31 
3.5800231744e+16 
7.6356311040e+09 
1.1864698336e+29 
-3.5735367452e-23 
-1.3395159054e+23 
8.1597755000e+06 
1.2290064384e+12 
7.5009993750e+05 
-6.1442235848e-12 
-3.0573904830e-27 
-5.3277562713e+14 
-6.8578941783e+34 
5.7475880348e+36 
2.6152881105e-07 
-1.2966691516e-02 
-3.1356148024e+22 
-9.0058431759e+37 
-8.1433915000e+06 
-5.9944865744e-31 
1.6520692734e-03 
-3.6072929481e+21 
-3.6947107582e-34 
-1.6486463000e+07 
9.9164436346e+32 
            nan 
-1.0502809087e+17 
-1.1123344166e-35 
-1.3988061523e+04 
-4.9219413245e-34 
-3.2461884816e-32 
1.7522289833e+29 
-1.4179379108e-25 
-4.3993113650e-05 
4.7778862961e+21 
-1.8317506916e-34 
3.6632230282e+00 
1.1846696821e-14 
1.2780048873e-30 
-2.3906129849e+17 
-7.8931839524e-25 
-1.8886506868e+33 
-2.7658364532e-22 
8.9778457180e+36 
4.6611593494e-30 
6.7667001632e-27 
-1.3138007573e+34 
-5.4377767240e+13 
2.2192651367e+03 
-1.4110457894e-19 
6.6024241999e-24 
2.5564710882e-26 
5.6332898304e+10 
-3.6813709259e+01 
1.2806915208e-25 
-1.3149515325e-05 
7.6287556239e+29 
2.7589344754e+28 
-2.4144129753e+00 
6.7402177734e+03 
4.5712058486e+18 
-7.6371778093e+36 
2.9415484518e-02 
-2.3311211902e-12 
8.5160328060e-32 
-8.2471177240e-13 
-2.4189841309e+03 
6.2637932611e+22 
5.1549785882e-36 
4.4424182215e-12 
8.5887665708e+24 
9.5342728850e+24 
2.4120996493e+27 
1.3623149016e-37 
-1.4430137589e+23 
-7.7312318772e+32 
2.8076439585e+16 
-1.4126349312e+10 
9.9889341243e-08 
1.6346058847e-27 
-1.3355598324e-34 
6.1725522798e-15 
1.7724080411e-19 
3.0655719250e+35 
1.3963420192e-16 
-2.7806933887e-30 
-7.2912020117e-15 
1.3616386828e+14 
9.3185798482e+18 
-9.5727987659e+23 
-5.8822249585e-39 
7.1098895660e-09 
-3.2395033918e+32 
-5.4080389846e+28 
-1.7962425921e-24 
-6.2633267817e-07 
3.0162683534e-36 
9.4826113700e+19 
-9.9987946752e+16 
-4.6671851436e-19 
4.0469799926e+25 
1.8504730542e-04 
-2.4029565004e-09 
-8.2000858434e-38 
-2.3250710036e+12 
4.8721773783e-04 
-3.1623132527e-02 
-7.5472846848e+10 
2.9611675177e-26 
8.8648815921e-35 
-1.2806651966e-14 
-4.6954807594e-36 
-2.6724269390e-27 
5.4968257812e+04 
1.8736848000e+08 
5.1210995351e-14 
5.4135724442e+12 
3.5768304951e-03 
8.9557927907e+25 
-2.5341639249e-17 
4.9292170878e-26 
8.7296161548e+27 
-9.2756398080e+09 
6.3509954545e-23 
-4.3610779429e-21 
-1.7759979092e-15 
-1.3664496805e-17 
9.2965089980e-35 
-1.5753713611e-10 
1.5274944715e-02 
-7.5391030385e-16 
2.8052364407e+20 
7.3719569116e-08 
3.3394234021e+22 
1.1494584476e+21 
3.2807280331e+34 
4.4318284928e+27 
-6.3117512139e-27 
-5.7662180069e+15 
-1.1591406173e+18 
-1.2953717420e+36 
1.5708746950e-24 
-5.6077091755e-12 
-2.1510786000e+07 
-3.3086230050e+25 
4.4792797249e-10 
1.4894768714e-24 
-5.7871179776e+10 
-2.7121587200e+09 
9.4789606100e+15 
1.7171589855e-37 
2.0287290491e-35 
1.5574339878e+32 
3.1270485674e-30 
-1.4629023976e-16 
-5.7476572266e+03 
-8.2169520427e+33 
-2.7565970221e+27 
1.8406716327e-24 
-2.9185778042e-15 
-1.5203472948e+27 
-6.2550082803e-02 
-4.1009225335e+27 
8.0604085395e-17 
-1.0789892321e-26 
-1.4949938095e-23 
3.6232658691e+03 
1.4393448000e+08 
-2.2498890538e+26 
1.7110146796e-35 
-1.7832102918e+15 
-3.0457471890e-36 
-8.9250500000e+04 
4.0703795200e+08 
-2.9045263803e-26 
2.9926256520e+33 
2.4238180800e+08 
-1.9271039491e-05 
2.6478909422e-03 
-7.4481877192e+32 
-7.7051340916e-21 
1.1461402509e+25 
8.9385328429e-27 
-8.5535239221e+23 
1.1271532477e-32 
6.3879492643e-16 
8.2372393750e+05 
-6.4721369743e+00 
-3.1599542748e-31 
1.9100751558e-07 
3.4408649600e+08 
-4.7095317791e+12 
-1.0065959159e+16 
-1.0479829378e-15 
-2.2180996105e+17 
-5.0190868480e+10 
-1.5592904671e+29 
-9.2011764965e+22 
5.5203916687e-36 
4.5657653276e+17 
-9.0842060401e+36 
-6.4535970972e+31 
1.6744253516e-34 
-2.7349253751e-31 
5.4340520972e-10 
8.4940089524e-27 
-6.6727359467e-21 
-3.5169761147e+15 
1.8953195007e+34 
1.6838054909e+22 
-6.8707050991e-39 
4.6282031586e-21 
-1.2612199696e-12 
-7.7759185230e+35 
-3.3180993750e+05 
2.4620493177e+13 
-1.3110653541e-34 
-6.5349882313e+23 
-8.3440527420e-16 
-4.2123830000e+06 
3.1956939317e-09 
6.8370230000e+06 
1.0809719970e-04 
-9.5735203619e-13 
9.7182151700e+25 
4.6520874264e-08 
-1.0760108557e-14 
4.6986017313e-36 
-4.8812348660e-38 
8.5939396352e+36 
3.0786715000e+06 
2.0551093033e+14 
-4.2559182205e+36 
-2.6159538853e+36 
-1.7516649640e-32 
3.2030826154e-23 
2.1279672178e-28 
2.9959980308e-19 
2.1105756551e+21 
7.6415302734e+03 
-8.6731548309e+00 
-3.8182853699e+01 
-9.1630674305e+20 
5.0867623124e+24 
-4.1127188825e-22 
9.6626205018e-34 
3.1431498723e+27 
-2.1529996536e-11 
1.9192352372e-36 
-2.0017967104e+10 
-1.8178925930e-27 
1.0249308048e-13 
-2.0996785766e+11 
7.4560390545e-19 
1.1686342119e+21 
5.1250433899e-05 
7.6574818708e-10 
-1.7452758038e-03 
2.9430333370e-07 
4.3205455323e+30 
1.4815694570e-29 
1.7780489322e+13 
-1.6204284595e-26 
3.7552932747e-18 
8.8590012834e+23 
-3.2661477261e+13 
1.6589040542e-21 
-3.8748278008e-19 
2.8266589559e-32 
-4.0306995993e-31 
5.1716927207e-31 
7.5356501839e-06 
7.2723762776e-12 
1.7642752237e+36 
-2.0901220045e+31 
-1.3291696167e+02 
2.5154940000e+07 
-1.0127006099e-02 
1.9637763216e+21 
3.8238315819e-23 
1.9591481934e+03 
-3.1008631196e+35 
-1.2449161659e-05 
1.3625084137e+14 
-1.6079584462e+17 
1.7641793875e-06 
-2.2939717915e+26 
-4.9523769121e-05 
-1.8531149110e+15 
1.0505023375e-34 
8.6792465210e+01 
2.5594431142e-23 
-4.1040551703e-23 
7.7945687712e+18 
-7.8037909909e+20 
7.0716240231e-26 
1.0877263529e-28 
1.1559618152e-08 
-4.1487599879e+28 
-7.9494092506e-20 
9.7058777755e-34 
4.0360980336e-30 
1.8435774667e-17 
4.1214200000e+07 
-7.6361659884e-36 
8.9079657798e-31 
1.8896896563e-06 
2.2734493042e-25 
-6.4395728987e-04 
7.4566844416e+10 
2.9558868846e-04 
3.1305511532e+17 
9.0020663306e-38 
4.3731091890e-38 
1.2553343867e-20 
1.5128819925e+13 
-5.9040315000e+06 
-7.7241052160e+09 
3.0197440826e+32 
2.8662923389e+22 
1.7845291314e+31 
1.1272687129e+17 
1.6269119000e+07 
2.4089634655e+30 
-5.2246885305e-15 
-2.7664120330e+32 
7.4685044390e-13 
2.4613781065e-12 
5.8638807386e-02 
6.5441037659e+27 
-4.2580820046e+27 
-1.3138356531e-19 
2.3307908630e+02 
-5.6088210966e+35 
-9.8024531348e-23 
4.1766251520e+09 
1.9825427304e+16 
-6.3536222743e+34 
-4.0235271832e+32 
-4.7868556431e-36 
-1.3061026008e+38 
1.3246587789e-17 
-4.4742812122e-08 
-2.6011526836e-16 
-1.0410119700e-07 
-1.9420224789e+14 
-5.0463068012e+22 
-4.5923586540e+12 
-7.9427417225e-21 
-3.5608666293e-22 
1.8065215180e+37 
8.4964742202e+29 
-3.2360516813e+11 
2.1059932607e+36 
-2.0144877500e+06 
            nan 
-8.5881518563e-10 
8.4498750374e+14 
5.3515670400e+08 
-1.5930688766e-30 
-1.2766911601e-27 
-2.6553528921e-25 
-7.1159755081e-21 
-1.4245308553e+37 
-5.9847102165e+00 
-1.4113082614e-07 
-9.6185878817e-08 
-8.5066855219e+12 
-4.7508951277e-02 
9.9639492188e+04 
7.4599709750e+14 
-2.1610138913e-34 
-5.7548475000e+06 
3.1217514684e-10 
4.4766921154e-14 
-4.1342293475e+17 
-4.8540528168e+23 
2.0736766105e-23 
-2.0648491604e-37 
8.4160370358e-23 
-2.2153892706e-28 
5.7699775283e+11 
8.2407197770e-36 
2.9183660296e+31 
-7.3150197011e-08 
-4.6977182720e+09 
-1.4213550138e-36 
-2.5375083964e-29 
4.6248981197e-19 
2.1859701610e-27 
1.0737025554e-13 
1.2267649893e-25 
4.1534209025e-38 
-6.8911598064e-03 
4.2051009553e-25 
1.1400798208e+11 
1.0111554204e+32 
-1.1412931590e-33 
-1.7998457770e-04 
-3.5073272064e-10 
-1.8111334066e-04 
-3.7971622374e-11 
1.2085449219e+05 
-1.5126084977e+12 
-1.2517135040e+20 
3.4518495116e-17 
-7.7186414460e+18 
-1.7787367402e+36 
-2.0746903432e+18 
1.0461974144e+01 
3.4088473511e+02 
-4.4694312732e+37 
4.4232463551e-05 
9.5773918152e+01 
-8.9736264851e-24 
1.9054731126e-07 
3.6938175229e-23 
-1.1093589604e-21 
1.8493922617e-35 
3.8512252835e-38 
2.8558770670e-30 
3.0960756865e-37 
-1.1145246469e+35 
-4.6015319706e-36 
-2.9611677500e+06 
1.5260254171e-09 
1.4017893700e-03 
8.7419259387e-08 
-1.6862826782e+38 
-5.9020631081e+13 
-3.4340485339e+22 
1.0630827774e-06 
8.0185229050e-19 
1.1339975645e+33 
-2.6123278540e-10 
1.0518216732e-04 
-1.9270056302e-25 
-1.5694330102e-07 
-2.5888450570e+14 
1.9169386625e+00 
-1.4640944600e-37 
-6.2239444284e-13 
-9.4895278653e+12 
4.2993354269e+33 
3.1987946757e+22 
-1.4738660900e+19 
3.1289634816e+10 
1.9074474573e+00 
-1.2755445744e+13 
7.3005311488e+19 
-2.3146989911e-19 
-5.8952209841e-33 
-3.3299205325e+11 
-2.3653567993e-08 
2.1535614000e+07 
-2.3442271339e-36 
1.3613134751e-25 
-5.9316425132e+29 
4.8073703510e-05 
-3.4602143638e+15 
-2.6743522743e-34 
-2.6600801194e-22 
-1.2124631040e+11 
4.0497102418e-06 
-2.5437309742e+17 
-4.3570875000e+06 
5.7600750000e+04 
-4.6087205410e-03 
-1.5643060335e+25 
-6.7323480124e-11 
3.1152012525e-06 
6.1437599226e-20 
-4.5793829486e-05 
1.9612522179e+37 
-1.4882032379e+20 
6.2487908686e+14 
-4.8177268626e-35 
-4.2441022168e+21 
9.7342749409e+13 
1.0766197957e+18 
2.5334924859e-16 
6.6419601440e-01 
3.6002829366e-20 
-1.2437438011e+01 
4.8015747571e+34 
-7.1652182617e+03 
-6.0530474386e-26 
5.5203853607e+01 
3.3244539144e-23 
-1.0434788736e-34 
2.7341846632e-29 
-3.4630016696e+12 
-1.7127587681e-38 
-5.6783670187e-01 
7.3618536397e-13 
-1.2889569628e-35 
1.2625414456e-05 
4.7095878109e-34 
1.2188182906e+37 
-1.1448429089e+20 
-1.3089714572e-02 
-1.2108579673e-37 
-3.1581007292e+37 
1.4676164813e+31 
-7.9386556498e+13 
1.0479652054e+23 
4.4100133450e-29 
-4.0564456490e-27 
-3.0546511913e-33 
-2.3584927476e-05 
3.7811385134e-09 
-1.0820401920e+09 
-5.4843025282e-05 
-1.6523449724e-20 
2.9167762192e-27 
-1.1099432289e+32 
-4.9942563176e+30 
-3.7717800000e+05 
-4.5105966803e+27 
8.7503585649e-16 
-1.2311376953e+02 
-1.8642697556e-35 
-4.6397186816e-04 
9.4506640625e+02 
1.9893688730e+11 
-6.6886194576e+37 
6.8261796400e+33 
-6.5224659581e+37 
-1.1981996683e+16 
-5.9734685462e-37 
1.0091152793e+17 
5.3310791016e+01 
-4.7556884766e+01 
3.0203078351e-21 
1.6188398004e-03 
-1.8600025890e+16 
1.0988240000e+06 
7.6444799706e-38 
-2.3737430573e-01 
-8.1197594763e-16 
1.9005054000e+07 
2.8862248073e-26 
-1.3489263556e-17 
1.9893410373e-29 
1.9905570824e+20 
-3.4049566310e+11 
7.2948307117e-11 
7.8674771998e+28 
2.1167466286e+17 
3.2966159099e-13 
7.7677469893e+14 
2.0791468620e+00 
2.4098403628e-06 
-7.2393936264e+34 
2.1697301189e-25 
2.3460291674e+29 
-8.0613511004e+12 
-6.4534812460e-25 
1.2152049760e+25 
-2.0577191780e-19 
1.8598810643e-15 
3.1803211384e-24 
3.1163034982e-24 
2.1740007761e+15 
-3.2373080064e+10 
-1.7768398555e-28 
-4.0081493680e-11 
5.5008649826e-02 
5.3760128396e+26 
2.1936375000e+04 
3.2046414133e-13 
2.9502984944e-08 
-2.8741756649e+23 
1.2775620434e+34 
-3.9384219633e-19 
-4.1865371168e-04 
7.1869379602e+22 
-1.2124242582e-13 
7.6787724727e+20 
-5.2861772794e+32 
-5.4317465600e+08 
4.6375311264e-38 
-3.9362246481e-31 
-3.6234708800e+23 
3.5529395675e-38 
4.8584115575e-07 
9.4762305641e-14 
-1.5285834670e-03 
5.1819235772e+26 
-3.5571044922e+01 
6.9718925810e-37 
9.2322555411e+15 
-1.1333076517e+14 
1.1906406400e+08 
-2.4692103640e-24 
4.3161131678e-13 
-3.0179246546e-39 
-1.2929637194e+16 
1.4593471293e+28 
1.7817829694e-35 
-3.6246761455e+18 
-1.5160264832e+14 
-2.7563926295e-20 
4.5054411617e+14 
1.5337848181e+38 
3.8887110555e-16 
-1.3445408630e+02 
9.5434962570e+24 
4.7443842296e+20 
-1.0851152442e-11 
1.2701970206e-28 
1.0259284369e-29 
6.9268684800e+08 
6.6605957031e+01 
3.9136952320e+09 
4.5143466171e+29 
-7.9933143980e-16 
-2.3430041600e+08 
-4.7759115696e-03 
2.0394439697e+00 
-4.8519939923e-33 
7.0359286618e+20 
-1.4299007157e-33 
-2.2921540494e+26 
1.1383507725e-22 
-1.0209607228e+36 
-9.5722552969e+30 
-2.6044984521e+27 
7.0072832000e+07 
1.9919589117e-16 
-3.9823061691e+23 
-7.6926127076e-04 
3.3366560000e+06 
-6.3334682168e+24 
2.6360131569e+20 
4.5509050156e+18 
-8.0481600000e+06 
-7.9192208059e-32 
-2.2172656250e+03 
-6.9290780901e-26 
1.0144766440e+14 
4.8518366495e+13 
3.9484846155e-20 
6.1244431172e-33 
-7.2725264091e-35 
-6.9258500000e+04 
-7.1552994717e+28 
2.4235315200e+08 
-5.6942739632e+18 
-2.0211268995e-36 
4.0189549327e-01 
-2.2795243266e-27 
5.9344064671e-22 
9.8267188296e-03 
-1.5239638540e-35 
4.0627233684e-02 
-1.2727628986e-26 
-2.6159898438e+05 
2.6453091644e-24 
2.0470475907e+33 
-6.0934347557e+26 
-8.5873529315e-04 
7.7056611149e-28 
1.4510267310e-16 
8.8151171875e+02 
1.0435756728e-31 
-4.1413269043e+00 
-4.4539917959e+35 
-5.8650146484e+01 
-1.5740026880e+09 
5.1253390931e+15 
-4.7247800000e+05 
7.9914297402e-11 
-3.3256127761e+19 
-7.3064196933e+16 
-2.9835401197e-36 
1.9086268024e-38 
-6.8919312974e+16 
-4.2219755063e-38 
-2.1086592000e+07 
-2.0536005738e-24 
1.0472422218e-07 
-2.3146995724e+36 
-4.1392896000e+07 
-2.8972141445e-04 
5.3732750000e+04 
1.3099712000e+07 
3.7507277284e-09 
-7.1298245086e-12 
2.8865292342e-34 
5.6059552125e-18 
3.2983462951e+21 
-3.2817174020e+13 
8.8350176811e-03 
1.2537734375e+03 
5.0840759277e+00 
-4.3688750000e+04 
6.0634890492e+25 
5.0510789151e-07 
-2.0973148275e-22 
1.8152924161e-32 
-7.5708164365e-26 
1.5665562735e+35 
-3.3461302519e-03 
1.8687488000e+08 
1.8351211691e-35 
-2.7671130194e-21 
1.5287338896e+37 
8.3267656249e+16 
-2.8226926804e+01 
1.7484081600e+08 
-6.5735556680e-37 
8.0040719228e-28 
-1.9245980307e-02 
-2.1977009316e-17 
-1.7361734807e-01 
4.6746620800e+08 
1.6418496993e+38 
-3.2830273438e+02 
-2.0853985205e-10 
-9.6305832267e-04 
-1.3216119260e-04 
1.7055835283e-33 
-6.4615334820e-29 
1.6903040000e+07 
1.8069855835e+23 
-8.6544830206e-28 
-6.4302392459e+27 
-8.5333476889e-38 
-5.5482192383e+03 
-3.7049447141e-26 
1.8424208666e-19 
-2.3051496422e+25 
-4.1641581561e-07 
-1.0890903687e-27 
1.0122910738e+00 
-1.4769334751e+35 
-4.1888932861e+18 
7.9101963659e-19 
1.1608883392e-22 
5.6386628700e-08 
5.0723553280e+10 
-8.7597775713e-16 
5.5525152485e+19 
-4.0747261047e-01 
-5.2388500480e+09 
-2.3722203914e-03 
-1.2461269605e+30 
5.2703154037e-32 
1.0331363542e-09 
1.0348771664e-36 
1.1104618556e+24 
2.4529650756e+36 
-1.9902594248e-14 
2.5183152736e+23 
1.1911845888e-35 
2.4577074283e+33 
-3.3146123059e+11 
-1.2689075720e-26 
4.1501073262e+17 
4.4939825311e-03 
-1.5888226976e+13 
1.0423917149e-30 
4.1592313210e-04 
1.2542399978e+37 
-4.7091650579e-09 
-4.2152005000e+06 
9.5475060633e-37 
-5.3752952043e+22 
-7.0711351706e+11 
2.5041149210e-35 
3.7156692653e-14 
-3.0530887036e+19 
2.5030895898e+20 
5.9602318809e-38 
-6.3199172458e-12 
-1.9020068528e+34 
            nan 
3.5536080518e+16 
6.2162290566e+21 
1.3723653894e-27 
9.5978968534e+37 
-1.5514419647e-03 
2.6476603125e+05 
1.7136587260e-08 
-4.6864487547e+17 
-5.1905327373e+14 
-4.3648963831e-22 
-8.5702001051e-12 
8.0677124642e-38 
7.9126953290e+36 
1.0503565861e+16 
-1.4067482630e-22 
6.8250640580e+19 
3.2737271786e+00 
3.5688033627e+18 
2.3197237317e-13 
3.7785565150e-13 
-1.5586037942e+38 
1.8623829590e-08 
-1.0521788519e-12 
-8.0064677734e+03 
-1.1046484378e+11 
3.9494728378e-19 
5.5931529352e+35 
2.9415087272e-30 
1.0343718486e-06 
1.8048826322e-12 
1.4818288674e-36 
-1.0244821145e-16 
3.2877493901e+38 
-5.3614013672e+01 
-3.4862034793e+14 
1.2778950000e+05 
1.9603894668e+32 
7.5423437500e+03 
-5.3440750000e+04 
-4.8445184000e+07 
-7.7433428509e+13 
-6.4678575585e-19 
5.1660671943e+13 
4.9102546897e-29 
-2.4436447194e-26 
1.2097688477e+04 
-3.6387208849e-02 
2.5503101562e+05 
-3.7038562500e+06 
-7.3209269117e+15 
-1.8400437721e-32 
-1.0133306638e-08 
-4.5577674241e-37 
-8.4991402039e+31 
1.0515412052e+15 
-1.6333685489e-03 
7.6296330550e+33 
-8.6334399574e-21 
-2.8287569067e-26 
1.0783010980e+12 
2.2449513892e-07 
9.8160729613e-26 
1.2202418986e-07 
4.8604253955e-09 
2.3480388336e-05 
-4.9462959264e-26 
-1.8731676779e+34 
2.6912042742e+31 
-2.8637003879e-09 
-8.3777536000e+08 
3.1350926173e+37 
-1.5344357868e+12 
6.9266185164e-04 
-3.9970297677e-35 
3.8094218893e+36 
1.1248528957e-02 
1.1461826784e+23 
-1.2699950000e+05 
3.7294119727e+34 
-8.3296379089e+01 
1.2927689978e+35 
-3.4149496059e-05 
-4.7299451432e+26 
4.3568590848e+10 
-1.0820527483e+22 
9.4733310269e+27 
2.4176716805e-02 
3.9323605597e-04 
7.4295769537e-09 
-3.6955706738e-29 
3.0739165321e+32 
1.1172229808e-11 
4.6999250000e+04 
1.3594538587e-26 
2.0149955012e+23 
1.3652707437e-13 
-6.4923560648e-28 
-7.3418442815e+27 
-1.7439773208e+25 
2.0220825600e+08 
5.2655360000e+07 
1.0438942720e+09 
3.1431690383e-34 
6.1327307478e+25 
-5.2449563375e+17 
-3.6928343559e+14 
4.6618705920e+09 
8.2396169933e+19 
-1.7390796072e-35 
2.5258528582e+21 
-8.7672581493e+37 
1.3698812361e+31 
1.2540812833e-10 
-1.6063300000e+05 
1.7694475969e-37 
-5.1430240273e-04 
-2.2175292220e+24 
-1.5065324988e-07 
1.3941004872e-03 
-4.6240688711e-21 
1.1142013318e-37 
-5.7978733378e-36 
6.7353682200e-31 
-9.9363059173e-30 
3.0099478465e-10 
6.5261948791e+35 
2.1763443947e-02 
1.3892720194e+32 
-2.3866850132e+34 
2.1889058982e-29 
-7.8486594016e-18 
3.0484094000e+07 
8.3231735022e+14 
1.8997719244e+37 
2.4409578042e-20 
-1.3820688384e+10 
-3.5547275911e-04 
3.6428156109e+11 
-3.7858891821e-37 
2.7930233809e-16 
3.9275146484e+01 
-9.4789324423e-23 
-2.3851649565e-20 
1.5558654965e-36 
-6.0292626603e+37 
1.4397250781e-28 
-3.5279720363e+15 
-5.7335592437e-15 
1.4201141312e-06 
-1.1696908575e+31 
-4.2876482355e+11 
1.3350107380e+29 
-3.8071310863e+33 
8.0190400000e+06 
-5.7816086116e+20 
-6.1317841992e+22 
6.0524120358e-27 
-5.2653205692e+26 
-2.6040206048e-38 
-5.5526486227e-29 
2.8415753210e+38 
6.6645522928e+16 
-4.2755000000e+05 
1.3485265174e-29 
8.8920857915e-34 
4.5243631064e-10 
-7.1534379581e-32 
-1.5090355176e-18 
-3.1058951791e-21 
2.7763648424e-33 
-8.8320563915e+36 
-2.0000382698e+36 
-3.6256632583e+36 
4.3401750000e+04 
-4.8043425459e-21 
-1.7472435330e+21 
3.6999633306e+12 
-6.0623767859e-37 
3.3008655009e-07 
2.6847100931e-13 
-1.6771203251e+23 
9.2548393750e+05 
7.2914747827e+26 
4.9344672727e-23 
4.1438011985e+22 
1.1662880757e+22 
2.3610703324e-21 
9.7222159517e+23 
-5.4219963074e+01 
1.9126658630e+02 
-2.6391015022e+38 
1.5177702882e+24 
-4.1617885206e+16 
1.1314897198e-33 
-4.2375305608e+27 
2.5281839214e+23 
2.2294235709e+13 
8.7988066254e-27 
6.1174437567e-27 
1.0113376803e-10 
2.9556274414e+01 
-2.9577077536e+14 
-2.1276786688e+10 
3.2290079527e+15 
-7.1667457667e-16 
-5.6187850570e-27 
-1.2622318325e+14 
-5.6989250000e+04 
-6.6381567275e-22 
7.3869614425e-08 
1.3650000095e-02 
9.4122978725e-16 
1.0352548905e+13 
-7.0952432336e+35 
1.5075704832e+10 
-1.9857711577e-24 
1.1208117008e-02 
-3.7605800000e+05 
1.1891897884e-06 
-4.7518945312e+02 
6.6887161783e-29 
1.1630610376e+14 
9.3284621835e-04 
-4.9311928812e+12 
-2.6901070669e-33 
3.2820146600e-10 
1.0499263681e-08 
-3.7762277701e+31 
-5.3110579200e+08 
2.4218847656e+02 
9.2448828125e+02 
6.0606820855e+32 
2.0016573370e-01 
5.4138048198e+19 
7.0526423454e+00 
4.1242206451e-38 
8.9066252404e-20 
1.6765714861e-07 
-2.5001840210e+30 
7.3335013771e+24 
1.3158317500e+06 
-6.9265654842e+16 
3.5834646449e+32 
8.3561715808e-22 
-4.6551462263e-02 
-1.6439334084e+29 
-4.3793038366e-33 
-9.9138410462e+25 
-4.4060898161e-23 
3.0390021665e+35 
1.9943279744e-38 
5.8738108068e+21 
-2.8281125675e-28 
1.8278880732e-30 
1.2422995486e-18 
-1.4961221900e-32 
-6.6075898939e+18 
2.1275132895e-03 
-9.9797253794e-13 
-5.1532896666e+13 
-1.5148372711e-39 
-6.5823952157e-30 
4.3663603719e-06 
-1.8122637217e+36 
-3.8090346961e+15 
7.1053981781e-02 
-2.4040052083e+17 
-2.5465213685e+25 
-3.1477234056e+20 
-1.2723350000e+05 
-2.2619305349e+24 
1.2334869095e+37 
-2.2345214844e+02 
5.2824600236e-33 
5.4032601008e+30 
-1.8312673138e+25 
4.0927618376e-24 
7.4422924166e+29 
5.6861833605e-27 
-2.2274218750e+03 
-2.3046180301e+22 
2.4072280440e+22 
-4.0545225143e-02 
-2.0493907181e+17 
4.8952286118e-21 
3.9834209226e-32 
-9.5512154726e-30 
2.9340416727e-25 
1.2495112234e-26 
2.4260133700e-26 
-1.3800534390e+14 
7.1484954238e-38 
-4.3837297708e-02 
2.0507317787e+17 
4.4779659947e-04 
1.6318725829e-04 
8.5044493899e-03 
1.8244093657e+00 
1.9774604956e+17 
-4.5490665888e+29 
1.7158496353e+16 
5.6474290504e+19 
3.9138885275e-15 
-1.3993296532e+23 
3.5408629628e-07 
3.8957895804e-25 
-8.3840509223e+34 
8.3386808569e-10 
9.5861743852e+31 
-2.6131682812e-38 
2.0800118109e+36 
-6.9178316073e-38 
6.6603667026e-12 
7.7194347978e-04 
-1.6493504518e-06 
-5.5726341672e+15 
7.3928500000e+04 
-2.1166443825e-02 
3.4551535501e+13 
1.9063929039e+28 
-3.3198619551e-26 
-4.2775509269e-25 
1.9949279939e+32 
1.1574567473e+27 
-5.8700286979e+17 
1.9574209685e+18 
-4.0760285201e-25 
2.6308070552e+14 
1.4564609370e+28 
-1.5888761750e+13 
3.9177205689e+28 
7.5754655882e-09 
-4.8000805980e+21 
1.1985644313e+18 
1.4065608411e-07 
-1.8300446355e+19 
-3.0268787067e-26 
-3.0685665564e-08 
-1.1596895486e-26 
1.9785784185e-01 
-3.6860962958e-13 
-7.1514461464e-24 
-8.3067433140e-12 
-3.4774407959e+02 
-1.5168423610e-37 
2.6866294784e+11 
1.1922743490e-33 
-1.5073195520e+09 
9.3485619723e+28 
-1.9875182353e+16 
2.0554334517e-31 
1.7582905752e+30 
-2.4622916012e+30 
7.7908014006e+13 
6.3101407056e+22 
3.8494333746e-32 
-2.0781898438e+05 
1.0252639186e-05 
5.1570532378e-06 
8.2536621094e+01 
-5.0242121574e-10 
5.6888863047e+35 
2.7570702781e-32 
-6.1755697746e-35 
-3.6532724374e-30 
1.3492214249e+26 
-1.3200147112e+36 
-2.5009900000e+05 
-4.6359645545e+29 
1.8670215520e-16 
-3.2590888960e+09 
-7.1609452855e+13 
-1.0432647361e+16 
1.4943414538e-36 
2.3886091913e-27 
1.1887556795e+14 
-6.1756873038e-06 
-3.7794203531e-14 
5.9117975794e-27 
3.0459069008e+33 
-3.4599876404e-01 
1.6933160223e+12 
6.5359742855e-31 
7.8630796413e-19 
2.1287968750e+03 
5.1233668442e+16 
1.6223884115e+32 
-5.2685314095e+26 
-4.3431923001e+34 
-1.5359193505e-29 
-9.7381777186e-37 
1.5302046842e+34 
-4.1435608404e+15 
-1.7440602781e-11 
4.4931273600e+08 
4.0283952000e+08 
-7.6572209971e+12 
2.8946426880e+09 
1.9880881067e-13 
-2.1140254410e-29 
-2.7796500627e+22 
3.4380522144e+27 
-8.2012199402e+01 
4.4999927920e-29 
1.9532518005e+02 
1.2363844735e-22 
6.6517311659e-09 
9.1565880211e-06 
1.3014764404e+03 
4.3487655907e+21 
-2.3320864141e-01 
-3.7201146634e+26 
-4.4424270163e-04 
3.9258540778e+27 
1.1639244800e+08 
8.4390502399e-15 
            nan 
-1.4057164800e+08 
-9.0535644531e+01 
-1.8647288381e+12 
-2.1171842627e-16 
-6.1560887843e-05 
-4.5488040960e-16 
-5.8111163765e+23 
4.7246281842e-20 
-2.8924102783e+00 
7.8312165933e+16 
9.6894495623e+20 
3.1058534400e+08 
6.4400989568e+28 
6.2651706739e-14 
-3.0833035707e-03 
1.8881152000e+07 
-3.9998473800e+18 
1.8377278063e+27 
6.3612515808e+16 
-1.1893843979e-35 
3.6760041418e-16 
-2.0994587117e-19 
-4.4237054885e+21 
4.6782237205e+17 
-2.2582875920e+19 
-6.2638506341e-21 
1.4448814367e-09 
5.7582466245e+25 
-1.4913826904e+03 
-7.7644418527e-25 
7.0750167413e-26 
1.5879772369e-29 
1.1634874907e-21 
4.0655609730e+34 
-1.0363944511e-06 
4.4969989652e-26 
-3.9959908352e+10 
4.2296151777e-26 
-2.3523496875e+05 
-2.9208529404e-30 
-4.2946480789e-06 
-9.3420641107e-34 
-3.9518544078e-01 
-1.6903004650e-18 
2.3187932755e-25 
-3.4310036338e+29 
-1.4583080413e-30 
-2.3034629015e+16 
9.6049955865e+13 
5.0750582886e+02 
1.4932212602e+36 
-3.2932606991e-03 
8.5943353271e+02 
6.8688801792e+10 
-2.5380750230e-05 
8.0051797628e-01 
2.8558133170e-02 
6.6224472400e-26 
-3.7994320792e-06 
4.9675948627e-26 
-2.7536579967e-01 
8.7760458622e-11 
-1.7866020012e-36 
-1.1438358154e+03 
-5.5526866598e-28 
2.4556376735e+30 
2.3399041105e+27 
1.8971042968e+26 
-1.8265822724e+13 
-1.2911170172e+25 
1.0038436523e+04 
1.4340543000e+07 
-1.9045637846e+00 
6.2402242878e-21 
1.6859770692e-25 
3.2100396794e-32 
-1.2211927957e-32 
-1.3028910871e-05 
-6.7679675000e+06 
-2.9167599773e+28 
5.0874519098e-39 
7.4103517465e-30 
1.7058954240e+10 
-7.3496804049e-37 
-2.6212028109e-36 
-3.9997115944e+27 
-4.2192374812e-37 
-3.6753993034e+00 
-9.4713165872e-15 
1.3684082774e-27 
6.4490744000e+07 
1.3546808358e+14 
-1.0184123144e+24 
1.3896487770e+19 
-1.3445217842e-17 
3.6870125007e-20 
1.9832305289e+29 
3.7154809408e-38 
2.6773844729e-04 
3.3565722088e+22 
2.1604989021e+16 
5.8921198845e+00 
2.5340060251e-30 
-1.0082488937e+30 
-8.4297649562e-02 
-1.5041808128e+01 
-2.1771089377e+28 
-3.8875643941e+22 
-1.4823412497e-09 
1.6934577074e-09 
-1.9442539667e-07 
1.0239743275e+22 
-3.5445552826e+01 
3.1334118294e-15 
1.5039917773e+23 
2.4586508297e-23 
6.1404031859e-10 
1.2280624805e+38 
2.8828250720e-07 
1.6461088089e-03 
-9.2479318380e-01 
-6.6215576498e+19 
-1.0346141286e+11 
-4.0073753205e-09 
-7.7414464340e-26 
-1.1268076908e-35 
9.9703878931e+34 
2.0359080505e+02 
-3.2924972344e-30 
-2.5934880702e+26 
2.1936330952e-19 
8.5678584000e+07 
-6.0539447021e+02 
-3.4809231442e+13 
7.2175841930e+37 
-3.3115037500e+06 
2.3205842364e-17 
-1.4229734556e+28 
-5.2009623552e+10 
1.3958688354e+02 
1.3427268984e+19 
-1.4365241441e-05 
-1.2913857527e+19 
3.9276686311e-01 
6.2626940040e+29 
-2.1152262961e+16 
-5.9892361093e+34 
3.9396470785e-01 
-1.2618816449e+33 
-1.2096899871e-10 
-5.5074233970e+19 
-9.3288481107e-11 
2.9151490161e-22 
-2.0512862974e+33 
-1.0261436523e+04 
-6.3692487114e-20 
-6.5730631604e-07 
-8.0306462231e-35 
-1.1609096364e-36 
-5.1795395346e-22 
1.4373803976e-36 
2.4997941091e+35 
9.9617825782e-38 
1.8516062200e-01 
1.8688983154e+03 
-7.0269315637e-18 
-1.4643983126e-23 
-2.2468704394e-19 
4.7926364136e+02 
-1.2827038521e+35 
-1.8073767312e-30 
5.2385409598e+32 
-5.4321193750e+05 
-1.1397635704e+35 
1.2716531913e+20 
1.0686795654e+03 
2.2530434653e-02 
1.5830463000e+07 
3.1686669491e-22 
3.0959889293e-01 
6.2635645490e+37 
2.0068856854e-25 
-5.6013101339e-01 
-1.0477849336e-22 
2.1167851116e-07 
3.4353995575e+21 
2.4960508461e+25 
-1.5492853043e-29 
-2.4872166118e-27 
2.2325731645e+35 
-8.8619601727e-01 
-1.5874118042e+02 
5.3635927734e+03 
-2.4036008739e-08 
-3.6453443657e+15 
-2.3702545030e-33 
2.0496075771e-16 
1.8967803928e-29 
1.1615665133e+31 
1.7356111217e+12 
-7.0460368497e-28 
-2.1175074577e+00 
-1.3645765832e-13 
-5.8881039347e+36 
6.8305140846e-33 
-4.4578812467e+17 
-1.2590034570e-09 
-1.5879748389e-02 
-6.6163669074e+24 
-2.7802237749e+35 
-9.0775036875e+23 
-6.5599730532e-17 
7.5582884890e+26 
-1.0031153363e-34 
9.0844026880e+09 
-5.7713743299e-02 
3.6154921080e-16 
-2.5952655966e-31 
-7.8584759521e+02 
-4.4233635776e-07 
-1.0059070363e+20 
-2.2981486737e-36 
8.6041608323e+13 
1.2281014404e+03 
-1.3345925347e+36 
1.9977521600e+08 
4.8858481280e-13 
5.5253809225e+26 
4.5174719272e-22 
2.1793467746e+31 
-2.9406509237e-13 
2.1947580608e-19 
-8.0970957717e-10 
-3.9693350400e+09 
3.3722706671e+16 
-5.5748745353e-07 
1.2202767961e-28 
-2.5843357500e+06 
3.3915979663e+15 
1.2760935870e+30 
-5.0517379421e-30 
3.5506815266e-09 
-2.2200310616e+23 
-3.3757571671e-18 
-1.0356494141e+02 
-2.9559693819e-37 
-8.4822543881e-32 
2.9187483715e-27 
1.2246875889e+38 
1.3081636469e-13 
-3.5797309875e-01 
-9.0619893940e-32 
6.7554387944e+32 
-9.8866015625e+02 
-4.8395906240e+14 
-1.5459407362e+23 
1.7734139404e+03 
3.0365343029e+28 
7.1299465216e+10 
2.4864373047e+04 
-7.4936574710e-17 
1.3606466214e-14 
-1.8431975946e-09 
3.0722908432e-32 
-5.2075043496e-15 
2.3395544340e+24 
-1.1705480335e-13 
4.2463623047e+01 
-9.4101375997e-14 
1.7686375031e-08 
-3.8243168892e-23 
2.6432708518e+25 
4.7236849117e+19 
9.3535119930e-32 
9.5664462376e-37 
2.9887954944e+10 
-3.0971112700e+35 
-1.0624344390e-29 
-2.0519549854e+15 
-1.1162023996e-14 
-5.0782232985e-34 
9.0655468571e+36 
4.7255231819e+25 
3.3790407811e+17 
4.5609112907e+34 
-2.0013858687e+17 
-5.6727979585e+17 
1.5420234534e-12 
-1.1668578681e-38 
            nan 
1.5409562190e-15 
3.6276776600e+25 
-4.5709419250e-01 
-7.7517262322e-33 
-2.7185778809e+03 
-6.3324651479e+31 
-9.8699092751e+31 
-1.2315210660e-37 
9.0980856000e+07 
-2.6535208356e-22 
-1.4157946917e-33 
4.6407663616e+11 
1.1876497408e+10 
-3.3050652952e+17 
-2.9676943310e-24 
1.2972258838e+15 
3.8791881491e+23 
6.6836649803e+21 
1.7135372162e+01 
3.0532603457e+25 
-3.1104449905e+12 
3.0918337870e+37 
7.4856628418e+02 
1.6237091226e+11 
5.8870456320e+10 
3.3041850302e+13 
6.8142369121e-15 
-1.4198052898e-36 
-3.6675545934e-10 
-4.4391156716e-38 
1.0136182308e+00 
6.4912126710e+27 
8.4250036161e-04 
1.1503151149e-32 
-3.0974801717e-12 
-4.3330616736e+28 
1.1667519000e+07 
-2.3871164601e-08 
2.7281114184e+15 
3.6526939574e-25 
4.0845311844e-29 
-1.1870271000e+07 
-2.8679050544e-31 
1.9143999140e-23 
1.1019957807e-20 
9.2229193750e+05 
6.0878192739e+17 
-5.4342098475e-25 
-3.4889016452e+31 
1.4218455505e+02 
5.3287125122e+32 
1.6908837850e+17 
3.3519846776e+16 
-3.2187028809e+03 
-1.1697569847e+01 
-1.0442551871e+20 
2.5873623047e+04 
1.1418350852e+27 
-5.9480258642e+12 
-2.0683098526e-28 
6.5961687961e+35 
1.3882252858e-07 
6.2874785378e-09 
5.3766389181e+16 
1.1811522635e+35 
-2.3486506244e+23 
-4.2588424742e-26 
4.8391100405e-36 
3.3728267041e-28 
9.4675340800e+08 
1.7659302801e-02 
4.6291708953e-20 
6.4477765349e-09 
-2.1515703929e-24 
-4.8410910720e+10 
-7.0149052734e+03 
-1.9938758555e-07 
5.9088955350e+28 
1.6739137436e-06 
4.9624388458e+37 
5.7596410280e-12 
3.8003571425e+12 
-3.4827501282e-35 
-9.0399071487e+16 
-1.7908049622e+18 
1.9151932109e+27 
3.2256976904e+37 
-7.9043926809e+21 
1.6986477500e+06 
1.4813859676e+12 
-4.1155789994e+35 
6.3516230328e-25 
-1.6063148034e-10 
-5.9815742188e+04 
2.0631797726e+21 
1.5060851578e+27 
-2.8373108944e-04 
2.2390172737e+33 
-2.9928827204e-30 
-2.3063176195e-04 
1.6332141802e-12 
8.9585156559e-38 
4.3307790625e-33 
-6.4973971690e-34 
-1.0738208835e-25 
2.6882598976e-17 
-1.3170936654e-05 
2.8034354489e+17 
9.9096056000e+07 
2.2237404984e-20 
1.0164021317e-12 
1.8751329039e+38 
-1.3380797386e+01 
-4.5032210435e+21 
4.2970320833e+27 
-8.7285110000e+06 
3.4871523987e+15 
-5.6091203941e+20 
-2.7528456569e+13 
-1.2145250515e-29 
1.4107607258e+24 
6.4176770358e+15 
1.8956276165e-13 
-4.9376252800e+08 
3.6516707859e-28 
4.0254200218e+11 
1.2649203099e+20 
6.2986309640e-03 
2.1628544565e-24 
-3.9111721321e+32 
-1.1021174614e-13 
5.9658525589e-28 
1.6148107310e+14 
5.7891349792e+01 
9.2201134902e-23 
-2.0050483704e+02 
-3.1539995000e+06 
2.2055869964e+17 
1.5666389710e+17 
1.5987941033e-26 
6.5410763774e+23 
-1.6161777747e-39 
-1.2894604298e+35 
1.4515661051e-32 
-2.8287375087e-14 
6.1821183782e+36 
-3.4463130951e+01 
4.0246273869e-08 
-1.1892040253e+02 
5.8671356000e+07 
2.1276830964e-08 
-1.2294249535e+01 
9.6753606340e-04 
-7.0662791841e-03 
2.4579799405e-30 
-5.8309057617e+03 
8.0135354123e+19 
-3.9691161803e+15 
-2.5999329562e-16 
-5.7281315788e+35 
-2.4851071167e+02 
-1.4222632117e+28 
1.1275199000e+07 
2.0594524350e-11 
9.3367904108e-18 
-2.5558949450e+38 
2.2801172374e-17 
-1.5117525973e-30 
1.2878619659e+14 
2.0094134223e-27 
2.0914077917e+35 
4.6329324925e-12 
3.2318754861e-31 
-1.1761086000e+07 
2.1563351461e+25 
-1.9427242240e+09 
2.5119220249e+14 
-7.2413106622e-09 
-2.9586445976e-23 
-1.2374014387e+32 
2.7776882205e+29 
-1.4097057108e+18 
3.7874446994e-19 
-8.7933082665e-33 
4.5462551290e+24 
-1.0915968945e-32 
1.3552634441e+17 
9.4129866911e+15 
-2.7315820504e-13 
3.7103019622e+11 
-3.0481962021e-03 
-2.3445771546e-07 
-8.0191750592e-13 
-1.9101536666e+32 
-1.5049818754e+00 
-3.1641227848e-36 
-3.4478879689e+20 
1.0106425723e-17 
1.7995492249e-11 
1.8997445386e-26 
3.4087759872e+10 
-9.9077649631e+34 
-1.5976942539e-22 
4.1816301364e-15 
-1.6938861855e+12 
2.1505207101e-35 
8.9653692585e+21 
-3.4181686886e+11 
-1.6916785600e+08 
1.9184650866e+14 
-8.5372672978e+17 
-1.5195759207e-21 
-1.2445843507e+36 
4.2253205504e+11 
-3.1383560800e+28 
1.7842703078e-37 
-9.7367252198e+19 
-4.8480845675e-20 
1.5447072327e+30 
-5.8265545166e-13 
-1.1155648276e-30 
-1.4323937002e-14 
-2.1776104695e-28 
-1.3066893005e-30 
2.8780480791e-27 
6.3533610275e-22 
-1.2956798296e-17 
-1.8044302719e-09 
            nan 
-3.0698438059e-04 
4.0751989349e+21 
-3.0784262366e+21 
5.3945384401e-13 
2.3486352377e-36 
3.2619858247e-28 
-2.9197228353e-37 
-2.9751533930e-06 
7.9827225281e-19 
4.4310688880e-14 
-5.2291852698e+11 
-1.8017707321e-24 
3.6925971043e-14 
1.0903494640e+30 
-1.5504254547e-09 
1.8062986392e-28 
7.2059387904e+11 
-2.1623713768e+32 
-1.8152167523e-16 
-8.5139152999e-33 
-1.9206672841e+16 
-1.0940534594e-05 
-4.2143156752e-03 
-4.5455424505e+25 
-7.1184138240e+10 
-3.8726332789e-36 
-1.3235388324e-02 
-9.7351526909e-31 
1.7432767832e-32 
3.4829301618e+28 
-1.9853822644e-35 
-5.4603543566e-35 
-4.8747990529e-31 
4.0351445787e-03 
-1.7613917237e+15 
-2.2361866111e+18 
1.3322652371e-19 
1.4484223794e+22 
1.8837002238e+25 
-3.3800180580e-22 
6.8546466959e-19 
5.6398702182e+11 
1.0029096248e-34 
2.6484092560e-36 
1.6044329107e-01 
2.1902559698e-01 
-4.7393138238e-37 
-7.8675107966e+31 
1.1943316760e-29 
-1.3550238844e-16 
-3.0023018217e+20 
6.7401738310e-35 
-1.2872549164e-12 
1.2983298949e+12 
-5.0505596233e-11 
7.0885757415e+23 
1.4534815591e-06 
-2.2078255313e-07 
-3.3760534380e-14 
-1.5782850981e+00 
-9.6043339948e-10 
-6.0973019191e-26 
-3.5308722599e+24 
3.8214122837e+25 
-2.4894344364e-08 
-9.6226562164e-05 
9.9545795820e-05 
-7.1326782927e-03 
-8.3260802057e-06 
-3.2542899857e+18 
-4.3933792558e+33 
-1.0797214862e-38 
7.8464414183e+28 
2.6792641729e-02 
-6.3283448000e+07 
-1.1093667324e-33 
-5.5060997785e+21 
-7.7509962892e-09 
-2.4822786337e-23 
-1.1585356209e-18 
8.6374534230e+17 
1.5573183627e-35 
-1.8681907869e-34 
1.6945393675e+34 
-4.9704329600e+08 
-3.6061561723e-12 
-9.3214810121e-24 
-1.6403304149e-38 
-2.8729364395e+01 
-3.2319377064e-27 
-4.2974330225e+12 
7.3071288762e-35 
-2.4698001475e-30 
-2.8379794210e-02 
-1.1894326235e-05 
-2.0845378749e-03 
8.1857186160e-05 
2.1561498247e-12 
1.3424966108e+16 
-3.6194476032e+10 
-7.2664492474e-25 
4.9803195224e+16 
1.8142488780e-28 
6.3180540000e+07 
-6.0508896240e-06 
-1.2133150365e-18 
1.2385066052e+28 
4.8053644397e-10 
-5.2270647138e-02 
-9.0513270000e+06 
-4.8208784629e+31 
-7.0363954705e+19 
6.5338441728e+11 
4.6216698024e-07 
-5.7249603271e+02 
6.7539218343e+31 
6.6472832000e+09 
-4.8426320327e-14 
3.0131341714e+36 
1.1452684784e+02 
2.3873154362e-14 
-2.1954374750e+27 
2.5431713867e+03 
-2.7868965556e+31 
-9.0921640970e+37 
-1.1704074204e-18 
1.0289890270e-05 
-1.0845723979e+25 
-8.6904539237e+30 
4.6398152451e-15 
-3.3291370030e-15 
1.8746467361e-35 
-2.3628704250e-01 
1.1741462811e+33 
2.4454902335e+28 
7.3320690918e+02 
3.6129022192e-05 
3.9261060010e-05 
2.5223686290e+37 
1.6554737614e+31 
-9.5320277037e-22 
1.8810053436e+28 
-1.9313150400e+08 
3.3466131826e+34 
-1.2305819123e+31 
-1.7139293545e-33 
-3.4052892176e-33 
5.5565825378e-12 
8.7506529800e-10 
-9.8281730652e+01 
-1.7884847064e+30 
6.2551061879e-19 
-2.3530723925e+26 
3.0350224011e+22 
3.0947384415e-34 
-1.8232439458e-01 
-1.1690211720e+37 
-3.6698640355e+27 
2.4137614295e-02 
2.0806782000e+07 
1.5579764404e+03 
8.8226688974e-27 
4.8542790766e+14 
-5.7907285737e-12 
9.1767141818e+21 
-8.8565438986e-01 
-3.2595587982e-05 
3.7506021695e+31 
-1.2288837379e-16 
4.9766744865e-23 
6.2760953600e+08 
-7.6022947937e-09 
6.0871626133e+34 
-5.9169537963e-06 
1.7947025942e-20 
-1.4190088528e-21 
-2.1088182841e+32 
2.1527049255e+02 
1.2782430094e+36 
5.4566351536e+15 
1.1579298710e-21 
2.7398593750e+05 
-1.0550728291e-07 
1.2411570740e+02 
9.0506068296e-35 
2.0105532317e-33 
-5.9934424233e+29 
4.1049411520e-03 
8.3030664649e-35 
-5.8535922917e-31 
2.6241891740e-15 
2.6223790791e-31 
-1.2060422729e+23 
-5.4292162348e-26 
2.4575693816e+14 
3.1956548696e-07 
3.6585191783e-36 
-1.5966697693e+02 
9.2492743078e-21 
-3.4227375068e-07 
-1.1269400489e+32 
2.5305085630e+15 
2.5456373047e+04 
6.6490555000e+06 
-1.9074970426e+35 
2.6016614328e-16 
-1.8908250446e+20 
-2.7650382196e-35 
-1.8818875000e+04 
-2.4810642045e-31 
-1.4739455706e+31 
-1.3430297375e-02 
-1.0540982063e+31 
4.3956518173e-02 
-5.6956248469e-30 
-1.1889758017e-34 
5.5039564914e-27 
-3.9175750000e+04 
-2.0481019622e-38 
-2.7361718750e+03 
-3.6871843265e+16 
-1.2420684726e+32 
7.7692318882e-05 
-2.4510083476e-34 
5.2218397250e-27 
1.2380886857e+19 
1.5821795654e+03 
-1.5463442947e+24 
-8.9647760375e-20 
-6.2381612541e+16 
4.2302883928e+33 
1.1518046181e-27 
2.7925559607e-06 
-3.6700456991e-14 
1.0755156613e-20 
-1.0524294349e+11 
-1.5556081664e+10 
-2.8293231198e-30 
1.7340537161e-02 
3.6425507200e+08 
7.0619597756e+18 
-1.3351568589e-14 
3.0938319993e+24 
-1.1881503497e+22 
-6.5563428901e-22 
3.2268052788e+16 
-5.5637616236e-27 
3.4863606282e+32 
1.8233039169e-26 
5.8017246094e+04 
-1.1130387200e+09 
-2.2085455712e-03 
-9.3610948516e+24 
-2.3404168684e-21 
-4.1056222929e+23 
3.9844039885e+12 
4.2585332327e+33 
1.5434841088e+10 
2.0204438724e+30 
3.0085448840e+29 
1.0333890169e+32 
-1.2996897567e-05 
-2.1997309962e+22 
4.0842692279e-32 
-4.5647277832e+00 
3.8584719584e-38 
1.2375965041e+12 
-1.6256466512e-28 
3.9810654773e-12 
-3.9085516221e+27 
1.5438713676e-14 
-1.0453442374e-26 
5.7816892080e+24 
9.0037658811e-04 
3.0395492113e-34 
-4.3896826262e-38 
-4.4755658841e-35 
2.5907124900e+37 
2.6572084649e+36 
2.3339468614e+16 
-1.4770436721e-29 
6.4534613209e-09 
-7.7066150977e+19 
-5.1653435000e+06 
-8.6567173100e-30 
2.0252049255e+02 
-1.8495096592e-03 
1.1976393461e+00 
2.9834515658e-07 
2.3881033869e-12 
3.1213356800e+08 
-4.0740538246e-29 
1.7162036724e+25 
-5.6089975000e+05 
-4.0754714487e-26 
5.5744526625e+33 
1.7282042182e-34 
9.4746802170e-21 
1.7632311110e-15 
7.5872415304e-01 
-1.7309940480e+09 
-1.6292450950e-02 
2.2438693813e-21 
1.1568209277e-39 
1.9197785390e-19 
1.3184132882e+37 
-5.4527129826e+22 
-1.7974778640e-17 
-1.0230151030e+21 
1.5928402094e+22 
-2.0306587783e+19 
-2.7959743895e-11 
4.5749682617e+03 
-1.3631167000e+07 
1.0224320000e+07 
-3.6258155145e+17 
-2.4699600896e+10 
-3.6541920000e+06 
1.0549761477e-15 
-1.3735473156e-02 
9.3282222748e-02 
-9.7329864507e+13 
-1.6396779090e-16 
1.5739377418e+13 
9.0363712447e+35 
4.5700687679e-09 
-1.1341019033e-30 
1.6358733177e-02 
1.6809913600e-36 
-2.7348845310e+25 
2.3421724961e+33 
-7.6240865005e-32 
-4.7645238926e+33 
-1.5675523963e-21 
-7.9748146690e-16 
-1.3978452165e-36 
-3.5142063306e+14 
5.8290574864e-29 
3.3168828860e+22 
-3.6144381402e-36 
-5.2688755565e-27 
-1.0310471366e-09 
1.2085995880e+17 
-3.9333295101e+26 
4.0974686209e-13 
-9.0663007954e-16 
-3.1389497508e-06 
4.7947067733e+25 
5.9314864501e+18 
-2.1250014104e-37 
8.3316135729e+28 
-3.8396236420e+01 
1.4809774479e-18 
9.8953577303e-33 
7.9499682617e+03 
9.1004171155e-26 
-7.4403393506e+16 
-2.3082405069e+11 
7.4847666585e-14 
-1.5800548363e-15 
-2.0880235624e-31 
1.2058539160e-27 
-6.8271272448e-17 
-1.4656020405e+34 
-1.9743510364e+12 
-7.6993840926e+27 
            nan 
-2.9240233857e-24 
-2.7102600000e+05 
1.2491883087e-17 
2.7544051409e-03 
7.5698603583e-34 
-1.6397449437e-19 
1.5831261397e+28 
6.6043540312e+16 
4.4972136638e+18 
-4.5290361165e-29 
-3.2471011061e-35 
-8.4578339287e+27 
2.1045573260e+22 
-1.6212361216e+10 
-8.4176155629e-14 
5.8821440000e+06 
-1.2087104000e+07 
1.8263680000e+07 
-5.1454600000e+05 
-9.6052535810e-06 
-9.3340223543e-22 
2.2197428796e-16 
-3.0376126059e-09 
9.2359612191e+23 
-4.8201427120e+26 
3.0389052990e-29 
-1.5028415419e-06 
1.3513437770e-24 
1.7632808272e-28 
2.1716271381e+36 
-4.3388514439e+19 
-5.4765987500e+05 
-2.6869893481e-17 
1.9344787715e+15 
1.4161160601e+30 
-3.2184891872e-24 
1.0345956691e-35 
-2.0455961185e+14 
-4.5753762944e-33 
6.9836969345e+13 
-7.4904682617e+03 
3.0053401611e+38 
-2.9927164947e-35 
-4.2423497445e-23 
-2.2353949628e+18 
1.3666815759e-22 
4.3410868830e+20 
-1.5339889427e+21 
-2.7208224681e+22 
7.2932623874e+18 
1.5171634945e+21 
-1.7687561553e+32 
1.7279854949e+16 
-4.5931480486e-07 
-1.7976567147e+22 
3.9228173487e-10 
6.5334438870e-33 
-8.2711334093e+12 
-4.6790720589e-38 
6.5342525908e-26 
1.6059550190e-25 
-6.9891321456e+28 
6.5327461322e-12 
1.9708713692e-29 
-6.0660446611e+26 
-9.8008340597e-01 
-1.1260096471e-05 
-9.5885542288e-27 
3.2680223772e-21 
-2.4928495621e-17 
1.6990598679e+01 
-1.7427584789e-28 
-2.3793560000e+08 
-6.2281101709e-29 
1.6958972712e-33 
-7.9878371441e-14 
5.1488264028e+12 
3.6099049449e-01 
-7.6792755182e+26 
2.1282578214e-26 
-9.9531000330e-08 
-2.2247013721e+29 
1.5682238265e-24 
-4.7958961105e-31 
-1.6841209399e+21 
-3.0643637417e-37 
-3.1089762815e+35 
9.7758086351e+29 
1.0791932436e-04 
-2.5662301108e-02 
-3.4918801677e+36 
-6.8835377559e-21 
1.1767748438e+05 
-1.2885552887e+22 
-3.3273599154e-11 
1.8178617443e+18 
9.1848776432e-36 
-3.0747746722e+35 
2.4472156717e+17 
2.2208814381e+27 
2.7060691027e+26 
3.8243278809e+03 
1.9423602149e-02 
-8.7937364125e-18 
-8.5335618073e-38 
2.6674436569e+01 
2.2055237228e+33 
-1.2876646977e-17 
-4.4406412053e-32 
-2.9917276040e-37 
-3.3126435154e+14 
-3.4501287938e-10 
-3.7906538351e-26 
-9.7084226910e+18 
7.2290423102e+20 
-4.2885245766e+15 
1.1341430998e+34 
4.7417652019e+11 
1.4916222772e-24 
1.1805129792e+19 
2.9966598511e+02 
-1.2936371702e+16 
-2.3796282880e+09 
-8.6632203633e-09 
-1.1870337178e-11 
-4.1406375526e+11 
-2.4043698438e+05 
1.0742290500e-23 
-1.7223917295e+16 
-3.6843400158e+37 
-1.5236245922e+36 
2.5095397103e-22 
1.7384217980e-12 
-7.5733632713e-17 
-2.0667634211e-29 
-9.0512656395e-39 
-7.4948252306e-28 
-1.2122899628e+02 
-8.1890209613e+29 
-2.5040839682e-04 
-5.6648301028e-19 
6.3321298361e-01 
1.2666802107e+15 
-4.2725324389e+31 
1.6336174080e-10 
-1.4876828907e-26 
1.9789747323e+29 
-6.0849803714e-35 
4.2649681503e-35 
2.0743104334e-30 
-1.7702558041e+00 
-1.0619997448e+38 
5.8408177449e+33 
-1.2856701545e+35 
7.1468153947e+33 
-1.0550260564e-16 
5.0752061910e+36 
-2.9444214956e+18 
-5.4071110518e-14 
-8.6621478271e+02 
-4.4711634090e+29 
-2.0125815105e-31 
1.6846974007e+21 
-1.0328132974e+33 
1.1607115746e+01 
1.2709485185e-26 
-1.2438315655e-10 
6.8596298806e-03 
5.2594889600e+08 
1.0892039421e+33 
-2.7801773328e-08 
-3.2536714432e+37 
-2.6228391647e+01 
6.9729701148e+17 
-1.1535520343e-06 
1.0892831702e+33 
-1.0334669297e+33 
6.9150957568e+10 
1.0324826401e-19 
-1.6516097509e+27 
-4.2599224587e-27 
-8.7812798518e+18 
            nan 
-8.6850890374e+37 
3.6714979265e-16 
-6.4082534834e-08 
1.8166849190e-20 
-1.1324060800e-08 
-6.1539151235e+19 
-8.5164553340e+24 
-1.6402433578e-10 
1.7548094397e+21 
7.7607366296e+13 
1.1160913371e+23 
1.0144499302e+11 
-4.7382381126e-31 
7.2840379532e+33 
-7.8381417985e+16 
3.4189532031e-22 
-8.1167242363e-19 
1.9556965398e-27 
1.9088383764e-02 
-5.9722802734e+03 
1.1157526716e-31 
-4.2191508082e+30 
-4.1687953591e-30 
-1.3444810823e-14 
-1.5700816989e-20 
-9.4318630668e-38 
-2.3901821134e+28 
5.3600153923e+00 
-2.7453038096e-01 
1.0260660000e-16 
-4.7869308472e-27 
2.0212889404e+03 
9.7606847842e+28 
4.0946378077e+35 
-5.2128694272e+11 
6.5969715340e-20 
3.6909346307e-24 
-6.1890180223e-03 
4.5034502250e-14 
-1.3115730724e-07 
-1.0641335207e+25 
-4.0397725725e-29 
-5.0446911480e-27 
1.5849707648e-02 
-4.1412359680e+09 
6.3854721550e-38 
1.9222543153e+23 
6.0120541576e-18 
3.6692081550e-22 
-5.6173636479e-22 
-1.0761522905e+14 
2.2061465308e-02 
6.5579959482e-24 
            nan 
8.0075523601e-17 
8.8886643683e-33 
-3.0183824881e+15 
-9.5829202926e+25 
1.1304767000e+07 
1.9191298438e+05 
1.1582337976e-35 
6.5178984797e-21 
1.1763724381e-36 
-1.5758624964e-36 
3.2315801887e+32 
1.5306183696e-01 
-1.5462453695e-36 
1.0499030759e-04 
-3.6452279808e+28 
-3.4388587500e+05 
1.0721195811e-35 
-4.7670694846e-34 
1.1269528571e+28 
-2.8631649135e-11 
-2.3441007137e+00 
1.2154502144e+10 
-2.6372478000e+07 
-1.1283568639e+29 
1.5044007908e-27 
1.3533936523e+04 
-7.5687182617e+03 
1.6959104957e+24 
3.9221637947e-28 
-9.8308975317e+16 
-1.3357817723e-27 
-4.5431720688e-23 
6.5089738754e-22 
-7.9635027665e+25 
-4.9685294780e-25 
9.3629830624e+21 
2.0755237001e+23 
1.2652234318e-06 
2.7304309472e+20 
-1.7570159528e+19 
-1.8762298963e-32 
-1.9357936087e-10 
3.5462324376e+33 
5.6580552786e+13 
-3.0972782835e-19 
2.7485788235e-36 
-1.0828769492e+21 
6.9352654417e-38 
-1.5652940153e+13 
1.8398365002e-25 
6.0855402946e+00 
1.9353611108e-37 
-5.4589533806e+00 
1.0130698886e-26 
2.0754615252e-04 
-1.5193174268e-21 
8.7453431518e+15 
-1.5097908717e-26 
1.1442793608e+00 
-5.8031561683e-22 
1.2929461791e-22 
-1.1153589186e-29 
-2.9493204945e+24 
-3.5069277500e+06 
1.6953342595e-28 
-5.0931388855e+01 
-3.1913994079e-25 
2.9346446993e+31 
-1.0848498688e+10 
1.6839381264e+24 
4.7006169069e+24 
-5.7566594039e-34 
-7.2909400042e+28 
-3.5259137341e+36 
5.3528121254e+34 
1.0981582604e-18 
-2.8148210551e-22 
3.6659782848e-11 
-1.2991255177e+14 
1.9727883682e-06 
-2.4387488183e-36 
9.0128605372e+30 
6.7270801009e-29 
2.2927734224e+21 
5.5881128717e-12 
1.9379705140e-15 
-1.9378112237e+30 
2.9015181586e-02 
-2.1069597565e-22 
-4.2560606700e+12 
-7.7050334404e-38 
5.3180112725e+24 
8.1389152527e+01 
-7.0264102140e+23 
6.2115293479e-15 
-4.2772110863e+34 
1.6371311523e+04 
1.1318570008e-20 
1.9765610182e+25 
1.7020941729e+26 
6.3999218448e-21 
-6.9722899934e-04 
4.8545367746e+14 
1.0629407771e-10 
2.0649984833e-07 
-7.3512265226e-04 
-6.4481647042e-17 
1.0913335838e-32 
-4.9660964230e-09 
-1.1969964200e-32 
2.1871997949e-20 
2.6822419819e-37 
-3.2971272079e-38 
-1.8147049008e-14 
3.5179633464e+36 
4.2408766684e-37 
-3.1723094204e-12 
-3.2494549361e+21 
-2.7357670665e-01 
2.0246921664e-21 
7.1062584945e-37 
-3.0502956931e-12 
-1.2258816144e+38 
-1.2393697201e-20 
-2.5578135625e-02 
1.4280960427e+28 
2.4553369141e+04 
-2.1990090822e+16 
-1.4412191926e-11 
-1.3549497265e-32 
-3.7944677927e-25 
1.7579554021e-01 
-1.9156559138e-03 
-5.9870747412e+37 
-2.5289748962e-08 
1.4386522703e-18 
1.4843224960e-07 
1.5351418642e+21 
-5.7927507614e+34 
5.9638560724e+18 
1.2936218409e-03 
-6.7645663648e-07 
6.5750179468e+34 
8.8588143735e+30 
1.0159740229e-22 
3.9537840166e-06 
3.6018152485e-27 
2.3605245440e+09 
6.8667873485e-21 
-4.6795120742e+33 
-6.1077171338e+31 
4.9982561648e+18 
1.1626013041e-08 
-8.2580082359e-19 
2.9459681634e+30 
-1.5900561993e-04 
4.2544193168e-33 
8.9453492188e+04 
-4.6098685100e+13 
2.6121172480e+09 
-5.3008082561e+21 
-1.1669167103e+15 
1.6103540979e-30 
4.4013774626e+34 
-2.4865602067e-28 
-1.8566554235e+24 
2.2357216441e+37 
5.2464905521e+20 
9.7198265006e-20 
6.9559056943e+17 
2.1534715054e-20 
9.0605007537e-26 
-1.8798040916e+31 
2.9996145458e-33 
7.4341676796e+29 
-9.7710949755e+26 
7.3515501165e-19 
-2.5992696875e+05 
-9.0215596828e-27 
-6.1293583713e-05 
-6.7315222168e+02 
2.7996942520e+01 
1.4395366907e+00 
8.9186750593e+23 
3.7028990625e+05 
3.7313793750e+05 
-1.6406763112e+37 
-9.5992151182e-04 
2.3472286224e+01 
-3.7438184489e+12 
9.2180361971e-03 
1.6832941523e+14 
-2.3386050348e-37 
2.0902463913e+01 
-3.4923666471e-14 
2.0209500790e+00 
-5.9234035893e+28 
1.0368646326e-04 
2.0436891660e-17 
-1.0355845674e-19 
8.8365560000e+07 
            nan 
4.5316598511e+02 
-1.9193980359e-19 
2.3328604584e-04 
5.4581680972e-13 
1.8965964443e-07 
1.0407328228e-37 
-1.7999825959e+37 
2.1093965339e+23 
1.7308250833e-08 
1.7128574000e+07 
1.8528152168e-06 
6.2065522446e+29 
3.1428169497e-36 
9.4898237506e-34 
1.6624968442e-16 
-7.1031777626e+22 
5.7004024152e+34 
1.9049693013e-37 
3.0850129011e-18 
3.4958341094e+31 
2.6784905890e-11 
1.2632144640e+09 
1.3652458783e+29 
2.1932215633e-14 
6.4226899528e+28 
6.1236725912e-08 
-9.5730949402e+01 
-5.4089016503e-30 
1.3911061523e+04 
3.5589986116e+15 
-5.7097275000e+06 
-7.4310772121e-02 
-3.6542083072e+10 
-1.1718448628e-25 
9.6637280256e+10 
1.6089690134e-36 
-1.0226159032e-31 
1.7932349440e+10 
3.8193933666e-02 
-9.1225748624e-25 
9.1826265829e-14 
6.1606448144e-03 
-8.2014994562e+33 
3.3403453833e+14 
-7.7073164877e+27 
1.5219018156e-24 
1.5173430348e+37 
5.1202616228e+34 
-5.8647973077e-35 
5.4407158134e-15 
-1.5668927000e+07 
-3.5887022386e-04 
2.9353924140e-16 
4.5395257403e+16 
-3.2351819051e+30 
-1.7473759459e-14 
-3.3253399983e-36 
-4.2819042574e-04 
1.2597429220e+29 
-1.1906559520e+20 
-2.7550388165e+14 
-1.8237505748e-38 
1.6869084846e+24 
9.6682412881e-21 
-1.0890015748e-23 
-5.4901548646e+11 
2.9246655758e-03 
2.1008697804e-03 
-3.4951627254e+00 
-7.1601191303e-04 
-1.0078621548e-27 
-2.7178196875e+05 
1.9554798750e+06 
1.4549047150e-18 
-5.5255503855e+19 
3.2876198920e-29 
-1.2672617804e+18 
2.8976320835e+26 
-4.9529404967e-36 
-1.0241578738e+20 
-2.7052399571e+21 
-1.4605747343e+26 
-4.3123687691e+33 
-1.4625254529e+31 
-1.0386030782e-27 
3.3675618797e+17 
-7.3976902798e-27 
-4.8451284992e+10 
4.0104086733e+12 
4.4358426191e+20 
-7.9027932882e-01 
4.8048712361e-13 
-1.7470932050e-24 
-1.3956964942e+13 
-8.6900023022e+24 
5.6215505600e+00 
-6.7477844640e+16 
-3.9716695675e+22 
1.1980472133e-02 
4.5221793757e-37 
5.1497372562e+17 
-1.4410161398e-34 
2.7137702384e-31 
-5.2800850941e-17 
-1.9654763184e+03 
-3.1719545410e-37 
-2.3697683561e+27 
-2.9537439743e+30 
2.4088231365e+38 
2.6533633486e+32 
-1.0719619132e+33 
1.0569710592e+10 
1.8083951003e-09 
-7.3520092320e+30 
-4.8103228079e-14 
5.5215053233e+35 
1.7687483187e+11 
2.3262553986e+20 
-3.3040493529e+15 
2.2417065063e+15 
-6.3162357289e-11 
3.4746727553e+25 
-6.6915243673e-33 
-1.6941822168e-21 
1.1674850000e+05 
-4.4630778308e-30 
7.7643942745e-28 
-2.1846146915e-27 
-2.1579913371e-32 
2.8033930732e-10 
1.1198752996e-29 
5.5843433218e+13 
-7.1053256401e-28 
4.4479833798e-36 
-9.7687890625e+02 
6.4038360839e-35 
2.7409462067e+11 
6.8074291200e+08 
-1.0379486822e+11 
-1.2614123520e+09 
-7.1242560000e+06 
-7.0253920911e+12 
-3.9183603742e+18 
3.1528576000e+07 
1.3537431403e+32 
2.4485558699e+35 
1.6061997999e+22 
2.7004765110e+23 
5.0442042081e+12 
-6.4804093952e+11 
-7.1928340729e+20 
1.9986878092e-13 
-1.7218127875e+29 
-1.8362689676e+38 
8.3234006250e+05 
-2.1034303665e+01 
6.2977168462e-18 
1.6752535753e-38 
-2.0061647415e+01 
1.1242579346e+03 
3.5120242485e+27 
-8.3237762168e-38 
2.5773509120e+09 
-2.3049910039e+14 
-2.2840907638e+21 
-5.3432305374e-14 
-1.3177482787e+37 
-1.2770769512e-17 
3.8094916022e-07 
1.4612590077e-35 
3.9003430269e-20 
-2.4541904524e-24 
3.1159694131e+11 
6.0537417896e+24 
-2.3566248424e-21 
-1.0374396658e-32 
-1.6382676363e+00 
-6.3058687036e+21 
-5.7160044705e+16 
2.3383897437e+36 
-4.1275659094e-18 
5.1818582248e-14 
-9.7954899343e-33 
2.5396907471e-24 
-1.0578900989e+20 
-2.7103717041e+02 
1.3086699519e-24 
-4.3288402964e-24 
-1.4229928395e-28 
1.3694888779e-08 
4.9260180411e-27 
-3.8340088632e+31 
-1.3839873247e-07 
7.0211882609e-31 
-1.1131584543e-10 
2.5191515750e+11 
1.6342068824e+30 
-2.0454297991e-25 
1.9376244523e-23 
3.2451628906e+04 
7.9713482410e-03 
-2.0526744981e-16 
-2.0267756009e-38 
-3.3815845957e-11 
-4.1644833040e-22 
1.8128165635e-08 
3.1433044495e+30 
1.3412569304e+35 
1.0728224957e-34 
-4.3951448443e-23 
8.3769152832e+02 
9.1402080335e+32 
4.8373094734e+27 
3.9520708570e-18 
-4.1794740469e-07 
-2.4082672753e+30 
1.8499754482e+26 
-4.3625349101e-13 
-1.2125224684e+29 
-1.3193860013e-06 
-3.7530474816e+19 
4.8557166658e-19 
4.5536806314e+35 
-2.2382650231e-23 
1.0826916955e-20 
3.6650622976e+10 
-4.1021024607e+14 
1.0603674316e+03 
4.3294382095e+00 
1.7106476232e-15 
3.1169878906e+04 
-2.7703689508e-27 
-2.6519730878e+34 
3.1099048896e-23 
-2.1331723633e+03 
7.5147974121e+27 
1.6391255508e-17 
-2.3973992938e-05 
-1.2322736816e+03 
2.0020050655e+19 
2.0788401250e+06 
3.3582248356e+16 
-3.7919842500e+06 
3.3234226193e+21 
9.2709498792e+28 
-3.7239933359e-12 
-1.8729261778e+38 
-6.5497812500e+03 
-4.7745349896e-09 
1.8356873383e-25 
3.2349097072e-21 
-1.7393755102e+31 
3.5996253906e+04 
6.2688870430e-28 
-4.1142600744e-34 
2.7358807455e-27 
-3.9040868194e-23 
-7.6838833010e-29 
2.1974514317e+15 
8.0224325000e+06 
3.3388534027e-22 
-1.5037887125e+36 
-4.5712679826e+30 
1.7586351725e-34 
-1.2983573635e-12 
-1.5468063477e+04 
5.0197718006e-21 
-2.9912159634e-28 
4.6550338157e-03 
-9.1292552056e-29 
8.1545663611e+12 
1.2683984660e+15 
-6.2826959229e+02 
-7.6596716532e-32 
-1.1967044109e-14 
-9.9254799797e-38 
1.0143867518e+28 
-1.3582473296e+16 
-6.1020855294e-21 
-9.2862547039e-38 
-5.9710179619e-33 
-1.1374960453e+38 
4.8710249600e+08 
-1.3260183837e+36 
1.6121926454e+31 
-2.3777800153e+34 
1.8086937503e-09 
3.3492011520e+09 
-4.6215553147e+24 
-6.6221510656e+10 
-1.5597491526e-28 
-7.3397376000e+09 
-5.9146973138e-22 
5.1909753906e+04 
1.1937278327e+22 
-2.0514733101e-14 
1.8652494770e-27 
-3.8280060824e-20 
-3.2296114840e-29 
3.5705389350e-31 
3.5494981358e+35 
-7.2146282619e+29 
-4.3843691237e-03 
-8.5017536549e-06 
-4.4791674710e-12 
-9.1674207763e+17 
1.6651822627e-01 
1.4293542578e-32 
-2.0302677692e-25 
-2.0716138223e-36 
-8.0126117271e-38 
-4.1362821104e-24 
-2.7356370370e+32 
-5.7811301042e+19 
-3.4090511803e+37 
-3.4744974226e-02 
-1.3221251488e+01 
-1.1699339985e-37 
2.1256086050e-21 
3.1912505104e-27 
-1.4068617929e-05 
-1.9931329346e+03 
-1.8786803160e+27 
6.8402529685e-26 
8.7558275319e+28 
6.5051397542e-04 
-4.1905941273e-16 
5.8247271729e+02 
-5.9059178881e-08 
1.0601581074e-02 
4.2708609331e+16 
2.2377339703e+29 
-9.2328283907e-10 
2.8468786695e-05 
-4.7694555295e-38 
-9.1705120319e+32 
1.7097068023e+32 
-9.9310099952e-26 
2.5318120823e+27 
-2.7983283691e+03 
-4.2428828160e+09 
2.1697587915e+18 
-6.0091782832e-20 
4.9767526905e-11 
2.7877483500e-27 
-1.5636112151e-26 
3.6749273846e-08 
-3.1784568832e+10 
1.2732346477e-16 
1.2432721250e+06 
9.3494152053e-16 
-2.7860167393e-05 
-9.7597490821e-05 
-5.5088035146e+22 
-1.4761125725e-31 
-3.2450026257e+16 
2.4473391234e+35 
-5.7737716858e-35 
-1.3315408896e+10 
-3.9635657484e-24 
-2.3124240237e+13 
-4.2776172049e-03 
-4.5306115100e-23 
-3.7297616833e-17 
-2.9879400284e+15 
-7.2059011882e-19 
-8.8318620467e+12 
-1.7080783787e-29 
-2.6987093449e-08 
3.4132917915e+19 
3.2052154264e-09 
8.1640992013e-32 
-1.1950973544e-09 
-1.4448321661e+19 
1.2632581909e+35 
-9.0600636416e+10 
2.3258589270e-29 
-4.5744142279e+21 
-6.1432650546e-04 
-1.0743383040e+10 
-1.1870657000e+07 
4.2595968552e-32 
-2.5276491435e-19 
7.1115942383e+03 
3.3194874518e+18 
-9.9308424879e+25 
3.2363513827e+27 
-3.1532018875e+34 
1.2198199653e-32 
-4.0106106524e-38 
-1.9634140338e-16 
-1.5387112629e+30 
1.2734172712e-13 
5.4503660598e-15 
-1.8546265699e+24 
2.7155706507e+15 
1.2834380570e+29 
-1.4346255149e+26 
3.3575251289e+35 
8.9648824238e+25 
-1.7829591370e+02 
1.1956708731e-23 
-4.4064794480e-08 
7.8046354251e-26 
2.2272585048e+15 
-9.3040410763e+21 
2.8592664589e+16 
-1.3126417471e-17 
-2.1742182728e+12 
4.6284174579e-35 
5.8073999404e+32 
5.9683419596e+16 
-2.6609026000e+07 
-8.2985839844e+01 
            nan 
-9.1802419200e+08 
9.9089375000e+03 
-3.4435530485e+33 
1.0568143582e-12 
-4.3917943487e-29 
6.0084204562e+36 
-1.1046937500e+04 
-5.6811957736e+28 
5.8500800000e+06 
-5.5337638148e+22 
-1.8418952823e-03 
1.2101928663e+18 
7.9395520000e+06 
-5.6243009203e-28 
2.8867572546e-03 
-1.0872702084e-31 
-7.9212032000e+07 
5.9407502789e-15 
9.0582469303e-10 
1.6863645554e+01 
-1.7008387976e+18 
3.4036809666e-05 
-1.3020495793e-08 
-9.5581801461e-37 
-1.8396385028e-29 
1.3973677444e+21 
-4.6180746094e+04 
-7.0456059229e-28 
2.9111271823e-30 
3.7986754448e-14 
-8.3429484375e+04 
3.1106023926e-06 
-1.0090540800e+14 
3.1433348815e+37 
3.7932894393e-38 
9.6289875558e+11 
5.0290543657e-37 
3.4241487504e-26 
-1.7031372840e-11 
2.3508793405e+16 
4.6227975758e-07 
5.8267561091e+29 
6.7559476107e-34 
3.9929946373e+30 
-3.1641899729e+31 
2.7318118140e-02 
-6.0965832896e+30 
6.2605234034e-27 
4.2233100616e+15 
-5.2224695683e-03 
-1.3689896960e+09 
-5.9108267929e+22 
5.9282758188e-23 
-3.2032848596e-12 
5.2596733440e-06 
-1.2131202236e+13 
-5.8675875168e+37 
-3.7213644325e-38 
-3.0632702478e+32 
1.1649206281e-03 
1.0445885908e-36 
-1.9641288596e-11 
-1.9169447594e-34 
-1.5084472656e+02 
-1.0002114806e+12 
6.9187540374e-34 
1.5471003864e+26 
-1.8579706400e+14 
-7.5938931071e+34 
2.1648062546e+12 
7.9885206250e+05 
2.0345798630e+14 
-1.2812475227e+23 
3.4491396679e-17 
3.0256911560e-11 
-5.1867834826e+27 
3.1460765004e-01 
-3.8200075286e+21 
-2.4408613536e-19 
-4.4186145015e+30 
-1.1869460988e-27 
-4.1344477713e+32 
-8.6770919339e-09 
1.3102498253e-10 
-2.3860514355e+34 
9.4470973555e+22 
3.6095974620e-29 
4.7964456978e-14 
-6.7885739155e-33 
4.0879547596e-03 
9.8825097084e-03 
-2.3767028986e+36 
2.4183021037e-14 
-9.4953472331e+18 
-7.3869343944e-31 
3.0970051711e-35 
4.5509888000e+07 
-3.1151923200e+08 
-5.1365082009e+29 
3.1548792441e-15 
-8.4017280000e+06 
-9.3779087067e-02 
-2.2142103822e-22 
-6.5579204666e-19 
8.8923749157e+21 
-2.1943124689e-17 
-4.9530100336e-29 
-2.5972986196e-34 
4.7706119055e-09 
-4.6952192000e+07 
-2.8344704000e+07 
3.0142232018e+21 
-6.6443804672e+10 
8.3352058953e+19 
-1.9693660736e-01 
-3.6202369813e+26 
-1.0505231599e+21 
1.5029268421e+18 
6.3454275916e-31 
-1.1057750429e-17 
9.9539574551e+29 
-2.2247346191e+03 
-9.6078649600e+08 
-1.8222644634e-16 
-5.0288174667e+29 
-8.2852094886e-26 
9.8812705153e-36 
-1.7709222130e+37 
-1.7798841600e+09 
8.0538929619e-29 
9.5230286625e-24 
1.1425102775e+25 
2.4826401587e+11 
4.5964475761e+13 
-5.2055124193e-02 
9.8233304816e-26 
-4.7350297905e-07 
1.3245799053e-20 
-5.3364377806e-08 
-1.2972370582e+38 
3.3023792146e+14 
1.8363121250e+06 
4.4491203784e-18 
3.1628007047e+13 
1.1256572053e-21 
-5.3673994905e+14 
-1.3057668451e-24 
-8.5238864307e-33 
-4.2250620063e-39 
-4.9805178962e+12 
-6.9618454000e-27 
5.0724626270e+23 
6.8416117015e+35 
2.4329059642e-34 
9.6575500000e+04 
9.4434800000e+05 
2.5679844996e-36 
1.1701078620e-05 
1.5146432380e+18 
7.0618076813e+36 
8.4661227569e+33 
-8.0626837191e-21 
3.4093704784e-17 
5.3601987500e+05 
-3.0139235314e-03 
2.0553096614e+28 
-4.3532852080e+27 
9.6799348729e-17 
-2.3368133631e+22 
-4.8260556313e+24 
8.3270206030e+20 
1.2733240529e-25 
7.5644635586e+31 
-2.9740519636e+27 
5.1976990962e-16 
-2.5492396807e+26 
1.4764296452e-09 
5.8586359024e-02 
4.2146729984e+10 
9.1525747265e-28 
-1.4506777139e+33 
-5.9626959229e+02 
7.3825263929e+20 
7.1485358986e+36 
-4.1457089361e+17 
1.4679060322e-34 
-4.8190591770e-05 
4.6416326607e+17 
-2.0814195133e-26 
-4.4883588084e-14 
6.9682112728e-13 
1.4970704346e+03 
3.9171178837e+14 
1.3162861062e+28 
-6.4889913797e-01 
1.8334559193e-17 
-2.9959611894e-22 
-7.8614434460e-04 
1.5201867558e-02 
8.6915992426e+23 
-1.4995982329e-23 
-6.8006355286e+01 
-1.0096680030e-26 
4.3398144000e+08 
-1.8940885064e-20 
1.3681662362e+11 
2.9549934341e-31 
2.2494719414e+15 
-5.5749855704e-18 
-1.3327844651e+22 
-2.4791111021e+32 
5.5094800000e+05 
-8.4921514265e-12 
-4.5919225440e-30 
1.1849361979e+28 
3.3726300160e+09 
-7.1742390272e+12 
-2.8386671919e-38 
-7.5710612909e-13 
-1.3245159074e-30 
3.9775335442e-18 
-7.4140349170e-04 
-5.7848381349e-29 
1.0248707980e-01 
-1.6407465666e+28 
3.3519261793e+38 
3.9855273438e+02 
1.3739385395e+37 
5.7500445377e-14 
3.8677872640e+09 
9.6520311344e-32 
6.3750815868e-24 
-8.3866796875e+02 
-1.0784206205e-28 
4.5526275546e-31 
2.9430978075e-30 
2.5392484188e+12 
6.1046268539e-36 
2.7291029692e-03 
1.5391412015e+21 
-9.8130533170e+17 
2.5490321799e+29 
-4.0787343750e+03 
-1.3830948521e+20 
-1.8619061848e-08 
1.4800117863e+33 
6.8011813765e+12 
-4.5762164518e-05 
-2.3407283141e+18 
1.6045031450e+14 
4.7718526524e+30 
-1.0126054287e-02 
2.3480818833e+35 
1.1714726411e-12 
-4.9289936661e+30 
1.1853559547e-27 
3.1875380607e+38 
2.8381984263e-13 
-1.1809164757e-11 
-8.3487723026e-34 
-3.8494341893e+18 
-5.2083717113e-15 
1.2046159991e+29 
3.2510398513e+38 
-3.6683640369e-19 
9.4259541803e+24 
7.2507970557e+27 
4.9626102664e+28 
-6.8464279175e-01 
-2.7558534576e-17 
-4.8156433105e+00 
3.6482466385e-05 
4.3178658177e+25 
-1.6840301423e-15 
-3.7394089309e-34 
-3.3671251490e-36 
2.3342514983e+36 
3.7843123559e-34 
2.1483310966e+18 
-2.2545440382e-14 
-9.7179722673e-29 
7.3714640166e-05 
2.2531125751e+32 
-3.5597759336e+14 
4.2875851749e+18 
-2.6690248124e+23 
-6.6318627263e-29 
-1.5456403112e-16 
-1.8794453354e-06 
1.5928636382e+32 
-2.0231120686e+23 
7.2793790087e+13 
1.4800855875e+17 
-1.6595008117e-23 
1.8477663921e-20 
-2.3677520752e+00 
-1.8374468685e+35 
2.4730820961e-16 
-7.6787597656e+01 
-1.2882240489e+22 
-2.0759472656e+02 
9.9238162616e-29 
-2.6763445931e-06 
2.4613095800e-29 
-4.0746707240e-29 
2.6913039619e-06 
1.1019215881e-27 
-7.8004181895e-23 
1.1054351581e+27 
1.6498355731e+30 
-4.3386562500e+03 
-1.3757519531e+02 
-3.1986992275e+18 
-2.2256822518e+12 
1.2957221286e+33 
-3.6180172800e+08 
-5.4214611898e+24 
2.0945072174e-01 
3.7779874513e+13 
1.0079867848e-20 
2.5623231104e+30 
-1.6274205008e-34 
4.2243862041e+33 
-3.7586294720e-28 
-3.9708293050e+36 
1.6720761380e-22 
1.1871025926e-31 
3.0670037316e-19 
-1.2456962395e-05 
-1.6784600536e-15 
-9.4533193750e+05 
-3.3777244890e-10 
-6.1875535894e-36 
-2.7442108373e-13 
-1.2050154578e-17 
-1.3860284351e-02 
-1.7119426589e-32 
-3.4764762815e-29 
2.8822478625e+15 
-1.9780231934e+03 
-2.2775557120e+09 
-5.6883556863e-24 
1.3357792000e+09 
6.1977037093e-28 
2.0560739934e-01 
-1.0670807844e-32 
-6.8745183040e+27 
-2.4294244851e+23 
-9.5876739579e-06 
1.4477892815e-19 
-2.8983243422e-21 
-1.4706278674e-18 
-8.2223128793e+16 
9.6849177983e-14 
1.0422350450e-30 
1.3223900000e+05 
-2.2862636341e+36 
-8.9423436851e-36 
-1.3895321390e-16 
1.8889472326e+16 
4.4242484958e-35 
1.0265874863e-01 
-2.8357621835e+28 
4.6194265803e+19 
4.1009177544e-34 
-1.5943616000e+07 
-5.2220229918e-08 
6.0334792717e-12 
-1.8749656185e+21 
-5.0118207932e-02 
-2.5415808693e+23 
-2.1134589171e+15 
5.1251779882e-19 
-1.4868592468e-12 
4.8130064046e+25 
-2.7966419133e-23 
1.3271266527e+27 
6.0589619041e+15 
-5.8396100998e-02 
1.4503513442e-21 
-2.2398313355e+24 
-1.7683796305e-26 
1.2606175534e+31 
-3.7040139763e+24 
5.3893463886e-19 
2.3729024000e+07 
4.0503442176e+25 
5.9547628650e-22 
1.0737942904e-01 
2.3657341309e+03 
-5.4964286288e+32 
-7.2944253683e-01 
-1.3163105818e+19 
1.7235029936e+00 
2.2571559699e-21 
1.4429186523e+04 
5.1724513742e+20 
-7.8138432617e+03 
1.0769796226e+38 
-1.8425461047e+20 
-1.2895285796e+24 
3.7381409352e+17 
-5.9578730799e+18 
8.3314570974e-17 
2.9411348025e+29 
-5.3107787265e-12 
7.7344492188e+04 
1.2413862378e-18 
7.9861920700e+17 
1.5158297277e-15 
7.2011361109e-19 
1.7118450992e+21 
-1.5956677111e+36 
1.3764339695e+26 
-3.5969553456e+26 
4.5138610731e-12 
-4.5783163502e-13 
5.7314875000e+06 
-6.5849118786e-32 
1.9628768000e+09 
-3.5400559208e+27 
-8.0232960000e+07 
-1.0897383798e-15 
-1.1063150396e-08 
-1.0246015625e+03 
7.4133342916e+37 
-5.3699209868e+26 
-1.4417429782e+20 
-7.3957682017e-26 
-6.6462772221e+20 
2.7436990581e-29 
9.5286788898e-37 
1.3442810456e-30 
1.8107197674e-23 
-3.4091237456e-39 
1.9411046400e+08 
-2.4147258406e+33 
-6.7344201504e-16 
3.7380371209e-26 
-8.9375951979e-17 
1.4962055447e+14 
-8.1447951105e+18 
-1.0932144482e-32 
3.3433327112e+29 
2.2765528678e+11 
-2.1070047961e-20 
8.8076944391e-20 
1.2119280841e-20 
-1.9998312728e-10 
-2.2891123047e+04 
-3.0674919180e+29 
2.2248062000e+07 
-1.1917603643e-14 
-1.2019842279e-35 
4.1286304236e-11 
-8.8292215336e-13 
1.7120233667e-38 
-4.0260348511e+02 
7.8976815939e-01 
-7.3036420645e-07 
1.4284158217e-15 
9.7500979900e-01 
3.6215029677e+34 
-1.3788372181e-20 
-3.8003255111e-31 
-4.1668029401e+26 
-7.1697422090e+12 
-1.8530958572e+21 
-5.3461604118e+00 
-2.6323501487e+25 
3.3013106472e-16 
9.4322320787e-11 
2.0338524726e+21 
3.5122317854e-07 
-3.1565873047e+04 
-1.5948937524e-14 
5.2275676519e+36 
-3.9882196875e+05 
-4.6268838091e+36 
-6.8337851777e+28 
-3.8060596875e+05 
1.0709920654e+03 
1.2099810668e+32 
-1.9027811199e+28 
1.0581424523e+29 
1.2492442695e-20 
8.8376514614e-02 
-2.4414896965e-02 
6.2643392765e+29 
-3.0642390251e-02 
1.2809189570e-18 
-1.1029788194e-11 
-2.0190215738e-31 
-1.6258937500e+04 
-4.7583289837e+16 
-3.6962377603e-12 
3.3623211690e-21 
1.1867565271e-31 
-1.6473040322e+34 
-1.4954700000e+05 
-3.4128752304e-06 
-3.0063837767e-03 
1.5493702132e+18 
4.9063415527e+00 
1.7823640000e+08 
-3.4420192974e+27 
6.8149688672e-25 
-4.0292486739e-24 
-1.9168745454e-21 
-1.7075765248e+12 
-1.3263939350e-18 
3.7181731471e-08 
-3.0874236092e+13 
-3.2774112822e+33 
-5.6461105886e-33 
4.9024886373e-09 
-2.0632162397e-26 
4.0011997500e+06 
-8.4029667079e-02 
-1.5779426341e+28 
6.5520694479e-03 
1.6904004218e-26 
-1.2746019820e-05 
1.2906282938e+26 
-8.9404888153e+00 
3.6376403968e+10 
-2.3441822220e-33 
3.8498715000e+06 
8.4713845611e+17 
-7.9281329799e+13 
2.1344271937e-33 
3.3342748672e+10 
2.3780535161e-01 
6.5658466179e-15 
-8.9211551791e-32 
1.0782803592e+33 
3.3332579179e+21 
2.0011901097e-25 
-2.9288707002e+21 
-2.6457397824e-39 
5.4143535223e-14 
7.7298790378e+35 
-3.5674910720e+10 
-1.2275743744e+10 
-4.3561220280e+29 
-4.5152505914e+30 
1.0540746265e+27 
7.5429237855e+16 
5.6667702439e+23 
-1.1413979191e+20 
-1.6371348721e-10 
-3.0802720000e+06 
1.8240078125e+03 
1.2033688573e+19 
-1.1990145295e-28 
-2.3392055937e-06 
-1.4005053345e-05 
5.0589254761e+02 
5.7883706273e-24 
2.8380693244e-29 
-9.1424936926e+22 
1.0234100952e+03 
-3.3071892490e+34 
-1.5551148914e-02 
1.0905527712e-24 
-2.4494095523e-30 
7.2939627910e+28 
4.4269583425e-37 
8.6639447021e+02 
-2.3601193920e+38 
-3.5450932384e-01 
-1.2887651177e-24 
2.0266623047e+04 
-1.0924638277e-10 
2.3795017126e+36 
1.4440503480e-11 
-5.0633755065e-24 
1.4283768052e-16 
4.5393708800e+08 
-6.1085907652e-25 
4.2826176227e-23 
1.1147162304e-08 
1.0579175159e-17 
-1.6827064490e+19 
6.6075872382e-06 
-9.8400485516e-01 
-1.9119606358e+25 
-2.3506319360e+10 
-2.0686984048e+23 
-2.4132712482e-35 
2.1937802445e+12 
9.3423321267e-21 
1.7037545847e-38 
4.3784637819e-04 
9.1502175346e-25 
5.3830149227e-06 
-2.1867316838e+11 
1.8001286293e+37 
7.3753123431e+18 
-4.4843136022e+35 
2.3545521322e+30 
7.9869501440e+10 
-1.6629382807e-14 
2.4054468570e-32 
-6.9259368957e-32 
-6.2809879892e-03 
-1.6464540402e-16 
-2.5369160980e+18 
8.8550907309e+29 
-2.8600009101e+28 
3.1297396875e+05 
5.3158436958e-33 
5.3745023094e-20 
            nan 
-5.8016841522e-36 
3.1556252660e-37 
4.1406746094e+04 
-3.6401460211e-28 
3.2797088989e+33 
4.2035205183e-07 
6.2046566745e-04 
-2.2464808431e-38 
6.0121016634e+16 
-7.5872289137e-13 
8.9845365785e+21 
2.8254653750e+14 
1.9910590599e+34 
-1.0162997101e-16 
4.8877368718e+14 
1.8087502073e-37 
2.6649483195e-34 
2.4881682973e+13 
-8.5069355469e+03 
2.0506385143e+34 
3.8854881268e-07 
-2.9877142334e+02 
-3.0130062271e+19 
-9.7043324786e-05 
1.2197614198e-21 
-1.1415753541e-28 
-2.9830657959e+02 
-5.3988995205e-05 
1.9683482505e-29 
4.2157706688e-26 
3.3191209236e-37 
2.1103742000e+07 
-1.9156278162e+27 
-1.5046122544e+25 
-6.0373922507e-19 
3.0921957117e-24 
-6.6255624652e+23 
-5.9079870550e+26 
2.0164977151e+14 
3.3651724528e-13 
2.3845353361e+31 
-6.1540840085e+19 
5.1319965860e-04 
1.9422530784e-07 
9.4695348397e-27 
6.4106743726e+12 
-2.9217720893e+13 
-9.0096327751e-13 
-8.1361319615e-17 
-2.5315281749e-01 
-4.7195030028e+14 
3.4105870128e-01 
9.8699009065e+12 
9.6378680502e-26 
-8.6270793750e+05 
2.2111855815e+29 
-9.2820786119e-31 
-2.8870437928e-36 
4.4767396875e+05 
-3.5968606244e-04 
2.0018981328e+23 
-6.5949971251e+11 
1.0115657065e-24 
4.7604331603e-15 
7.1751853376e-23 
4.0288298820e-14 
-1.1633624461e+34 
5.8168934333e-28 
-2.8627162890e+13 
9.9761102490e-08 
-3.4368807800e-09 
3.9335411841e-18 
-2.7933623070e-33 
-1.2530533600e+08 
-8.5502954798e+16 
2.5204064901e-23 
1.6188236931e-16 
1.8984089465e+37 
1.0405773312e+12 
-1.4983058424e+13 
2.2587039439e-06 
-3.2915416678e+11 
1.6489160000e+08 
3.3250288489e+31 
-2.0202176512e+11 
-1.7277183269e+33 
-1.1903534071e+25 
-3.3535331369e-36 
-1.5428287177e-24 
6.6818625384e-31 
5.6396901395e-35 
2.6194241443e-08 
-4.0258290923e-35 
4.8782076000e+07 
8.8811796806e-10 
2.4438237500e+06 
1.7836965562e+38 
2.6267007180e-33 
-9.1953770986e+21 
3.5922819491e+19 
3.8680787502e+30 
2.2853891118e+27 
6.2261118671e-15 
-5.1689778850e+19 
1.0368298739e-01 
2.8903864320e+10 
3.5382051912e+36 
-9.2233216445e-26 
-1.6886380015e-15 
8.5037180205e-13 
-3.1576716309e+03 
-8.8344202704e-31 
-6.4996220881e-16 
-5.3960593505e-05 
1.3753515215e+17 
-4.8778684000e-13 
-4.1575349934e-12 
-2.5426842151e+25 
-7.3531717062e-01 
3.0733764393e-21 
-6.0622781515e-01 
-1.8659391056e+28 
-4.5317014002e-23 
6.0190720285e+29 
-1.4752178596e-16 
2.3253230665e-06 
-2.7837907983e-34 
-1.1472402140e-02 
-2.2363885743e-10 
-8.2330021542e-04 
2.0054130366e+33 
2.7386401388e-14 
2.0850373399e+33 
-1.2038929637e+21 
8.5989701294e+15 
-4.6893090472e+14 
7.6405340068e+31 
-9.4751153564e+02 
-1.7999376640e+09 
1.0023559999e+31 
-2.8034565988e-11 
4.8981790625e+05 
-7.0936326261e-26 
-3.5005996950e+31 
8.9564803057e-13 
-4.0748762268e+13 
1.3227207885e+11 
1.6126669616e-37 
-4.1280993750e+05 
2.1692257173e-37 
-8.3080167379e-32 
-3.5585474968e+00 
-2.8825818592e-21 
-1.2985824214e-32 
-1.2603543968e-13 
-2.8579936497e-34 
1.8518516111e+30 
9.4516968766e-26 
2.6373384605e-16 
-4.6623027921e+17 
-7.8231554653e-05 
-1.2753759003e+02 
4.4581047187e-10 
-2.0651763073e-16 
-8.5141326634e+37 
-2.9604814317e-29 
-2.1563418503e+14 
-1.2601249219e+05 
-9.5709562546e-30 
-5.6122610113e-04 
1.2732032468e-29 
-5.7302937506e-08 
1.0793707688e-31 
-7.7958446170e+17 
4.0381436329e-22 
-1.6089892338e+31 
7.1697141655e-39 
-3.4916142451e+25 
-7.1217572021e+02 
-3.3040278771e-20 
4.4905946913e-36 
-8.8492017239e-03 
1.1677429815e+16 
2.7994845331e-10 
-6.3723338289e+30 
3.1400689530e+33 
-5.1339077878e+13 
8.4896700851e+24 
-7.3498848360e-04 
6.6301467355e-13 
-2.8313128436e-17 
-1.3472110311e-17 
8.4186484375e+04 
1.9291358322e+15 
2.4019852911e+21 
1.9661851368e-38 
8.0035268567e-34 
6.5950077999e-30 
4.4377572482e+37 
7.9406547852e+03 
-4.1309896704e+11 
-3.3219646411e-07 
-1.4936407139e+35 
-6.5267495769e+20 
-2.4746654141e-20 
2.3714170000e+07 
2.1307984445e+12 
3.6153706176e-28 
1.3819929732e-30 
-1.0481258414e+37 
-1.6053065014e-24 
-5.8799458109e+35 
1.6801150650e+18 
-4.3498855112e-29 
-6.0172085268e-19 
1.2071935547e+04 
-9.9475436512e+23 
6.9149102315e+16 
1.0145078750e+06 
2.5954948915e+26 
6.0800610378e-21 
-5.0928534060e+31 
-1.1902122394e+11 
-9.7929058075e+00 
1.0339530752e+17 
3.2621643017e-13 
9.5226929912e-38 
-8.6288558960e+01 
2.7972952520e+31 
2.8267306513e-36 
-6.5910691783e-23 
-1.3724859397e-14 
-8.3373942374e+11 
2.9039666162e+23 
3.8162074829e+11 
1.0359199234e+34 
2.3936168152e+14 
4.9713092123e-15 
5.5537378759e-14 
1.1727381039e+27 
1.7374093955e+20 
-6.6326595843e-02 
2.3747352500e+06 
-1.4905039017e+22 
-1.8448006313e+19 
-5.9572052297e-27 
-1.1098628662e-13 
8.6562482107e-22 
1.8649996250e+06 
1.8346968079e+02 
