2.3509887016e-38 
0.0000000000e+00 
0.0000000000e+00 
0.0000000000e+00 
0.0000000000e+00 
0.0000000000e+00 
0.0000000000e+00 
3.5873240687e-43 
0.0000000000e+00 
0.0000000000e+00 
0.0000000000e+00 
0.0000000000e+00 
0.0000000000e+00 
0.0000000000e+00 
0.0000000000e+00 
0.0000000000e+00 
0.0000000000e+00 
0.0000000000e+00 
0.0000000000e+00 
0.0000000000e+00 
0.0000000000e+00 
0.0000000000e+00 
0.0000000000e+00 
0.0000000000e+00 
0.0000000000e+00 
0.0000000000e+00 
0.0000000000e+00 
0.0000000000e+00 
-4.4236203410e-34 
7.1746481373e-42 
0.0000000000e+00 
0.0000000000e+00 
0.0000000000e+00 
0.0000000000e+00 
0.0000000000e+00 
0.0000000000e+00 
0.0000000000e+00 
0.0000000000e+00 
0.0000000000e+00 
0.0000000000e+00 
0.0000000000e+00 
0.0000000000e+00 
0.0000000000e+00 
0.0000000000e+00 
0.0000000000e+00 
0.0000000000e+00 
0.0000000000e+00 
0.0000000000e+00 
0.0000000000e+00 
0.0000000000e+00 
0.0000000000e+00 
0.0000000000e+00 
0.0000000000e+00 
0.0000000000e+00 
0.0000000000e+00 
0.0000000000e+00 
0.0000000000e+00 
0.0000000000e+00 
0.0000000000e+00 
0.0000000000e+00 
2.6322297814e+20 
-6.7805372416e+10 
1.7427052726e-33 
1.3941773100e+22 
-2.8609567261e+02 
6.0585212000e+07 
5.1727734984e-08 
-8.6386135685e-30 
-2.6875656192e+10 
5.3519263259e-16 
-9.0510185754e+20 
7.5368712588e-25 
1.3012937024e+29 
6.9034550168e+15 
-2.5448904915e-31 
-7.6740294256e+24 
-1.0341936318e+29 
-5.8426406116e+33 
7.2946552734e+03 
3.4503389325e-26 
4.3877571619e-24 
-8.8747440297e-17 
3.6606790673e-05 
-9.6958137827e+34 
3.1530867654e+38 
-3.0847541987e+19 
7.0052182374e+37 
-4.3872264921e+18 
-1.3492131672e-32 
-3.2039095383e+17 
-2.5461958667e-26 
2.8643851247e-33 
3.5800469504e-06 
2.0644398543e-30 
-8.0002923613e-16 
-3.5083822012e-20 
-5.0249462438e+33 
5.6762536141e+25 
-1.1387903750e+18 
1.0340184475e+34 
4.2015907584e+23 
1.6873564449e-13 
7.8169766955e-23 
-3.8083372315e+25 
4.0270841600e+08 
1.6147885467e+34 
4.4776698463e+24 
2.9222030241e+29 
7.8118457589e+32 
-7.0203666284e+33 
-1.1326360683e-10 
3.8641730011e-39 
-7.2685468847e-18 
8.3767313417e+15 
-1.6522871094e+04 
-4.5854235235e+19 
2.6243469949e+17 
6.9761467545e+21 
-1.3364515657e-12 
-3.4362935530e-16 
-3.2593194446e+35 
3.3883072590e+18 
3.8757746176e+20 
2.9402958025e-38 
-7.0970063160e-10 
-1.2868395475e-20 
1.8924148359e-10 
-1.1566831589e+01 
-2.0516447206e-29 
1.4264228909e-08 
-1.7098245407e+12 
1.4318741973e-19 
4.2072782758e-11 
-2.4906591271e+20 
1.5281551025e-10 
3.0926143590e-11 
-1.6875711847e-14 
1.8145757973e-37 
-1.5796772766e+02 
-9.9926293742e-20 
-7.1573348501e+17 
-1.2424031667e+30 
-1.2509373000e+07 
2.0643169428e+23 
-1.2867158897e-35 
2.6896028962e+21 
-1.0710863182e-28 
-6.2438579697e-13 
1.3927590169e-15 
-2.1572657830e+19 
3.5677810898e-22 
6.1605246272e-37 
-2.7512291490e-12 
-3.3108139863e-15 
-1.4603324234e-01 
-6.2516686006e+29 
9.5918156207e-02 
-1.2737502221e-19 
5.5019643952e-08 
-4.3476853945e-23 
-2.2501667311e+20 
9.6438704134e-08 
-1.1737168374e+30 
9.6173267354e+11 
-5.1433249805e+37 
1.2959625842e+22 
3.0597029979e+30 
4.6107806670e-21 
6.1288310101e-27 
4.4716192775e-16 
-1.3045286953e+36 
1.6837914196e+18 
2.0713964870e-24 
-2.7465619433e-21 
-1.4147722936e+14 
6.4575398737e-27 
-1.6209928404e+19 
1.8737953431e-37 
-5.9491522976e-33 
-1.0161470855e-03 
1.7213851610e+24 
1.4418916370e-36 
1.2775260319e+29 
-1.8806773444e-17 
6.3559053397e+14 
-7.8338986635e-01 
2.8762373161e+19 
-4.6570314358e+26 
1.8454852091e-09 
-2.4864486947e+16 
-5.3642545000e+06 
-4.1749137462e-34 
-1.1229148038e-24 
1.3131720733e-18 
3.6562238281e+04 
3.0370212097e-34 
4.7425566509e-27 
9.3322368339e-03 
-1.0533931195e-30 
4.2143156673e-27 
3.0113555458e+16 
-1.2253463267e+36 
-1.2149148868e-28 
1.9300595307e-17 
-1.2253018142e-17 
-2.2938021260e-08 
2.2256898430e+20 
2.6915271554e+17 
4.2802910463e-36 
-6.2715780410e+18 
-5.0842906767e-21 
-4.1277151108e+00 
3.6175151367e+03 
-3.9113138700e-25 
1.5491888574e-29 
7.1369845797e-12 
-4.7015442336e-32 
-3.3999456000e+08 
-3.5833459834e+25 
-3.7728038349e-28 
1.5113929600e+08 
-1.2223128000e+08 
1.4460866173e-27 
1.5766664008e-26 
7.3240770725e+22 
8.8306242105e-06 
-6.0272145551e-15 
7.3716724714e+34 
1.1252593314e+19 
-1.0044477699e-27 
-5.2774660289e-02 
-4.9954113664e+14 
1.4875096515e+12 
1.1946941700e-11 
1.5591228397e+34 
2.7583825990e-38 
-2.7595282830e-12 
4.5396666480e-29 
9.8244889842e+33 
-1.3853676313e-26 
-3.3598048000e+08 
1.9458346650e+15 
-6.7967954029e+21 
6.2879970328e-12 
3.4263304727e-19 
-1.3261410691e-34 
2.9940217733e-01 
1.1514494302e-33 
-1.3470327889e-37 
3.3162527032e+34 
8.7574112283e-21 
7.3542416761e+20 
4.3891525081e-08 
2.6656182817e-10 
4.1219355000e+06 
-9.9643366240e-29 
-1.2286438461e+15 
-5.7044111854e+25 
-1.5765209580e+36 
-6.1529836655e+00 
2.4628305487e+14 
-4.5114030253e-17 
6.4016551797e+36 
2.2081010752e+32 
1.6697198757e-37 
-8.9491449600e+08 
-3.8094996521e+18 
6.6045297009e-10 
-2.1177855921e-38 
-3.5238544590e-29 
-5.1536255170e-22 
9.7203439474e-01 
1.3168506272e-28 
8.7272006683e-35 
-1.0137291050e+16 
1.8108625710e-10 
-2.6312681460e-18 
2.2654372763e+19 
-1.5460222238e-24 
2.7392824654e+25 
3.5211123759e-06 
-7.8985006284e-28 
-2.0245838165e-01 
-6.4783044800e-28 
4.5756721497e-01 
-5.4615834928e+15 
1.3807514550e+14 
6.6605346628e-35 
-2.2704761155e+35 
3.6352085113e+15 
1.3240670341e-05 
-4.7904524081e-07 
-7.9760429454e+19 
-7.9871432547e-14 
1.2460410595e-02 
1.2051656353e+26 
4.9558610254e-15 
-1.5105846657e+16 
-1.9710988932e+19 
-4.8231792791e+18 
1.6803271137e-05 
1.4782825929e-05 
-1.3389258283e-32 
3.9766004354e+33 
1.9416394384e+31 
6.7087369723e-30 
6.5394576822e-21 
-1.0802117004e+33 
-6.1897913381e+28 
2.1816930484e-09 
-1.1618624109e+23 
-1.8190456059e-16 
-8.4230478287e-19 
8.1858890326e-15 
-3.5450445313e+14 
4.9105016345e+30 
4.6020285605e-29 
9.8114902869e-08 
4.2458163446e+13 
-7.3633054348e+30 
2.8060108099e-33 
-7.5211526106e+23 
-5.3871946592e+16 
-1.5524159291e+15 
-1.9141680241e-07 
-1.4298547424e+15 
-4.7889621288e+34 
-5.0043455694e+14 
-6.7756332135e+22 
1.3903262749e-36 
1.2610762170e-33 
6.2145167360e+10 
1.6497233130e+26 
-1.6644262359e-06 
-6.4610816697e-12 
-5.1998510781e+30 
1.2117236613e+16 
4.6215190282e+13 
1.3327080867e-15 
-1.9352345934e-30 
2.3635714086e-14 
8.6719586534e-07 
-2.5427835817e-39 
2.1495712727e+24 
3.5745448268e-10 
5.8930113500e-25 
5.7677807617e+03 
3.9510947545e-33 
4.9092091233e+17 
1.2124315648e+11 
4.9610864521e-26 
1.6786947481e+30 
1.6988488350e-37 
3.1427921043e-30 
3.5210355765e-31 
-1.9752435303e+02 
-1.8529580258e-17 
-2.1446369141e+04 
-8.2733741098e-26 
2.5240155000e+06 
4.9164093630e-20 
-6.2286469620e-04 
1.4864663248e-16 
-1.3626017754e-37 
2.6241987287e-35 
9.2447484375e+04 
-9.5154941082e-01 
-9.7340998362e-25 
2.2380995821e+21 
-4.3554195200e+08 
-1.6635368607e-24 
-2.9788417117e-37 
-1.5211776684e-33 
1.8351633920e+09 
-2.5123093710e-12 
-9.1126052601e-36 
-2.7624371094e+04 
-5.8106537785e-25 
1.9578879682e-30 
-3.6227693246e-19 
-1.9026818890e-36 
3.8713052789e+33 
-5.4465181219e+17 
3.0553791471e-30 
-5.5114063610e+24 
-9.6469733398e-04 
2.3695854451e+24 
-1.4187673633e+19 
-2.6657909760e+09 
-7.1591139031e-38 
1.6139002590e-21 
1.4598968395e-30 
-8.0030683519e-22 
-1.0111947200e+08 
9.8949954983e+28 
1.2503324077e-02 
-2.3077489763e-25 
-5.2134695053e+00 
2.0658532662e-07 
3.1206871094e+04 
1.4104198873e-28 
5.2398761909e-05 
-2.4320527687e-21 
-4.8581613992e-13 
-3.5435407784e-36 
-4.2391288000e+07 
7.1334415017e+22 
-2.0423470593e+36 
2.4573587161e-17 
2.6865420517e+30 
2.3022668696e+21 
-2.0118957500e+06 
1.4347822344e-06 
1.4845739078e-29 
2.2022065349e+23 
-9.2498166146e-29 
-1.2133314882e+20 
2.5309235276e-17 
-3.4611201992e+14 
-9.6809187500e+05 
4.8445291653e+14 
3.8217435000e+06 
2.2757945421e+22 
4.2129315444e-13 
-1.1333988607e-01 
2.8208190721e+33 
-8.2764709052e-35 
7.3811710615e+33 
6.8110859737e+14 
1.6790618895e-09 
-2.5432549883e-03 
-3.0041008243e+13 
8.4419444144e-21 
1.2274327963e+18 
7.4853864920e-18 
8.5375451136e+11 
-9.2496429056e+10 
7.6031903973e-07 
3.0971776205e+11 
1.3997926726e-15 
-1.6345909375e-36 
2.1632237728e-26 
1.6227459654e-10 
1.1820489794e-19 
1.7894893244e-04 
8.5876476562e+04 
3.9513650277e+33 
1.0824491573e+28 
-7.1882184649e-09 
-1.3110896875e+05 
            nan 
-2.9163169673e-16 
-2.6821663916e+13 
-3.8344154153e+12 
-1.2361375427e+02 
6.4542431528e-36 
8.5414485511e-06 
8.2052426056e-34 
3.8839066420e+34 
1.8454581058e+24 
1.1885967717e-38 
2.3426327885e+16 
-5.1653890054e-09 
-1.7060121777e+23 
-5.9109460809e+31 
-2.1391356568e-12 
4.9077754266e+11 
-4.0030636018e+15 
-5.4142785409e+32 
-3.8772815280e+28 
-6.9690401193e+23 
6.5652150383e-09 
1.4824668548e+18 
-9.1732186291e-09 
2.2124867851e-31 
-5.2467188580e-12 
8.3342747131e+24 
3.7322064209e+02 
7.2565540671e-02 
3.2089704341e-35 
-2.8530565734e-34 
3.6511242188e+04 
-2.8768185525e+35 
-6.1766904000e+07 
-5.2859523017e-20 
1.7641180942e-13 
2.1997398107e-06 
5.6160638028e+15 
1.4340553481e+37 
-4.5861230240e+21 
1.2890546825e+35 
-2.0866003491e-29 
2.4568293206e-17 
2.4854043734e+16 
1.3041051490e+33 
-4.8989265130e-19 
1.4388910851e+15 
-1.0198109793e-22 
2.9213432888e-12 
5.2196684475e-11 
-3.8610587580e-06 
-7.6079761064e-19 
8.2854284800e+08 
-1.3058255828e+14 
-4.4770012350e-12 
-1.5731677594e+11 
5.3448606286e-38 
3.7040101786e+11 
5.6202054599e+13 
-2.0963936904e-22 
3.0878821301e-31 
7.4336790521e-14 
-2.0296016693e+01 
-2.5166632118e-15 
2.4597556452e-20 
-2.2195511592e+29 
4.3711391669e-18 
2.6701242009e-28 
1.9024275201e+18 
3.8583364643e+32 
-4.5965034121e+18 
1.7500358299e-18 
3.5865761939e+14 
-8.1207319929e-38 
-1.6168400711e-13 
6.6003503418e+02 
1.1407764543e-26 
1.5269956490e+27 
-1.6193272246e+17 
6.7238149971e+33 
-5.8761823922e-02 
5.3791551181e-05 
-5.2868208551e-35 
2.1435243354e-20 
3.5663238281e+04 
-8.2726656332e+36 
-1.5147127253e-28 
1.9351545034e-38 
-5.4342802912e-31 
4.2675999377e+36 
-1.6358313750e+06 
2.6923259720e-03 
5.9886015207e-33 
1.8904177269e-12 
6.7134597596e+23 
1.1706251843e+28 
-1.1890019129e+23 
3.4939590894e+20 
-3.2657589116e+35 
-8.3455778730e-21 
-1.0831764788e-29 
-8.8288616094e+14 
-6.6777265000e+06 
1.7460386864e-18 
-1.3691782457e-24 
-1.5697376256e+10 
1.8117538084e+30 
-2.5917374150e-11 
1.3489122670e+20 
-9.0954788146e-10 
-3.0098847102e-36 
-2.3174726545e+22 
-8.6423539200e+08 
1.8260213760e+11 
-1.3286664486e+00 
7.6125227657e+37 
2.6891371094e+04 
1.8155762090e+13 
7.8678710000e+06 
6.7499265460e-26 
1.8196671796e+23 
-2.0903741180e+27 
-1.3706942000e+07 
-1.8401603433e+32 
-3.3869488743e-27 
-6.1933522680e-22 
-5.1180470000e+06 
-4.7501048000e+07 
-3.2690041323e-18 
4.2003201088e-04 
5.5515558577e+29 
-6.2256533644e+17 
-5.7695777045e-09 
2.6792084460e+37 
-2.4185555954e+18 
-3.5273816675e-21 
-3.1651065964e+20 
-4.5316118683e-15 
-1.6590238768e-16 
-9.4389434200e+30 
-9.4340048236e-06 
1.1926029962e-20 
-8.4411887614e-24 
1.1886235734e-04 
-2.8090652420e-18 
-2.0195273857e-17 
-6.6260341657e+30 
2.5918911160e-34 
-8.4756342587e-36 
1.1778462948e+14 
3.7504320710e-37 
-3.7764381071e+27 
2.5122030223e+12 
9.4202390158e-38 
-1.7957467996e+19 
2.9622144677e-29 
6.2423184658e-25 
-1.3332556148e-38 
1.0951266380e+18 
8.4125259042e+37 
-3.3641389190e-17 
-1.8688237500e+06 
8.8322875706e+17 
-1.5214067783e-09 
-7.5404336676e-03 
1.7045976546e-22 
2.3097444956e+26 
-4.8078005486e-20 
-3.0983698984e+24 
-5.6392568393e-10 
4.6240517415e+33 
-1.5404321740e-33 
-3.6877869021e-22 
-5.0350747720e+16 
-5.4750814134e-21 
-3.2201802917e+16 
1.5827601374e+31 
-5.3791884535e+31 
-6.9955615963e-28 
-9.8738530000e+06 
-1.1654751314e+16 
2.4650869141e+04 
-4.8054787075e-21 
-6.8215993965e-10 
1.1376127595e-08 
-6.9799335733e-07 
2.7461120824e-17 
6.5171221901e-21 
2.0448623679e-20 
-1.0750922400e+08 
-2.1278528939e-10 
2.4653847504e-05 
-1.2679946875e+05 
-1.6200854492e+03 
-5.4695142202e+26 
5.9908576512e-37 
1.8588719067e+36 
-1.3575859956e-27 
1.4825637452e-02 
4.0922422336e+28 
3.4168873848e+30 
-3.1935383771e-18 
4.2336697502e-24 
7.4026540000e+06 
9.9855935787e-07 
3.4246918167e+17 
3.2747715200e+08 
4.4335871179e+22 
1.7822874107e+16 
4.8507187850e-11 
-2.7440330224e-38 
-9.5298632552e+29 
-8.8345064000e+07 
-6.8767382036e+25 
-2.0689107879e+19 
5.5620387075e-36 
2.8968598406e-28 
-1.6986253364e+27 
1.3702546042e-10 
-1.5768609563e-35 
4.0778749058e+29 
-3.4993464209e-16 
-5.4186756134e+01 
-2.6778945257e+24 
6.5531191649e-04 
5.2580542595e-14 
2.7334145432e-38 
4.1319609068e-07 
1.9089072403e-18 
-6.4597313701e+22 
-4.2996336968e-34 
-1.2963890364e+20 
-1.0945784490e+19 
-1.7900495629e+25 
5.6894459638e-19 
-1.5403028696e-33 
3.5911527479e-35 
-2.3414223974e+25 
-3.4992210865e+00 
8.4591122842e+11 
2.5065053731e-19 
1.5214167574e+20 
-1.3864345551e-30 
1.1033294350e-01 
6.3760492973e+25 
-1.4081067749e-33 
-3.8648168232e-28 
4.9868741480e+22 
-1.8207050301e+12 
1.9090735191e-14 
-8.3214385000e+06 
-3.3093914453e+35 
1.9802579173e+28 
            nan 
-2.7027356967e+23 
3.6050401241e+15 
4.3708404868e-36 
3.0518251924e-15 
-1.5842839275e-05 
5.6671681035e-30 
-6.3134715892e-03 
-3.0703119141e+04 
-6.0035206011e-32 
-1.0689124480e+09 
-3.5940891366e+25 
7.4412574768e+01 
-1.0423549600e+08 
7.0720684814e+02 
-3.2122584249e-32 
-6.5231507439e+28 
-1.8193146042e-24 
2.6760218548e-20 
2.4973139954e+02 
-8.5029533070e+29 
-7.3255148104e+28 
-4.3426631601e-04 
-1.0880874157e-07 
8.3994208454e+32 
1.6055895778e-21 
5.7993093795e+23 
2.3648258777e-19 
-1.8784899811e-16 
1.1288093172e-33 
-1.9511943450e-10 
            nan 
3.8100279682e-28 
-8.6149730000e+06 
-2.3491797045e-25 
-2.7162467699e-30 
-6.3212178493e+24 
5.4390499621e+22 
4.1047181214e+30 
5.7341547852e+03 
1.2523304904e-03 
-3.7985301265e+34 
1.0579342950e+11 
-2.6788756279e-20 
-4.1600595614e-24 
-4.8467799262e+37 
-2.5789048000e+07 
2.2195500800e+08 
1.1375676000e+07 
2.8561149597e+01 
-1.2569977716e+37 
-3.7067200965e+30 
-9.3530843577e-24 
1.0533747388e+37 
3.8126710948e+12 
-5.7166426891e-36 
1.2890522609e+23 
2.6429941967e+17 
-9.5736673223e+31 
-1.5249552727e+00 
-2.7269994702e+24 
1.8238822148e+35 
-1.0213683594e+04 
5.5863647461e+02 
-1.4054102338e-20 
2.2213825490e-20 
-3.0354700958e-13 
4.2785374153e+33 
-7.1635616244e-38 
2.5433466000e+07 
2.5405914061e-35 
1.0730255679e-30 
-9.5410210739e+28 
-7.3974672852e+03 
-2.8731496675e+20 
-1.0503896401e+18 
4.1168934871e-24 
-3.6406712907e+36 
-1.4659040471e+14 
6.5973521091e-10 
1.8915311280e-14 
1.5769434570e+04 
1.7053094864e+01 
3.7052209246e+28 
-1.6248943464e+36 
1.5628435502e-29 
1.6896677818e-15 
4.8129627228e+01 
2.3597814871e+38 
1.0775214127e-20 
6.0495023728e+14 
-2.8557022233e-05 
4.7519357489e+24 
-2.1104604455e+26 
-4.2681565285e+00 
8.4587903693e-03 
1.4855885365e-22 
2.1353408477e+34 
3.0538475978e+26 
-1.0164716749e+35 
1.4136967249e-02 
-6.8650878826e+31 
-3.2194938000e+07 
1.2350255881e-21 
-2.2583963369e-21 
-1.3505835524e-15 
2.5700522332e-35 
-6.8862125485e+16 
1.6444951303e-11 
3.1099366583e-37 
            nan 
-5.5135270422e-30 
-4.4114352164e-24 
1.2612730713e+03 
2.5875156273e+38 
-4.9843129680e-16 
-2.4036270367e+37 
-3.5259651378e+24 
-8.3034087424e+10 
4.8390118375e-37 
1.1105823162e+27 
1.3874077665e-21 
1.1532527111e-07 
-2.5436567154e+32 
-1.3162788935e-02 
5.9896076151e+33 
9.5063055371e-22 
2.6755175102e+19 
-6.2687259800e-35 
1.8059212940e-38 
-4.6531505083e-15 
-1.4468651498e-03 
5.4165897216e+12 
-1.1479690261e-24 
1.1264007771e-03 
-1.6997976061e+30 
2.2665140501e-34 
1.2950181910e-15 
-2.9146924367e+34 
1.6349968873e-15 
3.8161682528e-34 
3.3380461426e+03 
-3.2589485556e+29 
1.5698563843e+29 
4.2876570808e-32 
1.9700207177e-12 
-1.5921831959e+27 
3.7014081674e-27 
-6.9420677392e+16 
-7.2035539654e-29 
-2.2833582543e-38 
-4.7576309044e-06 
-6.6120672379e+28 
-1.2861649993e+33 
3.2675603303e+37 
1.7583368301e+01 
3.2181968020e-33 
5.2114893347e-13 
-3.2468434487e+16 
5.0245772747e-17 
6.7371010083e+37 
5.9661186485e+26 
8.4707367853e-27 
-6.2052658417e+31 
-1.7193127513e-33 
3.1701370000e+07 
2.7219005616e-34 
-1.9504030928e+30 
-1.5040182842e+29 
4.9810480382e+20 
-3.3260473369e-12 
1.5843129344e+10 
-3.3119743824e+34 
-4.7761568078e-36 
-2.7667196987e-27 
-2.9312498588e-31 
-6.0824575783e-24 
-2.1335950056e+35 
4.6131593498e-26 
3.5725373770e-09 
1.3403298227e+29 
-1.6980295372e-18 
-6.4567431957e+25 
-8.9911864927e-19 
2.2674829727e+18 
4.6566965561e-11 
-1.6433927552e-09 
3.7319345254e+27 
-3.0924165087e+13 
1.9690370829e-22 
-4.6666444273e-26 
-8.2426927405e-22 
9.8869698560e+10 
-7.3579375161e+27 
3.4057067059e+23 
3.0119051208e+37 
-1.1407264913e+19 
-1.6460810179e-19 
9.4302846442e-38 
2.2045581360e-08 
-4.1273791125e-26 
-1.0455244453e+25 
4.6835126679e+23 
1.3320407192e-33 
-1.7330891200e+08 
-6.5586364696e+20 
1.3166239620e+27 
3.8632886572e-05 
2.5393510996e-20 
-1.1027549984e-09 
-2.4159053824e+10 
5.3088545738e-31 
1.0256408179e+31 
-7.5400410794e-22 
-3.3901178382e+30 
4.6269383193e-17 
1.8888460128e-29 
-2.3595036566e+33 
7.5188629085e+25 
5.9875473021e-30 
2.5523907668e-25 
2.4665581271e+27 
1.8007910156e+02 
-5.7846984863e+00 
1.4013069538e+16 
2.9843131897e-28 
3.8740538158e+37 
5.0275338085e-27 
-1.4518694391e+25 
7.0579836899e+22 
2.9124242117e+38 
-6.1565825146e-22 
-5.1730074028e-37 
6.5952222596e+14 
-2.0775778809e+03 
1.0973023623e-01 
-3.7555329514e-23 
-2.5127987256e-13 
4.7836295168e+10 
-4.8250940381e-06 
2.3644745927e-27 
-2.2931356430e+00 
4.7027650871e-12 
4.3447129856e+34 
-2.1193828800e+08 
1.7874561361e-25 
-4.3213611166e+20 
-7.9269537095e+19 
2.1040502389e+27 
-7.6792520285e-01 
7.5086993611e+35 
2.7214110887e-21 
-7.1363513253e-19 
5.0233084000e+07 
5.6953236793e-08 
-2.3615466309e+03 
1.1786234773e+21 
-8.8703489471e+36 
-1.0416091955e+12 
-1.9879782707e-38 
-2.1601144542e+35 
4.2080292029e-10 
-2.9180648241e-13 
-1.3825377464e+01 
-9.1574177426e-19 
-8.8369365234e+03 
-7.4511257253e-07 
-2.6212505873e-06 
4.8757430000e+06 
-2.3383860108e+17 
-1.4142828649e+23 
-1.4700118057e+35 
4.6162880579e-15 
4.3784382093e+31 
-1.5172430399e+26 
-1.7591589643e-11 
-3.3721227395e+26 
1.6012870078e-28 
-2.9892710375e-30 
6.3763575000e+05 
2.2001949151e-09 
-2.6154004900e-06 
-5.9941939704e+24 
2.1979866816e-08 
3.8264973460e+17 
-1.4064023972e+01 
-9.5340946455e-22 
7.4711453758e-21 
6.1385621182e-15 
2.2526838227e-21 
-6.0470703727e+29 
-1.8085759957e+31 
-5.7346589699e-08 
-1.3269060547e+04 
7.7963253760e+09 
-1.0738001707e-35 
-2.7093332291e-37 
-5.5053187500e+05 
-6.1850787185e-25 
1.2752606135e-32 
2.2402783628e-08 
-2.3592026367e+03 
1.0882918120e-35 
-5.3361011222e-30 
-1.4050513650e+13 
-5.3235682101e+23 
8.4520973779e-19 
-2.0742994724e-36 
1.6445800884e-12 
8.9860041044e-05 
6.1340842256e-17 
-4.6197018628e+21 
-4.6823141952e-23 
-1.8774299054e+34 
2.0157094509e-16 
1.9018782081e+13 
2.5435893846e+22 
-3.4131698254e+13 
2.7961744593e-18 
1.9201679405e+15 
4.8586278947e-32 
-7.0330761269e+28 
1.3982853986e-08 
-7.6091471303e+18 
-1.1594722688e-29 
2.6474587293e+17 
-2.8088755504e+34 
5.5332893680e-05 
-8.5638776886e-13 
9.8656268650e+27 
4.8399864539e+23 
-7.1755894626e-29 
1.0985990226e+30 
3.3665585154e-32 
-1.5009712661e-03 
6.8689800799e-02 
6.8879658883e+14 
-3.0273038336e+10 
-6.9836716652e+00 
1.1161799859e+24 
5.9080951735e-17 
4.8523830698e+31 
1.5792188000e+07 
4.9689824664e-06 
2.2357363871e-38 
1.0131204566e+18 
1.9097475879e-13 
-2.4335070864e-26 
1.8738619983e-02 
1.3267444321e-17 
-4.0982265776e-31 
3.8544615520e-24 
1.3348548553e-17 
8.7113996145e-31 
-2.5365446844e-14 
4.3214492799e+29 
1.1501602310e-16 
2.1630606353e+27 
-7.7380939186e-35 
9.5006092356e-24 
2.0235683351e-08 
-8.7879685285e+22 
1.9469234578e+22 
-2.7371942520e+01 
-2.5423914238e+37 
-5.7285198807e-08 
1.8044144845e+12 
2.8186816615e-24 
6.8750573859e-31 
-3.4544194183e-30 
-7.4199587500e+05 
2.7988269949e-20 
6.0300038767e-37 
-1.5737277645e+12 
7.8112777710e+01 
-1.0537697373e-21 
-1.0669434864e+13 
3.4384237370e-04 
-7.4155530712e+24 
1.6604757442e-15 
4.7616950000e+06 
-5.9458596033e-37 
-4.7271581224e-35 
1.7415117943e+18 
7.5043079731e-37 
1.4942308046e+19 
-8.7261165838e+19 
1.1786030233e-01 
9.3167167506e-05 
2.6048574728e+31 
1.9028300358e-06 
-1.5901510337e+13 
2.8227605901e-15 
1.1438069865e-02 
-1.0316903905e-30 
-3.0832702653e+27 
4.3350233842e+19 
4.6059297119e+25 
-1.9299190521e+01 
-3.4006012524e-26 
1.6465558843e-13 
2.4600796856e+20 
1.7576701813e-12 
-2.4837724627e+25 
1.6735417303e-03 
2.7868995833e-39 
9.8169689343e+36 
4.9383484405e-30 
-6.8021926563e-04 
4.4279953790e-24 
-7.5304112052e+36 
4.6673602020e+17 
-1.6272685547e+04 
-1.4237217939e-34 
9.2586054003e-31 
-3.4938346799e+13 
8.1297736615e-03 
2.6796385936e-39 
8.8958230197e+36 
-4.6082851077e-12 
-6.5145621027e+14 
1.1285050672e-09 
8.6431675691e-20 
-1.4956696875e+05 
-3.4010490417e+01 
1.5001852417e+02 
-2.0979781766e-05 
3.6791086426e+03 
-1.8468218000e+07 
-2.9231317520e+01 
7.8682151489e-26 
-5.9900682504e-12 
1.2862700983e-14 
-1.9974062499e+14 
-1.8510869141e+04 
-2.8615715062e+12 
4.2292578077e+33 
-1.1022782863e-35 
-1.8328240254e+31 
-1.3130478209e+26 
3.3494760111e-33 
1.4173996250e+06 
8.6005125581e+26 
-1.0020063663e-13 
-2.9382340820e-30 
-1.2463554716e-26 
3.1127256721e+28 
1.5723937137e+13 
1.5195718934e+34 
6.5412424701e+22 
2.6371022686e-03 
5.6212275143e-38 
6.4458188856e+17 
-1.1933681013e+28 
2.1741111157e-19 
4.1772672069e+15 
3.2403898926e+03 
4.2349195202e-15 
8.0405120000e+09 
4.1450509049e-19 
-2.2699731902e-32 
-3.3433765637e+35 
7.7064047852e+03 
-2.1753618632e-38 
1.1226586514e+38 
7.9152795185e+15 
9.0069364819e-26 
-5.3149804302e+33 
3.0005001068e+01 
2.5231587337e+18 
1.0217389814e-13 
-2.3509469604e+02 
-1.7353322252e+36 
2.0626059683e+19 
1.3990416600e-22 
-5.0852782851e-20 
-9.6568045410e-39 
-2.2760774009e-03 
7.4097757816e+25 
-4.6136552734e+03 
-2.5578265414e+17 
-1.5243620073e+26 
1.7544849679e+37 
4.8587667261e+27 
1.2239221222e-20 
-1.0197764411e-08 
-7.1275397596e+21 
-1.3812645892e+22 
-2.0788258017e+31 
1.0906196573e+20 
-7.6724598563e-32 
-3.9489930868e-01 
2.3491491729e+22 
-9.9198787500e+05 
1.7730199756e+23 
-1.2452491244e-21 
-1.3878620734e+31 
3.3633782959e+02 
4.4471950969e-04 
-1.5646248945e-13 
1.4763791360e-28 
-2.4680146083e+26 
-1.9666530566e+32 
8.9313237395e-38 
1.7746934890e+13 
-6.5335918592e+11 
-3.3544051803e-06 
-1.0899710757e-33 
2.5486262920e+16 
7.5082215168e+27 
3.0453883855e-30 
-1.8706344604e+02 
            nan 
1.1532097966e+19 
2.1169663592e+17 
1.0599849095e+15 
1.3270035689e+30 
-2.1836250380e-04 
8.6019568044e-16 
-3.1720276322e+25 
1.4007809570e+04 
-3.6414190617e+30 
3.6940418376e-32 
4.2789385852e+32 
-8.8365371728e+26 
1.1973693000e+07 
-7.8093248534e-10 
6.8730002463e-15 
1.2001796435e+38 
-1.0023578218e+28 
-2.1146191742e-10 
-9.2812692980e+36 
-8.7168579646e-12 
6.4483935681e+15 
2.9173491478e-36 
1.9481903414e+33 
-5.9303656430e-10 
1.8730879545e+34 
-1.5490866871e-38 
-2.6362420158e-07 
-3.4649328000e+07 
5.5618706675e+21 
1.5670514886e-09 
-5.4270375000e+06 
-5.3024015734e-11 
-1.0533103961e+15 
2.4719978893e-29 
-2.3206615857e+33 
4.9484465000e+06 
-2.3101414834e+13 
1.4767941789e+23 
2.5623765804e-13 
1.5218672343e-02 
-2.0396732128e+34 
9.1310052308e+30 
-4.1820916000e+07 
-2.2485420463e+34 
-8.0455565342e-39 
4.9565940258e+36 
8.4284641638e-26 
-1.0186555528e-06 
-2.7556285115e+17 
-1.1955553428e+26 
-2.6021063082e-09 
1.1171566113e+25 
-3.0984247208e+01 
4.1489132907e+21 
-1.1627869894e-24 
1.4855213718e-35 
1.0199709922e+24 
-7.6678493995e-16 
-1.1316441445e+27 
2.5386751468e+23 
2.8728520276e+30 
-1.0192416096e+17 
-3.3189920630e-17 
-4.4839093268e+21 
-1.1946648672e-35 
-1.5188462106e-17 
1.5178766583e+34 
-2.0570157500e+06 
5.6103807222e+13 
2.7253950959e+19 
2.8763210155e+37 
1.6489606934e+03 
-6.6224982593e+25 
-3.0105138396e+15 
3.7493169340e+15 
1.1661854586e+14 
-1.3970382367e-38 
-4.5685183123e+20 
-4.5114059653e+13 
-7.6326482912e-09 
-1.2805948438e+05 
-4.1461016735e-06 
-7.5007693273e+26 
1.6538637912e-37 
-1.4279262753e-23 
-6.2445437266e-08 
-1.6705806959e+37 
-1.0104427564e-28 
2.1686837077e-01 
1.6885544434e+03 
1.4159068391e-15 
3.0746143409e-08 
6.1810000611e-26 
9.2501105924e+25 
-1.3111244795e+35 
-5.8936077651e-32 
2.6121454239e+01 
1.0198119424e+10 
-1.0361370894e-16 
1.0653932299e-13 
-2.5229581461e-29 
1.8720356765e-38 
1.2732849403e-16 
7.1388856732e-35 
5.7593598396e+31 
-2.0380037167e-35 
-3.3835651317e-18 
-1.0155151893e-11 
-3.5898855902e-34 
-8.3592196515e+21 
-3.5737339062e+14 
9.0370778071e+12 
-9.5995078427e-33 
6.0124916000e+07 
-6.2868289563e-24 
-1.5843944212e-10 
-9.8137182194e-30 
-3.0423227742e-37 
-8.3028607486e+32 
1.4964891575e+20 
-6.2367324386e-20 
7.9620551579e-23 
-1.1589403482e-12 
-8.9161983352e-11 
2.8384977981e-26 
1.6509106983e-32 
1.0774420025e-14 
-1.2759499087e+37 
7.0183613674e-24 
1.4859244237e+30 
-1.7472331253e-22 
-1.2449147736e-22 
-2.4754968282e-31 
-6.5178930675e-20 
-9.1156487458e-37 
4.0082825947e-11 
-1.3141631473e-16 
7.0141172957e-26 
2.6596972494e+29 
1.3355260307e-04 
2.1052455387e+13 
-6.1520890346e-37 
3.5327228252e-03 
1.4832614057e+29 
2.0338097521e+12 
3.5068075836e-27 
7.7141149024e-10 
2.7088898003e-26 
3.1057988970e+14 
1.7494052864e+10 
-3.0851597786e+00 
-1.1620600320e+09 
-2.4807617733e-29 
1.9159983591e+37 
2.2991731030e-15 
-9.8010155547e-10 
-5.9873466185e-09 
2.8719227885e-06 
-2.0517859643e+26 
5.7468610174e+26 
9.9175618972e+18 
4.7725685183e+16 
2.5194681951e+23 
6.5659490791e+28 
2.9221664026e-32 
9.2360889468e-17 
6.6455856397e-25 
-2.4635427184e-17 
-2.0073811968e+10 
6.8381011846e+27 
6.3060412500e+05 
-3.4929048270e-02 
-1.0415351914e-09 
6.3504347801e+00 
-1.2899210663e+37 
-3.7528034076e+22 
1.8336876059e+23 
1.3127875000e+07 
-7.4077720000e+07 
3.1964574209e+27 
4.5414847519e+21 
-4.3370759470e-34 
1.1655610288e-12 
-2.5716945078e-20 
-4.7623735797e+23 
-6.4266674525e+32 
4.2444630678e+21 
3.4075031634e+12 
3.0102178722e-33 
7.2272531059e-37 
3.6601616243e-22 
-5.4892214130e+23 
7.8802198575e-19 
-2.2326711261e+20 
-9.4863380863e+35 
-1.1080599260e+35 
-5.4106964453e+31 
-6.6406221853e+25 
-6.2273920157e-27 
-1.8782920148e-23 
-9.9970757934e-36 
-9.9829494953e-01 
-3.3348374572e+28 
-8.6914487469e-17 
-7.0822536945e-01 
3.9014915789e+20 
5.3674748415e-06 
-6.6117938443e+24 
-2.3054720834e-02 
2.8074016267e-19 
9.0312104344e-21 
-3.4827822537e-20 
-5.5910660000e+07 
-2.3901663396e+12 
1.0959587758e-23 
-4.5692009471e-20 
9.2303375274e+27 
2.0513904565e-33 
1.8836514981e+30 
-4.5204882812e+02 
1.0450956374e-17 
-8.4385383161e-06 
-2.4455187842e-02 
-2.6203892267e-28 
-1.3577032283e-38 
-6.5656000000e+08 
-1.3459310547e+04 
-2.3095696958e-19 
5.4271647969e-05 
1.2468060709e-13 
3.1734829399e+20 
-1.0852184570e+04 
1.4828184570e+04 
-3.8601011975e-23 
-2.0755810940e+24 
5.3186229318e-30 
3.4712668850e-10 
3.9270390900e+31 
1.8881138067e-19 
1.1720147656e+05 
5.3428140384e-11 
2.9738710392e+37 
2.2439593367e-23 
4.6018729443e-24 
4.9047907662e-13 
6.4659046243e+35 
2.1779552384e-08 
1.6064436428e+24 
-3.2297982542e+19 
-3.8023236084e+02 
3.1166565135e-24 
-1.0946470261e+01 
-6.9691872120e-31 
-9.4818559927e-32 
4.3653471868e+32 
1.8998812522e-18 
-8.5127161446e+11 
4.5105687194e-32 
2.0578062437e+26 
1.5197201551e+14 
1.8147762951e-16 
1.7717403825e-03 
5.1794948538e-12 
4.2430154800e-22 
4.9882821429e-08 
-1.4241505477e+13 
-6.5285337314e-07 
-2.0720135571e+27 
9.3933049190e+26 
5.8121741497e+27 
3.9097709084e-18 
-1.4284567748e+30 
-5.0378643338e+34 
-4.7543917953e-36 
-8.8107330877e-35 
-1.9094624440e-04 
1.0031910942e-31 
-7.3817150761e-27 
1.2696334011e-17 
-1.5282419897e-16 
-3.4721537962e+33 
-6.2032499904e+18 
2.2566925107e+11 
9.2868014510e-28 
-6.7854832864e-09 
3.8963613091e+34 
-1.4025589837e+14 
-3.2526394183e-31 
-3.2620111084e+02 
1.2692808151e+01 
6.7971113822e-06 
2.4123286400e+08 
-2.6373871094e+04 
5.3201876425e+25 
-7.4797255957e+31 
4.4565638919e+30 
-5.6801586074e-17 
1.2260407019e-30 
-1.1779115581e+15 
-1.1422175652e+24 
-9.6017555456e+10 
-1.5980757141e+02 
-7.1399387612e-26 
-1.3716635294e-02 
-1.9895855713e+03 
9.5486619006e+31 
-2.1662856658e+33 
-9.4970521959e-32 
2.2460422770e-04 
1.3906044143e+34 
1.1329196250e+06 
7.0818717949e-15 
5.1901877977e+14 
3.9356836180e+15 
-9.2655013167e-35 
-1.9535411436e-20 
3.2189615621e-35 
-2.9874520900e+38 
1.1203757477e+02 
-1.0687108986e+19 
7.2265993159e-31 
2.5086991001e-22 
6.1560659845e+33 
-3.2676438855e-19 
1.1281093723e-28 
6.9667833347e-37 
7.2709821044e-18 
-4.1969472950e+24 
2.3696296120e-22 
1.1192735123e-31 
2.0712174198e-09 
2.8918752809e-11 
-1.7746908886e+14 
-9.8726324393e-26 
1.9971272355e+24 
-4.8368400574e+01 
-3.1015552072e-22 
-8.5353640362e+36 
-1.1094974603e-34 
1.2222861432e-34 
4.2238090766e-33 
4.9694101278e-08 
-2.2656181293e+33 
-1.3986088724e-33 
-1.4783694029e+22 
-1.7034945898e-08 
4.2231907376e-27 
3.9566647205e+19 
-1.0032352367e-24 
-3.4097970659e+37 
-1.0411878750e+06 
4.4002335888e-25 
-3.9177725962e+33 
-8.9090087840e-07 
1.8427596615e+34 
-8.8899367154e+14 
-7.2457178248e-06 
1.8742446976e-34 
3.8537520155e+20 
-3.5022058738e+32 
-5.6927209773e-36 
1.7025244888e-03 
1.8160084740e+14 
-2.6764994943e+16 
2.9246246093e+11 
3.2717186386e-21 
9.9211587500e+05 
-1.7022267386e+19 
2.3326303846e+11 
7.4440789249e+14 
            nan 
8.3551628904e-07 
-3.0495786222e-28 
-4.5452447375e-04 
6.2445622770e-30 
2.5415939575e-08 
1.7272598261e+36 
-6.5075093859e+31 
-6.0268293316e-33 
-1.0612411557e-12 
-2.9752446166e-12 
-6.7965158983e+20 
-1.4150977950e-04 
-3.7051291053e+36 
-6.7212246720e-29 
-9.8423049762e+23 
1.9552990611e-16 
1.5010168249e-38 
1.0124462086e+30 
1.8568725339e+32 
-2.1200793054e+38 
3.2016252760e-08 
8.7588188160e+09 
1.0465205566e-14 
4.6182167679e+29 
2.4360527803e-15 
-3.0420193750e+05 
-6.8443347118e-05 
-1.3417975064e-10 
2.4130621094e+04 
1.6160310547e+04 
1.5297887248e-15 
1.0294982656e+10 
-7.1982233507e-09 
-4.1143566622e-15 
-1.7010035552e+25 
-5.1282967080e-23 
4.1030034000e+26 
1.7698024166e+25 
-2.9706835200e+08 
1.6804820614e+17 
-1.3299428720e-22 
-2.3378388703e+35 
1.5310570317e+27 
1.0549175779e+13 
2.3111315863e+22 
-3.5986873843e+16 
-8.4591311912e+18 
-3.8345758675e-21 
-6.0374046720e+09 
-2.8965047468e-19 
6.3334269573e+15 
-4.8132746094e+04 
-8.3572428002e+28 
-9.0075857331e+18 
1.4501148247e+18 
2.5934047478e+12 
-3.0900386416e-11 
6.1549770318e+18 
-5.4465660902e-27 
-6.8262508139e-03 
-9.1016688000e+07 
2.3994461679e-25 
5.7385510970e-33 
8.4928256611e-27 
3.1586780909e-18 
3.6787791760e-04 
4.9887375832e+00 
8.5506440008e-24 
3.9666572804e-10 
2.7973847125e+32 
-1.2517827749e-01 
-5.4825094464e-10 
1.9220057838e+15 
2.3525335529e-14 
-1.8423752182e-32 
6.8124033535e-23 
-8.0127161600e+08 
-9.4926084012e+34 
1.2868546506e-10 
4.9443122674e+30 
3.5009515528e+30 
-3.2167722315e-24 
-5.4549365700e+27 
-1.6536925998e+23 
5.6140696818e-39 
3.3463091406e-38 
3.1717574400e+08 
5.9415956885e-20 
-1.9015546545e+24 
-8.4665667107e-31 
-1.6033069918e-14 
-1.8824322264e+23 
1.1254868813e+37 
2.4779999016e-13 
-2.8686331461e-06 
-7.7065484375e+04 
-2.6900520425e-06 
-3.9118227200e+08 
-1.1484844144e-03 
-9.4428387500e+05 
-9.9002858245e+34 
4.0307611084e+02 
-6.6159840055e+19 
-4.0124928205e-37 
-9.2861096590e-09 
1.3121812480e+10 
-8.3211199154e-38 
1.3287287410e+18 
-2.4110194296e-02 
-7.3474534124e+35 
8.0443976315e-17 
-3.5278104228e-24 
-2.5998614803e+14 
-5.9169896812e-17 
5.8719804510e-03 
-1.6315745976e-10 
1.5002949567e-06 
-6.3954124552e-26 
-1.4325317096e+21 
-3.8213886121e-16 
1.0508332499e-23 
1.6645642835e+35 
7.6414390000e+06 
-2.5870856326e-39 
-2.7880593750e+05 
-2.5800908456e+38 
-1.4821157331e+31 
-5.2867150122e-29 
1.7199507141e+02 
-2.1970437223e+18 
4.1384951396e-29 
6.9563693114e+28 
2.8535917179e-29 
-2.1143311606e-19 
8.8459739693e-31 
-8.4955226606e-23 
-1.4622619864e+29 
8.4452840000e+07 
-1.1687347030e+29 
-1.6822870170e-30 
3.5892413948e+21 
-6.0129946178e-06 
-7.7374260873e-03 
1.1696590472e+27 
-1.2026902355e-31 
-4.0966767848e-27 
7.8797950157e+11 
-1.1994085411e-26 
4.5570600778e-02 
7.4242344653e-15 
-4.2745703245e+17 
4.5628167984e-32 
-1.6978606080e+10 
-5.2648181561e+16 
-7.7278842080e-19 
1.0349137876e+34 
6.2903994097e-30 
1.6621933605e+16 
-3.5486193743e-32 
-2.8687074043e+26 
-1.4488359717e+20 
9.2215716346e+27 
-1.2260586029e+13 
3.4796528656e+34 
-4.7303060825e-33 
-1.1199854080e+09 
6.4185014970e+31 
-6.6130071877e+18 
-2.3859018243e-30 
-2.8838751884e-33 
5.0126181621e-15 
-1.2129138184e+03 
1.9190580773e+13 
-1.3792075815e-10 
2.0099943043e-08 
1.3940899359e-21 
-2.9525832360e-05 
1.3335388184e+03 
-1.6839995381e+37 
-9.1442826670e-04 
-2.7642344243e+11 
-3.1834353820e-08 
9.0797027497e-07 
2.4066521330e-36 
-1.3355467200e+08 
2.3637747094e-39 
-3.4493242188e+04 
-2.1573532104e+02 
1.0474494720e+09 
-9.5854066831e+24 
-2.7493376324e-24 
3.7814242188e+04 
2.1977621094e+04 
-1.1245970102e+29 
-6.0051619755e+18 
7.0105287448e+17 
2.1208245568e-31 
5.5952475230e+27 
-2.2631542784e+10 
1.2697352091e-23 
6.0822242188e+04 
2.3569296884e+35 
-2.3762118038e+26 
-6.9681849180e-10 
-2.1237669560e+13 
-8.1431350000e+06 
-2.0065153024e+10 
1.8731614030e+37 
8.3877242001e+26 
-2.7567896843e+00 
1.4346093667e+28 
7.5948639552e+28 
5.1083853468e-03 
1.2218992615e+02 
-2.0591298950e-15 
-1.3761649461e-22 
-2.6533242315e-02 
-8.7677878456e+14 
3.4495186384e-14 
-2.5876422984e+14 
3.4872718523e-31 
1.0080292344e-21 
3.6153743491e-29 
4.7739771290e+11 
-8.3899320525e+17 
2.8720769875e+23 
-1.9530236800e+08 
1.9037290358e+30 
1.2888464492e-18 
-1.1644026494e-29 
3.8894931316e-15 
-2.8032291675e-27 
7.7330572501e-11 
1.4038456138e-03 
-2.7779205401e-22 
1.5068182481e-29 
-4.9922435542e+17 
-3.8961637765e-02 
-2.2821806746e+21 
3.8169148359e+33 
-3.0897117594e+11 
3.5757553471e+37 
-8.5058264294e-33 
6.6878415854e-23 
2.2902031560e-05 
1.3736277885e-17 
1.9646168213e+03 
-8.4245499581e-32 
-2.1802848133e+24 
-3.0079882114e+29 
-1.1716338203e+21 
8.3656690228e-16 
-1.1019825600e+08 
4.0493235441e-32 
1.1817150000e+07 
2.6309046745e+00 
1.9912173924e+34 
-1.2240076931e+26 
1.2571753579e-18 
1.1709369125e-22 
2.8711225804e-20 
2.1358097920e+09 
4.2642476125e-15 
-2.2574670808e-24 
-2.0889864838e-10 
1.4416541898e-32 
6.7510174386e+22 
-2.1519231628e+32 
8.3916388593e-37 
3.5713930725e+28 
            nan 
1.4665345134e-06 
3.9783324827e+30 
-3.4537167570e-10 
-1.9445355682e+24 
-5.8520679622e-12 
1.8815339242e+34 
3.7127165008e+28 
-1.7865764997e-30 
-3.2100913438e-26 
-3.1959209700e+34 
1.6638151578e-31 
-6.4491683960e+01 
-9.9021624070e+37 
7.0212624603e-10 
1.1050475200e+24 
-9.8649474346e+27 
-2.4921395503e-10 
8.1906060074e+21 
-3.1358539706e+24 
7.0957461139e-04 
1.4869005543e-31 
-1.2367589636e-19 
-3.2350630796e-34 
6.0557052000e+07 
8.4308435058e+18 
-6.0881457387e-22 
-7.4766566977e-03 
-7.0993133081e-30 
8.5555580398e-09 
-8.1011862108e-08 
6.9907748699e-01 
-4.3417080377e-23 
-3.5190463867e+03 
1.0657113934e-25 
3.4207778989e+17 
-1.2271630213e-33 
7.3206117377e-03 
-7.2044616491e+30 
-4.6200416556e+27 
4.5482623212e+14 
3.4689260091e-20 
-1.7372699034e+11 
2.5799388160e+09 
7.3793953591e+27 
-8.3347174495e-07 
-4.8439423702e-18 
1.4699414841e+14 
-8.6466651410e-03 
-1.0310842368e+10 
-1.3841171159e+29 
-1.8379846582e-20 
2.1931116456e-36 
5.0905922715e+26 
4.7971286647e+13 
-1.8583896875e+05 
-4.0497892499e-27 
-2.1026740192e+20 
1.7215350724e-37 
-3.0447003095e+19 
-1.5300333836e+38 
-2.0688746735e+14 
8.0443347168e+02 
-3.8058787514e+20 
1.1796396250e+06 
-1.5975388669e-14 
3.1337832960e+09 
-5.7721904341e-06 
-1.7700712532e-36 
1.7076480713e+03 
-9.0902716064e+02 
8.9838511770e-36 
-4.3035484463e+32 
-6.2543197584e-16 
-6.0401602241e-05 
4.1635347947e-11 
-2.2534680143e-35 
-4.1861307565e+21 
9.5494136749e-29 
-1.9434203372e+30 
-3.7359285664e+32 
-3.7069423706e+34 
-1.2717975647e-27 
-5.1991429473e-07 
-3.4874480132e+14 
-5.9327689536e-25 
-2.7212329818e-31 
-1.1447785715e+32 
-1.4121337235e-01 
-6.6583304135e-37 
1.8026647112e+31 
1.1623200960e-02 
-2.2628619627e-04 
-4.3092075686e-08 
-1.4659752715e+22 
-3.5266383360e+09 
1.3043192348e-17 
-1.7069177286e-20 
2.4867499213e+11 
2.9181901744e+33 
-7.6332304161e-04 
1.8280749714e-07 
-2.8240463867e+03 
-1.4088987681e-13 
-6.9715548160e+09 
1.0543269571e-23 
1.9113287999e-30 
-4.9674660312e+36 
-3.5766719447e-11 
-5.1850611917e+11 
2.5663473432e-24 
-3.6874262150e-03 
9.1508978271e+02 
-2.9677441095e+34 
1.6778985472e+10 
-1.6614926366e+16 
2.2699483907e-22 
-9.6843846386e-24 
2.3168351748e-26 
-1.4848648996e+23 
-1.9138800000e+06 
4.9995936849e+36 
-4.9283288547e-18 
1.9433782122e+15 
-2.5044658952e-26 
7.5588268572e+25 
-2.8001458454e-30 
-9.3833121854e-31 
-1.0273336679e-13 
1.1235337239e-28 
-2.1965501562e+05 
1.2336373034e-09 
5.0402123779e-15 
9.0333425119e-18 
-3.2785829069e+11 
5.5216842998e+12 
2.0429154422e+36 
-1.3167701108e-32 
2.9183833852e+29 
1.0947288215e-10 
-2.5802538270e-25 
3.1804184654e-17 
1.4321073016e+23 
1.9260567533e-12 
-2.2446645016e-04 
-5.3340323694e-13 
-5.1912690893e+11 
7.7967775886e+27 
5.4662250000e+04 
5.7219029976e-35 
2.0039947079e-33 
7.2913049088e+34 
7.9642123829e+13 
2.1074018974e-08 
1.9932664550e+21 
8.2263314677e-15 
8.4084381264e+30 
-5.1480863137e+15 
2.5279448673e-11 
-1.0915450206e-29 
2.5558871130e-05 
3.9199983537e-11 
1.1358536585e+30 
-8.9844629504e+10 
1.4617733648e-28 
7.8961596606e-28 
1.0879758338e-04 
-1.5291646847e-36 
5.5534085946e-27 
-2.3946992935e-13 
2.0338901562e+05 
-1.1472181650e-03 
-3.3470117788e-09 
2.2020378384e+33 
4.9562029595e+28 
5.1058006038e-23 
2.9654441391e-07 
-4.3769781478e-03 
-2.8759317913e+35 
-5.8479906644e+30 
4.6101982865e-25 
-3.9778649113e+13 
7.7415471077e+00 
-9.1248033428e+35 
-1.5223681440e-19 
4.1827192383e+03 
-1.4959986257e+27 
3.3641334784e+10 
2.8621691709e-32 
7.6968481588e-10 
1.8872882786e-27 
9.0370464000e+08 
-6.7471544767e-35 
-1.0935770151e-27 
-6.1334884341e+33 
-2.6766227957e+25 
8.2321094430e-27 
6.7202580708e+26 
-7.9759517316e-23 
3.1541786420e-18 
-1.9897358746e+12 
-7.9005236593e+29 
-1.1973140871e+29 
-3.7521415316e+25 
3.4841435292e-12 
3.8392578006e-10 
-6.8421397250e-19 
7.2302132461e+20 
6.1540486145e+16 
9.7814654536e-39 
-3.6129899807e+12 
9.0442631760e+20 
-5.2967742188e+04 
1.1683757500e+06 
-3.1500635000e+06 
-2.0348345060e-05 
-1.6586967826e-29 
5.4181174086e-27 
2.5259618713e+33 
3.8502343758e+35 
7.0879052734e+03 
-1.9395221361e-23 
1.1257564630e-20 
-1.2278456320e+11 
-8.7099957642e+18 
1.7848751068e+01 
-5.4549090647e-25 
-1.4516770079e-06 
1.9611971385e+36 
3.8446659797e+13 
-1.7585468043e-21 
9.9604459392e+37 
1.8155414700e+35 
-4.0773290002e+30 
-3.8752965083e-36 
4.4168219082e-10 
3.0319596136e+26 
-1.8074855816e+20 
4.7685113239e-31 
1.6385886597e-28 
1.0367908001e-22 
7.5270226225e-03 
-2.4961945415e-01 
-1.3674892815e-11 
6.6694746906e+32 
1.2817215447e-28 
-1.8802400609e-11 
4.0179847657e-23 
-2.9882425799e-24 
-7.7744772400e-29 
-1.2210680200e+26 
-1.7264330841e-19 
-6.8924476562e+04 
-1.6393132065e+37 
-1.9423297033e+15 
2.4062665761e-04 
2.3259972498e-36 
5.2829785611e+36 
-9.8646079983e-25 
-2.4219989408e-38 
-2.8407835629e-35 
1.4270413766e+32 
1.8682196009e+25 
-1.4004408527e-25 
4.0705467256e-24 
-1.4736892800e+08 
-4.2986649104e-18 
-2.2012426940e+32 
1.6686793417e-02 
7.5909928447e+15 
6.4892473109e-15 
-9.5891142227e-23 
-1.3181037500e+06 
-2.0022780800e+08 
1.0550065266e-09 
2.2087073213e+30 
-3.1574571080e+28 
-4.2669419310e-24 
1.7295747579e-22 
3.6145835077e+31 
-9.5880364872e-33 
8.6532043913e+25 
2.9863220230e-10 
-3.3907689705e+14 
-1.3379751705e-02 
-9.7189696418e+27 
-2.8807234162e+32 
-2.6037690826e+28 
2.9089885042e+34 
-2.0931386802e+13 
-2.1254825103e+14 
-3.6381786117e-07 
-1.0426125903e-31 
1.3487557730e+37 
-3.9205310853e+28 
2.5768320515e-37 
1.0445247000e+07 
7.0377989364e-31 
-4.3520847008e+24 
6.8905231521e-10 
-1.7482627840e+09 
1.4816305403e-25 
7.5779966739e-16 
1.3275186523e+04 
-1.4459785650e+17 
1.6165612265e-02 
1.8039126727e-38 
3.4630785815e+34 
2.4696646234e+25 
3.2787494400e+09 
1.5086274696e-35 
5.3617041626e-24 
-4.8446153056e-24 
7.9331977008e-28 
-2.2911341121e+21 
4.2037116151e+36 
6.7899011705e+28 
2.0764634317e+11 
-4.9687189914e+11 
-7.0370767127e-31 
1.5066791146e+21 
-4.6989971731e+32 
5.2189344836e+15 
1.1119956105e-14 
-1.4402247643e-06 
-3.1079652384e-23 
1.1473686523e+04 
8.1820064965e+23 
-2.4359135744e-26 
6.1985876948e+36 
-2.3434541473e+15 
1.5578161118e+19 
-1.9741351226e+31 
4.0047297478e+00 
6.5321834615e+25 
7.4997148959e-30 
2.8593164968e+37 
2.7371091309e+03 
-1.2480552007e+27 
7.6275471559e-32 
-3.2796256115e-25 
-1.4827563234e-27 
-2.2726594912e-11 
1.9039907840e+10 
1.5545496875e+05 
1.0356921484e-12 
2.5111940971e-08 
-2.7423493365e+21 
-2.1120614936e+32 
5.7180549718e-31 
2.6961713867e+03 
2.2716585263e+23 
-4.1741435054e-22 
-8.7234140773e+30 
-3.4328593144e+14 
-1.3558984583e+21 
6.2592122977e+29 
2.7878839175e+26 
-1.2828244710e-18 
1.5485002897e-34 
-6.2799046282e-04 
-1.4651057998e+35 
-5.0933274825e-34 
5.7681098219e+26 
-1.2563739641e-33 
3.9952035988e-21 
1.5356280835e+38 
7.1975054082e+25 
5.3509817123e+00 
-7.1597103888e-19 
-1.7737300006e+27 
-4.3952886699e-06 
-3.2015322030e-26 
-5.0350776320e+10 
4.5235152656e-17 
2.4441988480e-27 
-1.3241449185e+13 
-1.4635621068e+31 
-6.4208092566e+19 
-2.5767687255e+34 
-2.1379684148e+26 
9.4317316893e+18 
4.2172674387e-23 
-9.1487552723e+21 
-1.2641014404e+03 
1.9377473564e-06 
-5.2475651964e-15 
4.7806967759e+29 
-2.7993047963e+15 
-2.1665935579e-14 
-1.5450192640e+09 
3.5847716833e-28 
9.3685515053e-36 
9.6639152527e+01 
-5.8072076716e+16 
-9.4101291324e-05 
2.8906116444e-38 
-1.3048636393e-28 
4.9708943362e-36 
1.0602014278e-16 
4.6576764963e+21 
9.0101806224e-12 
3.6150892329e+26 
1.5560946499e-17 
1.5597340380e+17 
-3.2313470000e+07 
-4.5853306460e-20 
8.7634090955e-21 
1.0138913876e+15 
-3.1335319048e-23 
-3.0596998986e-03 
-1.5076948400e-33 
-1.6783533010e-16 
3.0285266694e-03 
-5.9362545013e+01 
-1.6815412834e-30 
4.6890132666e-08 
1.5828956020e-22 
7.3352087098e+23 
3.8016363656e+34 
-3.7515594807e-16 
4.2970246805e-10 
7.5326892102e-07 
3.5590828711e+22 
-4.3053921118e-19 
1.4855811523e+04 
2.2493339170e+20 
-4.4697378368e+15 
-1.0257302783e-02 
1.0882311523e+04 
1.9705582684e+16 
2.3365460648e+35 
1.9096632609e-10 
3.4438676431e+17 
-4.0573673990e-26 
-3.3306448661e-29 
9.4710350713e+26 
8.8605105877e-01 
-2.1717511935e-37 
9.2759731542e+16 
1.1366981561e-18 
5.4278574690e-11 
3.8840557568e+10 
-4.1998411563e-38 
2.1750625721e-25 
-1.3931706368e+10 
-1.0965012014e-01 
1.3143322892e-16 
2.1393041081e-27 
-1.8833626309e+28 
1.1077489951e+36 
1.7555543309e-05 
4.9717360743e-26 
-7.9955860808e+33 
1.2050250232e-36 
-1.0896277911e+35 
3.4177835520e+09 
-1.8555968260e-30 
1.6896636271e-13 
-1.4805635724e+38 
-9.8431297472e+28 
-4.2303302784e-32 
-1.7688919278e-26 
6.1650980264e-02 
-1.3417161974e-14 
-2.0371312276e-02 
5.0931124072e-24 
-1.9437541251e-29 
4.1097498737e-09 
-1.7068659827e-25 
8.6975421834e+36 
-2.4145645216e+32 
-1.0066328794e+23 
-1.1070688815e+38 
-1.7338223048e+19 
-7.0720566067e+11 
7.6626878581e-05 
            nan 
4.4194936652e+13 
1.1246283818e+16 
-5.1452436669e-36 
3.1754396034e+38 
-9.0785488486e-02 
-5.2458636815e+26 
-5.6032950000e+06 
2.1972370742e-21 
2.6629291615e-24 
-3.8535646486e+15 
-1.5058533543e+31 
-6.5898538871e+29 
-4.1383008055e-24 
4.4222078496e+16 
8.1920616793e-16 
4.0274523258e+35 
1.9858373047e+04 
5.0518452074e-26 
-1.3562196393e+34 
2.8391378671e+31 
-1.2159241338e-16 
1.7247920486e-13 
7.4845174095e-04 
1.9032311104e+23 
5.2271055595e-24 
-1.5068899112e+22 
2.1196601033e+13 
3.1967135418e-22 
-2.4943381201e+16 
2.7623832106e+14 
4.5078034270e+31 
-1.1494221373e+21 
-3.7418011853e+11 
-7.7776949769e+36 
-4.0590085648e-15 
-3.0193936825e+00 
-3.3082388283e-13 
2.4670804860e+15 
4.6243640246e+13 
-2.2879900197e-09 
-8.9738168223e+33 
4.5788094597e+21 
-1.4704620719e-21 
-6.6775852800e+08 
-1.1623136256e+10 
-2.5365542400e+09 
-1.0607549219e+05 
-1.7240104497e+25 
6.5915835000e+06 
4.8624768076e-16 
-1.4473665322e-10 
3.0425339595e-23 
-6.9155932617e+03 
-8.2784868234e+34 
1.6615407934e-21 
-3.9870054995e-38 
-1.6421266125e-08 
1.0294756651e-30 
2.7653432322e-10 
1.9471983491e+34 
4.0156589910e+33 
-5.2309271962e-23 
-3.0623772474e+35 
1.3199147536e+22 
-2.8814132776e+31 
3.2484342184e-17 
2.7888263576e-03 
-5.2956411847e+19 
2.2108842230e+12 
8.3278384409e-05 
1.2989116186e-31 
1.3594651232e+27 
-7.1397174930e+21 
2.1859795419e-20 
2.0897784367e-20 
1.1004020443e-21 
5.4822027993e+19 
7.1463778302e+15 
-3.1851899879e-23 
-1.6474224329e+00 
-2.2191086426e+03 
-6.0661967765e+16 
-3.0582993278e-13 
-4.3133653574e-19 
-9.2762379927e+36 
-1.8997137045e-28 
-3.9510528336e-21 
1.6026968164e-12 
1.3842552512e-20 
1.0429039313e+20 
6.4250881849e-18 
-6.8806460529e-10 
-4.5435861165e+18 
4.6095013336e+27 
-1.1925755069e-02 
-3.1842086449e-22 
8.2007358217e-37 
9.3288729779e+15 
-3.9274954097e+12 
-6.4869429273e-11 
6.4255066596e+36 
-1.1084693190e+24 
1.8468345211e+26 
-8.6467339644e-25 
4.2747692800e+08 
2.5008793920e-02 
4.9410155043e-03 
3.7717735249e-17 
-1.9277320758e+16 
-4.2572387200e+08 
7.4727604097e-26 
1.1574230657e-38 
8.0430607521e-33 
-9.9772378939e+25 
5.2763742208e-01 
-1.2326463000e+07 
1.3193663597e+01 
-3.5379622025e-35 
5.2000802755e-01 
            nan 
-1.1694013830e+28 
-1.3680993579e-02 
-9.0908462469e-19 
-7.0696669226e+16 
7.2892034205e-13 
-2.3951167157e+33 
4.6889297479e-26 
-1.0400331054e+23 
1.3134071391e+29 
5.8769069256e-06 
2.3855918653e-22 
-2.0213733708e+26 
-1.7009070408e-14 
1.3644396099e-27 
1.2298449219e+05 
1.6656569242e+00 
1.4271534385e-32 
-1.7504674408e+14 
-1.0911758750e+06 
3.2126432383e-16 
3.2181262619e-25 
-1.0779272168e+38 
5.0800050388e-08 
2.2636066312e-26 
3.5663917525e-38 
-1.1707970019e-32 
9.6974679309e-07 
6.9680363900e+28 
-1.0612702208e+10 
-1.1236770843e+35 
-3.0068014081e-32 
5.2955230785e-05 
-2.1700749913e-19 
-7.6139529163e-31 
-6.8846301958e-22 
-7.9706110954e+00 
-1.0134104410e-15 
1.1236887478e-13 
2.9135164333e-12 
1.2473928721e+33 
-1.0985279888e+28 
1.1497312927e+02 
-1.3762214723e-32 
9.1361246176e-35 
1.8019632000e+08 
-1.7072227200e+08 
5.7546181017e-36 
-3.2678030309e-33 
4.0341237357e-25 
8.1933523587e+20 
1.0578913462e-23 
1.3435383855e-34 
9.3872008821e-38 
7.1170166982e-11 
-2.1226390400e+08 
-7.3372624326e-18 
2.8335397585e-19 
-1.1977039685e-04 
-9.3635158180e+29 
3.9878658952e+36 
-3.2944208831e+38 
1.0702697239e-28 
-4.4586375481e-08 
4.0653410554e-01 
-6.4816894328e-25 
1.6788930893e+01 
3.9712906010e+33 
4.0817824676e-09 
1.1445400576e+10 
-2.3376419037e-31 
-6.3368783597e-26 
1.9729897380e-01 
-2.0956263542e+00 
-7.5048016101e-20 
-8.3155132086e-12 
2.7956635611e+35 
2.4707631124e-30 
5.6327587500e+05 
2.3713680637e+29 
-8.8638659668e+02 
7.8373324871e-01 
9.4171733856e+00 
-1.4749770711e+12 
4.8583402004e+25 
4.7007569098e-17 
-1.8089821273e-31 
-8.2619265974e+14 
-3.5111353280e-31 
1.4965142816e-34 
-7.5845623710e+25 
-4.7766240941e-23 
1.4261744740e+30 
1.0048065706e-26 
1.6915363403e-06 
6.9486334589e-25 
-8.4990970790e-02 
5.7134276241e+35 
3.7409152887e+31 
7.6809983691e-38 
5.1576847729e+12 
-5.0186702474e+19 
-1.5690337899e+24 
-3.5437778381e+22 
9.3473782763e-03 
1.8093144605e+29 
1.3703864031e-36 
-5.2591241439e-38 
-2.7492422273e-35 
-3.1666155209e-15 
-2.4183882842e-22 
1.4119279807e-29 
-2.5309703727e+14 
-2.9687302158e-20 
2.0836603986e+22 
-8.0868430719e+21 
1.2405051564e-07 
4.0744189973e-25 
-1.1016286208e+11 
1.3806526589e-08 
-9.3377064758e-26 
-3.0097484022e+12 
1.7133485047e+34 
3.5521259703e+18 
2.1417319029e-09 
-1.6544422150e+24 
2.6432340145e+00 
8.6032217591e-13 
-4.3244015140e-12 
-4.0683840845e-12 
2.4603261338e+11 
-1.0795061858e-31 
-9.9689811852e-19 
-1.4963396184e-27 
-4.5123104768e+10 
1.2353731584e+10 
-9.2196881059e-18 
-3.0983373047e+04 
-9.3478768599e-37 
-3.8870373828e-05 
1.3413271811e+24 
2.8862580785e+13 
1.3962453818e+14 
-2.5888097903e-38 
2.4431486344e+33 
-3.2174122282e+17 
1.4140105600e+08 
1.1800962448e+01 
-6.4027230671e-31 
4.1436271667e+01 
-2.2285613314e-26 
3.7567369052e+12 
-5.5190119141e-09 
1.1233937403e-04 
1.4018514125e+11 
-3.0939148288e+10 
-1.7326401099e+19 
-1.0902702743e+26 
-1.3391410320e-30 
1.2234302176e-06 
-1.8840395281e-13 
7.1003870725e+33 
3.2285128655e+13 
3.1707630795e-34 
9.0255324747e-37 
7.3697566720e+10 
-5.7090505958e-02 
-1.4055115722e+26 
9.3766557126e-28 
-4.5559650880e-20 
-8.0650645369e-33 
3.7188945114e+32 
3.1865332018e-37 
-1.5222140231e-22 
2.0965396175e-07 
-9.9349679226e-31 
2.5431857360e+25 
-2.4823807164e+16 
-8.5858107468e-07 
1.4696618737e+17 
8.5806453495e-15 
-1.0001982000e+07 
-4.6104104980e+14 
-1.4636810547e+04 
-1.5492002484e-35 
1.1065840155e+29 
-6.9585344120e-31 
-1.3819894454e-24 
-3.3335135535e+22 
4.8273280108e-15 
-1.6020764026e+20 
9.8937289295e-06 
-1.1170898848e+27 
-4.9129193048e+31 
1.5788333111e+36 
-4.5643716362e-07 
-6.7028746240e+11 
-8.0443773057e-33 
4.3043333206e-19 
-5.4451727571e-09 
2.5733902934e-24 
-4.3376191113e+20 
-6.0978011173e+23 
4.5033443451e+01 
3.3599192277e+21 
1.4934666730e-13 
6.0268716779e-24 
5.4592464937e+15 
-8.7634890664e-12 
-4.9318932293e+15 
-1.4564774942e-09 
-1.7220991911e-15 
-5.5761820914e-36 
-3.5765380770e-22 
-1.7756063793e+13 
-3.0341763536e-38 
5.8951851400e-08 
-8.5274394129e-29 
-1.4169322787e+38 
-1.0877387185e-10 
1.9968355975e-25 
-7.0483769484e+27 
7.9705876592e-20 
-2.4228971607e-10 
3.6286921963e-19 
7.1575251481e+20 
3.0226380800e+10 
-9.6761799026e-32 
6.4139308051e-06 
-5.4673493245e-14 
4.4018821655e-14 
-2.0895523538e-13 
-1.4098561523e+04 
-4.2433086177e-32 
-3.3776009844e+19 
2.3882889626e+11 
-9.7142532097e-21 
8.2259540976e-13 
-6.7623995140e-19 
-2.8259772443e-24 
4.4323141305e+23 
1.1329326670e+30 
-8.0480249600e+08 
-3.5243404388e+01 
1.7776966095e-01 
4.6667170355e+33 
-2.9336238823e+31 
-1.2188570949e-21 
-1.5887271729e-06 
1.7850836806e-34 
-1.3138573040e-24 
1.4049768362e+31 
-7.9384739525e+18 
-2.3646880000e+06 
-7.7998854961e+26 
5.6951405397e-14 
-4.5001994097e+20 
-1.2114124694e-21 
-1.5020443825e-03 
-1.1354769830e+19 
4.2437340160e+09 
-5.9702148230e+17 
-8.9138957702e-19 
2.8502877500e+06 
1.2059716797e+02 
6.1571225524e-04 
1.0407987624e+20 
1.7778560000e+07 
1.7482580006e-07 
1.9961820767e+35 
-8.9891159043e+31 
1.2827909063e+22 
-1.5470960000e+06 
-1.3512977904e+25 
-1.3918252080e-06 
-2.4594838163e+16 
-9.7803680585e+34 
1.3434984791e-19 
3.5130615234e+01 
2.0527562235e-19 
6.6034100454e-33 
2.1274090688e+35 
1.0565623325e-24 
-2.9071421473e+13 
-7.5710669783e+35 
-2.0878781831e-19 
1.2680242632e-36 
-5.5641530272e-10 
-1.2492665322e-14 
-2.4997128120e-16 
-1.5453154045e-24 
1.7697035190e+38 
-1.1481299628e+24 
3.6317747971e+22 
6.5936465446e-25 
-8.5323847460e+20 
-5.0449294950e+11 
-3.9809836307e+21 
-2.1035561809e-35 
3.1260607395e+20 
-5.4323589453e+31 
-1.1250944945e-29 
-1.1604854371e+28 
5.0403194907e+21 
-1.1616132042e+16 
-6.2635815702e-03 
9.0018711489e-06 
2.1648450773e-20 
-2.3927896875e+05 
-6.4634178059e-35 
1.0135118136e-17 
-1.0401666657e-32 
3.1155077120e+11 
6.9264888000e+07 
1.7131894098e+27 
-1.3342405378e+19 
-2.4348672729e-22 
-2.0031314291e-20 
-5.5641510158e-25 
-9.6210509824e+10 
2.5376032872e-11 
9.0583438354e-24 
7.9073662530e-35 
-1.3691475509e-08 
1.0641875402e-11 
-1.3581436523e+04 
1.5173377941e-30 
-1.7871369315e-11 
4.8576596875e+05 
-5.0782303525e+19 
-5.0910361869e-34 
-9.4738176000e+09 
-6.8693678052e-29 
3.6078792282e+30 
-1.0450519375e+06 
-1.2013162300e-15 
-2.0986750000e+07 
-8.1782240155e+37 
-4.4865969917e-34 
9.2893246072e+28 
1.9418535690e+12 
3.8668070912e+10 
-8.6896352768e+00 
1.3117557689e+17 
2.0542175305e+23 
-6.8110917456e+37 
1.5935076932e+14 
-7.1660437584e-08 
-9.2245752703e-11 
-7.0188237354e+18 
1.9171823448e+37 
-1.2987205773e-30 
2.0417114276e+12 
-4.8340505463e+20 
1.8348948470e-28 
            nan 
8.1736091497e-38 
-2.9102144684e+20 
2.3830123531e+16 
-2.0981044051e-13 
3.1424798584e+02 
8.8680636883e-01 
5.1011863152e+22 
-7.6495575710e-20 
-1.6030757141e+02 
-1.0943652985e+37 
-1.2216322021e+03 
4.9972558768e-37 
-3.9636903379e-14 
1.1970732842e+30 
1.3730628926e-22 
4.7743831566e+34 
6.2679635732e-18 
1.7549569819e+13 
3.7579374702e+16 
3.3406465926e-16 
-1.7322367307e+32 
-8.5773652885e+27 
1.3293324038e-02 
1.2179973381e+27 
1.6921786329e+25 
-8.2685555487e-28 
-4.1536918400e+08 
3.8163808640e-03 
5.5757115000e+06 
-4.4297174624e-23 
-2.1085023974e+28 
-1.6814413089e-13 
-3.4606782551e-15 
1.6318767171e-10 
7.1331926540e-31 
1.3999392048e-40 
1.5144923536e+26 
3.5896724701e+01 
-5.1833328731e+22 
-3.3440512082e+12 
1.9667292622e+17 
7.1024325427e+12 
-1.7193775179e-18 
-1.2927010563e-38 
4.1129910982e+33 
-1.0254856982e+34 
-1.4613585472e+01 
-7.7048383673e-07 
1.2838318736e-17 
-5.2715804808e+36 
1.3989428964e+16 
-5.6154975186e-23 
6.6288025518e+20 
5.0502098163e-12 
-6.1604681268e-37 
-2.2142896548e-29 
3.1940390162e-28 
-1.2683836621e+11 
1.4646839099e+36 
-3.3254780325e-15 
1.6680253000e+07 
4.4382296883e+15 
-3.7954658676e-14 
-2.6371839763e-17 
2.0492117212e+26 
-1.8592152320e+09 
1.3555469265e-24 
2.0710108365e+11 
4.7659499995e+33 
9.9683331543e-33 
6.0964584351e-01 
5.9674007175e+13 
-2.9846902843e+19 
-1.0595432007e+27 
8.6366430774e+21 
1.4731028841e-08 
1.0502868652e+01 
2.1032481312e-12 
-2.7077622303e-14 
1.4395121791e+19 
3.1527549351e+25 
9.4836717596e+16 
-7.0751385436e-13 
1.5336685547e+04 
8.7660785828e+13 
-1.6921774056e+37 
3.9827915271e-11 
-1.0542843822e+12 
1.7410076904e+03 
-4.9604151907e-17 
2.2685619479e-04 
2.4874081534e+31 
-3.0674383389e-15 
-8.3229446411e-01 
-2.8296051025e+00 
2.2137120000e+06 
-2.5974827622e-08 
-8.2426031222e-35 
-2.1060147643e-21 
-1.9479618108e-38 
8.6764598863e+35 
1.3293125632e+10 
6.3067162336e+16 
-8.1016113281e+01 
5.3269071927e-39 
-3.7057891151e+23 
-2.3082397500e+06 
6.3390821581e-36 
2.0053933843e+33 
1.4082104860e-14 
-2.4501185542e+17 
-5.2659825357e+36 
-1.5664710418e+14 
1.7672935881e-36 
-1.6007072783e-13 
7.8610738023e-31 
4.4365594942e+31 
6.1049270898e-29 
1.6771500128e+24 
-2.8316993750e+05 
3.1806973553e+15 
-3.0113582739e-08 
-8.2612315580e-37 
-6.9426718596e-08 
3.4345242739e-07 
-4.8161119223e-01 
3.4035351596e-32 
-6.6094767177e+30 
4.5132916189e-35 
1.0157006764e+27 
-7.3914954547e+11 
-4.4712210805e-20 
1.3012691077e-27 
-2.0415185019e-02 
3.7365741985e+34 
-2.3401895310e-28 
-3.5618397593e-01 
6.4520235463e-34 
3.5861800196e-09 
2.4918057919e+00 
-4.1966888909e+29 
-2.1293343185e-34 
1.2585204736e+10 
5.7045588493e+00 
-1.8521503220e-09 
4.5612408830e-34 
6.4517724839e-27 
-1.3430890844e-09 
-9.4104950709e+26 
6.4466890303e-26 
-6.3631281853e+00 
-2.0847837721e-23 
-2.7400479108e-10 
5.1778724943e+19 
3.9031617019e+29 
-1.3162481148e+29 
-1.0283244046e-04 
-2.3874001638e+19 
3.4986661250e+21 
-8.3185144000e+07 
-5.1870188038e-24 
-1.0075084390e+11 
-5.0015158816e-26 
-1.2095411512e-04 
-6.6740214587e+34 
-4.6478262325e+30 
6.4293365053e-34 
2.4678443254e+12 
-8.7054374295e+16 
1.5508008269e-30 
2.4650825052e-15 
-1.8810556829e-01 
-5.5366853402e+34 
5.6170467294e+20 
-3.4811194406e+17 
-8.9221677832e-18 
2.5858999729e-13 
4.1393197203e-10 
-9.8914365234e+03 
1.1385618709e-02 
1.0491296318e-17 
1.9986810701e+17 
8.4537854418e-03 
-7.0250909256e-11 
-5.8609909560e-33 
-2.9081112236e+18 
-4.1831746094e+04 
2.6721137495e-20 
-1.1188554968e+38 
-3.2597741175e-35 
-3.4299600800e+32 
-5.3221589462e-12 
-4.9112895009e-30 
6.9101975200e-29 
4.5554416075e+24 
-4.2944282421e-37 
-7.0847980678e-02 
-1.5339337709e-27 
3.6252877600e+30 
1.1855740312e-33 
2.1715326716e-35 
5.2390995440e-36 
7.4929791829e-17 
-8.5041415691e-01 
-2.9520871094e+04 
-2.3127548800e+08 
9.6670138836e-01 
-2.7621661733e+18 
3.8803296273e-33 
-4.6939748901e+22 
-3.0945174771e+18 
7.5103685046e-16 
-1.1449105553e-10 
1.3134917936e-06 
1.5139878644e-24 
2.3449801374e-03 
-1.3457398725e-36 
9.2159326485e-34 
-6.1252884056e-36 
-6.5603571200e+08 
-1.7206873791e+16 
5.4380529859e+31 
6.0284262400e+09 
2.6092094849e+30 
2.4078036658e-03 
-1.8910241779e-03 
1.0835845554e-09 
3.7074762912e-28 
8.9025045951e+15 
-1.1921521869e+11 
4.7023589723e-03 
3.0825905248e+18 
9.9709664186e-19 
1.9378026507e+24 
2.4336108690e-14 
4.2479974787e+20 
7.9885704841e-16 
2.2744522242e+33 
-1.3921916967e-22 
-2.6478955747e-12 
2.7982739229e-38 
-2.5282869248e+10 
-2.1506934800e-27 
-1.7057192979e-31 
6.0639436366e+16 
6.5290797633e+14 
4.7021784782e+00 
-1.9972873767e-38 
4.4173050216e-38 
2.7992953132e-21 
7.4703444642e-30 
1.4921639404e+03 
-2.6302336011e-15 
-1.7711633416e-14 
8.3208140798e+21 
2.0727028809e+03 
-5.0310818765e-41 
-3.4954085339e-28 
-1.7047668005e-14 
8.6827783959e+26 
1.8708520931e-17 
5.8798796349e+17 
-9.0501847976e-30 
2.2806178417e+17 
1.7560977028e-07 
-3.9282522508e+16 
-1.5282638750e+06 
-1.2472228050e+01 
2.7284207919e+25 
1.6586002846e+35 
-2.3668266833e-15 
-1.8931403200e+08 
-4.6884599178e-37 
-5.1354276358e+14 
8.4176952365e+16 
2.1377576183e-21 
-5.2579339876e+21 
-5.8632884224e-21 
7.9661204052e-15 
-6.5296048592e+37 
8.8489251184e-30 
-1.4892998707e-24 
1.6004833778e+16 
-1.1345012678e-18 
2.0850541779e-11 
2.6893573590e-07 
-7.4696393750e+05 
3.9811831941e-36 
8.8516555587e-35 
1.5487184151e-30 
2.8322623047e+04 
-8.0640922970e+16 
3.3578388415e-14 
-5.1075297667e-20 
3.9451826500e+26 
4.5300800701e-21 
1.0766162304e-03 
8.3922528000e+08 
1.3870125222e-30 
2.1402830505e+02 
6.9086019586e+31 
2.9377740258e-37 
1.9521487411e-03 
-4.7986748086e-07 
-1.1750867783e+14 
-1.0895668019e+12 
2.4862700365e+24 
-4.6559413864e+33 
2.9974565668e-21 
3.8213463267e-04 
-1.0962931858e-37 
2.4309912550e+26 
3.8196149032e-31 
-7.2385898150e-19 
9.4854476562e+04 
-1.1191895963e-17 
-3.6159253340e-22 
-1.4728710947e+16 
-9.9687459298e+14 
1.2933887430e-34 
5.2087027122e-34 
1.2191802759e-32 
-2.8610319995e+23 
5.0640317633e-19 
3.5555526400e+08 
-1.8056117695e-36 
3.3072352409e+00 
-2.6441824899e+26 
-1.7283096875e+05 
-9.4645962119e-02 
4.1652984000e+07 
7.8379284668e+02 
-7.4722376353e-27 
3.6213823913e+28 
8.3389944000e+07 
-5.4492093156e-34 
1.7904632936e-20 
1.6684425816e-21 
2.0570508496e+26 
-9.4073357241e+35 
2.7127526153e+15 
3.2825609838e+25 
-1.1471084398e-32 
-1.2887216882e-36 
-3.0625172001e-29 
2.0326882569e+20 
2.2785512265e-03 
-4.0668551636e+02 
2.8777298520e-15 
1.2607649565e+00 
8.8193239378e-08 
            nan 
-1.6358200758e+28 
7.6900467349e-35 
-9.3769191916e+12 
-6.9254025865e-30 
-4.6283208471e+14 
1.8845075577e-19 
5.0810335779e-06 
-8.8452819909e-05 
2.7007154913e+13 
-3.3972464670e+26 
-6.5669419902e-10 
3.4471800414e-10 
-3.0941763509e-35 
3.9680570880e+09 
-4.8009915000e+06 
-1.5873041039e-23 
2.0156550483e-28 
-3.8011458237e+27 
-3.5978024106e-31 
-2.3292063177e-01 
-1.3662673796e+35 
3.2294575449e-20 
-3.8981489056e-23 
-3.3591499097e+32 
1.0081826690e+27 
-4.2624582420e-04 
3.3986453970e-32 
-1.4506778680e-37 
4.9896096903e+31 
1.9950664181e-20 
-3.1377714983e+30 
2.0725898438e+05 
-3.8750460096e-23 
-9.0867989251e-38 
-1.8466323494e-37 
9.0741209848e-14 
2.7574480555e-05 
3.1627309343e+25 
3.3739423351e+29 
2.0157891249e-15 
1.5651765248e+10 
5.5176984627e-38 
-1.3667432670e+21 
5.6066313846e-05 
-6.2971488000e+08 
-3.4328596500e+14 
7.4827980825e-06 
7.4980393750e+05 
-4.1787900871e+33 
-1.7675009405e-13 
-8.0089484800e+08 
5.2264572878e-12 
-3.7722192061e-31 
-5.9848771734e+20 
-8.0710116813e-38 
1.2082193367e+12 
-1.4120766521e-01 
-1.1500575035e+24 
-4.5052695392e-29 
7.2096774919e-23 
7.4623995518e-29 
-6.3220646102e-35 
4.9793977222e+23 
-4.6073106432e+10 
-2.6295568538e+37 
-4.2710608740e+29 
5.1816884601e+13 
-1.3616055543e+26 
1.1461551326e-11 
-6.9404763963e-06 
3.3391447505e-04 
-7.6745535662e+33 
-1.4035596800e+09 
-1.9878368107e-07 
-7.3058679104e-28 
-9.3521885992e-38 
-1.8770366675e-31 
1.7238613960e-38 
3.4358123170e-28 
1.2892706426e-21 
2.5088766479e+02 
7.1869683538e-09 
-5.1840211284e+37 
1.4624400535e-07 
-1.3267199200e+08 
2.3134885788e+01 
-3.2672879696e+00 
-5.3604306425e-15 
1.0027333840e+19 
6.9296393750e+05 
-6.5936172800e+08 
9.2172849657e+33 
-5.6010097683e-14 
3.5170036309e-31 
8.6758391473e-15 
-2.0107692770e-27 
5.9491249997e-30 
6.3366638325e-11 
-8.0651545600e+09 
-3.6410025217e-08 
-1.2913713881e-13 
-1.9034282676e-35 
2.3337764100e+20 
3.3016005225e-36 
-5.5086965618e-35 
-3.8079692758e+15 
1.0798731091e-04 
-1.4699831960e-16 
8.2311832993e+20 
1.0280300933e+37 
1.4352795862e-11 
-2.6777823119e+26 
-7.7581878685e+15 
-5.1891525471e-39 
-3.1343019514e-24 
-2.6036237250e-04 
-5.6067343558e-14 
7.0258624703e-39 
-2.2821209077e-38 
-9.5181525239e-07 
-1.1442576169e+20 
8.3534171341e+11 
9.1450414175e-07 
1.5373988981e+16 
3.6067958395e-37 
-3.2121320960e+09 
-2.3911481447e-27 
8.5751773867e+21 
-1.8541234022e-04 
-4.3832338882e-14 
-1.0068228058e+37 
-1.1048550096e-11 
-3.6579045327e+33 
7.6187853104e+30 
4.8812677530e+11 
5.6344353583e-32 
8.1231440414e+33 
-8.0205376570e-25 
2.2950405713e-37 
6.1859557172e-04 
-1.6368660235e+32 
2.6107327938e+00 
-5.8639284563e-14 
-6.5128841669e-27 
4.7425112697e-31 
-2.2246981971e-03 
3.6634622802e-07 
-2.5787455763e-20 
4.7268939209e+02 
-1.0563560547e+04 
3.7807068313e+27 
9.4765483656e-18 
4.2223738281e+04 
8.2452688447e-23 
-1.6163961792e+02 
1.7512511338e+34 
5.4033802144e-07 
8.5778737087e+34 
3.0610711188e-10 
4.1046647031e+19 
3.4594789649e+23 
5.8933465908e+18 
-8.4261354978e-29 
-1.3092214512e-15 
1.6132374325e-09 
-4.5546072752e-30 
-7.3387676530e-38 
8.4304564646e-31 
1.2368906161e+30 
-3.9992979595e-08 
-6.5478690847e-16 
-1.6302389112e+16 
-5.4425489159e-23 
3.8264082832e-05 
1.1903694698e+36 
-1.1307135320e-25 
2.7317564618e-35 
-2.0613560037e-32 
2.0750152324e+21 
-1.5055448057e-32 
-4.7337478357e+24 
2.7782281690e+19 
5.7954596122e-21 
-6.9504224598e-10 
-5.7409107685e-03 
1.0211881401e+27 
-5.3729208403e-29 
-5.9538888261e+26 
-1.6269796905e-34 
2.2045817353e-22 
-1.1672153808e-35 
2.2672380736e+14 
8.4676706304e+11 
-1.6491003159e+18 
-1.6359116800e+08 
2.4834191053e-29 
-3.5309869756e+25 
1.1634451904e+03 
-8.5879393355e-17 
-4.0225005590e-21 
1.3594978373e-04 
3.0659438500e+17 
-1.3227858104e-16 
-1.3303853599e-23 
-1.1281278342e-29 
1.7823247836e-28 
-6.9059208649e+14 
1.0378759223e-19 
4.6276254579e-05 
4.0068387985e-02 
4.6546438737e+23 
-5.6355750000e+04 
3.1247394910e-35 
2.4973409465e+14 
-6.2630373450e-37 
-9.8281718935e-24 
-2.5143484130e+20 
2.8507690430e+01 
5.6016796875e+02 
3.2004638672e+01 
-7.7415983198e-32 
-4.5675728936e+35 
8.4080772114e-38 
-4.7707350630e+12 
-1.3917959905e-06 
-2.4331645032e-10 
-1.1209657913e-07 
1.0372035434e+34 
6.6407422736e+27 
-1.4084062986e-36 
-3.8120114136e+02 
-5.3486650131e-07 
-1.0780149219e+05 
1.4272264801e+17 
-1.0973934387e+12 
-4.7824282774e-06 
1.1692283341e+26 
7.5670103061e-39 
8.1963001682e+14 
7.2332187659e+25 
-3.6609686606e-22 
-9.2135715724e-10 
-1.5085345827e-28 
-8.7817656996e-15 
2.4252301967e+12 
-1.3078282063e-04 
-2.0281147499e-06 
-3.6195068000e+07 
7.4963356039e-15 
1.2208054250e-04 
3.1236983611e+16 
-2.4916019803e+19 
1.0968686378e+27 
-1.0258084500e+25 
1.9228028000e+07 
-2.3594757120e+09 
-4.7976739156e-26 
-3.6717014154e-04 
5.3767405568e+11 
4.1181449795e+21 
-2.2393061833e+16 
-1.2289541130e-12 
-2.2648785484e+30 
3.5331366978e-38 
-5.2147596800e+08 
2.0540443853e+11 
1.9339024220e-05 
3.6936511225e-25 
7.9186987913e-13 
-4.4750686200e+20 
2.9407496452e+00 
-7.3019385237e+19 
2.3842256093e+31 
5.5635592791e-31 
-2.1369054910e+37 
-4.0275839695e+29 
-1.5209516497e-35 
-4.9175436819e-23 
-3.1721363546e-14 
-4.2248547860e+12 
-6.7438736082e-29 
-1.2751809047e+29 
-6.6815561056e-01 
3.2411432479e-12 
1.3994501325e-14 
1.7841468354e+25 
-2.4957956072e-18 
-5.8866932814e-18 
9.9740154495e+23 
-9.9858071317e-28 
2.5068158000e+07 
1.5329681830e+15 
-1.8515075536e+28 
-3.2297123047e+04 
1.4243903000e+07 
4.1675037500e+06 
1.5384561523e+04 
3.2433296794e-32 
2.2337150000e+07 
-2.0567271670e+12 
-6.3979820309e-27 
5.0623281348e+29 
3.4405735787e-03 
1.9677526622e-17 
-8.6704824919e-35 
1.7330159585e-22 
-3.5243522378e+17 
1.8749361469e+24 
2.9346650393e+16 
4.5438440293e+29 
3.7927673020e-06 
1.2205028809e+25 
-5.6189239951e+12 
1.9918230828e-03 
1.3162261774e+13 
2.5453698293e-36 
1.6371712956e-28 
7.6283274731e+23 
-1.1795614859e+17 
2.8082544063e+32 
1.3520563863e-18 
-1.6086518340e+20 
-6.9809759521e+02 
-2.0856447786e+26 
-2.5863995255e-35 
-2.2527386179e-08 
-5.4126216888e+01 
-1.5732353661e+36 
-2.2808467701e-33 
1.5163781617e-32 
-4.4540441638e-36 
-3.7989522963e+29 
-1.8987298438e+05 
6.3032529615e-23 
-4.6440185729e-30 
-2.5616560671e-28 
-1.5817639168e+25 
5.7719087287e-09 
3.6319784960e+10 
2.8651093808e-29 
3.5550120151e+25 
2.9947396875e+05 
-1.2541442223e-13 
6.1129818552e+16 
2.1030829250e+37 
-1.5687811523e+04 
1.2934061523e+04 
-6.2115150344e-27 
-9.6884457434e-07 
3.6054158524e-31 
2.7501168887e-36 
-6.8950819612e+21 
1.8711374725e+12 
-6.2668462080e+09 
-2.3870407104e+02 
-1.4522292309e-30 
-6.5247003762e-19 
2.4535941120e+11 
-7.5078735490e-38 
-7.8649730770e-28 
-2.7836559724e-08 
1.2056125000e+07 
-9.4758441862e-27 
4.8091939840e+09 
-2.3881620169e-01 
-7.4177485658e-05 
2.3659898687e+18 
6.7431261066e-28 
1.4855948402e-35 
3.5128552729e-15 
-1.3080072507e-13 
6.7169234160e-23 
-5.0275411432e-32 
1.2889489170e+28 
-9.1621933056e+10 
-2.1562053358e-12 
1.3100854630e-05 
1.1707331004e+21 
4.3705627314e+21 
1.4359547383e+34 
-1.7353364891e+31 
-8.2005485775e-31 
1.7101166770e-02 
1.0239303040e+09 
3.8361118061e-20 
3.4937230805e-22 
-7.0064434940e-13 
5.3584543313e+21 
-3.4653707886e+02 
-5.9920451451e-35 
8.4809580585e-04 
-1.8184407381e-03 
-1.8661283718e-07 
-7.8013431375e+34 
1.6485551411e+22 
-4.3939083891e+19 
1.7817479602e-05 
1.4115478591e+35 
-3.5539703731e-06 
1.3668560364e-24 
-3.7380611420e+01 
1.8998298438e+05 
-5.9950583967e-25 
2.3429242428e-03 
1.3099392132e-30 
-9.0239563724e-04 
1.4108714697e-27 
-7.1093993750e+05 
-7.5521181106e-13 
-7.9508539814e-39 
1.7146585882e-01 
-3.8214914534e-19 
-8.2986043167e-13 
5.0157603122e+29 
9.9061248178e-32 
-1.9649400430e-15 
-7.1401877904e-06 
-1.0959170254e-24 
9.3191582296e-27 
-1.2990958750e+06 
-2.7977873047e+04 
3.8866701019e-25 
5.3100132439e-33 
-6.4398795368e+30 
1.5053467567e+28 
1.9341980387e-26 
-5.6084166999e-07 
1.6293289089e-28 
1.7117767994e-34 
2.6418214911e+26 
5.6330518645e-28 
-4.4425357260e-07 
3.2363236362e-23 
8.9721688026e-21 
1.0362528055e+34 
-1.6906766772e-26 
-2.1568438275e-15 
-7.7043927956e-19 
7.3283286520e-37 
5.1692646691e-11 
8.0300226247e-24 
-4.7548349806e-12 
-1.6316476563e-27 
2.2214955865e+32 
-1.3092589888e+28 
-4.4962963908e-10 
1.9950523646e+13 
2.5058947077e-29 
-5.1256753891e+16 
4.8767330170e+01 
-2.7450507694e+15 
-6.1951573007e-03 
1.8181201071e-02 
-2.3336733025e-33 
-5.7565635620e+27 
4.1807095733e-24 
-1.4461374000e+07 
1.2962237029e+23 
-2.8603627300e-32 
-2.0759985559e+17 
1.2893701824e-33 
1.5106576472e-13 
-8.5086598400e+08 
-6.7816276896e-06 
-7.9994667969e+03 
-1.2874667078e+30 
1.0562155914e+02 
6.1171505000e+06 
8.5150095290e+35 
-3.5473196800e+08 
-6.1767551233e-19 
-1.8362621094e+04 
-4.8186779736e-20 
-3.2124769537e-37 
1.3423262198e-37 
7.5035934336e-22 
-1.3554027234e-08 
-5.9039866064e+34 
-4.4012637205e+24 
3.6518292441e+26 
-4.0461687376e-33 
-2.5518897768e-16 
-3.7101401600e+09 
6.5727426130e+35 
-4.5601825716e+21 
-1.1475131334e-36 
-9.7099830513e-20 
-2.7174623047e+04 
3.4664427993e+20 
1.2139696355e-34 
3.9123685360e+00 
-2.8390238072e-07 
1.2561519243e-32 
-2.1863628482e+32 
1.9469855353e-02 
-1.3032785343e+17 
3.8374064084e-19 
-1.6711255954e+18 
7.8370170560e-25 
2.4239390793e+18 
-2.3242408531e-07 
-5.8082885168e-09 
2.4701853996e+33 
-6.7379613934e-18 
9.0800690624e+36 
-4.2235377522e-12 
2.2146487831e+35 
-2.6300878585e-16 
-6.0611820685e-18 
7.4104771208e-09 
-8.4740035052e+12 
1.1666008282e+23 
2.9417636328e+29 
-9.7463056530e+36 
-2.6242799174e-18 
2.5516151603e+11 
-4.5644067251e+24 
1.5755702353e+28 
-7.3817143509e-09 
-1.1946588286e+18 
-1.3819827501e+26 
-4.8687248454e+31 
1.3948412596e-22 
-2.8196449469e-26 
-3.0185076328e-34 
9.2111251200e+08 
8.6997476846e-17 
1.0300559884e+22 
3.1283981781e+21 
-1.4084999172e-13 
-2.2001146795e-38 
-9.4024492334e-31 
6.1935800314e-01 
1.4758199107e-08 
-1.8815201522e+33 
2.6190061569e+01 
-2.2149923429e-14 
-8.0838287025e+17 
-3.6946489070e-33 
7.1814987715e-32 
-1.9337771460e-02 
1.6066019898e+37 
2.5325501232e-37 
2.0831357100e-32 
-7.6147763668e-38 
1.1490318750e+06 
2.9445841016e+27 
-1.8792624929e+31 
8.8844519874e-37 
-2.6286758725e-07 
-6.4678874502e-37 
-2.3239132331e-38 
1.2086009003e-32 
7.4486237622e-08 
3.4151308239e-02 
1.0233234704e-08 
5.8472326980e-10 
2.6455684662e+01 
-7.3310487277e-22 
1.3589952275e-08 
2.1118740489e-32 
9.6737719024e-32 
2.3624505944e-26 
1.8036330318e-28 
1.2934749406e+36 
1.2513814545e+02 
2.4413888583e+29 
-5.6768624759e-25 
8.1357882427e-31 
-1.2928869938e+14 
-7.8987703745e+26 
2.1168508000e+07 
9.4354792068e-22 
-4.0051595459e+15 
-6.9695525530e+29 
-1.0828598018e-09 
-9.7368657750e-20 
2.3485967360e+09 
2.8874522329e-08 
6.9816478720e+09 
7.5578837200e+19 
3.7786861420e+01 
5.2402688920e+33 
1.8387097162e-38 
3.2318250939e+19 
-9.2498484729e-14 
1.3127000714e+21 
-9.7264638171e-03 
1.5649352074e+01 
1.1963193769e-09 
6.3947169252e-17 
1.0669307250e+36 
1.6465651719e+19 
-4.8575182765e-10 
3.3061457752e+29 
-3.4839108848e+25 
-2.0371727990e+29 
-1.9924298438e+05 
1.2005436523e+04 
-3.4712949855e-05 
4.8872640936e-27 
-4.5433922331e-14 
4.3482398317e+29 
-7.9400463360e+09 
-2.3025971134e+18 
5.8338099443e-30 
1.1205966933e+35 
-1.9666307068e+02 
2.7873134269e-28 
1.7242803322e-12 
2.1548591309e+03 
3.0806873047e+04 
-6.6129732797e-32 
9.0849249051e-33 
1.2319258451e+00 
2.7095873047e+04 
-6.4875634962e-06 
-5.9207355000e+06 
1.9956170776e-13 
7.1898432617e+03 
-1.1307686523e+04 
5.2411790937e-02 
1.6216007479e+31 
1.2043609111e-28 
-1.1450882499e+32 
-4.5005664256e+10 
-5.6422079069e-05 
4.9231023460e+18 
-6.9421785493e+16 
3.7397512058e-29 
2.2829252713e-20 
-2.5556898795e+32 
-3.1266645606e+11 
-1.3066524529e-09 
-6.1815769669e+18 
1.2068551005e+24 
-1.0165559615e-05 
-1.0791728053e+26 
2.8728419100e+27 
2.8247001534e+38 
2.9994907648e+10 
2.8108158000e+07 
1.3040180542e-32 
5.9591972543e+23 
-2.2132353587e-27 
-3.1465672167e-38 
2.3657032603e+33 
-7.5262629186e-31 
1.3753035737e-15 
5.3763743653e+20 
-8.1271552471e+24 
-2.1452151587e+13 
-4.7525392384e+10 
4.7149053550e-09 
2.1085681041e+33 
6.5363545600e+08 
4.8203187529e+28 
-1.4620008033e+32 
1.3095921804e-17 
-7.9333767295e-02 
3.6189925171e-37 
2.5478658902e+21 
2.3739011372e+37 
-1.8849148375e+36 
4.3273276121e+21 
7.7937957764e+01 
-1.3399908000e+08 
-9.1051363296e-17 
2.4004735657e+36 
-4.8012486516e+23 
-2.7975143310e+35 
-2.3278716000e+07 
4.5722095814e-13 
2.6212478988e-03 
-2.0119651200e+08 
8.8390953138e-21 
1.5530266311e+32 
1.9615844800e+08 
7.2450169614e-31 
-8.2464378155e+37 
-1.2159564313e-23 
1.1727561523e+04 
-2.2313148756e-29 
-1.0896057119e+27 
3.0431884676e-25 
-3.7951593279e-22 
1.2613727551e+14 
-4.2428806331e+26 
1.2115107806e-09 
-5.2619215101e-02 
1.0938671496e-10 
-1.8948919162e+34 
-1.1562597099e+20 
9.0998691840e+09 
1.4366885177e-19 
-3.1853281382e+24 
-1.1199693697e-25 
-6.5751355000e+06 
-4.7908819661e-23 
-4.8465389158e+11 
2.3793824591e+32 
-4.7274836371e-29 
1.2346496601e+24 
-2.7524310313e+20 
9.6445385044e+35 
4.6505366400e+08 
-7.2291890391e+34 
-5.8054499626e+00 
1.3667423454e+17 
3.1660540117e-05 
1.2533649219e+05 
2.1183682453e-14 
-3.0680371457e+38 
-2.4279546741e-23 
2.2207684608e+11 
1.7026553905e-05 
-6.1865734355e+15 
-7.4469823315e-20 
8.3226974319e+16 
-8.2338223001e-04 
-6.6348131432e+32 
-5.9163228027e+33 
1.7312903881e+29 
-2.1541611550e-10 
-1.5470798750e+06 
-1.8179163730e-09 
-5.1638187435e+25 
-2.5007407925e+26 
-1.2350211946e+36 
1.7389623047e+04 
-3.6897187867e+17 
-2.6287405056e+10 
3.6390511006e-34 
-2.7657653809e+03 
1.2069735666e+21 
1.9129713774e+00 
5.1832555933e+18 
4.3796173870e-26 
6.0987726103e+13 
-2.2797818528e+13 
5.2582150144e+10 
-2.4220123276e-27 
4.7948678124e-18 
1.0101802544e-30 
-1.2893030577e+19 
-8.0713758808e-22 
-3.0390717858e+17 
2.3936640223e-16 
8.3226751431e-29 
4.8810397857e-07 
2.7516766643e-11 
1.1651936349e-30 
-6.9545410156e+01 
7.3079980032e+10 
-3.4407933499e+22 
3.4856996425e+22 
2.1113101055e-32 
3.3035516739e-02 
-7.5437052977e+18 
1.4543196320e+18 
3.7617236376e-03 
7.4991703033e-02 
2.6904497497e+33 
1.7929609307e-24 
2.8414236086e+36 
-2.8214994056e-30 
5.1406024632e+35 
-1.1119002035e-38 
8.2675968945e-31 
1.3644140467e+37 
1.3699452185e+30 
8.4280956007e-38 
-8.8678071055e-24 
1.6516536020e-21 
-6.3966010432e-37 
-6.0986210424e-25 
            nan 
2.1366690546e+15 
5.9142429469e-38 
1.2417723154e-35 
-7.4135949206e+37 
-8.9582382463e+30 
2.5906871526e-34 
7.2198161078e-13 
7.6269924641e-01 
-2.1761631966e+00 
-2.6086777731e+15 
6.0582833612e-06 
2.3255191492e-37 
-1.9242780702e-09 
-1.4206933649e-20 
-1.1952711914e+29 
-4.9076029153e-26 
3.8948474821e-31 
1.1770932000e+08 
1.0999899485e-20 
-1.4621780615e+20 
-5.8421590319e-14 
2.2265157885e-33 
-3.9468857600e+08 
1.2846659026e-14 
1.0973709587e-29 
-7.5753192164e-08 
-6.1146282397e-28 
-1.8221214448e+19 
-3.5392899462e+14 
1.9628351256e+22 
4.9817295000e+06 
3.2203055453e-03 
3.6868165518e-27 
6.1861192407e-28 
-1.0380723219e+15 
2.5025464129e-03 
-3.4671636599e+33 
5.7844015471e+20 
4.4834942823e-17 
-8.6263239584e+33 
6.9979159289e-19 
-7.5869497351e-09 
-1.4532269910e-02 
6.3033146858e+00 
3.7070959806e-03 
3.3783214785e-27 
-1.9396306574e-01 
4.4371759383e-37 
3.0441745172e+24 
-4.1992360960e+09 
2.9519149664e+35 
8.3299973743e+24 
-8.9521848512e-25 
-8.9273941040e+01 
4.9130624667e+25 
1.1641596130e+19 
1.1899875574e-07 
-8.7607521564e-03 
2.1956228000e+07 
2.4491182635e-15 
-2.5042150417e+17 
-5.4099707825e-08 
-9.0278926370e-14 
            nan 
3.6141497911e-35 
-9.7488177039e+30 
1.7456502285e-22 
-5.9963220473e+23 
2.6054478894e-06 
-2.6839400474e-30 
-9.6665660212e-19 
-1.5166953062e-06 
4.5565414648e-19 
2.2235822400e+23 
1.5000238648e-36 
1.1052450931e-28 
2.6801437409e+12 
            nan 
-2.8268032365e+38 
5.8963241232e+28 
2.8728187973e-39 
-2.8118946967e-25 
-1.6941549599e+21 
-3.5764143816e-19 
-1.1554235366e+34 
1.3248688984e-13 
1.1502321762e-08 
-3.4028020038e-31 
3.1592100859e-03 
3.7269624638e+26 
1.9316077232e-02 
-2.5199766556e-22 
4.6137843356e+23 
3.4956839485e+12 
-5.4991462940e+31 
4.6174449639e-22 
8.0695724487e-01 
4.3876438500e-22 
-3.4427497135e+21 
-7.3531225553e-09 
2.7736575428e+35 
1.5177563090e+22 
8.3988600869e+15 
1.4073352519e+22 
7.1939254553e-10 
1.6291574070e+26 
1.6971557617e+01 
-8.1096084348e-26 
-1.7179525120e+09 
-1.4101647449e+27 
-1.1695736209e-31 
1.9811263741e-10 
1.9357226932e-10 
2.3018104129e+15 
-8.7440109253e-01 
-4.9840900924e-17 
6.0756377600e+08 
-9.5813418929e+14 
3.9881374245e-23 
1.0800227842e+17 
2.0881575688e-32 
-8.1016700739e-37 
-5.0742555458e-36 
-1.2421539399e-27 
7.1718275840e+37 
3.7980743169e+32 
-1.3711881647e-26 
-1.1847872000e+07 
4.3367154948e-24 
-4.2794818000e-07 
6.3569458957e+32 
9.5620073198e+33 
1.2224570692e-27 
-1.2311046376e-32 
8.5628289775e-30 
-3.2131136671e-28 
2.6288714336e-36 
6.7410326210e-09 
-2.7757479890e+26 
5.2608815447e+26 
1.6876199738e-16 
1.5977448358e+33 
1.1230958626e-04 
3.1831517106e+24 
2.6898153901e-28 
-3.3313196484e+25 
6.6623095929e-12 
-1.2413861862e+26 
-3.5757739547e-24 
-4.1233152000e+07 
2.2064888518e+31 
4.3050200000e+05 
-8.6962779822e+15 
-1.4823515307e+23 
-1.0620669855e-07 
-4.3046023320e+26 
9.7246422883e-14 
-5.0824550781e-34 
-7.1991756824e-25 
3.8866249379e-03 
-5.6148562782e+24 
-4.6763422128e-12 
3.4871964257e-12 
-1.3054158217e-06 
-2.8125157018e-32 
-3.6888665431e+27 
-1.1255699638e+26 
-9.0880189029e-27 
-5.9596550938e+25 
1.7193197976e-08 
-1.6929068362e-36 
-2.7911708337e+32 
-1.2050133680e+13 
2.0455723827e+11 
1.0667254581e+16 
-2.7194165483e+37 
-9.0448587993e+36 
-5.0639066522e-18 
5.8210325087e-31 
-3.8479045591e+12 
1.4684980228e-23 
-6.9611673430e-35 
7.0215562887e+33 
-3.1121199488e+38 
-2.2302525748e-35 
1.9104665600e+08 
-5.1600687104e+10 
-2.8055599279e-29 
6.5766235372e-20 
6.1492865231e-21 
1.2356650000e+05 
1.7004961689e+21 
2.0384451658e+14 
1.8983425026e-31 
-7.3976972131e-28 
-3.0923742181e+33 
-4.6557906059e-38 
5.9808655806e-09 
-5.7523669290e+31 
1.0020820312e+03 
9.0036828442e+22 
-3.7620208590e-24 
8.9274978638e-01 
-5.1710372095e-13 
7.9983104000e+07 
-1.6514467059e-21 
1.3584380060e-34 
1.7073752306e-19 
6.1003322235e+37 
-4.7899447964e-07 
4.0500223883e+29 
6.9399373414e+11 
8.8669696585e-13 
-1.2262760252e-12 
-1.2946796955e-15 
2.4330236284e-37 
4.8720984581e+36 
1.8299174864e-24 
-1.0649040341e-03 
2.3033131714e+30 
3.4426636709e-20 
-6.0545844881e+34 
-3.6014943905e+33 
3.6926914560e+10 
8.1550495821e-20 
-2.7332674511e-27 
-1.2369291300e+23 
4.9128653430e+16 
1.4158023987e-05 
-3.0308966400e+08 
2.3600800966e+28 
3.4102029438e+32 
1.3023673091e-05 
1.1039062500e+04 
7.3265330277e-34 
-2.3400325606e-22 
-2.2776180941e-10 
-3.5123933782e+21 
-1.3079597477e+26 
6.7949333030e-22 
1.0213418743e-21 
-3.0949274695e+31 
-1.0014697266e+02 
4.1652452971e+26 
-4.5499530699e-32 
4.6597294601e+37 
5.0616496644e+21 
3.9927947287e-16 
1.5914550781e+02 
3.9707422260e-17 
-1.4666290778e-16 
1.4989727638e-33 
-9.2252297717e+19 
3.2147044853e-29 
-4.5997327902e-07 
-4.0603959730e-35 
1.1955085489e-20 
4.5186790443e-37 
-8.8709936749e-13 
3.7846751436e-18 
2.4503060357e-33 
-2.1786040106e+31 
1.5855282794e-24 
-7.0260737332e-12 
-1.3491984138e+12 
-2.9156755887e+18 
-9.4791616334e-08 
1.0519416935e-11 
1.0442256709e-18 
-1.2101301413e-23 
-4.4188408000e+07 
1.3386118595e+12 
-1.5315389845e+21 
3.5580245312e-03 
9.4560586901e+24 
-4.1850801557e-02 
5.5510160506e+17 
2.9689238400e+08 
1.3282476924e-02 
1.2146016637e-08 
4.6979980457e+24 
-3.2777014130e-28 
1.7624248323e+28 
-2.8201786336e-03 
4.1046613496e+18 
1.2179549219e+05 
-2.6524245514e-14 
1.0032599375e+06 
-4.8627182617e+03 
2.0515445625e-13 
3.2570615273e-24 
1.1543707648e+10 
-1.2399525835e-33 
1.2177908074e-20 
-2.3607875491e-35 
-5.9165628121e-23 
5.6942782496e-19 
1.0472914944e+11 
7.2283009409e+31 
1.4505895526e+11 
1.7898584985e-23 
-1.9289200281e-07 
-2.0454697861e+12 
2.3853452547e-10 
-1.8416013116e-21 
1.1272657064e+15 
-3.7079327682e+37 
-6.9653548237e+11 
-1.3053632000e+07 
-1.8551054382e-07 
3.3541810332e-23 
-1.2831448069e-30 
-7.6416280480e-39 
1.3859143680e+09 
6.0796439648e-03 
-5.0021564581e-15 
-4.9470691679e-23 
1.7769750116e-09 
7.0069991476e-13 
8.5155293345e-04 
-3.0094832182e-03 
-2.2087957149e+18 
2.9404169083e+26 
-4.1170482758e+14 
4.3257400000e+05 
1.1612558436e+32 
-5.1219870562e-17 
-1.7477006509e-09 
2.5268570649e-27 
-8.5332782507e-13 
7.3703834339e-31 
2.6808389493e-15 
-3.5383408517e-34 
2.1993673727e-07 
-2.3183361009e-08 
1.0678198605e-19 
-2.7952492659e+30 
5.2661248000e+08 
-3.6397374004e-10 
5.6830458561e-08 
3.7491059523e+19 
1.0110689280e+09 
-1.2143650338e-30 
1.7557231168e-15 
-9.7509155273e+00 
-1.6686134178e-19 
-1.2172183832e+22 
3.3258604747e+28 
2.7430218049e+26 
7.2683126083e-38 
7.3634154020e-18 
1.9956953504e-33 
-6.8714793750e+05 
1.7297187846e+29 
2.1465546987e-29 
-3.9975518555e-12 
1.2654480535e+19 
1.1409758674e-33 
-1.9511498438e+05 
1.8329110562e+36 
9.0336248959e+29 
-9.6775277385e-29 
7.3223954461e+36 
-2.2753898438e+05 
-7.3777715419e-27 
5.9525663964e-03 
-1.1080905730e-22 
-2.4121841771e-22 
-1.5547306393e-34 
-2.3663114755e-15 
5.7340473186e+27 
-3.9737582080e+09 
2.8012834606e-29 
2.1249146000e+07 
3.9936723337e+16 
-3.0973546806e-22 
1.8617549118e+27 
-1.3665115339e+19 
-2.1640024479e-33 
1.5913108845e+15 
8.1655186578e-29 
6.2030267145e-05 
-1.1307469940e+02 
-2.0497358750e+06 
1.1199150221e+26 
1.6149225121e-04 
-4.3165751862e-08 
-1.5127035252e-30 
2.2565617391e-18 
-5.1917211659e-28 
-2.3526371937e+30 
-8.1954890199e+25 
-2.1545197906e-38 
-1.2277339969e-28 
3.4379123548e-08 
1.1579056947e+11 
8.3707340082e-07 
-4.3453559858e+26 
-2.5950623047e+04 
-2.7057807763e+31 
-4.0560522080e+30 
4.7509617389e-24 
-3.4942336182e+28 
-1.2804046471e+26 
-1.6730100632e+01 
-1.6475970773e+35 
1.4071366455e+28 
-5.1558611511e+19 
2.3654751555e-29 
-8.0052556264e+37 
-4.2829603197e-33 
-5.8852807617e+03 
-4.4494655911e+15 
-1.3919298438e+05 
-1.5127378943e+19 
2.3238498438e+05 
3.5443187443e+30 
-1.3050219632e-24 
4.1458246094e+04 
-8.8980763321e+20 
-2.1021828218e+35 
5.6882933795e-15 
1.3988748969e-34 
8.5598536722e-13 
1.1141694349e+24 
-3.4460789450e-32 
4.1215115264e+11 
-5.3401356272e-16 
5.8155674062e+28 
-2.1311977772e-30 
9.1465103342e-29 
-3.2284791186e+38 
2.9938631034e+22 
9.2883408930e+24 
4.4489021889e-07 
-2.7867407551e+22 
-1.8619917014e-19 
-1.2152343470e+20 
-2.5087653809e+03 
-2.5646862120e-21 
-1.2017061523e+04 
-9.0180030093e-03 
-1.3581596268e-15 
2.8152702388e-21 
3.1104498758e+34 
1.3288170919e-07 
-7.4664447021e+02 
-5.0205465406e-02 
8.9292412415e+20 
1.1983667880e+25 
2.4822264944e-14 
1.2660479195e+18 
1.7651562290e+14 
-3.1188313733e-04 
-2.9092019391e+18 
3.1728742334e+16 
-2.0227417896e-25 
-6.0058213999e+23 
2.7361862618e-33 
1.0373286618e+17 
-4.0237325956e-22 
1.4075717601e-19 
-3.6023367396e-38 
8.1520917794e-10 
-2.3703611755e+02 
5.0795501709e+02 
1.1870642769e+37 
8.4068494721e-36 
-6.9053092062e-22 
1.0303222719e-09 
2.0560936188e-29 
7.2981946814e-37 
3.2954474422e-18 
2.8613494597e-22 
8.3967616580e+21 
3.9848091616e+24 
7.9006515443e-03 
8.1158327671e-13 
-8.6568944455e-22 
-1.0779668303e+14 
-1.1236574922e-20 
-8.5503089282e-30 
1.6539228570e+12 
-1.1209192960e+09 
1.5864242302e-30 
1.0490122546e-37 
-2.5709871094e+04 
-7.0966170062e-30 
-1.6420827972e+35 
-5.7442319483e-28 
-2.2343459627e-36 
-1.8473041073e-15 
5.6256051707e-38 
-3.5772190343e-31 
1.6772409876e+35 
-7.6106254237e+18 
1.3810846689e-08 
-1.8228530488e-32 
-5.0633475093e-33 
3.8710526322e+29 
8.1552499329e-33 
-1.4184652828e-02 
1.8493817152e+31 
-3.7951227278e-02 
-6.2824304949e-14 
-2.4118789407e+13 
2.5664373047e+04 
2.3677277500e+06 
1.5918034744e-16 
4.3280186219e-05 
-1.0487123214e+19 
-7.4307032938e-35 
-6.8015520804e-28 
-4.5269156300e-36 
-5.5525993750e+05 
-1.3117443561e+31 
-1.2230356357e-34 
2.9393353543e-05 
-4.1556508872e-30 
4.3597932905e-02 
-2.5081573844e+34 
-8.2595737479e-35 
-1.7047529646e-18 
4.2427369461e-16 
-5.0650844857e+29 
-7.3376862856e+19 
-1.7186714360e+23 
1.1715750591e-38 
5.7334504000e-15 
2.2926112928e+21 
-3.5853692928e+10 
1.5548177299e+35 
-1.7825543876e-35 
1.8866001746e-25 
2.2037905350e+15 
1.2177912876e+36 
-3.7798878551e-01 
5.1102196875e+05 
7.0797930185e+20 
1.0436148224e+10 
9.7640139989e+18 
-2.5491092111e-37 
-2.3230165621e-12 
-8.4731067318e-07 
7.3334078659e+19 
3.3528946286e-09 
-1.3904778968e+34 
8.8387512587e-11 
-4.3154383178e-08 
5.0150624028e-35 
6.6599024462e-38 
5.7457382791e-03 
-1.7707136332e-23 
-2.0284906894e-22 
2.5511687909e-06 
-1.7540888637e+21 
-1.1512950550e-05 
7.2046498294e-17 
1.1239923245e-13 
3.1050790400e+09 
-8.1549277549e-16 
-5.4131234723e-26 
-1.4435458823e-28 
1.2119998000e+07 
-5.7076233905e-28 
1.8279752215e-27 
2.0914340564e+15 
-5.5223073959e+00 
-1.0851627827e+12 
5.4950531361e-34 
-4.5216429342e-13 
1.4691553588e-05 
1.0182590000e+07 
1.4500856934e+03 
6.4922016463e-05 
-8.0050799323e-10 
-1.6505009783e-15 
1.0780207456e-11 
1.6954371983e-34 
-2.2844921600e+08 
-3.9469744970e-30 
1.1279348415e-38 
-3.7300814865e-35 
1.5973833041e+31 
3.7884014887e+13 
-2.5690997221e+25 
5.3543186681e-27 
8.2691218781e-14 
3.1839523082e+36 
-1.1033310547e+04 
-1.3787915707e+00 
1.6299360292e-18 
1.0976973996e-08 
5.3375475109e-02 
-3.2625312970e+27 
1.4119050980e-12 
-1.0430404907e+19 
2.2206822728e-21 
-8.9683016754e+27 
-6.1917242188e+04 
-1.5479859108e+24 
3.7130231866e-36 
3.8327607779e+33 
-1.1275754706e-17 
4.3204896558e+33 
3.6370719226e+27 
2.3143744842e+24 
1.4546297729e-26 
-6.0683951792e-33 
-6.3767381569e-28 
6.1367548000e+07 
-1.8992061719e-25 
-3.7494964113e-29 
7.5978083611e+00 
-5.8007795900e-08 
-7.9217402231e+15 
-9.9303115234e+03 
1.9206654400e+08 
5.9727151003e-10 
1.1013100848e-10 
-1.1000706581e-03 
3.4140652133e-05 
-8.2030959447e-07 
5.5012392354e-26 
-3.0852753157e+26 
-1.0364246799e-29 
-8.5464593525e+18 
-2.2857298438e+05 
-5.7475837426e-32 
6.1883455950e+30 
9.4462355200e+08 
2.5539303195e-20 
-3.3834382250e-38 
-1.4761048757e-34 
-2.3833947133e+21 
2.4242045765e-04 
2.8322827025e-19 
3.8630390221e-15 
1.7659625690e+20 
3.2139427838e-12 
1.7373863292e+34 
2.9040033329e-20 
-1.1417011658e-32 
1.4743612916e-32 
-1.5388823158e-05 
-2.7153416234e-12 
6.9769389670e+12 
6.0281602444e-28 
1.6156834177e-17 
1.1929649219e+05 
1.6353152991e+13 
3.3799778934e+24 
-1.9587859878e+35 
-3.4220315000e+06 
-1.2931714916e-30 
-1.1360207396e+17 
8.2085564470e+29 
4.9523972959e-16 
-1.0686004680e+21 
2.3385771449e+14 
4.4537361056e+32 
-2.1134403491e+19 
-2.8270260224e+10 
5.5317276949e-20 
2.7623838106e+20 
-3.7071788756e+14 
2.5916555586e+36 
-1.1218247617e+24 
1.2908001319e+29 
3.5398542610e+33 
2.5691204747e+26 
1.7628146201e-20 
4.0783701901e+37 
-1.1427146390e-36 
1.8618001750e-26 
-1.1150130487e-28 
5.1553581080e-23 
-9.2814882316e-30 
-1.1499919311e+25 
5.9688494301e+13 
1.8283242729e-38 
-2.3465596000e+07 
2.5231034276e-11 
8.5107436159e+13 
7.2524181860e-07 
1.2370696205e-35 
1.6113282287e-27 
1.1108125088e+14 
2.5441372787e-27 
-2.0923441583e-26 
-2.5808410099e-34 
-5.4250399444e-06 
1.2557940083e+28 
-1.4066012698e+31 
-6.4187180961e-13 
4.0173458729e-06 
-1.1176001067e-18 
2.5557072638e+30 
-6.8990347256e+23 
1.4539907625e-06 
-6.7909512805e-28 
-4.3418100104e-03 
-1.0852464747e+29 
8.3538529497e+37 
-1.8989896875e+05 
-3.4160463867e+03 
-5.6759713096e-26 
1.7936495252e-14 
-1.1572694832e+32 
1.1472053362e+38 
4.0515207007e+29 
-7.3098384919e+22 
-1.0879660097e-17 
4.1410927278e-16 
1.4626642860e-14 
-3.2292082331e-37 
-1.0893552642e+28 
-5.9663488758e+35 
8.3971064107e-19 
-6.4195305072e-08 
-2.1441605331e-27 
8.7093401474e-15 
-1.3352817116e-11 
1.1699118080e+11 
-7.6667783357e+31 
-9.2541111592e-38 
3.1484644739e-36 
1.3042877151e-36 
-6.4268387500e+05 
7.0320197625e+14 
-9.0156855469e+03 
-2.0110824613e-32 
2.4322459903e+22 
-1.2635555640e+24 
-5.4782558698e-12 
-9.9709799839e+14 
-1.4455492359e-09 
2.4729392228e-38 
5.1907266638e-29 
2.3023100800e+08 
1.0186852028e-19 
-1.7564801925e+34 
-3.1942694588e+22 
8.5463022970e-07 
1.1334748438e+05 
-4.3853275136e+10 
-3.3233192586e-36 
-9.1114213396e-11 
-2.4884275293e+33 
-4.3334139264e-06 
7.7008977920e+10 
7.6751315594e-01 
-1.2275598206e-27 
-5.6447543991e+16 
4.7527397996e+28 
3.5845204931e-19 
4.3904070773e-29 
4.3457361996e-32 
-3.2134301373e+28 
-1.8147287376e+34 
-5.4459892151e-10 
7.2853680713e-29 
-6.2406897013e+16 
-8.2179484752e-38 
5.2003505668e-11 
2.1376845551e-26 
-2.6409623427e+23 
-3.9880697757e+31 
-8.9404352283e-29 
1.6298386299e-36 
-1.7834860087e-26 
-1.2968348432e+32 
1.2526481934e+03 
-1.7227761520e-36 
-2.6808911753e+20 
-1.0617293356e-06 
2.2931300919e-04 
6.3976212657e-26 
-5.0486240070e-04 
-1.7098687842e+19 
1.5847143042e-10 
1.9211711215e-12 
1.2383726120e+01 
-4.1121604198e+29 
-2.7790246112e+20 
-3.0664935961e+34 
-5.2272620260e-11 
1.5536733303e+28 
8.8058385831e-38 
4.0817244800e+08 
-1.2423691340e-02 
-5.6197802906e+26 
-4.9704437820e+15 
1.9371913199e-13 
5.3224240171e-24 
1.2344599581e+37 
1.3449655605e-23 
7.9725300496e+26 
1.1492775091e-27 
-3.9926492668e-11 
1.1753707999e-24 
1.9785509111e-24 
8.1266983805e+20 
-2.2407767258e+20 
-5.3073340471e+28 
-1.2653916875e-35 
3.3005240114e-37 
1.3842693180e-31 
7.0556111496e-06 
2.9909043224e-04 
-9.1681256000e+07 
9.3146476562e+04 
-3.1434754545e+33 
-1.0215188545e-14 
-3.9870441456e+13 
-6.1005686870e-18 
-6.0775121027e+13 
2.5890254974e+01 
1.3555213874e+20 
5.3938113741e+11 
2.9237880774e+34 
-6.9081940897e+28 
9.8535659799e+13 
-2.2270737213e+18 
-2.2946948649e+33 
-7.8629615930e+36 
9.4238653949e+29 
-5.5465302734e+03 
7.3043560979e+24 
7.8905405288e-26 
-7.1607386934e+28 
-8.7745483925e+15 
6.9761315918e+02 
-1.3527614000e+07 
-2.4812322816e+12 
2.6801278827e+16 
-4.4317025060e-28 
-9.2842458024e-36 
5.0218575447e+31 
8.7222852711e+27 
-7.4567261618e-04 
3.6375869965e+32 
-3.5453441398e-12 
-6.3285141592e+28 
5.4139184455e-12 
2.0181781191e-21 
-1.1054007982e-31 
2.0089484800e+09 
2.3648532104e+02 
-7.6951318654e-38 
-2.0452849628e+27 
-1.0471397025e+14 
2.6399594458e-21 
-2.7104237756e-37 
5.5637181263e-15 
1.2565794942e-24 
-4.2445568518e+27 
4.0221466565e-13 
-1.0458637501e+25 
6.8537945600e+08 
4.0215221561e-13 
-3.8781226890e+35 
-8.6329862704e+15 
-2.7058177540e-24 
-1.3431124898e-05 
5.7583967816e-08 
-2.8891468211e-12 
-1.7729000854e+02 
-2.2509206919e-29 
2.1964890038e-05 
3.2368445049e-15 
2.7812984432e-18 
2.0435538918e+32 
-3.3901720307e+18 
-3.0694436894e-15 
6.2289331679e-12 
1.2872221185e-20 
-1.2431346656e-29 
3.3551071965e-07 
8.2960767958e-16 
-1.0164339412e+15 
1.2890405274e+11 
-2.9416333899e+28 
1.1608377684e+19 
-7.3503182759e-38 
3.9009764741e+28 
-2.0525679138e-13 
-1.6800245743e-22 
-8.5189004800e+08 
3.9267381442e-33 
1.4674922257e-30 
-6.7745199622e-34 
-1.5382277686e+36 
-1.7731059810e-32 
4.4202589914e-29 
-1.9225388658e+36 
-2.7406133331e-27 
-6.3922495488e+10 
-6.3558953565e-14 
-1.0663040275e-13 
1.6214195853e-07 
-1.5745052224e-05 
-8.2171117568e+10 
1.0134691735e+17 
-1.0182383178e+22 
1.2556074125e+38 
-4.2324673520e-19 
-2.0104529467e+31 
5.2384491971e+26 
-8.8273911236e-26 
5.3057780000e+07 
4.9870810894e+16 
-2.9923635011e+17 
4.9239234375e+04 
1.7762278720e-26 
-3.7564632227e+15 
-3.2715547830e-02 
8.5945944090e-37 
2.4401585250e+18 
-3.8629786801e+15 
-7.4818123238e-29 
-1.0869893733e+27 
3.7359996350e-04 
-4.6697009152e+10 
-9.9935676264e-22 
-1.2671095732e+15 
-1.7960258765e+12 
-8.8822612762e+00 
3.8905884956e+29 
-5.6441474102e-31 
-5.3832523950e-37 
-4.4064777927e-26 
6.4171608265e-27 
-4.8151232512e+11 
6.0460621824e+10 
-5.7248622817e-34 
-2.2152422754e-23 
8.5315819794e+21 
-2.6902908000e+07 
-1.3555384451e+13 
4.4201193796e+35 
2.9410598168e+34 
-5.3084427248e-15 
1.2404237089e+27 
-4.0676982558e-29 
9.4551280583e-20 
-2.1783778332e+34 
8.3634083840e+09 
7.7264314171e+16 
-3.7521217393e-25 
-3.0870667109e+38 
-6.5527789902e+15 
1.5564543469e-13 
1.4968095347e-02 
-2.1815294360e-29 
-8.1441671939e-18 
-7.7622325491e-25 
-6.1887308980e-26 
-9.0966299668e-26 
3.7207373333e+25 
8.2937750596e-30 
9.7879074019e-06 
-6.1878863152e+37 
-1.8521471834e+26 
1.1234469723e+28 
-5.2276467006e+32 
1.7693138531e-17 
9.4914828042e+32 
-2.8342124075e-02 
-1.6653498832e-31 
-1.2937333924e+23 
5.1975883094e+34 
-3.1944066443e-24 
-3.1258550521e+14 
-2.8339483225e+28 
-2.4672211129e-31 
-1.0951168358e-12 
4.5995364726e-17 
8.8322886738e-15 
-1.1189877587e-21 
1.0996139370e-14 
-1.9321098080e-05 
8.5023525997e-09 
6.4486694249e+37 
-4.8295113665e+18 
4.3040206656e-03 
-2.5390831801e+25 
-1.1325519360e+09 
-1.3798599977e+14 
-4.5140465374e+24 
-1.1921854041e+34 
7.6140958071e-01 
-8.5927400000e+07 
1.2918484506e+15 
7.7011736413e-20 
9.4540381250e+05 
4.6789894875e-11 
-2.0240373803e-23 
-2.8419855561e+23 
-4.2056120567e-33 
-5.4387671789e+37 
-3.3651957483e-29 
-3.0323590831e+35 
8.2495564205e+14 
-1.9854194641e+02 
1.1750747656e+05 
-1.8335206316e+19 
-2.1017617837e-04 
-1.7956992735e+30 
-3.5406432250e-35 
6.1905536944e-28 
3.7866259390e-06 
7.6419903564e+02 
-7.6347849670e-28 
3.6612640003e-12 
-7.2034309707e-27 
3.0743700576e-31 
1.6004293750e+05 
-2.9148546537e+21 
8.7182664517e-13 
3.6502212829e-28 
6.5463084265e-16 
-1.2273040049e-18 
8.2580924034e-01 
3.5237661672e-27 
-7.0252323720e+14 
5.8019775873e-28 
3.7888990625e+05 
8.1897240725e-12 
-4.1831391786e-16 
-4.4795123383e-19 
3.6505746905e-36 
6.7883890687e+28 
2.9070107848e-04 
1.6061954107e+35 
5.6279409677e-02 
4.0091352296e+18 
-4.8647535329e+12 
8.5733651251e+11 
-1.3649185203e+25 
-1.0947490995e+35 
-7.8469869914e-04 
1.8566939599e+25 
-4.3542108570e+11 
-2.4041938259e-34 
-4.6220791639e-09 
2.5369112500e+06 
7.1728671297e+24 
-4.0584737349e-07 
1.2011254174e-31 
-2.0889943487e+30 
1.1025895749e+32 
1.6740646229e-21 
-1.7261595349e-04 
1.4952739662e+18 
8.4182383077e+32 
-4.4838256044e-26 
4.1841622827e+32 
-1.4973218811e-38 
-4.5249810941e-24 
1.3437003721e-14 
3.8273036801e-29 
-2.3174944630e-08 
1.8472015828e-19 
-1.0659577266e-21 
2.9216633266e-05 
7.9090871811e+00 
-4.0560150725e+16 
1.4643410880e-18 
-1.6380275741e-32 
-9.0920448745e+35 
9.0197367262e-14 
-6.8586439284e-07 
3.0940458373e-07 
-1.5690644848e-21 
2.5293757376e-21 
-3.1325449856e+32 
1.2048777321e+23 
7.2919118573e+20 
1.2826395687e-03 
-3.0576781107e-09 
7.5936824254e-19 
4.6937718159e+26 
-4.5456850622e+20 
1.6982174660e-37 
-1.7566580294e-15 
8.7756308200e+25 
-8.9584963149e-19 
-1.5367963503e+38 
-3.5620481672e-17 
1.8764098608e-10 
9.5164509162e-08 
-1.6411496871e-32 
-4.4118164111e+13 
-7.0090424799e+18 
-4.5002131200e+08 
3.7294010015e-32 
2.8341080523e-17 
2.2060958904e+30 
5.4573109373e-03 
1.4425765471e-07 
-1.5332174953e-03 
1.3825827982e-10 
-8.6237500474e-10 
4.8599695901e-16 
1.1803233655e-15 
3.3666460171e-37 
2.8232394127e+23 
-8.5642693013e-38 
-8.1935005655e-12 
-1.3612216460e+18 
7.4628679557e-16 
3.3122645944e-39 
-6.4375236838e-27 
1.0000754391e-10 
-5.3266444452e+13 
-1.0360062697e+35 
1.0628176640e+09 
-9.5002619105e-08 
4.2199246762e+37 
4.6197832744e+24 
