2.3509887016e-38 
0.0000000000e+00 
0.0000000000e+00 
0.0000000000e+00 
0.0000000000e+00 
0.0000000000e+00 
0.0000000000e+00 
3.5873240687e-43 
0.0000000000e+00 
0.0000000000e+00 
0.0000000000e+00 
0.0000000000e+00 
0.0000000000e+00 
0.0000000000e+00 
0.0000000000e+00 
0.0000000000e+00 
0.0000000000e+00 
0.0000000000e+00 
0.0000000000e+00 
0.0000000000e+00 
0.0000000000e+00 
0.0000000000e+00 
0.0000000000e+00 
0.0000000000e+00 
0.0000000000e+00 
0.0000000000e+00 
0.0000000000e+00 
0.0000000000e+00 
-4.4236203410e-34 
7.1746481373e-42 
0.0000000000e+00 
0.0000000000e+00 
0.0000000000e+00 
0.0000000000e+00 
0.0000000000e+00 
0.0000000000e+00 
0.0000000000e+00 
0.0000000000e+00 
0.0000000000e+00 
0.0000000000e+00 
0.0000000000e+00 
0.0000000000e+00 
0.0000000000e+00 
0.0000000000e+00 
0.0000000000e+00 
0.0000000000e+00 
0.0000000000e+00 
0.0000000000e+00 
0.0000000000e+00 
0.0000000000e+00 
0.0000000000e+00 
0.0000000000e+00 
0.0000000000e+00 
0.0000000000e+00 
0.0000000000e+00 
0.0000000000e+00 
0.0000000000e+00 
0.0000000000e+00 
0.0000000000e+00 
0.0000000000e+00 
5.7168684609e-34 
-1.3988597440e-34 
-2.0101022612e-29 
3.3700611652e+22 
2.6563867270e+31 
3.5440457395e-06 
2.5099368448e+10 
3.1082568967e+29 
-1.5315687049e-28 
4.9082238658e+14 
1.6273580233e-31 
-1.0585339880e+38 
-6.2440948949e+32 
-1.8477977952e+16 
-2.3618067762e-31 
5.1351094759e-26 
-5.3776140647e+18 
1.2947727640e-37 
9.5672590336e+10 
5.3591289628e-08 
1.0994069436e-21 
-2.6995218363e-28 
-7.6694835828e+33 
-1.5233895915e+23 
9.5139083294e+16 
-3.3512377215e-30 
-4.2511703214e-04 
2.2212297600e+08 
-2.7695034422e-20 
-7.2388055264e+15 
-2.3712520599e+01 
            nan 
-3.2139298762e-27 
-3.5531449782e-08 
4.7057383127e+30 
-5.8898427208e+22 
8.4752484375e+04 
1.4954249343e+16 
-1.8041359343e-23 
-3.0838457121e-08 
-7.8948172689e-20 
-1.9852971656e+25 
3.1723667673e-27 
-2.9283641574e+38 
1.8669241153e-10 
2.8568748640e+30 
-1.9119806702e-38 
-1.4439217152e+10 
5.2538639136e-30 
5.3321572418e-13 
-3.5055148728e+12 
9.2362828782e+14 
1.7002781737e+12 
7.2708755683e-10 
9.3514789755e-32 
2.7403152431e-35 
-2.0042334211e-19 
-4.9480458983e-05 
-1.1571567232e-16 
2.4261167956e-34 
-2.0813273926e+03 
-1.1752095377e+21 
-2.6689117188e+04 
-4.2033470236e-03 
-1.2706071857e-06 
2.3184693750e+05 
-1.0387775085e-09 
3.0423770887e-27 
3.8860282763e+30 
-3.2714679681e+21 
1.1198158689e+38 
2.2871752374e-25 
1.3641410194e-17 
-1.5916582397e+22 
8.7910528564e+02 
-2.4795091403e-24 
-2.6845047452e-12 
-2.4389869896e+12 
-3.6865114555e-34 
1.2802685547e+04 
9.9244355469e+03 
1.9286828856e-35 
-3.5901425194e+19 
-2.0502963867e+03 
4.3664880435e+12 
-1.2644311502e+26 
5.1070556160e+09 
-2.1844254780e-30 
-2.5239857157e-18 
1.8599350439e-39 
-2.5768137902e+23 
1.5746750000e+07 
-1.0715168715e-13 
-3.6166833028e-35 
-2.4681463304e-29 
-2.4085414907e-07 
-2.9414554600e+26 
-4.0771601373e-11 
-4.6173101949e+36 
-1.6344329452e+25 
-5.4373996625e-12 
-3.1527371094e+04 
-4.3382986209e-15 
1.4929977417e+02 
8.1692177734e+03 
7.9111654254e-23 
-1.5352402255e-27 
-2.7372020392e-20 
3.6063774160e-21 
-2.3294023372e-29 
4.8480640013e-36 
1.1695856934e+03 
-1.3970219788e-24 
1.2588040477e-07 
1.7863731845e+24 
-2.3605552000e+08 
-1.1491925716e+00 
2.3817371094e+04 
-3.6366250242e-06 
4.9006754974e+19 
9.9356618093e-26 
-7.0005758135e-11 
9.6775295333e-07 
5.7260630265e-11 
1.1963414676e-33 
-2.0981667182e+23 
-3.9097107270e+28 
1.0043871147e+34 
-2.6277229518e-36 
-1.0492091790e-34 
-7.0249125192e-19 
1.1085934570e+04 
-8.5702239392e-18 
-1.8916171776e+10 
7.0291184784e-07 
-1.1856460295e-37 
6.8711403754e-12 
1.4080811520e+09 
-1.5932979811e+31 
1.4992951037e-05 
-1.3875954972e+38 
-3.6317252088e-03 
-3.8012289633e-16 
-1.0905459143e-28 
-1.2484424305e+21 
-7.1177374211e+33 
-1.8016355362e+38 
4.1789047852e+03 
3.9210086040e+13 
5.2889006306e-33 
-4.1552107418e-36 
4.5931020145e-33 
3.2475331649e-28 
6.9954086353e-30 
-2.4766129366e-30 
-5.7660465000e+06 
1.3184067607e-01 
2.0979005792e+36 
2.8529657600e+08 
4.1400076589e-04 
2.8864408243e+15 
-3.9147773055e-34 
-9.5020566305e-17 
-8.8012885905e+14 
-7.7251509137e-17 
-4.1880882082e-36 
-6.8532859540e+27 
-8.2806787500e+05 
4.3059293375e-07 
-4.4306068931e+13 
-1.1083062094e+27 
-3.1463648193e-03 
-4.8878900707e-02 
6.8272323558e-12 
            nan 
-1.8269078400e+08 
6.4462712035e-03 
-2.7176728749e-12 
6.7009571225e-09 
6.5372829629e+16 
3.0680475000e+06 
-1.3764297600e+08 
1.6633306603e-13 
-2.8320193750e+05 
-1.9491567211e-25 
3.9442164450e+29 
-1.8515736883e-05 
-1.5560624003e-01 
-9.2949375510e-02 
-1.1961729050e+01 
-4.0070380733e-26 
-1.7005284324e-29 
-1.4502045512e-01 
1.9232566683e+18 
-1.0532288956e+37 
-7.3008484375e+04 
1.4613608518e-36 
6.9282202300e-16 
-6.5334588241e-24 
-3.4573670841e-35 
5.1026445075e-38 
1.3316235225e-38 
-1.9377380090e-35 
-8.0003349805e-21 
-5.0467542350e-18 
-3.3794364466e-22 
5.3631380749e+21 
1.6982218324e+26 
-1.2048989184e+10 
8.5149008423e+14 
-4.3588751985e-27 
4.4574800529e-14 
-1.4718497362e-30 
1.5189516448e-34 
-6.1856076191e+23 
-2.8426289100e-12 
9.3094674494e-24 
-8.1893247739e-10 
9.1223791242e-04 
1.2323388601e+14 
1.0953556284e-08 
2.2084262790e+18 
5.6982618485e+36 
1.1872603143e-26 
2.5488433838e+00 
-2.1683143356e+20 
-8.1644401370e-29 
1.9490687409e+30 
1.8806551397e-01 
-2.6188314624e+10 
-7.3464454751e-21 
1.2044331227e-17 
7.4821112000e+07 
2.5342196832e+15 
-5.1925435772e-19 
-8.6729980469e+01 
-1.9119762871e-20 
-1.2741424867e-20 
-2.7480263438e-18 
-3.3112895261e-36 
6.3377898186e-05 
-3.3637110120e+14 
1.7497028132e-13 
2.7382159828e-07 
-1.1827933832e-07 
-6.2529019576e+12 
4.2118513603e-35 
-1.0022252651e-17 
-1.7236686207e-20 
1.1524403888e+13 
5.0435518053e-17 
6.6942660804e+37 
2.2878088195e+17 
-4.0225951735e-37 
8.2891790771e+02 
6.3880348496e-39 
3.3717500000e+07 
1.6542689991e-06 
1.5897442021e-21 
-1.9505216535e-35 
9.9895387560e-23 
1.2292250088e+14 
7.8792445940e-33 
1.1716681167e-33 
6.9182217121e-03 
-3.5038776696e-04 
-1.5108970876e-20 
-2.7136958636e-37 
3.8944990040e-24 
-1.3450268044e+33 
-5.9222308715e+32 
-4.1825536000e+07 
-3.4544354850e-21 
1.1848017049e+29 
1.1563778499e-16 
4.9615144730e-02 
-1.9092840375e-06 
2.2541371436e-07 
-4.1579098511e+02 
2.5551865119e+12 
-4.9047538778e-04 
4.4741461085e-23 
-2.9996794468e+35 
-7.8598633922e-27 
1.7779647623e+17 
1.1477876289e-17 
7.9124687846e+16 
-1.0703784525e-08 
6.6186901359e-27 
6.0986746094e+04 
-3.6218401045e-02 
-1.7186092431e+25 
1.2345396996e+01 
-3.6082594677e-37 
-2.3266158287e+14 
-1.9979513860e+19 
3.0133937012e-10 
-1.2601990368e-27 
-6.8752237078e-15 
1.9997877132e-07 
1.9734282895e+12 
2.6766099874e+13 
-1.4250625383e+26 
2.7140395827e+11 
2.5141553600e+08 
-9.8040926235e-14 
8.2732665956e-17 
-3.2068370418e+24 
2.6244764140e+12 
-1.0259419076e-24 
2.0067171056e-14 
-1.1721545927e-29 
-2.3094353310e-05 
-3.7520934711e-04 
-3.1463629438e+38 
2.7091326000e+07 
-6.4806893185e-09 
-1.8369527057e-23 
-9.9867058239e-21 
-1.1455000639e+00 
7.8978239060e-08 
-9.9329822849e-19 
-5.2496691200e+10 
-2.0945844882e+33 
2.1362757942e+32 
-4.9602337273e-27 
3.5569458475e-28 
1.2773321096e-27 
4.6924262647e+33 
-3.5746318344e+34 
-1.2098080652e-22 
8.3273730944e+26 
-2.3384841309e+03 
4.7943796875e+05 
-2.2345029565e+19 
5.4182204292e+15 
6.5564677734e+03 
-1.1771012662e+25 
-1.6139727475e-37 
-5.0665589483e+23 
8.0770627088e+36 
1.1764610560e+09 
2.4057584026e+13 
8.0541760209e-31 
-2.6146872551e-04 
-5.8842061273e+15 
2.4206686618e+11 
-4.9751589613e-19 
3.5930900842e-19 
-7.5579466099e-17 
2.2975763400e-16 
-2.1472166623e-07 
-3.0839081854e-02 
7.1525849733e-38 
4.7957220459e+02 
3.7884895864e+27 
1.2745048438e+05 
2.1391550004e+36 
-4.2618877440e+09 
4.8421833999e+22 
8.3038671291e-19 
5.2278560638e+01 
-2.6139853522e-02 
1.3527654673e-36 
2.2652681714e+19 
-8.1257548072e-38 
4.7479858848e-33 
-2.2313021071e+29 
1.2766173363e+01 
7.0414093898e-06 
7.7432297882e+11 
2.7121232055e-26 
1.2505674997e+27 
2.4795274167e-10 
-2.7764033348e-06 
8.3156526555e-22 
1.9383247715e-22 
1.3772625859e-36 
-1.2904560148e+37 
-2.0785043936e-38 
1.0752904369e-32 
8.6801740925e-13 
-4.5476777899e-08 
2.9168615385e-22 
-2.4932165707e-11 
6.2459877171e+21 
-9.4460264197e+32 
-1.2282415612e-26 
5.8476111008e-05 
8.2422644864e-27 
1.5400674546e+27 
4.7321344386e+20 
1.9570241580e+24 
-5.5007659189e-26 
-4.6696802368e-34 
4.6577684384e+30 
6.1191025361e-29 
-1.4941465187e-20 
1.6904976567e-37 
1.7534267887e+35 
1.7352361326e-08 
1.4629949471e+26 
3.6647959101e+24 
7.7133554717e-38 
2.1090751368e-09 
4.3509675228e-28 
-2.5803795969e-29 
1.1286525562e+20 
5.9526086822e+33 
5.0219165155e+13 
1.6321628559e-21 
-8.1388879872e+10 
2.3755670400e+08 
1.7928488828e+20 
8.5806828309e-09 
4.7881619200e+08 
-1.4375215735e-28 
-8.0337883365e+13 
-1.2770503833e+27 
1.1069757000e+07 
-6.5371018401e-17 
-4.3243456608e+27 
-3.6614810430e+36 
-5.2915305202e-22 
9.5986871859e+24 
-2.3004455318e-17 
-4.3770790402e-29 
4.1908852914e+29 
4.7883461640e-09 
1.3019837000e+07 
2.2158501930e+32 
1.3347188542e-05 
-1.1613362187e-26 
1.1489929015e+26 
-9.8334409598e-15 
-2.7739334267e-12 
5.4398922866e-11 
4.8313080000e+07 
1.2175803738e-28 
1.0150473449e-21 
-1.6825922648e-04 
1.3415215605e-08 
3.3811685948e+28 
6.1840106427e+22 
-4.9718202888e-08 
-3.7870524587e-14 
4.0519523500e-12 
-6.8812580890e+15 
-6.4069794803e-08 
-1.6360055542e+02 
1.8093891656e-16 
1.5614518088e+22 
-7.3631277084e+00 
2.1741005778e-01 
4.0137638543e+12 
-9.9040435660e-36 
-5.2153150516e-33 
2.3409593380e+26 
2.7083827921e-21 
6.6488348827e-16 
-2.5944198569e-05 
-6.0837060608e+10 
-2.9302941402e-04 
-4.3458834622e+14 
4.3258061750e+35 
2.5104539236e-04 
9.2754471552e-06 
2.8135273910e-31 
7.6121388578e+35 
-1.0889415790e+15 
7.8482073150e-05 
2.0529475943e+21 
-3.4241411164e-34 
-2.9053236261e-08 
-2.0831075097e+24 
6.8992950000e+06 
-2.4574206169e-22 
1.1739974362e-26 
3.5265272000e+07 
-1.9819103905e-14 
-2.7767434240e+09 
1.4922011697e+25 
-2.8025755346e+19 
-3.6289683640e+18 
-1.7146045306e-19 
3.0458172660e-06 
-7.7630514238e+33 
2.6129268917e-06 
-6.6449854783e-36 
8.7379632604e+24 
7.8841412741e+14 
-5.0973575801e-29 
-7.5698687851e-07 
-4.0324918926e-02 
1.4150090798e-26 
-1.1001967379e+22 
-6.3881274529e-22 
6.9798654789e+36 
-2.8228564770e-04 
7.2038614577e+16 
-7.3643593658e-27 
1.0395638125e+06 
1.7825361176e+24 
7.2381809747e-12 
-1.5170832932e+37 
-8.7377329067e+25 
5.4604156053e+17 
-3.2377858015e+27 
-3.5917565016e-27 
7.5170992372e-22 
-4.1891934858e+21 
-7.3672958123e+24 
-3.1616276881e+38 
-2.0678222312e-29 
-3.5213734375e+04 
-2.8220476883e+13 
-3.7040243149e+00 
-1.0226496696e+01 
4.3187303733e-10 
1.0066329281e-07 
-4.6534101098e+20 
-2.3959671578e-16 
2.2758871598e-19 
2.0630976923e+25 
-3.2464016289e-19 
-9.3406174528e-07 
-1.7579344457e-28 
2.6972015929e-14 
1.3813490861e-36 
-4.6962633987e-33 
-1.9657307330e+24 
3.4091477752e+37 
5.9039029815e+14 
4.1511373894e-08 
-1.4796622672e-35 
-7.3165709047e-09 
9.7263062962e+31 
-8.7919734142e-06 
3.5460655679e-12 
-2.1255952454e+02 
-1.2366517371e+26 
2.0496294888e-14 
9.3907884289e+29 
-1.3441847926e-34 
7.0419513385e-38 
9.8637946880e+10 
-1.9117064774e-01 
3.5588505833e-32 
-2.1980776310e-08 
1.6353162940e-29 
-1.0326176768e+10 
3.8600745631e+34 
2.3839298423e+23 
-1.6547210756e+35 
2.6918336449e-09 
-7.4055990000e+06 
-2.6749689418e+20 
1.5148985920e-26 
1.0845741453e-19 
2.7358919841e-32 
2.6385838330e-30 
-4.2206032235e-14 
1.6003327971e+19 
2.9298035510e+24 
1.5775459546e+17 
7.7374484375e+04 
-2.5403612628e+26 
-9.4621173529e+19 
-3.3201553061e-39 
-7.8237597696e+11 
1.5936318000e+07 
9.4257403844e-30 
-5.2295645751e+22 
8.8094223022e+01 
-1.5813408927e-34 
-1.1091880549e+15 
-4.4856769006e+17 
-3.8170259791e-27 
3.6107153385e-18 
4.4421882839e-10 
9.4702761544e-07 
-2.6843157959e+02 
-2.0901973724e+01 
-3.8696741389e-29 
-1.1241894915e-10 
2.2254860111e-18 
2.7589906685e-33 
8.9360168570e-12 
1.0559063346e-10 
-2.7556635000e+06 
-3.3255229441e+38 
5.8384083344e+25 
-2.3219133727e-03 
-1.6687455663e+22 
-4.4467888009e-36 
5.7378518444e+36 
-1.1948729403e-23 
-1.2636170915e-15 
1.4314145665e-04 
-1.0508081905e-10 
1.3692087001e-18 
1.8695522337e-36 
3.2265196693e-33 
1.0832209986e+27 
-1.5918616805e+33 
1.0974271996e-32 
-2.0302175835e-04 
3.4978937473e+27 
2.1747239748e+14 
1.0229393329e+33 
-2.8709371904e+11 
-4.0294039552e+11 
-1.1098935127e+01 
1.9272689347e-11 
2.6429803848e+01 
2.9450216350e+32 
-4.8638598855e-06 
1.4742577585e+14 
-3.0810972676e-03 
-1.8284948208e-12 
1.8571447546e-29 
6.5150168666e-05 
-1.1712457421e-19 
7.5064346914e+26 
-9.8950076584e+26 
-1.2268093615e+24 
-4.5575283140e+29 
1.5744114065e-17 
-1.4688479071e-16 
9.6905468309e+18 
-5.8547539482e-34 
2.2080601786e+22 
-2.5285837637e-06 
-2.3442995878e-33 
-2.6859148056e-04 
1.2805356026e+01 
1.2779695139e-37 
-1.9864954470e+11 
-1.7473918851e-03 
1.1931704155e-27 
4.8175725621e-25 
9.6035002688e-22 
1.5251241242e-11 
1.2765672960e+09 
3.7242418330e-05 
-1.2058934218e-21 
7.6034740454e-26 
2.2263873148e-20 
6.0332181190e-37 
8.5351187745e-26 
-2.9781545280e-25 
-3.8640466600e-36 
5.8024169100e-30 
-1.2926665738e+19 
8.9533602988e-20 
3.4307968792e-12 
-6.9768006300e+28 
-2.8649902647e-15 
-5.4846534495e+30 
-9.3974575400e-02 
6.1946200409e+31 
-5.2588946856e-15 
-3.0674655663e-36 
4.4116625020e-08 
-4.2739026023e-14 
-2.7489581953e-06 
-7.8428134092e+31 
-9.3717780234e+13 
-1.0713022000e+07 
-4.9292456755e+12 
9.5379258037e-30 
1.2029284800e+08 
1.2777316437e+29 
1.5742161725e-38 
-3.1493012397e-31 
-8.9293418719e-29 
2.3014331306e+26 
3.3284971909e+20 
-2.4063385833e-12 
-2.7522376250e-37 
9.3236055359e-31 
2.3826071167e+02 
8.2322067659e+16 
2.0228932326e-14 
-4.9050665070e+19 
5.0093820319e-03 
6.8431121222e+16 
-2.4094095877e+23 
-2.7713227981e+11 
-6.2192068100e+00 
9.2626034318e-23 
1.5385307906e+13 
-1.7953976543e-26 
5.5375515859e+16 
-1.7858380006e+27 
1.5233349586e-05 
-4.6322061765e+27 
2.2725126144e+10 
1.3237402739e+17 
1.7964452505e-01 
-5.7283351713e+23 
2.5018041893e+13 
-6.7028620060e+30 
1.2555662890e-13 
1.8848259332e+19 
-2.6632928848e+01 
-4.1202511158e-23 
1.1710414090e+16 
7.3362095065e-08 
-2.7190413147e-18 
-1.7642554200e+16 
-1.8400523440e+30 
1.2540520952e-20 
-2.4154523926e+03 
-2.5945126403e+18 
-4.3964470565e-25 
6.2250535393e-07 
-1.0480529471e-33 
-9.9725389894e+23 
-2.1621188354e+02 
5.5307973479e-11 
1.1413914490e+02 
1.6700354481e-37 
-1.4225651788e+34 
1.5813804279e-33 
-8.4786393290e-18 
1.5736598964e-16 
-2.9455353600e+08 
8.1357987540e-38 
-1.9166393139e+11 
2.4390485770e+33 
2.0430896875e+05 
-1.9935129600e+10 
-4.3722933503e+15 
2.2499606528e+11 
1.7499053687e-38 
2.5813915000e+06 
-2.2809526367e+03 
2.3922898095e+30 
-1.6083722663e+16 
3.3324318427e+37 
-1.4309955295e-03 
-1.7604078866e-14 
-7.6531251105e-21 
1.3149179000e-17 
-2.8595341146e-27 
-4.0406812898e+36 
-1.8461008101e-23 
1.9995399724e-18 
-1.7000137890e-24 
1.8009412289e+00 
7.5811809884e-16 
1.8290781064e-35 
-8.2546475804e-22 
1.5442982262e+16 
3.2117452246e-15 
6.2783018238e+13 
8.9361964308e+28 
-9.4026224000e+07 
-1.8879963212e-18 
2.3621731200e+08 
-6.8563201991e-12 
-5.0699388818e+24 
-7.8572207334e-13 
3.9000685345e-26 
2.8661101028e+26 
-4.1897667602e-33 
-5.3347072125e-23 
1.9232473743e+12 
1.2040085602e+02 
-6.2205090155e-34 
1.1635389340e+27 
4.1253309191e-19 
6.2591461705e-23 
3.4935012012e-29 
-3.3955625395e-38 
9.1375366211e+02 
9.2780576768e+10 
2.3692400640e+09 
9.5634766179e-26 
-2.4512079239e+01 
9.5605544299e+20 
-9.2432004501e-15 
-6.7727429485e+16 
6.5692504769e-09 
-4.5051970564e+34 
1.7846050430e-13 
1.9518686770e-24 
6.8566461351e-30 
-8.5194739200e+08 
-4.6202926179e-16 
-4.3046236471e-25 
-1.6593909760e+10 
-1.2813400407e-34 
-9.7374709883e+26 
-1.0946117801e-21 
-1.1024833505e+24 
6.7897644250e-35 
8.3864992728e-10 
3.3345427177e-38 
-1.0524403915e+20 
1.3733935547e+04 
-7.0454182267e+36 
-7.9585696130e-27 
5.1367742188e+04 
-1.4572369989e+27 
9.3210420946e+19 
-3.3864309166e+31 
2.5716670990e+01 
1.3301132493e+11 
-1.1609981954e-01 
3.0030537118e+21 
2.3401323231e-21 
-1.7770871094e+04 
-5.4753920100e-21 
-5.6316586949e-08 
-4.9433295683e-19 
-3.3710189685e-26 
1.5712122639e+25 
-6.9564085553e+35 
-1.7025667542e-09 
-9.0827457607e-02 
1.2814863920e+00 
-7.0943201536e-06 
-1.5208639000e+07 
-5.2757746094e+04 
9.0448179981e-04 
-1.8417195546e-09 
-1.0493490400e+08 
-9.8684943324e-35 
2.0345581208e-19 
2.8720942792e-03 
-1.2108367870e+25 
-6.0988495771e-28 
4.0095354724e-29 
-1.6671387655e-28 
9.1599803361e-38 
1.4623956729e-34 
-1.1878219401e+32 
-1.0165299195e+21 
-2.8676884543e-13 
-1.8164251840e-34 
-4.7985746094e+04 
-5.3307959840e-33 
1.6836871754e+15 
-1.0356400115e+14 
2.0866975334e+11 
-4.2440429837e-08 
-5.1569412067e-19 
-3.8565193273e-22 
1.8030627718e-13 
-2.7886972000e+07 
-1.0784140612e+18 
-7.5860528564e+02 
-1.9858469120e+09 
1.8554130764e-24 
1.7546587013e-12 
-3.1497811657e+13 
-2.8864795762e-19 
6.7353915000e+06 
-7.8745499596e+34 
1.7957313625e+20 
-1.1704449496e-14 
1.1311687364e-32 
-3.0692221447e-30 
-2.6309475427e+31 
1.4956900000e+05 
1.6520256000e+07 
-1.3696824787e+38 
2.1962498697e+27 
-2.3759887695e+01 
-5.4800250000e+04 
1.5719309449e-03 
-5.7996562385e+31 
-2.0615842819e+01 
-4.4809873216e-03 
3.8409136542e-19 
-1.6647133389e-36 
-1.6682891493e+27 
3.7389852118e-21 
2.9804211863e-06 
4.3495974502e+11 
-1.2083587815e+28 
2.3820602417e+02 
5.8189201355e+01 
-4.2525060811e+18 
-1.0755450890e+21 
1.1728393045e+24 
-4.9456025177e-22 
4.5959746094e+04 
-3.0345242668e-32 
6.4381423105e-30 
2.2060262275e-35 
4.2646236420e+01 
-1.3636144974e-33 
-1.8339737421e+22 
7.2026688536e+23 
7.0915119461e-25 
3.2677336240e+34 
-5.5647662080e+10 
6.0428582248e+34 
-1.0014209031e-29 
7.6518643215e-23 
-4.1939708621e+27 
8.4130781404e+34 
-1.3537916743e-07 
-7.4534626350e-29 
-2.7398855754e-11 
9.8887973365e-08 
-9.1507728850e+21 
-2.0852783182e-17 
-1.2755948120e-34 
1.3421046381e-24 
-9.8606564024e-33 
1.2849864318e-37 
4.5473515361e-13 
-3.5577043068e-23 
1.0206774359e+15 
1.7184382000e+07 
-5.9107903716e-37 
1.4115721130e+02 
-3.1574596875e+05 
-2.9935983475e-03 
-2.5534185625e-05 
9.8224886518e-34 
2.2210587536e-10 
-2.9603575240e-04 
-1.2734157985e+17 
7.8950492188e+04 
-8.2927697695e+25 
-6.2200100733e-33 
-3.7988458644e-04 
-6.3761029878e-07 
-4.4044587422e-10 
1.7348945503e+22 
-5.5578246094e+04 
3.2615613321e-08 
-2.3720181119e-33 
-1.0404883920e-29 
1.8478093580e-06 
-4.3004657585e-22 
5.2671173762e-05 
4.5071422150e-09 
-2.1537673570e+20 
1.1311563200e+08 
-2.4473415620e-23 
-1.5745099366e+11 
3.4273827664e-16 
4.6347549869e-06 
9.1045517792e-09 
2.9572049554e-27 
1.4660896875e+05 
-1.5759194291e-19 
5.4582641460e-03 
1.8061811829e+02 
-3.6338204987e+14 
2.9700872049e+25 
9.6420698531e-17 
1.2819735030e+23 
-2.7880703578e-25 
1.7038797673e-12 
-3.5202923584e+02 
8.9316995098e-14 
9.3776274905e-17 
-4.0266132048e-30 
-5.3998199505e+13 
3.3868904137e+15 
-1.1436591426e-30 
-1.7677685050e-37 
-1.3135038054e+11 
4.1031454399e+26 
-3.0174993724e+24 
-2.4612732000e+07 
7.0209441694e-33 
-5.7181063452e-17 
-2.3348377551e+13 
3.2010789716e+13 
5.6060318692e+35 
3.1843681930e+19 
3.0614931200e+08 
-4.6440116224e+10 
-5.3435252750e-11 
-2.0268285677e+17 
1.5349317954e-12 
1.7169432417e-27 
4.6711345982e-28 
2.6299299359e+25 
6.2226530417e-07 
1.3947172872e+31 
-1.6936664983e+14 
3.9299910394e-24 
            nan 
2.4341563927e+33 
-1.1598032620e+17 
-8.0698793750e+05 
-8.1548206508e-02 
-1.5889202690e-32 
-4.8486550130e-37 
-1.9350696875e+05 
5.1663884780e+13 
-5.0853397773e-29 
1.9722205956e-17 
-1.2116414000e+07 
4.3969710825e+26 
3.5885968887e-24 
-4.0676471152e+18 
2.5165762351e-25 
3.8410788319e-19 
2.0438000337e+13 
5.7260742188e+04 
-6.6025398469e-23 
-5.9271139672e+17 
-1.7667335924e-03 
-2.4811700357e+30 
1.1295935547e+04 
2.5514142882e-11 
-4.3528544201e+23 
-1.1067613178e+16 
3.4961361584e-10 
5.9957234928e+17 
3.9393487232e-27 
-3.1732457534e-37 
5.0806516000e+07 
-8.1783581250e+05 
-7.2677043499e-04 
-1.5303970456e+29 
1.3512369085e-37 
1.7355971585e-37 
5.5075089454e-12 
-6.0950797051e-03 
-1.4745978050e-10 
2.2448188121e+21 
-4.9341616808e+36 
-1.1472361231e-22 
9.5508394241e+00 
1.9182009040e-17 
-3.5239377850e-19 
-4.2375224837e-22 
-2.7809420414e-21 
-2.2778463073e+14 
8.7820354383e-04 
2.0325218160e-24 
-1.7913892269e+00 
-8.4755546112e+11 
-9.7511310098e+13 
-3.2298879660e-07 
1.1246250044e+32 
4.4578193581e-08 
2.6310665131e+01 
-2.3086798016e-35 
1.6564083099e+01 
-6.2454155124e-37 
-5.1623639976e-31 
-2.7289526194e-09 
-3.9958039976e+24 
-4.1777296980e-33 
9.7265553244e+12 
-7.7953688968e-14 
4.3295862096e-29 
-9.1212392264e+17 
5.8890356757e+22 
-8.1768057396e+22 
-8.4076119937e-35 
2.6061296875e+05 
4.4583856062e+27 
6.0536242188e+04 
-2.0684357733e-02 
8.4511560238e-34 
5.4440787062e-03 
6.3032061348e-08 
-2.8674889432e-22 
-1.4960075135e-20 
-2.0725838089e-26 
-3.1022951458e+22 
-1.7276504862e-16 
8.3905573866e+22 
-4.2011230042e+30 
-6.1910776163e+29 
2.2468850141e-27 
-1.3270449126e-03 
1.1865780830e+01 
3.0623031379e-31 
-4.5968425817e+29 
-3.0440068034e-31 
-4.6386402423e+23 
-1.4766171455e+01 
-2.7488451200e+08 
1.4824913901e+36 
1.2652080911e+37 
-1.1294044531e+05 
-3.4840306594e-36 
7.2728588738e-20 
-6.3117489028e-27 
1.9828603332e+30 
4.8012183261e-16 
-1.0006885239e+15 
-3.2539297923e-09 
-1.3281497272e-29 
8.2440621868e+20 
6.2083062696e-30 
-3.4172769217e+24 
3.0201804086e+20 
-2.8043188674e+21 
5.1296298829e-23 
-9.4646401827e-10 
1.7905675245e+26 
-9.6454348088e-36 
-9.0984355469e+03 
1.0997006063e+18 
-1.2612467968e-14 
9.4478674365e+27 
1.1702551725e+34 
1.3442270405e+38 
1.0901211785e+25 
-1.7828058390e-06 
2.0818688790e-04 
-2.4823274678e+20 
-1.3066524791e-36 
3.3029233836e+13 
1.1352061440e+09 
7.2908332149e-11 
-9.1375249683e-30 
-4.6003860443e-11 
4.3064642334e+02 
-1.9683925541e-35 
-2.2940252035e+23 
-2.8768613956e+24 
2.4990585979e+14 
6.5769545740e+23 
-2.6761088867e+03 
1.6328046446e+36 
8.7603426507e+31 
-1.1943488158e+20 
1.7543203285e-05 
-1.3514084276e-03 
2.5513111665e+23 
3.5010828972e+00 
1.6031808710e-27 
1.5139230515e+11 
-6.9041249641e+22 
2.6424365857e-37 
-1.1273310096e-35 
5.5294741665e+28 
-4.7703985000e+06 
-8.3555966585e-30 
4.0864884326e+11 
-1.0404918343e-01 
-1.4761539530e+15 
-2.7330767857e-12 
-8.2562762500e+05 
1.1113288162e-31 
-2.1797373215e+12 
-1.0492950114e+36 
2.7313441140e-31 
6.3853090885e+15 
-2.3630732670e-02 
1.7974761963e+03 
4.8583238281e+04 
-1.0086512230e+11 
-1.0009800692e+24 
1.4871666263e-36 
            nan 
1.6384260869e-17 
3.5589100424e-16 
6.0252902695e+26 
5.6674493386e-14 
2.7771226291e-11 
1.8540575767e-23 
8.5684573650e-01 
3.5119604697e+21 
-7.5839872576e-12 
-3.2694908000e+07 
6.3010742888e-03 
-2.6594030649e+13 
2.3232828469e+20 
4.9636257048e-21 
-4.2891300524e-15 
3.1386732814e+29 
-1.6058423519e+00 
-9.2718382803e-06 
-1.3284882320e-30 
-1.4153414892e+33 
2.9045182003e-22 
3.6119190971e-10 
-1.2848203659e+01 
-8.1650883665e+36 
7.6140201910e-17 
1.6695430756e+01 
7.5501781227e+18 
2.3671277386e+15 
1.2597410687e-15 
2.6177682552e-24 
7.1891307849e+34 
-5.8417183982e+13 
1.2255043388e-36 
-1.6121947665e+22 
-1.5051932682e-13 
4.0036512563e+11 
-3.2808089030e-15 
2.1005438331e-35 
6.9974081536e+10 
-1.1414695740e+02 
-1.0900700684e+03 
9.7703193922e+36 
7.5517604614e-08 
-1.7423635310e+20 
4.2514441801e-16 
8.8268684964e+25 
-1.0005780289e+21 
1.0614728742e+22 
-9.1194646025e-32 
-2.3939441492e+20 
-1.1110392177e-25 
2.5532893050e-22 
-1.1953828864e+10 
3.2148501529e+28 
-7.0726599423e-28 
-4.4110014142e-18 
-2.6712868813e+28 
-1.0124978272e-19 
6.3812677809e-07 
-1.5805119437e-26 
1.9932900557e+11 
-9.4056136642e-30 
-2.3555599821e+25 
1.3828351498e+00 
-3.1261247396e-01 
-5.3700557095e-18 
-2.0039712467e-07 
1.3419952783e-22 
-4.6409742188e+04 
1.6918331146e+01 
2.5183745833e-29 
-1.7197172506e+21 
-2.6057008000e+08 
-5.5003493080e-12 
4.7592184000e+07 
-2.1979554930e-23 
-5.1149885657e+29 
-2.9291978620e-08 
1.7267572829e+19 
-7.1003368545e+17 
2.1876060979e+12 
-9.9911075085e-03 
1.1875523111e-23 
-4.2972856032e-16 
-5.7899532645e+33 
3.4015428010e-27 
2.4511177600e+08 
-5.3935458530e-12 
-1.8221794434e+03 
-1.4518488841e-26 
-5.9357875587e-30 
3.8908470290e+34 
1.8688807159e+16 
-4.7692189592e+17 
-2.6158235590e-16 
4.0588836274e-14 
-2.2991465502e-12 
-1.2142023360e-22 
-5.3858171950e-22 
-1.2034052599e-23 
1.0418966404e-18 
-6.4792927679e-16 
-2.9148518810e+11 
2.1062574349e+22 
-2.4030884168e-29 
7.6803172327e-25 
-5.7471220951e-27 
-8.5634384636e-35 
-4.3261759736e-32 
5.2646472168e+02 
1.0461725327e+12 
3.3730299381e+22 
-1.5043676171e-07 
4.8747386336e-12 
3.9148515463e-01 
-6.4453639908e-13 
1.8285317704e-09 
-1.7952544149e-03 
2.9851554021e-37 
-1.5059648164e-18 
-8.6749456722e+28 
3.6341809562e-08 
-2.7645111089e-08 
4.3333563689e-17 
-9.6854280855e-05 
1.8954860942e+20 
-1.0055247913e+15 
-3.1501445192e+18 
1.3445312500e+04 
2.8085376000e+07 
-2.1696928889e-04 
2.4950900000e+05 
-1.7263190877e-11 
-8.1198955310e-16 
-4.5295169830e+01 
-5.4302554144e+31 
2.5288616939e+36 
-9.3069186663e-34 
3.0236846646e-22 
1.0683860669e+15 
5.1994442947e+26 
2.8337859703e-07 
3.8688893940e-14 
-5.3367746584e-34 
1.7815356948e-18 
5.9551935215e+29 
-4.4794674308e+27 
3.2887302668e+25 
6.4365367747e+33 
4.5640858690e-19 
4.2758042163e-26 
1.0681396800e+08 
7.0540729802e+24 
2.0776782980e-28 
-2.4148089533e+22 
3.2542021967e+34 
2.7784203974e-13 
2.8303950040e-16 
4.8252493330e-30 
1.6770445654e-07 
-3.3587589824e+29 
-6.7435765760e+10 
-9.6952674927e-17 
2.1880885373e+15 
-5.0920830053e-11 
1.5662804862e+15 
-3.4265311159e+27 
9.7162818750e+05 
7.5046189455e-29 
7.1631523141e-14 
1.2010595060e-27 
-2.3203512187e-29 
-4.8733664313e+13 
2.0510492319e+33 
-8.4673143992e-18 
5.2330097720e-12 
3.8730608037e+24 
-4.4606469397e-14 
-1.1795422204e+19 
-1.1492928639e-30 
3.3286833873e+27 
9.1698606069e-19 
-1.3779164851e-01 
-4.8876533931e-09 
4.1610643967e-13 
8.9933793152e-32 
2.1305715586e+24 
4.3490712240e-33 
-1.2632830143e+00 
2.6844072280e-35 
5.1896676751e-32 
-8.9456515625e+04 
-2.4427160518e+32 
2.0288082500e+06 
1.8126628906e+04 
2.5301367842e+19 
7.9534006119e+00 
1.4003211469e+11 
2.0036686199e-10 
6.3149516800e+09 
1.6519296320e+21 
4.3024674332e-15 
7.0977822862e-34 
5.1675030128e-34 
3.4376360819e+32 
1.4047830815e-29 
-1.2319992740e+36 
-3.2513608933e+28 
-3.2980147896e+12 
-2.3045901157e+16 
6.4623407831e+36 
2.4820542529e-30 
1.4271454904e+12 
6.1383794767e-16 
1.6854564210e-25 
6.0874320376e+27 
-6.4889915000e+06 
1.7629086256e+16 
1.0046717600e+08 
2.6334629925e+29 
-8.3749435926e-21 
9.3491948405e-08 
2.1507754819e-36 
-2.4632080076e-26 
-3.0706592556e+38 
-1.4332258926e+36 
-5.4417520318e+24 
-6.9256858749e+16 
5.8401787367e-34 
4.3094647723e-14 
-4.5932255117e+13 
1.2407445163e-01 
1.0678631424e+10 
-3.9461963073e+23 
-3.7412746094e+04 
9.2465830264e-27 
5.4528516525e+17 
9.8197850148e-34 
-5.4067070596e-03 
-4.2313146764e-07 
7.2459366285e-10 
3.8373508177e+31 
-1.6483532634e-32 
2.6498942000e+07 
-7.6410211606e+15 
1.3197164715e-11 
1.8659590558e+18 
7.4627455728e-38 
-2.4138911690e-16 
-5.0990076800e+08 
4.6774717633e+34 
-3.3019686581e+19 
6.8043192032e-34 
-4.5020591104e-18 
-6.2438168413e-08 
-2.2857078347e+26 
1.1879448702e+15 
-6.0744985600e+09 
2.9461309590e-30 
3.2785320180e+18 
-9.9894317233e-22 
6.2598906229e+32 
-1.7029147198e-28 
-5.3978525303e-24 
-1.2298521042e+01 
-4.0544243166e-16 
-8.4726453856e+31 
-1.9490036762e-22 
-3.8408889649e+27 
            nan 
-1.0948744683e+21 
-8.2425223466e-23 
-3.9632607642e+13 
2.5405758667e+02 
-1.2124495550e+29 
1.0210885089e-11 
6.3699110894e+34 
7.0113749639e+28 
1.3023676190e-30 
9.6028522023e-08 
-7.9299581250e+05 
-6.2505727509e+19 
2.8409193998e-29 
-1.5763552081e-15 
-2.0139447021e-28 
-1.1661361600e+08 
2.2875654149e-10 
1.1201109553e-20 
-3.0474384403e-05 
9.5923801600e+08 
-2.1216859269e+16 
4.1199636316e+12 
1.5928419733e+14 
2.5343228410e+32 
1.5174294357e-31 
-4.2060915545e+21 
1.3292394610e-32 
-5.6210223186e+23 
1.8486657950e-26 
-7.2070775286e-32 
-3.1057476234e-35 
-1.1323704469e+17 
-7.0178875000e+06 
-2.6204730880e+09 
-2.9717703630e+19 
-1.4392775297e+00 
2.0640847972e-12 
1.5336438227e-32 
4.2359319463e-18 
-2.0413629700e+33 
1.8522671648e+34 
4.8228199587e+19 
4.9671387387e-05 
-2.0388878746e+13 
-2.1175131013e+23 
2.7671018600e+01 
5.2853923317e-27 
-5.9322807617e+03 
1.0122902694e-07 
-3.7905960380e-13 
-1.8134086304e-06 
-5.2851606514e-30 
-2.8590677823e+19 
-1.4398985863e+01 
3.3093990326e+01 
-1.0482296593e-17 
-7.5312749294e+28 
-6.0318933063e+31 
5.8870375271e+20 
6.9495782575e+31 
-1.3981832890e-03 
-1.2510383941e+38 
6.8865307617e+03 
4.9175340551e-15 
-1.2503893569e+38 
-6.6973540288e+33 
6.0103197763e-21 
-2.9025215603e-38 
6.8231482701e-23 
1.4906405460e-37 
7.2485720136e+14 
1.3220671018e-20 
1.4960698438e-28 
3.5136993750e+05 
7.9781559741e-19 
-1.0831506749e+19 
4.6632242188e+04 
-1.0133440611e+16 
-1.3143703200e+08 
-3.8155390625e+05 
3.2368286676e+32 
1.5163125746e-13 
9.4784836718e-14 
-1.5686390853e-08 
-1.7751683026e-36 
-1.6908096016e+22 
-1.3202185547e+04 
4.9182258949e+26 
-1.8960756715e-03 
2.9587131325e+38 
-1.4844440739e-04 
-4.9178672619e+16 
1.5964479194e-20 
1.5711581729e-34 
1.0795578359e+33 
2.9642949206e-10 
1.9343205293e+35 
2.0434833380e-22 
1.4548895157e-30 
3.9606948247e+34 
-2.2527604163e+12 
-3.1570196875e+05 
-5.9042595701e-16 
-1.4970607520e+37 
1.0576598167e+01 
5.2227522862e+24 
-3.6929665725e-07 
2.8014936202e-30 
6.4156184196e+00 
-1.3570474191e+27 
1.0649750985e+22 
8.5515371573e-35 
-1.5638436523e+04 
2.5802451812e-33 
-1.6501412105e-21 
-6.2207721046e+32 
7.8505458972e-26 
2.2110747996e+15 
1.2767696379e+34 
1.2960675561e-27 
7.7895442436e+16 
1.3460580800e+08 
7.3770529500e-23 
-3.3811037500e+06 
-2.6164504072e-33 
-3.3440377808e-24 
-3.9858574661e-26 
-5.9771488381e+19 
9.3363637924e+00 
6.0277044642e+37 
4.6345994777e-31 
5.1049746094e+04 
2.4285733700e+00 
-8.1538656035e-12 
-6.0521443328e+10 
2.6578840000e+08 
-3.4633753687e-30 
-5.4734642247e-14 
-7.8287627711e+15 
-1.2704039136e-06 
-5.8694942390e+32 
-2.6120755971e+38 
-7.6201955729e+18 
1.4554237577e+27 
6.0334133827e-20 
1.9068607461e+32 
-1.9767551518e-34 
6.8000935936e+10 
-4.7620683806e-32 
9.4507007856e-27 
-9.2819521536e+11 
-1.2862695934e-12 
8.8866818028e+21 
5.2869906360e-34 
-2.0469597256e-15 
-1.7415997030e-12 
4.8105600449e-13 
-6.8223417540e-32 
-1.0644120000e+08 
2.6663452151e+36 
-3.1960463259e+20 
-2.0715248961e-10 
-2.5906401367e+03 
-1.1118922010e-21 
-4.0347517676e-24 
-1.5709809353e-28 
-1.2445393261e-14 
-4.9887454225e-05 
8.0445894690e+18 
-6.7463540736e+10 
5.3293883589e+14 
1.1301897641e-30 
-3.2855852214e+14 
-1.1343572972e-13 
-4.9884415271e-21 
5.6539580861e-31 
1.9331793513e+32 
2.5655512582e-04 
4.7031224705e+26 
1.5810312322e-27 
-2.8700889278e-20 
-5.5336926152e-07 
3.2708734000e+07 
1.8067918750e+06 
2.5167629296e-19 
-8.0925193750e+05 
-1.2888266045e+35 
-2.3676302290e-27 
8.4563330596e-19 
-4.1221666324e+32 
-1.4807881431e+36 
1.6572452869e+22 
-1.1879930878e+02 
9.6142406713e+14 
-3.0526293410e-33 
-1.7221274305e+13 
5.6692412698e+37 
1.5533778676e+15 
1.4552293680e+32 
-8.5601108889e+18 
1.0617396759e+35 
1.3514977056e+31 
2.6786795615e+26 
-1.2465993102e-14 
-4.6386594018e-25 
-6.0371356955e-20 
-9.7274360000e+07 
-7.3317120799e-26 
-2.2251268005e+02 
-3.6760996875e+05 
2.7679345832e+33 
-1.3887179200e+08 
-7.2071375192e-28 
7.2634085219e-34 
-1.4256679907e+29 
-5.0908230539e-13 
-2.7955486010e+37 
4.8104856978e-04 
9.5446121122e-05 
2.1926098438e+05 
8.3700862907e-10 
1.7144357494e-13 
2.4562892187e-36 
-2.1160621006e-20 
1.2293014758e+36 
-6.3674738631e-03 
6.8594108989e+13 
-7.6599052734e+03 
-2.7487756006e-22 
1.6298603520e+10 
1.7946949463e+03 
-9.9500503710e-17 
-5.4741564219e+22 
-3.6445408087e+24 
5.1768350776e-36 
7.6704775627e+23 
-5.1019297587e+11 
6.0829996480e+29 
-4.9060482541e+31 
-9.5004434875e-11 
1.1570661673e+23 
1.6321936300e-06 
5.5398785876e+26 
1.7869148869e-11 
-1.0840209619e-08 
-1.3782539800e-14 
-2.2553872415e+31 
-8.3039949109e+17 
-1.8010271083e+36 
1.3006551890e-03 
-1.3115183928e-37 
1.3027275345e+32 
-6.1076010028e-28 
-7.3209106382e-31 
-7.3223121014e+28 
-4.2578210816e+10 
-1.2690545654e+03 
6.5487182617e+03 
-1.2634355629e+35 
-3.8030374400e+09 
1.2656883686e+32 
3.0221262363e+19 
2.2055513911e+16 
1.0406249901e+25 
2.3460534443e+35 
6.3044109262e-30 
1.7950963712e+10 
5.9725122655e+15 
9.0223287184e+37 
6.4747641491e+29 
-2.7886477765e-03 
-1.1775027193e-16 
-2.1509333684e+22 
6.6923133121e+18 
-1.4615261655e+24 
-2.8544712343e+21 
2.0478571241e-04 
-1.1647423000e+07 
8.4204039724e+36 
6.6208023881e+29 
1.6993542856e+38 
2.3315738796e-37 
-1.0245369833e-25 
-6.4909127910e-30 
4.7184885317e+20 
7.5846478271e+02 
1.4806925319e-02 
-2.5709116576e-30 
-2.9730675742e-02 
-1.5995112594e+37 
1.7159788797e+34 
-4.3076284416e+10 
-3.0383017763e-38 
-1.8842699427e+22 
-5.5984254926e-02 
-2.5107422408e+28 
-6.3671365632e+10 
-6.5339653989e-14 
-1.6474940560e+34 
3.3469829130e-09 
-6.0769009698e+37 
-1.7713886090e+16 
1.9352075758e+38 
-8.0028387500e+05 
1.0303866678e+30 
2.0956147766e+02 
-2.2040787063e+34 
-4.4217619579e-33 
7.7792727947e-01 
2.4914046013e-35 
4.7098054610e-33 
-4.1698686779e-02 
-2.5430903043e-12 
-2.3832983040e+09 
2.2928623047e+04 
-3.0894928908e-38 
5.6233292587e+34 
2.4283643025e-20 
-1.8666718965e-24 
-6.6404109001e+00 
-2.5904019605e-23 
-6.3035983304e-31 
2.2550534885e+20 
-1.1616804841e-04 
3.0414578915e+00 
1.0212243149e+36 
2.9452414000e+07 
5.8523684913e-19 
-5.7101947021e+02 
2.1959226163e+13 
9.4315495517e-05 
-2.4633142444e+34 
-2.5226695575e-29 
-7.1186519946e-33 
1.3741398019e-09 
-2.9384335889e+33 
3.7912483984e+25 
-1.2070828800e+09 
-1.8771436737e-26 
-8.2382650338e+19 
1.1054047624e-13 
5.9107321600e+08 
-1.4393826904e+03 
3.3481685638e+01 
2.0576070281e+15 
8.0131041703e+34 
6.2273887164e+36 
-7.8484782692e-13 
1.2622348396e-15 
5.6843562126e+00 
8.1465993750e+05 
-9.4950149787e-07 
8.0347259521e+02 
-1.0923429591e-36 
-1.3417668669e-12 
7.5554823036e+34 
-1.6546529316e-29 
-3.5846339270e+29 
-2.1936444100e-03 
1.7904209381e-04 
1.0328121342e-25 
-2.6058475110e+11 
-2.2666090802e-16 
3.4944023035e+15 
-4.3066131635e-27 
-2.9324363118e-37 
6.7646495998e-02 
2.0301198500e-09 
7.7692381270e-25 
-1.8247205943e-16 
-1.5954426240e-23 
1.1493590869e+21 
2.7400468480e+10 
-7.4129974101e-35 
-2.0733224200e+28 
5.2517350146e+14 
-4.6713927984e+18 
1.1084959708e-17 
-1.4882499465e+37 
5.3494642316e-07 
1.6389720142e-02 
1.1750204569e+21 
-3.5979000000e+07 
-7.4171532347e-25 
3.7212966042e-09 
3.9577676800e+09 
8.3371098469e-08 
5.5837894400e+08 
-9.7301048344e+26 
2.8629847025e-15 
-2.0705891961e+23 
-4.6460889476e-30 
-2.2684331143e+37 
-2.4043023616e+24 
-6.7048253683e+34 
1.4722495000e+07 
-3.3275088732e+12 
-8.0694051342e+21 
-2.3020036891e-30 
1.0425918334e+36 
-1.5137898438e+05 
5.3895347501e+33 
-9.1210899456e+10 
2.1043148506e-13 
-3.3087110882e+25 
-1.2552628615e+17 
-1.0223769600e+08 
6.1898999381e-15 
1.1866502232e+23 
4.3459399679e+15 
6.0848539405e-27 
-5.2711197945e-31 
5.2681836447e-34 
-4.9166200000e+05 
1.5202462673e-02 
-4.2577268372e+17 
6.0755908489e-03 
4.1451712605e-06 
1.1852453884e+34 
3.1455274438e-06 
3.5076960000e+06 
3.5667181015e-02 
2.4995434054e-16 
-1.0385356800e+08 
-2.9440698002e-31 
1.2224063677e+33 
2.6783595786e-08 
1.2330403344e-22 
4.3962587159e-25 
-1.5637623603e+12 
2.1173489482e+29 
-4.5905380480e+36 
-3.7111034020e+12 
1.5891693568e+11 
4.6841746094e+04 
-3.0819194379e+25 
2.0473045654e+03 
-1.9216831184e-29 
-8.9229917827e+35 
8.0619380253e+20 
9.1180120781e+33 
-3.3525333243e+21 
-5.4343948567e+13 
-2.8092497937e-20 
2.4046754506e-16 
5.2851645454e+35 
-1.4573100457e+35 
2.0919168792e-25 
-4.5535625807e-19 
6.3629247985e-22 
5.3696097893e-05 
2.5633939640e+23 
2.0678906765e-07 
-2.2688592338e-08 
-8.1388035967e+17 
3.0104882171e-05 
-1.6453307597e+11 
-1.6606124491e+25 
1.5214304440e-03 
-3.3607710147e+13 
6.8421346366e-10 
2.0863377692e-09 
1.7262096875e+05 
-1.7732403455e-34 
4.5745406242e-21 
-1.4916150570e+00 
-4.1404992061e+12 
-1.2646798800e+14 
-1.6165701904e+03 
6.0467825084e-18 
-5.2995047586e+18 
-1.2946753653e+24 
3.3629356039e-05 
5.7176406826e-35 
4.9395849928e-03 
-1.9808515939e-21 
9.1733105469e+03 
-8.3859064276e-38 
-3.2671101538e+17 
6.4894973583e+31 
-5.8220617716e-30 
2.8036342034e-36 
-1.2296483154e+03 
-6.8901476321e-13 
3.2832908630e-01 
-1.6399744217e-22 
-1.0673125793e+21 
-5.1007443468e-37 
2.7992037572e-31 
2.6217168056e-33 
6.1304855347e-01 
1.2290150781e+05 
-1.4524825584e-28 
1.6805543705e+21 
-7.5343381458e+17 
-5.8281914715e+37 
-2.8489561865e+35 
2.4315389542e+12 
-1.9376595272e+12 
-5.4376078278e-18 
6.5835211512e-31 
1.8134311763e-27 
4.8281223469e-32 
-2.1131293330e-12 
-1.2528336421e-14 
1.1963750781e+05 
4.4481533040e-11 
-2.6841658499e+15 
-4.4928753906e+04 
5.2060080151e+26 
1.1864748868e-18 
3.2016588800e+08 
-9.3066171617e+18 
-8.7944604673e+19 
-3.2765511680e+10 
3.2519842500e+06 
-5.0681823183e-08 
1.0154414673e+03 
7.7471163232e+17 
-6.4403584474e-06 
-2.4564995256e-37 
6.4639508650e-33 
-7.9190650198e+37 
1.4106548818e-08 
-1.8516244856e-26 
-3.3892257812e+04 
1.6513502877e-16 
-3.3959541845e-09 
-1.7067037459e+30 
2.9873068463e-09 
-1.6785349143e-29 
-1.4230316502e-34 
-5.9429501056e+36 
4.6997183084e+27 
-8.1914018665e-05 
-2.4906255713e-38 
2.2688771784e-01 
9.1481106844e-24 
2.6722804820e+38 
5.6955936418e+23 
-1.2033710157e-35 
-2.9922916550e-25 
5.8057877519e+19 
1.3555747103e-07 
4.0112337802e-33 
-3.0775553800e+17 
2.0456173096e+03 
7.6008532937e-22 
-2.4119458601e-12 
-1.8235886947e+21 
7.0226609652e-35 
3.2951461404e-30 
-1.0326621621e-27 
-4.8059315021e+15 
-4.0276036925e-27 
-1.6644777732e-19 
-3.2198299432e+14 
3.7273392312e+37 
-1.8727159040e+09 
6.1301631413e-18 
-7.7624419480e-36 
-1.9103129849e-38 
1.4290315683e+20 
2.7213269744e-30 
1.9330619816e+24 
7.1097200000e+05 
1.5276400000e+06 
2.5790142014e+26 
-2.3655388759e-08 
9.1313668096e+10 
-7.0518174438e-36 
9.3589548395e-35 
-8.3854505279e+14 
4.8520835260e+25 
1.1207657388e-13 
-1.1693366110e+36 
-1.0283639375e+06 
-1.3764019041e-17 
8.6663368786e-29 
6.8002203082e+31 
-1.5036471281e-14 
1.1250902953e-35 
-4.0718725585e-30 
1.1528919637e-01 
8.7674106908e-06 
-1.3894435547e+04 
-1.2311314046e-01 
5.5413359420e+21 
-1.0287689722e+23 
-6.5692387500e+05 
6.3380807207e-35 
-6.5302494587e-29 
-1.1281650767e+21 
-1.5327084339e+19 
1.2765374000e+07 
3.2445944825e+22 
2.4294162237e-09 
-5.6209946854e-30 
-7.7865610240e+09 
1.0929060798e-13 
2.7577730342e-38 
1.2770820350e+31 
-6.8465043200e+08 
1.3016626400e+08 
6.7966446905e-29 
1.8820955764e-33 
-9.8873370262e+20 
9.4631253449e-27 
3.5124535724e+34 
4.2943825642e+31 
-3.6883718622e-06 
-4.0798604347e-36 
-4.0941094794e+20 
-1.9000005906e+28 
1.7415122555e-21 
2.6314252124e-24 
-1.3159691356e-02 
9.2756808954e-06 
-3.4279833600e+11 
2.5219717870e-08 
1.2497090948e-33 
7.6644381084e+28 
1.3337791942e+26 
-6.1003349506e-27 
2.3762581870e-02 
6.1692427537e+31 
-1.1698324508e+21 
-1.1521110662e+30 
-2.9709634495e-23 
-8.3914736271e-10 
7.9437060060e+31 
6.2250271278e-25 
2.0820858185e-20 
2.4328311734e-32 
-6.6307587860e-18 
-5.2359682617e+03 
2.9133409249e+27 
-1.1877714656e-02 
-2.3019616890e+32 
5.9861246213e+35 
-5.2518540627e-08 
2.2313899143e+16 
-1.0493656509e+29 
7.6016814107e+25 
-1.8867026920e-36 
-6.4187103271e+02 
-7.6947430926e-17 
1.4012839570e+29 
-4.7581202085e+20 
1.3091693528e-11 
5.8492582866e-06 
7.4294540370e+12 
-2.1621258603e-11 
-3.7706077500e+06 
-1.2675133440e+11 
-2.3671964178e-30 
3.1308276407e-30 
-9.7152823980e-12 
-7.5080606621e-04 
1.2899658251e+25 
-4.3385088318e-37 
1.8835289600e+09 
6.1148073087e-20 
3.5093595000e+06 
-4.6119312095e+18 
2.6690832136e+37 
-2.5093369141e+04 
-5.0046553015e-27 
5.6064743996e+00 
-3.6894085877e-12 
3.4645064595e-09 
3.1827188811e-24 
-4.3129877418e+18 
-2.0945645264e+33 
1.4398995971e+16 
-1.6224764390e+28 
-5.3991994858e+00 
2.6198896875e+05 
2.2957337323e+25 
2.0247955640e-21 
2.5759882983e-14 
-2.0706522563e+12 
3.4928400368e-33 
-1.2400491809e+20 
-3.7396620902e+11 
5.3294861281e+31 
-2.5202806508e-09 
7.7185567088e+21 
2.7455406661e-17 
3.1706052810e-25 
6.9764929383e+26 
-1.0892718341e-13 
7.3871126854e+37 
-4.0047729172e+18 
-1.4281184811e+32 
4.1743699400e-22 
3.8706689058e-27 
            nan 
-9.9346641491e-07 
-9.2955506597e-17 
7.1692076652e-23 
2.0072081657e+32 
-4.5738771106e+25 
2.0410992008e-08 
-7.7225919341e+21 
            nan 
-1.5809141008e-18 
-3.5857085563e+31 
7.6147234406e+31 
-1.6990188813e-26 
2.0699951229e-22 
-2.6599748740e-20 
2.6836999864e+12 
-5.5844857041e+20 
-2.4388498438e+05 
-5.0703580491e-03 
9.1797851206e+37 
-1.9362247764e+14 
-6.0871873677e-14 
-3.5029796875e+05 
1.1597836452e+12 
1.0158498256e+15 
5.8700252541e-39 
-4.7872940486e-33 
-5.5988655487e-27 
5.8566710000e+06 
-2.9844258517e+18 
1.9157706891e+37 
2.9075063523e-18 
1.4715959891e+22 
1.6772961920e-37 
6.8059056614e-34 
-1.6963280645e+29 
-5.8854528362e-08 
2.6454694474e-16 
3.0981466864e-34 
-4.6826729178e-01 
-6.3967352315e-38 
1.2625147656e+05 
5.1725857020e-07 
-1.1589041194e-29 
-6.0871557561e+37 
-1.0147404035e+25 
3.5426088867e+03 
-9.7716272373e+19 
-5.7050466537e+00 
5.3270269746e+23 
-3.9150679526e-22 
-4.1962339159e-10 
1.5285387264e+33 
-7.2578639139e-27 
5.1950898369e-25 
3.5404445715e+28 
1.1635935547e+04 
-3.3654374171e+18 
6.5511258072e-06 
1.6227457216e+31 
4.3191990000e+06 
2.7697105926e+16 
4.7635447439e+34 
2.9546619447e-31 
1.6933515072e+00 
8.6021358925e-08 
6.6990475575e+13 
3.0664013694e+38 
-6.3814097088e-32 
-2.7986993750e+05 
-3.0828376068e+30 
3.6857649562e+11 
-3.8037687211e-20 
-3.7811480982e+31 
-4.0474193750e+05 
2.5685377381e-08 
1.2954232097e-01 
1.5027969273e+22 
4.1990171897e+15 
-2.5975628917e+17 
-6.0914101432e-18 
4.4982113332e+17 
-5.3656792551e-12 
-1.7219255524e+36 
-1.6675096875e+05 
2.5373275000e+06 
2.1027914351e-36 
2.1890133667e+02 
-9.0810118453e+20 
-4.7054094076e-01 
3.8366524677e-05 
9.0285662970e+30 
-1.3628505985e-04 
-2.0254107871e-23 
1.0296753413e-13 
1.3033670839e-03 
-2.8399479898e-14 
-9.3089407710e-12 
-6.0097187500e+05 
3.5320989788e-02 
-8.3445447051e-21 
-2.0861562520e+34 
-2.0727401441e+14 
-3.0331225474e+15 
3.5537565946e-11 
-4.7737168861e+23 
-3.3300830864e-35 
-5.7786636044e+30 
3.8479458498e+25 
-3.1504658438e-08 
-3.9862642201e-30 
-5.8502303446e+32 
-2.8561302967e+35 
-6.0041487097e-17 
-3.7624507264e-20 
-1.1213521715e+11 
3.1098170280e+00 
2.3639495842e-26 
-2.3028735517e-22 
-2.2077721487e+27 
-5.5508121794e+28 
1.5736260150e-16 
1.2141209815e+19 
1.4897289124e-24 
8.3486257675e-36 
-4.7868551257e+17 
-2.1339542326e+15 
4.5576686391e+27 
1.0816286290e-32 
-5.2947134463e-06 
3.4589841706e-21 
-2.8868675441e-25 
-2.9686978680e+35 
8.7328747461e-16 
2.9219398260e-32 
-8.0335059173e+35 
4.4924429484e-21 
1.8287559916e-14 
2.2148352756e+32 
2.5587646633e-06 
6.9687704880e-38 
1.2360841493e+29 
9.9695398400e+08 
-6.8303492640e-08 
-7.5866019992e-16 
-4.1822764925e-30 
-2.0329708099e+01 
-1.4174724500e+37 
-3.5875391960e+00 
4.5064203441e-02 
8.0197559451e-26 
-2.0513175040e+09 
5.8694448392e-27 
-1.1814535386e-19 
-5.4750993031e-33 
2.7577707520e+09 
-6.1161987500e+05 
-1.3355116221e-26 
-2.3578121094e+04 
-5.2762848050e-23 
1.2409682107e-31 
-3.7443901367e+03 
-3.9995705893e+30 
1.3797490723e-37 
6.1369363952e+37 
-5.6422571917e+32 
2.7746020570e+14 
-1.8247574463e+03 
5.2907985103e-31 
-1.2438075000e+07 
-1.1587879094e-12 
-1.1577532088e+12 
3.9210113655e+17 
1.7220874249e-12 
6.1782705000e+06 
-9.0570952099e-19 
8.9618337969e+14 
-4.4792575477e-38 
2.3001389593e-07 
2.0585773086e-07 
4.6816555052e-20 
-3.3513522437e+16 
3.2212881551e+28 
-8.5676534259e-36 
1.5560399699e-15 
-1.7243480558e-21 
-1.7955555223e+34 
3.6505207585e-17 
3.5210094209e-17 
-4.2729910000e+06 
2.8358557304e-26 
9.7228959165e+30 
6.4321711754e-30 
4.9651303011e-20 
-3.8263948066e+31 
-1.9330203258e-38 
9.7551932754e-08 
-1.3270327947e+31 
3.3028294400e+08 
-1.0356839846e+15 
1.5815161949e+19 
4.3477111773e+35 
-1.1795713534e+28 
4.1999558128e-13 
1.5952473830e-18 
-1.5897180376e+25 
-1.0095365852e-19 
1.0687130863e-19 
1.5059845769e+25 
2.8936003486e-26 
5.0565666246e-28 
-7.6601031848e-23 
4.3919268303e+35 
2.0191322461e+20 
2.8301649536e-38 
3.8978422558e+20 
2.6992745123e-30 
-3.3565915397e-22 
-1.0924364339e-14 
-4.0908462078e+33 
-8.9382304726e-13 
-7.0974128214e+27 
6.0253506899e-01 
7.8496199323e-33 
2.4787428173e-15 
-1.8483728431e-21 
-1.2309644749e+36 
1.8885569572e+00 
-2.6720939786e-04 
-3.2489842658e-14 
1.0210008533e-10 
-6.3308846539e-28 
-2.3734546487e-34 
1.7090894402e-31 
3.5807652676e-28 
-4.7302649807e-14 
3.4857043989e-27 
-2.6627884252e+35 
7.2895205002e+15 
2.1415888895e+36 
1.8393203030e+22 
5.1128997941e+15 
-8.6360182489e+14 
-2.8921009406e-18 
-4.7350496054e-01 
-7.8274565641e+15 
-3.4498348800e+08 
6.1405412853e-02 
-1.4526153600e+08 
-4.9902411317e+13 
-2.1617689860e-09 
8.9544528263e-25 
-1.0304868253e+23 
3.5183574073e-03 
7.2627921714e+18 
-1.8577705119e+30 
2.7985284515e+35 
6.4295394897e+01 
5.4680824000e+07 
7.8483428090e-11 
7.0819269106e+33 
3.1638318080e+09 
-4.8582978761e-26 
2.4064334244e-18 
4.7984914780e+00 
2.5497827591e-13 
-1.8300617600e+08 
4.5138023188e-26 
2.2600318839e-10 
-5.5925242188e+04 
3.0406744918e-04 
-1.7559517250e-36 
-7.5480034575e-03 
7.6381934779e-27 
1.3939138184e+03 
8.0607929031e+16 
-8.4227318088e+12 
-6.7738217829e-35 
-7.4953589749e-15 
-8.8625263759e-22 
1.7568668146e-13 
-2.8043895331e-11 
1.0208395919e+13 
8.4833586643e-37 
9.7965595703e+03 
-8.6953168534e-33 
-2.7567970379e+29 
1.8485002153e+22 
2.3162169488e-36 
1.5927446265e-13 
-4.2642996541e+31 
-4.5624424351e+26 
6.6211871979e-16 
-1.0537307389e-04 
1.1444584827e+34 
2.5197709911e-03 
-5.2871502234e+11 
4.0265954882e-36 
5.0103280228e-04 
9.5729518063e-12 
-1.0219945068e-07 
1.4383241495e+15 
-2.6565376418e-13 
2.8921478868e+38 
5.9290064178e-12 
-1.8878196244e-21 
6.4037390389e+35 
5.7926304188e-38 
6.5004382085e-12 
-5.4344271986e-33 
3.1407401486e+32 
-1.6913740641e+18 
2.3102896405e+31 
-2.6231763548e-38 
1.3718357006e-10 
1.1823462604e-30 
-4.4118309006e-07 
7.5633295155e-23 
3.1984737396e+01 
1.3857854335e+29 
1.5177918010e-25 
-1.3783717098e+34 
-1.3685175377e+24 
1.4154862544e-23 
-8.4144774185e+12 
-2.0606361272e+12 
-3.6517595000e+06 
-1.7757484817e+34 
-1.4076669026e-15 
-7.5176893017e-35 
5.9984899587e+34 
-7.7102681600e+08 
-4.3811928193e+32 
-3.4101115307e-04 
6.1675846433e-16 
-2.9868329875e-03 
3.1109126346e-37 
2.6024177320e-23 
2.8064413217e-19 
-4.4262372967e-07 
-1.3225570321e-15 
1.3987590492e-31 
4.3663696658e-08 
-9.1606605147e-23 
1.6469653504e+10 
-1.0458028800e+09 
4.4561985376e+20 
-1.2597513446e-38 
2.1136104584e+01 
-7.8871273661e-13 
1.6711070581e+32 
-2.5613436387e+31 
8.7019605842e+22 
1.4690984213e+26 
5.4411661808e-13 
-5.2828580526e+32 
2.1302719119e+30 
5.3482456724e-36 
-1.9899689553e-38 
-2.1974254354e+13 
2.1185430400e+08 
-1.4018738947e-10 
-3.7357449869e-25 
5.8674089611e-02 
-3.3007123494e+25 
-4.9176202162e-26 
-8.2535905221e-07 
4.3204883728e+28 
1.8080684662e+01 
-2.7994726859e+13 
-4.5039478374e+11 
1.9676742283e-34 
1.2928573440e+11 
-1.1228907073e-13 
3.4177277675e-10 
7.8232217118e-15 
4.5050561926e-19 
            nan 
-6.1694586293e-06 
1.1904014973e-03 
9.8834235270e-15 
-2.0449683834e+31 
-4.5796926133e-03 
8.1883294589e-10 
-1.1527680606e-01 
2.7215778809e+03 
8.1756744203e+29 
2.0511214229e+30 
4.3974157423e-02 
1.8799024110e-04 
-2.2207181454e+00 
4.6882818467e+18 
-9.9223861144e+19 
-5.2987589096e+36 
-5.5757193750e+05 
8.5372479299e+20 
5.6530122380e-13 
1.0403431469e+26 
-3.9561567563e+37 
1.1934907970e+14 
-6.2271724701e+01 
-4.6924499223e+26 
-4.5859199363e-36 
4.8282629493e+33 
-7.5673486460e+18 
-7.8003647283e+12 
-2.7235434082e+28 
1.7769641628e-25 
7.9722382735e-35 
1.0706929683e-33 
-3.9284984000e+07 
-1.4410454327e+29 
-6.6127300570e+34 
1.4896848403e-13 
-1.9584102631e+01 
2.4860225510e+37 
-5.6978242589e-28 
-4.3814677009e+27 
-2.0766749571e+25 
-4.5402347520e+09 
2.0110202392e-09 
7.6529326080e+09 
4.3521967286e+14 
1.8041342888e-26 
-4.8967264271e-11 
-3.9549163520e+09 
2.6431257927e-29 
-1.6404567822e-16 
-3.2655053815e+35 
5.0101784412e+12 
-1.7156136134e+14 
-5.7231266100e+29 
-1.6579130771e+28 
1.5489576615e-26 
-3.0821693938e-13 
-1.0530552819e-10 
2.1258794577e+33 
1.8814701241e+16 
-1.7089154720e+00 
-3.1916421120e+10 
6.2660869201e+36 
-5.6009234909e+20 
3.5689271591e+34 
2.4937044946e-18 
-1.6285232181e+37 
2.2905259554e-15 
-2.8934724634e+22 
-1.7684839666e-01 
-1.8786288269e-22 
-6.7447216396e-34 
-5.7659664890e-04 
-9.7924129504e-28 
3.0866965960e+19 
-2.4224869547e-14 
-1.5375114623e-20 
6.6875978660e-36 
-1.8763898438e+05 
-1.9037383959e+23 
1.2438711653e-15 
6.2928553465e-30 
9.9643410897e-20 
-5.2620069575e+24 
-3.9457614136e+02 
-1.8453880863e-20 
-2.9782846734e+15 
5.3067746094e+04 
1.3557656000e+08 
6.8880802609e-28 
-9.0083383412e+26 
-7.6170057716e+30 
1.2589261438e-30 
-6.7716771840e+10 
2.1130194000e-05 
8.5608305651e-34 
1.9983809280e+09 
1.4823568318e-36 
-1.4318805229e+33 
-1.0608739471e+02 
-1.1652828702e-09 
-6.6849893332e-01 
-2.5358443837e-18 
1.1793536163e-31 
-1.8156134671e+22 
-4.3501322999e-36 
-1.7529484890e-34 
3.1272083169e-24 
1.0248308326e+11 
-1.7426947398e+36 
5.3998975787e-37 
2.7133736230e-11 
5.4886024610e+14 
1.9217559020e-04 
-5.0178926307e+30 
-7.0365547344e-33 
-1.0899496773e-30 
8.1938887543e+36 
1.7189898927e-07 
2.1581668364e-07 
8.9540367022e-24 
2.2570983746e-26 
2.1175307840e-29 
-1.0049475776e-22 
-1.1369051488e-32 
3.5626318476e-23 
2.5495599514e+11 
-1.4955837773e-19 
-8.5268750222e-19 
-9.8562582802e+27 
4.5531928573e-38 
1.0218007011e-20 
-4.4377388809e+17 
6.1640960000e+07 
-2.7036153398e+22 
-1.9849835787e-27 
-4.9263476562e+02 
9.0475566555e-28 
1.6936900000e+05 
3.1541125000e+04 
-1.2213684082e+01 
4.5519049168e-26 
1.1396476506e-33 
-4.1336732485e-16 
2.4473625000e+04 
-4.9501914006e+13 
-5.1274884734e+19 
3.8619284062e+28 
-2.0882981586e+30 
-1.6107185547e+04 
-2.7580743533e-26 
1.2911206516e+22 
-2.0625649312e-18 
-4.4100558641e-17 
-3.5398639417e+16 
-1.3684817168e-12 
-1.7912434132e+24 
-1.5372426150e+13 
3.2250339000e+12 
-2.4531040000e+06 
3.9083125890e-19 
-2.1777195542e-26 
-5.8032015704e+22 
-1.7979821788e+30 
-8.3709239960e-02 
2.0518959069e+24 
3.8737009633e+23 
-6.2082952647e-26 
1.3865556652e-13 
2.6811794357e+33 
-1.2328769683e+13 
3.2005964845e+38 
-5.1130820759e-28 
-2.6445179197e+37 
1.1780222556e+17 
9.8869774740e+34 
1.8265276625e-36 
-8.5648059845e-02 
4.0456349382e-10 
1.0161457501e+33 
-3.5728793600e+08 
7.4225488757e-35 
-3.2823445508e-06 
1.1559703151e+13 
-8.8538802643e+36 
-1.3006694400e+08 
-1.0874829421e-37 
-1.4773475414e-04 
-8.3192521467e-16 
1.3886719446e-35 
1.4120422428e+35 
-8.2764790498e-20 
-8.0616604373e+28 
1.5318678617e+00 
            nan 
-1.7042368544e-15 
6.3470951956e+26 
-1.1023402788e-18 
3.8595101929e+02 
1.3609847993e+32 
-1.6909248938e+22 
4.4416760000e+07 
-1.5911937771e+25 
-5.0003406447e-33 
4.9767869711e-01 
3.0120769143e-28 
-2.6625364304e+01 
4.8400362047e-23 
4.2528830590e+16 
2.6650822968e-29 
-2.0810428694e+27 
5.1936340178e-21 
3.9880451719e-10 
-2.4013222281e+17 
8.3118204202e-05 
1.0850056960e+09 
-5.6018683381e-07 
2.3786715920e-15 
1.5236046235e-27 
2.5785899024e-12 
6.6469472000e+08 
-2.1682217850e+37 
1.8714831343e+27 
-5.9601003830e-36 
1.1140715352e-19 
4.2997558490e+14 
-4.8050420446e-05 
4.6151429120e+09 
1.9780074597e+16 
9.8812269666e+29 
-2.8858055354e+22 
-9.5352710438e-32 
-5.9465436271e+32 
1.5463085803e-23 
-6.4281518199e+32 
1.9046128595e+26 
2.4222235124e-32 
-3.6233117082e-27 
2.4560036289e-17 
7.3912043571e+00 
-3.6968596875e+05 
-2.1428081991e+23 
1.3959284447e+23 
-2.2229049461e+30 
7.6181763805e-13 
-7.4159720680e-04 
-1.1305795927e+32 
9.3469066754e+22 
1.1194391395e-31 
4.7758058619e-10 
5.3267686004e+36 
-4.0374445915e+00 
1.2981541569e-13 
2.2647039929e-21 
1.7205545654e+03 
1.3099120399e-10 
-3.0416027187e+31 
-9.8308152519e-04 
4.6421410164e+24 
1.2811283464e+15 
-1.9255047680e+09 
2.8619596181e+16 
3.8087762341e-29 
-1.7174011200e+08 
7.3238684612e+31 
-1.7788631115e-33 
5.4723206053e-24 
1.9498868512e+31 
1.9842878931e+13 
5.8486259167e-16 
-1.5694571193e-03 
-6.0044768658e-31 
1.6609021829e-13 
-3.3441928997e-38 
-1.2173175642e+18 
5.7232411571e+37 
8.9908232912e-03 
-5.6215161833e+31 
-4.1950660883e+15 
-1.7651944813e-25 
-4.9539754873e-23 
5.0981134326e-14 
-1.1038937317e+13 
-8.6626701488e+31 
4.7357400841e+24 
5.2176509241e+29 
3.1139708400e-18 
3.0153176912e-14 
2.3213612899e-16 
-1.8847010818e-17 
6.8387648281e-19 
-2.3426397541e-12 
-1.6321117378e-36 
2.1282228711e-23 
3.9106423711e+33 
5.5669643809e+16 
5.9733684175e-03 
1.1339689660e-27 
4.7544932143e+28 
-5.1356483085e-13 
3.5323968538e-21 
1.5038513281e+38 
-2.4187130034e-17 
4.8831045873e-09 
9.9301789305e-05 
-8.5338229918e+15 
-1.9862931607e+27 
-9.4989549122e-29 
6.3150314002e+19 
-5.5946556211e+11 
            nan 
1.3428400457e-01 
-8.2345304914e-21 
1.1367009165e-06 
-1.4253421516e+37 
-7.8393451869e-02 
-5.4427806540e+23 
1.4336013659e-13 
-2.7310135650e-31 
2.8603971004e+00 
-4.4139623463e-35 
1.4551259734e-16 
1.5619235229e+02 
-9.1609024366e-07 
-8.9119474189e+20 
-2.1030499564e-09 
-3.9972874522e-01 
-2.3040220805e+18 
-2.2610822763e-26 
-3.3097443365e+25 
-1.3417961017e+14 
3.7796198015e+25 
1.2029623934e-24 
-4.5044191207e-31 
-1.0172377660e-19 
-4.1435593968e+30 
-9.2938533566e+26 
3.0866123734e+19 
-3.0950775849e+12 
-2.3230044015e-19 
-1.7535791048e+35 
-8.1995048849e+15 
3.3124939450e-31 
8.7887773750e+22 
-3.9806589136e-09 
2.0383765692e+23 
2.9361842200e-02 
-3.3791489226e-21 
-2.7861378135e-11 
-4.5930657959e+02 
-9.2275372314e+02 
1.3685219728e+29 
1.9593552221e+15 
5.7945134837e-39 
-1.9715452854e-16 
-2.2746010485e+13 
-1.9058308191e-28 
-5.9920687079e-08 
-8.0562182617e+03 
5.5665469157e+29 
9.3006819055e-24 
-3.0390618369e-02 
-4.0194750000e+04 
-4.7767013636e-38 
1.8565836800e+08 
4.4151887806e-39 
9.3045552816e-16 
5.4692342751e-37 
5.2780029297e+01 
5.9987550951e-15 
9.2430837290e-14 
8.1010278400e+08 
-2.5923867497e-09 
-1.0978297876e+35 
-5.9493014569e+12 
-9.8524289720e-27 
4.7763401850e+30 
2.0686173110e+14 
1.9341750424e-11 
1.2404658331e+35 
-2.7727495168e+11 
2.5453105696e+36 
-8.8316398465e-15 
2.3236632065e+15 
1.0908323563e+35 
-3.1765172090e-14 
-1.0302197040e-17 
-2.5538788749e-15 
4.0062653035e-31 
-3.7962941906e-26 
-1.5253851598e-04 
-8.0783897096e-14 
-4.2933907608e-25 
1.2063183970e-22 
-2.3906655461e-20 
4.8293254654e-32 
1.4242684876e+32 
2.1695837401e-12 
-3.3796156118e+33 
1.5230867152e-39 
-5.2355692915e+26 
-9.9072847620e+18 
-5.6609085152e-28 
1.6192514723e-13 
-2.1307508767e-18 
-1.0016061701e+37 
2.3442147300e-02 
3.8837773900e-05 
-3.1434190356e+13 
1.5598839494e-12 
7.1382177946e-10 
-3.0703471821e+12 
-2.6579818950e-05 
-1.5159158651e-10 
1.0871875049e+23 
4.5304049819e+35 
-1.1077049379e+38 
-1.2151075984e+38 
-2.8145431792e+16 
-1.4240480301e+29 
-1.1992460532e+14 
1.4832764228e+31 
-4.8937270185e-04 
5.0661744814e-34 
-3.0998312250e-10 
-4.9766582467e-38 
-2.0737280117e-35 
-1.8754758026e-36 
-1.6289434132e-36 
-7.5148876931e-05 
4.2113682628e-01 
-7.4173823742e-26 
-3.7369731629e+30 
4.8118845989e-23 
3.5534293675e+27 
-8.1884201791e-05 
3.2522760135e+37 
-6.3938716888e+01 
8.4171634593e-35 
-2.0826298162e-38 
-8.0746577950e+22 
3.4366163753e+34 
3.3619920876e-16 
3.9072687120e+21 
2.8902396800e+08 
-7.2203262875e-28 
3.8019455396e+37 
-1.1262836661e+34 
-8.9261586733e-23 
2.5964181068e+32 
2.6325495235e+17 
-6.5868147203e-07 
2.4025873098e+22 
1.4100648427e-09 
6.6026125012e-08 
1.4108898438e+05 
-2.2502097069e+29 
2.9731925693e-29 
2.7055331883e+31 
3.0118105933e-02 
1.2241791934e-01 
-7.0154068752e+24 
3.9612551261e-17 
-8.0289828744e-22 
6.6147055567e+13 
1.4857988153e-22 
7.6174374997e-26 
5.7431634521e+02 
-8.1959337882e+23 
-2.0189235304e+35 
-8.2548805030e+24 
-1.0813569278e-01 
-7.9230452223e-14 
-1.3572792646e+19 
-8.8576940506e-16 
1.3310428790e+33 
-1.6808001823e-22 
-2.6719293601e-05 
4.6119790653e-08 
-1.5369662876e-08 
-3.6965247755e-32 
1.4918520042e+28 
-1.2187372877e+37 
-5.2073304024e+35 
-4.8520199089e+20 
-1.0471374850e-34 
-9.6870196313e-25 
3.6655566278e-13 
-8.3153272680e+16 
8.3496926040e-10 
-5.8359245960e+18 
2.0847587545e-10 
4.9796488364e+14 
1.4889240718e+16 
-2.1367337159e+33 
1.2901628978e+20 
-7.6983458067e+31 
-2.2651043764e-05 
-8.4577807360e+09 
-1.3235645238e+17 
            nan 
2.1833327255e-20 
-2.9606736169e-25 
-6.4477400090e-19 
6.3429447122e+16 
-2.3810880184e+00 
2.5006049539e+14 
5.2486007891e+16 
2.2705235558e+14 
-3.0664236583e+31 
-2.6208699105e-20 
5.2017848805e+14 
-9.4190795615e+22 
-1.6877870073e-36 
1.7061461965e-10 
4.1114746094e+04 
4.7236076278e-30 
3.0941519684e-23 
-1.2583027655e+28 
2.0286933083e+15 
6.6016802887e-37 
2.3045937792e-25 
7.6582370330e+31 
2.7067362509e+30 
8.7103593750e+05 
-1.5549972519e-37 
-1.0958144488e-25 
4.0206824960e+09 
2.1764138054e+28 
-7.1927440843e+34 
-5.5522511878e+26 
-5.1633098473e-28 
8.7325138440e-12 
1.5152915148e-03 
6.7814248800e-01 
-4.0721841142e+30 
3.3838393521e-29 
-7.5714243536e-32 
2.6433123840e+09 
3.6820295082e+33 
2.0537874786e-12 
-1.2039183152e-15 
8.2382921173e+32 
-7.9626668210e-25 
-1.7132575081e-31 
1.3258928422e+26 
1.7359099184e-12 
3.1714259308e-07 
-7.6963138085e-09 
1.9379482463e-09 
5.7319682617e+03 
-6.7744742454e-36 
-2.6874077500e+06 
1.3456136884e-36 
-4.1631335551e-25 
-1.9986983389e-02 
5.3827178621e+26 
-1.0971885412e+26 
-5.4913315377e-14 
-2.2200952820e-35 
-1.4054971622e-27 
2.2245528198e+26 
1.2844925378e+27 
2.5654504456e+13 
2.5228738502e+19 
-5.4687367644e-14 
-8.9791427430e-19 
-2.2900502528e+10 
-2.0019324000e+07 
1.0032115978e+33 
-6.6050772578e-20 
9.8160259426e-02 
8.1512117829e+22 
1.2836752494e-10 
2.1901432429e+14 
-3.7435037412e+36 
1.7969540529e+15 
9.4965296278e-40 
-2.5355692413e-14 
-1.5974281210e-37 
-6.2902231296e+16 
-1.2231682986e-01 
1.1376074762e-22 
1.1732987904e+11 
-1.8070111759e-31 
4.1788695196e+17 
1.6023118750e+06 
5.6500710832e-23 
-4.4935423554e-19 
-3.6571260304e+30 
1.3454042933e-22 
1.9079846058e+30 
2.1706362077e-06 
1.1260426581e-34 
2.7718777307e+13 
-2.1625384065e+29 
-2.4120946596e-30 
3.3373113722e-02 
-1.6823942144e+10 
-1.6590863328e-20 
-3.5121481687e-06 
-1.0134790904e-16 
-8.6550349110e-09 
-2.8453416235e-05 
3.5055428612e-12 
7.7126232647e-14 
-8.6201953472e-37 
3.5028732337e+36 
8.8902373818e-07 
1.4076768421e-02 
-1.6955899475e+23 
8.0843003073e-19 
7.9593853130e+28 
1.5980363991e-28 
-1.9589980300e+27 
1.5511408667e+20 
-1.6318501917e-24 
-7.1469868752e-28 
-1.2007599253e-05 
-1.8418421482e-26 
2.3976085847e+16 
-2.2400239857e-24 
-2.3364024388e+26 
9.2925966168e+27 
3.6045167756e-32 
1.1482496000e+10 
-3.3834728431e-16 
-2.3800279014e-03 
-1.5755296875e+05 
-3.6913569497e-30 
-6.6443798705e-14 
-1.7472727383e-28 
-1.2827728644e+29 
-4.2358674024e+27 
-1.9012851585e+35 
9.8073470704e+25 
3.8013210353e+29 
1.9213827685e+36 
-8.9270452401e+29 
2.6045658791e-24 
-2.8080440521e+01 
-1.8884654196e-07 
1.3229587078e-23 
-7.9496732276e-14 
-4.0491716309e+03 
-5.7084268332e-01 
-3.6345568951e-03 
-2.3848108275e-13 
-1.0866884479e+33 
-4.1477772593e-01 
-1.7104704370e-18 
-1.9358962852e+30 
-8.1097027224e+13 
-3.3188140236e-08 
4.8793250329e-08 
2.3594293789e+14 
-1.1833290022e+25 
1.7833714580e-14 
5.5134314980e-30 
2.0093513289e-35 
4.7847317676e+21 
-2.7963254929e+01 
-1.7442046696e-09 
2.8068772948e-25 
-2.5459914240e+09 
1.2997366421e-34 
-2.1561702385e+21 
-1.4480773222e+16 
1.0237711656e+24 
9.2633709937e+12 
4.1935933679e+27 
-1.3677296640e+10 
-1.4592474256e-24 
2.4872797500e+06 
1.2520396000e+08 
7.6034367533e+37 
-5.4601222779e-17 
-8.3963576626e+23 
1.3973766581e+33 
-4.3212794880e+09 
-7.2775490933e-36 
3.8508412893e+18 
4.6272746094e+04 
1.8531762770e+33 
9.2529111712e-23 
-1.3570784330e+00 
3.5531534056e-39 
-4.7605248255e-05 
-1.0110041088e+10 
9.5815994540e+34 
-3.1414122417e+34 
-2.0322629929e+01 
1.5135350788e+34 
-1.2097289443e+15 
-4.8989115000e+06 
-2.4377373047e+04 
-5.3097644064e-30 
-3.1343783769e-27 
-1.4450932480e+09 
1.6987869676e+13 
-9.3942750454e-23 
6.6427231264e-18 
-2.7655208836e+25 
1.1624405126e+36 
1.4280113155e-18 
7.1673262899e+12 
-4.6081829834e+02 
-3.3702668229e+29 
-6.4663284000e+07 
-4.7608369203e+31 
4.2265205878e-22 
4.3001080000e+07 
4.2303026246e+21 
4.4381028946e+26 
5.5121491903e+36 
-1.1081392298e-31 
-5.6870701383e-34 
7.2795649717e-12 
2.2395537882e+16 
3.9775153237e-25 
-1.0187813145e+37 
1.5119415227e-29 
-1.9137744723e-38 
-1.3784706404e+21 
-5.8555769006e+29 
-1.7988820882e-13 
-7.1252416899e+34 
-2.6902095462e+12 
4.5565906780e+12 
-9.8280883469e-16 
-9.0689237198e+35 
2.8735186052e+32 
6.7731711590e+11 
-1.2917268577e-05 
-2.2939727360e+09 
-1.3709951935e-22 
-1.9282217181e-05 
9.7503509521e+02 
-1.2798598230e+21 
-1.1574322400e+08 
-7.1699448693e+37 
1.5196270088e+32 
1.4434089205e+30 
8.7630286429e-30 
-2.3714475632e+01 
2.4683725116e-12 
-3.7028340157e-03 
1.0087218838e-09 
1.1586467099e+27 
1.3062693904e-31 
-5.7374413700e-06 
2.5221332323e+34 
-5.1552420307e+23 
9.3826919537e+25 
3.7098309044e+21 
3.6671702206e+28 
9.3143747953e-22 
-1.7825936588e-18 
-4.4635948967e-25 
2.0069025923e-03 
            nan 
2.8105178538e-17 
1.4429910941e-28 
-5.5588338543e-21 
4.7518163403e+13 
-8.2381745000e+06 
3.7843847167e-06 
2.2000761414e-29 
-2.2505571200e+08 
-1.6664746268e+17 
-1.4565698438e+05 
2.2387620250e+11 
-2.6177311373e+19 
1.1181804060e-29 
1.6398850889e+28 
-4.2985755962e+23 
-5.4224746888e+19 
-1.4688995775e-35 
-3.6404550269e-26 
-3.4389273651e-09 
6.8973967744e-35 
6.5812557486e-20 
2.3908992000e+07 
1.8129349329e-38 
9.4859753841e-37 
2.7154420451e-18 
-1.2958708498e-33 
8.4560451295e+22 
9.0226871113e-14 
-4.7325343644e-10 
6.2975399196e-02 
-1.1860167503e+01 
2.7818508288e+11 
2.0191099040e+20 
6.6230690358e-40 
1.2056289241e-02 
-3.4903283470e-14 
1.0739051261e+31 
4.6701276801e-07 
-1.4908250673e+19 
-3.2050333077e-31 
-2.4211860815e-14 
3.6136716725e-35 
-3.5629750000e+04 
4.8896433777e-14 
1.0806394473e+30 
-2.7393838309e-09 
-5.6255519214e-39 
-3.7131220562e+23 
-3.6969986100e-36 
6.4830750000e+04 
5.9183454141e-05 
5.0289636189e-27 
3.0117607117e-01 
1.1621710292e-37 
6.2762750000e+04 
-6.0847187500e+03 
8.0009241420e-15 
-9.3546623248e-07 
-8.6935424805e+00 
-1.3883141056e-15 
3.6012304688e+02 
-2.0996948594e+33 
2.9983455153e-29 
-2.5521694624e-07 
2.2993020821e-09 
5.8360664330e+18 
-4.2667375965e-05 
-1.3572825158e+23 
-2.7773423425e-25 
7.5825558264e+25 
-8.4551709491e+11 
-1.2278449901e-07 
-1.0889848073e+32 
7.2573465109e-01 
-2.5790466648e+31 
5.4480256565e-36 
-8.9616720645e+15 
-3.7916536171e+34 
2.3584645362e+19 
5.7116493131e-22 
-2.5718551636e+02 
-6.0343545634e+21 
1.2976898745e+15 
-7.7064662207e-08 
-3.5366373718e-10 
-5.3226386513e+30 
-2.1733649148e+18 
-1.8772098227e+38 
-4.7062394470e+11 
1.1666611068e-26 
-2.7889393985e+31 
            nan 
6.7440340015e-25 
2.0827901841e+36 
1.7289431605e-12 
1.3584038298e+11 
-3.8276967479e-22 
6.5014643551e-41 
6.2055096242e+17 
1.2933016846e+13 
5.6745696153e+18 
-3.4737135284e-03 
1.0471700276e-13 
-5.0277384627e-22 
1.0012735386e+37 
9.8732858571e+34 
3.8246616586e-34 
9.2666616440e+00 
4.7572128157e+14 
-2.5533409080e-18 
-1.8600557745e-01 
-2.0167599041e-16 
7.6897864079e-31 
2.4969800219e-30 
-5.1616983911e+23 
2.2448091570e-18 
3.7451158575e-14 
-1.3400245239e+26 
9.5678179844e-33 
-4.8569868694e-14 
-1.5211199224e-01 
-8.9299099869e-19 
-1.0937582147e-06 
-2.5309306440e-24 
-1.4588049721e+27 
-1.6583560035e-02 
-1.8238840045e+26 
-9.0612705527e+23 
-4.2801266827e+34 
-4.1117681639e+21 
5.3992246094e+04 
1.0945555878e+02 
-2.2958358701e+21 
-6.9033606083e-26 
-3.5700932714e+22 
-2.1084723184e-23 
-3.5155543414e-35 
-3.4664203517e+21 
-2.0887238516e+30 
3.3279102000e+07 
-3.0117381914e-28 
-2.1157656790e-12 
-1.9189909661e-09 
-1.3020171695e+24 
-1.3425062895e+00 
-1.0691049416e+21 
7.7231710681e-29 
6.6423210052e+15 
-3.6367398400e+09 
-1.3347468524e+15 
-4.5886223876e+18 
-7.6813703946e-18 
-1.5977858764e+31 
-6.3821512094e-13 
1.3870848510e-21 
1.1172618174e+13 
-8.0036614461e+20 
2.0511537920e+09 
-1.4603737099e-36 
1.0788216023e-03 
-1.2513115027e-15 
-4.2267457670e+15 
3.0003119256e+19 
-2.6014922187e-02 
-7.3236492188e+04 
3.2209627330e-02 
-1.0025958750e+06 
-1.1557721424e+21 
-2.8771584048e-30 
-1.5139762742e+19 
-6.5651009074e-09 
-2.5934952622e+19 
-2.7789725573e-04 
5.5630731550e-21 
-3.2779520552e-05 
-2.4065133667e+02 
-5.8489183194e+36 
-3.8003866249e+18 
-1.4854436041e-12 
1.5935715926e-19 
-1.0966299800e-26 
5.3014467862e+31 
-5.8165570961e+27 
-1.4550918360e+15 
-2.5636329933e+35 
-6.5629500096e+15 
-3.1248191974e-20 
-4.3149166107e+01 
-4.5407945524e-13 
3.7231136838e-21 
-2.4280858270e-05 
-7.1737108413e-35 
7.0588264659e+31 
-8.5880363464e+01 
-1.6624692953e-23 
-2.3957087468e-27 
7.8216524238e-31 
-4.0324630180e+18 
-6.2411822773e-15 
-3.9714777237e-31 
1.8509039643e+30 
-5.7563665771e+02 
-1.8769277403e-06 
-8.5046896805e+37 
6.1770563729e-26 
2.6330061607e-21 
-1.2651052346e+24 
-5.9910226182e+13 
3.4733990684e-10 
-3.6390426636e+02 
1.6089571520e-19 
-3.9663425129e-38 
-1.0053954840e+28 
2.4352010959e-27 
1.5454226022e+11 
-5.6791346736e-08 
8.3810383763e-13 
1.7000942834e-18 
-4.6892483623e+22 
8.4193516732e+24 
2.8725430965e+00 
-8.2557934728e+23 
1.0076149219e+05 
2.8851030939e-11 
            nan 
-1.5237133631e+13 
8.0532796791e+19 
1.2317700790e-20 
            nan 
-1.2480569934e+13 
-2.7773591309e+03 
-1.9460478730e+12 
-6.2747459224e-37 
-1.8998388259e+29 
-5.2366092148e-13 
-2.6987486521e+34 
1.1180389600e+08 
-3.0041037267e-16 
-6.9179910421e-01 
-9.8313193750e+05 
2.5365235246e-08 
7.3752013884e-28 
1.7004061353e-11 
2.7030829741e-17 
-4.5435922852e+03 
2.4780918461e+29 
-3.3981283499e-12 
5.4784747314e+02 
4.0974584000e+07 
5.3859904546e-14 
-8.6386484375e+04 
2.8492921591e-01 
-5.5164982388e+24 
-3.9023822686e-33 
1.7594788588e+19 
-1.6754376837e-18 
-2.2374773402e+38 
5.8415531440e+23 
-2.8206336038e-27 
3.6189500211e+11 
-5.5555578321e-02 
-6.7995905876e+00 
-1.8160186042e+38 
-5.7599023826e-30 
-3.0174585501e-33 
2.3130623047e+04 
-2.2680132646e-34 
9.6726675034e+00 
-7.4916452169e-01 
-1.1996324645e-07 
4.7185894426e-20 
2.4892611112e+23 
7.1636557617e+03 
-8.3846715000e+06 
2.5740252254e+16 
-6.7473377021e-21 
-3.6382535055e-22 
-9.7226070805e-33 
-3.1118539628e-03 
-1.8701761280e+09 
-6.6535575748e-30 
-9.8278492188e+04 
4.5303958327e+31 
-3.8766042367e-25 
2.5503192003e+14 
-1.6695140811e+13 
2.6554062120e+15 
6.2573029070e-34 
1.2528474877e+28 
-2.9132592000e+08 
-1.7987913132e+01 
-4.6678667264e+10 
-3.9237875200e+09 
-2.3335089170e-33 
2.8112679788e-34 
1.2987307797e+29 
3.6654891333e-24 
-5.5431213127e-36 
3.7564496285e+28 
-8.0365715027e+01 
-6.3791479768e-27 
1.0798636813e-25 
-6.9409260853e+18 
5.8360438064e+37 
-6.3631174488e+22 
-3.6753856460e+30 
-8.7358714534e+30 
9.0542390463e-16 
-1.2648414969e+20 
-1.9279437480e+27 
-1.0313317095e+27 
3.9348431180e-09 
-4.4414038357e+24 
-4.0999733622e-31 
7.1053523026e+15 
-4.2163238678e+16 
2.2375131957e-03 
-2.2439254179e-19 
            nan 
8.3919877702e+13 
-4.7040973470e+29 
-4.6974441830e-06 
-3.7645886423e+12 
1.2047271101e+25 
5.3633718491e+00 
7.6370389421e-34 
-9.6534859692e-20 
2.9341420451e-30 
-4.6077304298e-12 
            nan 
1.0321186523e+04 
2.7558237500e-27 
7.9655806305e-36 
-9.1426444699e-25 
2.5549555646e-18 
3.2506761877e+38 
1.0229194089e+15 
-6.8281864236e+17 
-4.3232030884e+12 
-1.6505783760e-14 
1.0374955432e+24 
-6.8393915000e+06 
1.6177997386e-18 
-1.0624619845e-36 
-4.7483795836e-34 
-1.4815536660e-16 
-2.6728391647e+01 
-9.3625081021e-09 
-7.9788142102e-06 
-5.4711397575e+33 
4.2321399533e-21 
-2.0400141180e-01 
-8.1016643584e+10 
2.5680996800e+08 
-1.4793412906e-24 
1.4539746989e-30 
8.1657489504e+28 
-6.6927867150e-35 
5.0245812966e+36 
3.2439017928e+34 
4.3613402053e-30 
-6.8716043234e-01 
-6.2361130766e-39 
3.1574398000e+07 
1.2962132684e+19 
3.1848223750e-17 
1.5416377417e-14 
1.2058225138e-06 
1.3050972484e-02 
5.9376239903e+12 
-2.1092873047e+04 
-6.3855041821e+34 
-5.6442597175e-26 
1.0725744000e+09 
3.1494921964e-29 
-6.4873033728e+10 
-7.1090160145e+19 
1.3722531764e+25 
-6.6765567010e+27 
-3.6215778689e+31 
1.4659125785e-21 
1.5492433354e+37 
2.1734357402e+11 
-1.1611108874e-07 
-1.1384614605e-11 
2.5252860721e+32 
5.9511967083e+26 
2.0433913621e-13 
2.8669275000e+06 
2.6946504477e-06 
-5.9208287699e-21 
8.4213659668e+02 
7.3321642764e+23 
-3.4396973419e-22 
-1.0181797246e-11 
-4.5216354883e+20 
7.8077770770e-02 
7.4948105607e-18 
1.1421412637e-04 
3.6469901099e+13 
-5.3077458483e-18 
1.7327409102e+29 
-8.2245199819e-16 
3.6296939734e-21 
1.0165499941e-35 
2.1929363713e-17 
-2.9974722560e+10 
3.8134909828e-15 
-1.5504530668e+00 
-1.8923106590e-32 
-3.3839027136e-09 
1.4943433371e-06 
-5.6349721170e+29 
-4.6689706919e-24 
1.1453210376e-02 
-4.1347278438e+12 
-8.3865731955e-01 
1.8457264404e+03 
5.3515026292e-22 
-9.2780474516e+18 
-8.5685692117e-28 
3.1976019055e-10 
5.5690041202e-14 
-6.9219167344e-03 
-3.0910590000e+07 
-1.3911429051e+27 
3.1115763890e+22 
2.0844510800e-05 
5.1727163412e-31 
5.0816169804e+13 
2.1710736376e-35 
-5.7114286818e+37 
-1.2101733787e-19 
9.4100717889e-19 
8.0011837184e-02 
-1.0593432462e-29 
5.1834876649e-03 
4.1428642012e-18 
-6.9155593750e+05 
6.2495603206e+19 
-4.4240246094e+04 
            nan 
-5.2795824164e-18 
5.7922902341e-20 
1.2537352753e+02 
9.0438979896e-06 
-1.6713456175e-09 
1.6801374648e-37 
6.6641581057e-17 
-2.2836175018e-16 
-4.3678246094e+04 
4.8650230170e+12 
-2.0787522814e-08 
-5.5317216144e+18 
-6.0940267417e-34 
-1.6932249069e+01 
2.4281156063e+00 
1.5590375281e+25 
1.5376103065e-16 
1.6682339533e+12 
2.5710186946e+15 
2.2748606384e-12 
-1.4811744498e-36 
-2.4769398809e+26 
-1.1464255211e-23 
-2.8456545280e+09 
1.5720773586e+24 
7.3276961320e-23 
1.4635858126e-02 
-4.1332389603e+14 
-1.0438435311e-05 
-3.1948274807e-35 
-4.1332246958e+35 
1.3334411115e+25 
-5.6215445892e-17 
1.1152875423e+00 
-7.4089027318e+23 
-1.1410047926e+25 
8.2450479269e-01 
-1.5301788760e+31 
1.2770981132e-33 
9.3453670400e+09 
3.4947008953e-25 
-4.2830402419e-11 
-1.7765476800e+08 
4.4039091676e-18 
4.1277671505e+33 
-2.4290433553e-10 
-5.0196596824e-26 
3.5434676306e-39 
3.4231382535e-27 
-2.6189780560e+37 
1.1543548767e-26 
-7.7285697740e+15 
-2.5827091975e+33 
1.5548647525e-06 
-2.4862188883e-30 
1.2341418840e-23 
1.0014205010e-17 
2.7745655521e-25 
-1.1940463788e-30 
2.6817636800e+08 
1.0419488916e-07 
8.6801148474e+24 
2.3452991222e-22 
-6.8363947868e+00 
-1.1358339085e+17 
5.4630037397e-02 
-4.6008522622e-03 
7.6058052061e+28 
-9.5429446709e-32 
3.2234988460e+30 
-1.1038236297e-10 
1.0168537721e-38 
6.1712216727e-20 
7.6809670406e-19 
3.5976945751e-25 
6.1429622034e+14 
1.6855138396e-09 
1.5175758861e-02 
7.4397512175e-29 
-2.7271552793e-37 
6.5580656755e+13 
-3.9128006725e-16 
4.0965325055e+16 
-1.3895166400e+08 
3.0857155198e-27 
3.1952304833e-21 
7.2012114154e-12 
8.6877158313e+35 
-7.5603432617e+03 
1.1165772722e+33 
7.7056501365e+31 
3.6473452903e+24 
2.4378293991e+01 
-1.8861344755e-24 
3.8771383464e-02 
2.0182876139e-29 
8.1073212607e-18 
2.3603982481e-21 
-5.2187177734e+03 
5.2246260908e-23 
7.1474537400e-10 
1.4976336507e-27 
1.4904306005e-28 
-4.1434626563e-11 
5.8978692359e-15 
3.4180525661e-17 
-9.6644484375e+04 
-1.1265086000e+07 
-2.1537855943e-08 
-4.6768795013e+01 
5.1564057617e+03 
-1.2105632920e+14 
1.4764773034e+26 
1.8398329600e+09 
1.4055282670e+21 
-7.7105375844e+26 
-5.4332828881e+19 
-3.4818510939e-19 
-4.8477407545e-02 
-2.5205154406e-31 
2.0067646177e+12 
3.3006797030e-14 
4.1669126600e-02 
-8.3177536398e-30 
2.6516953602e+15 
-1.2979115622e+11 
3.1022929709e+31 
-3.3562091023e+26 
5.6596099072e+10 
1.4175770280e-10 
-4.3999112687e-10 
-2.3626394223e-17 
-5.5940620673e+29 
1.1842786810e+34 
3.3249403423e+15 
3.8801664000e+07 
1.4944553375e-01 
1.6800161644e+31 
-1.3441119668e+32 
-1.0779403497e+35 
1.0100054126e-10 
-8.4335254453e-34 
-1.2286795927e-33 
1.5449866240e+09 
6.7127386046e+13 
-2.3624574519e-12 
-4.2961388726e+37 
-2.0221263872e+11 
3.8177728653e-02 
1.8754453125e+03 
8.5730590720e+09 
8.4947428401e-32 
-9.0472517478e+23 
1.1871345047e+36 
1.0309477716e-09 
-1.7857175064e-18 
-5.0678002273e-25 
5.3844988107e-34 
1.1994905937e-11 
7.9114058748e+37 
1.7145748452e-17 
4.9541175545e-19 
7.3701671681e-06 
1.2187556629e-26 
-3.0048720078e-37 
1.0311197262e+14 
-1.1307492079e-13 
3.1463050369e-33 
-5.2171749967e+34 
-2.0843626953e+04 
4.3709337572e-36 
-1.2304545194e-01 
6.0420427524e+29 
1.0384319467e-38 
-6.1485212500e+05 
-1.8096380295e+19 
-5.6545745523e+37 
-3.6321900888e+14 
-7.3579761271e+31 
-2.7189920454e-11 
1.1747188511e-27 
-1.0607469007e-26 
8.7262812500e+05 
-2.7582361284e-08 
1.8289236151e+29 
-5.8201959229e+02 
1.2560316142e+29 
-4.3219028953e-19 
-5.4380562725e-28 
1.0458706276e+37 
-3.6401738012e+37 
-3.4980276146e+29 
-1.4670469530e+13 
1.2879719953e-17 
-1.4338596327e-21 
-1.3485653034e+22 
9.1409674466e-20 
4.9811985535e+37 
2.3238703125e+05 
-1.1155954158e-14 
-1.2081087369e+30 
9.9485954867e+13 
2.8175498817e-17 
1.6836659200e+10 
7.8543456480e-19 
2.2277596540e-30 
-3.0847393963e+35 
-7.6476976950e+33 
3.7265435791e+02 
-5.0176582569e+19 
-2.6736758585e-08 
-2.9754785792e+10 
-8.4029012918e-01 
-8.1642279401e-03 
-2.2690949254e-30 
-6.8246233416e+13 
-2.1221325444e+37 
5.6885017395e+01 
-1.1311314454e+15 
1.1409904733e-28 
-9.4683532126e-09 
-1.3264089490e-36 
-1.3801223226e-26 
-4.0833756291e+18 
1.2242957981e-30 
3.0203058964e-20 
-4.6873399988e-03 
3.1462405677e+31 
3.5887406312e-34 
-7.3579821971e+21 
-5.7030885778e-30 
-4.3065898211e+17 
3.0765445435e+31 
1.6962778857e-22 
-4.9815984227e-08 
5.4862125445e-25 
2.2522450984e-01 
2.1330917582e+34 
-1.3441817136e-03 
2.9789329951e+22 
-7.4116015625e+02 
-1.2130288871e+23 
4.9191852494e-33 
2.5889181559e+38 
2.7524626229e+35 
-8.1193368695e-10 
-9.1797978168e+28 
4.9355228424e+01 
3.3156686641e-06 
4.3789225229e-18 
-2.4796660493e-13 
-1.4115557718e-34 
3.2882700589e+34 
6.5848628134e-28 
-2.7429463342e-02 
-3.8955843474e-18 
2.9430454719e+29 
-2.2351059403e+34 
-1.1575548706e-04 
6.2110265508e+12 
1.2854787447e+23 
-7.4719280242e+31 
-1.1785366037e-32 
1.0212946522e+34 
-3.7319780336e+13 
-1.0189423533e+32 
5.0722017001e-30 
-5.0421243576e+12 
-6.1335822377e+29 
-1.0559929968e-25 
4.8892323602e-21 
1.0156688477e+04 
-9.4152280189e+32 
1.2018464773e+37 
7.9463708971e-05 
-3.5133237232e+13 
3.3420644452e-23 
2.8121469092e-29 
-6.2990422249e+00 
-6.9647903164e-25 
-1.0951544627e+23 
-1.0071045758e-22 
4.9080143576e-16 
-4.4710750808e-04 
4.6220381824e+15 
-9.1100071666e+36 
            nan 
1.3754373118e+29 
-9.0079965875e-31 
-1.1949418469e-31 
2.0692733495e+34 
2.7213317538e+13 
4.7979492188e+02 
1.8579199219e+02 
-8.7319948906e-16 
-3.7732206692e-07 
-7.9552479825e-22 
2.4494064271e+13 
-1.1480064801e-38 
3.1051873047e+04 
1.8659478546e+17 
2.3163112396e+30 
-1.1592317342e+33 
-4.5741071278e-33 
-2.4256666665e+12 
-1.7006322182e+29 
-6.2741164584e-06 
-5.2154014650e+17 
4.5942375436e-05 
-3.0808139888e+19 
4.2302144258e+32 
-1.0222496063e-36 
-3.7078315829e+31 
4.3427043203e-27 
-5.6534472411e+17 
-2.6952593544e-05 
-1.6466177329e-37 
-1.0693996792e+15 
-5.4186058183e-16 
-1.0457997816e-32 
-2.1485738015e-27 
-5.4791584321e-32 
-6.0602640961e-11 
-6.5617903968e+20 
-2.5985988323e-03 
5.4841985549e+32 
-1.1239904932e+22 
-2.5515281004e-17 
-9.6545023329e+20 
-1.1836903901e-08 
-2.3119803134e-20 
4.0289378323e-28 
1.8475928944e-29 
6.6118704246e+20 
9.6097581147e+24 
2.7473635864e+02 
-5.3156695685e-06 
6.1611417681e-02 
-7.9835729756e+12 
3.1293092728e+01 
9.4024200000e+07 
5.9112936258e-01 
-7.7622699134e+20 
2.4331287205e+36 
-3.5726408691e+03 
9.2164086207e-22 
-1.7651429201e-37 
-1.1002113993e-34 
1.3939350542e-11 
6.8924473605e-14 
-9.2282264710e-19 
5.4089654190e+16 
-1.1925214783e-33 
2.9739458933e-35 
1.5646150719e-31 
6.7524266387e+34 
-5.7531630748e-25 
1.1635991541e-04 
-1.6986522391e-14 
3.5879984992e+15 
8.9509192838e-33 
-1.4970978471e+20 
5.2093819249e-06 
3.5262657317e+18 
-3.0347296845e-34 
-3.2381600000e+06 
5.4736493116e-12 
9.8412786698e+35 
-4.4309062500e+03 
4.9064476528e-21 
-7.8487549410e-21 
-6.8602005299e+36 
4.0168281250e+03 
-2.1735279054e-36 
-4.4212246094e+04 
-2.3876256573e-20 
3.6209501945e-25 
4.7146225375e+16 
-1.9308473118e+19 
-9.6084672512e+10 
-2.4488979307e-06 
-8.6230658092e+36 
2.7493758000e+07 
5.9525897741e-23 
7.5872786541e+25 
2.2715051236e+15 
1.5220606997e-09 
-8.5689089390e+21 
1.4544612008e-34 
-1.3984105712e-24 
-1.1195825198e+38 
1.3404893710e-30 
4.2940335261e-16 
4.5381590156e-24 
-1.5322274989e-33 
4.2954161472e-07 
3.0985391653e-18 
-7.5126725582e-34 
-1.1050876928e+10 
-1.8715488318e-25 
-2.6742795261e-15 
2.7535231063e-31 
-7.2235962247e+27 
-3.4646453857e+00 
3.9063159431e-27 
-1.4130080217e-08 
-2.3401460146e-26 
-1.5957232797e+32 
8.2312453742e-08 
-1.6413411125e+26 
-3.7089550862e+16 
4.5743749619e-18 
-1.4167142233e+20 
-1.0238800263e-19 
-6.3586542530e+33 
-2.2231695617e+15 
1.4427852631e-01 
9.5425897648e+36 
-1.2167548232e+30 
6.1862170696e-03 
-2.2649176873e+30 
-4.8094120565e+23 
-6.6393500000e+04 
2.5339608857e+18 
3.8183593750e+03 
-7.1708459154e+36 
-6.0384336393e-06 
8.4987758369e+36 
-1.5064678400e+09 
-3.4416967326e+35 
-2.4886983838e-24 
2.1538562758e-38 
-4.3123671040e+09 
1.3232707977e-01 
-1.3604469971e+14 
3.2598691632e-19 
-2.3739084800e+08 
8.2782166406e-38 
-5.7145478608e+31 
4.7281437018e-20 
-5.3037405014e-02 
-1.3344923275e-25 
-3.9669555200e+08 
-1.1013914624e+10 
-1.2225720436e-11 
9.4074463846e+11 
-2.6328660983e-36 
-2.4949684224e+10 
9.7656149592e-05 
1.6727659301e-32 
8.7030269924e-07 
-1.0756677435e+13 
-1.8546837745e-23 
-6.8823801856e+10 
7.1077580211e+15 
6.3725003743e+24 
-3.0066526869e+24 
-2.3276383437e+11 
2.0159836859e-02 
2.0734748318e-07 
4.3413789475e+13 
-7.7880492188e+04 
7.4315255880e-01 
2.7022955939e-02 
-3.0866423623e+32 
8.5886763865e-16 
-6.3310156780e+21 
1.5109648558e-12 
1.4509077155e+20 
2.1631236492e+38 
1.6383230961e-34 
7.9981319606e-02 
1.5501412800e+08 
3.6015396875e+05 
7.8182414971e+16 
-1.7331258038e+33 
8.7307354613e-21 
-6.6685487487e-21 
3.7013204634e+24 
-1.5842790583e+29 
-6.5718171008e-19 
1.3669298589e-01 
-1.7336890385e-37 
-1.8416193258e-25 
-4.3701931825e-19 
1.6912282018e-16 
8.7141269671e-33 
-6.0532963191e-12 
-3.0061580780e+12 
2.2684398907e-36 
6.1645203200e+08 
-1.0284588200e-27 
2.5450163991e+33 
1.1679506721e+28 
-2.6578575020e+36 
6.6384133742e+21 
-1.4048227477e+25 
-1.9779530260e+13 
2.8848491816e+25 
-4.3660503791e+17 
9.9059301600e+25 
1.6131400185e+19 
-5.6042662658e+14 
3.4537369310e-18 
5.5810103997e+26 
-7.7229293568e+11 
-7.2161536490e-34 
-3.9647021215e-21 
2.7731077676e-28 
-6.9419150468e+24 
-3.0694422603e+37 
8.1360205684e-08 
4.9042995088e-03 
-2.7087590098e-01 
1.6165951000e+07 
5.7000246094e+04 
1.1039432514e-17 
1.4223066695e-31 
3.9474420260e-11 
2.0019172209e+26 
-1.1862698598e+16 
6.1951645655e-16 
1.0175565350e-26 
1.1196018720e-32 
-1.0694846701e-12 
1.4060812065e-18 
-1.0088429224e-11 
3.0884317404e+16 
-7.1751707822e-20 
-4.9268973896e+12 
-1.5386529322e+30 
-6.4537553920e+09 
-2.3933870408e+12 
-7.0319869854e-37 
-5.5902906060e+17 
-1.2854311680e+09 
-3.8175713526e+12 
-2.8257516678e-03 
-3.4261433024e-35 
-2.4422836115e-30 
-2.0762314801e-19 
-1.1099193514e-30 
2.6909450543e-35 
-2.2287326151e-10 
-1.4345859027e+23 
5.1700602665e-23 
4.7281465306e+16 
-6.7989702447e-34 
-1.2301272288e-21 
-9.8854691144e+12 
1.1840027660e-35 
5.4411567519e+29 
-1.4391883729e+19 
-3.7051332277e+20 
2.5119444514e+30 
1.1912656784e+01 
2.8887548161e+20 
1.7173189093e-08 
-5.7862261848e+25 
1.1211686156e-19 
5.9977536091e-38 
-6.6514176069e-06 
6.6817931396e-12 
            nan 
-2.9101778944e+10 
7.0765663643e+30 
5.5359747314e+02 
-4.1885445348e+17 
-1.6851929274e-07 
-3.2968817766e-15 
-2.7440366466e-05 
-6.1569083165e-09 
2.5719528468e+29 
7.2832898826e+12 
3.0886592865e+01 
-1.0306316925e+28 
-9.6455932615e+14 
-1.3661207514e+31 
4.9156644088e-31 
-1.1228855896e+02 
6.9963228808e+21 
1.3350323698e+35 
9.1313491718e-35 
-1.4719835382e+25 
1.5932188569e+30 
-3.1323073189e+27 
-4.2338284370e+32 
5.7919982829e-13 
3.8789313609e+34 
-7.6948984166e-29 
-8.7588275201e-31 
1.6170515610e+22 
2.3126567427e-39 
7.9072193162e-35 
8.7127175049e-13 
-4.4454112490e+31 
-4.7604381348e+15 
4.5838762890e-04 
2.0793905850e+20 
-3.0862219298e-15 
4.6886041454e-20 
5.7451388319e-31 
-1.4018542198e-30 
-2.3295098438e+05 
3.1360471480e+22 
1.3450420383e+26 
-4.9153711122e+29 
1.6380449988e-14 
3.6791229311e-29 
-4.5467300606e+23 
-1.5485666692e-01 
-2.4970093785e+20 
1.8707590179e+34 
-2.4154510765e+23 
6.5167380536e+29 
-5.8002964046e-26 
-1.0577982240e-10 
1.1498923426e+28 
2.2179841309e+03 
8.2287661971e-29 
2.7436206909e+29 
1.6629804132e+18 
-6.1569356384e-12 
-4.6227000525e-36 
-7.0220965417e+19 
4.0255072797e-19 
5.2186602827e+28 
1.2438589228e+19 
1.2667442400e+08 
4.9035790926e-32 
2.1557048931e-20 
-2.3118949334e-23 
3.5270497203e-01 
3.4993436160e+09 
-5.9293024911e+12 
1.1250328371e+11 
-1.8956242667e+36 
-1.1866436222e-23 
-3.8105453580e-13 
8.1325454387e-15 
-7.6864007222e-36 
-3.1752979589e-19 
7.7103717417e+12 
-2.2851010574e+16 
1.3923279810e+17 
3.8826709302e+34 
-1.2343084657e+27 
-2.0188499248e-17 
-4.9715276800e+09 
-4.5069801961e+16 
9.5509290577e+17 
2.5679173862e-21 
1.3388742748e-15 
-6.2396269641e-05 
-7.1164228165e-32 
-2.2607067275e-22 
-2.3214330155e+36 
-7.3636305818e+18 
-3.6542716980e+01 
-9.8452613831e+01 
3.6280792500e+06 
1.7679551957e+28 
1.3170374246e+11 
-4.7473479680e+10 
-3.9901011435e+37 
-4.1359475681e+20 
7.3179287305e-35 
1.2937278370e-04 
-5.3968572094e-39 
3.6280352059e+33 
1.8329916578e-12 
1.1377667678e-33 
-5.0314380218e-08 
5.6668936850e-06 
-1.4470346041e-36 
-1.1535691470e-01 
-6.2461318322e+21 
1.7680342248e+20 
8.4352899482e+11 
2.5240696320e+09 
-1.2199139404e+03 
-5.3592916578e-02 
3.0782770006e-25 
2.2588116332e+27 
-5.1020194823e+17 
1.0673349312e+38 
-5.4159082745e-25 
4.9561484466e+36 
-2.0246981647e-25 
9.6391516605e+29 
-1.4132642022e-15 
2.6648637734e-35 
1.5470148400e+14 
-8.1615009446e-20 
-1.9320586581e+14 
8.5904393750e+05 
1.7173533630e+02 
1.3540628743e-06 
-1.8309291363e-06 
5.6635027664e+29 
6.6772930324e-02 
1.4409549884e-21 
1.0129540956e-10 
-1.5220225053e-20 
-5.9176206826e+26 
-4.3539121695e-25 
4.3967417549e+11 
-9.6714305420e+32 
-4.5502980822e-29 
9.7565803998e-24 
-8.2955454589e+36 
-9.9080203299e-35 
3.8327328477e+28 
8.2665976000e+07 
9.8090389761e-32 
-2.7118194128e-38 
-3.7421201699e+34 
-2.9203156969e-33 
-8.7125411052e-11 
-1.0269249219e+05 
-9.7938018156e-25 
-3.6110917057e-17 
-1.2066060695e+24 
8.9004149444e+23 
1.0162076672e+10 
8.7214985217e+34 
-1.2969998750e+06 
2.1427439880e+02 
4.9027947927e-27 
-1.6105549321e-06 
-7.5942002818e-17 
-2.3302907852e-30 
1.0803041980e-02 
-4.4552148511e-35 
-1.1095179180e-26 
-9.3347243429e+30 
1.2300072238e-02 
-1.0050848438e+05 
-5.3685204623e-18 
-2.0155556168e+12 
3.3223409653e+00 
1.0425244835e-19 
-1.2627804083e-33 
-5.0736718732e+33 
-7.7948809752e-27 
-1.1189831652e-30 
-1.2522513582e-10 
-3.9885742188e+04 
-4.8446652195e-27 
-1.1364046807e-16 
-4.5857072985e-26 
-5.1427672038e+24 
-4.3809727827e+30 
3.0963582000e+07 
3.2875146085e+36 
1.0317051090e+34 
4.6528083917e-35 
1.5206430780e+36 
-1.4853654466e+31 
4.6104530458e-33 
5.9129584562e-10 
-1.6206413444e+31 
7.0927041769e-01 
-2.0229165397e+18 
-5.8323700341e+22 
4.1275492024e+15 
-1.5512131903e-28 
-1.7492108154e+03 
-1.2312934835e-34 
4.4474036224e+10 
-8.5046087798e+30 
1.1158305391e-08 
2.6341303080e-30 
-4.9215630394e-31 
            nan 
-5.7137508520e-06 
2.8367151390e-04 
1.3190799782e-19 
3.1988980770e+00 
1.3922723557e+31 
-1.0879288445e+20 
-1.7956954283e-12 
1.8537420654e+03 
3.6243212188e-18 
2.0481396785e-29 
-4.7430781857e+20 
-5.5664454030e-14 
-9.8889206014e-14 
8.5732695820e+15 
1.1490418337e+23 
-1.2352721214e+01 
-1.3060493085e-32 
2.2657620472e-16 
1.8367449229e-04 
-3.5968233715e-04 
-7.9688420519e-03 
-8.6390366778e-03 
2.1033480143e+18 
-4.5739404543e+16 
-8.4871228003e+35 
1.3082735059e+32 
-1.4419385975e+28 
-3.6916317500e+06 
-2.6508412111e+26 
2.8363102345e+15 
6.9466728694e+12 
1.1174216632e-17 
-1.5240401030e+00 
7.5716063520e-36 
1.7547280903e-12 
3.5458308808e+32 
4.9594315802e-37 
-1.6039909623e-38 
-6.5242371550e-19 
-4.8992377686e-29 
-2.0455081921e-25 
2.8670537056e-09 
3.1814796131e-08 
-4.0792195978e+24 
-1.3113821757e+12 
-6.2408699181e+17 
1.7656490172e-06 
-6.3050024656e-21 
-5.2066214371e+22 
1.4674133202e+20 
-1.0938300964e+37 
3.4264384725e+15 
1.3990048403e-29 
-7.5067570433e-03 
3.2039830089e-01 
-2.5844478162e+35 
-4.4013318255e+14 
-5.0918002582e-34 
-3.8952870582e-32 
8.5446281872e-30 
-1.3777540922e+00 
-3.8999023455e-10 
3.4619425626e-18 
7.1649228179e+36 
1.9870990915e+29 
-8.1050026889e-27 
5.8659277435e-09 
2.4776761532e+00 
1.0916441259e-37 
1.9146860481e-17 
-1.0329974045e-13 
-2.9712684883e+25 
3.4796789490e+21 
-1.0427787259e+27 
1.2847447444e-13 
1.8462219059e-31 
3.1586018918e-21 
-3.0039579172e+30 
-2.8431177811e-30 
-6.1380751360e+10 
-1.7830915010e+32 
-2.9619570416e+32 
-1.1063241331e+18 
-1.4117171727e-34 
-2.6033196184e+19 
3.4920981316e+22 
-2.6181454814e-05 
2.5760191202e-10 
3.7707064679e-34 
4.9748164461e+19 
2.5213903809e+03 
-2.1158361161e-29 
6.9337440446e-22 
-2.6115208963e-16 
-3.5080645273e+14 
4.3366969298e+15 
-1.4698744338e-13 
-5.1907396875e+05 
7.3022673747e+31 
2.3210512882e-04 
-3.7335201263e+01 
8.2326673256e-10 
3.7332023217e-38 
9.7073360734e-20 
1.5289059263e-07 
-4.1449724000e+07 
8.3573104435e-23 
-6.9129052482e-10 
3.5889850275e-31 
8.2755559561e-06 
1.1635888947e+11 
-1.2458237152e+15 
-2.3381431340e-12 
-2.1299958325e-11 
-1.0271555584e+12 
3.0910470685e+13 
7.8766640916e+28 
-2.0543117188e+04 
3.3758073643e+21 
-2.6239353966e-18 
-2.5357933317e+19 
-1.5397431435e-22 
1.2964504812e+17 
-3.4557705322e+13 
6.8605642319e+00 
5.5624523260e-36 
-1.7473371029e+00 
-8.0925863585e-05 
2.1627527075e+28 
1.5300149250e-14 
1.5827059441e+35 
-9.0533855291e-23 
-4.0218288786e-21 
-6.3465109842e+37 
-9.0340962633e-03 
4.2090729778e-36 
-4.9150879495e-03 
8.6698062750e-32 
-3.6893445578e+35 
-5.3732633600e+09 
-3.0887395527e-38 
-8.4756748038e-06 
-3.8952439669e+18 
-2.2947469154e-26 
2.3267849011e+13 
-1.9058509167e-34 
6.6984621205e+31 
2.5291905737e+33 
4.1400507696e+21 
1.6991576914e+31 
-6.7663035000e+06 
-4.2682908073e+36 
-5.1111552324e-08 
-7.0368782517e-15 
-1.3321646572e+22 
1.0562119026e-16 
6.3048929086e-22 
7.9897746405e-12 
3.7938397500e+06 
-1.0926459495e-17 
-1.1588904013e-33 
-9.7924701869e-02 
-1.4397256564e-05 
-5.2733091331e-12 
-2.4844425155e+16 
-8.3407205343e-01 
-1.0844565859e-36 
7.2171098238e-23 
7.2888266483e+16 
-1.0893260333e-04 
3.6070155826e+22 
-1.6577853182e+30 
9.5853872299e+00 
-5.6975912719e-34 
-1.0768980980e+01 
1.6652568011e-03 
4.2600087301e+27 
2.2705208295e+13 
2.0021647629e+30 
4.5531829610e-33 
3.4347160742e-36 
1.9978202317e+11 
-6.9414383780e+12 
-1.7947483013e-31 
1.0945363377e+19 
-1.9919970231e+25 
-5.0955606635e-36 
-1.4556326128e-36 
-5.4526889324e-01 
-3.8299823053e+28 
            nan 
3.2467112777e-24 
-2.6243063344e-24 
-1.7972283893e+32 
-7.1773809327e+26 
-1.1369291083e-29 
-5.2900234375e+04 
-1.5947032106e-12 
-1.1202399620e+14 
5.4173843118e+27 
2.1211527634e+19 
-8.8911022319e-30 
8.0720920908e-21 
1.5597279563e-22 
-1.1856944582e-07 
1.0629913866e+15 
4.8342914128e+36 
1.9038135513e-09 
1.9114537551e-24 
-3.8996576000e+08 
-5.7251216888e+01 
-1.8955772699e-20 
5.9411328000e+09 
-5.0416861899e-20 
-5.8034722943e-18 
1.5420633686e+29 
3.1503808697e+34 
9.1303302283e-36 
-2.3265298438e+05 
3.7364196417e+33 
4.2459288534e-30 
-7.6131979442e-38 
1.6287525148e-11 
8.2666555000e+06 
4.1608707310e+31 
1.1019464177e+26 
-9.5416493038e+21 
-1.0032384302e+34 
-2.7960316800e+08 
-1.4106116168e-06 
9.5770960982e-19 
-3.4390246094e+04 
1.5599298438e+05 
-6.7946557617e+03 
6.1966781706e-10 
-1.3574088693e+31 
1.6025701904e+03 
-1.7688684349e+26 
1.4429138262e+20 
-5.9089225512e-26 
-1.1889309422e-36 
2.6268509265e+19 
1.1213085148e-11 
-2.5328891762e-10 
1.1133348529e-38 
3.7768810301e-08 
-3.4986594784e-12 
-2.6545856963e-04 
4.1248986761e-29 
1.6016840076e-09 
1.2394128360e-28 
-2.0353565298e-33 
-1.2941996032e+11 
1.3485363763e-32 
-1.8125990629e+00 
-1.0004386002e-20 
2.7346369613e-09 
-8.4176066560e+09 
-7.3390620399e-22 
3.8844651981e-21 
5.2048758537e-23 
-4.4327599046e-14 
6.8616018295e+00 
-9.4008387500e+05 
3.8131764117e+32 
-1.1677571544e+24 
9.1192160884e+29 
-1.4660379869e+31 
-1.1291596250e+06 
7.2487908479e+22 
-1.3695633254e-32 
-2.0081319809e+00 
-6.2847454693e+36 
-1.0001232053e-19 
-9.9635919690e+14 
2.0669505794e-27 
-1.8757956079e+33 
9.4042465210e+01 
8.2940712960e+09 
2.0811582800e+14 
3.8054643927e-16 
-8.0925126974e-34 
1.9490053549e+27 
1.6351523088e-37 
-4.9341355654e-12 
-2.3066837196e+25 
-6.6782745565e-25 
-4.2727728440e+26 
-3.3742220855e+16 
-3.5933514974e+25 
-4.8119733132e+14 
-1.5400268099e+33 
1.8819925544e-13 
2.3822314357e-26 
1.9098507411e+13 
1.8608538847e+38 
3.7265122374e+21 
-1.2235792490e+27 
-1.7853173558e+33 
-2.5991873047e+04 
8.7181534366e+30 
-1.2986762496e+35 
1.4151065119e+18 
-7.3876565695e-01 
-3.7777200000e+08 
-6.2110539606e-18 
5.5309919147e+32 
1.6520248320e+10 
-4.6085266532e+23 
2.8322496153e-19 
8.9022377286e-24 
5.8374748232e+31 
2.9988935959e+13 
-7.0826395963e-12 
3.0413180307e-10 
4.8450139122e+23 
-2.1615468884e-19 
6.4391738088e-35 
7.2628389844e+31 
5.5648683295e+15 
-3.7054898739e+00 
-1.9890525757e+33 
-8.3986196632e-14 
2.6234661016e+35 
9.0859493377e-19 
-7.1959902223e+31 
1.2453221530e-01 
-1.5273711231e-34 
3.4867089540e-16 
-4.7945681546e-32 
3.6875286606e-22 
8.4189083749e+24 
1.3335866388e-03 
-2.9121755000e+06 
8.8208852914e+16 
-5.2667058038e-27 
2.1067355000e+06 
-1.6519250667e-36 
5.8639954577e+19 
-1.4046910000e+07 
-3.9608887489e-24 
8.4423536892e+33 
-3.4402338867e+03 
3.6051666627e-19 
5.3288683189e-18 
-2.2848464029e-26 
-2.3017142354e-30 
-1.8853956420e+13 
5.9660546574e-32 
-1.6959164935e-35 
-2.3554900160e+22 
1.9625767155e-32 
-1.4171596250e+06 
6.1285522987e-24 
5.3286130902e+32 
-7.4631558730e-39 
5.8941003418e+02 
3.7262875000e+06 
6.2242874674e+32 
4.5755571554e-10 
6.1489360689e+33 
-1.7927447971e-06 
-7.0289052734e+03 
2.7454337843e+11 
3.6192193750e+05 
-1.5483884910e-23 
-6.2433888536e-36 
5.7179795549e-16 
-1.1362186517e+17 
3.4230500605e-17 
1.5828707387e+35 
-1.4255247649e-08 
1.1940454953e+27 
-1.6480496875e+05 
-6.8426024292e-19 
4.0363256000e+07 
-1.7794252336e+28 
9.5436307379e+14 
4.9918039294e+14 
2.5696119229e-17 
-5.7602807617e+03 
1.0206513136e-29 
6.4609901158e+27 
-2.8863922962e+13 
-1.8183470667e+27 
-6.8722962203e+13 
2.3985936811e+27 
1.4914729173e-37 
-1.7933410384e-25 
-3.0517724808e-03 
1.0480026948e-13 
-9.0749682960e+21 
-5.0900392305e+21 
1.3119079767e+29 
1.6556693933e-32 
2.2324861146e-36 
2.0636378717e-10 
6.6134695463e-22 
-2.6421620736e+10 
7.9649549178e-09 
2.7335428143e-08 
-1.4679851050e+27 
-9.0425784558e-32 
1.5433462579e+11 
2.3230758907e+36 
1.3860666831e+33 
2.3640057932e+36 
2.3081976330e-09 
-1.8022783234e+29 
6.1412339526e+35 
2.3509055344e-16 
-2.1106672513e-21 
-1.5312575684e+03 
-3.0151127248e-06 
9.2800322454e-04 
5.5045145115e+21 
1.2077093822e-20 
-6.8051864144e-10 
2.2766393207e+19 
-2.9764289036e-02 
-8.0230555338e+18 
7.7348946323e+32 
-2.6010926309e-35 
3.2019326576e-19 
1.0197231789e+36 
4.8732485468e-14 
1.1961825197e+21 
4.8920576791e-12 
-1.6797758927e+35 
-3.2910750947e-12 
-4.9290106237e-37 
6.1185162642e+17 
-3.0192906508e-10 
-2.8459454701e-16 
-1.9354427184e+27 
3.5497279167e+00 
-2.8812512703e+22 
-2.0999740127e+22 
-7.3463505524e+29 
2.3650475461e+24 
-5.8348478959e-26 
3.0778034376e-25 
-1.0948361380e-25 
3.3226092544e+10 
-7.3742310664e-26 
2.0681231714e-18 
-1.5224097701e-31 
-1.6397563225e+17 
-4.2252123744e+32 
5.3413492813e-30 
1.9155697912e+21 
1.5812005852e+16 
-4.5871021340e-27 
-1.0768273969e-21 
4.0762517104e+27 
-5.0051510000e+06 
-1.0433459667e+35 
-9.9048624394e+35 
9.3718088791e+22 
3.7463771672e+32 
3.9052549564e-32 
-1.5589503919e-23 
2.4463692787e+22 
5.9883335203e-37 
4.5632390916e-27 
7.4439211170e-20 
-3.0189705942e-18 
1.7519225306e+33 
1.4838689956e+12 
-3.2561115000e+06 
-3.5089547929e+29 
8.2676563078e-13 
-9.0596695405e+30 
3.1842212250e+13 
-1.0513734400e+09 
-1.5118564988e-05 
2.8037901861e-11 
1.7395330890e+21 
-6.6423427734e+03 
8.6936760320e+09 
2.7965228976e-15 
-1.4983084498e+38 
-9.8885251987e-08 
-5.2024252826e+11 
-2.0091458830e+38 
-8.3503073310e+36 
4.0972700715e-01 
-1.9704477319e-24 
1.2767362708e-24 
1.8410509762e-25 
2.1247278400e+08 
-5.4128693591e-05 
1.0474698310e-22 
1.1635196861e-03 
-5.1886479360e+09 
-3.0453641698e-19 
5.8482891540e+19 
2.0760238479e+15 
-1.0346649219e+05 
-8.9420081291e+27 
7.7901701263e+24 
-6.0257333517e-01 
-4.0871701168e+27 
1.4814081078e-04 
1.1079143284e+37 
1.0412449219e+05 
-3.0481581493e+24 
-8.6459379441e+21 
-2.6203419249e-35 
-2.3872806914e+28 
6.8918126023e-35 
2.0025424027e-11 
-2.1601325048e-29 
2.5492496875e+05 
-2.0111676306e-02 
