2.3509887016e-38 
0.0000000000e+00 
0.0000000000e+00 
0.0000000000e+00 
0.0000000000e+00 
0.0000000000e+00 
0.0000000000e+00 
3.5873240687e-43 
0.0000000000e+00 
0.0000000000e+00 
0.0000000000e+00 
0.0000000000e+00 
0.0000000000e+00 
0.0000000000e+00 
0.0000000000e+00 
0.0000000000e+00 
0.0000000000e+00 
0.0000000000e+00 
0.0000000000e+00 
0.0000000000e+00 
0.0000000000e+00 
0.0000000000e+00 
0.0000000000e+00 
0.0000000000e+00 
0.0000000000e+00 
0.0000000000e+00 
0.0000000000e+00 
0.0000000000e+00 
-4.4236203410e-34 
7.1746481373e-42 
0.0000000000e+00 
0.0000000000e+00 
0.0000000000e+00 
0.0000000000e+00 
0.0000000000e+00 
0.0000000000e+00 
0.0000000000e+00 
0.0000000000e+00 
0.0000000000e+00 
0.0000000000e+00 
0.0000000000e+00 
0.0000000000e+00 
0.0000000000e+00 
0.0000000000e+00 
0.0000000000e+00 
0.0000000000e+00 
0.0000000000e+00 
0.0000000000e+00 
0.0000000000e+00 
0.0000000000e+00 
0.0000000000e+00 
0.0000000000e+00 
0.0000000000e+00 
0.0000000000e+00 
0.0000000000e+00 
0.0000000000e+00 
0.0000000000e+00 
0.0000000000e+00 
0.0000000000e+00 
0.0000000000e+00 
1.4307893389e-34 
-1.6458600745e+22 
-2.9849744396e-22 
-2.2830892830e-24 
6.9466957726e+18 
1.8155220646e-18 
2.8467749068e-19 
-4.9901168415e-26 
-1.4981747822e-34 
-1.5455929849e-24 
-9.4294914743e-04 
-2.1231665782e-38 
1.6711783809e+13 
3.7133285463e-38 
-1.2470955467e+35 
-6.7156780800e+08 
2.5521395728e-02 
-5.2073751245e-28 
1.8629136813e+32 
7.8772484375e+04 
-7.0196601808e-20 
2.4402121094e+04 
1.1453806080e+09 
6.9194932552e+12 
1.4683623482e+21 
2.2167562486e+12 
5.9589429584e-16 
-1.7277340669e-09 
-1.4436504076e-11 
-1.3217344179e+35 
-4.0340551574e-20 
-4.2404873490e-30 
-1.8480395894e-36 
2.0153196834e-16 
-9.2247477325e-24 
            nan 
1.1237782528e+10 
5.2412228203e-12 
7.3595278642e+19 
1.3811914375e+14 
1.9487713500e+35 
-8.4312857053e-30 
-8.6573160598e-32 
1.2329623103e-01 
-1.9885173760e+09 
8.8917324679e-24 
-1.4644474884e-29 
            nan 
-3.2298549147e-18 
2.1981907776e-04 
6.5354958123e-30 
-1.6817369897e-07 
-2.9768617188e+04 
-2.9742230000e+06 
-5.9879239680e+09 
8.4590391225e+22 
-3.6350112112e+16 
1.7900788471e+25 
-9.3031610107e+02 
7.7851647351e-10 
9.8245181030e-17 
2.1182733630e-24 
-2.8737211833e+25 
5.0843935460e-02 
-7.2158571436e-13 
-3.0492886789e+22 
-4.5328181250e+05 
-9.9674114448e-12 
-1.4104473490e+27 
6.4580820041e-16 
-5.0660918954e-21 
-3.1964580771e-23 
-1.4366006662e-33 
-1.0184332800e+09 
-3.7457773441e+15 
9.8373762469e-09 
-5.7502400867e+37 
-1.2848957000e+07 
-3.8966607056e-30 
-2.4385285458e-10 
-2.6096220570e+11 
-2.2775288526e-38 
3.3782214355e+02 
            nan 
-5.1169178627e-22 
3.1504141978e-31 
-8.8566865333e-23 
3.2021010432e+10 
1.2301213650e+21 
2.0729497339e+20 
6.2018983699e-12 
-2.9980300340e+32 
-1.1635860839e+27 
1.6868108511e-01 
5.1281854464e+11 
-1.6738902534e+22 
-2.1387396240e+02 
6.2081934732e+32 
5.3653166525e-26 
-2.7758200244e-22 
-2.1013459191e-03 
            nan 
-7.9409720986e-13 
-4.4091139686e+11 
6.9197509207e+19 
-1.0555745595e-13 
-1.1904524800e+09 
-2.9417998031e-32 
2.2241616245e+30 
4.5924146944e+31 
1.1328652317e-13 
6.2766852621e-20 
1.5442874647e+22 
-2.8557914008e+15 
2.8770764475e-28 
2.8206052147e+11 
2.5467265553e-37 
-1.2526410818e-01 
-3.5406897468e+34 
-2.1160595286e-18 
-3.7268577557e-08 
-9.7927675141e-27 
4.8710062145e+27 
1.5947273750e+06 
-4.6227377903e-15 
6.4693192360e+13 
-1.2417045357e-23 
1.5110445649e+26 
            nan 
2.5000826775e-18 
6.9243543229e+26 
2.6440717929e-30 
-6.9251520000e+07 
5.1380439522e-24 
9.0082340240e+00 
-3.7472255016e-26 
1.5560068434e+26 
-9.7843062768e+13 
-1.1738105915e-29 
-1.2231695109e-05 
4.5469942478e-08 
-8.4074206950e+36 
8.1039563520e-04 
3.2399206543e+03 
-3.9507100389e+30 
1.6757664502e-28 
-1.0304889742e-07 
-5.1847784375e+05 
1.5621845156e+12 
3.4126589592e+13 
-3.9463941750e-19 
-9.6951071173e-03 
-1.0550115982e-33 
-1.3972657117e+16 
7.3127689989e-28 
2.1897159130e+25 
-1.1146303874e+24 
-2.4078704853e-17 
-6.9106731415e+00 
-4.4907993394e+27 
3.2682213376e+11 
1.7710443397e+12 
3.0032214355e+02 
2.7686573601e+19 
1.5930194446e+31 
-7.7503749745e-38 
-3.6132692811e+22 
6.1442751256e+35 
8.1419841235e+24 
1.6074208879e+24 
-8.1991462508e-09 
-9.3366876868e+32 
3.5486570090e-25 
-2.6843400916e-29 
-2.0983592641e-09 
-5.3035410537e-24 
1.6173425664e+10 
1.3441866804e+16 
-1.0049353491e-29 
-2.0845984661e-10 
1.6667756200e+13 
-2.7795874877e-34 
1.7351929446e-28 
5.5844108997e+34 
-7.9123894936e-12 
-1.2375624507e-17 
-2.8893571286e+18 
2.9992910553e-35 
1.4673596853e+16 
1.1958721943e-29 
4.9908553070e+29 
-2.0140531493e+26 
-4.3820353916e-34 
7.0666125312e+10 
8.8082923796e+35 
3.3100552036e-17 
1.1298658919e-31 
2.7263900265e-03 
-1.5898819794e-19 
3.8480511943e+33 
-8.2598384380e+15 
-7.9801221120e+11 
-1.9000535991e+30 
1.8120824657e-16 
1.5324237791e+13 
6.6251995017e-25 
5.6854661833e+37 
1.9346352128e+10 
-1.9367793753e+35 
3.4376911795e+16 
3.0234251669e+34 
-7.9936295535e+13 
-2.8030632625e-14 
-1.8413566072e+38 
-5.4790161609e-25 
-8.2494759358e+21 
-5.2577877087e-36 
-1.3198219739e+34 
4.5258019237e-17 
1.0336171873e+27 
-1.6381949463e+03 
-3.8319153435e-27 
-1.4731659103e-34 
-1.0264079607e+29 
-5.2835897344e+10 
-7.0378107786e-09 
-1.8080171204e+02 
3.8177124194e-22 
1.2165905237e+00 
-4.3806947653e-11 
-5.1980324962e+24 
-2.2747620831e-22 
-4.9324451447e+01 
-5.6233040799e+25 
-1.5159149986e+13 
1.4033290625e+05 
-2.1358324540e-18 
2.0562161920e+09 
-7.1280517135e-16 
-2.4164750352e-19 
9.2723028564e+02 
-1.0341934430e+16 
-1.4225086000e+07 
1.4606153392e-29 
5.3038742188e+04 
-3.4641586354e-27 
-3.1053474035e-24 
1.2479058854e+28 
-2.3599292831e+30 
-5.8312454865e-10 
-5.6164621673e-31 
1.1047583094e+38 
-2.1812381647e-15 
2.3309405985e-30 
2.0403110634e+24 
1.6815004237e-37 
1.8033459761e+25 
2.3053508682e-32 
-1.1289542099e+38 
1.8368892188e+05 
-6.3085719380e+31 
-4.5993363784e-08 
-2.2626535316e-14 
-4.3100433422e-33 
            nan 
-1.2288599247e+26 
3.5853573292e+13 
3.0393807667e+11 
6.9664310000e+06 
-9.6704118294e-21 
4.9175673011e-16 
7.7269351482e-01 
-3.4284313374e+15 
3.9909731790e-28 
-4.4771905192e+24 
9.7510793750e+05 
-1.0542009043e-08 
2.4144651413e+01 
3.4869806000e+15 
-8.9065444797e-08 
9.5919112192e+11 
1.7495977059e+17 
-2.5072782040e+00 
5.9468656045e-19 
1.1438988540e-38 
-1.6438316237e+16 
6.4349844801e-33 
-9.1952340995e+29 
-3.1474168839e-14 
-9.2568193086e-39 
-1.0129295612e-17 
-9.8178767929e-39 
-1.2345985434e+11 
-9.2289447784e-02 
-6.8682667751e-27 
-2.2727698977e-27 
2.0464736758e-36 
2.0031239700e+27 
2.5773020301e+33 
9.0349841849e-28 
-8.1557871567e-10 
8.7009632762e+17 
5.5684765625e+02 
-3.0447895899e+17 
-4.8521386394e+12 
1.8256640625e+03 
-6.9385390722e+28 
-1.3444851505e-21 
-2.6696530487e-20 
6.4458915840e+09 
-3.3679657140e+13 
-9.2890337579e-26 
3.2251037500e+06 
-8.0341048386e+27 
-7.0192023880e-18 
1.3358849014e-35 
3.0070147402e+23 
9.1347873211e-01 
-7.5705215273e+16 
-3.1182242167e-23 
-2.3581579754e+25 
2.3629339316e-16 
5.2744544746e+23 
-7.4242684660e+26 
1.4023016689e-14 
4.9065639299e-36 
2.4223510742e+01 
-9.5495324351e-35 
-6.3687190413e-04 
-1.6331524176e-18 
4.1801675618e+18 
1.9543326270e+27 
8.7305073201e-35 
-5.8207853023e-32 
-1.5316456015e+15 
-2.8220084230e+33 
-3.2005247604e+17 
-1.0070252419e+01 
-2.0734093553e-08 
-1.5177819559e+34 
1.1159301082e+23 
1.1963308789e-02 
-1.2382224910e-30 
-5.0469074548e+30 
2.5624665567e+33 
-7.7069860910e-14 
2.8686865226e+27 
-2.3140402811e+23 
1.5314186523e+04 
2.0725970645e+28 
3.4702226741e+37 
1.1333733951e-10 
-4.6128467196e-32 
1.3894955930e+21 
-4.3330725478e+11 
-3.0690238849e+38 
3.7716366317e-22 
2.2090899449e-29 
-1.5644979950e+25 
-1.6651493376e+11 
2.9013922500e+06 
-4.4919365000e+06 
2.1554924198e-33 
1.2739063477e+04 
-9.6246043873e-29 
1.3750721847e+23 
4.9006653359e-34 
-1.3853000396e+22 
-1.4557997485e+23 
-1.8597378575e-33 
-9.7545718576e-32 
1.3816214532e+32 
1.0691514938e+14 
-6.2420143819e+32 
-2.8155189387e+25 
-1.4720753043e-19 
-2.0775170745e+36 
2.9065035839e+23 
-3.8209861941e-09 
4.4744770296e+35 
-1.1744150000e+05 
-3.1854080093e-27 
4.5324668463e-07 
1.3790964898e-13 
-1.4274674424e-33 
-1.3427589120e+09 
1.5220006063e-33 
-1.4553928071e-27 
2.4167482583e+28 
-1.8209714200e-14 
-6.0089618877e+18 
-1.3010620830e-36 
-7.4808967366e-20 
-8.0468900876e-08 
1.4213331938e+00 
-8.9885390797e-13 
1.2297860508e-09 
-1.0461394566e-19 
2.4955987220e-31 
-2.0231353577e+25 
1.3457106431e+19 
-9.9541637155e-07 
-1.3985073600e+08 
5.8420067863e+33 
-1.5242060547e+04 
6.5359533837e-34 
-6.7188052460e+15 
-1.0054065579e+18 
8.6441292182e-18 
2.8728591309e+03 
4.3102307341e-28 
-5.1847758553e-32 
-1.3171106932e+14 
-5.3813665771e+02 
6.1123987816e-11 
-9.7144007104e-38 
1.2823454558e-14 
4.3687488553e+25 
-6.0443136440e+29 
2.5378917717e-11 
-3.5345308483e-02 
8.0340915867e+33 
1.0787029724e-18 
8.6196774748e-15 
-4.4194703122e+32 
-3.0525597500e+06 
-5.2101289175e-32 
-3.2005125004e-13 
3.5229843456e+11 
-1.7507998002e-32 
-3.8679386489e-03 
4.3007062969e+35 
1.8095245585e-16 
-1.3211475693e-15 
2.7840967740e-31 
1.3464303265e-05 
-6.9337609861e-32 
2.5881685197e+11 
1.6701135646e-13 
-1.8027423903e+28 
-1.9013458394e+37 
4.1693222011e+12 
-6.5664379686e-37 
2.0126754816e+10 
-6.3577775535e+18 
5.8537658435e-27 
9.5627160590e-07 
2.4458178922e-17 
-1.4385215741e+18 
-3.2444526367e+03 
3.3379834869e+14 
1.5029459481e+30 
-6.4625503172e+15 
1.8305257981e-05 
-3.5168280727e+22 
4.3479734483e-36 
4.4243783516e+13 
-3.2494356582e+26 
3.8677755520e-23 
-2.9398793231e-06 
4.2743880613e-07 
-1.5824497764e+17 
5.0885206158e+31 
-4.5408378872e+19 
-5.5089522304e-37 
9.8932604928e+10 
-2.6641435957e-38 
-7.6048594342e+27 
-2.1931186352e-27 
-3.2543932416e+12 
3.6917559292e-19 
1.1973198443e+16 
1.6233293027e+19 
-2.8168166957e-25 
2.3242153484e-32 
-2.8905639929e+15 
-1.9505986667e+31 
4.1512053871e-19 
-1.5275967361e+26 
-5.6657140000e+07 
1.7972505600e+09 
1.6706787451e-26 
5.5786228000e+07 
-5.5246045813e-03 
-6.3175639292e+37 
2.3910010190e+29 
1.2098626836e+25 
8.3991587500e+05 
            nan 
-1.7915527125e+19 
-2.2516473770e+01 
-6.4715189113e-15 
2.4998895312e+05 
3.7035237736e+18 
6.6275581250e+05 
1.1629650155e-23 
1.3076534797e-20 
3.5900495369e+29 
-3.2662718747e+24 
-6.1279405161e-11 
-3.0195686198e-35 
-3.6505800475e-29 
-4.0949407369e+15 
-6.5448660353e-15 
-4.3038385000e+06 
-6.9609256722e-28 
-2.4344644818e+27 
-5.3708920256e-24 
-5.2820540720e+25 
-7.8658300102e-15 
1.9320398851e-22 
1.2561809059e-19 
1.0364570772e+31 
-2.1543990140e-19 
4.1936418019e+18 
-8.3697247314e+02 
-2.2111022878e-31 
-5.6729238281e+04 
3.9733817826e-20 
1.5570776320e+09 
-6.8336547852e+03 
-4.5852622946e-24 
1.6416818922e-31 
1.9409981398e+26 
-2.3455304585e+24 
3.6885809961e+14 
8.4098222713e-25 
1.2989898651e+20 
-3.4953586426e+03 
8.0662137270e-01 
-2.4768894076e-13 
-7.5866905818e+37 
1.6487110335e-25 
-1.1212762445e-02 
-1.3133111624e-35 
-1.7607522103e-35 
-1.9574928491e+17 
2.1518866767e+17 
8.3127529720e+15 
5.3238550528e+10 
4.9306013692e-27 
5.3196341365e+17 
2.0045463013e-31 
-1.6576460204e-09 
3.4263227433e+13 
2.0282619498e-16 
1.9752004281e+30 
-1.4039525081e+23 
-5.0819938709e+18 
-5.1546800882e-02 
5.1323038084e+34 
-7.7129083978e-22 
-1.2202250183e+36 
3.7573908535e+35 
1.1360635175e+18 
-4.2632772292e-35 
1.7546363198e-32 
-3.4528700320e+18 
-6.1812305274e-11 
2.3514364804e-28 
-9.4168454409e-01 
-4.5108965396e+23 
3.2178804414e-19 
-4.6256633902e+22 
2.4173942566e+01 
-3.8775047660e-01 
9.1057448672e-30 
-1.9784916992e+10 
2.5234894843e-36 
-1.8797103677e+12 
-4.6085035920e+19 
-4.4268272000e+07 
-1.6229566302e-11 
5.6085114309e-14 
1.6708945623e-04 
1.9268877681e+12 
-3.7541721728e+29 
1.1497743729e-11 
2.7897116883e+19 
-1.6989039085e-17 
-1.9045573807e+34 
-9.0200939937e+28 
-4.0624612352e+22 
3.1731593609e-01 
-2.8555691918e-23 
-4.5968926310e+11 
-5.9188887572e-28 
7.6794733699e-34 
-7.2788931405e+14 
-1.5004678165e+37 
-2.9923296018e-37 
3.2719871751e+18 
3.5673450009e+26 
1.7881294914e+33 
-1.6020145552e-34 
-5.3575388392e-07 
1.0040817870e-04 
-5.9949882613e+22 
-8.3222744252e-07 
4.3103219200e+08 
-8.2128939718e-33 
-1.2623246875e+05 
-1.9766007986e+28 
-2.3989116016e-05 
-1.8472268266e-06 
1.5441914880e+10 
6.1661875807e-03 
-4.6811279218e-14 
-2.6797539001e-15 
6.6177388120e+22 
1.3960929209e-05 
-2.9227324611e+35 
-1.5174441293e-31 
-2.6349163744e-19 
-1.4860915048e+13 
7.9697968750e+05 
4.1028773785e-01 
-1.0911824314e+20 
2.4238643200e+09 
4.6190082229e+24 
-6.1066234375e+04 
-1.3389657252e-03 
4.5608451305e-20 
4.6141106505e-19 
1.1153876947e+23 
-9.0456940544e+10 
-5.0181713075e+33 
-1.0809372652e+24 
-1.4635195000e+07 
-1.1917926240e+15 
1.3305276632e+00 
-8.8952744686e+18 
1.2861769377e+22 
-2.6444237373e+13 
5.2473996105e-19 
3.0227242137e-33 
4.3327791143e+15 
8.4353045382e-12 
-2.0016478984e+25 
-5.2701579341e-18 
1.7617816205e+31 
-8.5935433162e-05 
3.1317027995e+32 
-2.2403316308e-32 
-2.5404390119e-32 
2.9262954102e+03 
-2.7120676045e+11 
8.8702164980e-19 
1.5249434416e-18 
-5.7444411054e+17 
-3.4220004126e-31 
2.4349158690e+32 
-1.8459915637e-38 
2.5128075087e+27 
2.0938724960e-20 
-8.2244041760e+24 
-2.7163042926e-09 
-5.0001600078e+36 
-2.4688865234e+04 
-6.3220812411e-22 
-3.5084335841e+12 
-1.6197950572e-06 
7.7767066676e-26 
2.6700896000e+08 
7.1675423553e+15 
-7.4188496181e-39 
-7.9653887042e-07 
1.2270042194e-32 
-1.0221764407e-11 
1.1427053485e-17 
1.1277231632e-29 
-1.0010602639e-17 
1.5757316694e+29 
-4.3985232062e+32 
-3.4011702519e-04 
-2.3486694545e-07 
-5.1454162518e-24 
1.5986875000e+07 
1.3111177566e-07 
-2.0277668451e+24 
3.3944591952e-34 
3.2240297099e-09 
-1.6910337876e-13 
-1.5803510596e-16 
2.1879593711e-15 
4.6273443848e-02 
2.5216105652e+02 
-3.7072807526e+11 
4.3357944694e+35 
2.5398551941e+01 
-3.4084436606e-08 
-1.3266988546e+34 
3.5273389580e+31 
-3.0130691969e-21 
-9.2462515831e-01 
3.5084566115e-31 
-4.4048300638e-32 
2.0082801437e-20 
-5.5087313056e-02 
3.0989498075e+31 
-1.2898898062e+32 
-4.2842025757e+01 
5.2168592091e+14 
-9.5388932506e+11 
-2.0549726400e+08 
1.9054833786e+24 
8.3970487625e+21 
9.4878212008e-22 
-1.2913312790e+34 
1.8663649818e+17 
1.1623855961e-37 
-7.4403353717e+19 
-2.9948812488e-28 
1.3873853477e+28 
-1.3878448511e-35 
-2.9389674288e-12 
2.2481397594e+20 
-1.3202676473e-32 
-4.3027381443e-29 
-2.4722374656e+11 
-4.3284667969e+03 
6.2198357426e+13 
-1.9261161472e+12 
-5.9756195057e-36 
2.2419183532e+21 
-9.6508566602e+18 
-1.1013748705e+17 
5.8385276958e-16 
1.0941960188e-22 
-1.8214943275e+34 
-1.2216688246e-25 
8.3759262529e+27 
-1.8895433750e+06 
3.0807558726e-09 
1.1920735847e+17 
2.6180569071e-36 
1.1795836720e+19 
4.3539030400e+08 
1.1503821605e+20 
1.9652702400e+08 
-5.2138324883e+21 
1.4504850229e-12 
2.7590596232e+24 
5.6995510533e-08 
-8.8860852602e-34 
-1.6975510865e-02 
7.8975036621e+01 
-1.9204594614e+15 
-3.7589644963e-23 
3.4216865897e-01 
-1.6509352850e-29 
7.6181567274e-03 
6.2575767438e-20 
-4.0506811526e+16 
-4.6183309320e-14 
-9.3834809210e+26 
4.1338021082e+32 
-2.3596870853e-25 
5.3693296640e+09 
3.7367730469e+04 
9.0517077167e-10 
1.6224395926e-26 
2.7257556480e+09 
-1.6958331853e-20 
5.4299400512e+26 
-4.0973070266e-36 
-3.3275971608e-19 
-3.1365112876e+28 
2.4325633788e+25 
2.4757338224e-07 
-2.0568536457e-11 
1.0478852378e-16 
6.2232171905e+13 
5.0916794945e-34 
-2.1250911316e+18 
-7.3409491963e+19 
1.0308526993e+01 
3.3591894400e+08 
-2.8461527839e-12 
-1.7968292188e+05 
3.7238817662e-02 
-7.1965095000e+06 
4.0476935149e-17 
2.5751430076e-03 
-3.3033073265e-37 
            nan 
-1.1104270085e+25 
1.2096074102e+14 
-4.5619038778e-36 
-7.5629866551e-33 
1.9868931253e-16 
-1.3868616903e+16 
-1.5722382805e-23 
9.5672380053e-25 
6.6796463728e-01 
1.3000202979e-30 
2.5059078638e+25 
2.7730050476e-17 
-5.6814216912e-38 
1.9790391630e+27 
5.9177086769e-06 
-1.3062344199e-28 
1.8520435106e-06 
1.2007969851e+26 
-2.2618820800e+08 
2.1310461691e+20 
3.7735234759e-32 
-4.2573112047e-20 
-2.8600666330e-21 
-1.0308937794e+37 
-2.0631464392e-18 
2.4037956238e+01 
9.5718236891e+35 
3.7991281557e+25 
1.0359016483e+32 
-2.5069464945e-38 
-1.9292594335e+31 
-2.5560738343e+34 
-5.6765168000e+07 
-9.4433389232e+28 
2.3056797555e+25 
-2.2317306324e+26 
-2.2374594518e+22 
-5.7051778927e+33 
-1.2223485461e+22 
2.0519212800e+08 
5.2994649600e+08 
2.7474961210e-18 
1.0235495885e+24 
-3.6792203993e+24 
2.3549371739e+26 
1.4105496833e+36 
9.8044730034e-30 
-4.3849286067e+35 
-1.3665212184e-15 
3.1104525533e-07 
-4.3370094183e-09 
-2.3838045575e+28 
9.2324059390e+32 
-2.5229869141e+04 
-1.1693967278e+12 
-1.3574442908e+32 
1.4779491060e-27 
-3.1184799347e+27 
-5.3634113515e-15 
-3.9307908777e+36 
4.5755568147e-01 
2.2793835315e+11 
1.0004625302e-13 
-6.0746474315e-19 
-7.3081704800e-29 
-1.9076408264e-36 
1.9006820188e+12 
-6.2028407663e-29 
-5.4326884070e-21 
2.4472094537e-06 
-4.0863508785e+25 
2.1004670794e+20 
5.1337850973e-22 
-4.7246613879e+18 
9.2738325628e+30 
3.8346222348e-20 
-1.7959897605e-06 
1.3486190593e-22 
-2.9410577662e-27 
-4.1351259483e-07 
3.3567389473e-03 
-1.7069335955e-15 
-6.6992955718e+16 
-2.1587542672e-27 
-1.1105859782e-14 
7.1799985000e+06 
-2.7343322816e+26 
-1.5630600731e-15 
-2.2992486134e-02 
-5.8177970893e+32 
1.9788722469e+21 
-6.9166946058e+13 
3.3500692418e-27 
1.2069054874e+11 
1.2356709623e-12 
2.9464298976e+29 
-4.0154993750e+05 
1.9107486241e+18 
-4.1712505436e-30 
-8.8675412229e+20 
-1.3628397500e+06 
3.1481705110e+19 
-2.6510751512e-17 
4.9883740763e-20 
-2.3259404698e+11 
-5.5822953010e+19 
-2.5968060477e-37 
1.4354994556e+37 
2.4700737529e+32 
-1.2819727726e-26 
-2.4267896875e+05 
-2.7386637945e+38 
6.4395544680e+28 
3.9155418361e-34 
-1.1151551000e+07 
1.3847927039e-04 
1.2338421288e-29 
1.7925726041e-20 
-4.1024455881e-38 
-5.0823793816e+20 
-1.8938371768e+12 
-1.9972513616e-01 
-3.7281757500e+06 
8.5026325062e-23 
-6.4164749818e+19 
3.2217487912e+21 
2.6648270392e-35 
4.4088383472e-28 
4.8950582886e+02 
4.5481141862e+11 
-3.0017511372e-27 
-3.0070759503e-34 
-7.4452593424e-08 
3.6850423171e-34 
4.9883701073e-29 
6.2514918372e-13 
-1.9283999110e-26 
-1.0223295000e+07 
-5.8499883288e-33 
4.6839519027e-31 
-3.2698850529e-24 
3.5648459185e-10 
2.7780996490e-25 
-8.3196166184e-24 
2.6984830000e+07 
3.8445547474e+23 
2.4645655326e+23 
-4.3971990400e+08 
-7.6027980800e+09 
2.0796642021e-18 
-9.7519933251e-21 
6.2219190000e+06 
-6.8463743728e-19 
-8.8711401884e+18 
4.5504265359e+28 
1.2692266108e-24 
-1.5859713245e-35 
-5.9674140984e+35 
1.3125315309e-03 
-5.1348072626e+19 
-1.5594599952e-37 
-6.5809119771e+21 
-2.1795806885e+00 
-1.2905545113e+36 
2.4217857808e-16 
2.4886682470e+27 
1.9285462984e-14 
-1.2863457203e-02 
-9.6090793610e-02 
-1.2484771531e-27 
-1.9349755381e+17 
2.3422837257e-02 
-4.9270700367e-14 
1.1924171391e+14 
4.7423918395e-31 
-5.4735876915e+11 
7.6014569261e+19 
4.9752640000e+06 
-1.4678540878e-37 
-5.7704735876e+24 
-1.3894765625e+03 
-3.7761148899e-36 
7.3527965536e-17 
2.1990986908e+21 
-5.0423807352e-09 
-1.7406155559e-36 
-1.3766474467e-06 
8.2614224421e+13 
-1.2643148595e+11 
-5.5633529687e+24 
5.5603738874e-02 
-6.5591761979e+18 
-3.1810898317e-15 
8.4082176000e+07 
-1.9691182018e-10 
-3.9569855639e-15 
1.4972069672e-16 
-3.3296411857e-05 
-1.0809812734e-22 
2.5291172783e-38 
1.0898494925e+22 
2.4708789626e-21 
-7.8208565248e+10 
1.4136311808e+10 
-7.0423932955e+33 
-6.4270646022e+35 
-3.4765349237e-15 
-3.8547707066e-23 
1.4500634279e-05 
-4.7810061525e-38 
-1.2414910118e-34 
-1.9017366865e-34 
-2.9746790460e-05 
-5.1887177506e-06 
-3.8638517502e-15 
-1.9662136584e+27 
2.8599215199e-30 
-1.0137940156e-13 
7.4175158313e-34 
-6.7502760778e-16 
8.5023300272e+33 
-1.7463029287e-11 
-6.4220317376e+22 
-3.5745796875e+05 
-1.6533627926e+19 
6.4917541601e-20 
5.4796487437e+18 
1.3208846939e+23 
4.3238237279e+36 
2.8501425310e+17 
7.5404645048e-35 
2.9481448109e-06 
3.2943623880e-18 
1.9426505533e-37 
2.3080984000e-18 
-7.6878853861e-07 
1.5137141099e-23 
-6.0755991019e-38 
-8.7575263654e-32 
-6.7952800231e-23 
-7.0855882179e+12 
5.4234841416e+34 
-8.5114038638e+27 
-1.0896849559e-30 
1.5276296802e-14 
8.9314816201e+28 
-1.7883519682e+21 
2.7541869141e+04 
-1.3629451752e+01 
4.0519142403e-13 
6.1556873322e+01 
4.9383050817e-13 
1.2539363998e+21 
-2.7475654130e-12 
9.8484868455e+14 
1.9598568431e+33 
-3.3025569658e-21 
-3.0427502211e+26 
-1.4837778951e-15 
3.4553464257e-11 
-5.0764000314e+29 
-2.6117352442e-24 
-4.3963190255e-34 
1.0555550944e-05 
-5.5799832950e+31 
8.6150575737e+16 
-3.5383388650e+37 
2.1889169790e+29 
-2.3571138423e-35 
1.0523616749e-29 
-3.9510148749e-36 
-2.1993307065e+18 
-1.0877351971e-11 
9.4077190367e-28 
1.4778317500e+06 
1.0020431064e-30 
-1.4132019877e-01 
-5.9271012352e+10 
-3.5072539172e+36 
-1.6160554424e-06 
3.9838597937e+17 
6.6030920243e-20 
1.5338803083e-34 
-1.4331903134e-36 
-8.4482757162e-13 
-2.6914134116e-11 
7.5067854474e+14 
9.6641216278e+00 
2.5401759148e+00 
8.1850855041e-29 
-6.0628168646e+37 
1.2835020065e+01 
7.3110693055e-30 
4.5095636190e+16 
6.8024051189e-01 
-5.0198551340e+21 
9.5198132098e-02 
-9.9560117694e-33 
-1.9506651568e+18 
-1.5068143596e+30 
-2.0308133389e-04 
-1.1055867051e-13 
-4.9241221870e+20 
-9.2274873075e-20 
-7.7684481389e-31 
1.1182289999e-36 
-1.0324357491e+17 
-4.7793143360e+32 
-4.2311517334e+02 
5.6254200000e+07 
9.2582590726e-20 
1.4320609146e+23 
6.5585958769e-23 
9.1720125990e+30 
3.1608622659e-36 
-1.0751493041e-32 
5.5517184734e-01 
1.0647754880e+09 
-8.1114969719e-19 
7.9921625556e+18 
-1.5355580602e+20 
-2.4835705663e-14 
-2.5148096716e+23 
-1.2487239926e+14 
3.7574316375e-03 
-4.9384802723e+27 
-2.6793718985e-37 
4.1622674161e+24 
8.3946803036e+12 
1.1204228091e+24 
1.0737263074e-04 
4.3187917862e-24 
-1.0266601448e-20 
1.8128318188e+22 
-6.3972316866e-16 
-4.4936809540e+00 
-4.0439150962e+34 
-1.5370784760e+01 
5.8502165334e-24 
4.7195746252e-28 
1.3616062657e-23 
2.0197308913e-04 
-2.2846754378e-34 
6.5291140051e-18 
-5.4100994795e-09 
-8.5935333531e+36 
5.4485247967e-35 
-8.7564725282e-26 
2.5776153781e-11 
-8.8641255447e-10 
-1.4469377744e-38 
4.8354236603e+01 
-6.4416151293e-27 
-2.9445896508e-30 
-2.6999461651e-01 
1.8591008941e-11 
7.9243357308e-35 
-2.4564652587e-33 
-4.1014646387e-18 
-7.4743335788e+28 
-4.3514364016e+28 
4.1151275638e-13 
-4.2249138834e-36 
-6.1710521902e-40 
3.0892012625e+27 
8.0689219863e-30 
-4.6711310209e-31 
-1.4970138880e+09 
-8.6339480056e+31 
-1.2161604876e+21 
1.3949337254e-27 
            nan 
-1.1057307368e+36 
-6.2270188332e+00 
2.2749243392e+10 
2.3081040767e+33 
2.5056271974e+32 
2.0945132584e+36 
-2.6013067659e-20 
-1.2222655078e-31 
1.5082629366e+12 
-5.0434652800e+08 
-2.1934664117e+20 
-7.0421462027e+34 
-2.7258583984e+03 
1.1450092278e-14 
-8.4665466240e+15 
-1.9602886963e+03 
-3.4943472869e-34 
1.5746250629e+23 
1.0478173553e+13 
-2.3792516846e-09 
-9.3434678845e-21 
-1.7108508680e-34 
-6.8143751832e+17 
-5.5813505418e+32 
2.4359268936e+30 
1.0869940837e+20 
-2.0777129984e+10 
3.2927331543e+03 
-7.2460294596e-27 
-6.6829667969e+03 
-3.0701039086e-25 
1.6196029000e+07 
1.2505166946e-16 
-3.3172786113e-29 
-1.4537272044e-02 
1.5753199477e-05 
2.5813076782e+02 
1.8881299950e-34 
-2.0755744521e-23 
3.9348295680e+09 
1.3967342591e+30 
1.0475427221e-13 
-7.0064488140e-19 
-9.2319595524e-08 
-8.2188110484e-12 
3.9885883631e-15 
1.5971748246e-35 
1.4586096640e+09 
1.4115443896e-28 
1.6527363906e+30 
2.1602710000e+06 
-6.8577807397e-03 
-4.4617704587e-24 
4.4700557817e-14 
-9.3831640000e+07 
8.8633038917e+14 
-1.3920588493e+01 
2.9193463905e-36 
1.7949047967e+27 
-3.8746206061e+34 
-7.8307094789e-20 
2.2725630799e-07 
-1.8153250115e+22 
2.3992247425e-11 
-1.1146246144e-13 
-7.9232979433e+17 
1.2154029540e+32 
-7.1985658846e+37 
-2.0762674913e-10 
-4.7155652957e-16 
-1.9345779553e-25 
-1.3502138181e+14 
-1.2338990929e+17 
-1.6928074094e-30 
3.3686017639e-21 
5.0016448000e+08 
1.0458341550e-13 
-1.5059448242e+03 
-8.3234326184e-40 
3.9224308461e+30 
-4.2446814965e-26 
1.5280551452e-05 
-1.0530097188e+37 
1.9916599365e+20 
2.7231901414e+38 
2.4464167048e-16 
6.1816130872e+30 
-3.4029410103e-18 
2.3922827330e+13 
1.7338105566e-31 
2.0992940664e-01 
4.2595604480e+09 
1.2673824448e+26 
-4.4873353637e+24 
-5.5961637722e-20 
1.3091872979e-21 
-6.1951274856e+17 
-1.4143834239e-16 
1.0867641634e+34 
-5.5823727135e-32 
9.9607369700e+17 
3.7526651289e+32 
7.2830970918e-22 
-9.7075231506e+36 
-3.4489969445e-26 
-1.7546112675e-13 
-1.0922431087e+13 
-5.5334995493e+13 
-1.4590906000e+07 
5.3829722471e-22 
-7.5349437958e-28 
5.1447502727e-32 
-4.8354058830e+13 
2.1008883148e-38 
4.0688448704e-13 
3.8138230469e+04 
-3.4038296021e-29 
-1.2664679388e-28 
2.5386445224e-02 
-1.1808630824e-01 
-2.0168366973e-05 
1.4651198685e-01 
-1.1887641092e-18 
-1.2942646875e+05 
-2.7718901367e+03 
-1.2068516912e-32 
2.7072147152e+20 
-8.7350704447e-09 
1.0583770482e-38 
-7.1841557617e+03 
5.9903219065e+33 
-2.9125902871e-16 
2.1180501252e+29 
-1.1541544609e-08 
1.2203033685e-20 
-2.0779518141e-17 
-3.1497225816e+18 
-1.7357791495e-28 
2.2461727229e-17 
5.1681930344e-17 
-6.3294805817e-18 
1.6229411175e+16 
2.8688822861e-21 
-1.2316314400e+08 
-3.9310796715e+28 
-2.6958779814e+31 
5.0615429662e-37 
1.0357639168e+10 
-2.1146039723e-29 
9.3462460347e+17 
-1.2174581728e+35 
-1.2829238065e-28 
-2.6937130839e-02 
-6.5975361025e-13 
3.5914192627e-12 
3.0045128906e+04 
-6.6469072266e+03 
2.2767733811e+31 
2.6605109215e-28 
6.0288021341e-03 
-1.0406749789e-03 
-1.3992280280e-20 
-2.3242925818e-04 
-5.1602238901e+21 
1.5995585428e+38 
-3.5005003214e-01 
-2.8712924399e-11 
-2.3400731087e+00 
-2.8480323277e+17 
-6.0606410530e-28 
-7.3627341395e-32 
1.0596971407e-19 
-6.3784565546e+31 
-5.4288327505e+31 
-2.7012813334e-18 
-1.4162824691e-08 
2.8517811590e+28 
1.3582531000e+07 
1.6144228283e+33 
-3.0890892800e+09 
-5.1254030201e-27 
-3.9682663339e-23 
-2.6159276779e+15 
-1.3493851498e-35 
3.5874165926e+22 
1.4459412575e+01 
-9.0054055909e-04 
9.2732449275e-07 
-1.1203954511e-29 
4.5981120311e-35 
-2.0729186379e+23 
-4.9614836978e-13 
-1.6892608260e-24 
3.6194056641e-09 
-1.5390649734e-30 
-6.5505888779e-04 
1.2360361700e+29 
8.1999780351e+25 
6.2441188220e-07 
2.2716458598e+11 
1.7084445991e+30 
-6.6908351103e+13 
1.5106795027e+38 
7.5703410842e-16 
-6.9845826394e-34 
1.7119517501e+22 
4.4888738543e-02 
2.0638750381e+26 
4.1251660995e+14 
4.2405410563e-35 
-6.5462704329e+24 
3.1085011385e-33 
-1.3234114319e-20 
9.1684818268e-02 
1.9736045814e+13 
3.5347585327e-31 
-1.4458764609e+26 
-1.7567360000e+07 
-3.9134699192e+12 
-2.7652851442e-20 
-6.1834383809e-25 
5.9212710122e-29 
2.7273873264e-12 
-9.8650378418e+02 
-3.1641793750e+05 
2.9281770537e+12 
8.5968965237e-14 
2.1315241548e+33 
-1.9688334465e+00 
-1.0911543530e+27 
-2.5721421465e-02 
-5.6410483489e+24 
1.4268018466e+20 
5.9554603475e+23 
9.5112790583e-29 
-5.8259808854e+29 
-2.2552332132e-38 
-5.8089154240e-16 
2.2968641090e-39 
1.3699913267e-37 
1.5931289062e+05 
1.0980384498e-23 
3.6384842053e-19 
3.3095104664e+24 
4.9753378125e+05 
-7.1452329833e-21 
1.4482504539e+34 
1.3989024892e-27 
-1.4087890625e+05 
2.8162632881e-37 
-2.1329607595e-14 
1.3542219302e-33 
4.9279904088e+29 
-2.0939943431e+28 
8.2659949996e-09 
4.6621380438e+35 
2.1793241703e+27 
-5.0693709959e+23 
3.6432485616e+21 
2.2727777426e+14 
-7.3054205451e+20 
-8.9222331966e-16 
-1.0436040800e+08 
-2.4013032865e+28 
-1.5792171264e-39 
-2.3960508074e-31 
1.2039182617e+04 
-3.0397630197e-15 
3.4018667579e-25 
1.3912485513e-32 
1.1117993750e+06 
4.5435597375e-35 
-2.9833811442e+21 
-4.1543975281e-30 
2.5448273920e+10 
-1.0951464478e+14 
-3.0157806506e+16 
4.8144166816e+21 
1.6517950669e-21 
-4.0994076189e-11 
-9.3233157584e+26 
2.4654903150e-30 
-2.3093336132e-09 
-2.1696178615e-01 
3.9294573071e-05 
1.5931026638e-01 
-4.8289225508e+22 
-1.1696380714e-20 
-6.5284695625e+00 
2.8581883527e-08 
2.6578792685e-24 
-1.2676053680e-02 
-7.2517113949e-06 
-2.6281259060e+00 
-8.9086558208e+11 
4.4540765157e-29 
8.0683438402e+32 
-2.1187571561e-32 
1.0762280732e+15 
-2.0403519488e+12 
1.7353844446e-26 
-2.6954319633e+29 
1.2430306641e+04 
4.9538859563e-16 
-1.5849750552e-27 
3.8112664685e+15 
4.8870601522e-17 
1.1027630632e-12 
-1.2211440311e-33 
-3.8715646267e+00 
-7.1322514087e-16 
-5.3170086168e-18 
-1.1924552058e-12 
1.2969545431e-27 
3.3226295471e+01 
-1.2550330000e+07 
-2.1047911186e-20 
-6.2341765100e+35 
-5.3616834297e-35 
1.1129811173e-04 
8.1193303688e+24 
-4.7538506555e-16 
1.6125792984e-19 
-7.8702196186e-31 
-3.1614839738e+30 
4.0716352028e-35 
1.3793268319e-14 
8.6430528256e+21 
1.7220130833e-38 
1.1416360908e+38 
6.6382747331e+32 
-9.9455743194e-39 
-1.5127936060e-18 
8.6442063692e+13 
5.1223962276e+35 
-6.0989140056e-24 
1.0307699072e+34 
-4.5606700100e+29 
1.3448295467e-33 
1.5521384103e-35 
1.0949781306e-33 
7.3684620596e+32 
-9.2596824652e-10 
-2.2665518404e-33 
-1.0922780722e+34 
-6.9394204302e-20 
-1.9954426618e-30 
1.0621430206e+02 
4.1806860957e-30 
-2.7046030482e-06 
-2.4077265000e+06 
-1.0391610778e-26 
-1.8033092188e+05 
-1.2796916769e+20 
3.2715595763e+27 
7.1398340541e-37 
-1.0969319955e+32 
-4.8402263362e-27 
-5.7152199812e-18 
9.8792597499e+19 
-3.6459781860e-09 
2.3522058085e-31 
1.7521740334e+19 
-1.3924989162e-07 
2.7816938358e+25 
-2.2804097698e-18 
3.1279473877e+02 
9.0247101048e+14 
9.9660979119e-24 
-7.5750908203e+03 
-1.3473469275e+14 
-9.3901719733e-10 
-1.9228121088e+10 
-1.2237692143e-29 
1.4507044667e+29 
9.0183264535e+31 
1.1286199707e-32 
-8.9515755193e-22 
7.1180187395e-13 
-8.4669569966e-11 
-7.6099578857e+02 
-2.8224777639e+23 
6.1799158549e-16 
-1.0506989218e+15 
-3.1975035527e-36 
-1.8301770473e-36 
9.0801161356e+22 
-4.2676643607e+17 
1.8006909440e+09 
1.4076105118e+01 
2.3244435161e+17 
-6.6701093503e+36 
-1.6093912320e+09 
-1.0288745831e-29 
-1.3845323231e-30 
1.0426083517e+27 
2.1059171559e-05 
8.6784429448e-19 
-2.1857495666e-24 
1.6420892188e+05 
8.9434852694e-30 
-3.0962338907e-24 
7.5254514125e-24 
-3.7234432457e+15 
-6.4929230469e+04 
1.3129306287e+28 
-2.3738809854e-13 
-2.0761052877e-09 
-1.2126674905e+14 
-2.8399651910e-06 
3.9377917584e-32 
8.9943298199e-30 
3.0529199797e+35 
-1.5013761902e+02 
3.7357989502e+02 
2.7769044678e-33 
-1.2912711974e+31 
1.4125671555e-19 
1.5935507663e-34 
2.1327773748e-35 
-7.3837765539e+34 
3.4547294436e+17 
5.0038530795e-29 
1.4618847998e+20 
-1.8273166213e-33 
8.4621775150e-01 
-3.3084397270e+31 
4.9475781250e+05 
4.7475201147e+13 
8.3956416466e+31 
2.0325263250e-08 
3.4534294889e+32 
7.2319980086e-16 
4.8075697098e-31 
3.9364152525e+11 
2.1366276803e-10 
7.7124770000e+06 
-4.6022697684e-33 
9.7592511344e+20 
-3.1684487790e-33 
6.1538006755e-22 
-2.5583415594e-11 
8.2896690226e+30 
-1.5972992852e+38 
1.6255036686e+13 
-7.4551663463e-26 
1.2668802958e-17 
2.3398457108e-13 
-5.4027436800e+08 
-7.3356247040e+11 
1.6909335552e+36 
2.4055306844e-21 
1.3632869923e-05 
2.7026773786e+34 
6.7272262400e+08 
-2.6772548073e+17 
-2.5402688372e+28 
6.0776975566e-18 
1.6526930554e-34 
7.2321559847e-26 
2.0135590789e-25 
-7.6856559541e+31 
1.7834793700e-14 
-1.3293322176e-02 
-1.2629788380e+26 
3.2651977687e+12 
3.2053368092e+00 
-9.1188099759e-05 
-3.2032181269e-13 
1.9632080903e-26 
-6.0688382879e+23 
-2.7219887076e+14 
1.6925516250e+06 
-1.3499545215e+25 
-2.4550808053e-09 
-1.7760440812e+12 
-4.9683139659e-03 
1.1255640564e+29 
-9.6022961316e-07 
-2.7972483843e+33 
6.4939047852e+03 
6.5954911355e+12 
4.0455319700e+15 
-3.7470590625e+05 
5.6684016203e-31 
8.5352698600e+24 
-5.1876084000e+07 
4.8671504344e-20 
-3.4782753251e+28 
4.6681550329e+23 
-3.7925374841e-07 
8.5279312501e-09 
-1.2568789718e+17 
-1.6825736637e-10 
1.5427725937e+18 
-2.2259604293e-07 
1.4152475909e-32 
3.3282406093e-06 
-3.4662472129e+34 
-5.2838249594e+25 
-1.7035522577e+31 
4.6307546195e+23 
1.2152312830e-35 
-1.0970823971e-37 
4.9440510491e-22 
3.2249492770e-27 
-1.5784260010e-10 
-8.3431613445e-01 
-7.0637531735e-07 
5.6790785716e-22 
-3.5115367609e-06 
5.9014903641e+16 
2.2203500981e+26 
1.5209817406e-08 
1.2255234178e-03 
2.1100709091e-06 
1.1522194264e-14 
1.0003134593e+31 
-1.2957461100e-14 
-5.8354370085e+13 
2.0442101719e+23 
5.5657861653e-10 
1.3513841197e+37 
-4.4386948888e-22 
1.1720652509e-25 
2.1600288104e-17 
6.3038687392e+37 
3.7525026492e+33 
-3.6077793750e+05 
-4.1293242188e+04 
7.8737682034e+21 
1.0577963104e+31 
2.8057330346e-39 
1.8533537477e-31 
-3.5814555000e+06 
-3.8491081201e-26 
-1.4734596556e+18 
-3.5421217035e-05 
-4.0848700731e-23 
-8.7877022249e-23 
-5.4957418824e-12 
8.6011500000e+06 
-2.7667285130e-10 
1.3429550870e+35 
-2.6317568427e-06 
-8.7577567232e+10 
-6.0030047607e+02 
-1.3814765133e-25 
5.2494442376e+30 
-7.2042604134e+11 
6.4687824498e-19 
3.7125463867e+03 
2.7331990981e+26 
-1.9751597500e+06 
-6.6822927400e-12 
5.6238337508e+18 
9.1420750221e+26 
1.3528043520e+11 
-4.5020590625e+05 
6.6695238517e+14 
3.8875810883e-24 
-2.4503347204e+29 
2.1538059481e+28 
-1.7649023924e+17 
-3.2851779483e-30 
1.6656052480e+09 
-3.2926013947e+01 
-3.2158175297e+28 
-1.7156730000e+07 
-4.5349064704e+10 
3.0137978000e+07 
-4.6687797852e+03 
-3.0035938623e+21 
3.3948087874e+24 
-6.2018804000e+07 
-3.1171435490e-02 
2.0449364297e-27 
1.0637209586e+22 
-1.3262335587e+29 
4.5883825000e+06 
-1.3657267712e+34 
-1.0255681454e+14 
2.1038397303e+34 
-2.4765421713e-08 
3.8687486504e+20 
6.0314758743e-10 
-3.3477738281e+04 
-1.4617747822e-22 
-1.2597725320e+37 
-6.2723343234e+25 
5.3752088297e-38 
-1.1152517350e-25 
8.8281004821e-26 
9.7563805345e-27 
-6.9714713097e-01 
5.6217946798e-32 
4.2378399703e+29 
-5.5512526000e-12 
-2.0314330235e-02 
-8.0232887268e+01 
-3.7253287843e-36 
5.7690228176e+28 
-5.2594285011e+00 
1.4800667122e-38 
-1.1900733225e-03 
-1.4144822265e-31 
5.6725287910e-35 
-1.7407399510e-14 
-2.5580396544e+10 
6.7864978795e-37 
-4.2330374144e+11 
1.1465095984e-15 
-8.2567090942e-08 
1.3640219941e+36 
-3.9655586331e+22 
5.9019153217e-24 
1.2915547656e+05 
1.3770168587e+35 
-5.5631539718e+17 
2.4539807686e-11 
-6.4003235580e-24 
1.3689960866e+17 
7.0886681223e-23 
-3.4982901067e-02 
6.6760967457e-06 
-1.7073931959e-20 
-8.9819006894e+13 
1.3709278157e-09 
-3.4268596142e+13 
-1.2096308113e-13 
2.0019765301e-24 
4.5787696639e+18 
-2.7304061043e-19 
-1.0986939800e+28 
1.2433116868e-17 
-1.5607993118e-03 
4.3142950400e+08 
-1.3588504881e-15 
7.4433438752e+26 
2.0885253120e+09 
5.9000720978e+01 
4.1164963716e-19 
-6.5017496726e-26 
8.0677391366e+18 
1.3753411078e+30 
-1.4616133782e+26 
9.1374502594e-38 
-3.6503944312e-10 
1.3260380728e+23 
-5.0929494026e+14 
-6.5296851519e-35 
1.3693434127e-28 
4.5845093556e-38 
7.1907918900e-03 
-3.0425994169e-08 
8.0543912968e-17 
2.7346847477e-18 
1.8300350113e-14 
1.5389739990e+02 
-1.1129900813e-01 
-8.2965445472e-05 
-8.7319991238e-09 
7.5742569611e-29 
-1.7416821504e+22 
-1.6246264067e-06 
2.0308305097e+30 
-1.5736724800e+08 
3.1187668812e+23 
-8.6419925223e-29 
-6.2316005689e-09 
6.3627152589e+11 
1.5294694677e-10 
-1.0255855713e+03 
-3.1930150261e+23 
-8.6918122514e-19 
-1.1781098236e-24 
-2.6537838613e+32 
3.3862968707e+17 
-4.4052757905e-24 
8.1948256383e+18 
3.2434744120e-27 
-7.0647355015e+13 
4.6903701782e+02 
4.0137663766e-38 
-2.5240929127e+00 
-9.2870142366e+29 
4.3388794262e+25 
8.0380101281e-05 
-6.2101738281e+04 
1.0223638125e+06 
9.7679345703e+03 
-8.6046643166e+14 
3.1555754394e+12 
2.8903924253e-37 
-9.8510922865e-32 
-6.5980455764e-20 
-1.5182778280e-23 
2.0113545355e-37 
-2.9001673564e-33 
-5.3254019482e+11 
8.7279849434e-34 
-1.3437873380e-30 
-2.6016090945e+17 
2.8304919978e-22 
-4.9182742188e+04 
-4.8645167894e-09 
8.8507222931e+37 
-1.4412685547e+04 
3.8418495437e-22 
4.0198428952e+26 
1.0121675170e-29 
-1.7582979695e-37 
-4.9941115714e+35 
-2.3915219712e-14 
1.0788715181e+24 
5.6067773850e-14 
3.1749689586e+33 
-3.3213953972e+00 
-3.2336934463e-18 
1.5240490825e-07 
-1.6593074994e-38 
-1.7258044434e+03 
4.6786192011e+17 
2.0100102915e-07 
-1.7855664484e-35 
-3.3592690085e-25 
-6.9845489392e-09 
-7.7053057766e-34 
-8.6728062787e+20 
-1.0280885564e+29 
-3.7488825712e-37 
5.6545785148e+19 
-9.1614738464e+01 
-1.2294331352e-11 
7.0820885183e-34 
-6.4164137583e-21 
7.7201193750e+05 
1.4354086526e-22 
-1.8611260703e-16 
-9.7097927885e+13 
-2.1829308277e-16 
1.3788634311e-30 
5.6727042496e+34 
-3.0536814744e-10 
7.5672075557e-23 
2.9129310208e+10 
-3.8558464000e+07 
6.3430500188e+31 
-5.0103127792e+26 
-1.1795373211e-07 
7.9626800000e+05 
6.4762685764e-33 
-3.7844667204e+28 
-5.7315366996e-28 
1.8974666831e+23 
1.2096937432e-19 
5.1496784267e-14 
6.1944833024e-31 
-8.0057992935e+00 
3.6907753906e+04 
2.0402582734e-08 
2.8345155913e-26 
-2.0846778870e+02 
6.1252370351e-34 
9.5161062479e-01 
2.8165695028e+21 
-4.5290165895e+13 
-1.8046746028e+25 
-5.8103947639e+00 
6.1109737062e-12 
-1.8779437146e-28 
8.6814385768e-29 
5.1280650405e-27 
-9.7853739001e-11 
8.7778776335e+25 
6.5862408000e+07 
-4.5521906093e-28 
-3.1281267120e-28 
-2.7697407710e-35 
1.9652944328e+34 
-3.1128749194e-21 
-6.0404493627e-29 
4.1059099660e+20 
-3.5001116588e-11 
1.6224616816e+28 
-8.6883140633e-17 
7.4453715413e+25 
-3.6163693631e+27 
4.2208080022e-13 
2.7567335792e-07 
-6.7830946465e-24 
4.9955019190e+21 
3.8886923819e-19 
-2.7480858462e-34 
7.7533728880e+16 
7.8266601714e-20 
-6.9819330034e-26 
1.9921017242e+12 
-6.8731636292e-24 
-5.9191295877e-03 
-3.8511697450e-34 
7.6185383590e+27 
3.7217319329e+30 
-4.5342532732e+32 
7.6389175415e+01 
2.7438206156e+17 
3.3003529409e-37 
-1.9530004920e+19 
1.4630671107e+34 
1.0440783171e-06 
-7.1026051341e+15 
-1.1951473448e+23 
-2.0494848000e+08 
2.6091087462e+12 
5.3249066799e+23 
8.3527699017e-34 
1.8105131403e-06 
-2.3183670400e+08 
-3.6436789974e+29 
-1.7284477747e+12 
-1.5961822379e+25 
-1.4505466711e+21 
1.0577439453e+04 
-8.7406359928e-10 
1.0274190183e+22 
-1.2538351471e+30 
1.6483500915e+34 
9.1349091261e+27 
-1.7617002168e+12 
-6.6541208298e+34 
-2.9632736189e+23 
-1.1569118807e+29 
6.2983442383e+03 
-9.4191563494e-23 
1.6460924438e-28 
-2.1625700275e+32 
9.5589519373e-13 
-3.0861914031e+28 
-3.8198085967e-03 
-1.6906277741e+35 
-2.8461763859e+00 
3.7397358400e+37 
3.4081620907e-22 
7.0729216000e+07 
1.1975201283e-28 
-1.1886131200e+08 
1.2282146178e+15 
7.6470779679e-20 
-2.2960468750e+03 
1.8916757050e-11 
-3.8213272546e-09 
1.0528566595e-17 
1.0234341025e-03 
-7.7784687500e+03 
4.6105697038e-08 
-3.0494583833e-24 
1.9949623078e-30 
6.3393720831e+37 
5.0032382865e-29 
5.4123893042e+30 
8.9649596832e-27 
3.0956418560e+09 
-1.2629384582e-04 
1.6553655040e+09 
1.6018538460e+36 
9.3115006361e+23 
3.3672436918e-16 
-1.0142952450e-10 
6.3600239098e+34 
-2.6693442977e+22 
9.6747417450e+00 
1.4182829182e-04 
6.4081745788e+27 
7.4969817906e-28 
1.5330435547e+04 
-3.0610518297e-04 
6.8328142788e-07 
-1.0645275524e-19 
1.3953351299e-04 
-9.6395300778e-17 
-8.9500275849e-22 
3.3712889251e-12 
2.7824539146e-25 
1.1613888200e-03 
2.2278290528e+20 
-8.4879194550e+15 
-2.3495548000e+07 
-1.2715496880e-33 
6.0744785920e+10 
7.3090955282e-29 
-3.3329377280e+10 
2.8741393750e+05 
9.4741644819e+19 
-2.8837560663e+28 
-9.8773918412e+15 
2.1977722478e-15 
1.4569548479e-25 
-9.0721263398e-23 
2.8818621276e+32 
-2.8942910456e+32 
-2.1200230015e+17 
-1.9105871094e+04 
-4.3404191732e-01 
-1.4793055612e-15 
2.7229458968e-17 
9.5888953656e-03 
-3.0823149888e-31 
-5.3495590357e+32 
1.2062879478e-06 
-2.0430522655e-36 
1.3719668068e-08 
5.5618336000e+08 
-1.7196020978e-30 
2.7332990472e-12 
3.3425125186e-36 
-1.7094548800e+08 
-5.6059823414e-21 
2.7462800994e+19 
5.9071102256e-36 
-4.5677738862e-27 
1.7243091762e-01 
3.5265509003e-19 
-4.5376242594e-29 
5.5949885440e+11 
4.0748874328e-24 
-2.8102188713e-38 
-2.1075962880e+09 
-6.8686463899e+17 
-5.0292469308e+16 
2.6346025361e-10 
-1.1038932474e+23 
-5.6599738281e+04 
-1.7773980713e+03 
3.9343374263e-23 
1.0552082157e-20 
-5.3908887826e-16 
-1.2545836592e-09 
7.2928313388e-10 
1.4385895312e+05 
-3.9139244556e+00 
3.7799399922e-22 
7.9018445686e-03 
3.9370639642e+21 
3.3976920764e-22 
3.2467449735e-20 
1.6428255852e-28 
7.4836221756e-04 
2.1820190605e+35 
3.7220161128e+37 
-8.1958970986e-04 
-4.9242933920e+17 
9.0579732159e-08 
-2.3656362295e-01 
-1.2449970951e+16 
-1.1936857719e+33 
1.7693518162e+22 
-8.5759992636e-35 
2.3838535020e+31 
4.9494911281e-08 
1.6302579571e+24 
-2.9278097981e-30 
2.1316234767e-01 
1.4343636036e+00 
6.7183219650e-33 
3.2609719477e-26 
-2.3711355399e-15 
-7.7141955012e+32 
-2.9667824236e-22 
1.1242034728e-14 
-5.9291734375e+04 
1.1444563041e-32 
4.6271847385e-34 
-1.6662809715e+22 
3.1122899600e-06 
2.0412342231e+29 
-2.6417054308e-12 
7.4087168232e+23 
2.5989420800e+08 
2.2711129852e-12 
6.5242794839e+29 
-1.2803940449e+19 
4.9739147970e-33 
-6.4474569895e+23 
1.3380022272e+10 
-1.6805536668e+21 
-9.9115650279e-20 
3.3729539674e+38 
2.3105596502e+20 
-2.8847781250e+05 
-6.0733541432e-06 
-3.6296815553e-10 
-5.0744155041e+29 
2.0277642848e-17 
-7.3524920067e+36 
2.0082257163e-37 
-1.6814018255e-16 
-4.3142884641e+18 
3.7264107780e+30 
2.5632672021e-38 
-1.3798315393e+13 
-1.0196155912e-38 
2.2775503000e-14 
-7.3884591817e+21 
-2.3037767960e-07 
-1.5891178783e+30 
2.0257624556e-07 
-2.1331464373e-10 
-1.2501755291e+33 
-4.9486181586e-33 
7.7153521846e+26 
1.3878417159e+17 
-3.6496924928e-32 
1.0868356705e-29 
-3.4260050352e-10 
-9.7807263895e+26 
6.0709126144e+10 
-1.7209638461e+18 
-3.3078813352e-21 
3.6528328536e-34 
5.7823663950e+19 
-2.1262618294e-30 
-1.0449045600e+08 
3.3506161734e-10 
3.2090772429e+18 
-2.9723256446e-15 
-2.7989245908e-25 
-2.6431474480e+19 
3.8997784494e-13 
3.5691438264e+19 
5.4544518207e-05 
-1.7864015006e+19 
-2.1890936000e+07 
-2.7768948148e-16 
3.4419833984e+03 
4.1841327516e+35 
5.2733505204e-17 
1.6945194807e-15 
-3.2452226057e-21 
-1.9119890516e-31 
            nan 
1.2720716585e+37 
-9.6299042292e+16 
-1.7320231349e-14 
-1.6195695162e-14 
-9.7222211309e+21 
7.8183358464e+10 
-5.3961371662e-36 
-4.7261065600e+08 
2.9989012091e-06 
3.1065913620e-35 
-4.1626134632e+27 
3.8450774352e+22 
-6.4399399413e+24 
-5.0010321369e-19 
3.6198634693e-13 
7.6734767163e-07 
-2.7078347363e-15 
1.6360450321e-12 
-6.5403175753e-25 
-1.7980387202e-04 
-1.8652054273e-18 
-5.3526798740e-38 
3.3360850811e-01 
-5.1214679854e+14 
3.5589819850e+27 
1.0524158652e+32 
1.9261102676e+01 
3.3165486221e+19 
1.2826458216e+00 
2.6902704239e+01 
-1.5336423866e+18 
8.3155793489e+20 
-6.1739760430e+18 
-9.1720392022e-24 
2.5127170348e-32 
2.3584927110e-37 
-2.8426161408e-01 
-3.7648827202e-22 
3.0914916211e+18 
-5.8831129985e-30 
-1.5864783176e+12 
1.0803209741e-25 
-7.4885567582e-13 
-1.3172658797e-10 
-5.9688535040e+09 
-1.2610796250e+06 
8.8856776215e-27 
-1.1726148438e+05 
-2.2368904948e-01 
1.9395621388e-26 
7.4816068483e-36 
6.4141664188e-04 
4.2242861786e+34 
3.2686610222e+00 
-5.0637387596e+13 
-2.2347496875e+05 
2.1936936794e-26 
-1.5894077227e-34 
4.0640466109e-16 
-9.2243442777e+29 
-4.1926525317e+21 
1.0488459362e+34 
-2.0692055101e+23 
-4.9809449040e+18 
-8.7835791721e+32 
3.2958341611e-10 
1.8915133667e+02 
-3.3192999460e-09 
2.2434650941e+14 
-1.7794429016e+02 
5.6646162463e-30 
1.4219565690e-01 
-9.1633524188e-33 
4.4436264038e+01 
-3.1319857481e-19 
-8.9505368471e-01 
-1.8274958370e-12 
1.6039025419e+21 
-1.7728166298e+11 
-4.7617615161e+36 
-2.7181641372e-23 
-5.3267593154e+17 
6.9564566238e-14 
2.2862941842e-04 
2.4523280274e+24 
3.4666079684e+36 
4.7527515370e-29 
2.8195095394e-21 
-8.3957325842e-05 
-1.3813461692e-28 
3.5921571716e+23 
-6.5361628532e+00 
4.5042296323e-18 
-1.6697722145e-24 
-1.6320709424e+18 
4.8756347710e-21 
-1.2250774733e+11 
2.8189531349e-06 
-2.5752287132e-34 
-2.2035323088e+20 
7.6277155876e+00 
4.1396917903e-13 
-2.9983927667e-12 
3.1566739403e-31 
-2.6280771584e+11 
-9.1760353114e-14 
3.8434969768e+15 
-1.3449277878e+01 
-3.1852502583e+25 
-1.6538641975e+31 
1.4908314409e+38 
3.1173367744e+21 
2.2936099550e+29 
1.1700148438e+05 
-1.5581591934e-16 
1.2888610490e-17 
-1.3801079168e-37 
1.3871940634e-16 
2.4457556133e-20 
6.1806858411e+30 
-3.9592289447e-09 
-5.5242093987e-19 
-3.0572721850e-36 
-5.6717143040e+09 
5.5236572796e-15 
-6.7350283336e-12 
2.2680395125e+21 
7.5399196842e-15 
-6.6105270000e+06 
-1.3608002973e-06 
-1.1185837500e+06 
-3.1449304701e+20 
-1.2523828074e-02 
-4.1655427515e+17 
1.4443563804e-13 
5.7451201180e-30 
-3.6002251924e+33 
-5.8843631136e-18 
-1.0120194764e-34 
3.8177574318e-24 
1.1850436749e-05 
1.5537787099e+30 
2.8983779907e+02 
8.5899716616e-01 
-9.8062489864e-37 
-4.8938709259e+01 
2.1963374329e+02 
1.3333843008e+16 
-3.7993584838e-25 
2.2544972599e-02 
1.3721246719e+01 
-1.3730440853e+38 
5.0515125030e-28 
4.0109981114e-07 
-3.0313449626e+35 
-1.4462296109e+38 
-5.1530761300e-15 
-7.8811890669e+31 
9.7005314048e+10 
-3.0033788505e-30 
2.1848766733e+30 
-2.0121578113e-19 
1.1904483103e-14 
7.9251695484e-11 
-2.1616235178e+23 
3.0880086908e-20 
-7.6769682181e+20 
3.1653416183e+29 
-2.1903117016e+30 
2.7917334481e+35 
5.8747812353e-16 
1.0069023119e-22 
-2.0095193479e+19 
2.5909152973e+11 
9.0010601983e-38 
5.0954983036e+33 
1.0323545323e+34 
-6.8188549120e+09 
4.8986745598e+26 
-5.6342760789e-31 
-6.0072576000e+09 
-2.4450159438e-33 
-1.0968246450e-10 
-3.1332973126e-37 
-7.3511302400e+08 
-1.0115731339e-16 
-3.5074277045e+16 
-2.9594760670e-11 
7.4157104069e-11 
-2.2082537710e-18 
-8.0767129931e-20 
-2.5441888154e-30 
-5.0942372098e-08 
5.6234851176e+20 
-8.8373085938e+03 
2.1053606714e-26 
-1.6261871849e-08 
-3.0142524930e-29 
-2.5751606859e+18 
-4.8201748657e+02 
3.1696865355e+30 
-6.2524722529e+28 
5.1885113688e+19 
-5.7996594053e-18 
-7.4868305428e+12 
3.3395135965e+34 
-2.7007942562e+25 
-4.7335625620e-18 
-2.7427255192e+29 
6.6756668566e-35 
1.2348145099e+22 
4.6132187500e+05 
4.1412103487e-35 
3.7799730567e+25 
-1.3065671592e-13 
1.3729290483e-19 
-1.3521682675e-36 
6.3426364280e-26 
-1.6792640540e+34 
-1.9135892674e+34 
-2.2625139434e-20 
2.3930497284e+36 
-4.0975082330e-32 
-2.7168373770e+19 
1.7878110400e+08 
-5.9640585080e-15 
-3.3978119715e-33 
-2.3302035198e-16 
4.6558431150e+12 
-2.3097124691e+29 
-9.0254272461e+02 
-7.2214085118e+22 
-2.9623278433e+32 
5.3129968000e+07 
-2.4735871420e+19 
-5.9959897965e-31 
1.4519811907e+19 
2.6970150498e+15 
1.5679512241e-20 
4.7709755011e+29 
-5.1081890000e+06 
-5.9956865378e-29 
4.6000230469e+04 
-2.8434599055e+16 
1.6254112921e-23 
-4.0090131904e+21 
-2.5069153344e+36 
-8.9530328678e+11 
-1.9203649184e+16 
2.4462409038e-25 
7.9096099641e-31 
3.6379798926e+16 
-8.3555668592e-02 
2.6111542559e+12 
-5.0217127949e-38 
1.4831590831e+26 
4.6921310956e-37 
3.0512389060e-08 
-4.3543463631e-38 
-8.1540241988e-36 
-1.0969103314e-22 
9.0852989197e+01 
-2.9569321269e+33 
-1.8456359612e-05 
-1.2140432231e+26 
-1.3601000421e-02 
3.2778047288e+28 
-2.7854201456e-31 
-1.2075499642e-31 
-2.0029538532e-27 
3.5002067500e+06 
-8.6807803018e-04 
-2.6914338594e+24 
3.3513021247e-09 
1.0950254925e-08 
-8.0750490263e+31 
7.4317514896e-01 
-1.2836255394e+32 
1.3593350587e-18 
4.3348686808e-33 
2.1390330221e-04 
-2.3996997407e+19 
-4.2732777044e-26 
1.6510585800e-23 
1.9779276136e+30 
-5.2488632907e+34 
-1.2055750400e+09 
2.0687662285e+11 
-1.1194008968e-25 
4.1088540431e+27 
-1.6171269149e-27 
-2.7731254621e-29 
-6.7844718306e-35 
-1.9709070328e-17 
5.5697964926e+19 
-2.7417303409e+17 
-9.6400754737e+21 
3.7368135963e-05 
3.2740726000e+07 
7.1424534825e+19 
-9.8718126961e+21 
7.4236426995e+36 
-5.1347627400e-34 
-6.4135958382e-05 
-1.2238191146e-12 
8.9554301241e+17 
5.9997760000e+08 
-4.1229083252e+02 
-3.6559047885e+12 
4.3237788086e+03 
1.5287667531e-16 
4.0538230469e+04 
-1.4805489279e-08 
4.4259870768e-10 
-1.3462987227e+27 
1.7308871635e-35 
1.2555598011e+23 
6.0764032681e-25 
-3.3339447732e+22 
1.3665616064e+24 
1.0523257829e+26 
-9.3441360609e+22 
-5.1116622053e-03 
4.6591525511e+21 
6.1867345873e+34 
-1.0143995357e-32 
-1.8881874833e+21 
-9.0410768750e+05 
8.1131740357e+19 
8.5355311923e+11 
5.9541167436e+22 
-1.2683952857e-32 
-4.7899427790e-18 
-5.7314373949e+24 
-5.5485300495e+35 
3.2863606000e+07 
2.0587827980e+34 
1.2348250415e+38 
5.2529828360e-13 
-1.2801508164e-18 
-2.8377038374e-20 
-3.8222776238e+13 
-1.3743933769e-10 
3.8080124801e-33 
-4.0077508139e-20 
1.4708895995e+22 
-1.0052331453e-23 
-9.8295169150e+22 
-2.9129367188e+04 
-1.3459547919e-18 
-1.3617306386e-36 
1.1115102648e-34 
-6.7377213440e+09 
4.7989939987e+35 
8.3555197716e-01 
1.4401362152e-31 
2.7772367188e+04 
5.5231139080e-15 
-5.3052228764e+13 
2.5507675806e+19 
4.7508587500e+05 
-2.2943353993e+36 
5.7146064896e+10 
-1.3927655687e-13 
9.9969875009e-06 
-9.3228375000e+05 
8.8576445830e+24 
-9.8216112977e-14 
1.0075341368e+26 
-6.6025979264e+15 
3.0881175962e+11 
-1.2425862956e+36 
-3.0066891199e-09 
1.9948413729e-30 
2.0904513543e-26 
-1.3650373681e+27 
-9.1751113427e-18 
3.3390175191e+12 
-7.3996372567e+20 
1.7458867802e+27 
-1.3637462854e+00 
2.0942180709e-04 
-2.3328366661e-23 
-2.5000276633e+16 
3.0652007155e-08 
-6.3796125660e+16 
1.4428365447e-10 
2.2304393603e+27 
-3.2634574759e-26 
-5.0831125118e-03 
-2.9604548588e-02 
-3.0938738957e-02 
1.3542553186e+00 
-3.9996238281e+04 
-5.7778553009e+01 
-1.2646893081e-12 
-8.5863655360e-38 
-5.2136134897e+31 
-3.4585813410e-05 
3.2121462000e+07 
-1.3679550026e+15 
-2.2610654668e-12 
9.4530555979e+32 
7.9448604035e-20 
-1.0193460894e-32 
-1.3227103857e-09 
-2.3845663222e-09 
-1.4593722310e+33 
-3.2595319074e+18 
-2.0474293750e+05 
-2.4007646500e+35 
-5.7283943508e+26 
6.6962426385e-23 
5.6340115245e-18 
3.8754032000e+07 
-3.6882424198e-12 
-2.4455050137e-27 
2.2137890095e+17 
-2.4766814827e+14 
5.4088417969e+03 
1.0100444546e+21 
1.0575735808e+10 
1.8793120944e+38 
1.5798517349e-23 
5.6715571299e-23 
-5.6643420420e+32 
-4.9677410231e+29 
9.9953061342e-01 
-2.4528662246e+14 
-7.8717335065e-35 
1.1411728471e+28 
4.4186835527e+20 
-8.9693465202e-25 
2.8405998660e+21 
-6.2325031359e+27 
-7.9792121600e+08 
-3.9562103621e+35 
2.5949617078e-30 
4.9853207116e+34 
5.3296559959e+23 
1.4966144983e+22 
-8.8193001513e-11 
1.5841953125e+03 
1.0294797903e-07 
-3.2215582932e-20 
2.6522094727e+01 
-2.5998495221e+23 
-9.5546540099e-29 
3.2689505278e+28 
3.8474596137e+30 
1.7255047169e-08 
-1.4188160391e-31 
-2.3178131414e-08 
6.5829979533e-36 
-1.4568956976e-04 
-4.3294836825e-20 
2.9316595459e+02 
-3.5523821581e-25 
-1.0348331671e-05 
-6.7507465065e+35 
-9.3298892585e-32 
-4.8021711968e-21 
-9.3831540667e-36 
-4.5968774102e+33 
3.9356846918e+15 
2.3379972817e-16 
1.6268033965e+37 
1.0302232113e-05 
-2.6396603225e-29 
4.5846419027e+20 
-7.8741500000e+04 
-8.0351395617e-38 
1.6679418990e+20 
-8.6736422069e-35 
6.3893727389e-28 
4.1390516102e+36 
-3.2807012896e-30 
6.0687252045e+01 
-1.0680844936e-19 
6.4790011768e-15 
-5.6128562004e+14 
1.1454879306e-02 
-6.5897090881e+31 
1.4499124124e-11 
8.8686592000e+09 
1.4431552000e+07 
8.5218262299e-32 
5.7858000000e+05 
3.1280461565e+14 
-8.0250756779e-24 
1.0670585125e-38 
2.1498966217e-01 
-3.2371499422e+23 
2.7472081024e-25 
-1.4570854755e+21 
5.5588885539e+17 
-1.1523499261e+16 
7.9214771673e-32 
-8.7423822021e+02 
1.4052454691e+22 
7.8512682897e-22 
2.2044497018e-04 
-4.1364359541e-22 
-3.0989285558e-02 
7.6436778321e-15 
-1.0783700480e+09 
-5.1076700911e-03 
3.1897863222e-28 
-3.9709711801e-23 
1.0612851143e+01 
-2.9601119286e+14 
-4.1898735567e+13 
2.6555327130e-35 
3.7914475587e+28 
9.1594840000e+06 
-2.9690641880e-23 
5.8640681134e+20 
-1.6552549751e+27 
8.7872341910e+26 
-1.9296014462e+29 
3.5188342858e+37 
-6.6429798608e-05 
1.4661524105e-33 
-1.3965700418e-05 
1.7226765153e-11 
-2.8321360014e-12 
1.3205643246e-09 
-1.7292304409e-20 
3.3774498824e+25 
-2.1097993719e+24 
3.1588657981e-25 
-3.4519458960e-14 
-1.2363055308e+15 
6.2030778736e-07 
-1.1400788391e+36 
4.3586947024e-02 
6.8020658550e-11 
3.4983915317e-25 
-1.3379969914e-06 
-1.5751500798e-11 
-3.1468576034e+31 
4.1626615284e-18 
-2.8480891587e+19 
1.7917428885e+16 
1.2557773516e-05 
-3.6753137829e-04 
-4.9401890000e+06 
-4.3285760157e+27 
7.0250872832e+10 
1.0779043690e-32 
5.5711292301e-26 
-8.6961284152e-36 
-4.7411250922e+24 
1.1474413537e+36 
1.6818742965e+16 
-5.8436555862e+00 
2.0736239431e+28 
6.5118762500e+05 
2.1675926024e+35 
-4.5100682644e-30 
-1.1951945293e-25 
1.9554584774e-38 
1.5295010376e+02 
1.7643340408e+26 
-1.5943415929e-03 
-2.5951267640e-23 
1.1626276970e+01 
-5.3569664626e+31 
-2.0812343168e-11 
-2.0071296253e+20 
4.9031715840e+09 
1.0013687808e+12 
-2.9874121798e-33 
2.5409342186e+28 
-1.1769803103e+24 
-2.6054855467e-18 
4.3584922400e+21 
3.4205581312e+11 
8.5717838708e-36 
-7.2270201600e+08 
1.4905384521e+03 
-1.4087954704e-19 
-9.5733172607e+02 
-8.1788374833e-15 
-1.7947884521e+03 
-7.3949830963e-28 
1.4157722738e+25 
1.6760175441e+29 
-4.5930997284e+28 
-6.4249680145e-04 
-1.6515205277e+28 
-1.8679483329e-31 
4.5562638657e+35 
9.0548866682e+34 
1.8161259259e-20 
2.6889981193e-22 
-7.3330766178e+27 
5.4581538086e+03 
4.2211562715e+26 
-1.0345050832e-03 
8.8324112564e-13 
-1.5620997052e-37 
-1.5401739805e-37 
3.3863894043e+03 
6.0845614769e-08 
2.1365153742e+33 
-1.6448660778e+25 
-4.7881130644e-22 
-3.5385409274e+13 
4.9275818607e-34 
-4.9589867163e+36 
-2.1796757825e+24 
1.3270937505e-17 
7.6089805291e-36 
-1.2091893883e+23 
1.6582837534e-11 
-4.6539962995e-08 
-4.9798350981e+28 
-3.5702076629e+22 
5.0761765242e-01 
2.1804214246e+35 
8.5034611297e-11 
-2.5001091003e+01 
-9.6422316443e+15 
2.1412496567e+00 
-5.8349748598e+20 
-8.1969828319e+33 
-2.2426542080e+10 
-7.0869202183e+22 
-1.9930451733e-10 
9.3265534877e-30 
1.9377929857e-04 
1.7472004349e-22 
-1.3506048055e-32 
-3.9790587500e+05 
6.8097281456e-01 
-2.2829290926e-37 
3.7360713401e-38 
9.9048889262e+18 
2.9388987500e+05 
2.6325723156e-03 
-1.4354740360e+14 
-3.7488780436e-06 
2.5336972675e+38 
-4.8421945375e-18 
1.7685727412e+13 
-6.9380151706e-30 
4.2311086028e-22 
1.2822922621e-15 
2.3594183137e-20 
-4.6361773651e+17 
2.0937075184e-33 
-8.7240375000e+05 
1.2132825616e+30 
-7.9613186419e-02 
-4.2808261536e+31 
2.6381619141e+04 
2.9131105380e+19 
-1.7950043341e+11 
8.9265849965e-05 
-1.0799950269e-30 
5.5085596674e+32 
-1.2864429140e-11 
9.2173282340e-09 
-1.3179610026e-37 
6.8519627613e+16 
-2.3143743948e+18 
-1.0880247656e+05 
-2.1209436979e+11 
-1.5036236250e+06 
1.3545166977e+22 
-1.0495562237e+32 
-6.8184762878e-33 
1.5841447351e-31 
2.7821028131e+23 
2.9455543427e-06 
-8.2157529818e+21 
-4.0326777537e+13 
4.6636990625e+05 
2.0398846785e+26 
-1.4309502524e-27 
-3.0507130000e+07 
-1.0070001651e-17 
4.4591119160e+35 
-6.0931195808e+34 
1.1437036270e+23 
-3.2676274934e+15 
-1.5425262041e-02 
5.7368268502e-23 
-8.0609889485e+11 
-2.5352250839e-19 
1.9081152690e+28 
-1.1856647656e+05 
-6.8002865000e+06 
5.2107155494e+33 
6.9896413468e+37 
-6.3818273156e+28 
5.4130245425e-11 
-4.2166110839e-31 
-2.5194127418e+29 
1.3286768875e+28 
-6.2145835270e-39 
2.0931367188e+04 
-3.1603670000e+06 
-3.8416812458e-05 
-1.3181982967e+23 
-3.2324017587e-36 
-7.2894526104e+21 
1.3170938066e+36 
-3.1611894400e+08 
7.3401832581e+01 
-3.4426864914e-08 
-7.3684193194e-02 
3.2176490893e-19 
6.6909645560e+32 
-3.4321787098e-05 
8.0122185852e-16 
-2.6502410573e+19 
1.4036028996e-38 
-1.9055390071e+24 
-9.7286792341e-29 
-3.8599089688e-31 
9.2008275531e-27 
8.0767416954e-01 
-4.9707830354e-14 
3.8360686155e-12 
-3.0322837574e-06 
2.4205328282e-27 
-4.0066911986e+32 
-1.3000747617e-36 
3.9223567371e+14 
-1.0652111256e+18 
2.3594191013e-22 
-6.9251186119e-08 
2.9053153380e+35 
-1.2586057151e+35 
5.9953938225e-37 
-2.5269512705e-08 
-2.3567023163e-04 
2.3457437500e+06 
9.0386810074e-28 
-7.2087807617e+03 
9.3409550822e-35 
-1.0466029155e+14 
5.4982121445e+34 
-1.4526020799e-16 
-1.9600408796e-10 
-3.2730021598e-34 
3.1060681722e+36 
-3.2610174268e-02 
1.9509682758e-08 
5.5079591753e+17 
1.4459459785e-30 
4.8195355855e+21 
5.9406557617e+03 
1.8644585153e+13 
-6.2521879981e-18 
7.4101448715e+18 
-2.9275037500e+06 
-6.5019692799e+23 
3.8431182170e+27 
-5.9863405567e-15 
4.0047130268e+20 
4.8699361073e-18 
1.9621316008e-38 
1.7051897160e-18 
-2.0268368147e-12 
5.9382102004e+26 
-2.4431585999e+34 
3.2722012924e+25 
-3.7651363237e-32 
5.7409057617e+03 
-1.6663893461e+00 
1.1010633892e+12 
-2.0695143149e+16 
5.4732635382e+23 
-1.9283387065e-01 
5.5689012268e-16 
3.3021647846e+21 
-9.9689183995e+14 
1.1391826720e-29 
1.3882200883e+11 
-8.8160977930e-29 
5.4605932617e+03 
4.7915326201e-18 
-7.7640651976e+36 
7.4113082109e-35 
-6.6818495181e-12 
-3.4983721849e-23 
-1.4935147476e+16 
9.4323863474e-30 
-3.0502769764e-22 
4.8943501148e+12 
1.1174721502e+17 
-2.5326336579e+38 
-7.7838483240e-24 
4.0605518947e-11 
-1.1973418546e+27 
2.4053747438e-08 
7.4441374541e+23 
-8.8752730931e+11 
-4.5884953823e-14 
-9.5277809664e+12 
-6.4130816000e+07 
-6.4313964844e+01 
8.6653530539e-24 
-4.5961205706e-26 
-8.0291407122e+14 
4.2973101818e+35 
-2.1536158273e-13 
1.8828671955e-09 
-3.1154888798e+30 
6.1428257800e-30 
-3.2354236396e-28 
1.4835737944e+00 
5.3577780927e+14 
-7.6791207270e+24 
5.8988800447e-05 
-9.1027619328e-30 
7.3046518223e+24 
-3.1990046119e+25 
-3.5482576301e+32 
-1.6182516449e-34 
-3.5443945312e+02 
1.4628062864e+29 
2.7686231411e-19 
-1.1394657116e+26 
3.5140758507e-30 
-5.1385312500e+03 
1.2081048937e+17 
-2.3135691881e-03 
-1.8442702470e-16 
-3.5371535462e-21 
-4.0286997304e+23 
5.7344808155e-15 
3.8996143468e-34 
1.7219410470e+28 
-1.0073435474e+22 
-1.4054464000e+07 
-4.6553993225e-01 
1.5648713598e+28 
-1.8607440000e+06 
-3.6598123237e-32 
1.3147219150e+38 
            nan 
3.9410915729e-16 
-2.9851331639e-14 
7.3033200000e+07 
3.7496648549e-30 
-3.7021410390e-36 
1.6771795654e+03 
-8.1714758129e-36 
-8.7523109932e-29 
1.2861363640e+27 
7.1309784744e-09 
1.1941753409e-38 
1.6124096000e+07 
-1.6213967852e-21 
-7.8087920941e+37 
1.5408313527e+26 
-1.1590956842e-17 
-5.7938414619e+25 
1.6284059800e+33 
3.6622611303e-22 
6.3494278786e+25 
9.3881512755e+11 
-8.2888179104e+37 
2.7959813451e-05 
5.7832121858e+37 
-2.9169152581e+30 
2.9515153809e+03 
-4.0434976480e+17 
-1.7148082666e+28 
3.3675450037e+37 
-1.5475974946e-09 
2.3628034285e-07 
-4.0604143016e-19 
-1.1785478093e-35 
-1.4802283092e-26 
-4.7143059599e-36 
-2.7639359246e-07 
-6.4269963933e+21 
6.4504386902e+01 
-5.5091042839e-08 
-6.5286323725e+29 
-3.3464738281e+04 
6.6727672000e+07 
4.9297044561e-18 
6.2032415771e+02 
-2.3241621958e-19 
4.0863175163e+15 
1.0013355826e-26 
1.6886108964e-15 
-3.8583140705e-18 
-4.8786246785e+30 
2.5914228115e-30 
-6.9152307680e-15 
3.2962898051e-24 
-1.3942206956e+37 
-9.8664300000e+06 
1.8776371569e-09 
-2.2885837269e-34 
-2.7554506063e-01 
1.6918382500e+31 
1.1864663331e+17 
5.8218255903e-21 
9.9842904900e+27 
-1.1070075830e+13 
-1.8577290801e+35 
3.8498112559e-01 
3.1441887797e-30 
1.0229153240e-36 
-3.1368770599e+01 
-1.9948859716e+31 
8.0318956842e+24 
7.0307019632e-04 
-1.3157949000e+07 
9.8693275960e-36 
-6.6799903400e-38 
-7.5103698644e+19 
1.1759495164e+37 
5.5387130860e+34 
1.5349938622e-05 
-4.7424189258e+33 
-1.3093677500e+06 
2.4305360721e+20 
3.0305773444e-17 
2.4533871094e+04 
-3.0478547464e-10 
3.6286722834e-36 
4.6283281836e-24 
-7.2241277576e-21 
-2.1866830889e+12 
1.7821491930e-29 
3.4167052945e-04 
-5.0124293609e-21 
-6.0383245862e+16 
-2.6296005672e-05 
-1.7927739009e-06 
2.9032727940e-24 
4.2615846862e+24 
-1.8762843511e-31 
2.5364364336e-14 
-1.2825615830e+23 
-6.0431242188e+04 
2.5588198696e-05 
-2.7400210825e-35 
2.4575297210e+24 
1.9406515405e+11 
1.9484991876e+17 
-1.8027798698e-10 
1.1077312512e+11 
6.3145375033e+30 
-2.7704723033e-18 
-1.4603230914e-27 
-4.0485620227e-14 
-3.1399242929e+38 
9.9207958723e+23 
1.3792329611e+29 
-4.2770794130e-27 
6.1739452295e-21 
1.6447953644e-15 
-2.9001870290e-26 
2.3250330811e-31 
-6.9819658188e-19 
-8.0354463942e+23 
8.5931029790e-37 
1.8803791710e-33 
-6.6738110212e-27 
1.3701682042e-36 
-1.7210419881e-15 
-4.0371730180e+30 
-2.5402999844e-22 
7.6908559214e-25 
-1.0505792170e-24 
-5.0047341532e+29 
-3.2024645271e-22 
8.5989379632e-19 
-4.2777012115e+36 
1.5503926354e-19 
-7.3882107612e-19 
-1.3358663908e-35 
-7.3795519060e+20 
9.0164519801e-17 
-3.9257156936e-19 
2.0086734079e+31 
-9.9262670386e-36 
5.7997755903e-12 
5.0069437485e-10 
6.2662357458e-34 
1.1139246243e+21 
5.1735057131e+37 
-1.2167063190e-10 
1.7630605371e+35 
-3.9583899215e+31 
1.6803354541e-10 
-1.0774380984e-37 
-5.0718450909e+13 
-1.2961108566e+16 
-8.3006267263e+29 
-1.7440460984e+32 
-5.1180261230e+02 
-1.2242634207e-12 
-1.2899886237e-12 
-2.8963890035e+25 
-2.0920462169e-27 
1.7883149406e-09 
-1.6678413391e+02 
7.6609710661e-27 
-1.9048089825e-06 
-4.4936421860e+33 
9.3873476562e+04 
8.1275540590e-01 
-8.6544394493e-01 
1.3821276933e-24 
3.3672860104e-18 
2.2321067262e-31 
2.3501042896e+19 
-1.5619163220e+31 
-3.8963532598e-38 
-7.8614951140e-24 
7.7403133699e+18 
6.7195541685e-26 
3.8969589029e+22 
-7.3105507784e+19 
2.7846688405e-02 
2.2087741792e-12 
-1.5489478409e-01 
6.7565769442e-16 
2.9812671890e-16 
1.5157832693e-19 
-2.1099698506e+20 
8.4841840640e+10 
1.1611089571e-37 
6.9223616000e+08 
3.8609947078e-03 
5.7420663032e+20 
2.8598253922e-25 
-1.9441667026e-11 
3.3754893141e-14 
-1.9455792904e+00 
-5.7618742188e+04 
-3.0647670916e-32 
4.0632586753e+31 
2.7508593750e+05 
2.3221411448e-21 
-1.3007164393e-19 
-3.3529154090e+19 
-1.3324154080e+27 
2.9678635162e+36 
-9.8051576000e+07 
-3.0476373047e+04 
-1.3245879840e+31 
7.3003064087e+19 
9.5057619426e-38 
3.3052499149e-28 
3.3167746094e+04 
2.7599873047e+04 
-1.5731035874e+38 
5.6650730222e-37 
-1.0828848129e+20 
-1.4027799171e-37 
4.4362875255e+17 
-8.1872726383e-30 
-3.5760827338e-21 
1.1307829673e-12 
-6.9423285766e-33 
-1.4661967754e-02 
1.4344919739e-37 
3.6106587467e+16 
1.0327718625e+13 
-8.6571499368e+18 
-3.1408569336e+01 
2.1779663086e+01 
8.1964950268e+19 
-5.8275931778e-31 
3.0336100261e-33 
1.9423475834e-22 
-5.7891919158e+17 
-1.0621956615e+24 
3.4597315788e+00 
-1.2019210181e-23 
1.6375118750e+06 
-2.2218236689e-19 
-1.1397766113e+01 
6.2248249511e+14 
-4.5358321110e+33 
-5.4961171862e-27 
-1.8883673897e-35 
-3.2951692741e-33 
2.6880390942e-04 
7.8398997906e-16 
2.7803670538e+25 
-1.0976715876e+27 
-1.8607325959e+37 
-2.5505661964e-02 
-1.0299066916e+34 
9.4498626361e+17 
-5.0246948376e-05 
6.1765909071e+27 
-5.0481542359e+14 
3.6485351562e+02 
2.3165988922e-01 
-7.3545683432e-13 
3.9216181317e-32 
-3.3224737975e+35 
-1.5195614246e+30 
3.6494750699e-16 
8.3093172504e-24 
1.1120558422e+27 
-6.9776239352e+19 
3.4912206725e+34 
1.2844392216e-10 
1.7247189200e+25 
3.6236098516e-38 
-1.5214132038e-13 
-7.1526340406e-11 
-4.9156958220e-37 
-6.9533616937e+37 
-1.3288240000e+06 
-2.8744316101e-01 
5.7691073480e+27 
-6.7095065920e-30 
3.9355599377e+33 
4.3629349860e-34 
-1.3481552752e-25 
1.8785293329e-36 
-4.2349583990e-14 
8.7230198085e-02 
-5.0651835000e+06 
1.0119756250e-34 
1.2320262909e+02 
            nan 
3.4853194007e-13 
1.7201515665e+22 
1.7346509459e+33 
1.5203342415e+24 
-4.5216046185e-11 
2.0655177377e-23 
-4.5047887528e+32 
-7.7690174034e+22 
-6.5796804428e+00 
-1.8162812291e-13 
1.0715037545e-20 
-3.3174589980e-31 
-1.2824141312e-20 
1.3683779973e+30 
-6.6282644272e+00 
1.6551677379e+38 
-9.4979874632e-08 
-9.8617694012e-20 
-4.9864022287e+30 
-2.0740582354e+34 
2.4381775143e+17 
3.6332563945e+30 
-1.3260223648e-11 
-1.8205405928e+37 
6.3096134467e+21 
2.8648150000e+06 
-1.3492350578e+00 
6.0897201538e+01 
-2.6372934205e+12 
1.6270372885e-36 
-5.6193798059e-08 
-3.9090917170e-09 
4.2574935913e+01 
-2.0538137381e-32 
-4.1834636203e+33 
5.2028088248e-05 
-6.6900424811e+28 
1.6647104492e+03 
1.2422909150e+32 
1.6209362807e+34 
-3.7423100205e+22 
1.6441757560e-20 
1.7093429450e-10 
1.3240272999e+00 
-8.5922558948e-17 
-3.7585929967e-03 
1.1743340424e+27 
-1.9461338222e-01 
-3.6885345584e-26 
-4.2131501056e+10 
-4.7033921799e-22 
1.4101558067e+11 
2.5806013285e+36 
-8.2488940153e+36 
-4.8819505820e-36 
9.0141561733e-36 
-4.7634344082e-04 
3.8883251818e-07 
-9.2465175000e+05 
1.6093113394e+37 
-3.0896356611e+28 
5.2798305125e+28 
6.3127395521e+34 
8.4447014578e-33 
3.8343148404e+27 
-3.9158706654e+14 
-4.5710490058e-33 
1.9476561438e-17 
-9.0238951425e-26 
9.0428576544e+35 
6.0734479360e+09 
1.6684128580e-13 
-3.6053602705e-16 
6.7730582532e-18 
-1.2440022356e+29 
-1.8801165771e+03 
-2.1472309677e+27 
2.9153958369e+25 
2.5110624442e-30 
4.7712528980e-21 
7.2550273438e+03 
3.6481556664e-10 
-5.9248458228e-07 
3.9926356229e-32 
4.3057336939e-37 
-4.2407432521e+23 
2.9528214540e-08 
-1.1791893850e-10 
-3.2359066759e-22 
1.9250480652e+02 
6.0486297607e+02 
2.8903425877e-13 
-7.4854397774e+00 
-1.6867456037e+28 
            nan 
-3.2803912235e+17 
-4.8759648604e+31 
5.8797211090e+27 
4.1781647360e+09 
1.2602487183e+02 
-2.2522719165e+17 
-3.3096150000e+06 
8.8811113186e-26 
3.5857644081e-31 
-6.8924231529e+00 
6.0965585545e-33 
5.3228609197e-15 
-1.3633142915e+18 
1.3254402802e-05 
-4.0297080648e-19 
3.2892312970e+17 
1.5988773986e-29 
4.5386155007e+30 
4.3436184375e+05 
-1.5004966714e-10 
-1.2428575447e+21 
-4.3882094592e+10 
2.0030225278e-04 
-3.9490954004e+24 
-3.3311352808e-13 
-1.6001687009e-13 
-3.9003965664e-39 
1.3154222899e+11 
-1.2759540565e+27 
3.1270113281e+04 
4.9039622525e+30 
4.2143145752e+02 
-3.0272181250e+05 
-8.5731877843e-27 
-3.0740439221e+15 
-6.8175412188e-34 
-2.7277428000e+07 
1.3504643858e+13 
-6.1473459374e+22 
1.2219143252e+32 
6.6964006562e-10 
1.5714865173e-11 
4.6166730469e+04 
-2.7305449073e-16 
1.3261193204e+36 
-4.2162640566e-12 
-1.2535606907e+31 
3.7260895169e-06 
1.4449971104e+21 
-2.2837942310e-19 
4.1455759856e-06 
1.3031293424e+23 
-2.5056892151e-25 
9.4921382157e+24 
-4.0499944673e+27 
-5.3117646130e-23 
1.4535433750e+06 
-8.5280701746e-36 
1.5812665664e+36 
1.5196373657e-25 
1.7648544811e+19 
-8.6407865751e-08 
-4.8522412032e+11 
9.1515004970e-33 
5.1461743671e-28 
-2.9555751350e-36 
3.4535863315e-34 
-1.1621736960e+09 
-2.2204788000e+07 
4.4416496032e-30 
2.7639880052e+26 
6.7034332000e+07 
-3.6830862500e+06 
-1.4829353848e+31 
-1.3643024439e+29 
1.6390493365e-19 
-3.3388614119e-35 
2.7315957075e+35 
1.7892057600e+09 
7.1327061593e+29 
-7.4161276441e+19 
-9.1178381842e-19 
-2.2933489837e+17 
5.9167317098e+32 
-9.7808955834e+31 
-1.4356772065e-12 
-5.6217213569e-06 
8.2962808230e+37 
3.5059267989e-11 
2.0546997671e-17 
7.6515629888e-02 
-1.6047226482e-12 
1.2862831460e+14 
-7.5316695588e-39 
5.2739363164e-02 
-6.3934001277e-35 
8.6599565140e-33 
3.7397048253e+28 
-3.0731959739e-31 
1.2320471605e+22 
3.8313278699e+25 
-3.9441104663e-23 
-4.5324665245e-13 
4.0830610378e-28 
2.2017932002e+18 
-1.0046053328e+15 
-1.2683747840e+09 
-2.1742470088e-14 
-8.8286054961e-05 
-6.7715027659e-20 
1.6312256451e-17 
-2.4987959928e+31 
-6.8515112162e-07 
4.6172045188e+16 
-8.8602549054e+22 
-1.2534221030e+16 
1.0805002161e-19 
1.6053076618e+30 
-1.5438769152e+10 
-8.8846605764e-26 
3.3307577019e-24 
-3.2940802002e+02 
2.3123786963e-30 
-2.1742857976e+35 
8.1706653019e-38 
-1.9789808927e+12 
5.4125763667e-21 
8.9357335519e-29 
-5.9306961639e-35 
7.4928255081e+00 
6.7961912450e+23 
1.3750680685e+00 
3.0935062845e-10 
7.4290460938e+04 
2.1410709936e+33 
2.1389569979e-32 
1.6451434141e+17 
3.1014793271e-19 
5.1179708800e+08 
8.3878259200e+08 
3.5927443243e-09 
-7.3094326141e-27 
-2.1550126122e+37 
-1.3023485624e-14 
1.8434190996e-26 
6.2593226562e+04 
-3.7741495042e-13 
1.1560358573e-11 
-2.9616505718e-25 
-4.8322434839e+29 
-2.7088359758e+37 
2.4592065600e+08 
1.4821193408e-21 
-4.9831570895e+35 
3.7624503640e+37 
3.4715094846e+24 
-2.5876552097e+26 
6.5681613050e-03 
8.0058744832e+11 
3.0882347625e+15 
-1.5853364567e-38 
4.8660559654e+00 
-2.3848012924e+01 
-2.9117512214e+26 
3.3427337444e-25 
2.6459897099e-13 
-1.0651485916e-08 
-1.0633977945e-04 
-1.9951262856e-16 
-3.5055107521e+21 
-7.4131487057e-20 
-2.1489970386e-02 
1.7988733989e+31 
-5.1214444134e+12 
5.8328929943e+31 
9.6389692399e+36 
1.8261046131e-31 
-5.0951734375e+04 
3.2467519319e+21 
-1.8644120288e-16 
7.3755520937e-15 
7.2132345430e-35 
-1.1110690492e+15 
3.0989299206e+30 
1.4100909645e-18 
-3.8205628416e+10 
-1.4353820801e+03 
1.0916973117e+12 
-2.5923776900e+23 
3.5538938236e+22 
-6.1403467102e+19 
-8.7236320284e-17 
-2.4973831736e-18 
-1.0848960841e-08 
-6.0975594667e-37 
-1.0625454509e-12 
4.9218156346e-18 
-2.2063380377e-35 
1.6061329133e+17 
-1.0860776365e-28 
-3.6738464355e+02 
-3.0664736528e-08 
-4.1513787500e+05 
-2.3481320437e-35 
-7.5091086944e-31 
4.1933071818e-39 
9.5393638611e+00 
-3.8655606182e+33 
4.1958447561e+26 
-4.9001307764e+37 
4.0063504248e-37 
-1.0854488474e+11 
4.0575012870e+31 
-6.2574223319e+29 
3.4878908826e-15 
-1.6410529230e-18 
-1.9139852844e+34 
1.2424695139e+20 
-2.1641353358e+38 
-1.1329600215e-01 
1.6548589522e+15 
-1.9128148501e+28 
1.3678590767e-03 
7.1443635200e+08 
-4.3669192704e+11 
-2.0306460559e-02 
-1.3063313818e+11 
-1.9468332315e-15 
1.6200131309e+16 
8.8440513420e-28 
3.7030744693e-08 
2.0300662000e+07 
7.4220319220e-05 
-1.1706790771e+03 
5.1150789261e+00 
7.5844337332e-34 
-1.1999931563e+36 
7.9169703043e-38 
3.7752982544e+20 
2.2075893024e-27 
6.7540147200e+08 
-1.2039140668e-17 
1.3292487412e+17 
-2.0443069088e-22 
-1.6494648529e-12 
-1.2070125580e+01 
1.9254121168e+27 
6.1966248105e-12 
-4.2272168405e-11 
-1.3681124726e-29 
7.9089258422e-37 
1.2513052113e+34 
6.7690030605e-39 
-1.3545207679e-02 
-6.7740568880e-22 
-7.0407307470e-35 
7.2036331892e-01 
-2.8473637828e-33 
-4.6530585166e+14 
-1.9570687167e+22 
-2.4363945217e+14 
-1.0271553384e-19 
1.7806633750e+06 
5.9152414510e+28 
-2.2860171452e+29 
1.0861811255e+28 
9.0458453125e+04 
3.2036287283e+11 
1.1408458915e-14 
-8.4238808000e+07 
-4.8685294685e-10 
-5.9676943974e+11 
2.0754369989e-19 
4.0785890422e-38 
7.9194520367e-05 
3.4112295152e-20 
-1.5057439478e+23 
1.0847494929e+30 
-2.9137965912e-13 
6.8710235595e-31 
1.6469447899e-16 
5.3435148240e-30 
-4.4069484162e+23 
-1.1528419191e-10 
3.0834714263e-27 
7.2956359945e-03 
-1.2436877865e+26 
6.6771122192e-26 
1.1966684806e+23 
1.2831593210e-07 
9.7081832886e+00 
1.8667881857e-19 
2.9471543351e+23 
-5.9680663189e-11 
-2.7126789693e-38 
4.0450149774e-20 
7.4640130048e+12 
-9.4030420466e+32 
2.8073879291e-34 
1.9948986243e-14 
2.5302638036e+16 
2.6668975795e+17 
-3.1569569349e-18 
-8.5608718980e-23 
1.4988887512e-15 
-2.2102044678e+02 
5.7340496795e-09 
-2.0939642197e-24 
-2.0701484155e+12 
9.4061433094e+21 
1.2215292796e-12 
5.9107360784e-08 
1.8086399413e-20 
1.5279508404e-23 
-8.8950561188e-33 
3.1000884415e-16 
9.4324088832e+10 
-6.7078754084e-15 
1.5243402913e-15 
-3.7498268458e+37 
-4.2676982880e+01 
-4.2474222605e-19 
6.9875423211e-31 
9.0856168287e+28 
-5.7222779746e+18 
1.6345736960e+09 
-3.5079020036e+36 
-7.0015763200e+08 
-6.9260685858e-24 
2.1722530938e+23 
1.0626545062e+22 
6.4464163780e-01 
5.8610892296e-01 
-9.3443293184e+10 
-5.1741535528e-37 
-4.8198808086e-23 
-5.9173964289e-38 
-2.5731801097e-28 
-1.0613010478e+20 
2.3503429632e+10 
-1.6967755000e+06 
-3.8071370759e+37 
-2.4188486949e-24 
1.7411953823e-11 
-1.6008270533e-25 
1.0289810594e+25 
-3.2554107865e-26 
1.3261558594e+04 
-2.5540463626e-02 
-1.6719712776e-34 
-4.8450703983e+13 
-1.1934011127e-04 
-9.2669409405e+24 
-1.1783077850e+17 
-3.9163406473e-04 
2.8075131109e-10 
-4.9967277405e-29 
-5.3005298697e+25 
9.4332946333e-38 
8.4185093641e-02 
-4.1255534597e-06 
1.0965486089e+30 
-1.9151331299e+25 
4.1020376308e-36 
-6.2864496797e+27 
-1.0181819874e+31 
-3.3507127851e-17 
-2.0450522552e-26 
5.8485529358e+31 
-2.4112251432e-24 
1.3993316124e+17 
3.7538114917e-35 
-1.0681097771e-23 
4.1766579084e-10 
1.0138208496e-14 
-4.3248448065e+16 
2.5121912000e+07 
-2.1083670000e+06 
1.0857970311e+25 
-5.1109335639e-24 
2.1174310303e+02 
2.8273952007e-01 
1.2650048120e-06 
-3.9454230000e+06 
-3.4872278571e-02 
5.8788945412e+16 
-1.7677144984e+34 
-4.7834193707e-01 
-3.7929711483e-32 
-3.2085806565e-17 
4.9718662365e+18 
8.7841990156e+23 
-9.3695246200e+18 
-5.5350012495e-26 
-2.0877132759e-13 
9.3427272514e-03 
4.3966520578e-02 
4.1002056861e-08 
1.2359427252e-15 
-2.0558544989e+23 
-2.2337368254e+14 
1.3093763497e+36 
-6.3951156799e+16 
-1.2470967155e-23 
-5.0240238281e+04 
7.2860811828e-10 
-5.5994661352e-07 
-1.0579291503e+16 
-2.1606240037e-32 
6.2982778992e-09 
-1.3724469901e-38 
-9.9017697573e-01 
-4.2494050813e-12 
-1.0880410105e-22 
-7.4407943864e+12 
7.0292828324e+12 
-6.1619598152e-16 
5.5601343842e-12 
-1.8969406231e+15 
5.2267460913e-34 
-3.4798759604e-14 
-2.3075093079e+02 
-3.7085773926e+03 
-2.0340169342e+18 
-9.3390838312e+35 
1.9232685259e+23 
-9.5934842880e+09 
3.4179831855e-03 
8.6414528000e+08 
3.0284014217e-22 
-6.0270215485e-09 
3.3913621555e-21 
3.6074143284e+16 
-6.3425882925e-19 
6.3684468736e+10 
9.1794633384e-16 
5.8392575011e-03 
-4.5761991306e+31 
5.6164853959e-06 
1.6983969805e+28 
-1.0079412668e-30 
-2.3407740000e+07 
-3.0119978091e-16 
-2.2924942524e+31 
-2.2330663108e-16 
-1.1978427025e-32 
5.6147561828e+18 
7.7619779338e+12 
-6.7876226964e+22 
3.7587513344e+10 
1.7743151367e-21 
-5.6133820006e+27 
-6.0179533005e+12 
-2.8022720863e-12 
4.9809810638e+01 
-8.7074292647e-31 
3.7223937703e-37 
-3.3475307282e-03 
6.6956029952e+10 
8.8786550000e+06 
-1.7787417617e+31 
-2.0729675406e+32 
6.6168393750e+05 
5.0346885419e-28 
-2.4252889554e-23 
-2.5044144030e+32 
6.5801092971e-24 
5.7318701026e-21 
1.5822232119e+24 
-6.3102246094e+04 
7.2758491151e-03 
2.0714122623e+34 
2.0214205944e+26 
2.3214319248e-32 
1.1554044249e-05 
4.7919835951e-31 
1.1417334959e+30 
4.1962504153e+20 
6.3815740117e-35 
3.0709512711e-09 
1.6002106886e+34 
            nan 
-4.7709090095e+37 
-2.1893412850e-05 
-7.2682111145e+18 
2.6778097503e-31 
5.9037286171e-09 
6.4560788547e+27 
6.3151524046e-06 
4.3777991614e+34 
1.0297549770e-34 
1.4539621729e-09 
5.8412823805e-37 
-4.3591217175e-27 
3.2942387308e+21 
3.4090725239e-03 
-1.4859189302e+14 
2.5201294510e+37 
2.7159173964e-32 
6.1485938115e+13 
2.7420058029e+18 
1.0471739769e+01 
-1.5850599766e-06 
1.9446718794e-32 
-1.1527109146e-01 
3.6026060692e-37 
-1.1645411435e+18 
9.9282428473e+28 
5.0010148695e-18 
7.0281738281e+01 
-1.3672296476e-36 
3.4780903605e+22 
3.0302078404e+34 
1.2819562353e+33 
2.8128597367e+32 
-1.3890776628e+33 
-3.8949582774e+35 
8.8816007066e+23 
-5.5056351614e-18 
1.8837082334e-16 
7.0835841533e-12 
-1.9012831256e-26 
-2.2830126953e+04 
-5.9823428464e-24 
4.5463068766e-39 
-2.3675453725e-25 
-2.1333963700e+16 
1.4945109704e+31 
1.0981072406e+15 
4.0476317363e-23 
-1.2207415089e+15 
-5.8189871486e-31 
-1.3827248224e+19 
-5.3547943926e-17 
-2.3837176627e+11 
-2.9494214880e-33 
-6.6597269761e+19 
-3.5875252991e-08 
4.8489116639e-26 
-6.4019227763e-25 
8.2767508319e-22 
6.7700466388e-06 
8.0533584423e-07 
-3.4437701416e+02 
-2.9607293054e+37 
1.9168503125e+05 
-2.5029022720e+09 
1.6852135554e+20 
3.2536384583e+01 
1.3395793363e-09 
2.6080934873e+24 
-1.2397193802e+23 
7.2931567383e+03 
-1.0419631251e-18 
-9.7917884831e-37 
5.2252013363e+11 
2.3990374400e+08 
1.5444933227e-15 
-1.1030040387e-32 
2.8832980534e+30 
2.6794118175e-29 
6.1552520492e-05 
-9.6986724417e+19 
7.5693807097e-24 
2.7270026240e+09 
-3.1795277030e+19 
1.1272760628e+24 
-2.8267936000e+08 
-1.6709611816e+03 
4.0532210163e+37 
-1.0791474790e+11 
-7.7324389947e-11 
-1.7987718753e+25 
-2.8574829921e-02 
-3.3548935365e+13 
-3.2073281595e-15 
2.1970849716e-18 
4.8712092303e-13 
7.9220994209e-09 
-2.7474801337e-35 
-3.9808046073e-02 
-1.1445200471e-05 
-1.8745958805e+00 
7.0562621063e+18 
4.3019197417e-14 
4.6852155885e-33 
1.3558137653e-05 
-7.6349483464e+29 
-1.3107427676e+24 
-1.6333127680e+09 
-4.7977538844e+15 
1.5627308500e-39 
1.4049212359e-21 
3.9538920881e-37 
3.2006701021e+18 
-2.2187052787e+14 
1.6439161808e+15 
-2.5251755400e+30 
2.6247356814e+29 
-5.7687375000e+06 
7.9830529589e-25 
-5.8574242857e-32 
4.5158098630e-34 
1.2211599096e-04 
-8.9865553887e-10 
3.2331595321e-06 
-1.8547018834e+33 
-2.3728426105e+22 
2.3088538001e-05 
1.4749556235e-15 
2.2111292222e+17 
7.2758712122e-06 
-5.9713807974e+12 
-1.2220536883e-04 
5.3688093418e+28 
2.4657644749e+12 
1.6204163665e+19 
2.8644558725e+27 
4.9840435791e+02 
-1.9048986523e-22 
-3.0505383864e+18 
-1.1674392069e-17 
2.2668744617e+17 
4.4904888696e-09 
1.3897018103e-16 
-3.4322016635e+25 
-1.2462731940e+37 
2.4289446400e+09 
-2.9637122458e+12 
-1.1070275584e+10 
-2.2983438157e-06 
-4.9991352011e-27 
4.5368711928e+17 
-2.0706561227e+31 
-5.0246314867e-21 
-1.1326963437e-22 
1.2577388670e-36 
-2.2068058882e+34 
-2.8014242500e+06 
-4.6186879321e-10 
1.4837090974e-12 
-1.4195050523e-34 
4.9159667459e-31 
9.9521487509e+30 
-7.1254334823e+18 
-1.1446505964e+12 
1.0196737806e-22 
2.8462640663e-21 
-1.6515614465e-02 
5.9151502683e-06 
-2.3323027379e+23 
-1.0877364655e-34 
1.6923121250e+06 
-8.0044037120e+09 
7.6571067246e-31 
-8.0039507812e+04 
-5.6523556542e+20 
4.7903001010e-13 
-5.7682187500e+03 
-7.6456040892e-30 
1.9495627335e-11 
1.3521859379e+11 
-3.1276233773e-12 
-5.6945323268e+27 
-6.4697143476e-11 
-3.4914030811e-28 
-4.7892317480e-24 
2.1321242378e+12 
-2.4374017893e-32 
2.2133953679e+20 
5.8627501130e-04 
2.7702935040e-04 
-1.7269477714e-18 
-8.8402325860e+24 
3.6487884521e+00 
-4.3323871780e-16 
1.3413822965e+26 
2.0900391252e+35 
-6.1933777374e+15 
9.8821507812e+04 
-2.1250569093e+18 
5.0236678893e-30 
-2.4460490728e+21 
1.0900623795e+25 
-1.7833994329e-01 
5.2235670400e+08 
-1.1523805044e-36 
1.5281398083e+23 
2.6567958275e+29 
-9.2426549411e-35 
-4.6258687358e-36 
7.9301787642e-34 
-5.0436626979e+29 
-3.9245509998e+28 
1.4107902415e+16 
-2.2213946812e-31 
8.0737176447e-33 
1.5653823123e+31 
-1.5328892483e+38 
2.2975180800e+08 
5.6370421840e+17 
1.6069360424e-33 
-3.9925319831e-20 
-1.1227099609e+02 
1.7742479360e+09 
1.0040756168e+36 
1.5294609375e+03 
-6.3722831747e+22 
-1.6719758741e+25 
-1.1806810547e+04 
1.5516432939e-07 
-6.6555679817e+31 
-4.8214737509e-35 
7.1662012488e-05 
-5.5926526094e+34 
1.5446583517e-33 
-8.7640400592e+18 
-1.7816564650e-06 
-1.1618790939e+21 
3.3118139068e-33 
-5.0237729242e-17 
3.7556835165e-21 
2.3009885051e+36 
7.9357229809e-23 
6.2688470587e+27 
-1.5314049468e-23 
-3.3973207040e+10 
2.5326385498e+00 
-7.5665311591e+17 
-1.1709286766e+31 
4.4592977742e-24 
-1.1044552860e+33 
3.5912859015e+18 
-7.8330103857e-39 
-3.3138744251e+21 
-7.5420085314e+19 
-7.5240575116e+25 
6.5495363584e+10 
1.2870422652e-23 
-7.4167186335e+35 
-1.9205051961e+14 
-5.0795767618e-18 
-6.4706631680e+09 
-3.2580781290e+29 
3.5817319163e-12 
-1.1284712553e+00 
-2.0513073600e+08 
1.6571434814e+32 
4.2420817969e-09 
-1.0604298240e-07 
2.0480455316e+20 
-5.6248019121e-21 
1.6849272832e+12 
1.1138436299e+21 
-8.7285537446e-30 
8.6017993750e+05 
2.6537152662e-24 
-4.9892488270e-32 
-9.1849212040e+22 
-5.6404537201e+01 
2.7464806471e-11 
2.2864422533e-07 
-1.2142143000e+07 
9.1885891442e+35 
-1.2049273437e+24 
-3.9487208447e+36 
3.4482543395e+13 
-4.3682218287e+16 
2.3349202691e-17 
6.7893737217e+36 
-1.3867637684e+19 
1.1237919026e-38 
-7.6817352783e+21 
-1.5770778624e+10 
-9.9587807197e+33 
-2.2668843328e-18 
2.1688381167e+37 
5.3679882579e-33 
3.9400451821e-22 
4.0080412965e-20 
2.7852109618e+14 
1.1489629306e+36 
-3.9254495339e+30 
-1.5655703022e-30 
-4.1252282368e+10 
-1.4052947538e+25 
-4.7362929100e+24 
-8.5670861881e-04 
3.9780205073e+32 
-2.6834941871e-29 
3.1824801636e+02 
1.7877380628e+12 
3.4695395763e+33 
4.1358109955e-35 
1.6427859752e-32 
-3.4861646718e-14 
-4.7284468000e+07 
-4.3678846157e+11 
1.0486766052e+02 
1.5393023426e+28 
4.1543726889e+37 
8.9776531200e+08 
-2.0384398080e+09 
-2.7455382904e-15 
-1.8484876824e-11 
-3.4080958366e+00 
-1.3290025392e+21 
6.5159587500e+05 
-1.4557280450e+33 
2.9271928704e-16 
8.6520942727e-15 
-4.1750626406e-04 
9.0730722491e-08 
-1.2976912794e+11 
-2.2693838013e-15 
5.6383224000e+07 
1.0916194916e+01 
-3.7970075440e+23 
-4.8197061676e+30 
-3.4157682073e+37 
-8.9536442494e+22 
-1.1495243670e-19 
5.2065053520e-19 
-1.0510077112e+24 
-1.7433890506e-37 
1.9442357880e-12 
-3.5811315200e+09 
1.5002640398e+24 
-5.7257940754e+17 
-1.4891660800e+09 
8.4398630806e-25 
6.1637124096e+10 
3.6667629218e-26 
-6.0509398736e-07 
1.3824791453e+36 
3.3686086426e+03 
-1.4210929847e-25 
-2.7001558998e+22 
5.6731554724e+28 
1.2577810547e+04 
-1.6428423990e-32 
7.1213572486e+25 
-1.7763725339e+21 
-9.7652795367e+18 
-1.0352559923e-22 
1.0354450291e+25 
-1.1036311200e+08 
-5.5432744018e-37 
-6.4125334525e+19 
1.1050343727e+13 
2.1694627605e-07 
2.0449398137e-30 
4.8994166031e+24 
9.6498866234e-27 
3.8553019986e-03 
3.1779885260e-25 
            nan 
-3.6599195000e+06 
8.3559772055e-22 
1.1879310547e+04 
-2.4796004810e+18 
1.2262589074e-20 
7.8131845591e-21 
2.7752848109e-04 
-1.0050848438e+05 
6.7034332634e-23 
-3.8570846012e+36 
-3.0588826036e-33 
4.9114742590e-36 
1.1378150361e-29 
7.5396329165e-01 
7.4013212226e-11 
-4.0961377711e-30 
-3.4642361570e-03 
3.5014933960e+36 
3.8813242491e+12 
5.9480253399e+12 
3.7876120426e-13 
2.4425568154e-17 
1.3598194074e+11 
1.1350603009e+30 
-1.1491773129e+00 
-7.2548876513e-18 
-7.4165954894e+32 
-1.8043058352e-25 
-7.8135476562e+04 
5.3507649654e+25 
-5.2070541226e+28 
1.9215142641e-34 
-3.3781205125e-34 
-3.8109954834e+02 
-3.8269607936e+10 
-8.0249775718e+12 
2.0705109667e-39 
-2.7795014204e+29 
-1.4884670695e-15 
-4.4231122827e-37 
-9.6298666508e-22 
8.5692833155e+15 
2.7123616973e+11 
1.4712755345e+36 
3.2502883121e-32 
1.7303321184e-14 
3.9538137615e-02 
-1.9646426633e+24 
7.6405455042e-14 
-2.6355070000e+07 
-6.1643464630e+21 
3.2859047854e+13 
1.2355770187e-15 
6.6771724960e-04 
1.2999508667e+02 
-1.4582424146e+18 
6.2811067977e-30 
-3.1679793750e+05 
2.5454031690e-38 
-6.4757791935e+30 
-3.3847007543e-30 
1.0854840439e-19 
-5.1356275734e-21 
-9.6317101108e-16 
4.3509559667e+35 
-1.4583817010e-12 
1.5955218917e-12 
1.0271967621e-19 
5.0382961892e+33 
1.7076205695e-03 
3.7597300252e-04 
8.7901132093e-15 
3.0149261312e-32 
-5.1176514314e+26 
2.1479802630e-15 
9.5127356513e-13 
1.3404840728e-38 
2.9984568584e+27 
-8.6344355021e+11 
-5.2470590436e+19 
-1.7659071684e+00 
7.3223642427e-11 
-3.3591645956e-01 
3.6848987094e-35 
-4.8932931771e+16 
4.6522402294e+20 
-2.0284979113e-18 
-7.1599825481e+29 
-2.6452030397e-06 
4.1197209463e+26 
-4.8517141342e+00 
-2.7532062720e+10 
4.6082883330e-19 
-1.2304021035e+29 
1.0101129710e-08 
1.6027935498e-34 
-3.6040860287e-20 
-6.8958364409e-13 
-2.3613400117e-04 
3.3873943266e+28 
-2.8144913813e-05 
2.6490768346e-38 
2.4036916233e+28 
3.3246049556e-36 
2.6522827507e+16 
1.1127805272e-37 
9.4816917797e+16 
2.6763771189e+22 
-5.2512950000e+06 
-3.8307556178e-19 
5.3590103163e+12 
4.4731826782e+02 
4.4095220000e+07 
4.8189362343e+37 
1.7552760832e+10 
-4.4801549848e-06 
3.8764661440e-05 
7.8923392615e-14 
1.6625160994e-25 
2.0304716250e+06 
1.1040505953e-02 
-8.7559520517e+19 
-1.7267182476e-11 
3.2908754871e-32 
-1.5143116250e+06 
-1.9186636963e+03 
-2.5898944447e-11 
4.9773666993e+37 
-1.8594938793e-35 
-4.5342623693e-34 
-1.4340327652e-05 
1.6404814733e+37 
-2.0321108707e-07 
5.4844073020e-04 
2.8544754485e+30 
1.3202541274e-13 
-6.3207276708e-16 
-9.0516257732e-36 
-1.1798690018e-17 
7.7468334912e-25 
8.9299255706e-06 
2.2153248210e-05 
7.5855301207e-11 
-8.2517593575e+32 
-2.2784943727e+20 
-1.9838959676e-26 
-1.7277338563e-37 
1.0066727725e-13 
-8.8710360091e+30 
-1.1405641688e-33 
-1.0773061282e+35 
7.5004887570e+15 
-5.2623002986e+14 
1.6780642812e+32 
6.7514923265e+18 
-8.8258202363e-22 
8.1331000956e-07 
-4.1063709259e+01 
2.3408045528e-19 
-2.1259252456e-16 
-1.8511778163e+32 
-3.5310930444e+24 
-9.9425526353e-21 
-9.8423389479e-26 
-3.8583552837e-01 
1.5339616000e+08 
1.1123757225e-33 
-1.1571452056e+32 
-1.3549171523e+31 
-1.8564811707e+01 
8.5120337742e-33 
-7.5599373926e+11 
5.5375966349e+19 
-4.3551535671e-37 
9.5980043528e+14 
3.8716516972e-12 
3.9329825490e+28 
-6.1817449810e+31 
-1.7435435000e+06 
-4.0400251746e-02 
-1.5064292924e-08 
-7.8983980000e+06 
2.0373624563e-01 
3.6935894881e-13 
1.7272333405e-38 
1.0796120645e-17 
4.4832793727e-11 
-3.9005915063e+22 
-3.2633306355e-37 
-7.0034566306e-06 
-4.4367744596e-16 
6.5472698212e+00 
9.7713144813e-15 
6.0102993071e-15 
-1.3548144691e-24 
-4.7886013988e-26 
-1.9659908979e+34 
-7.6974584961e+02 
-6.8381043015e-13 
-8.9379272461e+02 
-3.2689867188e+04 
-3.5571029536e+24 
1.6519332315e-33 
            nan 
-5.5037687172e+25 
-3.3069624584e+33 
-2.1314453837e-13 
-7.3074746747e+18 
6.2075472540e-10 
4.6131246513e-18 
4.3671908516e+12 
-3.3747971213e+30 
-2.4150899098e+11 
-1.8577573242e+03 
-9.9068397528e-15 
3.1749695776e+35 
6.3781607451e-27 
-3.6595560958e+20 
-7.5350067139e+01 
6.0695658364e+37 
3.8780760274e+19 
4.5494328305e-09 
            nan 
-3.7748301263e+19 
1.0393691912e-37 
-6.8631150734e+15 
3.4186813512e+21 
-6.9959331840e+09 
9.4943517858e-37 
2.3692246071e-17 
1.4131125987e-36 
1.3707764350e-36 
5.5024889797e+35 
2.4697013531e-11 
1.8935570651e-31 
-1.8733378767e-14 
-9.4084566678e-28 
1.4914791187e-23 
-2.9405482564e-06 
-5.6167347655e-15 
-1.0540125389e+11 
-1.4935555498e+16 
-9.3949710910e-33 
-6.8716502974e+13 
-2.4228287474e-29 
-2.6268928699e-10 
-1.7027700000e+07 
-1.9526650169e-37 
8.6616653442e+01 
-1.2632762000e+07 
-1.5137756870e+31 
-3.7299541473e+01 
-3.2703981814e+12 
-8.4118837322e+22 
2.6173092188e+05 
-7.0153927533e+29 
-3.9444947500e+06 
8.1709880718e+34 
-2.6823265623e+38 
-2.8839044930e-08 
5.4652080536e+01 
-7.1715237225e+26 
-8.7461651011e+15 
2.8836542043e-08 
-1.3412474277e+25 
-2.1307636906e-30 
1.9558978966e-04 
8.2059623683e+15 
1.4234761541e+35 
1.9288374871e-16 
1.0682629181e-06 
-5.8272504258e-25 
1.0597945007e+25 
2.4127919380e-27 
7.6246510335e-19 
-1.7896951549e+25 
5.5542032085e-10 
-7.0885142200e-09 
-1.8487481714e-14 
3.8251539458e+33 
3.5615375094e-09 
1.6645086103e-35 
1.1965403557e+00 
-1.6357158289e+21 
-1.2968580203e-12 
-6.5504436493e+00 
3.0944006152e-17 
4.0207956461e-35 
2.6778710049e+13 
-1.0369187709e+13 
-2.4624965142e+29 
-7.2132948132e+12 
3.1600379167e+12 
-3.1938070000e+06 
2.4406141043e-01 
-1.3466391197e-11 
-1.6752613874e-07 
4.7479757074e+17 
3.2868040270e+37 
4.0167051338e-06 
-1.1955039961e-37 
3.4518786164e-22 
2.9541518541e+11 
6.5648716756e-22 
-1.9813554148e-20 
2.3491089282e-11 
-1.4152783465e-29 
-8.3108346717e-21 
-3.4059934121e-33 
3.9656912002e+35 
1.4269018802e+19 
1.4075549580e-19 
-1.9049338000e+07 
4.5727747988e-07 
1.5722486865e-15 
1.4041565032e+24 
-1.5157907285e-07 
2.5966826291e+11 
7.0325811700e+31 
3.7626354091e+29 
-1.0018492618e-16 
-8.2751587500e+05 
-3.0370797031e-03 
3.5347864924e-26 
3.2300163138e+13 
6.2460137443e-21 
-1.4104957828e+29 
-1.3383853146e+13 
-2.7379460800e-14 
1.6038142935e+13 
-8.5325088660e+14 
-4.1533805779e-04 
1.0621433180e-38 
-1.9491788056e+34 
-8.1434517711e+20 
4.9040943332e-25 
-4.4224768081e-16 
2.7326560260e+26 
4.7480790624e-27 
-1.4996806027e-37 
-4.6310375093e-38 
2.5408496875e+05 
3.3995586023e-14 
-1.1643940923e-07 
-7.6731298471e-26 
-4.6435928633e-38 
1.1581932956e-14 
-9.4365248398e-30 
2.1809293750e+05 
-4.0914519043e+03 
4.5080154726e+30 
1.3518634034e-07 
-5.1989672852e+03 
-3.2876515130e-17 
-1.6932159008e-09 
-6.7427900827e+23 
-1.5397291863e-03 
4.5542533371e-06 
-1.6202962305e+13 
-1.3930894966e-05 
-1.8210738275e+26 
-2.8605128994e-32 
5.2640017836e-38 
2.4571262766e-03 
-1.4456461345e+18 
1.1106245312e+05 
-5.1899706587e-33 
1.2377034679e-29 
-3.3758553997e+19 
-1.8174189107e+24 
-1.9676010224e-13 
6.2553998665e+24 
-4.3019543247e-31 
-4.3776108214e-05 
1.0852373816e-04 
1.0031734712e+16 
-4.1232749717e+14 
5.2322238281e+04 
-1.9538199463e+03 
5.7503141138e-10 
-9.4535403150e-07 
1.9380702726e+26 
8.2409155165e+18 
5.3867932337e-09 
-1.0214182278e-10 
4.6473373413e+01 
-6.8180922852e+03 
-2.7141612078e-31 
-4.3592752519e-08 
4.3797874436e-19 
-8.0308511577e-12 
-5.7680834085e-02 
-1.1512292649e+38 
-4.0241815954e+21 
1.7315312051e+16 
-7.8874544140e+18 
2.1004739879e+32 
-1.2152342784e-37 
-7.0387762285e-09 
-9.0173099887e+33 
-1.3502732755e+24 
-5.5980073222e+18 
-6.1832959214e+21 
2.4731811517e+30 
-2.6645857361e-06 
1.0540165023e+33 
4.8016637952e+10 
-1.1812954422e+29 
4.1051753197e+26 
3.3150101494e-33 
1.4442588016e+21 
5.4975173719e-12 
6.6133477715e-20 
2.2741607609e-05 
-4.6521434708e-13 
-1.2023150674e+13 
2.7575748905e-37 
1.7632678706e-38 
-3.8614950180e+00 
-9.7491798923e+34 
4.0816683367e-09 
-2.2001133431e-24 
-4.1553523376e+13 
3.4323722941e+21 
9.3989461847e-36 
-2.1817609114e+27 
-2.1311612031e-08 
3.6198945317e-12 
-6.3809801231e+28 
-2.1882437433e+32 
-2.6731115234e+04 
-8.5609975000e+05 
-4.0411120605e+02 
2.3295134710e-09 
1.1013372800e+08 
-1.0611311154e-05 
1.8206881880e-16 
-9.5476732688e-25 
7.5821808017e+32 
-1.6054307506e+16 
2.6202044667e+20 
-4.2684293728e-33 
2.4025391627e+35 
1.1270629329e-04 
-7.5563707469e-06 
7.1127600670e+00 
4.3541246971e+36 
-4.4366335394e+36 
-1.0264195428e+21 
1.1065015414e+25 
-4.7559307098e+01 
1.3669989672e+25 
-4.9407271806e-20 
-1.4368907757e+33 
6.3242064920e+30 
-3.3762067500e+06 
-1.9547122151e-29 
5.4533637694e-07 
-7.8862788086e+03 
-1.3290133600e+08 
5.0117431137e+15 
1.0413046094e+05 
-3.2988891018e-24 
-2.7040055816e+18 
-1.7023750843e-05 
-3.9597306252e+00 
2.0584058061e+11 
1.3892620663e+35 
-2.3590971162e+16 
8.8853619428e-23 
-2.6379192596e+36 
9.7752372425e-38 
-1.3064615947e-33 
-3.1246323018e+16 
1.2301971890e-27 
-1.3037917059e+26 
-9.7393322754e+02 
5.9786925704e-05 
1.9429743093e-38 
7.2006791957e-36 
4.4855928395e-18 
-7.9308818993e-22 
-1.0945172800e+08 
-4.3224226562e+04 
-2.0463733819e-08 
-3.3248774014e-14 
-5.4412174954e-21 
-2.3404758325e-29 
6.7187540254e-11 
-3.7048569191e-19 
3.0296905170e-38 
1.3953494281e+21 
-2.0397668565e-22 
5.4754762500e+05 
5.8941131129e-28 
-6.0706860381e-23 
9.7090176093e-24 
1.8280878347e+19 
-2.1633368025e+20 
6.2686374400e+08 
5.3047400512e+29 
-5.4117581141e+15 
-5.3567621857e-02 
8.0739848694e+28 
5.6838222656e+04 
3.2237607191e+13 
-7.2522129851e-32 
4.0042361450e+02 
-3.3940254443e-15 
-6.3518675200e+08 
-1.7484985213e-23 
-1.3372564354e-05 
-7.7227338219e-30 
-1.1511559784e-01 
2.6493923625e-30 
4.5966468885e-14 
7.0297930298e+24 
-9.7448915759e+22 
5.7380775000e+06 
3.0849617565e-12 
-2.7547825897e+30 
-9.3627875110e+27 
-8.8216575023e-06 
6.0681150828e-18 
7.0481133523e-37 
-1.3331167420e-18 
8.0059906103e+36 
8.2110715003e+14 
-2.1119869440e+09 
1.3875431641e+04 
5.5716814327e-26 
-1.4961790771e+03 
-5.6123331888e-04 
-1.2890875114e+16 
1.8583665771e+03 
-4.3229815886e-13 
3.9697001826e-20 
-2.7801235989e-36 
-3.2938109041e-20 
-1.5441559924e-30 
-7.2763040131e-30 
2.1799957260e+31 
-2.6094327558e-37 
1.5589182947e-21 
4.3111636976e+23 
1.1397376204e+15 
1.3797294329e+35 
2.7597165208e-14 
-6.6107465839e-25 
-1.0225581804e-07 
-7.9010305300e-26 
-1.3527574219e-18 
            nan 
6.0583215815e+34 
2.1649246732e+21 
-5.6439044814e+25 
2.2898159185e-26 
-3.2601371913e-06 
            nan 
-2.6139283170e-23 
-2.1288958762e+21 
1.9356033445e-33 
9.4859624805e+15 
4.8787721333e-15 
-2.5201339928e+25 
2.2954356194e-09 
-2.1966176987e+01 
3.1843607102e+26 
8.4160693541e-30 
4.7053538843e-09 
9.9993625317e-33 
4.2858853661e-40 
2.9286709832e-05 
3.3317333224e-19 
1.4408043692e-26 
-4.2138070679e+02 
-2.7040325883e-34 
5.0991904350e-15 
-4.9893118303e+34 
4.0003256783e-12 
3.2282828954e-24 
3.0473466180e-31 
-3.2015872507e-23 
-4.8579386899e+18 
-3.1789481762e+16 
2.6102281215e+26 
-1.1165600154e+11 
-2.4194407751e+38 
-2.2860456264e+12 
-1.6565830226e+28 
-1.3517712602e+36 
1.0274993603e+12 
4.1016555360e-38 
-4.8613576515e+31 
-6.7008940000e+06 
3.8796734375e+04 
-1.2828194639e-37 
-3.8693433440e-37 
4.2683734375e+04 
-1.3707996732e+20 
-3.7687049745e-28 
-1.2609475004e-32 
4.7818270584e+22 
1.0899141028e-17 
-4.9526908000e+24 
-7.9314572376e+28 
1.8199869141e+04 
-2.6406299454e-30 
-7.9099933222e-33 
-9.4690156638e-34 
-2.3641381730e+15 
1.8251921242e-12 
-1.1076879201e+14 
-3.7398133676e-37 
2.1216084285e+18 
-8.1584227059e-22 
-4.2099777034e-14 
1.2822437264e-38 
-2.0696876250e+06 
-3.0466210005e+13 
-4.8332072755e+23 
-1.3943549959e-07 
-1.3807184570e+04 
-2.6554213036e-05 
6.2484074601e-31 
1.0403897882e-10 
2.1369953600e+08 
1.3864435392e-15 
1.5091441297e+29 
4.9454989773e+37 
-1.4515459270e-06 
-7.1087180231e-07 
-7.8148327305e+29 
3.9149088919e-30 
1.0945146436e+36 
1.2509507405e-26 
1.0081824369e-27 
-9.8980694607e-38 
2.0414766400e+08 
5.3135068557e-38 
-4.5499991040e+09 
-7.4330547727e+31 
-7.8429242267e-11 
1.8729270089e-36 
5.2514126979e-17 
5.8243417604e-31 
-1.0147660930e-30 
-3.7454620918e+12 
-1.4387404586e-38 
1.7362036253e-09 
-1.1427016000e-09 
-9.9339658022e-01 
-1.8671174785e-15 
1.3274315381e-37 
3.0184091520e+29 
-6.7416197030e-19 
-1.3463139340e-36 
-1.3928797609e-34 
9.5821382830e+19 
1.6724417049e-34 
3.8924377358e-16 
4.2690349722e-29 
-9.8312084469e-31 
-1.6348208511e+22 
6.2513920116e+27 
-1.4998307961e-05 
5.3331552734e+03 
-2.1475382806e-36 
-1.5254410940e-27 
-5.9046997096e-15 
-2.8483912271e+31 
2.8276246786e-01 
5.4827413607e+16 
-3.2308688923e+28 
-3.0004816566e-32 
-7.2413187500e+05 
-1.5032983993e-33 
-1.1421325684e+03 
-2.1604547076e+24 
-8.0083583313e+29 
-5.6210599235e+16 
5.2537606505e-35 
-2.8047981553e-14 
-5.8049516013e+35 
-1.3930558000e+07 
-2.8499376571e+37 
-1.3439824504e-22 
-6.2063670000e+06 
-6.3817826024e-11 
1.4704142445e+22 
-3.1598048210e+00 
6.4099538816e-19 
-1.2221396245e-14 
7.0501623398e+11 
1.1964795589e+00 
3.2368619520e+10 
-6.8419268355e-03 
-3.5171876139e+18 
-4.2097717878e+15 
-3.2189614676e+19 
-1.3074403681e+24 
9.7982141425e-33 
2.1345274819e+30 
-4.4677443401e+30 
2.3052095439e+35 
1.8498650403e-29 
1.9154186570e-10 
-8.3926633823e+28 
2.4961473860e-11 
-1.5413696875e+05 
-4.1104854714e-25 
-3.5404526367e+03 
-5.5098004294e-17 
-1.1490459648e+12 
-1.0588768961e+13 
-2.2524401777e-14 
3.6794470323e+30 
