2.3509887016e-38 
0.0000000000e+00 
0.0000000000e+00 
0.0000000000e+00 
0.0000000000e+00 
0.0000000000e+00 
0.0000000000e+00 
3.5873240687e-43 
0.0000000000e+00 
0.0000000000e+00 
0.0000000000e+00 
0.0000000000e+00 
0.0000000000e+00 
0.0000000000e+00 
0.0000000000e+00 
0.0000000000e+00 
0.0000000000e+00 
0.0000000000e+00 
0.0000000000e+00 
0.0000000000e+00 
0.0000000000e+00 
0.0000000000e+00 
0.0000000000e+00 
0.0000000000e+00 
0.0000000000e+00 
0.0000000000e+00 
0.0000000000e+00 
0.0000000000e+00 
-4.4236203410e-34 
7.1746481373e-42 
0.0000000000e+00 
0.0000000000e+00 
0.0000000000e+00 
0.0000000000e+00 
0.0000000000e+00 
0.0000000000e+00 
0.0000000000e+00 
0.0000000000e+00 
0.0000000000e+00 
0.0000000000e+00 
0.0000000000e+00 
0.0000000000e+00 
0.0000000000e+00 
0.0000000000e+00 
0.0000000000e+00 
0.0000000000e+00 
0.0000000000e+00 
0.0000000000e+00 
0.0000000000e+00 
0.0000000000e+00 
0.0000000000e+00 
0.0000000000e+00 
0.0000000000e+00 
0.0000000000e+00 
0.0000000000e+00 
0.0000000000e+00 
0.0000000000e+00 
0.0000000000e+00 
0.0000000000e+00 
0.0000000000e+00 
2.6748018627e-06 
-8.3524192051e-26 
-8.1724836117e+29 
2.3014113280e+09 
-2.3680168069e-14 
6.4162073670e-21 
2.2333372525e-29 
1.1555580808e-18 
2.6809237897e-04 
-1.7582709300e-36 
1.0477179794e+30 
-1.7014167047e+22 
-1.6883056640e+10 
2.7455782912e+10 
-5.8371852117e-32 
-1.3289703012e-25 
-1.4113936686e-08 
1.1438786983e-02 
-8.9634614665e-18 
-3.2647767512e-07 
1.3100318720e+10 
1.2592320000e+07 
-1.5449998601e-24 
-3.4337979525e+26 
1.7080662772e-02 
9.3316393750e+05 
-1.1022562790e+23 
-7.4218485679e-05 
1.0188672472e-19 
-6.3188708979e+30 
-3.1668373047e+04 
1.0838951718e+26 
-9.5668867285e+24 
4.1635509760e+09 
-2.1513547897e+01 
-2.5190623982e+35 
7.3541860647e+15 
-1.9218493127e+26 
-3.4210933760e+09 
-5.8246543631e-03 
-4.2422830656e-13 
-1.4734868437e+30 
1.6449269397e+34 
-1.9818838753e+12 
1.6148296875e+05 
-8.4999326476e-32 
3.8070895672e-25 
2.9195201812e-09 
1.6744035840e+09 
1.5161558151e+01 
7.8186049176e+23 
1.3117976150e+28 
3.5974742188e+04 
-1.1527977184e-10 
6.9929725530e-14 
-2.0622152874e-07 
-2.5889104194e-08 
2.3346119482e-10 
4.2338609774e-07 
-1.3844050045e-05 
-1.6275238081e-38 
1.5447518229e-01 
2.5053895173e-33 
-1.9919472834e-05 
-4.4372544086e+17 
-4.3022940392e+28 
-1.9428325786e+11 
2.1229369141e+04 
3.1808113476e-07 
2.5331710980e-35 
-1.3138480800e+08 
1.0028037407e+30 
-1.8646700329e+31 
1.6639556132e+35 
-6.0257064095e-12 
-2.1657271372e+30 
1.2796626187e-37 
5.1511157016e-39 
3.4089359360e+09 
1.4724613724e+30 
-1.4824148034e-19 
-5.3951140017e+19 
-4.8069717407e+02 
6.8760298487e+25 
1.7243722547e+11 
7.6156947167e+34 
2.4384647583e-38 
-1.7187295312e+05 
3.8771527661e+32 
1.2207327411e-02 
3.9479174798e-19 
-6.9147325786e-19 
5.3526786446e+32 
2.9310579296e+24 
7.8632110904e+22 
-1.1309279467e+35 
7.4293047874e-06 
-3.1574480236e-02 
-3.6725859668e-17 
-4.6990600947e+37 
2.6645631638e+21 
1.4327526304e-15 
1.1682792551e+14 
3.1705657959e+02 
-1.7278891802e+16 
-4.9831366177e-37 
8.2536547589e+15 
3.4944809113e+35 
-1.3834983347e+31 
-7.3787799110e+36 
-1.0003333538e+36 
-1.9289566472e-11 
-9.8557720184e+00 
9.6545987500e+05 
3.1013642741e+31 
3.1326621094e+04 
-1.3864921337e-28 
-6.3207901238e+34 
6.9569138002e+28 
5.8770445042e+13 
6.7154548266e-28 
-2.1024787829e+29 
1.1402892246e-22 
4.9595740332e-24 
1.1984393060e-35 
1.6651550411e+17 
7.3580691701e-23 
-4.0264360607e-02 
-2.1600268288e+10 
2.7619791870e-11 
2.5855240410e+32 
-6.3993242188e+04 
-4.4424940693e-27 
-1.7988529902e+27 
-8.9455026388e-01 
-2.5146730920e-08 
3.8935492436e-35 
4.1325545393e+23 
1.1876851898e-25 
-1.8531510178e-22 
6.5314799046e+21 
1.5253729022e-24 
3.8614839093e-39 
-5.2262935638e+01 
-6.7660673024e+10 
-1.1604764404e+03 
-1.0972845988e+35 
2.5889819971e-34 
-3.5414254761e+02 
2.1619144704e+10 
-1.1032751672e-06 
2.2545735590e-07 
1.5575463998e+22 
-7.8282774968e+29 
-2.7717417694e-08 
-1.0909970518e+35 
-7.1212759625e-31 
2.7945729560e-32 
2.3887815475e+01 
-1.0654869627e-29 
1.7979359113e-09 
2.4048674163e-07 
-1.1972542862e+37 
-9.3121886905e+37 
7.0868674701e+29 
-1.8669653023e-37 
-6.1891303572e+32 
7.7137249496e-13 
-7.4149075884e-35 
-6.2549203634e-01 
8.0469705941e+25 
2.0601414574e+24 
-6.4576770165e-16 
1.3271788963e-35 
-1.7180709078e-09 
-1.3844697474e+19 
1.7484218390e-20 
1.6299466750e-27 
-1.3977852653e-08 
2.6242456443e-05 
2.5841765493e+20 
-6.6688978784e-09 
1.8107006000e+07 
-2.9303903809e+03 
6.5095472337e+20 
2.2171518658e+18 
-9.6443510000e+06 
-1.7057774779e-25 
1.2225523906e+17 
3.4628399196e+20 
4.3082381852e+26 
-2.7865107661e+12 
-1.7839888179e-33 
-3.0511141679e+23 
2.7752970820e-13 
1.5921270894e+16 
6.5488344313e-36 
1.0523655417e-18 
2.4713677695e+23 
3.0698397500e+06 
-4.9814753532e+00 
-5.6797248047e-32 
3.2743868636e+21 
1.1609787336e+31 
-5.3322318783e-10 
-2.3655670482e+32 
-6.4568796925e-35 
3.5735013485e+00 
1.3169179833e-20 
-7.4878454470e+15 
2.1413753913e-16 
8.3635464216e+26 
-2.6633950426e+20 
-4.4402062665e-19 
-7.3149456820e+27 
9.5981165618e+20 
-4.4855311857e+21 
-3.1111472322e-28 
1.5034879687e+38 
-5.0108194351e-02 
1.1653520000e+06 
-1.3993940229e-07 
-2.8255618719e+29 
1.1810986328e+02 
-5.0077439623e+13 
            nan 
-4.6554476031e+30 
1.3966858601e+24 
1.8437345089e+27 
-9.3418701873e+21 
-2.6233333088e+14 
3.3942432858e-28 
1.2312615471e-18 
7.4257922964e+15 
-5.4109817989e+36 
-1.3787155151e+00 
-1.9388676737e+28 
4.4145131994e-10 
5.2501220083e+36 
-1.0923210725e-32 
7.3831975460e-03 
-8.6430522257e+25 
4.6817453670e+11 
2.6681222723e-23 
-2.4299845702e-28 
-9.8881089279e+31 
-4.0952750000e+04 
2.9362973416e+15 
-4.1847363790e-33 
-1.7029346683e-13 
1.9615521252e-31 
2.7608160000e+06 
1.0673359908e+25 
            nan 
-6.6020946286e-26 
2.0202531446e+17 
-5.2918556295e+13 
1.8101838750e+06 
-2.3323564053e+31 
6.6396810991e-32 
7.2968500000e+04 
-6.1523203494e+34 
-6.9028800195e-25 
-5.9270336391e-18 
1.0081047175e+37 
            nan 
-2.6347611095e+13 
-1.8342433768e+32 
2.4975091219e-03 
-7.8473021858e-07 
-2.5156143345e-32 
-9.9176916679e-13 
7.8335952759e-01 
4.0951476696e+25 
-1.0508086881e+22 
-2.3644561768e+00 
-1.2934788490e+21 
2.8219838973e-31 
-8.2032240614e-35 
4.6947187257e-34 
-1.9087986755e+02 
-5.6287304236e-24 
8.7081860849e-18 
1.4783505083e-36 
8.5161109416e-17 
8.8131128525e+11 
3.8317984317e+12 
-4.4621848530e+31 
-6.6032363536e+26 
1.9189411402e+19 
-1.0439514783e-31 
5.8950081439e-06 
2.3649548535e-29 
1.9297114431e-35 
5.0854650108e-27 
-3.4098169600e+08 
-5.4182131502e-21 
-7.2230617661e-37 
-8.7338909507e-02 
-1.6123429491e-33 
-2.0539883203e-14 
-9.3203492188e+04 
4.7864338756e-01 
-6.5796120187e+30 
8.7364331047e-11 
2.6073778409e+14 
3.9924986118e-27 
-2.9535887180e+23 
4.1667072688e-16 
-5.2737239850e-25 
-2.4001297321e-35 
-3.9488710851e+23 
5.7233368678e+11 
-5.6053149654e-34 
-3.8697991074e-14 
-7.1173523308e-18 
1.6154917895e+33 
-2.5969841309e+03 
-6.5047097344e+10 
4.2208471982e-33 
-2.0798357001e-14 
3.9372557517e+11 
2.1543946629e-25 
-3.1843677500e+06 
-5.4377377321e-24 
-4.3484468901e+36 
3.6563376136e+17 
-8.0840663345e+18 
-7.8112955000e+06 
            nan 
2.2833873047e+04 
7.1303639444e-31 
-7.6478395000e+06 
-5.6727292000e+07 
-1.3546597606e+18 
7.0399349084e+18 
-5.1191877626e-21 
-1.7912564426e-26 
3.4333292553e-15 
-3.5335254546e+30 
4.7347393578e-36 
-4.4092648119e+33 
-1.0558616800e+08 
5.2704054373e-39 
2.3059434196e-22 
1.7950545654e+03 
1.5911098438e+05 
-1.1892500571e-17 
-1.5661002180e-05 
2.3379326000e+07 
2.2356138682e-14 
-7.3715932617e+03 
2.2323418133e+24 
4.3082634149e-16 
1.4852709138e-27 
3.2764107303e+19 
2.9241448238e-34 
7.1704296983e-17 
-9.4933978271e+02 
-2.1903108423e-36 
3.9096398322e-22 
1.4189797510e+15 
-9.2353629618e-30 
9.0266046306e+36 
2.8597054675e+35 
-1.0336220074e-10 
7.4000175562e-13 
3.2114840313e+37 
-3.4624522000e-11 
9.8108978271e+02 
5.3628066432e-09 
7.5239645625e-09 
3.4137669563e-32 
1.1725519690e+33 
7.8649413733e+22 
8.9249272000e+07 
3.4127694448e-07 
-5.5081224935e-18 
-4.7068213670e-36 
4.8451061460e+23 
7.9278224216e-20 
1.8399693348e+36 
4.6455932617e+03 
-2.2752554008e-10 
6.2038766888e-34 
1.0953686523e+04 
-7.2461257332e-06 
7.6702787265e-32 
1.9793210024e+22 
-1.5800373016e+25 
-6.6496767684e-33 
1.1995955973e+20 
2.8365864960e+11 
-5.4448101523e+13 
3.9308152907e+31 
-8.0257635684e-17 
1.7683474650e-34 
-3.3278513653e+27 
-6.8064625375e-03 
-1.8533950416e-11 
7.1805411352e-22 
-8.0628017374e+32 
-3.8010244301e+11 
-5.6776590231e+19 
-4.7448743150e-27 
4.0239186270e-35 
1.0446434021e+02 
-1.6671274189e+16 
-5.2668139415e+17 
-4.5257512960e+09 
4.8749996040e-07 
1.0883151527e-15 
-5.7354342937e-01 
-8.4893484375e+04 
5.1622581789e-16 
-5.7956437711e-38 
-1.4844648983e+20 
2.8680867326e+17 
-3.5191198578e-22 
5.8056218048e+22 
-7.3758192000e+07 
-3.9654701853e+37 
-1.4032906541e-22 
-2.3714071062e-07 
-2.7350887650e+31 
-2.6108608636e-20 
5.0161875085e+34 
1.0824832193e-29 
1.7836715231e+19 
-1.5248389571e+12 
-9.9266285038e-19 
-1.0965351769e-19 
-3.5021276509e-26 
3.2026193750e+05 
5.5115102117e-18 
1.4454497415e+25 
-3.1090984012e+32 
1.8196221845e-06 
-8.5665513999e-36 
-1.4812571462e-03 
5.1388123069e-16 
-1.4086169434e+03 
-7.6018912453e-24 
2.8629774644e+22 
8.7650758873e-10 
-1.2536747656e+05 
-1.2646246716e-07 
5.7828422852e+03 
-1.6697726719e-15 
-5.1811149918e+35 
1.2007271881e-17 
4.5232189053e-29 
-2.7315123589e-04 
2.5157214766e+33 
3.6214584351e+01 
1.8352282125e-32 
-1.7468325794e-02 
-2.4911332130e+00 
-2.4534812197e-02 
1.9064079285e+01 
3.6059299296e+33 
-8.4531987087e+12 
-3.9173571828e+28 
3.7312639957e-12 
4.0161981913e+32 
1.8314569473e+01 
-1.4596532124e-32 
7.8004787434e+27 
3.8688261531e-20 
8.7497213050e-17 
-2.9562686157e+02 
3.4087109644e-24 
-2.7775627305e-25 
1.0060930314e+31 
4.7257850382e-36 
1.0622559115e-02 
1.2811437434e-18 
-2.3773002149e-29 
2.0499734887e-07 
-1.1216573046e-38 
-3.6753471336e-22 
-1.0095216657e-34 
-9.4652736170e-13 
-7.1183670000e+06 
-2.9152864218e-01 
5.5093774497e+25 
6.6341614547e-25 
2.1134469604e+02 
2.0435761371e+24 
-5.2600822449e+01 
3.8080451236e+21 
1.4946215445e-28 
-8.3748519897e+01 
2.4508678118e-32 
-6.9179863888e+28 
-1.3963825684e+03 
4.0928649105e-39 
-5.3998548874e+27 
1.6953591830e+23 
-5.7035677135e-02 
1.3023918329e+23 
-7.3032951219e+23 
-1.5851447124e+13 
-1.1832218313e+27 
6.0707068170e-14 
9.9020180573e+20 
1.9828822783e-33 
1.1434479499e-18 
3.2694347640e-32 
1.3985654831e+01 
5.6783611731e+27 
9.6433225553e-04 
-1.2165808942e-20 
-4.4399769282e+34 
1.7511916116e+30 
1.0868942920e+19 
-9.7384833531e-10 
-1.7458825813e+24 
-3.1357540131e+01 
-1.0814097254e-25 
-2.0287343079e+29 
-4.2468142845e+22 
-9.9250974720e+09 
-5.1215116062e+14 
2.3071821812e-20 
8.0852484375e+04 
-9.7245338839e-04 
-2.0975173976e+20 
-1.7739305512e+32 
9.2471176147e+01 
2.6590032959e+02 
-1.1748623193e+16 
-3.1267614720e+10 
-2.8360736086e+14 
1.4942364143e-25 
-2.9638469159e-34 
4.3232615785e+18 
-9.2056806479e-32 
-6.9988800996e-13 
-1.0715007496e-19 
-1.1241265265e+20 
8.2334575153e-19 
7.7411195342e+14 
-5.5301253474e+35 
-3.4484301454e+32 
1.2635679124e-31 
-2.8572594207e+16 
2.0887794381e-04 
1.0712975594e-16 
7.7045919944e-31 
3.6784304128e+10 
-7.4977075014e+22 
2.3618494927e+21 
4.7983944463e-23 
8.4735493740e+27 
1.4606582031e+34 
-5.1016166400e+09 
-1.0778428259e-04 
-2.6636397532e-09 
-1.7369045657e+19 
2.6895888216e-37 
2.7471182868e-02 
3.2536438019e-17 
-1.3543670334e+28 
1.1010153143e+36 
-1.3491689228e-02 
-2.1923172999e-10 
1.8030389454e-31 
1.2549207964e-20 
-7.7142553456e-10 
-7.7362436056e-01 
3.1715557967e-26 
1.5656665987e-30 
2.0651079365e-20 
-2.8524205089e-01 
1.9804393005e+02 
2.1634077500e+06 
6.7063031542e-26 
3.1298402519e-06 
-8.9145990466e+30 
7.7664624938e-31 
-1.6093329460e-24 
4.0322566032e+00 
1.8007530598e-03 
2.2502830505e+02 
-7.4730759541e-26 
-1.8741299838e+26 
2.1974657476e-01 
-9.6766141661e+13 
1.7319692997e-03 
-3.7023024646e-08 
1.1118173937e-08 
-2.4327473600e+08 
8.9130830494e-10 
-6.2257987500e+05 
-1.3898922729e+02 
1.8195417841e+29 
-2.1567497212e-32 
-9.2488233349e-05 
2.0779295710e-13 
-4.4545859584e+10 
6.5071217766e-32 
5.6646771509e+22 
9.0455343874e+19 
2.6994406111e+24 
3.4169982812e+12 
-2.9576751709e+02 
-8.9588744192e+10 
-3.5212908070e-19 
2.2750926291e-05 
-6.6945443430e+12 
-5.7125473497e+33 
-2.6775413675e+17 
4.2889177830e+19 
-3.8159869709e-10 
-2.2846475469e+11 
7.1453678174e-06 
-1.8451643750e-13 
-6.2416067123e+00 
-6.9431235770e+35 
8.4191921633e-04 
1.3860493089e-14 
2.4006849724e+13 
-3.2550276956e-04 
-1.1862038699e+29 
-1.9119378179e-02 
-5.9472211671e+33 
1.4065661952e+10 
-2.0500851745e+26 
1.1964154454e-36 
-7.9665553065e-37 
4.7951649770e-19 
-6.7509806065e+27 
8.3695331761e+20 
-3.6633209685e-38 
6.0435858840e-27 
1.2477433536e+23 
-7.6867934240e-07 
-3.7467407254e+13 
-1.9474783656e-13 
-2.1969576942e-38 
-8.9353507232e-12 
1.4416056251e+33 
4.3052846647e-15 
-1.2923393855e+14 
5.0045117922e+20 
7.2692647234e+35 
-1.2066826475e+35 
-3.3411776826e+19 
-3.9623044221e+24 
-4.8323756346e-05 
1.7986426461e+16 
8.8056347216e+17 
-1.7047967911e+01 
6.4686442280e+24 
1.2739809570e+04 
9.0962520000e+06 
-1.2309646875e+05 
3.9169487357e-01 
7.6553831335e+19 
-2.8592617344e+15 
1.9463438012e+17 
-9.9027744000e+08 
-5.7929392179e+22 
-6.0341915182e-24 
7.9606516010e-06 
-1.1690977933e-35 
1.5017301611e+18 
2.3240088787e-24 
-2.0913024523e-19 
-1.8759118582e+32 
4.1855627321e-36 
4.1274099350e+00 
2.8090340068e+34 
-6.9588930789e+13 
-1.6844436595e+36 
1.7773398820e-34 
6.1523661166e-11 
5.2434821120e+10 
-9.7459207385e+23 
1.4663949170e+23 
-1.1370655557e-04 
1.0191018627e-20 
6.4109415953e-38 
-1.5388602883e+38 
1.0511964705e-20 
7.2097467456e-34 
3.0309135453e-25 
-9.7148117106e-08 
6.7664530153e+29 
-2.9634923350e-17 
3.9741046010e-08 
5.3735138561e-10 
-1.3920025614e-13 
-6.7285890401e-12 
1.4328189371e+35 
-2.8472703695e-01 
1.2811961168e-14 
2.5225345920e-29 
2.6981673354e+22 
2.9139675000e+06 
-1.0837817754e+11 
5.1118685218e-31 
3.1581048584e+02 
5.7153777852e-21 
7.2955891200e+08 
1.7493209030e-13 
-1.6971762500e+13 
1.8458341291e-28 
4.7872746094e+04 
4.7521978764e+22 
-1.5520868800e+08 
2.8877805710e+01 
-5.7634390593e-09 
-2.7690390400e+08 
-1.8830713377e-10 
-1.4642275146e+23 
-3.2420754792e-07 
6.4489295468e+37 
-3.9216775778e-16 
7.4462399659e+37 
-3.6065894660e-31 
3.8587227908e-38 
-7.4138055625e-35 
4.7363388824e-28 
1.1433060672e+24 
2.7763922514e+34 
1.1181099779e-07 
1.3198596382e-10 
-1.0498491419e-14 
9.5395120804e-33 
-2.7405888738e-27 
-2.7123448741e-18 
-1.0524330603e-17 
-2.6589452650e+15 
-4.6034071488e-07 
4.5165743289e+32 
-8.5747850462e-16 
1.0891884231e+19 
1.2242668948e+32 
-1.2618186523e+04 
1.0862549219e+05 
-2.0688748413e+14 
-2.8978299220e-22 
4.3743319848e-16 
-1.5507585745e+22 
2.6862996875e+05 
-2.7916118485e+22 
1.2648964818e-33 
-1.4115746232e-36 
5.3534060072e+20 
-2.6621703106e-11 
6.4935355000e+06 
2.4811876261e+19 
-3.8529757500e+06 
-4.4230218977e-02 
-8.5631014467e+30 
-1.8007062528e+10 
-4.3687854315e+28 
-8.1489492188e+04 
-3.9821667932e+19 
-7.3876476541e+19 
1.2234036915e-36 
2.7224216309e+03 
-8.6385720968e-01 
-9.1772924258e-37 
-1.1101962039e-30 
8.1301224325e-35 
-3.2825809303e+28 
-5.4512239608e-30 
-3.5599620674e-07 
-4.3891160224e+32 
-1.9420105786e+31 
2.5020289552e+29 
-1.3967040373e+17 
8.5878644313e-05 
-3.4548143882e+12 
-3.2447804735e+13 
-1.1541278884e-29 
3.0038712546e-02 
-1.8282968397e+37 
2.9564078817e+16 
2.8686083886e+15 
-2.2734192251e-16 
9.1574613180e-05 
-6.4582962700e+20 
1.4768365939e+34 
4.8674884138e-26 
-1.2583165551e-38 
-2.9743258722e+37 
3.3573661971e-13 
-1.0578930789e-36 
3.4595111084e+02 
-5.3497888131e-24 
1.5828068493e+15 
-2.9061543748e+22 
1.8267083846e-08 
1.3191794434e+03 
-2.8348242106e+20 
2.0507146741e-25 
4.1763255178e+30 
-3.9905222973e+15 
1.9981930542e+02 
1.7546814530e+22 
4.3016231896e+18 
-1.1992416375e+35 
1.4283115884e-30 
8.6704301339e-07 
2.3950781544e-14 
-2.2638634205e+13 
-2.9176270078e-30 
2.7392080815e-19 
-1.6202290620e-09 
-3.0014604330e-01 
1.0293617623e+12 
3.7237426540e-16 
5.7777158916e-02 
-2.7527503201e+34 
1.9203117548e+14 
7.5080864845e-31 
2.9334390215e+27 
-8.6272625720e+19 
-1.1253356934e+03 
6.9433875826e+16 
-1.7783820567e-06 
-4.3660418804e-38 
1.6934748739e-02 
-6.4300460047e+15 
-2.8758879555e+14 
9.0098470400e+08 
2.8497220126e+31 
-2.1451726872e+15 
6.3291267338e-08 
-1.6413546171e+21 
1.6319606934e+03 
-1.1943894324e-35 
7.1539756163e-07 
1.2509367457e-12 
3.9283876454e+18 
-1.1736255000e+07 
2.0928035346e-11 
-9.5500119812e-08 
1.3994708815e-30 
1.7789008640e+09 
-5.3530496359e-01 
2.6112725877e+13 
5.5488062966e-17 
-8.0642420961e+26 
1.4712877500e+06 
1.5082764059e+19 
-5.9389151738e+37 
1.4450138508e-07 
-1.0303145490e-11 
3.2876581097e-29 
4.8555324039e+35 
-3.6562682686e+26 
-7.9071420431e-01 
            nan 
3.6687214080e+09 
7.9262919922e-32 
5.6507749929e+32 
3.6830476519e+34 
-1.0450599332e+23 
3.2035797503e+22 
-1.1638857927e+38 
7.6891095040e+09 
1.2001294181e-08 
-2.7615926782e+34 
-5.7859249612e-27 
-1.3258591695e+29 
3.7572445155e-12 
1.4680953882e-24 
7.6136778648e+32 
3.0428668887e+12 
2.4207519531e+02 
3.3257080078e+01 
-4.6642564104e-38 
1.1172232732e+26 
1.1981021205e+24 
-6.3060273882e-37 
2.3906403809e+03 
-7.3111337423e-01 
5.6789631591e-13 
1.4616728909e+18 
3.1757381721e-23 
1.0156629704e-10 
-1.8450812000e+07 
7.7079346565e+25 
-5.3993936628e-02 
5.9114576088e+17 
-5.8286842513e+28 
1.2841241109e-23 
1.1000777904e+17 
4.1192444800e+08 
1.4250715971e+00 
-2.0407407708e-10 
1.9301594221e-24 
-7.7895940365e-08 
8.7996517095e-07 
-9.8332249664e-15 
1.1941100121e+01 
7.5460956928e-11 
-5.9959546575e+34 
-1.0280072689e+00 
-3.4170075196e-06 
3.4331002485e-09 
-1.0133845933e-17 
-1.6242769298e-24 
-2.2234135333e-24 
1.3340726568e-14 
-4.4248384237e-01 
1.2262614539e-32 
-6.8958655626e+35 
2.6143557016e-20 
-4.7341338646e+30 
-7.7793167463e-08 
2.3679567017e+30 
-1.7890563226e-30 
2.4429020683e+14 
3.1486698985e-01 
-4.1807409376e-02 
-1.0499736800e+08 
-7.6045220940e+24 
-5.4603848614e+14 
4.2995061092e-24 
-3.7966311587e+29 
-2.1620560488e-21 
-1.5837919640e+20 
-1.8845198676e-02 
-9.7854817644e+31 
-6.4818223281e-34 
-2.1752311891e+22 
-5.7333699931e+21 
1.8602494400e+08 
1.9002820409e-05 
8.9339191296e+10 
5.7353032167e-29 
-2.3604513899e-06 
-2.4728850064e+34 
8.4554318571e-14 
-3.1041761920e+19 
-5.0747370720e+00 
-2.3694098438e+05 
-5.8771573757e+35 
7.1516088223e+34 
1.6690249183e-08 
1.9811891806e+33 
            nan 
-3.0611587931e-07 
4.1661515003e+30 
-6.3506849320e+26 
1.9036583701e-28 
-1.4623172656e+35 
1.0751720524e+25 
-1.1076109807e-08 
-5.6339072602e-22 
-7.6387179282e+29 
5.1727492901e+35 
1.2048393183e-32 
-1.5500108472e+38 
-2.6590621736e-36 
4.7360952012e-03 
5.1461053164e+20 
5.9753748380e-24 
3.3311358000e+07 
-1.9362827920e+15 
4.5544903593e+14 
-1.2921816715e+21 
-1.3159762169e-08 
2.2129437500e+06 
-1.3228997826e+38 
1.1320879658e+36 
6.9033506886e-30 
-4.8194398458e-37 
2.9947364279e-30 
-1.9140650078e+34 
-5.0027031406e-09 
2.0516040704e+10 
-8.8827061394e-17 
5.2090317695e-06 
5.1178870137e+23 
-6.6383548499e+24 
5.7920511039e-15 
2.9363758358e-07 
-1.1607044952e-24 
2.4657516479e+02 
-1.5935059637e-02 
3.5418665194e+24 
-2.0472594633e-25 
7.9754868125e+18 
3.0738892646e+19 
9.9673034129e-06 
-1.1737912921e+31 
3.8152893891e+12 
1.0535435955e-20 
-5.7069710069e-10 
-2.5805652121e-20 
-4.5738545000e+06 
-1.3194631737e+17 
-9.8749496790e-33 
5.7589748942e-12 
7.0486470088e+26 
-1.9692884461e+21 
1.6159575287e-25 
-2.5046398571e+29 
-2.1242067060e+36 
-1.8458404805e-09 
-4.2979253108e-23 
-4.8741565608e-34 
9.9959327823e-38 
3.7750430615e+33 
-1.0309425839e+37 
3.2745765994e+13 
-8.0409555262e-19 
-9.2779242067e-09 
-7.0265093145e-25 
1.0014687376e-13 
-2.7987897449e-24 
7.4502034260e+34 
-2.0532794215e-11 
-2.3363782473e-31 
-1.6903889017e+18 
5.0189621642e-23 
1.2670711264e-17 
2.9389735311e-02 
-4.6395613842e-27 
5.8090787500e+05 
-2.4503028214e-34 
2.5805180000e+07 
5.1124703749e-31 
-4.9106393905e-19 
-1.4065595764e-34 
-2.4030573636e-26 
4.4518489517e-07 
7.5216467054e+14 
5.2867156141e-29 
-2.9657873379e-10 
-1.0386929006e-07 
-7.5958840197e+12 
1.0845536250e-16 
-1.9373833312e+18 
-3.2525794681e-31 
-1.2890760911e+18 
2.0794736104e-13 
1.4188385075e+11 
7.2786017592e+27 
-6.3650121415e-13 
-6.5590715000e+06 
7.3753303781e+23 
-2.1847553935e+28 
1.4434381155e-03 
4.4850424022e+34 
-4.1718490520e+16 
1.7209610126e-10 
-2.1431073448e+38 
-1.1021777920e+10 
-2.2407711916e-29 
6.7641606375e+15 
2.6143845419e+26 
-1.2339489949e-16 
-1.2887767750e-26 
-2.5630229021e+18 
5.4070064545e+01 
3.1810746583e-22 
-5.6870704439e-27 
-6.0087398879e-07 
-2.0029257798e+35 
3.9813418269e-14 
-2.4221977277e+21 
-3.3439942181e+13 
-2.1345851146e+13 
6.8701868425e+25 
1.4344443547e+32 
3.9465124719e-03 
5.6994549624e-21 
-2.5901046126e+32 
1.4512521851e-08 
-3.5051646373e-13 
-1.8825546522e+24 
-1.5506210431e-21 
9.7161613464e+01 
-6.8444343963e-38 
-6.9610923973e+25 
-1.4548428560e+34 
-4.2392868560e-36 
-1.1841601071e-14 
5.6812825600e+09 
-1.6891614003e+11 
5.9075345630e-34 
1.5837440734e-11 
2.9566963747e+17 
-7.6318256557e-02 
-5.3619938711e-08 
2.3676771723e+17 
4.8800596875e+05 
-8.8207492188e+04 
-3.4478276218e-14 
2.3951285682e+13 
-7.9056315000e+06 
-1.1554419880e-20 
3.0229274156e-30 
4.9667625611e-18 
-6.9460512309e+33 
-4.0445114136e+02 
-2.4328269717e+28 
-1.1713053709e-06 
7.0183947048e+37 
-6.5438968263e-13 
-7.8310920081e-38 
2.4809392734e+25 
1.1831224566e+13 
-6.7566072737e-09 
1.1266066944e-26 
-5.1833552561e-07 
-3.2045362652e-21 
1.7887433590e-30 
7.3874995464e+31 
-2.2436632902e+18 
9.8494699732e-27 
1.9334698097e-29 
1.2019415590e-04 
6.9376758806e+22 
5.8026303895e+33 
8.8037818197e+24 
-1.0377104215e-19 
6.0484736516e+37 
1.4485193811e-16 
5.9809126628e+30 
2.1439269918e+20 
9.8335503958e+32 
-3.9666204870e-30 
2.4575996723e+11 
-3.1926345951e+32 
3.7589806822e-34 
7.7680650101e+27 
-6.3078598505e+29 
-1.2466217385e-38 
8.3315260732e+37 
-2.9662048072e+28 
1.0713450845e-38 
-8.3617712024e+37 
1.0284762429e+37 
-4.6247232357e+20 
1.4070325415e-04 
-7.3308437166e-26 
-6.9951720727e+33 
1.6568487356e+33 
7.7398013673e-05 
-1.6343997690e-34 
1.2648467327e-31 
-1.7589600791e-23 
-1.3187435547e+04 
-2.6167597407e+20 
-7.2853961056e+22 
-2.1316849161e-03 
1.0265846263e+31 
9.4146213862e+27 
-5.1690469581e+35 
-5.2076272000e+07 
-2.2742145061e+00 
-1.0148269673e+18 
-4.8384927000e+22 
-5.6593177206e+36 
-3.1592414164e+30 
-5.7443150930e-11 
7.5543730140e+14 
1.7662853983e-28 
-4.5705598593e-01 
-1.5340862000e+07 
7.3197500236e+13 
-8.0998605699e+15 
4.8218946876e+14 
-5.3202128829e-16 
-1.3108907151e+20 
-9.6477417555e-32 
-5.7003347118e+16 
3.3401722541e-16 
-1.6346314752e+10 
-1.2912353451e+29 
9.7576947200e+08 
-1.3981517500e+06 
8.3007825568e+32 
6.2164495303e-31 
-4.0582202008e-27 
-7.9533536336e-05 
1.4202311667e+35 
-2.9405484893e-31 
-1.3550140372e+38 
-1.5169192106e-17 
-1.4644680545e-02 
1.7702918293e-24 
5.2310893666e-18 
9.8967670000e+06 
-8.5556405783e-01 
-2.4852679980e-29 
-5.5512463237e+37 
7.1515362491e-26 
3.7016902934e-04 
6.4789057452e-10 
8.2745161953e+29 
5.6202651989e-14 
2.2884225843e+11 
3.5439173054e+29 
1.3822881432e+13 
-6.4784595203e+16 
2.3269709498e+18 
2.2726387266e+15 
6.1326261610e-02 
-2.0508103660e-07 
1.3184900949e-09 
4.4535847676e+18 
1.5977779279e+21 
2.5054159353e+26 
1.0638269075e-35 
6.4590828346e-12 
1.1504552247e+14 
-1.0260747807e-08 
1.6567644706e+38 
1.1666811523e+04 
-3.1919926640e+22 
8.1304284160e+09 
4.3776606859e+21 
-1.1981348474e-20 
-1.0913112311e-33 
-7.8705906887e+22 
-1.6488602723e-35 
8.3291897317e-04 
-7.1914625042e-22 
1.3762954603e+29 
-7.9206166094e-14 
-8.4031048786e-09 
8.2318260010e-14 
6.5151917282e-18 
4.3414689907e-38 
7.9664222057e+31 
2.1427388370e-20 
4.8349959982e-18 
-6.5743708611e+00 
            nan 
2.7972604800e+08 
-6.6013177600e+08 
5.8260340023e-24 
-1.7395247894e+37 
-5.7904605263e-27 
2.2137037448e-27 
-6.3483842230e-17 
7.5018570561e-23 
8.5362881736e-38 
-3.3555345794e+22 
4.9258112614e+11 
4.4242897968e+23 
9.2228689498e-22 
-1.4845143628e+31 
5.4870449006e-27 
-6.9321088730e+25 
-9.2084753180e-14 
-8.1520620051e+14 
1.3605393721e-11 
9.2172355652e+01 
1.3097924438e-12 
4.3169592391e-04 
4.2234917695e-30 
-3.3527844390e-10 
8.0125384521e+02 
-3.9110364445e+36 
-1.3895376192e-32 
-2.8368900033e+23 
-1.3001560466e+30 
3.5107357500e+06 
-5.3689509702e-22 
9.4765376895e-29 
1.0594585495e+18 
1.6067416681e-22 
-8.7691009521e+02 
3.9914826167e-35 
1.8896326904e+03 
-1.5630212949e-16 
-2.5425388925e-35 
-2.8238174428e-29 
-9.3268312064e+11 
5.4587430895e-06 
-2.8610243932e-35 
1.1796560898e-29 
5.5060522676e+29 
4.9996380274e-18 
-1.6874426242e-36 
-9.3872686170e+34 
-3.4961585710e-11 
2.1855124376e-36 
-7.7740345086e-16 
4.4854644591e-38 
-4.9894344846e-30 
3.2659709499e+37 
6.6549480587e+18 
1.1826473750e-30 
-2.7064241473e-11 
5.2364928830e+28 
-1.9566396703e+13 
7.5772959130e+12 
-4.6661380768e+01 
-5.2816545804e-07 
5.1469297459e+30 
-7.8034137600e+08 
-1.3577099292e-27 
-2.8597822894e-12 
8.1890099700e+26 
-9.7975419444e-11 
1.4663117387e-09 
4.7132712960e+10 
-3.8018521501e-21 
-4.7771699727e-02 
-1.8009931324e-08 
3.9239905769e-10 
2.7900601829e-09 
4.6845803813e+22 
3.4176589213e+31 
3.4328830413e-37 
-4.3122750300e-19 
2.0220993864e+12 
-1.1999466892e+17 
9.5341627171e-29 
-6.1239943005e+35 
-1.8047816626e+21 
4.2135739933e-36 
4.0972146272e+25 
-1.2376949506e+19 
1.0316839773e+35 
4.8901115796e-11 
-5.1744742026e+23 
5.6831711559e-10 
-5.2316788155e-17 
1.2648743386e-08 
4.0051101074e+03 
-3.1909993936e-07 
-6.9716190286e-12 
-2.7055475016e-07 
1.4248453847e-30 
-1.2225514947e-38 
4.4203403978e+16 
8.3701364194e+15 
-4.5013626205e+14 
-1.1966544914e+34 
2.9381228800e+08 
-4.7058276065e-34 
1.1391225183e+30 
3.2487050933e-28 
6.8784178070e+13 
-5.3661449650e-17 
4.9755777690e+22 
1.1718158532e-07 
9.7072030688e+36 
-3.6023997440e+09 
1.7098642500e+06 
-2.3679073679e+24 
5.1769240555e+18 
9.2535025257e+20 
3.4092686713e+25 
-1.6267257572e+26 
-1.6363251001e-34 
1.2205220874e-27 
-3.8019841497e-08 
4.1091263725e-09 
1.6541552128e-08 
1.2089353312e+24 
5.7376094445e+16 
1.2834475390e-28 
8.8495562925e-37 
-6.0899911314e-15 
5.3418896262e+17 
1.0152534815e-03 
3.1282485283e-14 
-3.2750595045e-34 
-4.7663944937e-32 
-3.3409014577e-06 
-1.2707520420e-37 
-1.3434415823e-15 
7.8139602264e-36 
-3.4179242188e+04 
4.2202484242e-21 
4.1992313112e-38 
1.7808971163e+14 
9.3978471049e-27 
7.1828078983e-39 
-2.6814281351e-10 
-1.1670578282e-08 
-6.0312182617e+03 
-1.8088241600e+08 
2.9313170667e-37 
-2.3805545005e-31 
-1.9980127399e-04 
1.0616985505e+25 
-3.5780685484e-37 
9.4169900800e+08 
4.9457989787e-11 
-2.2108214001e+31 
-2.9801700970e+14 
-8.9908742743e+34 
-8.9876961379e-16 
2.9751897855e-18 
7.9812103271e+02 
-2.2565759548e+18 
3.5143908635e-25 
6.2688849920e+10 
1.4825771734e-25 
-5.1729426384e+00 
1.7449860773e+28 
-8.5710041225e-02 
-1.4464252928e+10 
-3.0294400639e+17 
4.6705085348e+25 
-1.8750429672e+14 
1.2630988522e-06 
-4.0203629447e-24 
1.0454793944e-28 
1.4394686483e-21 
3.9936590923e-08 
4.8860073165e+11 
-1.1422746037e+19 
-7.1844328054e-32 
4.2632033001e-04 
-1.7216235859e+28 
-2.4799947200e+08 
3.1523082773e-34 
-8.0927996551e+33 
5.2933651906e-10 
-1.8554158750e+06 
3.6359820959e+24 
-6.4537222497e-03 
-2.8140574113e-14 
-5.0728298379e-14 
2.9876835215e-18 
3.5757856863e+23 
-3.2996028949e-06 
2.6843805016e+17 
1.2723261898e-04 
7.2142775171e-03 
3.1052278526e-09 
5.2714424622e-13 
-3.4958046720e+09 
-3.7701035569e+34 
8.6359371940e+12 
8.8783775709e-07 
-4.1648058218e+27 
5.3535932617e+03 
9.5964393750e+05 
-9.3228842526e-31 
-1.3316935033e-37 
2.3381403647e-33 
1.2509994518e+38 
2.7337972205e-25 
-1.5431770451e-33 
-8.8983769107e-17 
1.6824192326e-24 
1.1038153290e+32 
6.5330138317e+12 
-7.2439471088e-10 
-1.4144827001e-25 
1.1069102911e-03 
-2.6359904896e+35 
4.0807966309e+03 
-1.5587842817e+23 
9.7059822384e-35 
-2.1664797104e-34 
1.7183153620e-24 
-1.0299620275e+34 
-1.2443612896e+20 
5.3271212632e-28 
-1.5485399565e-37 
1.2387193651e+11 
5.5229176000e+07 
5.2129268817e+34 
-5.2365967395e-24 
-7.1984404480e+09 
3.6618875158e+26 
1.0973201562e-26 
1.4613472740e-04 
1.2878721202e-36 
7.8110326092e+15 
2.9323120998e-06 
6.2994229512e-27 
8.6942460936e+13 
3.1888629455e-19 
-7.4119525343e+28 
-2.0775354080e+15 
2.1043322000e+07 
4.4629072691e-20 
9.7426249814e+30 
6.7098178185e-39 
-5.7637242188e+04 
-3.9696773436e+27 
-4.6887708850e-35 
1.4340512777e-08 
-1.2363671421e-33 
-1.5819696875e+05 
3.9277077434e-34 
-3.0421793750e+05 
1.3695410389e-22 
3.9900089440e-34 
2.9016169261e+24 
-3.5083955526e-01 
3.7431520224e-01 
4.3474230000e+06 
-3.9984645604e-22 
-1.1508801023e-08 
-1.0078315119e-38 
9.9365094820e+31 
1.1144656277e+23 
-1.6201428877e-21 
-1.0935310547e+04 
1.2423935709e+30 
-2.9911021969e+25 
-1.7786686215e+17 
-5.4545039662e-31 
-4.0239903331e-01 
-4.7529034609e-14 
1.0697770958e-20 
6.7773288730e+14 
-3.0078438576e-03 
-5.8901252455e-31 
-3.8466221319e-09 
5.2358349356e-35 
-8.3651068497e+33 
6.5942075000e+06 
3.9785881745e-25 
5.4333782535e+35 
8.5292902093e+30 
1.0572890043e+00 
-8.4059307119e-04 
2.1120027040e+27 
-2.3413393535e-07 
8.2064146052e-23 
1.3002242868e+19 
-3.5469884129e+12 
-5.9599854282e+36 
3.9077207935e-26 
-5.6245365842e-18 
-4.6380123138e+01 
-3.6626622081e-01 
4.8446790804e+28 
1.4313288454e+24 
-1.5370522367e-27 
1.6576579824e+16 
-3.6801245074e-07 
3.4454271849e-38 
-2.7119128276e-07 
-1.5088109892e+23 
-4.1899643317e-23 
2.8057467484e-19 
-9.3538451453e-14 
1.1418087509e-16 
-1.0488194572e-19 
-2.6935217902e-02 
2.5948164915e+11 
7.1572807617e+03 
2.7913687751e-02 
1.1161832004e-21 
3.8657927974e-22 
2.7220094000e+07 
3.3756165463e-17 
-2.6851895686e-17 
-1.6666124761e-01 
-2.9969534000e+07 
-2.8363158933e-08 
-5.9659890215e+36 
3.4381268586e+23 
2.1934102903e-36 
2.6635997318e+17 
-6.5378971648e+10 
2.5060748567e+38 
-2.6831001611e+15 
-3.9057779534e+31 
-5.4057666411e-14 
2.6900121952e-07 
-6.2927439485e+35 
-8.5165518082e-19 
1.8166444356e+24 
1.7666624069e+01 
5.0551781511e-11 
-3.5866205761e-28 
3.5433459552e-12 
1.7807448711e-26 
-1.2680878407e+35 
1.7659185600e+08 
3.1680295944e+01 
8.2678492188e+04 
8.6732316049e-06 
3.7525153809e+03 
6.8527753465e-03 
2.9824676533e-35 
1.5981002832e-07 
6.5305831360e+15 
6.0125782493e-15 
-5.5068210948e+16 
-7.4599903351e+29 
1.9063454562e-30 
2.9457293861e+26 
-1.5629860390e-27 
-2.0274538269e+24 
-2.0104231680e+09 
2.2797140564e-10 
-2.4040755639e+14 
-4.9720140181e+26 
-2.0342447486e-17 
-2.0428546355e-10 
-1.5572819155e-35 
1.4376054791e-09 
3.3313473511e+02 
2.5710348511e+02 
-6.0396135012e-22 
-7.5255807133e-06 
6.1332463288e+12 
-5.9338336000e+08 
-1.3875076904e+03 
2.4098346541e-31 
-3.3940824815e+26 
3.0907377483e-37 
1.3558370360e-16 
-4.6722081506e+32 
-2.6532692369e-30 
1.6536745360e-19 
-3.2728830195e+27 
-5.8597576802e+13 
-3.4837824899e-12 
1.1828820111e+17 
-5.6424548367e-10 
-1.5930596330e-23 
-4.9813267589e-01 
5.0859453972e+12 
-5.5504267493e-07 
-1.6552987750e+28 
-9.0577240064e+11 
-6.8452530881e-17 
1.3725857219e+12 
-4.1520427504e-13 
-2.5119711654e-17 
1.3461246420e-28 
4.2571390976e+10 
4.8553376597e-11 
2.5047750854e+02 
-2.0153024225e-29 
-2.1552088876e-22 
1.7927790544e-32 
3.0563464086e-12 
3.7702849325e+31 
-6.5588029529e-24 
1.3599872617e-10 
-1.0296549418e-37 
-3.1529987832e-23 
3.4385902436e+13 
-4.0973510274e-38 
3.8842436967e+17 
-1.9923481498e-16 
-1.1801725748e+21 
-3.6603759733e-32 
1.3440565935e-12 
-1.3865837500e+06 
1.1993473041e+37 
-7.5653109760e+09 
-2.4407477577e-22 
-1.8426601966e-28 
-2.9117605457e+23 
3.5986717469e+30 
4.4233464000e+07 
6.6448310000e+06 
-1.2626794434e+03 
-1.0412734000e+07 
1.5056327296e-09 
3.7743889774e-14 
1.3000907827e-33 
3.0004758835e+01 
1.3950211158e-13 
7.7943821774e-30 
2.7830045223e+00 
-4.8321115267e-28 
-1.5693720781e+11 
1.3115115321e+23 
-2.4405886000e+07 
1.0966542514e+24 
8.5802190604e+35 
-4.3102688028e+26 
6.8552267760e+37 
1.9243847235e+36 
3.9376267953e-14 
2.0549405976e+37 
5.2053961074e-24 
1.3396575457e+20 
-5.8166790771e+02 
2.8891554409e-20 
1.2918094581e-04 
-1.8513283389e+15 
1.3638958750e+06 
-6.0538508251e-07 
-3.1122677211e+32 
2.6409682347e-34 
8.4858718637e+18 
-1.4493898438e+05 
2.2760639834e+32 
8.4247924284e+14 
-7.5148059997e-10 
-1.1997877620e-02 
-2.4632022021e-24 
-1.0966862397e+13 
2.7096622696e+33 
1.6928045654e+03 
1.2122355342e-09 
5.5326219648e-02 
1.6857498438e+05 
2.7345278000e+07 
3.0947410674e-36 
-8.5043981662e-21 
6.7911145226e+12 
1.6927513517e+31 
-1.1284788343e-04 
8.5146814729e-13 
1.0784380471e-16 
1.1950329602e+33 
-4.4469258189e-01 
6.2333680477e+31 
2.7862998223e+37 
-3.8893260959e+34 
6.2242027202e-19 
-3.2554081653e-09 
2.3776711155e-10 
9.2170010773e-13 
-1.2651813518e-23 
5.7695315262e-34 
5.2161532800e+08 
4.8389767490e-38 
7.3829137364e-06 
-1.4556858342e+31 
-6.9966718949e-28 
3.1239835080e-03 
-6.5738745600e+08 
-2.1039680220e-08 
-4.0449545935e-08 
4.6176240991e+27 
-3.2044532892e+14 
-4.7171600402e+21 
-6.8731552475e-25 
7.9905932617e+03 
3.6009132519e+35 
-2.1347618207e+15 
6.4277069949e+28 
4.7994576568e+12 
7.9436314841e-26 
-1.9642343752e+12 
-3.3059852285e-05 
-1.1040145277e+13 
-4.2424277129e-17 
-1.4525375000e+07 
-3.4175382360e-30 
-1.4033125639e+00 
-1.0317547211e-19 
-1.1705535000e+07 
2.3029618884e+37 
3.0413289472e+10 
3.2133904751e-03 
2.9127425286e-34 
-6.5374082089e-22 
6.5068475000e+06 
2.7461109001e-27 
-8.1987673875e+18 
1.6551615000e+07 
1.9405447301e-12 
-7.2897357484e-08 
-7.5341568446e+23 
4.1300360190e-30 
4.9498898773e+34 
-3.6401888274e-21 
9.7801382088e-17 
-5.0809252658e+16 
4.4481254378e-35 
2.1898935134e+23 
2.7417347667e+29 
-1.4676510356e-02 
2.1093048320e+11 
1.5684467801e-36 
-1.3427884541e+33 
-7.7244682617e+03 
1.9989610153e-27 
-4.9218842624e+10 
2.5140152238e+12 
-9.2882036570e-20 
-4.3689819184e+24 
5.7875516017e-27 
-1.7126298438e+05 
-4.2791248696e+27 
1.7864919443e+34 
2.8348999537e-18 
4.0857572915e+16 
3.2797129222e+34 
1.5436039107e-37 
3.1444634750e+22 
5.0190992048e+22 
1.2825053308e-26 
2.8449325246e-15 
5.3668403200e+09 
6.1160168447e+24 
6.6188407597e-32 
1.0781210777e+21 
-3.9188607962e-17 
-1.1717232596e-27 
1.4335726322e+13 
2.5060212537e-34 
-1.2300003249e-34 
-1.1973319058e-38 
-2.8939912723e-32 
2.3621326619e-27 
9.8895915546e+31 
-3.8375325731e-14 
3.7293835210e+14 
-7.4296359141e+18 
1.3848521866e+32 
-3.8781090866e+22 
1.5115301120e+09 
-1.8312891876e+33 
-7.5046269045e-22 
-3.8391715944e-38 
1.4223248581e-04 
-7.6880413461e+29 
-5.1871495325e-18 
-2.9010921443e-10 
8.0446093702e+19 
-1.7380386923e-31 
-2.5927512123e+33 
-1.6668810198e+21 
-1.7068573833e-01 
1.5026950684e+03 
1.0878035104e-28 
3.0565619668e+38 
-8.8941753518e-08 
-3.4730784374e+37 
4.6476456871e-33 
7.4066989739e-23 
1.8029926964e+16 
1.0207443510e+30 
-1.2853503200e+08 
2.7094379050e-16 
-6.7385023686e+14 
            nan 
3.5323508852e-31 
-2.1220139734e-33 
1.2416449863e-05 
3.3954987710e-09 
-7.0264141226e-22 
-4.6946246094e+04 
-2.2668513711e-32 
3.2859288188e+14 
2.4472754586e+12 
7.7826106073e+28 
5.7027888298e+00 
-7.8034431358e-25 
6.0209065182e-27 
-1.9647859624e-16 
1.6583468683e+15 
8.2389410849e-09 
3.7469302672e-32 
-1.2282874346e+36 
-5.2040806216e+36 
-1.6228811523e+04 
-2.9285165402e-24 
-8.0140140544e+11 
-8.7764244085e+18 
-2.4542551819e+28 
3.0554281895e+18 
2.2094149632e+10 
-1.0007235874e+31 
-2.4236020910e-30 
7.3405043160e-28 
6.8343931339e+13 
-3.1452296330e-15 
-2.6723367963e-09 
1.0646953541e-07 
-4.1715791360e+09 
7.2526557617e+03 
-2.9636851200e+09 
-2.6449453563e+32 
-1.9618254044e-07 
1.4792876646e-10 
-4.9963814291e+26 
-3.4594240898e+15 
-1.9681900544e+10 
-3.9635079749e-33 
-1.2216804263e+18 
-2.6192166805e+00 
-9.8677342782e-19 
1.0366435162e+23 
3.6604404235e-24 
-1.3746192451e-07 
-5.0192113966e-02 
1.1714776325e+19 
-9.9665849413e+34 
-7.3215451266e-05 
-2.9295969242e+15 
5.9484145387e-10 
-1.2362437813e-31 
1.0193047869e-18 
1.3930209686e+15 
-4.9243013120e+11 
-2.8492730440e-18 
6.9588398113e+13 
-6.9951242208e-01 
1.1671048438e+05 
4.9483151279e-30 
-5.0123874339e-38 
2.1839587127e-31 
-2.2203015009e-32 
1.5725010406e-20 
3.9221464180e+15 
9.5608879089e+01 
2.3359449232e-21 
5.3912316000e+07 
-1.1750455791e+29 
2.0118167903e-29 
-2.1193886328e+27 
-5.4104548277e+17 
-1.2598506108e+30 
2.5285453258e-23 
-8.1457421875e+02 
7.7153969220e+34 
-4.5732470919e+18 
6.5190306486e-08 
4.0245583278e-29 
5.9553091414e-03 
-4.6152192383e+03 
3.3400128060e-27 
-1.9486757314e-13 
-5.0548548148e-18 
4.8493442383e+03 
1.4758888245e+02 
9.3572195807e+21 
            nan 
-6.4707834099e-05 
-8.4065183334e+11 
-1.7731188296e+36 
1.8432904780e-01 
-3.8260670844e-03 
9.2337438123e-32 
1.6945508833e-04 
1.6742372462e-12 
-7.0798039436e+00 
1.1296875241e-10 
2.1519339099e-25 
4.2803743697e+35 
1.6610503197e-02 
7.5688979223e-35 
3.1060536490e+32 
2.3360898719e-12 
3.0349852517e-02 
1.7764738623e-16 
-6.5299009654e-34 
1.7540815467e-09 
-6.2910041621e-09 
-9.7860452891e+23 
            nan 
1.1316548625e-04 
-2.4463396840e+26 
5.3823301569e-03 
6.4060027152e+29 
1.0195005478e+36 
-9.1261523391e+19 
-6.2945199703e+22 
-3.2506280707e-25 
3.0694108173e+32 
4.9100897634e+17 
3.7679114109e-20 
-1.4227902973e-32 
-1.7816662020e-36 
2.2257642599e-23 
6.6873907778e+30 
8.2612317770e+27 
6.0313287074e+21 
-5.8582477758e-10 
3.8067152208e-10 
1.2209298766e+34 
3.6529992563e-16 
-8.0803846400e+08 
-1.6330242139e-24 
-5.7064382899e+16 
2.4113873333e-13 
2.1367731483e+38 
-3.3793399875e-36 
8.5088677979e+02 
5.6123069526e+23 
1.1306548000e+08 
5.1467098217e-32 
7.1178369625e-28 
3.3970490545e-19 
-6.7762908492e+17 
1.9208039983e+15 
2.4686933020e-30 
1.3519154163e-03 
-5.2780033112e+01 
4.7527740343e-14 
1.1042067084e-18 
-3.0165429688e+02 
-1.9558429494e+19 
-2.8254978141e-24 
-2.5148255176e-20 
1.1833802496e+22 
1.3667786373e-22 
-2.4710449219e+02 
5.0086537170e-17 
-3.2624788627e-28 
2.2755841201e-04 
8.1093432617e+03 
1.4221608917e-12 
1.2125948438e+05 
3.7472660480e+09 
1.5356913418e-20 
4.7558387355e+36 
1.1395363626e+26 
-4.6669055985e+35 
1.1751391455e-20 
2.5213885825e-24 
-3.1833004761e+02 
-6.3441341069e-08 
-7.9556378431e-16 
-7.4225501115e+37 
-2.5051877975e+01 
1.1514964693e-27 
-2.4226428928e+10 
1.1591337854e-35 
2.0224286390e-17 
5.6184112290e-17 
-2.8320432663e+01 
-3.3181263064e+25 
1.7810287755e+13 
-2.0361113999e+30 
-3.3542763876e-28 
-1.3096690992e-38 
3.4574743360e-02 
-6.3305158383e-28 
1.9065370116e-10 
2.5380778809e+03 
2.4528623047e+04 
-8.6148040489e-27 
-7.0422036843e-37 
-5.0923349723e+27 
4.0408477500e+06 
2.2269945274e+23 
3.9660959855e-16 
1.1223018961e-29 
-1.0169649219e+05 
-4.6013873720e-16 
-5.5045503975e+34 
5.0727914692e-37 
-1.8329037244e+26 
-9.5971556158e-20 
2.8610699587e-07 
-6.1269953539e-16 
2.8774211628e+31 
-5.0815353922e+34 
-1.5223692894e+01 
            nan 
-1.2842679969e+23 
-5.4084850307e+20 
-1.0802424927e-10 
8.3383007980e+27 
1.4442576904e+03 
5.6735279669e-11 
5.3953327603e+25 
-8.2208838777e+27 
3.2866635397e+25 
-7.2572475000e+06 
-1.1622331827e+17 
-3.9819695168e-21 
2.8507061129e-15 
7.7543395778e+15 
1.1392968218e-23 
3.7344996875e+05 
1.0117224795e-31 
4.3076412201e+01 
2.0611298438e+05 
-2.8559410392e-09 
-2.7006169603e-06 
-5.6292550400e+08 
2.1936518037e-20 
8.8519811056e-13 
2.0664649893e-21 
6.2713398779e+27 
5.9330668156e-10 
3.2995887655e-33 
2.1584299738e-38 
-1.2301389267e+13 
-2.9902573675e-02 
1.0694463417e+33 
-1.6911074766e+27 
-1.4185119697e+32 
3.0478979045e+36 
3.3393481662e-20 
-4.8594282189e+16 
1.7896220452e+23 
4.1868787162e+25 
-7.4094931488e-26 
3.1327825617e+35 
1.4337796634e-33 
8.7964282098e-25 
-1.8359754086e+00 
5.4023367797e-36 
4.8508748800e+09 
-1.4205610299e-10 
-6.9908384121e+30 
-5.3645369031e+34 
2.9918921093e-26 
6.7679750693e-09 
2.8115652532e-20 
-4.1318620658e+23 
-1.8450279526e-07 
-1.2188775779e-29 
-5.1046167597e-18 
1.2360035049e+35 
-1.5688570128e-18 
8.0645204914e+30 
-3.7671520000e+08 
3.0414514670e+29 
-5.2108544565e-39 
1.0792548438e+05 
-2.7075975211e+20 
1.1590905037e+11 
-2.0610701722e+11 
-3.5512746471e+24 
-2.1104627715e-29 
-1.2517772596e-08 
1.1118949600e+08 
9.6934702968e-21 
2.6944310672e-10 
2.1208522642e+30 
-1.3520819664e-07 
6.6012938760e-07 
-4.1405677551e-23 
2.3050934301e+23 
1.4643071548e-25 
3.5147746094e+04 
5.3574822388e+32 
8.0920112227e+31 
-3.3162144200e-23 
-2.2853209597e+16 
-5.4500495913e-13 
-1.9048414289e+31 
5.8888850212e+00 
-5.5722895434e-33 
3.8763322020e+19 
2.1683515924e+37 
1.4498606286e+20 
1.0745073757e-35 
1.0658512077e+11 
4.0947675136e+10 
-2.7509081569e+26 
6.4724252754e+33 
-1.6606673002e+00 
1.5080827531e-33 
2.4573591309e+03 
-8.1526455345e+26 
-1.7860057068e+02 
7.1109993750e+05 
9.6926805782e-06 
1.1572503631e-19 
-1.1092563363e-04 
1.1017028767e+23 
-9.7966068591e-10 
-2.3652797099e+26 
6.3802187816e+32 
2.9770139132e-10 
2.6029174659e-21 
-1.3738479302e+35 
2.9772544284e-18 
-3.4193414488e-22 
2.7223575216e-06 
1.3027213151e+27 
1.9593543081e-29 
1.3736006455e-36 
2.7279283907e-14 
-3.3359792696e-34 
6.4882665046e+27 
6.2389956473e-28 
2.4605054000e+07 
1.4853644443e-36 
-1.5731700701e+17 
-2.2921048096e+36 
1.1834013550e+27 
3.7711669574e-04 
-1.5922922785e-06 
-1.6380552657e-20 
2.4485318661e+00 
3.9627932077e-35 
-6.2967505778e+31 
-1.7047384038e-15 
-1.8670040714e-28 
-5.4290932617e+03 
6.4306211840e+09 
4.4275416812e+32 
4.7185587200e+09 
-7.1592781085e+34 
1.4895447912e+34 
7.2773149333e+17 
-3.6881327630e+36 
-3.1573869703e-21 
9.8675944624e+36 
-2.6088022836e-37 
-1.0036038607e-01 
6.8757147328e-13 
1.1904578062e-31 
6.0680089606e+19 
6.2962426641e+35 
-6.6203277771e-15 
-5.9223272059e-37 
-4.6067495714e-04 
-1.5188440853e+38 
7.1768328100e+32 
2.2954197693e+02 
-3.2735139867e+28 
-5.4933244000e+07 
-1.7377350438e+15 
-1.1047103000e+07 
-6.2278900646e+13 
4.4002652322e-38 
-5.6877220454e-31 
-2.6680609573e+16 
4.7715426636e+02 
2.1244504119e+36 
4.6515454682e-11 
1.1278949311e+21 
-8.0989906534e+11 
9.2569080000e+07 
            nan 
3.7520943315e+29 
1.9923547763e-21 
4.2293251279e+30 
1.2080058308e-11 
2.4795976933e-03 
-3.1993114902e-27 
-7.8678947940e+34 
-4.7643035522e+22 
2.2600873984e+10 
2.1194717500e+06 
4.0456531228e-26 
-7.2087129183e-37 
6.1303320946e+24 
-4.1153942400e+08 
-4.0243381045e+37 
-3.7294508815e-08 
1.2854993979e-11 
1.4186494720e+09 
-6.3988670661e-36 
6.4439971840e+10 
-8.6838895099e+18 
-2.3057976917e+21 
6.2095991154e+31 
-4.5156925074e-12 
7.0380387500e+05 
-2.3139701710e-08 
2.2930822739e+31 
6.9411462865e-34 
2.4760965530e+11 
7.7738346243e+34 
3.9806243133e-23 
2.1672725677e+01 
-2.5589040628e+17 
-3.6646012613e-11 
8.3336729734e-27 
3.1711089310e-09 
6.0005432757e-27 
4.2061994953e-31 
-2.3487218340e-27 
-9.0207409812e-05 
2.8221848775e-33 
-1.6399295312e+05 
8.7378612371e+18 
1.3878601309e-21 
8.3263064015e-33 
9.1582987807e-05 
8.6277805187e+35 
5.8660830011e-17 
5.9641762558e-38 
3.5245698690e-01 
9.4430737539e-30 
-3.4651145188e+14 
-8.3027880117e+27 
2.6436368352e+27 
1.6519169211e+17 
-1.3996750931e-04 
-1.9613365760e+09 
7.3769725878e+33 
-3.6748305367e+12 
-3.7797691452e+34 
1.6407765161e-28 
-5.1997588220e+29 
-6.9525331080e+25 
8.7211145755e+18 
3.0450352706e+38 
1.5800668625e-03 
-1.2311774924e+28 
2.3566898438e+05 
2.1623956765e-37 
-1.1371244097e-27 
-3.9259542400e+08 
5.5915410630e-03 
-3.8179138328e-27 
-1.9004367949e-25 
-2.6125153809e+03 
5.4871280389e-21 
-7.3545310226e+37 
1.0649346950e-04 
5.4986847088e+16 
1.9171018600e+01 
4.7149034284e+17 
4.1604736377e+37 
4.2099591174e-28 
-9.4237276141e+21 
-4.1856055032e-04 
-2.2878349165e+13 
5.0181752158e-05 
5.7179590277e+26 
1.0550118299e-36 
-6.9667002075e+25 
2.3239226880e+09 
4.0733301003e+29 
-6.9411322021e+02 
-6.3745666898e-38 
2.5046403809e+03 
2.5301548839e-01 
1.2551213760e-36 
-2.6601223680e+09 
8.0302191918e-07 
3.3862360378e+32 
1.0505669896e-24 
7.3248410759e+33 
1.9225019989e-20 
6.0369024152e+15 
-4.5946557617e+03 
-4.2903137495e-38 
3.6884167167e+36 
-1.5057196676e-27 
-5.0329915000e+06 
2.8472689446e-03 
-7.5456813349e-35 
-4.0327634611e+30 
2.5448019968e+10 
-1.4190595752e-16 
-1.1973512256e+27 
8.5978526544e-14 
2.1355129733e+12 
1.2146098983e+22 
2.3043375704e+26 
2.3705257829e+20 
3.4808190730e+12 
4.8284246094e+04 
1.5293978155e-01 
1.8001081799e-06 
3.9715773979e+14 
-1.2232265734e-23 
4.4418694316e-34 
-1.2406255493e-12 
-1.7605068570e-04 
1.2508888887e-18 
-5.2480296735e+31 
1.8034814000e+07 
3.2405883054e+22 
1.3856680175e-19 
-1.4952457830e+13 
7.3987782607e+13 
1.5288863801e-35 
-2.1920798346e-02 
-5.5105979554e-03 
1.7843047600e-23 
1.3876801212e-35 
4.7647728805e+30 
-6.5765326797e-16 
-4.2865075905e-22 
-5.1597888288e-12 
-1.8138198675e-25 
-2.2125007287e+15 
1.8243623047e+04 
9.7659770880e+09 
-4.4645307617e+03 
1.5253905887e-30 
7.5809104672e-16 
-2.0054090333e-10 
7.4914987199e-03 
-1.0829793022e+18 
2.7681760788e+01 
7.8111498189e+17 
-7.7373901647e+34 
9.6554671672e-25 
-1.7508470428e-26 
2.5291204449e+22 
6.1942258102e+30 
4.8200159548e+30 
-8.9494143009e-36 
-4.1687740292e-16 
-9.1059072956e-34 
3.3726039195e+33 
3.0422363305e-13 
-1.9677470665e-24 
-1.0331239375e+06 
-2.2988387235e-11 
1.5119665600e+08 
-2.4837756945e-24 
1.8915643334e+34 
9.0286453444e-13 
2.0192590418e+19 
3.1898336834e+23 
-8.3766346592e+37 
1.6929166179e+25 
8.6035018783e+17 
4.6658474496e-22 
4.2367865342e-33 
-2.1698623639e-21 
1.8055077642e-02 
-8.2457027901e+18 
-1.6747523546e-07 
2.9957241788e+35 
-2.4098001021e-28 
-1.7423596308e-29 
5.1156882443e-27 
-8.6232325163e-20 
-5.2649801706e-27 
1.2149996758e-27 
3.0303993066e-24 
3.5165611813e+33 
1.8669221724e-09 
3.0566533860e-16 
5.8202298533e-05 
1.4689654927e-04 
-2.3607240704e+10 
1.6142323155e+35 
3.0167534091e+26 
-5.6288293819e+18 
-6.0289243729e-23 
1.4366635851e-21 
-5.8317546844e+00 
1.4863946204e+21 
1.3773633460e-15 
-1.8793934360e-18 
5.7086507108e-24 
-1.3359041669e+26 
2.1865540092e+13 
3.5652918816e+00 
-3.5634023966e+19 
-1.9611297415e+16 
-5.6681376924e+26 
6.3253631602e+27 
1.3396008883e+22 
-2.7526681623e+16 
-5.9766050982e-22 
2.7871952649e-16 
-1.8856794434e+03 
8.1512887382e+20 
2.1179196167e+02 
-1.9675151725e+37 
-2.9449420958e+35 
-5.6599875944e+13 
-1.8112765512e-30 
3.2793731761e-25 
-1.3438338041e+00 
-1.4406143688e-02 
-3.3539790818e-14 
-9.7027576000e+07 
-8.8759168792e+17 
1.3884766301e-15 
3.2267408972e+18 
-8.4817971836e+19 
2.0792707310e+24 
4.2103291773e+13 
1.4637597085e+28 
9.1569618944e+11 
2.6147491986e+29 
-1.6621614090e-19 
8.0609893746e+35 
-1.1145543307e-01 
3.8070044688e-24 
6.3697305893e-13 
-1.1345949211e+29 
-1.9982357197e+20 
3.4414792696e-27 
-8.3325351143e+30 
-4.4880204823e-16 
-1.9303848843e-33 
-3.0673058696e+24 
1.2067914009e-25 
2.8613446280e-02 
-1.4630828800e+09 
-2.7704121592e+35 
3.4073528894e+19 
-1.0288217575e+18 
2.5556516647e+01 
1.7232008905e+20 
6.3315844999e-31 
1.5104703000e+07 
-8.2394955244e-16 
5.6228604000e+07 
7.1072991867e+23 
1.8067875089e-06 
-6.9139690968e+15 
-4.6561131233e+12 
-1.6391327008e-19 
-1.5585051083e-21 
4.7150197760e+09 
2.2922532761e-09 
-4.5664151815e-15 
3.8214441389e-02 
2.0933510443e+25 
-1.5026663299e-24 
3.1052637500e+06 
-3.1318494707e+26 
3.2878258827e-16 
8.1814311257e+15 
6.5138451073e-36 
-5.3961753270e-16 
-2.9459696079e+18 
1.9757389224e-27 
-2.6168363793e+24 
-1.1135590466e-04 
2.3380158469e-02 
-3.2043850198e+26 
5.7120050290e+22 
8.7620743505e-38 
-1.6544430756e-11 
-1.4357122429e-16 
-9.2548600000e+07 
7.2361158400e+08 
1.0556051453e-21 
-4.8621944870e-07 
-2.0630157849e-07 
-2.5505139444e-34 
9.5928240925e-26 
-5.8755839083e-10 
1.2906432152e+01 
-8.9513163262e+36 
4.4889763184e-19 
2.7088419339e-38 
-1.9013616137e+35 
1.4207673750e+20 
-3.1347366296e-31 
-2.1911721096e-22 
-8.0907610629e+20 
-9.8011492188e+04 
-3.0378262997e+00 
-3.4081832886e+02 
-2.7793548154e-23 
3.7689101082e-35 
-1.2847786612e+33 
2.3226443645e-34 
2.7034969557e-28 
-8.7157104640e+10 
-1.3537233931e+24 
-1.3549287360e-05 
8.1842201057e+23 
-9.3720797711e-20 
-1.3574060547e-23 
-2.9755711488e+36 
-6.6053378045e-11 
1.0808944427e-16 
1.6497529459e+28 
-1.0673058574e-12 
1.2289498646e-33 
2.6054601185e-11 
-3.0868873047e+04 
6.5526530868e-09 
6.5475374080e+09 
-1.7709950000e+07 
-6.9158184735e-10 
-8.4834511730e-29 
-2.6691411193e-36 
1.4924657647e-12 
3.7436179963e-23 
2.4033615773e-04 
-2.3924157023e-01 
7.9315161375e+36 
1.6023673582e-27 
5.8348034668e+02 
-1.2014808920e+22 
1.3126563096e-13 
1.8140963483e+35 
5.4581593827e+20 
1.0462052558e-07 
-5.0105615353e+32 
4.5394650095e+17 
1.5224737581e-03 
-1.4175538834e+26 
5.1523020214e-25 
3.4173179694e-13 
3.0284549173e+35 
-2.1848742260e-10 
-7.7115940294e+25 
-1.2978691559e+14 
4.9797270474e-11 
6.7958792729e-16 
4.5435901924e-33 
1.8523932223e+15 
-1.9179470639e+34 
-1.5252031272e+28 
-3.7821998636e+31 
4.0799286692e-12 
-6.2545709036e-15 
-1.2166253533e-26 
-1.5743759739e-34 
-1.7745039837e-22 
-1.0013834389e+26 
5.5461594503e+24 
2.2081813333e-27 
6.3198953105e-38 
-1.8994416837e+26 
3.9651406842e+30 
8.6134526624e-26 
2.7899867840e+36 
1.7499379744e-17 
5.0787235843e-24 
-7.3620262400e+08 
-1.6070859488e-07 
1.7841078094e+19 
-1.2726865768e+01 
-3.5503003687e+17 
-2.5280000337e+15 
1.0636822978e-08 
-9.6512225295e-12 
-1.2445809050e+11 
-1.0129723690e+37 
9.2108993119e-18 
-1.0011776236e+32 
-2.0363934145e+34 
-1.7949378789e+38 
-1.8883797911e+28 
-3.2698880130e+24 
1.4165567000e+07 
-1.3840209249e-05 
1.0717483835e+38 
3.0536967121e+23 
1.0965714720e-29 
-9.5193367643e-17 
-2.2279576165e+21 
-2.0661013451e-30 
-1.4453160786e-35 
-1.8318690050e-25 
-7.9789886112e-28 
-3.3906006585e+34 
9.1543125000e+03 
-1.3192776516e+33 
8.6788012215e-16 
5.9899663082e+30 
-1.0639004477e-35 
3.2237701416e+00 
5.0617333675e-15 
-5.3128289264e+20 
1.4249799257e-13 
-5.7447987215e+18 
-3.0640201487e-10 
-5.3805832049e+24 
2.1074285607e-17 
4.5782016000e+08 
-4.3696576864e-18 
-2.5295156250e+03 
1.1833811523e+04 
3.3683621883e+00 
-9.7278798341e+32 
9.1572960326e-10 
-1.1549048749e+29 
-9.2294793962e-29 
4.3716095388e-04 
4.6691548573e+27 
1.3468191028e-03 
6.8166255951e-02 
4.4007028919e-06 
4.5176513672e+01 
7.6676656136e-09 
1.7392470065e+15 
-7.2738121061e-34 
-9.0600870067e+32 
4.3185857018e+24 
-4.3198764324e-03 
3.6954200000e+05 
3.3112420171e+33 
-9.9652480000e+06 
-4.3796563686e+35 
7.9815938079e+20 
7.9822715104e-10 
7.2934719375e-10 
-8.4192911370e+31 
-5.4384191454e+33 
-4.9123243393e+33 
-1.0150253773e-02 
2.0817973413e+31 
1.1272569900e-24 
-1.7107749429e-18 
-1.3495270428e+14 
-6.1966493303e+37 
4.8801075931e+18 
-1.5558133308e+33 
2.0161972352e+14 
-1.2322050612e+37 
-3.3738504615e+25 
2.5362969609e-06 
-2.9629157959e-33 
-8.6760542381e+35 
-1.2757856755e+15 
8.2823070496e-29 
1.5761966784e+21 
-1.8798113509e+21 
-1.3471382528e+10 
4.3127575541e-28 
-5.6635689136e+20 
-4.3714254761e+02 
3.6896799002e+32 
6.6443448729e-32 
5.7808964603e+14 
2.7650032663e-16 
-2.9655841645e-03 
-6.6798900505e+16 
1.5431098945e+26 
-3.5877600905e-15 
7.6637263298e+00 
-3.3034041805e+19 
3.1741794327e+29 
3.6521984305e-29 
-8.4514325427e+22 
2.5890018220e+26 
-2.4105871125e-23 
-2.5979340638e-35 
-1.5163348388e-38 
2.4717043340e-01 
-1.7365417193e+23 
1.4906762544e-06 
-1.6326029400e+31 
-1.7214405261e-06 
-2.8439001641e-24 
-6.1345509937e-15 
-9.0673579783e+23 
-2.3406415053e+11 
-3.5041157579e+13 
-5.6937802734e+03 
3.4108636652e+21 
2.9236942170e+19 
1.4423903244e-28 
-6.0451482155e+15 
-1.6999642790e+38 
4.7170174764e-20 
1.1621421603e-09 
2.6056085322e-14 
-7.3663533006e-36 
-1.3283310458e-02 
2.8719795352e+14 
-1.0277848149e+17 
-6.9932802734e+03 
-4.3298807791e-31 
1.8896793974e+37 
-4.6251829360e+17 
4.7102244910e+16 
-2.0659786224e+01 
6.1023318768e-01 
-2.9270658338e+28 
4.2519923793e+24 
3.8760229476e-20 
9.0744447900e+32 
5.4079619255e-11 
-1.0334372200e-04 
-3.0506166675e-37 
1.1097030570e-34 
-9.5636321960e-32 
-4.4471599603e-18 
-1.6548348188e+18 
1.3760684554e-36 
-8.1972135000e+06 
8.9061975000e+05 
6.8395642880e+09 
2.3238685596e+15 
1.2053507668e+27 
1.2693311996e-26 
1.5633887980e+24 
-2.1906817715e-25 
-2.8731388409e+14 
1.0027531990e-30 
6.7455476562e+04 
4.3196033478e+01 
4.2702497788e-11 
1.3546592754e-06 
1.4895523765e-28 
3.7957740711e-16 
-3.6517673368e+27 
-1.5065478692e-05 
-8.7895675461e-39 
7.8222638290e+35 
-1.3690004943e-35 
-1.3241501229e-08 
-3.6891081424e+24 
-6.4036516659e+11 
2.6770372551e+19 
2.6213552235e-31 
-7.6494715088e+15 
2.3321946347e-29 
1.4466632207e-24 
6.9575478712e-09 
2.4710422528e+11 
1.5137945205e+21 
-2.6897518546e-04 
9.3491783142e+00 
2.4526620867e-20 
4.3646678565e-26 
5.5635049242e-30 
3.3925335781e+34 
2.1610559688e+31 
-4.2266101083e+18 
7.7745491897e-32 
-2.4402778549e-25 
-2.5421121445e-33 
2.0635001338e+28 
3.6882554468e-06 
2.7492185992e+18 
-3.1649541928e-12 
-1.9345545654e+03 
-2.9898671165e+38 
1.7055579171e-11 
-5.7664091341e-24 
-7.1143489506e-35 
-9.0214129676e+36 
1.2510408228e+17 
-7.1197477298e-37 
4.7682523727e-02 
-2.7387743286e-20 
-3.7336093750e+03 
-1.1525058653e-05 
-1.3632476330e-02 
-1.2843236327e-03 
5.5624332163e-07 
-2.3390978048e+10 
-4.9402019840e+09 
1.2158544922e+02 
4.7350597072e-22 
-9.2302294857e+32 
5.7943907474e-29 
-1.2263245107e-11 
-3.6807433684e-36 
7.0474260480e+10 
7.8139703041e-11 
-2.4179032500e+06 
-2.5824850739e+11 
-8.2849778648e+25 
6.7895618560e+09 
7.1006629901e+27 
5.6827700993e-18 
-5.0686660013e-17 
6.5866202939e+28 
2.1791017864e-25 
5.5046457052e-01 
-4.5932831867e+31 
3.1725003300e+25 
-1.4750638452e+21 
2.8691582000e+07 
-2.2180199433e-35 
5.7250530807e-37 
-3.3560778809e+03 
1.3834075142e+30 
-1.7224244992e+28 
-2.3205509069e-24 
5.5928994051e+35 
2.7664436525e-37 
3.8465329562e+11 
-2.9011853128e+14 
1.6720050672e+18 
2.1700049725e-16 
4.0572138528e+33 
-7.3697823805e+37 
1.9751125106e-13 
-9.8167587500e+05 
1.8687789917e+02 
7.6997612916e+27 
8.3822801388e+17 
-1.0911918750e+06 
-1.5541779200e+09 
-1.0628606692e-13 
3.5121408951e+21 
-1.6394730240e+09 
-3.6083769974e-36 
1.5328686523e+04 
3.2734123524e-03 
-2.2269615874e-31 
2.4818260780e-09 
5.3431797251e-34 
-5.1095123688e-09 
-1.9824743450e-14 
3.1291091309e+03 
-2.9159420072e-30 
1.4811782972e+34 
-1.3972718750e+06 
9.7119020381e-08 
1.3393982081e-03 
-9.6650883224e-36 
-1.1267829362e-27 
            nan 
9.3108534256e+33 
-5.1370161835e-18 
6.6387036865e+13 
6.2102340224e+23 
-1.8866194487e+00 
-7.0925354390e-20 
-2.2270897283e-27 
3.2296391411e+17 
-1.2473946383e-30 
-5.4734821149e+26 
-6.7552025430e-03 
1.0489504997e+17 
-1.2439725203e-29 
-4.8835614340e-34 
-7.0686964265e+33 
6.3693353271e+02 
-7.7373383292e-28 
-1.7249822510e+30 
-2.0714992792e-26 
-1.8130859501e+15 
1.6703219107e+21 
4.0811091309e+03 
6.1076830027e-16 
1.6302958750e+06 
-1.5933851099e-17 
-2.2156652335e-07 
5.4225241289e-28 
1.2445368278e-33 
-5.8297742188e+04 
-2.3275502522e+27 
-1.9337537655e-37 
7.4038713440e+20 
6.9255269835e-26 
-7.1953621312e-39 
-1.0637832191e-17 
-4.1528716230e-12 
-1.1709909084e-11 
5.7796174802e+23 
1.2847348213e+01 
2.2806511339e+23 
3.3375431654e+30 
-7.4842784766e+14 
1.7831564003e-09 
9.7078324546e-11 
1.8859670116e+24 
-3.6185212998e-20 
5.3134633207e-18 
1.0658814720e+09 
-1.9649291019e+36 
9.6155202370e-22 
-2.5558326733e-20 
-2.1300000387e+18 
-1.2130060547e+04 
2.0566164105e-32 
9.7733958157e-21 
-1.8231106290e-31 
-5.0333313426e-20 
-9.5023923962e-30 
1.6746414531e-06 
1.4417733353e+13 
2.3733497092e+37 
8.8313306519e+16 
8.1365158492e-22 
7.2839855219e+20 
-5.4158319341e-35 
-6.9816937211e+25 
2.6573545058e+17 
1.4777169478e+13 
1.2492344660e-34 
-4.3612692261e+02 
-3.8732653809e+03 
5.4063643009e+17 
-1.5355544221e+22 
-6.5103369225e-17 
5.3049194913e-15 
-1.4853255292e-09 
-6.1654075000e+06 
-5.3556440851e+21 
1.4496312045e+19 
-3.3028975256e+19 
-2.4502388326e+11 
-2.8176220265e+16 
-2.6304589030e-38 
1.2564364288e+10 
-2.3200404311e+20 
-5.8566708840e+28 
-7.3408386063e+29 
-1.6347731352e+00 
-1.1946555837e+30 
6.5714584243e-21 
4.1559325899e-38 
2.7586627032e+28 
2.1239557895e-38 
-2.6942537631e-23 
-3.1809087843e-02 
4.7982596875e+05 
-1.1283447747e+29 
-8.3594584163e-13 
-9.6054028495e+18 
-1.4431508339e-20 
-1.4871368052e-30 
-9.1832274741e-36 
5.6023108109e-14 
9.1256993403e+19 
-6.4723237954e+27 
-9.3471187364e-34 
-1.1092620282e+18 
3.6458941767e-32 
-8.6436209097e-38 
1.7891457024e+10 
-9.9835064705e+21 
2.9775581362e+26 
4.7568141646e+20 
-2.7634142077e+24 
1.4262286404e+22 
2.7930234721e-27 
1.1801167118e+36 
-1.0614039912e-29 
9.4750643417e-24 
4.1067141170e-31 
2.8778009591e-34 
2.1123812421e-10 
1.4943528435e-36 
-3.7302656623e-12 
-2.0171918750e+06 
2.4571114481e+17 
3.3638188243e-01 
1.8251015572e-03 
1.3655509850e-19 
-9.7157492004e+29 
9.7367905033e+17 
4.1970951571e+24 
-7.1890923612e-19 
4.7544185638e+01 
-2.6769841277e+15 
5.5890384227e+26 
-2.5753442587e-31 
6.6533711913e+25 
1.0145984318e+28 
-2.9638792398e-07 
-2.6567724999e-03 
-2.8257395811e-28 
-6.6833871603e-01 
3.9829520051e-24 
2.9344958463e-08 
-4.1019039003e+27 
-1.3193358750e+06 
-1.0665507233e-07 
-3.0374447161e+27 
2.4785456700e+26 
-2.0904178892e-16 
3.6320891184e-08 
-1.5331360024e+34 
-2.0209977031e-01 
2.0882096875e+05 
-1.6816856241e-10 
1.1315212230e-31 
2.0953377010e+24 
-2.2641529064e+25 
7.7922253418e+02 
5.2365918118e+23 
4.9587442781e+36 
5.6829864147e-36 
1.1950501616e-26 
1.1247448438e+05 
1.4658025585e+22 
-2.6093601284e+28 
1.0655221289e-39 
-2.7995217137e-33 
1.3657411590e-18 
2.9124067328e+12 
9.6259736893e-06 
2.4301092140e-29 
-9.1024035111e+33 
-1.5011657875e-15 
8.3137155815e+15 
-2.8841372678e-29 
4.1829725498e-32 
1.7861937963e-29 
-2.8655151367e+03 
-1.0739775898e+11 
5.4105273600e+08 
-2.4069415673e+31 
4.6184882109e-32 
-8.8391063036e-04 
3.6259993022e-33 
7.8731701087e+18 
-2.1571636881e-34 
3.5837576396e-12 
-2.8066603403e-13 
3.1980474614e-21 
-2.8727012630e+34 
7.2174251247e+26 
-2.5642077648e-34 
-2.0376893735e-15 
-4.5337738281e+04 
-1.3896679360e+18 
1.1487436270e+28 
1.6596651354e-12 
3.0367552473e-37 
7.5575662910e+18 
7.8926493681e-38 
-4.0035035063e+37 
-3.9931717072e+28 
1.6333791550e+17 
-1.6119021568e+11 
5.0460266803e-25 
-7.6346169443e-21 
3.1037207693e-02 
1.3140961324e+29 
-1.3752740295e+15 
8.3633344000e+08 
-2.1930394916e+30 
-4.8542226239e-08 
1.3474666782e-27 
3.8006088867e+03 
-1.0692730844e-16 
6.8940949973e+22 
4.8073821940e+23 
3.9223032000e+07 
9.6693120378e-36 
6.6333253036e+16 
-4.6395837932e-35 
7.3429332214e+31 
9.5128752383e+26 
-8.6234355469e+03 
-1.3151788547e-09 
1.3728525320e+13 
2.8504825756e+19 
-8.7132708751e+35 
-7.9431025775e-25 
-2.0488616079e-02 
7.9914358386e-26 
-3.2900942257e-22 
1.6591888716e+21 
4.1532888412e+00 
1.9292086792e+02 
-7.1978427734e+03 
1.7483692078e+22 
7.4141849600e+09 
3.5586047860e+27 
-4.7774286858e+27 
-2.6285839438e+34 
-1.2573251773e-08 
4.0819306741e-04 
-2.4389713844e+29 
1.1099991343e+35 
3.7766900602e+19 
1.6103406267e-31 
3.7491462546e-24 
2.9246589932e-37 
2.8496489904e-05 
9.0274365234e+03 
-5.3213185380e-19 
-1.7928802429e+14 
6.0963052511e-01 
1.7502365723e+32 
-2.0106401546e+12 
-1.1610114165e+26 
5.9447730236e-17 
-3.8314445271e+27 
-1.9225081205e+00 
4.3322275122e-15 
3.7195299331e+36 
1.9480123876e+33 
2.7155914236e-12 
1.1623784571e+35 
-9.5685415268e+00 
-1.9798750881e-25 
1.0474172416e+11 
-1.2788827007e-04 
1.6706686761e-13 
2.6019611100e+17 
-5.7289490287e-17 
-1.9805054000e+07 
1.7860267085e-11 
-6.5963107666e-17 
3.0921486343e+20 
2.3410057068e+02 
-2.6034482008e-18 
5.6440228271e+02 
-1.8743318442e-38 
5.0111412338e-32 
2.7215466309e+03 
-7.5592906775e+24 
2.2868683200e+08 
6.5800516147e-09 
-4.1573608704e+24 
5.8572864441e-12 
1.1670975000e+07 
2.5662491576e-10 
-1.3822280439e+32 
-4.6748567849e-37 
8.0121020574e-07 
-1.2568041997e+24 
-5.0984318368e-03 
-6.7575635677e+15 
1.7614313882e+12 
3.9873828064e-04 
-1.0488370400e+08 
6.7607779990e-38 
4.0077411702e-24 
6.1509517670e+01 
-6.0715839574e-31 
1.2526003184e-13 
1.0792310374e+11 
3.1310202337e-30 
-2.4303827839e-09 
1.8631840611e+21 
5.7856746094e+04 
1.3373381039e+20 
8.4517899469e+12 
9.3679564640e+24 
1.4924999274e+35 
3.1094625168e+28 
-1.0363115169e-18 
-5.9839864832e+10 
2.3110804558e+00 
-2.4434371094e+04 
-1.5700038683e+19 
-2.5789502957e-17 
9.2641625088e-04 
-1.3240255067e+14 
-6.6652400787e+22 
-3.3412198710e-25 
-3.8120499415e-17 
5.6562628874e+30 
-1.4719195886e-24 
-9.3278349292e-27 
-5.1900414823e-32 
6.1312890529e-12 
-1.8000526705e+14 
-4.5311305340e-38 
-7.0608908011e+15 
-3.3456965334e-26 
-6.2703733761e-08 
-9.5387311114e-32 
-6.2112742188e+04 
-1.0712649742e-25 
-2.0581122488e-02 
1.1715311750e+30 
-5.6233729982e+13 
-1.0472460108e+27 
-3.1567788166e+14 
2.9209050272e-14 
-1.9114796556e-20 
-4.9108412420e-21 
-2.4243588867e+03 
1.6203331588e-15 
3.8322186839e+36 
-1.4269368492e-16 
1.8768618684e+30 
-4.0654890239e-02 
-2.0392503735e-22 
4.3308392334e+02 
1.9029889107e+34 
-3.9685320648e+15 
-4.7024593750e+05 
6.8531546276e-04 
-1.5852435547e+04 
-2.9876109213e-02 
-1.9996970323e+21 
3.4619416110e-03 
3.7675793750e+05 
-3.5515822645e-18 
-3.6571412411e+36 
1.7350530770e+22 
-1.0573436523e+04 
4.6675326798e-11 
-4.1356326680e+20 
7.7582334858e+26 
-2.9436396056e-35 
-5.4630179891e-18 
2.1359898438e+05 
-6.1471446794e+13 
-6.3386430287e-20 
-5.3359465067e+30 
7.3648710613e-29 
-1.6393371452e+21 
2.4169227583e+36 
2.3476935132e-20 
7.4815307927e-24 
8.7424987214e-06 
-7.1257257148e+13 
-1.3726084885e-13 
3.0491814064e-21 
1.5126536345e+33 
-1.6908746018e+14 
-8.5424163242e-20 
3.8548993300e+35 
-4.8938690144e-20 
1.5233430280e-29 
-3.0071564864e-15 
3.6576754761e+02 
1.2328303081e-22 
-2.9176544558e+31 
4.8642104957e-06 
2.0862243577e+17 
1.2635602944e+11 
5.2339813646e+13 
-4.9459395009e-33 
4.1705049981e-29 
1.5354482498e+21 
2.9409840100e-34 
-1.7603181161e+18 
-6.8662047852e-06 
-7.8117925927e+22 
-1.7803911936e+26 
-5.0145363390e-25 
4.4215440750e-02 
8.3896960000e+06 
-3.5758037795e+21 
2.3465721130e+02 
-6.9948041789e-19 
2.5365427588e-38 
2.8120471570e+22 
1.5523784990e-21 
1.8190206983e+17 
5.0466491597e+11 
1.0118204660e-35 
1.2380823057e+32 
-7.0086692460e-31 
1.4185295812e-24 
1.3062261273e-09 
1.5568895374e-38 
6.2631304892e-16 
-3.1707793400e-13 
3.2505255327e+18 
9.6778358873e-29 
3.0051710000e+07 
-7.5258432617e+03 
4.7289368829e+20 
3.5245646564e-15 
-2.4576556094e-28 
-5.6804665911e+23 
-2.9989594408e-18 
6.7258192476e+27 
-1.2734121681e-27 
4.6158575906e-36 
-1.5501498306e+14 
-3.3530289989e+16 
6.0420929346e-38 
-2.3446356492e+13 
-1.4014316257e-03 
-2.8459650525e+15 
-4.3481242188e+04 
6.7209709162e-21 
            nan 
-1.5714662937e-27 
-6.1942075000e+06 
1.1487091897e+17 
-1.6486055039e-16 
8.9421192009e-15 
-5.1416603992e+24 
-2.2040558294e-16 
-1.1935959129e+34 
-4.1808104053e+33 
-2.1407599626e+17 
4.1058993770e-13 
2.7538566424e+35 
2.4766141915e-10 
-7.0078605652e+01 
6.9683990677e+28 
7.2593291343e+32 
-4.2111032543e-12 
8.7667149090e+15 
6.7727862207e-10 
-9.3184403200e+08 
-3.3850808450e-06 
-1.2348230484e-05 
-3.4297419517e-17 
1.0758251190e+02 
9.1331088470e-07 
-5.7231995715e+17 
1.0770859199e+18 
1.6412576904e+03 
-4.6434628368e-28 
-6.9442127414e-16 
2.3114939880e+02 
-1.2376684491e-26 
-1.3861664705e-08 
4.2810478102e+30 
-5.8660004278e-19 
5.4972279418e+17 
-9.8225515807e-37 
-3.6770656756e+18 
9.6758684530e-17 
7.4024768761e+34 
3.5739388038e+37 
1.4995828604e-28 
-1.4128657910e+27 
5.5555771917e-27 
4.8993967256e-22 
-3.2996922491e+12 
1.9173859987e-16 
-5.4126699650e-11 
4.2228974763e+15 
-1.7047456529e+22 
-4.1990328826e+33 
-1.4057263440e-25 
7.2193635618e-12 
-1.7654197126e+18 
4.4583949163e-13 
-1.2992006305e-05 
-1.5210047605e-32 
-1.2634740418e-33 
-5.4166812301e+20 
5.8059505676e+23 
9.7778112153e-20 
8.1527578937e-26 
-1.7623064196e-05 
-2.5861503902e-30 
-9.3612418491e+24 
-9.7124554651e-22 
1.1416472308e-34 
1.6179003531e-14 
-1.1173327541e-10 
-2.5833894739e+29 
-1.8513318151e-02 
1.3604278230e+32 
-3.2404533386e+01 
-1.5060749869e-10 
2.4878544665e-18 
7.0776084993e-10 
-3.6982663739e-29 
-2.1125157954e-33 
1.9915809365e-33 
7.9306732182e+15 
2.4741837382e-01 
-1.0154881088e+16 
3.4595951668e+35 
1.7695709342e-09 
-3.4976954718e+18 
-1.2412195103e+15 
1.7685034132e-35 
5.9714364499e-24 
9.4645527001e+30 
-1.0848473970e-31 
-4.3492253989e-16 
-2.3792707737e+33 
3.9035444448e+14 
6.5797385879e-27 
-7.7846393611e-13 
1.4306010742e+03 
-9.5768282984e-19 
1.5914296320e+10 
1.0074903689e-16 
-1.3001977328e+15 
-1.7887053939e-14 
1.0050241341e-18 
1.5146993429e-25 
-5.5626356382e-36 
7.1019476562e+04 
2.4048425080e-17 
1.2358984373e-19 
2.1510822565e-16 
1.3376868645e+32 
2.3630381615e+21 
8.1395085127e-18 
-7.1108388275e-12 
9.0147875276e-11 
-1.8469631928e-22 
-5.2503953100e-36 
-6.3073091194e-10 
-5.9615992000e+07 
-6.1200120000e+07 
-1.3667087730e+31 
1.7397757620e-02 
1.5255987286e-21 
-3.8327334362e-11 
4.1982009665e+21 
1.8167164000e+07 
-3.5782444800e+08 
-3.4392536463e-07 
8.6003673259e-14 
-6.9393319262e+24 
-3.3144944906e-01 
8.1533257468e-37 
2.4668271411e+11 
-1.5521869272e-13 
-1.5689053038e-24 
1.0138473158e+29 
-1.1699250943e-11 
-6.1753722841e-18 
9.6740222168e+02 
-9.0085740168e+27 
2.8563210385e+38 
1.0406120679e-33 
-1.0414988441e-19 
6.1816160724e-07 
-6.1572698168e+28 
-5.7693290665e+16 
9.6627260641e-30 
-5.5421975603e-13 
-1.0378037446e-38 
-7.3393670164e-07 
-4.7653029935e-22 
5.0266890017e+29 
1.3086362002e+36 
-7.7268244420e+29 
3.4150292049e-04 
-9.2923369589e-27 
1.1621502800e+35 
1.5338419378e-01 
4.2290214400e+09 
1.2752613497e-27 
-4.4393453428e+31 
4.6407457441e-02 
-4.2898745108e-35 
-5.1526849957e+36 
5.7774524910e-14 
2.1606030392e-16 
1.1566271084e+33 
1.6018103115e-19 
1.8225349367e+38 
-2.9206771155e-34 
-1.7913871543e-34 
9.0006476800e+09 
1.4211339259e-29 
2.7441082904e+36 
-8.6845460601e-07 
1.1670245474e+32 
-8.6597186838e+15 
-2.8859839964e-38 
-2.5921023106e-09 
3.7084778376e-20 
9.8001865234e+03 
-3.8734369770e+37 
-1.0846968283e+35 
-3.9312853972e-32 
-6.3130329957e-12 
2.0127752975e-07 
3.0442026346e+31 
-1.9666911827e-18 
-4.9153410231e-08 
1.7328633856e+10 
-5.5698674156e+12 
4.7407526324e-21 
2.8151177228e-34 
            nan 
1.7766882168e+36 
4.2212052098e-15 
1.4663941109e-14 
2.2859095037e-01 
-2.5396294804e+26 
1.9764292813e+11 
3.2100362481e+30 
-1.5917408174e+20 
-4.7312487732e-04 
-1.1402489471e+02 
1.4159327615e+38 
1.1463537103e-36 
4.3101847688e-33 
4.0592380101e-24 
3.3184284615e+29 
3.4276597489e-06 
3.4771832577e+18 
-1.6766589764e+23 
-8.1630821120e+27 
2.2431855709e+37 
1.3165755986e-34 
-8.5297301149e-25 
-2.1567250946e-31 
-2.9026009896e-27 
-1.9592842675e-30 
-4.2394116900e-27 
2.6998464394e+24 
1.0477429915e-20 
-1.7759069380e+34 
1.5440127351e+31 
-2.7054053888e+27 
-8.3421215415e-02 
1.2669960559e+19 
-4.7584040960e+09 
-3.9070430224e-10 
4.1160706066e-25 
-1.3529352638e-10 
9.5789363200e+09 
-3.2992636000e+07 
-7.6662180334e-38 
-1.5516318087e+30 
7.3779608437e-16 
8.2175116986e-03 
4.1073096695e-30 
3.6946424538e+24 
-8.6262242909e-23 
2.2686696875e+05 
-9.0793964819e-23 
-5.3346388042e-02 
2.7915619816e-10 
2.0419628902e-28 
1.1296400307e-17 
9.8549626273e-06 
-1.5039680534e+38 
-1.5425996845e+21 
1.0361793154e-32 
-4.3807373667e-31 
-4.3662509505e-30 
3.3885682933e-03 
-1.7973531552e-09 
-1.8496772766e+02 
-5.8163956000e+07 
4.0528758469e-24 
-1.0914359042e-36 
1.5016729681e+29 
-1.7443984458e-30 
-5.5221133466e-32 
8.1677331377e+30 
-2.7130632499e+35 
1.4260592798e+16 
6.8994022193e+23 
1.8030669114e+24 
1.1929556727e-01 
-7.7610200168e-14 
-7.5665968936e+15 
-9.4095590093e+27 
-8.7203590393e+01 
3.4840921814e-10 
-2.5689019654e-20 
5.2200139823e+25 
1.2842401563e-37 
1.2588099247e+16 
-1.5104688230e-33 
-1.6854015301e-34 
-2.6717595000e+06 
7.1284475327e+00 
-1.3142123777e-26 
7.0344541178e+17 
-6.7630466560e-08 
-1.3135696875e+05 
-2.5409822203e-27 
-2.2287352532e+34 
            nan 
-3.2093255831e-10 
2.7189089868e-10 
-7.0603145006e+27 
-8.9314442651e-28 
1.6739384923e+25 
-2.5260354560e+09 
-2.5072383881e+01 
2.6870100276e+23 
-2.5506039616e+36 
1.9991070537e+37 
1.3968346709e-30 
-5.5094939164e+22 
1.0332803413e-06 
-1.2740661292e+38 
-1.5232775890e-24 
-1.0498052249e+37 
-1.7437092521e-21 
2.9267903417e-02 
2.0095083143e+27 
-2.2333984947e+25 
1.5846370609e+28 
-1.9999193825e+12 
-2.9250635088e-36 
2.3917889781e+33 
3.0539264451e-09 
-2.6067599218e-19 
-1.5126578375e-12 
-7.3821833357e-03 
-3.3794296000e+07 
-3.5547363684e-37 
-4.4445894400e+08 
-2.3411027942e-31 
2.0987696875e+05 
3.7548340206e-22 
-1.7527279690e-34 
-5.9112983605e-12 
1.1009854000e+07 
-3.0357827589e-16 
-3.7194226752e-04 
-6.8378894008e+12 
-5.0628186301e+35 
4.3391438627e-30 
1.6433575895e-14 
4.5758744318e-29 
-1.4184083647e+31 
-2.7174372128e-11 
1.3355598750e+06 
-1.8011279967e-10 
-5.8422716312e+35 
7.1331637478e-34 
-4.8955396875e+05 
1.3157488432e-08 
1.7527240131e+12 
-1.2178380785e+22 
-1.2775534075e+36 
1.4300612211e+00 
-3.0470123047e+04 
2.2210440420e-06 
-5.3580497287e-34 
-3.9301779206e-23 
2.6163389835e-18 
-2.2982630166e+35 
2.8785833401e-35 
-9.6158026231e+33 
-3.0580192072e+37 
-1.9471689149e-25 
1.1758457965e-37 
-4.2118548685e+17 
-3.7660622101e-38 
-3.3755590375e-22 
-1.5593648939e-25 
7.1139326007e-17 
-1.4877355841e+23 
-2.7066156442e-15 
-4.9528551559e+27 
-7.4603690761e-17 
-5.6113016944e-18 
-2.4981859504e-14 
            nan 
1.1725249219e+05 
-2.2764525830e-20 
-1.1738310936e-27 
-4.6706974720e+10 
2.4078526621e-05 
-3.7276452127e+12 
-6.2550595030e-03 
3.8742858683e-20 
-3.0655320087e+20 
1.1698379748e+20 
1.1228749874e-10 
-2.8392307717e+21 
2.1405670839e+35 
-1.4220969224e-19 
-1.7338406029e-39 
5.8289167640e+23 
3.3009298919e-19 
-7.9840040508e-37 
1.3679298933e-34 
4.5222593750e+05 
-7.4728550285e+31 
4.0838221018e+37 
-2.9956136962e-24 
-3.5032547921e-22 
1.4018955594e+37 
2.8561487548e+20 
4.8770928905e-15 
7.0531301498e+00 
6.1095372875e+26 
9.6123500000e+06 
6.8784666059e+23 
-4.5120625107e-25 
5.5253080531e+20 
-5.2154791488e-27 
9.4041334817e-31 
4.2858870033e+27 
-3.0695832116e-17 
-1.2054865510e-24 
-2.5450836293e+26 
-3.2722148942e+16 
7.0279990000e+06 
3.4138203400e+31 
2.0396236783e-11 
-6.2781797447e-14 
-1.5190830583e+28 
-8.4657100800e+09 
2.0725377572e+16 
7.6186263958e+14 
1.1950507858e-12 
1.1555406086e+13 
-1.3717721909e-29 
-2.2696427939e+21 
-6.1333938014e-31 
-4.1876263057e-24 
4.2556816000e+08 
-4.2953703506e+21 
-6.8679490089e+00 
4.2640108210e+18 
-8.6281248589e-26 
-1.4781501000e+07 
1.4583366587e-32 
1.9055138692e-23 
1.9181841984e-02 
-1.0952135968e-33 
-1.9420007154e-32 
-1.3348015964e+13 
1.0421270069e-08 
2.3052002072e+18 
-2.8292264472e-30 
-4.8033331270e-20 
-1.9806538391e+02 
8.9345973206e-26 
-1.4250639853e-14 
-3.8818397245e+24 
-1.9867467303e+18 
-1.0345434570e+04 
2.9431826477e-24 
4.0209061357e-35 
-2.3503325655e+29 
-8.7199333298e+36 
5.9372273140e+13 
-7.9766242165e+36 
1.0549933868e-23 
-9.5748199336e+19 
-6.3105582868e-24 
1.7646208983e-30 
1.7662100910e+20 
3.9245029814e-22 
-1.2908346889e-06 
-3.6408093980e-26 
2.6081554790e-28 
5.2307521087e+26 
-5.3076984385e+14 
-5.4858874651e-18 
-4.0716817603e-03 
1.0240357609e+34 
-6.4548435462e-31 
2.7424636793e-30 
7.6743513790e+23 
1.6230406516e-18 
-7.5729186810e-11 
1.0077603289e-14 
-3.5976595200e+08 
-4.5924929282e-07 
1.2909069723e-31 
8.3475345592e+29 
6.9313722170e-30 
-4.4572121297e-36 
-4.4581666737e-17 
-2.6442705173e-28 
1.6830784734e-03 
3.3209036427e+28 
-6.5716954711e-29 
4.3777508836e-05 
-1.5410296094e-26 
-1.8237573579e-26 
9.8207616762e-28 
2.4140931150e+38 
9.5392196381e-25 
-9.0278577588e+19 
1.1123158741e-29 
8.4955985478e-20 
-6.6634665927e-06 
-5.7837734678e+33 
-2.1817830489e-32 
-4.9774969529e-24 
-3.4771869336e-32 
-1.3502484316e+37 
-8.2194382979e+13 
4.3648332357e-01 
-9.3920505047e-01 
-5.1323427734e+03 
-5.0351999341e-26 
-9.9653425037e+13 
-4.1831606289e-32 
-2.9735893983e+30 
9.6383896302e-23 
9.5413247691e-29 
-4.2556955117e-38 
1.9694673982e-38 
8.0378614252e+12 
7.3551649371e-17 
5.9109273639e+20 
-5.3714219287e+15 
4.6496338392e-16 
2.4417944857e-17 
1.6509007709e-34 
-4.9054363002e-12 
2.4509196416e+26 
8.5593192172e-18 
-1.7283226274e+34 
-2.4643339551e+14 
5.6573566773e+27 
1.2199366404e+30 
2.1455096535e-23 
1.5111487000e+07 
5.7854592031e+29 
-1.5758296361e-12 
-2.1194423007e-26 
-4.7977728000e+07 
4.3597909978e-33 
-2.9681978049e-06 
-6.8488367764e+28 
3.3153464479e+38 
3.6615057879e-30 
-2.6547210946e-29 
-3.6671905518e+00 
1.2310980548e-31 
-2.3814727967e-10 
-3.0941631255e-30 
-3.5374300732e-34 
4.9548381225e-21 
-9.5029517353e+12 
-2.2605951663e-35 
1.1370751517e-30 
-2.7706914926e-37 
6.1942876835e-24 
9.8780796876e-09 
-2.3364948469e+38 
-1.6496236482e+21 
-2.0964251200e+08 
1.5547868119e+12 
-5.0037455801e-21 
6.8074772134e-03 
-2.8966997683e-22 
1.8691766408e-26 
1.4388547645e-11 
-1.2527162019e-26 
1.3182992877e-28 
7.1179611169e+35 
6.6167922017e+27 
-1.7277207409e+34 
-1.9705268986e-28 
4.6528702452e-32 
3.4450933981e-06 
-2.4812136124e-16 
5.3249272679e-29 
-1.8005809444e-29 
1.8372488831e+18 
-1.3074159622e+01 
1.7521628117e-21 
-6.3856266438e+19 
2.3598401637e-22 
2.4270326674e+14 
-1.6696986547e+20 
-1.3101620800e+08 
1.8357242777e+25 
1.3229270648e+17 
5.2095637877e-20 
-8.9374612840e-31 
8.6663078972e+29 
-8.1064902656e+10 
-8.0726269624e+12 
3.3357406250e+05 
-1.3716005910e-25 
-1.2887382828e-10 
-1.7110270940e-15 
9.3136312900e-33 
1.9579491806e-08 
-1.3025719182e+36 
-5.9159689036e+13 
1.6342646784e+10 
-3.1257724491e+27 
-4.9807173014e-01 
7.9371748424e-27 
-3.1851765045e-32 
-7.3976138738e+21 
1.6873609428e+26 
4.9494696814e+23 
1.5702730782e-10 
-2.2559547362e+20 
-8.6704412500e+05 
-1.2343882645e-06 
2.4748444540e-16 
-3.1393824488e-18 
2.8723638916e+02 
-5.8874120000e+07 
6.8875041325e-04 
1.0321438766e-35 
-2.5073011628e-21 
-7.1878657110e+16 
5.6645973932e+26 
1.3262978628e-30 
-1.2924703241e+21 
-3.8954314923e+33 
2.8477658691e+03 
4.1366611079e+27 
-2.2271265280e+09 
-1.0251301838e-20 
-1.4966593767e+23 
-6.2120271878e+34 
-1.6442161255e+23 
1.1291266244e-28 
-1.9440704346e+03 
2.9160635298e-34 
-1.2580712891e+02 
4.7585875408e+14 
-1.2594830534e+14 
1.1633837128e+02 
1.5759848960e+09 
-1.5716338453e-07 
-3.8864034646e+20 
-4.8568383109e-23 
1.4775238810e-09 
-8.5266505198e+29 
-1.0018075258e-10 
-9.2533781902e+14 
-1.2173974609e+02 
-2.0112661536e-12 
-2.7512304688e+02 
1.7070501674e+23 
-2.7714661304e-37 
7.8528955783e-08 
-6.4298338789e-15 
8.4812941104e+22 
5.8953236480e+09 
3.3067315817e-03 
-8.6885132861e+19 
4.9464795692e+30 
8.0760287346e-09 
-9.5815401486e+17 
1.4110046387e+01 
-4.3019781515e-08 
1.7148777843e-03 
2.2812700000e+05 
1.7505179754e-32 
-5.0970739134e+14 
-3.2216448000e+07 
1.5901654993e-12 
6.2206411416e+27 
2.4431703831e+38 
-1.3009200000e+06 
-1.9443210527e+21 
1.2440070996e+26 
2.3128583850e-22 
3.4509750000e+04 
-9.1297983450e+26 
-3.1553923142e-38 
-9.1414760283e-17 
-3.5061747231e-29 
1.5405661620e-34 
2.0886895725e+32 
5.0302150528e+35 
5.3247802954e-28 
1.2530937659e-14 
3.8996093750e+03 
2.8011912831e-33 
1.0317205411e+36 
-1.3472816612e-13 
8.9399000506e+30 
-1.7749547072e-23 
-1.6753819648e+10 
-2.8411470284e-18 
3.6635696558e+33 
3.3590958272e+33 
-6.7012400000e+05 
-2.2824081016e-24 
4.5834225304e-11 
3.0115491130e+32 
-1.1715516448e-03 
8.9141323853e-17 
-2.1046093750e+03 
-4.7131591797e+01 
-2.0711196331e-19 
-5.8584360550e+12 
1.7861401562e-32 
-5.6253001094e-04 
-7.6382188635e-19 
-3.9581951077e-33 
3.2081626133e+22 
-7.2927232829e-15 
8.1461228340e-27 
-3.7660175328e+36 
-5.2860041560e+13 
2.0303900000e+05 
2.3287976764e+23 
-1.9889500000e+05 
-5.6938301492e-34 
4.5455694199e-02 
-1.2586871423e+13 
-4.9966481408e+10 
9.1273003744e-36 
-1.6494511453e-28 
-4.4695309814e+27 
1.3572368392e+30 
2.8402536299e-28 
-2.0400529531e+24 
-2.8136270661e+32 
2.0946091309e+03 
5.1369001312e+35 
-2.7752734147e-19 
3.5979315560e+17 
-3.4876809774e-10 
6.4122016429e-41 
3.9798070313e+12 
6.2455312991e-24 
-2.1954426880e+10 
1.4992604520e-05 
-1.7450436195e-15 
3.9753711373e-32 
9.0192669446e+18 
-1.1244116055e-10 
5.6690995200e+10 
-4.4797534407e-16 
-2.3764957500e+06 
-2.9413577169e-02 
1.1309790720e+09 
6.1300515881e-06 
6.2605890727e-15 
7.0541893785e+34 
-7.3991664000e+07 
2.4392218888e-01 
7.9648028564e+02 
1.2181436577e+14 
-3.7551284235e-23 
5.9769046307e-01 
1.4890814000e+07 
1.0588682175e+01 
3.6806052564e-36 
-2.5919799640e-08 
-6.8952875890e-16 
9.2233097394e+30 
1.0779969686e-30 
-1.3351214584e-03 
2.7128974622e-08 
-2.4097274159e+31 
-5.7733325308e-21 
-8.0727738970e-17 
3.1197452217e+18 
-9.8763664461e+35 
-3.6874038372e-25 
-1.4062442348e+37 
-1.9251868988e-09 
-3.1026180221e+26 
-1.0469471427e-12 
-2.1621740339e+11 
-1.6521905377e-17 
9.1382268489e-25 
3.4733714250e-14 
8.2594674826e-01 
-4.7135234554e+16 
5.6193510400e+09 
-5.1528725287e+35 
-1.1601027250e+00 
1.3278203824e-26 
3.1891177472e+11 
1.2301732323e-29 
1.2983925580e+16 
7.5493435758e-38 
-9.1644597771e+26 
-2.9360607828e+14 
-4.3484620715e+32 
-2.6902773725e-28 
-7.3291784192e+10 
4.0978731110e-20 
4.0701158355e-07 
-2.6677071076e+35 
-9.8230526283e+25 
-2.4505991902e-08 
-1.4700752873e+35 
3.6322083087e-36 
-2.9992784736e+15 
1.8497015168e-28 
6.2900032273e+16 
-2.4704349256e+30 
-2.4872088172e-24 
-1.6821553600e+08 
-2.4559967875e-31 
1.6311064103e-32 
-7.7345697021e+02 
-2.0834062994e-01 
6.3239740404e-18 
-1.1076265218e-04 
-1.4998628729e+13 
-4.1539078666e-05 
2.5575710720e+11 
3.0608591031e-17 
-3.8529537201e+01 
-8.9178217028e+28 
-1.0642576904e+03 
-9.5543284665e+27 
-1.5343070845e-04 
-1.5329273084e+30 
2.0918488275e-08 
-2.2927922879e-22 
1.9178540707e+00 
-1.0957943903e+30 
-1.0841361697e-34 
3.2485766747e-31 
-3.7928230872e-38 
5.2592567179e-36 
-6.3321476773e-06 
3.3676837150e+26 
8.7753846007e-36 
2.3649548535e-29 
-7.5498444800e+09 
-1.3971214176e+30 
-9.0373480231e-29 
-1.5581083365e+22 
5.7011650149e+17 
8.1886619406e+31 
-6.9997775555e-01 
4.4683793750e+05 
-1.2543611372e+14 
-2.5950571398e-06 
-5.3658505333e-31 
4.6821931223e+29 
5.3714083840e+10 
-3.1466426938e+14 
2.1675642693e-32 
-1.3438115290e+29 
-1.1022500187e-12 
-2.3136281998e-31 
-1.8009119420e+27 
8.8520551039e+14 
-2.5599565011e+27 
-2.4719722103e-35 
-3.3378108322e-15 
-1.6745722741e+37 
-1.3799454720e+10 
-3.5269617911e-06 
-7.0605198429e-28 
2.8956543288e-29 
2.2183013191e+23 
2.2847387177e-11 
-2.1843594901e+23 
3.5667467817e+23 
-8.7187724066e+30 
2.0136210424e-06 
6.3150037244e-27 
-1.6732264569e-38 
8.3276218706e+32 
-1.5798093981e-28 
-4.6177654201e+34 
-1.5218450244e-05 
-4.6087203840e+09 
-3.3864874504e-38 
4.0544216309e+03 
-4.3148222778e+24 
1.6160890985e-12 
4.0464919067e-34 
3.0684067541e-28 
2.3600466309e+03 
2.2129822810e-06 
-6.2340204332e-21 
1.1603316069e+00 
-2.2816506680e-03 
7.2579568032e-31 
-6.1348951616e-29 
5.4540037120e+09 
-2.1737059778e-25 
9.1947069111e-36 
1.1445749219e+05 
-3.3367764950e+00 
-1.3241096167e-03 
-1.0016596249e-13 
-9.6154553685e+27 
5.8815446272e+29 
-6.9859871084e+15 
-5.1629623219e+33 
9.6163144335e-03 
2.5845141856e+37 
-9.9460582110e+27 
-1.0316280368e-23 
3.2002978308e+35 
-5.8780268274e-17 
5.2722329146e-26 
-1.2706224094e-11 
-8.4579193364e-27 
8.3791126083e+30 
-1.7229414155e-37 
7.9201540506e+12 
5.0415750593e-02 
-5.7899612289e-28 
2.7211846963e-28 
-5.8538396157e-30 
6.8260246013e-30 
            nan 
3.0571768593e+34 
-1.4186642432e+10 
2.8341421887e+16 
-1.0606065981e-37 
-3.3674746329e-38 
-2.2918489917e-24 
4.0728017357e+19 
9.0732697572e-05 
-4.1466616844e-29 
-1.1170597911e+23 
-6.2548031517e+14 
9.5743219763e-24 
-2.3868125063e+23 
4.9431703552e+10 
-1.2414028848e-16 
-2.3376544050e-05 
4.4310491714e-32 
8.3243052271e+18 
5.2495714277e-02 
-4.2794095440e+33 
-3.3569296321e+28 
2.0328878080e-33 
4.4798418568e-26 
1.0821159649e+27 
1.5040571381e-37 
-2.4799875091e+18 
3.0935060815e-19 
-1.5183204581e-22 
7.6557846434e-13 
4.0105133605e+37 
-2.1446448061e-16 
3.0463990624e-22 
5.3373586075e+17 
7.1992486457e+18 
2.3029737472e+10 
-1.1974987574e-02 
-3.9201972500e-37 
5.3372710400e+08 
-1.7777411080e-30 
-1.8400914670e+20 
-4.2749451189e+22 
-7.8905816258e-30 
-1.6216290369e+36 
1.4727704115e+37 
1.0540069082e+35 
-8.2712153099e-12 
6.2662250940e+37 
1.1947654877e+33 
-1.8990486175e+22 
-2.3225657184e-31 
-2.3727006721e+37 
-3.8376404277e-09 
-4.5722608692e-20 
1.5364727801e-07 
-4.0289023935e+15 
5.2399680150e-09 
-3.4981429681e-37 
7.4295425656e+20 
3.5072770075e+21 
-2.4703861467e-36 
-5.6675578937e+13 
-1.0419827913e-17 
5.8456131956e-04 
1.4190672558e+29 
-1.5912575226e-20 
-3.7586827554e+33 
-7.2664301686e+24 
1.3603968225e+22 
1.0157956858e-15 
-5.6703782098e+35 
9.1013701960e+12 
-9.2664840849e-06 
6.1442041600e+08 
-7.7527501395e+28 
-1.1621111317e-20 
5.9070061093e-22 
-3.8149616381e+28 
7.3432063996e-23 
3.1659082023e-09 
1.5195887247e-30 
9.5798884558e-07 
-1.1305929473e-13 
1.8506567781e-28 
1.0823662797e+11 
1.1526162920e-31 
4.6105905834e-17 
3.0904226952e+26 
-4.8108394258e-03 
-5.2390437126e+00 
6.0747788736e+21 
5.1896233885e+21 
-1.3426926238e-08 
5.3211333176e-31 
-6.3195158843e-15 
-1.6711545944e+01 
-6.6013724672e+11 
9.4519251299e+28 
1.1091386917e+34 
-1.0963303618e+27 
-3.9343381336e+17 
-9.0606759712e+30 
2.1473912057e-03 
-7.9635993716e-27 
7.7393130118e-33 
-1.1702733930e-39 
-9.7093105379e+36 
6.7150938817e+24 
-1.1303502899e+27 
1.4759217600e+08 
-3.7721051601e+23 
2.1893427877e-15 
-1.6270062630e-08 
2.3098733233e-26 
-1.5071510017e-16 
1.3456504348e-05 
1.3288626222e-29 
9.9104628340e-22 
-1.4421621503e-32 
3.6596554780e-12 
3.9769068945e+18 
3.9981123060e-02 
-2.6826022193e-02 
-1.1473315188e+18 
-4.9101274691e+37 
1.6128035057e-17 
1.6681844603e+29 
-4.4053442810e+27 
            nan 
-4.3609024725e-10 
4.7770028711e-34 
1.2107071000e+07 
-2.8099881363e-12 
7.8533193750e+05 
1.4013321550e+34 
7.8419466476e-09 
-7.6278657660e+18 
1.3802247938e+27 
4.6315427870e-02 
7.4801212293e+12 
7.2634978603e+28 
9.8970913059e-20 
2.7980524604e-27 
8.9256438685e-08 
4.9008136579e-25 
-4.8065940074e-17 
2.5094567263e+34 
5.0363605926e+32 
2.9906123047e+04 
-2.3209119128e+21 
-9.8601438695e+21 
8.2318115234e+03 
-3.9195813788e-25 
-1.8788676692e+15 
-2.0674745471e-08 
2.3245493030e-10 
-2.5647231728e+35 
-1.4330868771e+17 
-1.3546718983e-03 
1.0423442681e+27 
-1.6380824682e-21 
6.4974749137e-08 
7.4400791699e-33 
-8.0134492188e+04 
3.8876216888e+01 
-2.7529878690e+15 
-1.5564979429e+29 
            nan 
-1.2490912303e+21 
8.5767458575e-36 
8.4392003698e+24 
-9.7745697021e+02 
9.2320982630e+12 
5.3848033658e-26 
-1.2830174255e+02 
-4.8657700294e+36 
3.5787966617e-19 
-3.0666871886e+18 
-1.6539123047e+04 
4.8434360261e-33 
-6.8081852316e+23 
1.5640249937e+28 
1.6640256882e+01 
4.5210847222e-27 
-1.1353759003e+02 
6.2744593332e+20 
2.3992338512e-18 
-3.8913957144e+24 
3.0011516000e+07 
4.3789897756e+19 
-1.1209122789e+36 
-2.2471681073e-22 
-8.4189189050e-20 
-1.9354627132e+00 
-4.0483297822e-17 
-5.7613702666e-05 
-4.7816416632e+32 
-1.6134380083e+32 
2.0071180984e-07 
-1.3339810547e+04 
-3.5636575298e-17 
6.1853481935e+35 
-8.5446292154e+18 
-1.1018336227e-04 
-2.9275148926e+03 
-1.4215215834e-38 
-4.1060632500e+06 
7.4100513136e-32 
-5.3425099000e-35 
6.7882366180e+00 
3.5930553532e+33 
1.3446364910e-08 
-1.1987908351e-34 
1.5843235948e-34 
7.8673996925e+00 
-1.0065060342e-03 
-8.3953838380e+20 
-1.2288793830e-25 
8.5609484375e+04 
-9.0544776538e-12 
-4.1158639662e-20 
-6.4511247936e-28 
-1.7489842930e+13 
-4.2679824808e-20 
5.5752015200e+26 
8.4870996661e-16 
-1.8529774721e+15 
-1.9427221725e+26 
-4.8827742188e+04 
-6.1283026069e+25 
1.8230307455e+14 
-2.2905268990e+27 
-9.9083012901e-04 
-4.2297765244e-25 
6.2844948783e+25 
3.8644356812e-12 
-1.0528487619e-03 
1.1802282626e-27 
2.6650727523e-13 
-1.2125588093e-20 
1.8504000923e+26 
7.6153960284e-29 
4.0423961820e+30 
3.2043620007e-28 
-1.2402278956e+19 
4.2312635000e+06 
6.3269896192e+12 
8.7101210454e+27 
5.5762428473e+23 
-9.1973909743e+30 
-8.5949697090e-17 
1.4775876712e+30 
-5.1435260000e+07 
-6.8014192038e-06 
-1.0777832323e+24 
9.2476932981e-17 
-8.1474051362e-30 
-1.1352247904e+30 
-2.5008736770e-07 
2.5191362978e-22 
2.1397833530e+28 
-1.7506642559e-37 
4.3224306864e-05 
-6.4862337893e-18 
4.2708993533e-06 
-3.5006900678e-20 
-3.2863864136e+02 
1.3179231562e-22 
1.9885109042e-37 
-1.4750154836e-30 
-3.0300432172e-06 
-5.0741557622e-09 
-2.8942792511e+36 
-4.7652641649e+27 
-3.1857660073e+16 
-6.8416165253e+25 
-1.7805023817e-03 
            nan 
-2.0310067119e+17 
-1.0646930531e-19 
-4.6252272600e+17 
-1.2098646486e+35 
1.3459547190e-03 
-4.0034418688e+11 
-1.6173678750e+06 
-2.0636077400e-35 
-5.1441967483e+17 
1.6268655827e-15 
7.0619950080e+09 
1.7832053589e-17 
1.4931936249e-34 
-1.7896199556e+24 
-6.8919032807e-12 
-3.8048371834e+34 
-1.8239373047e+04 
-4.4154186617e-04 
5.4045229897e-33 
-2.0414102743e-31 
1.0009149219e+05 
-1.5536273848e+18 
5.7994208922e-25 
-4.6442671548e+30 
1.7561278662e-16 
-1.0081173718e-16 
2.0074801600e+08 
4.8273538457e-23 
1.8644482066e+37 
-7.7365228271e+02 
-1.0230636897e+25 
-3.1936644363e+28 
-4.5116877556e+00 
4.9204628711e-20 
5.3831420000e+07 
1.1727752663e-17 
1.4803787529e-08 
-4.6688653384e+14 
6.0891256532e+22 
1.4259290564e+17 
2.3235643485e-14 
-2.8479358000e+07 
5.2910540771e+02 
-2.0700370840e-07 
-1.5444000523e-09 
-1.0404851220e+12 
3.1633960635e-32 
9.9077584020e+33 
-8.9442860964e-17 
-3.1608591369e+37 
-2.7804725237e-28 
2.1008190743e-05 
-2.3816381783e+16 
1.4026478750e+06 
7.5072868810e-08 
2.2757947673e+22 
-3.2733597069e+29 
1.9031083129e+31 
3.8383797719e+24 
-1.7018698438e+05 
1.0257163027e-19 
-3.7145802379e-01 
-3.4997366384e-15 
-5.8603335167e-31 
-3.3558590652e+13 
-4.3864418876e+29 
2.9176881470e-27 
2.0121052516e-33 
5.3403026195e-36 
-1.0176692213e-36 
1.6983574708e+13 
-4.2621381141e+33 
-5.1761637996e-37 
-2.9539107141e+21 
1.0110553293e+13 
4.5674428863e+25 
1.4017141614e-10 
-2.1857755990e-24 
-6.8403238058e-01 
3.4777090318e+24 
1.3497763256e-28 
1.8705323511e+35 
-3.4744064684e-19 
2.7399462868e-36 
1.3098281752e+38 
1.6489794556e-12 
1.1035758197e-30 
8.4703621781e+29 
2.2851203087e-27 
2.2233607585e-23 
7.9684682617e+03 
-1.2397706087e-05 
2.7437079440e-19 
-4.3922381202e+28 
3.2155243179e+29 
-1.1036811396e-02 
-1.2450147991e+25 
-1.5157187854e+27 
-7.0476898566e+36 
9.7760231586e+22 
5.2674245834e+00 
8.2437837345e-15 
-9.5592937860e-40 
-3.8652921600e+08 
-3.6573275000e+06 
3.5892217600e+08 
6.8695178592e-26 
-1.0187538313e-10 
2.9332795122e+35 
1.0000487244e-10 
2.1689785432e+31 
-4.3134656223e-27 
3.0851555840e+09 
7.4682917900e-27 
-2.2972776752e-29 
3.5203704834e+02 
-5.0410736084e+02 
5.1053566004e+31 
2.3636892058e+11 
3.1955149045e-27 
3.2079819177e-31 
4.4062055338e-08 
-6.1558733371e-13 
1.9359954612e-11 
1.0370805054e-17 
1.4278609228e-07 
1.7308555016e-06 
-5.8629048899e+23 
4.9208186774e-25 
-1.5704499446e+21 
-8.8397369450e+25 
6.6478510258e-19 
            nan 
-1.9264696875e+05 
-2.7785888960e-05 
-2.5488580577e-03 
1.5235756250e+06 
-2.8715812732e-05 
1.8612282719e-20 
1.9820321148e-23 
-8.7304709089e-14 
-8.0915490406e+12 
7.5614926018e-32 
-1.9929564943e-10 
-1.0325445087e+21 
1.3019189550e+23 
-2.1999646613e-26 
-8.1297703680e-38 
-9.7343259437e+14 
-3.0680701002e-07 
1.0592905813e-33 
-3.7182004739e-25 
-1.7167648787e+33 
-3.3835952074e+16 
6.7362665003e-18 
2.0077224076e-01 
-1.6956272830e-08 
-6.1300472887e-25 
5.4962293743e+23 
3.1859816119e-08 
1.4675983426e+34 
-1.4885952199e-21 
-1.0063217589e-32 
2.9735418974e-33 
1.1102398889e+35 
7.1187564182e-20 
-5.8276552734e+03 
-2.3226047802e+34 
5.2354104505e-23 
2.0513475052e+17 
4.9629659316e-07 
6.8290777677e-20 
-1.2297787677e-08 
-1.3078701644e+29 
3.5066182136e-06 
-2.6043575287e+01 
-5.6453310185e+13 
4.6813776717e-03 
-2.3737728013e-35 
9.0579704264e+35 
1.7904409963e+19 
-6.7286677563e-08 
-7.1842802734e+03 
            nan 
2.3425014085e+30 
-1.4446186904e-24 
1.4108343956e-27 
-2.9155795081e+22 
-1.1424891123e+29 
5.0711809229e+12 
1.2955846033e-23 
9.4328356352e-36 
5.2775136798e+34 
-8.3982033728e+21 
6.4003528428e+18 
1.1372277779e-29 
-1.6276261210e-01 
4.2327393750e+05 
-8.9989436767e-16 
4.8186867031e+28 
-4.7712184197e+29 
-6.7736065430e-22 
5.7735782579e+32 
8.1759654602e-10 
-3.1851070620e+13 
-1.8453880658e-16 
1.0238328552e+02 
-1.6482254863e-01 
8.8615027199e-31 
-2.5963057851e-05 
4.2677156627e-02 
-9.4541187500e+05 
-7.3214550110e-17 
-1.7266193920e+09 
2.7412629842e-17 
-1.8773506198e-21 
-3.3247388276e+30 
2.6538276367e+03 
-1.0742002487e+01 
5.5834595969e-07 
3.4221916199e+01 
5.3899935121e-33 
8.7720483655e-11 
-2.9446503819e+14 
1.0691593366e+30 
-4.6705625724e+34 
8.7184638355e+33 
-5.1974894145e-32 
-8.1896387500e+05 
-2.2678432178e-38 
-1.4605786800e+00 
-1.2511456310e+36 
9.2071835778e+23 
-4.0345769941e+19 
-1.8401549369e-06 
4.0925302036e-10 
5.7128329509e-36 
-6.6645426760e-27 
-7.7019202711e+20 
3.0415348018e-09 
9.1838561847e-31 
-5.9562428438e-21 
-1.5264827142e+25 
-1.1981339806e+32 
3.2966403809e+03 
-2.3430638129e+33 
1.6628500046e-20 
-6.2274926824e+19 
-2.4893578310e-09 
6.3152588543e+29 
1.8602318750e+06 
1.1279779578e+23 
-2.7290505621e-19 
-2.9026614038e+26 
-3.5805546406e+27 
-1.6066383250e-12 
-2.4133013189e-01 
2.6479478038e-05 
-1.0133360863e+01 
9.5000496388e-15 
-9.0807006659e+12 
-3.8978984345e+35 
7.6845307617e+03 
-5.3502748262e+11 
-9.1335543573e-08 
-3.2322478408e+12 
-2.5102098438e+05 
-1.5934367701e+19 
1.1591270968e-22 
1.7374675157e+19 
1.7279207690e-23 
-4.2379819163e-21 
-9.0621549154e-10 
1.4840644718e-13 
-3.1228427756e+31 
-5.1986246094e+04 
-2.7271623047e+04 
-1.8031953296e+37 
2.2508719314e+21 
-9.4722350837e+28 
-1.5009343000e+07 
-3.8906979283e-32 
2.1973513067e-01 
-4.4820178680e-09 
-6.1997253418e+02 
-6.2556294131e+25 
1.5164874459e-33 
-4.2841057706e-16 
1.0651056747e+21 
5.0157060949e-28 
1.2881557504e+10 
-3.0262941122e-01 
1.1272789264e-17 
-4.4274242188e+04 
-6.6217712515e+31 
-3.8287778099e-15 
-3.1481121094e+04 
1.5664616047e+13 
5.6882210379e-36 
1.1832432484e+30 
-4.2682679874e-19 
-3.8167835000e+06 
-1.3687962977e+32 
-5.9113267343e-04 
-2.6996125950e+32 
-7.3848358643e-19 
-3.1427289359e-03 
6.8138338319e-27 
7.0597781727e+36 
9.7552779182e+12 
-1.7601405336e+34 
-6.5702161743e+19 
-6.7802275765e+31 
1.6756188608e-30 
5.4000670720e+09 
-2.8413379288e-11 
2.3387512451e+29 
-2.2794599708e-36 
5.6697953613e+31 
-6.0203507913e+35 
-3.3030040980e+23 
1.4632013244e+23 
-8.6781187500e+05 
-8.9122101626e-13 
1.4152431405e+24 
1.1163692402e+15 
-1.1146262013e+33 
4.2773991881e-31 
-2.1194686269e-05 
7.9220555172e+20 
1.7959697179e-14 
2.8103702789e-05 
9.0745119710e-27 
-8.1923282146e-01 
-1.9447421523e+34 
1.8715987127e+34 
-3.3977772109e-03 
3.2588221418e+21 
-1.6473076906e-30 
7.3676236647e+33 
-4.8309482115e-23 
-1.2479539490e+02 
1.4157604308e-29 
5.4341209600e+08 
-2.3797989707e-04 
1.1682364303e+17 
2.3378766953e-18 
1.1295815998e+14 
-7.9892936628e-04 
7.1970447898e-02 
-3.4509717749e-34 
2.7346719588e-14 
-2.4365151367e+03 
5.9301157348e-36 
-5.8560406547e+26 
-8.9737712000e+07 
3.4033382638e-18 
4.8139585205e-19 
3.9951787622e+11 
-1.1272254000e+07 
-1.9865170504e-25 
-7.7505922991e-36 
-1.3074426264e-10 
-1.8333612442e+01 
6.3925160464e+22 
1.1884283373e+32 
1.2647839538e+29 
7.1234416932e-31 
1.7928067919e-08 
-5.6841557529e+28 
4.7340461151e-07 
-4.9027500595e+23 
-1.0114784935e+38 
6.9015665043e+37 
3.4018292796e-18 
-7.0386727202e-06 
-9.9964608496e+22 
2.0721711426e+03 
1.3099545479e+01 
-1.1556384712e-01 
-1.8665385964e+14 
-3.3730073483e-04 
-3.4066920155e-28 
-1.7395348275e+11 
-4.6642097939e-15 
9.4165240691e+17 
-8.0427117974e-26 
-4.1973775121e-35 
2.4986871094e+04 
-1.1876398275e-05 
-1.4472589469e-32 
1.2324650811e-07 
-2.8438414447e-03 
-3.6812912006e-24 
-3.1562916547e-07 
-1.0453685206e-07 
1.5852015377e+38 
-1.0122307647e+34 
3.8307343042e-22 
-1.9290691994e+12 
-1.8498072624e-29 
1.1019036308e-18 
2.8797343361e-30 
-3.6103619227e+27 
-3.5609686588e-34 
-2.4786252436e-37 
-5.8893139413e-34 
3.1235371008e+10 
2.7179107643e+20 
-4.6148301180e-07 
-9.6970198221e+11 
3.2927961174e+28 
3.4900191147e-20 
-4.3263569428e+12 
-1.0379923443e+23 
8.2985285772e+15 
-1.0572232500e-25 
-3.0207931125e-39 
2.0458034988e+38 
-1.4934059978e-01 
1.1312612003e-07 
1.0497605896e+02 
-5.5966365480e+33 
1.6224578328e+34 
-3.5176525608e+31 
3.6365807965e+27 
5.7836843949e-36 
            nan 
-2.2652004800e+08 
-1.2305656855e-04 
1.8754758835e+01 
5.9690406499e-16 
3.8967348359e+17 
-4.2738672346e-02 
1.6927454659e+12 
-1.9868596410e-16 
4.5133110106e+34 
8.5161132732e-20 
-7.6703540981e-02 
2.5368329095e+31 
2.3321674120e-17 
2.9095586350e-24 
5.1281978607e+01 
8.0027960519e-26 
-2.1737736012e-35 
1.1989749219e+05 
6.0494219311e+26 
-3.6036716309e+03 
-1.4160936523e+04 
6.2340842965e-31 
1.4564894627e-05 
-2.0215898438e+05 
7.9671443584e-21 
1.7777764800e+08 
1.3923061629e+37 
-2.3477886962e-24 
-1.3362519878e-14 
3.2216446000e+07 
-1.4743053498e-06 
7.5581688381e+12 
-7.1961149440e+10 
-8.1679970048e+16 
-9.7263399888e+14 
8.7604980469e+01 
-4.4011831284e-02 
4.9100554240e+09 
-8.0238896771e-07 
-1.1700001244e-22 
-5.2434501095e+25 
5.7996194433e+24 
1.6659403341e+37 
6.8773178616e-34 
-1.1328169441e+35 
-1.5321381821e+29 
-6.0207421875e+02 
4.7817400000e+05 
-8.4646103460e-09 
-1.4597699046e-03 
2.2390396845e-24 
1.5656560000e+06 
-5.7595316594e-36 
4.4476073950e+28 
-9.7396578774e-28 
9.2990431113e-32 
