2.3509887016e-38 
0.0000000000e+00 
0.0000000000e+00 
0.0000000000e+00 
0.0000000000e+00 
0.0000000000e+00 
0.0000000000e+00 
3.5873240687e-43 
0.0000000000e+00 
0.0000000000e+00 
0.0000000000e+00 
0.0000000000e+00 
0.0000000000e+00 
0.0000000000e+00 
0.0000000000e+00 
0.0000000000e+00 
0.0000000000e+00 
0.0000000000e+00 
0.0000000000e+00 
0.0000000000e+00 
0.0000000000e+00 
0.0000000000e+00 
0.0000000000e+00 
0.0000000000e+00 
0.0000000000e+00 
0.0000000000e+00 
0.0000000000e+00 
0.0000000000e+00 
-4.4236203410e-34 
7.1746481373e-42 
0.0000000000e+00 
0.0000000000e+00 
0.0000000000e+00 
0.0000000000e+00 
0.0000000000e+00 
0.0000000000e+00 
0.0000000000e+00 
0.0000000000e+00 
0.0000000000e+00 
0.0000000000e+00 
0.0000000000e+00 
0.0000000000e+00 
0.0000000000e+00 
0.0000000000e+00 
0.0000000000e+00 
0.0000000000e+00 
0.0000000000e+00 
0.0000000000e+00 
0.0000000000e+00 
0.0000000000e+00 
0.0000000000e+00 
0.0000000000e+00 
0.0000000000e+00 
0.0000000000e+00 
0.0000000000e+00 
0.0000000000e+00 
0.0000000000e+00 
0.0000000000e+00 
0.0000000000e+00 
0.0000000000e+00 
2.0290171179e-38 
4.6728521014e+26 
1.4270386255e-16 
1.5305849794e+34 
1.7542802786e-37 
-3.4916737991e-20 
-1.2078493696e+11 
3.2695209897e+27 
5.0643005371e+00 
1.9006346976e+15 
-1.1659708780e+14 
-9.3231500000e+04 
-9.9185634127e+25 
-2.0219015011e+24 
5.3107240829e+30 
6.7230857908e-18 
-7.4473091685e-28 
2.3865887723e+17 
-5.6069704844e-24 
1.3192112034e+20 
8.0348174890e+21 
1.6682402919e+14 
-5.5871470116e+29 
-2.4860838318e+02 
-3.1944211960e+01 
6.0414175866e+30 
-6.5236353398e-17 
-2.9108921353e-06 
-2.1721496120e-18 
-3.8870569319e-02 
-3.2009764712e-14 
6.4730341546e-03 
-3.6152783477e+36 
1.8777717514e-06 
6.4623231133e-27 
3.7935846233e-17 
4.4833361312e+22 
4.9385021103e+21 
4.9065434301e+31 
-8.1303394572e-11 
-3.4015992000e+07 
-9.6528752334e-29 
2.1674697600e+08 
-2.3653688279e+12 
-1.5939721479e-24 
4.0536824000e+07 
6.5161130691e+31 
1.0934922181e-15 
1.0575849918e-10 
-1.0688442793e-14 
2.6859849691e-01 
-7.6512950000e+06 
-4.6310145726e-32 
5.6796352000e+08 
6.2702916604e-34 
1.5069405470e+15 
-4.9570599587e-21 
9.3555035509e+36 
-3.8035736084e+02 
-1.9529929477e-17 
-5.8389742188e+04 
-8.6793462345e-30 
2.8679186920e-36 
-1.6263655680e+09 
-9.3967740158e+34 
-1.0558702556e+35 
2.2579712827e-33 
-2.5000568281e-18 
4.6672491369e+31 
1.7098778859e-02 
2.9385529586e-15 
5.1194560705e+35 
3.4180096647e+28 
2.1770778182e+13 
1.4977263724e-33 
-2.5764314646e-27 
-4.0688543231e-04 
-2.0815560000e+08 
-1.0084832107e+34 
9.9903231235e-21 
1.3751680784e-21 
2.8360746001e-05 
8.8271566051e+35 
6.1917012992e+27 
-9.0769544715e-30 
1.9213185024e+10 
-2.4386626065e+21 
8.8129260783e+26 
7.9362301777e+25 
3.8119726763e-15 
1.2770665344e-03 
-1.6806377472e+10 
-1.8455484928e+34 
-9.0776333932e-13 
-3.6857021727e+12 
-6.5849937165e-30 
1.3399348905e-12 
5.9245652477e-37 
2.2373732894e+33 
-2.9302459552e-06 
1.3958203793e+00 
3.0460567474e+01 
3.7463228526e+33 
-7.5570827374e-10 
-1.1303313267e+27 
-1.1047471984e+36 
-1.5353316806e+31 
1.0584049665e+37 
-1.2428968295e-21 
3.1225123405e+00 
4.7480643555e+17 
-3.6184389048e-20 
2.7894002483e+11 
1.5507798189e-35 
-1.8948492561e+27 
-2.7600420181e-28 
1.1996325684e+03 
-8.1088387500e+05 
1.2099070740e+02 
4.3257635358e-35 
-7.0117351814e-34 
8.0574145541e-03 
-1.4577689719e-35 
-3.0951156710e+36 
-3.9798437983e-12 
1.0215482296e-13 
1.3801117803e+22 
7.4893693231e-31 
1.3283826904e+03 
-1.9340696873e-23 
9.5020816104e-08 
-2.2125844268e-08 
6.0539448454e+15 
-7.9222892336e-28 
-5.5470632204e+16 
-4.1819199805e-16 
2.2442335411e+22 
7.9267324155e+29 
6.3088165783e+27 
-5.8017703526e+11 
-4.7786367978e+36 
-6.4358027711e-32 
-1.3665878354e+26 
-1.2163304928e-04 
7.4814608576e+29 
-4.4400203680e-31 
-1.9221173542e-09 
1.9182782891e+15 
5.4746557617e+03 
-9.4954422272e+11 
-2.6272034495e+24 
-3.4102251723e+14 
-8.8450931810e-21 
-6.4651053631e-17 
-5.2238596875e+05 
-2.9696278769e-09 
7.8678520000e+07 
4.8086855831e-30 
4.2110236196e-13 
1.1416689122e-10 
1.2879910355e-04 
-3.4768891985e+16 
3.7489021006e+34 
-8.3506545591e-14 
-1.1602889404e+03 
-1.5424909192e-34 
-1.6614552867e-33 
1.1632106927e+38 
1.1656072500e-17 
1.1600438690e+02 
-1.6580927000e+07 
-7.5697016655e-06 
1.0431720910e-37 
-8.3206133760e+09 
2.6667240849e-17 
-7.8195808927e+21 
-3.3885086487e+37 
-2.2134621094e+04 
3.6892051200e+08 
3.1452806434e-04 
-1.5831325684e+03 
3.8195867529e-22 
8.1315827200e+08 
-2.2526076000e+07 
-2.1313550747e-07 
1.3781345315e+16 
-3.3568698646e+26 
1.7505150463e+20 
-3.8560533032e-17 
-6.8031435345e+18 
-2.4247146602e+15 
-3.5657080832e+10 
-3.1860729166e-08 
4.0309741144e+19 
-1.0144684800e+09 
5.5455803595e+22 
1.8112591360e+09 
3.9676785691e-35 
            nan 
3.2530860237e-19 
6.1712246094e+04 
1.7626096742e+21 
4.1230891003e+37 
-2.2970842053e+32 
6.6192993280e+09 
-3.5542433034e-04 
4.2880634610e-29 
1.3094542503e+01 
-1.3196857456e+23 
-5.4107666441e-18 
1.8118165023e-18 
2.4615832000e+08 
1.0948453600e+08 
-3.6167495256e+34 
9.5145265072e-30 
1.1619348784e+35 
-1.6447998519e-09 
6.4046375357e+31 
6.2921117205e-08 
1.4110401736e-10 
-5.1339954888e+21 
1.8386447920e-10 
-7.7162514288e+21 
-4.1815717555e-12 
-3.2544911658e-17 
-2.0448541332e+18 
-5.1244016737e-02 
-3.7558694678e-35 
7.7760725221e-24 
3.6006793005e+28 
1.8309489747e-07 
1.9897448202e+37 
1.6049343000e+07 
-3.3183277992e-07 
4.3416064324e-25 
3.1817260742e+01 
-2.7853239633e-38 
1.0183704576e+10 
-5.3853762869e+19 
9.4028564490e-08 
-2.6633962496e+24 
-9.8970550403e+13 
-1.9795949768e-08 
4.3405922042e-05 
4.6094753906e+04 
7.2977978562e-05 
-3.7444221191e+03 
-1.1093063354e+00 
-2.9016368691e-28 
2.8681088000e+07 
-1.0077243618e-18 
1.0892094586e-21 
4.4254693226e-15 
1.7045822144e+00 
1.1053648949e+01 
-1.3643779801e-27 
-1.0725016000e+08 
-1.0046766996e+00 
2.6121867399e+17 
6.6878515625e+02 
2.1205563098e-04 
2.2840709198e+19 
-7.6418584582e-19 
5.5691460148e-05 
-8.3382725716e-03 
7.8073563790e-25 
2.8762936592e-02 
-8.7760094331e-14 
4.3900610117e-29 
2.8995568648e-26 
-1.3442189357e+19 
-2.1806912535e-36 
1.3074611673e+35 
1.5033241600e+08 
4.1061826050e-04 
3.6197415106e+29 
4.1615618512e+26 
-9.9841228800e+08 
-3.1865075200e+09 
1.6989698130e+12 
2.3273108527e-02 
-1.0659972037e-11 
1.8208024577e+36 
2.3162641980e+21 
1.3412677120e+09 
-9.6012785814e+19 
-3.9000478843e+12 
1.8622420016e-38 
1.1253063352e+12 
2.9754481316e+00 
3.1041297310e-10 
1.2939884544e+10 
3.6995665869e-04 
2.4664309632e+30 
-2.2200440534e+31 
6.2955260000e+07 
-1.6501029331e+18 
3.6120777600e+08 
-1.5815721486e-37 
8.9819715102e+18 
-8.9053787615e+25 
-4.6187815467e-23 
1.9128707678e-13 
8.6192863464e+01 
2.6682601896e-27 
-1.2251301857e+30 
-6.8248690434e-30 
5.2959156580e+22 
5.2529670626e-36 
8.6773948981e+26 
2.5207215387e-39 
-3.0812871875e+37 
5.4854245207e+14 
2.6102534874e-23 
-4.0970067324e+26 
-1.6839498438e+05 
1.3857215000e+07 
-2.5812325965e-33 
8.2398814537e-15 
2.0073342100e-08 
1.8238853404e-15 
2.1772113768e+23 
3.3133854355e+24 
-1.8214779718e-18 
-8.4090360000e+07 
-7.1657216994e+20 
4.2056551826e-32 
-2.8633772082e+20 
-4.3061286838e-29 
-1.1001093798e+16 
2.4423096894e-34 
1.0546289880e+28 
-8.0295568086e+17 
8.8671816386e+20 
-2.9239272813e-29 
6.6317182617e+03 
-6.1169856066e+19 
-3.2766473568e+37 
1.0710888125e+31 
7.6255593750e+05 
-1.6529962478e-19 
-3.0645596981e+00 
-1.1910130026e-37 
4.1050268004e-25 
-1.1307646591e+26 
-1.3030668701e-23 
3.1591078601e-32 
1.8039448535e+12 
3.8009000244e-13 
-7.5728548940e+29 
-2.5705960797e-12 
-7.1443577486e+28 
-5.8127327065e-05 
-5.5037846732e+18 
-8.8612245726e+19 
7.3290395495e+33 
3.0665568826e-13 
-1.3867162973e-09 
-2.6413206534e-34 
2.9197544645e-31 
8.9515200000e+08 
-7.5205243583e-28 
6.5046002268e+31 
2.3453423381e-01 
-3.6385115000e+06 
-4.7508606976e+10 
-3.2289836426e+03 
-1.8824318342e-15 
-5.2493172736e+11 
-9.3865039734e+26 
-5.4946566306e+28 
9.9513355060e-31 
4.5884537698e+31 
1.1860221600e+08 
2.1659668850e-11 
1.2791202835e-06 
2.5359222314e+22 
1.9285770966e-26 
-8.8808886335e+24 
-4.1148955000e+06 
1.9969799148e-09 
1.2477272493e-19 
-4.1765215469e+16 
-8.0387546907e+19 
5.9149708251e+23 
4.6308782959e+02 
1.0568548800e+08 
7.2576771141e-25 
-6.9333755164e-06 
-5.1332956736e-28 
-2.3931995113e+23 
-1.5329659800e-04 
-4.3062301120e-04 
-2.9104075920e-12 
2.5933749484e+34 
-9.0230501240e+22 
9.6829593182e-01 
5.6274097749e+17 
-6.3968275886e+19 
-1.6426103386e+19 
3.9262315720e+27 
-7.1490815760e-31 
-1.3445206758e-16 
2.3319708676e+22 
-9.8978181939e+12 
1.0161207533e-32 
1.5860538042e-05 
-2.2879316850e-19 
-3.6389022906e-09 
-1.0551075225e-14 
1.1917733401e-01 
-3.3230557373e-21 
-4.0546226216e-22 
2.2914658979e+23 
-7.1522471379e+13 
6.1029823339e-26 
-5.5980598367e+15 
6.0346206737e-05 
-2.3878646415e+20 
-3.1630623047e+04 
-3.5898888504e-33 
-2.6329834716e+27 
-5.1271339472e-20 
4.1876293894e-36 
-3.4107595195e+22 
-8.9308938211e-38 
-4.5657540682e-07 
-8.0906385015e-29 
-1.4650863871e+24 
-3.5255796364e+21 
4.1602735291e-04 
7.1806791199e-13 
-2.9834913185e-19 
-2.4413236577e-23 
1.0427455000e+07 
-1.5198241277e-10 
1.3182064819e-28 
            nan 
7.7793237221e+27 
-1.1690456991e+30 
-4.1933809645e-31 
1.8526078359e+22 
1.0759912783e-07 
-5.3895262200e+31 
-1.8305962918e-28 
3.4565427276e-18 
2.2824052829e+31 
-5.8447991336e-08 
-2.6684251131e+23 
-1.2392742877e+25 
-2.0937503476e+21 
9.1510670527e+18 
-1.2312947536e+16 
-1.4682576875e-04 
6.1833932892e+23 
1.5696611969e-35 
-4.6774623286e-08 
-1.8637540377e-14 
-5.7918711398e+11 
-1.0927273984e+10 
-2.2113683962e+20 
1.4761180500e-04 
-5.9419877247e+26 
5.5363327141e-32 
-4.9872692150e-37 
3.3667017308e+35 
-3.5478524678e+34 
-3.9206051268e+34 
3.5738242188e+04 
-1.4360659594e+32 
7.7293794547e+33 
3.7540861051e+12 
-3.3483780096e+10 
2.2670861716e-11 
4.3444012414e+32 
1.3566252211e+37 
-7.9436044536e+36 
-5.8838846555e+20 
2.5806947200e+08 
1.6535409598e+33 
7.0947763743e-04 
-1.8592930197e+24 
-2.9157959652e+27 
-1.3606465836e-31 
-2.1336347837e+17 
2.8969962275e+20 
-1.1236396260e-27 
9.4729420434e-15 
-2.0179140303e-10 
-2.9695420377e+18 
-5.3221875778e+13 
-4.6541346819e-04 
5.7581467036e-25 
2.7743426268e+21 
-4.3355712296e+17 
-7.1560922852e+03 
7.4394813440e+09 
4.6858190625e+05 
-7.7621425000e+06 
-6.5987091064e+02 
7.2983126685e-35 
7.8792890920e-27 
2.3667062633e-03 
-1.0756954630e+33 
3.3985040052e+15 
-9.0607125003e-07 
1.6549543377e-37 
-1.3808016117e+18 
-2.3258055980e+34 
5.2854412503e-27 
-1.2893081678e+32 
7.2616082052e-24 
-3.7247755293e-37 
2.7197261110e-10 
1.9693928145e+28 
5.4116423958e-20 
-9.3883374838e+20 
7.8212649575e+20 
3.1525512465e-31 
-1.2023096366e+27 
-2.2017946648e-32 
-2.4998881205e-36 
-1.0147303467e+03 
-3.9190561222e-36 
3.2716486666e-30 
6.8621944623e+28 
5.2408654671e+17 
1.8757806656e+31 
-3.6840113455e+20 
-3.2902975571e+34 
6.1987846401e-35 
-7.1958145551e+22 
1.7594101731e-09 
1.2458741269e-17 
2.9649655772e+14 
-9.3357077598e-37 
1.3320628156e-08 
1.7796086261e+14 
9.1422307656e+34 
-3.1439228000e+07 
-1.8023095054e-15 
-6.6238633142e-36 
-5.0202853786e-27 
3.1802551947e+32 
1.6605697510e-06 
-1.0485046465e-14 
-1.2443957850e-02 
2.4774185442e+20 
4.3351857179e+22 
-5.2670113926e+35 
-6.7754797328e-07 
-1.0006453094e+32 
6.2367651840e+09 
1.0345028341e-01 
2.7420535828e-19 
-2.4459096875e+05 
8.9227105998e+21 
-1.1562556095e+24 
1.1081727812e+32 
1.0678878615e-10 
3.2593991525e-37 
4.3379793750e+05 
-1.8268793717e+16 
6.6138372556e-10 
-1.5647180600e+27 
-2.6173697132e+15 
2.1928986322e+17 
8.0401680154e+34 
4.7206311811e+33 
4.3856611623e+27 
-5.2082920621e-19 
3.0196166033e+13 
-1.7330824865e-28 
-8.7525730817e+24 
1.6825921989e-07 
4.4578542709e+00 
-8.2829937339e-02 
-5.6280068330e-21 
1.2045432746e+29 
4.6806908608e+26 
-3.3611302270e+32 
2.4719986638e+17 
-2.2296245883e+18 
2.5506900390e-34 
-7.1031444210e+14 
2.1092179736e-07 
2.4736394240e+09 
-1.2220066833e+02 
-1.1114853616e+24 
2.1426161805e-39 
-1.0809294384e+30 
1.2061365961e+17 
-1.1860691833e+02 
3.0748588867e+03 
-1.4371273151e+34 
6.6733105292e+22 
8.1542847205e+17 
-4.4857990749e-14 
-6.5810672555e-36 
-1.0720580114e+25 
-2.7300498139e-33 
5.9869555394e-37 
-1.4542197982e-23 
7.2284985134e+28 
4.1291928763e-26 
-9.0643810000e+06 
-1.8328541890e-02 
1.5443683769e-24 
1.6725750493e-37 
-1.9733600000e+08 
8.7484661490e-03 
-7.6403897532e+18 
4.5653861016e-03 
5.2557583740e-18 
-2.1054479401e+12 
3.1339809748e-30 
1.3711519515e+14 
-7.3915085793e+00 
-8.7495865600e+08 
-7.0211472511e+00 
-3.1349406528e+16 
-1.6125444670e-30 
3.0177065600e+08 
3.3860903686e+18 
-8.0574497581e-02 
-7.4420690918e+02 
2.5868487142e+33 
-9.9242271369e-33 
5.0297351169e+29 
1.8751244473e+18 
5.2926787500e+05 
2.5322183459e+13 
-6.3667688014e+36 
-1.4717142578e+20 
1.2312208998e+12 
-6.5172914650e-26 
1.1283848438e+05 
-5.5988431727e-38 
5.4739709357e-17 
9.5064959744e-20 
-2.4012096875e+05 
2.4105692053e-24 
-1.0831954797e-23 
-5.3093072218e+31 
1.9213181817e+38 
1.1047117748e-33 
3.0962849694e-24 
3.8721477357e-19 
4.5179038042e-32 
-6.6380971581e+27 
-4.9530977011e-01 
1.0473099749e+25 
5.7807277557e-16 
-2.7935658208e-14 
7.6838632161e+12 
-8.7304352912e-16 
1.9555966250e+23 
-3.5641395059e-21 
1.0162500064e+37 
3.4938489601e-11 
-2.2173302181e+14 
-5.5746880020e-28 
-5.1553074810e+31 
-1.1683292689e+20 
1.1744891025e+21 
5.5774143314e-33 
1.5096338186e+13 
-6.6340316772e+01 
            nan 
4.1751500792e+32 
1.3372864594e+12 
-1.8596708173e-07 
1.5609738459e-33 
1.2496650151e+36 
-3.6619296241e-31 
7.4558428837e+20 
-1.6020775622e+16 
-3.3823396079e-03 
9.4888387500e+05 
8.1686968536e-33 
-1.5145596352e-33 
2.6493257284e-01 
-1.1863675488e+19 
-3.1139514915e-30 
8.5454890950e+21 
3.5405509949e+01 
3.5959302387e+18 
-3.5661003115e-35 
3.0040532693e-06 
-1.6392065667e+17 
6.0983131093e-27 
6.9614872336e-02 
7.6391971111e-01 
-1.6442797820e+18 
2.5992244595e+38 
-1.8372121094e+04 
3.7982493530e-31 
-7.0487037885e+17 
-6.1160594342e+13 
2.4559688568e+01 
2.4831709835e+24 
3.0727154318e-31 
-5.2253249711e-21 
4.8252048146e-05 
3.8581951267e+13 
9.2055312794e+11 
-3.5384190050e+31 
5.6096154382e+20 
6.2016439438e-31 
2.8559436800e+09 
2.7555062376e-21 
-9.8683462477e-35 
-2.3348188877e+21 
-3.2527567033e-33 
-1.9370006358e-13 
1.4234753962e-06 
1.1287791842e+24 
9.4587828511e-39 
-1.0277213960e-06 
-9.5868171528e-14 
-1.4887551743e-06 
5.4250201472e-36 
8.5848121643e+01 
2.5928801612e+31 
3.6839836749e-38 
2.1262761596e-24 
-2.9518632700e+35 
1.0514828495e-19 
-1.5478515586e-30 
-1.4555129671e-11 
-1.5082210345e+20 
8.0424400842e-24 
-2.9058232064e+14 
-1.8244716557e-05 
-1.2559360573e-36 
9.8605914900e-07 
-7.2741474268e-16 
-3.4205854149e-08 
1.8140800500e+24 
2.6610904738e+38 
-5.8232018318e-07 
-7.0738402428e-04 
-3.0476796837e-06 
1.3536441139e+12 
1.1518052092e+37 
3.4855236919e-08 
-1.2627670467e+13 
-1.1399922784e-07 
2.0458881963e-23 
-3.8397009774e-14 
-1.0348311444e-27 
1.0252695938e-04 
2.0076559230e-13 
-1.6863393171e-07 
-2.3176400181e-22 
-9.2222283775e-18 
6.5316095370e-25 
1.5777637266e+18 
2.5706936435e-16 
-1.1941071878e-27 
-2.2288796306e-01 
1.0761591421e+36 
1.7629063366e+27 
1.7694440438e-28 
2.1985964680e+37 
-9.0656957618e+27 
-7.8285113011e+27 
9.3640480476e+30 
3.4892581909e+35 
-5.1254771261e-11 
-6.9501608955e-32 
6.2038134609e+28 
3.3835463867e+03 
1.1882727904e-06 
-2.8918235000e+06 
-3.8708340281e-17 
-3.7788743661e-28 
4.7390245942e+20 
5.7632560730e+01 
7.9494594653e+29 
-8.0284729344e+10 
3.3424470692e-32 
-6.3888420105e+01 
6.3475148425e-24 
2.1621424971e+35 
3.1890198101e+32 
2.7651017904e-01 
-1.1544835331e+23 
4.2561486422e+20 
2.8398448640e+10 
2.7506249125e+31 
-2.7823780745e+31 
2.8758816284e+23 
1.1713850552e+36 
-5.5925163906e-04 
9.1275584952e+24 
-9.7101382345e+34 
1.6579739846e+16 
2.5459771409e-38 
-1.5017296517e-18 
-2.3713343467e-07 
-9.1278118400e+08 
-7.5288608220e-15 
-7.1487127329e-09 
-3.1341834582e+37 
5.5466620790e-18 
-3.1956794307e-19 
1.4679199751e+20 
5.7040940554e+37 
1.6754738879e+21 
3.3733575641e-38 
3.0191946128e+21 
7.6403167870e+32 
1.5198394626e-11 
-6.7743724744e-33 
1.2369572613e+25 
2.8012849553e-33 
1.0690000497e-26 
-5.9914281869e-11 
-1.2360730710e+33 
1.2118935436e+29 
-2.3453061164e+30 
2.0729923949e+19 
5.2340603283e-28 
-5.3190392000e+07 
7.1752184892e+19 
-3.9213872409e+30 
-8.4169453490e+19 
-9.7322330551e+20 
7.1738661234e-08 
4.1771236420e+01 
-2.8036789760e+09 
-6.2317420433e+22 
-1.0756658400e+08 
6.0962611273e-28 
-3.2903091513e-19 
-3.6003762481e+25 
-1.3128739364e+35 
1.9905883585e+15 
1.4067147867e+37 
3.8835689545e+01 
-1.5121299344e+27 
-3.5323518416e-11 
-1.8669707918e-31 
-1.4531059712e+11 
-4.4640065682e+29 
6.3353994461e-15 
-3.3124645203e+38 
4.3188193364e-13 
7.1832115578e-16 
2.5957678197e+23 
-1.6031678000e+07 
2.1558282693e+38 
2.0743781593e-26 
6.3188986090e-16 
7.0155467025e+28 
-6.9352748758e-33 
4.8957328770e-29 
-4.1632684904e+36 
6.0247981734e-13 
-1.7142071156e-03 
-9.5565918297e-34 
-1.0519579321e-13 
-1.2491507005e+34 
-4.5722214400e+08 
1.4895616000e+08 
1.3937689978e-14 
5.8178317237e+35 
-6.0429172777e-10 
6.1506943894e-07 
-6.0469946802e-18 
3.0834823847e-03 
1.7570432000e+07 
2.4352152135e+22 
-4.9784563077e-30 
-4.4570504761e+02 
4.4436763763e+01 
-3.4278492969e-38 
-2.2352322048e-05 
-3.5848127852e-12 
2.6301898684e+18 
4.0130903944e-03 
4.6537474395e-12 
-4.7941579819e+00 
-1.9885739648e-13 
1.9850487297e-04 
1.3219583992e+20 
-1.9214887026e-20 
2.9384000220e+24 
5.0563581943e-24 
-7.2660540771e+02 
-1.0135555230e+26 
-1.2819540680e-25 
-2.4850054949e-20 
-4.0942903608e-02 
2.7521016364e-06 
1.3769114321e+16 
1.1544568154e-24 
-1.7119493475e-29 
-5.8897771366e-35 
5.2012182617e+03 
5.5043638660e+22 
-1.8499955734e-10 
4.9857720762e+31 
-2.6606434304e+10 
-5.0810534601e+26 
-3.7483793719e-29 
-2.6360071542e-20 
5.6158905949e-30 
-3.1700371094e+04 
-2.0638491089e+24 
-4.5802547681e-14 
-5.0712701148e+32 
-4.0913947371e+24 
-5.0609908067e-04 
-4.2526542969e+03 
7.0408252550e-37 
-4.4352470146e-30 
-3.3142237663e+00 
-8.2518374920e-01 
3.6922975509e-33 
-4.9229936849e-05 
4.1470672990e+24 
-6.3784852787e+32 
1.2269436578e-09 
3.1544444000e+07 
-1.0380943032e+12 
1.7541467226e+24 
2.7412979566e+26 
2.8054999296e-11 
1.0742914045e-34 
-1.4606009657e+37 
-5.4904546066e+17 
-2.9640224768e+10 
1.3111358201e-26 
2.3682761600e+08 
-2.6974698363e-38 
2.9861731758e-26 
-1.2943000000e+08 
-8.3709324916e+17 
2.2875980358e-04 
-2.1587616175e-06 
9.7234284708e+13 
-5.0164541299e+32 
-5.3334605163e-36 
-1.3980839530e-14 
7.6572881525e-36 
-1.3801942417e+13 
2.0904979553e+34 
9.4733593620e+32 
-1.4137033600e+08 
1.8195075759e-19 
-8.4036319570e-11 
-1.0240903541e+35 
7.5887191772e+01 
-6.4986707237e+14 
-4.1036979391e+29 
-7.8395962572e+36 
-1.3973233896e+23 
-6.6810324083e+33 
2.1318509752e-19 
-3.4455741178e+28 
-2.9238262784e-27 
-1.7801277440e+10 
1.1413498102e+14 
3.9211073536e+11 
-5.3408094251e-27 
-2.6565723362e-13 
-4.9326390000e+06 
1.5943001439e+34 
-1.9128718986e-28 
1.1477850592e+23 
-1.1474867158e-21 
-7.7514088898e-12 
3.5155242188e+04 
1.6814204000e+07 
1.1599122270e-12 
8.0616230400e+08 
1.6433769900e-08 
1.7290830939e+34 
1.2224251974e+23 
            nan 
-4.1343865219e+15 
-7.6396322017e-30 
-2.6290022400e+10 
2.6303783431e+23 
-1.0820423295e-32 
-4.5895835046e-17 
-1.1965991639e-18 
1.7246447972e-18 
2.5128495312e+05 
8.2892833753e+30 
1.7646759178e-36 
1.2841233954e+24 
-1.3744700438e-21 
1.8989135742e+03 
3.0311807109e-07 
8.1333777332e-14 
-2.1006454330e-32 
-4.0645248413e+01 
-7.0220440626e-02 
-1.8584488774e-34 
1.2448747656e+05 
-3.6742872500e+06 
1.0709088529e-03 
4.4311192739e-18 
8.7890750175e-33 
1.0698739169e+25 
-3.6217296169e-29 
2.3834658157e+17 
-6.2994170880e+09 
-2.2171145702e-06 
-3.9047072973e+11 
1.5387128732e+28 
-7.6378025683e-30 
-2.0471468172e+21 
4.8315645952e+11 
5.4252943471e-08 
-2.0690511393e+34 
-9.5327989760e+09 
-1.3788155684e-06 
9.8177962613e-14 
2.3110619622e-06 
-1.7624839680e+09 
1.5405887665e+24 
-5.8703059405e-30 
-1.3071226120e+01 
-2.4445908724e-15 
-3.8686941650e-08 
-1.3796053430e+18 
-9.2754120357e-12 
2.3895134020e-15 
-1.2636655807e+01 
8.8092637197e-35 
-9.3381435712e+22 
-5.8058541609e-18 
-5.2733448387e-25 
-9.2234785416e-35 
-4.0054531913e-10 
-6.5619606505e+34 
2.6393871094e+04 
1.6331830466e-06 
-2.3819447637e+24 
-4.9534198965e-09 
4.1727663496e+15 
1.8835544818e+30 
8.1301213398e+29 
-8.6143640371e-15 
-1.7529545600e+08 
8.2787114984e-23 
1.2836693896e+33 
2.1403605311e-20 
4.4068742188e+04 
-4.8461819419e+19 
-1.7018828014e-10 
2.1267102999e+18 
-2.9060726602e+34 
2.1290036644e-18 
2.8080136957e-13 
4.4150002932e+17 
-2.5240020744e-32 
-6.6801833162e-12 
-3.9212071837e-22 
            nan 
2.2224763144e-17 
-2.7808454465e+19 
-2.5687433833e-17 
-1.2508666078e-32 
-4.9319805839e-05 
-5.8246340109e-23 
-4.6823292856e-13 
            nan 
-1.8744780056e-33 
-7.5317194221e+27 
-2.2099126272e+10 
-1.6097098280e+20 
1.1486369128e-21 
-1.3465194284e+29 
-2.2628605255e-36 
-4.2297345274e+15 
5.0639110119e-33 
4.3574777840e+27 
-2.5016413255e+17 
8.5959616749e+19 
-2.2849227082e-27 
3.6084256167e+33 
7.0518959456e+18 
-5.8821237782e+29 
3.0712709496e-19 
-3.8194322705e-10 
2.2768356934e+19 
-2.2876806902e-23 
-1.9668088000e+07 
3.2350425728e+21 
1.3923631557e+34 
-1.0594095360e+20 
-2.6412187500e+05 
8.3656879142e-03 
1.9684116398e+12 
-1.6014383233e-36 
-1.3866011963e+03 
6.4330996000e+07 
-3.7271930877e+14 
3.5438943738e-34 
-1.0853059570e+04 
-2.0561421204e+02 
-1.3638396561e-01 
3.8291543303e-27 
1.7229461065e-29 
-2.5780095312e+05 
-8.1100010164e-26 
7.8274841208e-20 
-6.1662656069e-01 
-1.0368383451e+13 
1.1244841206e+12 
8.0456818003e+34 
-9.5693610547e-20 
3.3270405015e+31 
6.2304061408e+34 
-5.8746698778e-04 
9.4493042278e+11 
-1.8065913806e-28 
1.9560496875e+05 
6.6944769728e-09 
-2.9413080083e+32 
5.5596549586e-09 
9.9803603611e-29 
-5.5147745570e-07 
2.0073671217e-27 
5.7059315200e+08 
1.5022436530e-27 
-9.7195114496e+10 
3.1306933699e-33 
1.4301493544e-25 
4.1574550877e-13 
-7.9471040462e-34 
9.5505726130e-15 
5.5326223373e+00 
-5.3889214710e+13 
1.6952412352e-32 
8.7774647015e+35 
7.3455515974e+25 
1.0592920000e+08 
-1.4025585334e-33 
1.1404888344e-31 
-2.3889440252e-35 
-1.8909070492e+00 
-4.3862745670e-15 
3.5405327360e+09 
-2.5154679734e+13 
-3.3268097320e+33 
2.1983692277e-36 
2.7636388538e+32 
-8.4570399888e-18 
2.5391223971e-05 
3.1100624853e-10 
6.5201031842e+36 
-1.5805836250e+06 
1.1409353332e-22 
-2.7047908147e+11 
-1.8845660448e+26 
-6.3623815418e-12 
6.7088888027e-03 
5.0136190625e+05 
-5.3449238281e+04 
-1.9952914841e+33 
-2.0177416612e+22 
-1.8420678376e-22 
2.4098251675e-22 
2.7867080704e+10 
-5.4977930438e-14 
-2.5262378622e-03 
2.5800273938e+32 
-1.3628805932e+26 
1.1802059570e+04 
2.0491149989e+31 
-3.8377613594e-28 
4.3020206399e-20 
3.3734910099e+19 
5.2139504299e-21 
1.2303103845e-35 
7.2017817600e+09 
-4.9393350282e-29 
-4.0559524170e-17 
1.7134158793e+24 
5.8081009612e-29 
5.0796752194e-15 
2.6272120000e+07 
-2.5269371244e+27 
2.8335389068e+14 
6.6359846507e-09 
-2.4521915803e+18 
-9.0990917472e+27 
6.5232094134e+19 
4.9714635869e-23 
-6.5982551776e+17 
2.3526590832e-12 
-3.6257642033e-33 
1.0578829437e-30 
2.1132863908e+29 
-2.3293445358e+32 
2.7889715992e-37 
4.6261953006e+29 
-1.1806820869e+01 
-1.3960369550e-16 
-3.7812236542e-07 
8.0886394779e-36 
7.4895900171e-19 
-7.2022774754e-17 
-3.8166152081e-04 
1.5905137817e-24 
3.1507333915e-05 
2.8432690343e-29 
2.2346951680e+09 
3.7839286110e-25 
-1.9980669749e-23 
-1.6727603200e+10 
-1.2558777943e+19 
6.5321535006e+18 
-6.9395520146e-13 
1.9313020000e+07 
-7.0022590157e-12 
-3.1466156070e-11 
1.1682925746e-02 
-1.1879705896e+34 
2.6291894632e+15 
2.0557979584e+01 
-6.7691149896e+16 
-4.9466451150e-18 
7.7071931059e-08 
6.7745779200e+08 
9.5705658509e-08 
1.0033384323e+01 
-1.9156005856e-14 
8.6218847054e+33 
-1.5540997742e+34 
4.6640373230e+01 
-5.3140419263e-26 
2.6698961838e-24 
-7.9046561662e+34 
4.5622418286e+34 
-1.8379788856e+35 
5.3866409759e-14 
4.0921455951e+30 
5.3490248234e-20 
-1.5128717228e-19 
-3.6344271325e-17 
7.1110061385e-32 
1.2542760598e-23 
1.4662460167e+38 
2.5691583914e+23 
6.7178219753e-20 
2.2271726634e+33 
1.4504910446e+20 
-1.7523133552e-12 
1.5014247039e-30 
-1.7958811650e-20 
5.1304911032e+27 
6.0055062226e-30 
-2.8333095158e+34 
3.0946118341e-37 
-2.3692604899e-01 
-6.3921602723e-39 
3.5338970396e-19 
-1.1357395533e-14 
3.1648570850e-28 
2.0282464975e+15 
2.2588296875e+05 
1.0952005102e-34 
-3.7113815109e-24 
-1.1619228984e+20 
-2.4756771226e+11 
-6.2847631095e+17 
-1.0922074978e-07 
5.1630692024e-27 
-3.5886828746e-23 
-5.3933017591e+17 
-7.5393532028e-19 
1.6748708513e-22 
-3.9467288104e-08 
-6.8399938491e-11 
2.2533396043e+38 
-1.0115833220e-06 
-3.7395013919e-21 
8.8426108314e-21 
4.1742024929e+29 
-5.6678710000e+06 
-3.1358659123e-33 
2.3201192793e+21 
-3.3878067677e-29 
-8.0757251834e-31 
-2.0967356888e+17 
1.2168316502e-17 
3.9385562038e+18 
7.6663789066e+29 
8.3084867771e+37 
-9.7101450000e+06 
1.3517200440e-30 
-4.3216113086e-33 
-4.5548635086e-08 
-1.6678713463e+37 
-4.2616780872e-13 
-9.8793911420e-13 
9.8437541166e+32 
-3.0434394037e+22 
9.6004936495e-05 
2.8602796793e-01 
-1.4914631873e+37 
-3.4320206250e+05 
-4.0165974016e+10 
-1.6849138737e+00 
-2.5574178745e-18 
5.8860756256e-17 
8.1192822266e+03 
-6.5146735459e-15 
-1.7597030539e+30 
-2.8136050688e+10 
-5.2731845018e+11 
-1.4829862243e-33 
1.4937791407e-36 
2.9021760708e+20 
3.5640484137e+30 
2.1945879968e-14 
1.9500399910e+35 
-2.6909868370e-28 
2.9129184392e+25 
3.1907147281e+27 
-6.4241993463e+14 
7.5574808000e+07 
1.6879046400e+09 
-1.1113461581e-37 
-5.0647009375e+05 
-1.2906953880e-13 
-8.4359390550e+17 
-2.3127726123e-10 
-4.6464846208e-28 
-9.2239618750e+05 
6.9144735205e-15 
-2.2769365146e+37 
-2.0526877859e-14 
1.6930464655e-02 
5.6691312977e-08 
5.9142421863e-12 
2.8913133819e+25 
3.8877975410e-14 
-1.8041764498e+00 
-3.9750479352e-30 
-7.6630606993e+36 
-5.5449326948e+35 
-2.6691560964e-37 
1.7499542760e+30 
9.9376524787e-09 
-1.7821288865e+33 
-2.5615038655e-14 
5.2268321044e-32 
-3.2585786133e+03 
2.0668609987e+12 
2.2960110375e-12 
-1.9230437855e+25 
-2.1363623569e-21 
-4.1554650571e-18 
7.5044356812e-30 
-3.3339846853e-32 
-6.9929897785e-01 
3.6909628698e-19 
-2.0670838492e+27 
-1.2098784918e+33 
-2.4853877179e-08 
5.7591988270e+37 
1.5080168725e+14 
3.0697596457e-34 
-1.8745680000e+06 
-3.1422681535e+34 
1.3054232108e-34 
-1.7876425045e-37 
-3.8037353516e+01 
-8.8087347200e+08 
-1.1281356494e+30 
2.3443626399e+19 
-6.2797052000e+07 
-2.3144822784e+10 
-4.0891261911e+25 
-6.2663542135e-34 
1.0356512200e-17 
-5.5555046073e-25 
-3.4248283386e+01 
-3.8250696014e-29 
5.3239239788e-29 
4.9670029089e-26 
-3.9574088712e+13 
3.1242213249e+00 
4.7962048149e+27 
5.1661200425e+13 
8.2726584076e+37 
-1.4093224851e-11 
2.3236499607e+21 
1.3030964396e-07 
-4.4731679472e-10 
2.7527826323e-17 
2.8088783178e+29 
1.9640080495e-07 
-1.4158234113e+22 
4.7142475630e+37 
1.0079504505e-12 
-2.6500342756e-06 
-5.8462625342e+19 
-7.4977945316e+27 
-7.3705151347e-37 
-1.6172070400e+09 
1.2826008107e-25 
-1.3431072054e+25 
3.0995409920e+09 
-4.2988971911e+16 
-7.5199269579e-38 
1.6363838000e+07 
1.7396619320e+00 
-4.3551623908e-26 
2.2504625008e-07 
-1.1638181860e+32 
-9.3243086690e-19 
-1.8461033591e-08 
-2.4380632062e-12 
1.0873981665e-34 
-6.7644969701e-31 
5.4716001947e-19 
1.1441288516e-02 
-6.3551672601e-28 
3.0254121094e+04 
3.2461907959e+02 
-3.5789949266e-19 
5.1943664881e+19 
-5.4792823819e+14 
1.7722103390e-24 
3.2979309388e-12 
-2.1844879808e-24 
2.8180912300e-18 
-1.7264496777e-10 
1.9208678732e-37 
2.1498409839e-35 
8.1268120120e-25 
1.4103199463e+03 
-1.7705241717e-08 
-1.5718286444e+15 
-3.3229527040e+09 
3.7102211277e-36 
-6.9030484156e-06 
1.1006017106e+24 
-1.9354339573e-29 
1.0878718058e-05 
-7.5169365177e-10 
3.2933510519e-12 
8.0449311105e-32 
6.8172681516e-36 
-6.0542725420e+19 
5.1269268289e-20 
2.4401276000e+07 
7.4565371896e+30 
-1.3557144943e+26 
-3.8602051640e-33 
3.1235080233e+32 
-1.8041995185e-38 
-1.3176045241e+24 
2.7816768646e+01 
-6.1322313893e-10 
-2.4903736178e-38 
5.0942861532e-33 
1.2009656144e-34 
1.0427959685e+33 
-9.5195397867e+33 
-4.6181891669e+33 
-4.0596984026e-20 
-1.3508905271e+14 
-1.0407724488e+25 
1.6251393612e-27 
1.4964939031e+13 
1.1084188787e+38 
-2.4780678758e+11 
-5.1733937642e+16 
7.5901840210e+01 
-5.6405054292e+34 
-1.8649139444e+25 
-1.2697819282e-31 
8.9003484375e+04 
4.4605590890e+14 
-7.3392019272e+00 
5.9332867508e-09 
-5.5290553523e-21 
-2.8456749030e+28 
9.0128342920e-23 
-1.0865573719e-10 
-4.0284712792e+36 
4.8549955979e+15 
2.3520227791e+21 
1.8433870498e-17 
-6.4980408752e-06 
1.5422613441e+38 
5.0420384962e-14 
-2.9301891469e-10 
1.8361444800e+08 
1.2967348549e-11 
-1.2685356306e+32 
-1.3720635934e-06 
1.3299291139e-12 
3.4746662082e-29 
-1.0787691468e-18 
3.1659172703e-21 
1.3647762809e+34 
-5.2524070681e+19 
9.4494958733e-12 
-2.0056976538e-16 
-7.1431672000e+07 
1.8225280226e-12 
4.1603861364e+24 
-1.8766139127e-30 
9.7622550964e+01 
2.1112159190e-32 
-4.6335408092e-01 
2.2402824767e-13 
1.4973898438e+05 
-3.4324244026e-32 
-6.7653770606e-37 
1.7305277288e-01 
2.9632846729e+27 
-4.2930411259e-21 
7.5734968297e-10 
-2.6171752180e+31 
9.3313681435e-12 
-5.0328966230e-02 
4.0216061631e-30 
3.6311153403e+14 
5.2534927688e-27 
-4.2365027744e+32 
-4.1601466328e+32 
2.5758155522e-27 
-4.7400937030e+34 
-1.2574925485e-29 
-1.0746729765e-25 
8.8933519993e-24 
3.0440227727e+38 
1.6120510000e+07 
2.7204545283e-09 
-1.1322435547e+04 
-1.1804868698e+01 
-3.1176137936e+29 
-3.4528737466e+34 
1.1544058352e-32 
2.5966308097e-12 
2.8651297916e-24 
1.1040548438e+05 
3.7092708150e-25 
-4.1777177734e+03 
9.8459062626e+27 
-6.5248788826e+15 
3.4641543198e+19 
-2.7901852079e+28 
-4.8690614356e-33 
-3.1983195000e+06 
-3.5838204559e+31 
2.4667183433e+22 
-8.3186201657e+14 
1.1856098872e-35 
1.3672349282e-33 
7.2640400299e-21 
1.3501895034e-31 
-6.2604100935e+33 
-1.4899698876e-31 
-1.2408947374e-19 
1.7394215703e+31 
-1.5761097324e-18 
-7.5903670000e+06 
5.3149423459e-38 
6.6626336775e-05 
4.4705906902e+34 
1.5182419434e+03 
9.1425808353e-29 
4.5038322066e-23 
4.2073287680e+09 
-3.9430832030e+24 
1.0067928467e+03 
-5.6316674121e-37 
-9.1152319026e-10 
-9.2971472168e+02 
5.7135500800e+08 
-3.0008165397e-10 
1.5157527672e+37 
-7.8856759903e+36 
-3.6672189200e+27 
-1.4407193551e+23 
3.7975242188e+04 
4.1891329624e-18 
-6.6246099521e-15 
1.1774805773e+26 
-7.6782367131e-09 
6.2174651007e-14 
-8.9407339096e+00 
-7.9755039906e-07 
4.5235609680e+37 
-8.8872936417e-19 
2.3860910470e-10 
-6.1049068451e+01 
-1.0751638528e+10 
5.9789813873e+23 
-5.3550719083e-30 
6.7670053244e-01 
1.0252049219e+05 
9.4913984867e-06 
6.8910625986e-18 
9.6058709598e-11 
1.1252870875e-29 
-1.3991756020e-07 
-4.3934991132e+35 
-1.2386665833e-29 
2.4187391179e-30 
-5.5611246094e+04 
1.9957646393e+37 
-3.2675969851e+25 
1.6149488508e-22 
9.2656629032e-38 
-9.7438304043e+13 
-6.2777710402e+18 
-2.9848339977e-07 
7.1554485453e+12 
-2.4324783181e-23 
-1.9073298438e+05 
-8.3938753300e-13 
1.8128834305e+18 
-1.8229443562e-12 
-2.1828221130e+02 
2.0656519121e-34 
3.4283766464e+34 
-1.3302165692e+17 
9.6009364352e-03 
2.6165911224e+12 
1.4086967257e-19 
8.2349115000e+06 
-1.6638149418e-06 
1.2610608580e-38 
-2.0435591168e+11 
-2.0352749908e-14 
-7.6318793750e+05 
-2.3779010405e-07 
4.1065036011e+02 
-5.6694230245e-24 
1.6745298207e-15 
-9.6838466823e-02 
5.8483809632e+18 
2.5165632963e+38 
-1.8130638750e+06 
3.7337037858e-29 
-1.5076172792e-35 
1.2621836606e-24 
9.4232978840e-26 
-3.3312746104e+34 
-2.4333907968e+10 
-2.5895886207e-36 
-1.6500989301e+29 
1.9332066556e+34 
-2.0432753612e-35 
1.0434610198e-28 
6.0060255619e-19 
2.3029682605e-09 
-3.5312740326e+01 
3.0014460218e-28 
2.3005621915e-04 
-4.6944196875e+05 
1.6714298504e+25 
1.8900022507e+01 
-2.0923397708e-29 
-2.9861221834e+16 
1.3070144444e-33 
6.5089301557e-26 
1.1467463463e+27 
1.0308573676e+34 
4.9698892800e+09 
-8.6144355594e+18 
-1.1280413387e-17 
3.9691403809e+03 
-1.2009379047e-09 
1.6030762733e-23 
            nan 
7.1088668860e-25 
1.1383327063e-17 
1.9255550260e-34 
3.0815471946e+34 
-9.3325307316e-28 
1.1387112789e+18 
            nan 
1.2141638184e+03 
9.3101068521e-11 
-2.1557334910e-12 
-3.5073024000e+10 
5.1352742594e-04 
-8.5787582397e+01 
-5.4607191657e-08 
-3.1097845459e+02 
-5.9325178412e-29 
1.1551179200e+08 
3.2842899673e-03 
4.0487242188e+04 
4.5276325567e-37 
-3.1050159554e+31 
2.7150727234e-37 
-2.1286389757e+14 
3.8615836345e+21 
-2.1588424382e+37 
-5.2643227849e+35 
6.7602970070e-15 
-3.1870539069e+15 
1.3518426457e-14 
4.7862739163e-13 
-1.7581471080e+23 
-4.4527945420e-07 
-3.3332746341e-08 
2.1447596550e+00 
-6.1973347697e+12 
2.5534485637e-09 
-4.8177914991e-09 
-4.7043552450e-25 
-6.4975984640e+09 
-7.2158206876e-07 
-2.6535738984e-17 
1.7702827320e+28 
-2.2210824485e-38 
-5.7214354494e-16 
2.8558401655e-24 
-4.6408366610e+34 
-6.3230235902e+13 
-1.7314489565e+16 
-2.4964196800e+08 
-7.4588850686e+32 
-1.0849915411e-09 
1.1263056979e-33 
-1.9532895747e-17 
-3.4087728640e+09 
4.3139463507e-33 
9.1104972839e+01 
5.5828863391e-26 
8.7011670098e+12 
-1.1005247515e-14 
9.2926208900e+32 
3.2490814192e-05 
-8.4430460311e-34 
-4.1098973003e+34 
-1.6512693435e-07 
-5.6327877045e+01 
-5.2926903749e-08 
9.6530853271e+02 
-5.9951017984e+10 
-2.2062564676e-04 
6.6899105020e+25 
2.7850078058e+17 
8.4406586818e+28 
-2.5739134000e+07 
9.5724945387e+24 
-7.3793422527e+34 
-3.1459986197e-28 
-1.6594819329e-31 
1.9363506422e+12 
1.7456126443e-05 
4.7826684000e+07 
3.4284440125e+13 
-4.3029897189e-24 
-9.0810769796e-01 
-7.1906711785e+35 
2.4051070000e+07 
-3.6793658360e-36 
5.5916182743e-27 
1.5162604876e+20 
3.2586253946e+30 
-6.3523271820e-04 
-5.0337640956e-28 
-3.8905203424e+31 
4.9724097893e+35 
-2.0694111702e-10 
1.4670867599e+23 
-9.1815228271e+02 
-3.1403347387e+34 
-3.6944462719e-34 
-6.3141881600e+08 
-6.8929070515e+26 
5.2514150810e+11 
1.1189429563e+32 
-2.8915769370e+38 
-2.4262166102e-14 
1.6670515358e-22 
7.8906593903e+13 
1.2402556471e-27 
-2.1156360469e-26 
4.9933118909e+26 
1.0200626825e-30 
1.1387577279e-32 
-2.8700992987e+33 
-1.0055363045e-23 
-1.3357915499e-22 
-2.5476472535e-14 
6.2798591689e+13 
2.5912873047e+04 
3.7622078574e+31 
-6.1751685303e+29 
-4.8873240332e+29 
-4.6538890439e-38 
-5.8170650912e+23 
4.1818759674e-35 
6.8663566589e+01 
1.0872965025e-21 
5.2800844625e+30 
1.5957801592e+22 
-1.5787509732e+35 
-5.4093585723e+36 
-7.3887575040e+09 
1.3264465158e-31 
4.0421821348e-26 
2.3529519514e+11 
3.7457548001e+30 
-5.0321979880e-22 
-9.3489412393e-05 
-3.1853598356e-18 
-2.3124173997e-26 
7.6834217032e+36 
-1.0054436227e+27 
-9.2839152314e+33 
2.8322524160e+09 
1.5216685547e+04 
-2.0891641195e-10 
-4.0048846680e+15 
3.4327351888e-14 
4.0892149400e-07 
4.2191745236e-36 
1.0616348438e+05 
1.1125105644e+21 
5.6133522170e-39 
3.2297568000e+08 
1.1751891447e-17 
-1.7166896828e-35 
5.4239902115e+34 
-4.9668209825e-31 
7.4073736479e+12 
5.6084409252e+33 
-9.9905365606e+11 
-1.1675898623e-19 
1.2320674596e-26 
4.1273822020e+13 
-6.4455164856e-28 
7.3890482402e-17 
-4.3360332711e-06 
2.4725552648e-02 
8.1263902274e-09 
3.0946831764e-09 
1.3482481003e+01 
-3.3687497489e-03 
-6.4780592742e+11 
-2.1798377259e-20 
2.4970933626e-15 
4.2910969569e-06 
6.0205634327e-06 
-3.2890713600e+09 
-5.5733363328e+27 
-9.5083489693e-11 
-2.6716499633e-05 
-5.2923013392e+23 
-9.1891425280e+10 
4.6081503912e-26 
5.6253007105e+29 
-6.2895872200e+28 
-3.9559528809e+03 
4.6820842537e+12 
-6.6340156865e-31 
5.4122259521e+02 
-1.1900133085e+30 
-5.8027807617e+03 
1.4028201904e+03 
1.9680782258e+28 
-9.7213188856e-32 
-2.6770052693e+38 
-2.2597374981e+23 
-1.6062085352e+32 
-1.1445210829e+36 
3.3409435181e-21 
-3.9844209610e-14 
-2.4291735401e-34 
-1.2300795317e+00 
3.3922353725e+12 
-2.6218304058e+14 
-8.5689269534e+23 
1.7742091736e+22 
-5.2874788502e+19 
1.1653511176e+36 
6.5629135858e+32 
3.9281183533e+37 
1.1673811523e+04 
-3.4476754761e+02 
2.2436424255e+02 
-4.2424877449e+13 
-4.0911195330e-13 
4.9908885441e+21 
1.3068249219e+05 
-2.5016022224e-38 
-3.8827985464e+32 
-3.4858548641e+00 
4.1640348137e-17 
6.4960483743e+27 
-5.4992251514e-21 
-6.5476962040e-18 
-2.9285918816e+19 
-1.3541348600e+23 
1.8643529985e+22 
1.8166786182e-19 
8.7375645540e+31 
4.9560143926e+37 
-3.0875582886e+02 
-3.3467173533e-27 
-2.9776877500e-28 
1.8683241434e+36 
-3.1618929697e-11 
-1.5258438277e-18 
-5.7772099972e-03 
-1.2197602082e-22 
3.0707741457e+24 
6.5433651970e-37 
5.4303323850e-05 
-1.0346184058e-32 
-4.7815982755e+22 
-3.2415350281e-20 
6.4075691223e+01 
4.0816615213e-17 
-1.2042404774e-31 
-2.4802969533e-14 
2.8269447680e+09 
-2.3959823600e+29 
-4.6742687985e-21 
5.6800752352e-26 
-8.1881290518e-19 
-1.8669293495e-03 
-9.4929994220e-34 
-3.9662505103e-22 
-3.1071095852e+38 
-4.1835339637e-09 
2.0076540723e+12 
-1.1576107291e+34 
-1.5669701983e-38 
1.9183145953e-37 
2.0909361725e+12 
3.8504089369e-23 
-1.5131372493e-05 
2.3928160000e+06 
-1.9003422549e-25 
-9.4120972917e-26 
7.6301276160e+09 
-8.7649958236e-16 
1.3143533978e+11 
1.1488163354e+31 
-3.4619047907e-34 
2.0797895849e-35 
-2.4184045568e+11 
-5.6255906645e-36 
-5.1810305466e-16 
1.1865928140e-35 
1.6124053539e-15 
5.1102621696e+10 
2.0972101784e+31 
6.0801356715e-18 
-1.7083782305e-11 
1.3621194458e+02 
-2.5440302328e-37 
2.9218758314e+33 
9.8894415654e-19 
5.6885524650e+29 
-1.4951654621e+13 
5.7651561440e+28 
1.3161699916e-31 
-1.2348938581e-27 
6.6082935814e+18 
6.6466272638e+37 
8.8629699135e-09 
-8.3206296736e-22 
-1.7643584295e-33 
-8.7294589693e-31 
7.5564213090e-13 
-4.5455388156e-21 
9.4971284152e+30 
-9.9049332934e-16 
-6.2737118340e+26 
1.1355482073e+17 
-8.6855521658e-04 
-6.1885961806e-34 
-6.1800049891e+29 
-3.3379141683e-28 
1.1201323010e-02 
-3.0265376953e+04 
-4.1994767622e-27 
-2.8387282737e-23 
1.5514665984e+10 
-5.6994068271e+17 
-1.0095083236e+37 
2.0464945148e-23 
1.5648316920e+27 
-2.8224793338e+17 
-1.4126827107e+28 
2.2266712040e-04 
-1.8460708962e+13 
-5.9180750000e+04 
-1.9255737305e+01 
-9.8346478271e+02 
4.6124984309e+35 
6.3839364745e+19 
2.4938698563e-33 
-1.4730263793e+17 
2.1446222576e-08 
-1.4802970918e-19 
1.5254484992e+10 
6.3990132637e-11 
4.5646955204e+27 
-3.8352432665e-20 
8.7988016691e+18 
4.0871384695e-35 
7.1834619157e-03 
5.3921146302e+17 
-6.1015164388e-21 
1.3602241344e-27 
-6.2441681474e-24 
1.4626717371e+25 
1.1043482664e-04 
-1.8094862700e+00 
1.7225151687e+28 
-7.7683100244e-04 
-3.3006292779e+37 
-3.9226000081e-04 
-3.6457929582e-06 
            nan 
-8.7908856000e+07 
-5.6622605602e-37 
-4.8063035000e+06 
3.6514847544e-33 
-8.6592477560e-01 
-3.4308182659e-31 
3.6791931546e-17 
3.4946453495e+27 
-2.9709230598e-23 
7.1755176206e-26 
8.3017895618e+29 
2.7464895659e-36 
-7.5883956075e+19 
-7.5307911059e+31 
2.7713326272e-03 
-1.9065998242e-38 
3.3991063040e+09 
5.3460593541e+12 
3.0647942206e-37 
-4.4313473511e+02 
-5.3128668797e+32 
1.5652411108e-32 
7.6165536136e-16 
-2.6293700973e-17 
-7.5652028146e-31 
1.3617052464e-03 
-4.0131442252e+24 
-1.1133273700e-36 
-3.1058558392e-08 
8.2596821393e-18 
2.6885942138e+24 
-1.3976688573e+38 
3.8037685499e-06 
-9.5668129416e+24 
1.2587596983e-17 
-1.1948843607e-12 
-5.0811887671e-36 
1.3033472737e+20 
1.8711591680e+09 
1.9234472019e-23 
1.7865329452e-36 
-3.9516749382e+00 
-8.1161604111e+24 
2.2676413023e+18 
-3.6880599509e-05 
-2.6888722101e-32 
6.6081350216e+35 
-8.6649642548e-37 
1.6243802292e-16 
8.6503833600e+10 
-3.7460443813e-38 
2.0242126602e+12 
6.7070260675e+12 
1.0287390514e-12 
-3.1569644072e+37 
-9.6341577591e-04 
-2.8567502430e-29 
-8.5478636902e-04 
3.5434807651e-03 
-4.8543141285e-26 
7.4716656000e+07 
-9.5599499674e+11 
-4.0671138450e+34 
-3.8782716391e-15 
3.5782695031e-28 
-5.4243012615e-25 
4.0499564591e-08 
-4.8449574666e+12 
-4.6744385235e-23 
8.7410829120e-24 
-2.9697157835e-37 
7.0809096555e-25 
3.0225512104e-31 
-5.1909548735e-19 
5.0493746094e+04 
1.2763336166e-08 
-9.7204881896e+29 
-8.5455522866e-12 
3.0831054545e-22 
1.4079588342e+19 
5.5035705562e+15 
3.3503204128e-31 
-2.1391699863e-35 
-7.3366202108e+31 
8.1276547324e-23 
1.4453025818e+02 
-2.3855890487e-30 
-6.9805487722e+28 
-4.8824125630e-20 
-1.1518437523e-20 
1.6060662522e-10 
2.1514950132e+15 
2.0395902000e+07 
2.3800962005e-18 
7.3553569648e-14 
2.8171249650e+36 
3.8467914872e+24 
5.0821374661e-26 
-5.2763216309e+24 
-5.2485130766e+27 
-8.5189452648e-07 
4.5268732000e+07 
4.7893623558e+17 
-4.4623526892e+27 
-1.6609354643e-03 
-1.0890361409e-05 
-6.8599350796e+16 
2.5157560663e-25 
1.0313710779e+32 
-4.8406715000e+06 
1.0103609245e+15 
-5.3412828195e+37 
1.1151526004e-36 
3.6107156838e+21 
6.2990941639e+21 
1.6332764522e-24 
-3.2234061158e+21 
-5.4959796224e+10 
9.9006767118e+26 
-5.2959793945e+19 
-1.1878604383e-13 
2.8999884149e-34 
-1.9694227531e-13 
-7.4474682617e+03 
4.4819413165e-23 
-1.5244573440e+09 
-3.4184582136e+13 
1.9798610333e+20 
4.3680984258e-14 
1.6298639977e+31 
-2.2397458392e+23 
-5.4111834398e-19 
4.7862196875e+05 
-2.7900964913e-19 
2.5331184557e-27 
-2.1855733168e+30 
4.5210907606e+36 
3.0743434579e+28 
1.7717046585e+20 
1.5756334778e+19 
-7.8471709956e-31 
3.9315063893e-15 
2.6281470400e+08 
-6.7706989911e-22 
5.4452236268e+14 
7.0705353851e+13 
1.7078169584e+00 
8.6620473862e+00 
-1.2161306984e-07 
-2.2267234104e-14 
-1.8345653501e-13 
3.9010893545e-27 
5.9888086740e+24 
5.7985746094e+04 
-1.8764134215e-23 
1.1360359223e+16 
6.8666585106e-15 
4.3698087374e-20 
-7.3345630737e+23 
6.5092746094e+04 
2.2558650414e-07 
3.2436234741e+36 
-1.5273571989e-05 
8.5581340483e-20 
-8.0641469955e+00 
-4.4964558838e-24 
-6.4545514920e+24 
-1.5464010422e+16 
-7.7700804482e+18 
-1.3583812781e-17 
-2.4899757558e-34 
-1.6020920157e+19 
-3.2149033953e-26 
3.0366524070e-18 
9.0864379132e-32 
-2.4637724614e+20 
-7.1304911684e-16 
-3.7311267853e+01 
1.3474553823e-01 
-4.7371100199e+33 
3.9584904116e+28 
4.4084230469e+04 
3.0425280784e-06 
-1.3324760742e+03 
-1.0332675687e-11 
3.4983427272e+32 
-6.3233095922e-22 
-2.0894619141e+04 
-5.0545102358e-01 
-8.5118071236e+14 
-7.6714349141e+26 
-8.8311556350e+24 
-1.1384065320e+30 
1.9654998358e-18 
8.1294620037e-01 
-6.1880209232e-26 
-7.9316678033e-18 
-3.3820315000e+06 
2.7581324577e+00 
6.5534513580e-12 
-1.5471046197e-34 
3.0620137082e-38 
9.9441987500e+05 
9.6179773828e-29 
2.0246371690e-08 
1.4655060547e+04 
-1.9519475155e-18 
1.7535758750e+06 
1.3617189871e-29 
-5.9854793750e+05 
5.0519635365e-26 
7.5136504820e-14 
4.0489577903e-36 
1.2028796831e-26 
1.1247989709e-13 
-6.7191214243e-19 
-1.6743326584e-31 
-2.1753943362e-21 
-6.6073782379e+18 
9.8868614316e-35 
-5.4730614485e-10 
-2.2965964956e+33 
-6.3612246094e+04 
7.8512332472e+12 
-2.5932226560e+11 
9.8374860504e-14 
-1.2576371229e+19 
1.4306561523e+04 
-2.6472872346e+11 
-2.4909515200e+08 
-1.1089407458e-17 
-7.9337083778e-12 
7.9747399819e-14 
8.4479869537e+17 
-4.4612667710e-24 
1.6130047507e-27 
5.5130278789e-37 
-1.9699884779e-10 
8.1711343247e-10 
-8.2579593750e+05 
-1.3998956887e-13 
-1.9517968874e+21 
-1.3904931893e-11 
1.2430907440e+02 
-4.7691523192e-23 
2.0497165637e-14 
-1.2524649219e+05 
-1.0966660284e+22 
2.8257617948e+15 
-7.7859789635e-18 
-1.7900242237e-03 
-5.9680454995e+15 
4.3140630458e-26 
-2.9965438000e+07 
-4.3447468743e+27 
-2.7248782207e+16 
-7.4246823204e-24 
-5.9968939868e-31 
-5.0316735235e-14 
1.8428670557e+31 
-1.5090702090e+13 
7.7994334618e+11 
-5.9640395246e+23 
2.8386024977e-22 
-1.6191779107e+34 
1.2607678143e-30 
5.1423473664e+10 
2.5078721630e+34 
9.3117249354e+33 
1.8049461416e-36 
2.6303962314e-15 
-1.5602514018e-31 
5.0381099701e+01 
1.3752417565e-31 
-1.0367717562e+22 
1.3239764404e+03 
1.2208504008e+34 
2.2346189880e+02 
3.0804013875e+11 
-7.8040492188e+04 
5.7655855633e-23 
-4.3698355118e-26 
-3.0570317462e-20 
-4.2739596376e-24 
-2.1589735687e+35 
-5.3200854000e+30 
3.5283289569e-22 
-2.2020912640e+09 
5.3910639656e+37 
4.0801998138e+01 
-4.7278472690e+31 
-8.9217671948e+24 
1.0810309941e+23 
-6.8211731625e+22 
-1.4108689880e+02 
-2.8882092806e-07 
-4.5046162461e+16 
-3.5407257412e+29 
6.2558295668e+35 
-2.5297666087e-22 
2.4334227866e-21 
4.7065793295e-21 
7.8277360559e+23 
4.7167765430e+24 
-9.4831634101e-08 
-3.6478763563e+16 
1.2518750208e+10 
-1.2592531777e-15 
-9.4663531115e+18 
-5.3958392306e+31 
-5.5111238908e-05 
2.7901331200e+08 
4.7151616075e+18 
-7.5872666466e+21 
2.3792489756e-08 
1.7235954285e+01 
-2.2058691200e+08 
9.8643312185e-08 
-1.3083427240e-17 
-7.9243422852e+03 
1.5077987122e+34 
8.7417110801e-02 
-2.2215253669e-19 
5.9855184929e-31 
-1.0039803882e+17 
9.0733420000e+06 
1.0408471156e+28 
8.7107079986e+15 
4.1039050047e+14 
-1.1521055867e-29 
2.4063351821e+36 
-3.7958313614e+21 
-2.9493957851e+20 
3.8336413619e-27 
-3.2678670789e-21 
1.2412450816e+10 
-6.8718078493e-31 
-1.0985801713e-34 
-4.3951979315e-21 
-7.2185223578e+11 
-1.8978787295e+13 
-1.3066735511e-33 
-1.2199218025e-10 
1.5915135193e+02 
1.9279884769e-24 
9.9030042004e-26 
3.3007196976e-07 
2.1936698438e+05 
1.1232408800e+08 
6.9216449239e-10 
-8.4830118411e+37 
-2.9194004320e-16 
4.5080046875e-21 
8.7842500612e+25 
-4.5176287175e-17 
-2.7779443676e-11 
-3.7400968075e+00 
-4.3280585600e+08 
6.3745170507e-33 
1.2391701213e+31 
3.6285180000e+07 
-5.3845867847e-30 
-5.5388963420e-17 
-6.7879008000e-27 
-2.1501163428e-04 
1.6000760023e-26 
9.5916811878e+13 
2.4099857170e+25 
-4.7247261530e+36 
4.3385804228e-28 
4.5563412889e+15 
-4.9119733585e+36 
-8.9683604275e+12 
-1.7472873047e+04 
7.5838263147e-03 
-8.4183877707e-01 
-3.2102145386e+02 
-5.3853047568e+29 
-1.7110792420e-18 
-1.6870064056e-36 
7.0941760465e-27 
-1.4325668060e+20 
8.6196583644e+36 
9.3161627603e+28 
3.5098298260e+15 
-1.2782197644e+14 
1.8917798950e+28 
-1.8348916201e-03 
1.0927295953e+33 
3.6454237500e+06 
-7.9689505036e+15 
-4.1847272797e+36 
8.1538744208e-34 
7.4372359128e-14 
-6.0915877201e+27 
-1.3468828886e-17 
-4.2612056732e+01 
-1.4074358345e-09 
-7.3999558400e+08 
-6.5145008266e-02 
1.7372394443e-32 
1.3327106505e-21 
-3.0503413475e-22 
2.2243736190e-31 
4.2361596691e-17 
2.1094127108e+24 
-4.2663774898e-29 
3.5076479321e-07 
1.6828148447e-21 
-3.0133316066e+15 
7.2372049093e-01 
-2.0182523770e+17 
-1.9412801943e-18 
2.1013981902e-32 
2.1331751731e-28 
1.0508186523e+04 
-2.4269680012e-37 
2.8741315657e+24 
-2.6403202400e+14 
1.1104420217e+23 
-1.4392060260e+26 
2.8904556792e-32 
-5.8641627795e-13 
1.8365492429e+11 
-6.9365542897e+17 
-1.4524436934e+17 
2.4934084761e+22 
-4.3410379458e-11 
-1.2724041820e-09 
4.8915767790e-22 
1.0005613625e-35 
2.9518022400e+08 
-3.7748939860e+20 
-6.7023278971e+21 
1.7642107372e-23 
-1.6472781680e-20 
-1.8246535296e-34 
-5.0676241531e+12 
-7.6204704974e-24 
-1.4171272515e-38 
2.7020665346e-17 
-4.4129932843e-32 
2.7124160689e-31 
3.9729236603e+01 
1.0522600400e-27 
-9.2351131954e-39 
8.8005597882e+18 
-6.9062395714e+37 
6.5465645492e-31 
2.8750587224e-36 
-1.6543389154e-38 
1.7158840538e-12 
2.1857791982e+19 
1.2493338818e+29 
-2.3785702072e-32 
1.1545585056e+17 
9.5185809248e+31 
2.1177540081e-18 
-8.0132940008e+16 
-9.8476474368e+10 
-2.2750485229e+02 
-2.3870106786e-02 
1.8314747415e-30 
-1.3964944060e-34 
6.4860930232e+31 
-2.5859345776e-09 
-2.0758901367e+03 
1.4230168860e+15 
2.5304757401e-06 
1.9633123104e-31 
-2.2040327167e-05 
-3.1556341346e+37 
-1.4341581046e+12 
-6.3749920899e+22 
5.7046460000e-08 
2.6755416399e+37 
7.8525776331e+36 
4.6313702586e+29 
4.4489129725e-21 
-7.0642614932e+19 
8.3636146919e+23 
1.8837126966e-38 
-7.8183023571e-39 
3.4405364668e-10 
-1.7846281953e+29 
-2.4037432860e+29 
8.5519620916e-04 
2.5766398158e-36 
3.3813587642e+15 
2.1335197500e+06 
1.7592484114e-26 
-5.2238655055e+19 
-4.1160777173e+29 
2.0405697280e+09 
6.7306634521e+02 
3.7213918477e-26 
1.3580287577e-31 
1.8515325991e-12 
3.2663790085e-16 
-1.4937664808e+19 
-3.3613791512e+37 
-7.8547600811e-30 
1.4036311523e+04 
1.7656018734e-37 
-3.8555677500e+06 
8.2604713574e+11 
-1.6631563805e-21 
-5.7891734658e-26 
9.0660470000e+06 
1.0960072368e+30 
1.3631216021e+18 
-1.0943140600e-24 
-5.3194555000e+06 
7.3846296412e+25 
1.7333689880e+02 
-1.7143671887e+18 
3.3856623659e-38 
5.4797796651e+30 
9.8662590027e+01 
5.1327084804e-36 
4.6453800960e+11 
-5.6740307617e+03 
4.8575994641e-29 
4.5531887467e-34 
-1.5889911713e+27 
7.8763997307e-18 
1.9629882654e+37 
3.7892905597e+17 
-4.4726064000e+08 
3.9944207673e-16 
3.8922266013e+37 
-8.1722246135e+27 
-5.3417456911e-06 
5.0752963601e+33 
-3.4020205636e-38 
-3.0093211648e+10 
-7.5939336777e-37 
-6.0779363985e+14 
-2.6928816806e-04 
-4.6225792971e-07 
2.6616318185e+26 
8.9202876416e+10 
1.0024168401e-16 
-4.0887741279e-37 
5.5606715201e-19 
1.8911468829e-33 
1.1443298020e-19 
-1.2998678930e+32 
-8.2442464155e+31 
-3.0717555611e-20 
1.0189536992e-09 
5.3451370151e-33 
-1.1637164239e+25 
3.4315638961e-29 
5.3215257823e-02 
6.7407800369e+32 
-7.2825328000e+07 
-4.8285222854e-30 
1.1735294400e+08 
-2.7856314994e-31 
6.0488931835e-02 
-2.3766013345e-35 
9.1563723270e-10 
-5.2582054004e-21 
-1.0924956441e+19 
-4.6771280468e-02 
-4.9425717164e+30 
-2.4660980671e-06 
-2.6633445449e-10 
-5.3294463307e-21 
-6.2372014945e-34 
-5.9515409924e+18 
-2.6374915724e-33 
2.6430480915e-08 
1.2276756836e-15 
1.4666476046e+34 
-2.6275377526e-34 
3.7016738202e+12 
1.3724737061e-17 
1.1732419256e+35 
4.2602060160e+19 
-6.0078409608e-23 
1.9783207961e-08 
1.8560364800e+09 
-3.3304202501e+29 
2.3816106864e-09 
-1.2921898421e-14 
6.8937127118e-09 
4.1789934969e+23 
4.6621705071e+17 
-5.0340261459e+00 
-7.9061996460e+01 
8.1797811975e+37 
1.9727730762e+34 
1.0617000517e-03 
1.1591754382e-22 
-6.5252754080e+22 
-3.8056069686e+17 
-1.2901067335e+35 
-2.1590805009e+29 
-3.0817427501e-26 
9.4731497787e+22 
1.5305603072e+10 
-6.2337078025e+16 
-2.7575100070e-30 
1.4846604800e+09 
6.1607966423e+00 
-2.2461739974e-14 
7.0868106938e-09 
1.2934395954e-06 
-5.0986488755e+30 
6.6420375723e-38 
-1.4019391000e+07 
4.4562644992e+10 
-7.1748183654e+11 
5.0416601562e+02 
3.5986452715e+31 
3.1461701405e+33 
2.3895846375e-23 
-2.8699469112e-07 
1.7578932185e-20 
-9.8404966804e-27 
1.3253166107e-03 
3.3099833151e+21 
-1.9224245111e-28 
-1.1891481934e+03 
-4.4843592728e-10 
-3.3629375824e+14 
-4.6676800879e-15 
-2.3947361187e-38 
-2.3537418194e+31 
-2.4513675595e-15 
-1.1424326211e+21 
-4.4565184876e-12 
            nan 
2.0272407048e+33 
4.6595323664e+17 
3.1628991670e+34 
-2.6243297550e-19 
3.1507715481e-33 
2.1481428808e+33 
-6.1750000000e+05 
1.8452919903e-06 
-3.1638650880e+09 
4.6920584522e-38 
-4.1837061682e+14 
-6.1540633689e+35 
-1.2264023574e-08 
7.4388778262e+25 
-4.9002306969e-32 
6.8296499194e-06 
-1.2793771124e-30 
1.0099494102e-04 
-3.0714528809e+03 
-5.2674195734e-34 
1.4735899047e+29 
2.2708691406e+02 
2.6715546846e-03 
-7.4678382689e-21 
2.1490031976e-11 
-2.7618351164e+36 
-2.9181894910e+15 
-4.9063129088e+10 
-1.4395967000e+07 
-9.0643256146e+22 
5.2936167683e-14 
6.4565076504e+18 
-1.0109924915e-04 
1.2410520000e+08 
2.5323742673e-21 
5.2031403084e-39 
-2.2755851148e-17 
-8.5640659737e-31 
-7.4148790000e+06 
7.1678941822e-06 
-4.2563690203e-13 
4.8006574563e-19 
-8.8298034668e+02 
4.7441249967e-17 
-4.5675910469e-19 
8.3411605835e+01 
-1.3160647275e-28 
-4.5240473600e+09 
-3.1587053936e-13 
6.7146252670e-25 
-5.0258180631e+33 
1.3148416297e-34 
1.1976139255e+20 
1.6634213789e-26 
4.3957742188e+04 
4.6754230000e+06 
-2.5326252251e-27 
1.4886555877e+13 
6.2400397623e-33 
4.0897970166e-07 
8.1026144707e-16 
7.9190117151e+35 
-1.5305496875e+05 
-5.0591051306e+22 
5.7205260714e+35 
2.0988291993e-08 
-2.2338255810e-30 
-1.9845649375e+21 
-1.9715449513e+17 
-8.3991484375e+04 
1.7647580456e-29 
1.0341584408e+30 
-6.3430408478e+01 
-1.3394694614e+26 
1.1790185913e-24 
4.0186654228e+13 
-1.1887966163e+21 
1.0007562135e-14 
2.5034005547e+27 
2.5270252199e-14 
2.8754445619e+37 
-1.0932167487e-34 
1.6034059570e+04 
-2.6126444544e+10 
-2.2918475456e+20 
1.5696243192e-35 
-4.4760285143e+16 
8.4336462896e-04 
-7.0930257769e-32 
-7.2109970731e-21 
1.9664281585e-28 
2.3609480400e-23 
7.5312578292e-31 
1.0909477818e+34 
1.7115108207e+25 
1.3271141557e-21 
-2.0058297729e+02 
-7.9178674510e+21 
3.1891016810e-36 
2.3713812909e+20 
2.8568460948e-06 
-1.0895770489e-23 
9.0959747032e+19 
-1.0940437565e+19 
-2.9107023872e+10 
3.3079729879e+25 
3.3378693225e+21 
-9.4286013552e+36 
2.7648530173e-17 
4.8981602348e-27 
1.7839618767e+18 
8.6929311752e+00 
3.1222067261e+02 
3.6975395687e-06 
1.3533201904e+03 
-3.3959727107e-29 
2.5314010115e+21 
-3.6535851001e-29 
7.5777785466e+30 
-2.2023754873e+28 
-7.5604923211e-08 
-1.1469774628e+02 
-8.3648915200e+08 
-6.4506986356e-32 
1.7301783920e-12 
-8.2963144818e-13 
1.4032945304e+15 
-1.6668028830e+13 
-4.1782185165e+11 
-1.4979903000e+07 
-3.9695576687e-11 
1.6167012428e-18 
-3.5300471435e-09 
-3.8875493935e-09 
-2.1511685957e+15 
9.0175626848e-25 
7.7006149302e+29 
4.2578141326e-16 
-3.7723246094e+04 
-1.1747215908e+36 
-9.0679254598e-20 
-5.6244773169e+20 
-9.6117223441e+15 
-2.9394060886e-27 
4.5168557794e+19 
-2.2551208666e+20 
-7.1474625905e+12 
-3.7020059312e+36 
3.2093551636e+02 
3.6765698549e+28 
1.9861445293e-26 
-6.5000514791e-29 
5.4205053782e-30 
-9.2263691127e-02 
3.8381919865e-10 
-5.8067528345e+14 
-7.0035717256e+27 
-9.8804695040e+10 
5.3598772928e+17 
-1.5629521901e+28 
1.5515085513e-38 
-2.5225674411e-27 
3.1392505279e-31 
1.4732409600e+09 
1.1976800435e-31 
-3.6674550926e+30 
-1.3930457731e+18 
1.3403381322e-19 
-9.6795131299e+31 
-1.1709850810e-32 
2.1237134787e+13 
-2.7875450905e-03 
-1.0947277673e+36 
-3.5004496174e+15 
-8.5784670293e+14 
-3.8590459303e-38 
-5.2973001706e+31 
-1.1809197825e-15 
-1.9674561190e-35 
7.1158790665e-14 
3.1780973027e+24 
-4.9159492093e+21 
8.5988634277e-32 
9.8616314587e+14 
6.8833472255e-10 
2.6374557345e-31 
5.7335688096e+32 
-3.8529541016e+01 
3.7697466015e-18 
-1.0608724318e+21 
3.3927892505e-13 
9.0157070949e+23 
-6.8881136170e-17 
6.3573068380e-01 
5.3466009521e+02 
1.9073099963e-31 
4.1489535832e-24 
-3.3572397333e+18 
1.5527700962e+14 
4.3230596875e+05 
-2.2358229422e+20 
-2.1610984259e+15 
1.3195894606e+27 
8.2832370231e-33 
-9.7903156127e-28 
-1.3336931013e-14 
5.7601869668e-19 
3.6486723562e-20 
-1.0817097127e-01 
-3.1656283368e+27 
2.8756813845e-04 
3.5990918986e-03 
-2.7643473920e+10 
2.0121971337e+34 
-2.7436560178e-17 
-3.5616819500e-27 
1.5680613426e-19 
-1.9692692460e+38 
-3.5376266998e-26 
3.0311390758e-01 
3.1671034119e-15 
5.9664638978e+27 
5.2493052000e+07 
1.8977693931e-34 
5.7184622135e-39 
-3.2354096000e+08 
2.8551400533e-07 
2.0582705600e+08 
8.6595067904e+10 
-8.4264588363e-11 
6.6076470684e-11 
-2.5510613622e-09 
-1.3895408696e-38 
-1.6504608154e+03 
4.6022207078e+11 
-5.9830103040e+09 
-6.8402893303e-34 
-5.6892942631e+26 
-1.6331696042e+34 
3.3164718253e-24 
-3.6871313272e-21 
4.0938249912e+12 
9.8519367384e-06 
3.2428990049e-10 
4.2161287939e+19 
2.0999678400e+08 
-1.0362089301e+30 
-2.5939213000e-09 
-6.3220152767e-18 
6.9058506523e+13 
1.0560218672e-10 
-3.0402639360e+09 
-2.1858418768e-04 
5.0347598660e+30 
3.5285006167e-18 
-6.4793340000e+07 
-6.0439654400e+10 
1.5709655278e-28 
-2.4035077314e-12 
-7.2570513246e+32 
1.8708741436e-06 
-5.4064082813e+17 
4.4904842866e-07 
-1.0848224287e-19 
8.3677065700e-21 
2.4681970597e-33 
1.3131774496e+24 
-8.4365881958e-32 
-6.9297306027e-07 
-1.6371061335e-32 
-3.1737531535e-03 
-6.2270464000e+10 
2.9483598471e-01 
1.3737203538e+29 
1.3821110011e+25 
-4.1553925562e+32 
7.6982169946e-33 
-1.1089849148e+35 
-3.8230281157e-29 
1.4981790021e+35 
2.4619442609e-22 
-1.2037331132e-08 
-1.1202130957e+28 
-2.6049630009e-08 
2.1785377612e-05 
2.0150140000e+07 
-8.5766831160e-25 
1.4421295755e-11 
-2.3719528031e-07 
5.3899529980e+24 
-1.4401475707e+12 
4.8109020443e+20 
3.9782091472e+25 
2.8901889770e-09 
8.7337260825e-37 
2.6300687341e-17 
-8.9935587500e+05 
-7.8787401774e+21 
-4.7605574359e-17 
-1.2366148438e+05 
2.2826781488e+28 
7.3575563420e-07 
8.4786855469e+03 
-2.1132865536e+10 
1.4385389515e+16 
1.2445711889e+34 
6.3478338833e+32 
9.8383338252e+30 
4.3335263012e-28 
1.5726265162e-16 
1.2826622854e-20 
3.1753957736e-28 
7.1780387500e+05 
-1.5976877151e+21 
5.4719884432e-37 
-4.8417803862e+14 
-1.5449769150e-14 
-1.9291380227e-07 
-2.7640857960e+15 
-1.9006181446e-06 
6.4969451463e-15 
-3.6296687215e-28 
1.4085653096e-33 
-3.3959571456e+10 
1.1093940933e-37 
9.0581345593e-13 
-1.6321163857e-03 
-1.9520469010e-01 
2.6859825674e+16 
1.3422781000e+07 
-1.9331729672e+15 
1.2694859011e-29 
1.3541443673e-22 
-3.4173791758e+31 
-6.3624135294e-08 
1.2304482050e-02 
-2.2430291067e+12 
-3.8437350304e-04 
2.9100296737e+33 
7.3396823341e-11 
-4.8173211408e-31 
-8.2644917071e-02 
4.6098111699e+22 
2.7254632390e-16 
8.9733533018e+15 
1.1871017815e+14 
2.8622692349e-33 
3.2888122781e-11 
-5.5715509484e-21 
-1.5633121616e-23 
1.1792362886e-35 
4.3484855128e+27 
4.9007971795e+13 
-1.5956985181e+26 
3.1642603457e-32 
-1.6382892290e+33 
-3.1751489199e+20 
4.0576112640e+09 
2.2326973150e+36 
-2.7480858617e+17 
9.2768652474e-30 
-1.0601897552e+37 
-7.6778545000e+06 
-7.7971049492e+24 
2.0255719708e+24 
2.5925979367e-14 
9.3147554776e+24 
-6.5059112811e+35 
-1.0691080517e-39 
-1.0353279664e+19 
1.0270781000e+07 
8.6833292293e-12 
-6.3668614400e+08 
1.9039270160e-09 
1.5676384922e+38 
1.1033283159e+23 
-3.1765843020e-33 
2.5926412945e-06 
2.9728440150e-24 
-5.0238174122e-31 
-1.5060718023e-15 
-2.5106735229e+02 
-2.7317208414e+21 
2.6559051580e-16 
2.5275373978e+12 
1.5508604050e+01 
-8.7330953798e-23 
8.5583107848e-15 
-1.7463563596e-25 
8.7485315575e-22 
-3.9019405315e+20 
-1.2958609408e-18 
-3.2534758051e+28 
9.0272937968e-23 
2.0872573242e-38 
-4.0376203899e-13 
2.5404314724e-17 
-5.9657844773e-27 
-1.2126205862e-01 
-8.6090860000e+06 
1.1689480871e-34 
8.2731561441e+20 
-2.8641770906e-21 
6.8297154560e+10 
-1.1386859683e+35 
-2.2563489568e-26 
1.4446020941e-04 
-4.1254213101e-23 
8.9104753330e-36 
3.9028794430e-35 
-8.4503355902e-04 
-2.4687146539e+14 
1.6591292314e-34 
3.9325673869e+30 
-1.0975770624e+10 
3.4761875897e+22 
-1.5901433496e+30 
-3.7152315388e+30 
-7.4177255285e-32 
-3.6988851381e-14 
-1.6279730176e+10 
5.6778065776e+18 
-4.4356189308e-24 
-3.5405561248e-36 
-2.5025160466e+14 
1.7454338213e-30 
-1.7765724891e-08 
-1.7848267454e-15 
-3.2577651367e+03 
-7.1884512635e-37 
2.2657279012e-16 
5.3204179072e-14 
6.7865963212e-16 
-2.0854617600e+09 
-4.1093001071e-18 
7.6557388482e+29 
-2.7320501709e+02 
4.2266579112e-04 
3.0147323608e+24 
-2.4266078859e-33 
3.3913670450e-06 
4.7891022042e+36 
-2.2920086400e+08 
-1.4358485156e+28 
7.9339295550e-12 
6.4181552734e+03 
3.7927771918e-03 
-3.1458706209e-20 
4.2720070835e+35 
1.4348328840e-13 
-6.0193936710e-23 
3.6905778321e-31 
-9.2698999614e-33 
3.4629482075e-18 
-9.7588619510e+13 
-1.5609327875e-06 
-3.2106171804e-28 
8.7448280663e-20 
3.2173185955e-16 
-5.9243795647e-08 
-1.1571886080e+10 
-1.8397667558e+33 
-8.0949374782e+26 
1.2685841033e-23 
-1.6897432247e-29 
7.5005614322e+30 
-4.3568818501e-36 
-3.4980118446e-33 
1.1022321796e+36 
2.2528894033e+21 
-4.0838276367e+03 
1.2227224000e+08 
2.5414341955e+38 
-4.8154598160e-29 
-1.0739809649e-12 
4.3056099254e-15 
-2.1322808224e+25 
3.8840088658e+12 
-1.0196266696e-02 
6.9802711040e+09 
1.2202149563e+36 
1.2747908020e+23 
1.1940376148e+29 
2.7906149715e+17 
5.2788996822e-19 
1.5031796064e+36 
5.8233106941e-36 
3.4748485989e+27 
5.7397693634e+01 
-2.3034676269e-04 
1.7915805302e-06 
1.1264317034e+26 
2.7969496678e+11 
1.0385930761e+19 
-1.3436556250e+06 
5.0591901511e-16 
6.8721324611e-15 
1.1378560319e-34 
8.4265936303e+14 
-3.3920588560e-09 
-1.4304463284e-18 
7.9170426113e-38 
-1.6199637624e+38 
2.4698523595e-15 
1.3968664549e-23 
-2.8786190445e-11 
5.2725692836e+16 
1.6738874368e+10 
-6.2585226240e+09 
-3.9708465824e+14 
-5.0556500017e-38 
6.6131552712e+28 
-1.1265608585e-10 
-4.0014367687e-12 
4.0339749132e-22 
3.8690682444e-32 
-5.3192773103e-11 
1.5014347620e-02 
-2.7786480531e-19 
9.0810705447e+15 
2.8621138881e-06 
-1.0515581837e+15 
-2.0125426251e-28 
6.5060742188e+04 
5.2253475587e-05 
-5.2124899129e-28 
-5.0341634552e-30 
-1.1006254793e-29 
-4.5135589854e+14 
-2.0101575659e+26 
7.7554271598e-13 
3.5989127234e-09 
7.7019588352e+34 
-3.1930384636e+00 
-3.8901220218e-37 
-1.1680584885e-12 
-3.7290847104e-05 
-3.9441370964e+00 
3.6088079834e+02 
2.1958849000e+36 
-3.2690644096e+34 
4.3552939580e-24 
-1.6641893308e-04 
5.4440171930e+11 
-1.2733884636e-15 
4.8815023412e-20 
-6.9676384302e-18 
-4.1773935422e-09 
1.4289096875e+05 
1.3056315358e-23 
2.5442542295e-08 
2.3202683108e+38 
8.9988668606e-07 
1.0874249062e+32 
-3.8848030348e-10 
5.3595439104e+11 
2.8995956915e-26 
-4.1109742188e+04 
3.4806839607e+36 
-3.4235132080e-29 
-1.3615474890e-28 
9.1177021226e+35 
-3.6520946696e-23 
-1.2892348875e+13 
9.8944424502e+26 
-1.1537099426e-32 
-3.5540632915e+14 
2.8923033824e-05 
1.6501114725e+22 
-8.2128310000e+06 
1.2837036875e-24 
4.1924089193e-01 
-2.2394702824e+32 
-2.2105735812e+21 
-2.2946404776e-09 
-8.7903237789e+33 
1.2805912973e+19 
-2.1258544000e+08 
-4.5595876873e-02 
-8.5191088631e-30 
3.2782507049e+12 
-7.6766340840e-08 
-4.1167428717e-03 
2.9745188741e-38 
-3.8204101698e-38 
-1.9901631400e-02 
1.9472558288e+26 
1.5064948890e+35 
-2.5069390130e+18 
1.0058830233e-30 
-5.9399355000e+06 
-1.5297514992e-34 
-2.7179590598e+32 
-1.1876691752e+26 
-4.2804280383e-05 
6.6210472500e+32 
-2.3518820225e-09 
4.2498161544e-32 
4.8536071366e-23 
3.0730603263e-02 
-4.0621361839e-36 
3.7841746094e+04 
-1.2322144592e-18 
1.0870773607e+19 
-2.0473519768e-08 
-4.8004943665e-07 
-4.2065079324e-03 
-2.3272207931e-20 
-3.3494419281e+17 
6.4873033728e+10 
3.6815482987e+21 
7.3159059200e+08 
7.7248854218e-15 
-1.6732426972e-26 
2.1072342160e-26 
-8.0457096222e+15 
-4.2730957427e+24 
6.1723590764e+27 
6.4445389129e-12 
-1.4983810801e-28 
1.8306347656e+02 
-1.0076356608e+10 
-7.3770767273e-11 
-6.5363436885e-25 
-2.5559557997e-16 
-9.5237426758e+00 
-2.2808954554e+28 
-3.9151494546e-13 
1.3420254100e+17 
-3.4358315216e+25 
1.9634475708e+00 
-9.8023396041e-16 
-9.4503040000e+06 
-1.2153652244e-16 
-8.1546049725e-21 
-8.6253967311e-05 
-3.3809125412e-34 
-1.3127174554e+11 
1.7386357631e-10 
-5.7801552734e+03 
5.3151281041e+23 
-9.2968363853e-21 
-3.4378346496e+10 
-8.9176553488e-01 
-5.2111227247e+29 
-9.2606331386e-37 
-9.4869993750e+05 
-1.9091230562e+16 
7.7005418708e-10 
-3.0257117500e+06 
-6.4895762994e-38 
1.4763681249e-31 
3.1253793150e-18 
-1.5640369595e+21 
-6.0782888056e-08 
8.9023833607e-14 
1.1427423729e+33 
8.2746968804e-31 
-1.0784178858e+14 
1.0064320803e+35 
-1.3804263230e-15 
5.9049145781e-12 
3.5146745600e+08 
-3.8511187295e-11 
1.3130308151e+01 
-5.6647579960e-09 
-5.7451331307e-33 
-1.4562135605e+30 
1.5488715878e-38 
-1.9730826305e+36 
2.3115719604e+02 
2.8171284952e-19 
1.6842316195e+38 
1.1117328683e+30 
1.4028089046e+00 
7.3243383667e-05 
-3.9883648890e+33 
-1.2798825750e-30 
2.3214496875e+05 
-5.4447713774e-04 
-5.7127478696e+20 
-3.9528678997e-08 
2.8072198717e+19 
-2.6951675904e+10 
-4.1373069452e-32 
-6.9892830312e-37 
1.9259851461e-36 
-3.6634878597e-06 
3.1420028475e+32 
1.1601563512e+16 
1.4628988994e+36 
-1.3271558285e+00 
3.7025888610e-21 
1.1400706048e+10 
4.2748800055e-09 
-3.4539654470e-10 
-1.0164092115e+14 
6.2970939636e+01 
2.9588741453e+33 
-7.4843132868e-31 
-5.7336453120e+09 
-6.8424056216e+27 
3.8610973458e-21 
-6.5683755125e-19 
-4.5488206669e+14 
8.4553484882e+26 
-7.6860498202e+34 
-1.9794420104e+28 
-2.2708351821e-07 
-5.0954756096e+10 
1.3860708757e+23 
3.5733241930e-06 
-2.1883706708e+33 
4.4612930588e+19 
9.8760364980e+32 
-7.0258024659e-13 
-2.2813270066e+35 
-8.2789324800e+09 
1.4664819550e+15 
-4.0860863304e-11 
1.8178634898e-20 
-1.4258536448e+14 
-6.3496925575e+34 
-1.7845631683e+28 
-8.5568274183e-16 
-7.3401340560e-28 
-1.9130946021e-04 
-1.9978597769e-12 
4.3362312802e+17 
7.5478417716e-16 
8.8022254910e+27 
2.2283977600e+08 
1.2433405543e-23 
2.5665627714e-35 
5.6836746645e-23 
-5.5885117493e-27 
1.5834860229e+02 
-1.0306254114e-11 
2.0700557895e+14 
-5.4203660586e-16 
-2.1965989618e-38 
2.5711969642e-25 
1.7418095503e-13 
-1.6782865920e+09 
-3.5493461300e+18 
-1.6789581606e-22 
-9.8991739662e+27 
6.8667297792e+10 
9.2099865126e-38 
-9.1988380735e-36 
5.6074410227e+30 
4.3102758971e-26 
2.4868286679e+34 
-2.4301875536e-16 
2.8823171189e+15 
-2.2986568216e-30 
8.6576772657e-30 
3.8602730469e+04 
4.5808404386e+31 
1.1489000516e-22 
-4.8230520272e-11 
4.3891702400e+08 
-1.2363680652e-22 
1.8334016759e+27 
1.4963387196e-09 
-9.7722684590e-20 
2.2639825121e-20 
-7.7668499556e-29 
-6.7108596000e+07 
6.6371370930e-17 
-1.4098561024e+10 
6.4436214644e+29 
-1.3497587435e-32 
1.0633206178e+31 
2.8212730347e+38 
-2.1553782600e+28 
6.1548428504e-20 
6.6938724352e+10 
-5.3369751817e+31 
-4.1837307601e+20 
-3.3914742188e+04 
-9.9364315662e+37 
9.6071868586e+15 
7.2430671868e-28 
3.8412091753e-33 
5.9379031882e-03 
            nan 
-8.1350546679e-05 
7.4146788822e-31 
-1.0901363098e+13 
2.7731138015e-25 
-7.1100163686e+14 
2.9240276305e+23 
7.1523835397e-32 
5.9549319596e-18 
3.6316865055e-31 
6.0097773429e-18 
-5.6842973208e-06 
-7.7768572697e+22 
1.3720723109e-37 
-1.1977583175e+17 
-8.9793383906e-39 
5.3693660763e+32 
-3.5397796568e-32 
-1.9931404150e+28 
8.7922202852e-08 
1.5690155338e-12 
4.5361922821e-04 
-8.1365608679e+18 
2.8656259293e+19 
9.8428595427e-16 
1.9485836792e+02 
8.5537084955e-29 
-2.8967214778e-21 
2.3055907339e-02 
1.1959340239e-16 
-5.6761922138e-28 
3.6897595469e-38 
-1.9852790989e+11 
4.6553653961e+31 
-4.9278521223e-30 
-1.6889937503e+22 
8.5473285798e-32 
-2.5109813744e+38 
3.2179940351e+35 
-1.1198080241e-09 
3.7362328470e+29 
-4.5199070341e+18 
3.5996640410e-32 
6.5745942024e-09 
9.5588748800e+08 
-8.5157181309e-23 
1.8229765756e-30 
-6.4099868133e+37 
4.1956589608e-23 
-4.3745551181e-08 
4.0400378127e+22 
1.8804209460e+30 
2.8570213788e-15 
-2.2917785003e-08 
1.3398914682e-13 
-1.7941425725e-16 
-1.1084155759e+30 
-4.2552441953e+30 
5.5105511900e+37 
2.5240634471e-08 
-3.6832475000e+06 
-1.9709926933e+27 
1.0072790949e+19 
-3.0944473833e+18 
7.7257428666e+26 
2.2384809703e-38 
1.4118538851e-38 
1.2304809203e-31 
1.9159916098e-31 
6.9129011085e+27 
-1.6246945280e+09 
-1.2021452597e-21 
6.3792690635e-02 
4.0996496291e-14 
-6.2442710623e-03 
2.0468422771e-01 
-1.3328155853e-12 
2.9822102270e-35 
-3.9082715000e+06 
5.2183309328e-18 
-1.1291578292e-22 
7.1492185748e+30 
-9.1670275686e+11 
-7.6769598122e+32 
-2.0569045057e+18 
5.3282565488e-33 
-1.0770371262e-07 
5.3920370142e+37 
-5.3562833151e-14 
-7.1284293881e-06 
3.0593294752e-33 
5.9857761600e+37 
-8.4826967748e+15 
4.9126017464e-33 
1.2502362728e+00 
-1.1166853704e-22 
9.0122884219e+13 
-3.5578248468e+21 
-1.9558869141e+04 
4.3147451782e+02 
-1.0853977203e-36 
3.8765272500e+06 
-1.0791726208e+26 
-3.3341987733e+35 
5.5713791847e+00 
1.8270416812e+28 
-5.4624913852e-20 
-2.3943718152e+20 
-8.3118590819e+15 
4.5503185430e-35 
1.5654024997e-18 
7.6630053711e+02 
4.9424058596e-12 
-4.3266349901e+19 
-1.1241867380e-36 
2.4246798915e-33 
-5.0746183425e+21 
-1.5461393341e+25 
3.0699340072e+27 
1.5103199463e+03 
-4.8377307612e-14 
-6.8361033699e+24 
-2.3696601629e-38 
-3.6325931446e+16 
8.8663551138e+18 
-4.5129260418e+23 
-1.0205958750e+06 
2.2348590080e+09 
6.2071077526e-02 
8.8053249045e-14 
1.4716868267e+23 
-1.8142498615e-09 
-2.9105121094e+04 
2.6613939315e-16 
2.5459366704e-15 
5.4798739046e+12 
1.9609664146e+31 
-2.3363423826e-13 
8.5005738159e-25 
3.0646100269e+38 
-2.2166444915e-36 
-6.2262681715e+32 
1.6781358301e+36 
-8.0987767665e+20 
-2.9180865534e+37 
2.5192830075e+12 
-1.3688402760e-05 
-8.1089008000e+07 
2.6481287758e+13 
5.8116986779e-09 
-4.0737800192e+11 
6.8081082438e-11 
-6.6407383998e+25 
-8.3670605469e+03 
1.4772409433e+27 
-2.2149195671e+00 
2.8542297626e+23 
3.2881958267e-10 
-5.1516291034e+17 
4.0496463608e-22 
3.6381104756e-34 
-7.8841974467e+27 
9.8473893025e-22 
5.4015207307e-39 
-4.9308924385e-33 
-1.4546862492e-31 
-9.9194273486e+34 
4.6363521004e+14 
-5.9924225987e+26 
6.3322103677e-27 
5.0003856589e+11 
1.1084266617e-30 
-1.7181055906e-37 
-9.2884777238e-38 
8.1380458844e-25 
-1.3555008217e+32 
-6.4251587500e+05 
-6.2263501541e+34 
6.4053110354e-31 
2.2590498914e+26 
3.1846102859e-17 
1.7911745355e+18 
-2.6616382869e+20 
7.8634465362e+12 
1.0488866335e+33 
-9.9164071849e-22 
-4.1338593750e+05 
4.0949265667e-07 
1.3171000941e-33 
-1.1538629557e-27 
-1.6886396000e+07 
5.7540327431e-19 
1.9452986682e+33 
1.7657944560e-01 
-8.3458177106e+13 
6.0729678868e-15 
-1.4658864000e+08 
-4.1101560000e+07 
2.0481300021e+35 
1.6078277547e-27 
9.2265157645e-14 
-4.7502156171e+21 
-7.8841331811e-33 
1.0631489020e+32 
1.4345233335e-10 
-3.1765925665e+35 
8.9269164505e-08 
1.2118648438e+05 
-7.8095607645e-15 
-1.5170044800e+08 
1.2226762029e-13 
8.6759185793e-35 
8.8040236733e-05 
-6.7447608071e+16 
-1.0087060547e+04 
1.9827994363e-14 
-7.7653187500e+05 
-4.1690787322e+23 
1.8049635658e+20 
8.9608136022e-07 
1.7480538995e+21 
-1.0114958096e+37 
-3.7008443783e-38 
-1.2595243294e-29 
-2.4126716792e+16 
7.2129894455e-23 
-1.0359585691e+29 
-7.3296110957e+22 
-7.5900638103e-01 
1.6290647217e-12 
6.6170484375e+04 
-7.6938772202e+00 
-1.7391366646e+25 
5.1553845637e-09 
5.0606593750e+05 
2.4331401367e+03 
8.9750727775e-30 
-1.0681210086e-02 
-7.2486324924e-39 
9.1811806267e+21 
-6.0743266266e+24 
-6.4089962487e+23 
-2.1462081515e-13 
2.5617934957e-25 
6.6840560441e-26 
1.8549707548e-08 
-1.5564303237e+12 
5.8510974884e+01 
-1.4735445700e+30 
4.2592229265e+24 
-1.8985657741e+32 
4.3275953053e+36 
2.4015211056e+27 
-4.4293231543e+32 
2.6883742645e-24 
-3.4295219393e-06 
-1.0700425561e+28 
-1.4644085169e+00 
-1.6026557000e+07 
2.6071537737e-35 
7.4485689807e-16 
-1.1731010163e-03 
-1.0077699309e-12 
1.5984317000e+07 
-6.5349187867e+29 
-4.4276457160e+20 
4.4692355239e-20 
3.8739665772e-13 
2.3150728596e-24 
8.2801342740e+34 
-6.3081644390e-26 
5.3816823959e+00 
-6.9622543335e+01 
4.2616272278e-32 
-1.5985709651e-27 
2.9354993750e+05 
9.2598794715e+27 
1.9701096875e+05 
-5.6939742188e+04 
1.4840513229e+01 
-6.0328418016e-34 
6.6492322031e+26 
-1.5613108302e-37 
-2.6112156997e-16 
7.5154011439e-29 
            nan 
-1.4045604862e-27 
1.9797272852e-38 
1.1655728376e+35 
1.4145095436e-20 
8.9848660913e-33 
1.4773134732e+35 
-4.4012694027e-38 
5.6582382644e+23 
3.0507716353e-09 
2.6293561158e-28 
6.5762715167e-06 
-8.9036533760e+09 
-2.6135824160e+21 
-3.6692549632e+10 
5.9112821337e+35 
1.5825839856e+18 
1.3997435547e+04 
-7.6785573959e+00 
-1.9364560606e-25 
1.0886277771e+02 
-2.3389783443e-09 
3.7063381484e+12 
7.6172083603e-25 
7.3578540483e+28 
3.5175609139e+12 
9.8401855469e+03 
8.8563364975e-11 
-4.9284791526e-11 
-7.9973458532e-29 
-3.7694450155e-14 
-1.9292082687e-19 
2.1472180107e+28 
-1.1449197500e+06 
8.2997232550e+37 
-2.2776462198e-36 
-1.0164263242e-22 
-8.3150234234e-28 
3.6569646789e+19 
-1.4009169920e+10 
-2.0230872217e+16 
1.8734468051e-14 
-1.0137809927e+23 
-6.0723548043e-14 
-1.7266019514e-22 
1.3289002946e+14 
4.8865012168e-32 
1.6816991320e-06 
5.1930381236e-37 
1.0385679199e-32 
4.1918479487e+18 
-1.5775058424e-34 
-3.9262456994e-05 
3.9609329542e-04 
1.5644617605e+13 
4.1329486084e+02 
6.3531100750e-01 
6.3329267384e+28 
1.8941027235e-19 
3.4291785400e+12 
2.3686366081e+00 
-2.9026153091e+28 
-3.6654374897e-38 
-2.3439796903e+16 
3.7318508606e-28 
2.9425890706e-14 
3.8058629541e-37 
-1.2678044434e+03 
2.2410161029e+12 
1.6567206732e-30 
1.2413860018e+26 
8.9919492395e+32 
9.6059919128e+17 
1.2067463271e+37 
-8.2336212070e+25 
5.3023893274e+18 
-1.5883497778e-34 
5.2455350000e+06 
-4.8448171616e+00 
9.6042763367e+35 
2.3396227908e-16 
3.7064565306e-10 
2.0065913391e+02 
-4.2042083869e-27 
-2.7154149549e-18 
9.8762546259e-05 
-5.9641344000e+09 
1.7423303667e+31 
-3.6813830206e-08 
2.0442572261e-34 
2.7777460098e+01 
6.1934016782e-16 
-1.0555758720e+09 
5.7760300636e+00 
-5.6293353012e-27 
1.2406797032e-04 
3.8156387629e-20 
4.4636676912e+29 
3.2243069351e+35 
-2.6113781151e+20 
2.3031356680e+17 
2.1217408404e+38 
6.3574969941e-12 
            nan 
2.5627870019e+19 
6.3558080531e-30 
-1.7847300896e-29 
-1.3623698438e+05 
-1.3875439808e-32 
1.8348226073e+20 
-7.1769428533e+18 
-3.8432969600e+08 
6.4551441185e+17 
6.4608560260e-36 
1.3095419902e-30 
-1.4044003451e-27 
-2.7805488000e+08 
8.3380197655e+19 
5.4378657951e-34 
            nan 
-7.3621858999e-25 
3.9868286741e-27 
1.2823997506e-14 
-4.8233174417e-27 
-4.8189684786e-34 
1.4903015828e-21 
-1.0861330070e-29 
4.1935098800e+37 
-1.0988853460e+19 
-1.0438886982e-17 
1.3545345401e-12 
1.0696976460e-07 
-2.9533134756e-23 
5.6175720321e+18 
-2.6416252518e+11 
1.4628401201e-25 
-2.6029874870e-12 
1.4282016000e+09 
-1.2459548367e-12 
-1.3007196209e-08 
2.2992901562e+05 
1.3318501124e-36 
-2.4024902775e-34 
2.3803426325e-01 
9.7647434814e-06 
2.8383119773e+32 
2.5633097728e+10 
-4.9771159922e+17 
-1.6094531676e-37 
4.3385202259e-16 
5.2769257812e+04 
1.8444242500e+06 
2.3712299521e-21 
-1.2001103114e-27 
2.6175442976e-23 
-1.7014953435e+19 
8.6519232984e+19 
-3.6757087708e+01 
-8.8682565919e+32 
-2.2846634359e-29 
2.7558096000e+08 
2.8045878935e-38 
1.3344117831e-32 
-6.7658003525e+34 
5.8113061158e-32 
-2.0285810933e-06 
3.5521728331e+30 
2.5038950485e+32 
9.2165717546e-20 
-2.0384548388e-24 
-1.1309016825e+36 
-8.0403064294e-38 
7.7793893814e+00 
7.5697717945e-36 
-5.3662640304e-11 
-3.4607722113e+25 
-8.1068680066e+18 
-2.1070608369e-08 
-2.9623136263e+31 
1.1160696132e+19 
4.1922852180e-14 
-1.5676878032e-38 
7.3903950997e-21 
5.0862255613e+19 
-4.2490435590e-05 
-2.8639628651e-33 
-2.3858223730e+26 
-9.3275547028e-02 
1.6774467035e+36 
1.4505044722e+26 
2.3357489705e-01 
3.5322204755e+22 
-1.8114776990e+22 
1.2018468432e-16 
-4.4200200000e+07 
-9.9760924890e-14 
5.7892151296e+10 
-2.3564443836e-05 
-3.5459071235e-09 
-2.5891902343e+19 
1.1450451562e+05 
-5.2404548645e+01 
2.0000229301e-16 
-3.8968286133e+03 
-1.5162879663e-06 
-2.5003318400e+08 
-1.4010023307e-36 
-3.5016889853e-21 
-1.3727357577e-29 
1.5348652606e+25 
5.4989546743e+14 
-4.0639533691e+03 
4.0869641602e+18 
2.9053663237e+28 
-2.9009803125e+05 
-3.4153146419e+37 
-4.9656496259e-30 
7.7681198239e-19 
2.8522880497e+15 
2.7080696299e+28 
1.0082263978e-38 
-5.0129398817e-27 
-2.9215334400e+08 
-1.0624174612e-17 
-5.5412898064e+00 
1.6159053802e+01 
4.5267749548e+32 
-1.0337484949e-23 
-8.3321953395e-16 
-5.6121290431e-27 
9.6648410841e-35 
-5.8824405308e-16 
-4.1652099609e+01 
2.9959888737e-13 
-8.2268074168e-35 
-2.8218627930e+01 
1.4461966094e-24 
-2.0342961603e+12 
4.4253839360e+10 
2.5458260497e-22 
1.0084148904e+18 
2.2420175576e+37 
-1.2594105618e+31 
1.0846822988e-05 
1.9922033240e+21 
-3.8371254958e-12 
3.0207552236e+29 
-3.1845810795e+15 
-2.0032211959e-32 
5.9894674376e-34 
-6.1546178879e-29 
1.0255957395e-01 
-5.6347044445e+26 
3.4982563768e-31 
-1.2270288358e+35 
2.9276583997e-36 
3.3437922570e-11 
-7.7158786825e+16 
3.3898131227e+28 
-6.5395640842e+29 
-2.2156904960e+09 
3.2650296594e+25 
-2.1106606868e+37 
-5.5407253090e+17 
-9.4691723616e-30 
-4.1378078981e+24 
1.4917744768e-37 
1.3641921396e-04 
8.0111483669e-08 
-3.4735591899e-20 
7.9841048441e-28 
1.4115796657e-03 
1.3361786429e-33 
1.9579121250e+06 
2.2579155890e+30 
2.5631785393e-02 
            nan 
3.8691894133e-09 
-4.7057626892e-14 
-2.9555066171e-38 
1.9570160000e+06 
-6.0440937500e+03 
-8.5380268930e-34 
-1.8433445301e-22 
1.1588800000e+07 
-3.8490240087e-34 
-1.2917099649e+32 
1.0935982573e-06 
-2.5967605713e+29 
1.9899601966e-09 
6.6756872326e-38 
-1.7338528769e+34 
-9.1179829841e+27 
5.4551632309e-14 
1.9035873413e+00 
3.0393071398e-21 
-3.1664033952e+28 
1.6270484775e-04 
-5.2854538930e-23 
-2.2711758689e-14 
1.2341359466e+37 
-5.1148934290e-05 
1.3557154292e+18 
-6.4408167565e+27 
6.6132400000e+05 
-1.3670623205e+15 
-3.1515180415e+33 
2.9348079522e-10 
3.4921321368e+30 
            nan 
-2.7697025118e+20 
-9.8465825431e-06 
-3.6543863022e+28 
-3.0348722660e+28 
-1.9771836078e-14 
-2.9539903481e+34 
-9.2378795585e-14 
2.0137277897e-03 
1.4471595419e+21 
-2.6214884365e+17 
-7.8133858182e+34 
1.1263210789e+32 
4.4659908295e+01 
7.6663432617e+03 
9.0846238454e-35 
-3.2599892837e-12 
2.2140534577e-13 
-1.3475352778e-10 
6.5245339317e-39 
-1.1318715475e+31 
6.4523427734e+03 
1.1673329969e-17 
1.4469991935e+19 
-3.2397936138e-06 
3.0924466498e+28 
-5.1975393295e+00 
3.3005832989e-23 
-4.4340635362e+35 
-1.0692261159e-01 
2.6065144034e+20 
-9.3542592411e+16 
-7.1759481690e-10 
-2.5342642481e-12 
1.2012424556e+27 
-2.7430620539e+30 
-2.1520217539e+12 
8.1622733504e-18 
7.9839316115e+18 
-1.2664610863e+01 
5.1992406908e-11 
5.8511870479e-13 
-9.3525445796e-25 
2.0111201331e-02 
2.4094001600e+08 
2.0480652584e+30 
9.3229547768e-26 
7.8160603323e-08 
3.1613200035e-23 
-2.2803967735e+32 
1.3302898438e+05 
1.9959692901e+31 
5.0646772252e-06 
-1.2899685457e-32 
-2.6108868690e+12 
8.1950923914e-07 
-8.8062793750e+05 
2.6456225394e-26 
1.1776562500e+04 
-1.9074697047e-04 
6.6944849664e-10 
4.0858368157e+28 
9.2809728000e+07 
-2.5482059776e-18 
1.9793446882e-08 
-9.7856452112e+30 
-1.0074872989e-05 
8.3135534465e+14 
-1.8202832031e+02 
-8.9738965034e-03 
3.7474262246e-16 
-1.5020418687e-08 
4.8977170199e-22 
-9.0878505356e+34 
-8.2125478953e+12 
8.7464585718e-36 
-1.5972761600e+10 
6.9504394531e+01 
6.9620553404e-05 
7.2058143794e+16 
5.7997115000e+06 
-1.2938738640e-34 
-3.0441848673e-30 
-7.3530859520e+10 
-1.9944998782e-16 
-8.0528846011e-03 
1.1118530132e-32 
-5.1857689057e+30 
1.0478533900e+24 
1.0771693953e-10 
-2.3216891997e+35 
-1.8673764506e+14 
1.4556326339e-18 
2.3108573841e-24 
-1.9313524663e-01 
2.8952542403e+33 
-2.0852198343e+13 
1.4032625561e-30 
-2.9763326026e-08 
5.7278943310e-36 
-3.6188124772e-16 
-2.3742486867e-37 
-2.2431447704e-13 
-4.5746287534e-32 
-5.6993960937e+33 
4.4549586944e+11 
4.0140772484e-08 
3.8394651825e-32 
-1.7306023329e-19 
1.2467919849e-02 
-2.2148060089e-04 
1.0787515470e+35 
5.0360267356e+34 
-4.3617584053e+20 
1.6558475985e-14 
1.1974453378e+15 
-2.5601913710e-13 
1.1606896148e+12 
-9.3253212570e+11 
-3.5577128762e+37 
2.7847407386e-02 
5.5836986573e+13 
-2.3482188232e-29 
-7.2071787145e-05 
-1.1761565565e+13 
-1.8744505239e-34 
-2.8550127260e+26 
-9.1470094345e-23 
1.8258823747e-35 
-4.5867129539e-10 
-3.3801118485e+23 
8.9319417020e-04 
-9.8740464475e+34 
2.2220917799e-06 
1.7906315319e-09 
9.3227038847e-30 
2.7478586045e-26 
-5.2700979722e-05 
-1.8527817646e+37 
6.5935080329e-07 
9.6818821075e+20 
5.4973354152e+25 
-5.1647344693e-25 
-6.4221187500e+05 
8.1441529664e-16 
-8.4455223259e-06 
8.3406962976e+14 
-1.6318526632e-21 
-5.3914156695e-08 
-4.8105821743e+18 
9.2240371677e-32 
2.7306106136e+32 
2.6269720459e+02 
1.9829782104e+02 
8.6504860721e+33 
-4.1407426561e+37 
3.0357450752e+10 
9.2428112285e+14 
5.6842729634e-08 
-1.9202551875e-12 
-1.5171896056e-19 
7.8979456349e-17 
-2.8540857513e+31 
5.5983140872e-36 
-4.3627830000e+06 
7.9955584614e+11 
-1.1011533737e+01 
2.7559835000e+06 
1.0248929790e-23 
-1.0155315771e+33 
-2.8497014298e-21 
-5.6207729357e+31 
1.3076648438e+05 
-8.0607091891e-28 
-1.5784645325e+38 
-1.2537454592e+11 
-2.7180886095e-18 
-2.2589895179e-32 
1.1986174400e+08 
-1.9015118490e-27 
1.2943703409e+12 
1.2067852542e-02 
-1.9730527027e+11 
-9.7702392481e-36 
-1.2056914329e-06 
3.4299904655e-05 
-1.6061971666e-38 
-2.5325817545e+17 
-3.9805785770e-20 
4.0534866253e+16 
1.9926050970e-18 
-9.6030615234e+03 
-5.2628849539e+31 
-1.3214280757e+22 
2.2111885826e+14 
-2.4221029979e+17 
1.1056487925e-35 
7.8911561825e+34 
-4.4364776100e+15 
-2.2483080675e-10 
-5.5698588852e-08 
-2.6284247406e-30 
-4.2977972043e-05 
-1.4600500227e+20 
-1.3065787084e-15 
-1.9543166352e-16 
2.4593708365e+30 
-4.2459185010e+15 
3.2077876886e+22 
-3.8913007826e-02 
-4.7385425445e-11 
-2.7941418898e+32 
5.5951224832e+10 
-9.9488115234e+03 
6.2091643922e-03 
1.6832576485e+34 
-6.9823393755e+27 
5.6047829572e-11 
3.8972628989e-34 
-2.3780535161e-01 
5.0179060211e+23 
-5.3958365138e-16 
-1.3600575000e+07 
-2.9475909057e-27 
2.6337274652e+14 
-1.2662495941e-08 
6.5395209958e-07 
-2.3480936341e-26 
5.1852999328e+21 
3.7773246094e+04 
-3.4152784980e+35 
2.4505395976e-11 
-1.7345083160e-36 
-7.6259570483e+11 
-3.0237597500e+06 
4.2350844000e+07 
3.7371013124e-31 
-6.4789520193e+30 
-2.0841434500e+14 
-2.7767672196e-34 
1.8284560286e-36 
4.7125510242e-20 
-3.0025468766e+14 
6.4417272538e-17 
-5.3293699503e+30 
1.5746623891e+19 
2.8244360371e+24 
5.0453248350e-12 
-6.1160074961e-19 
4.1607577722e-18 
1.3466305492e-21 
-8.0159773622e-33 
-1.3154356956e+01 
1.3683489853e+16 
-1.2241160618e-07 
4.7216784835e+12 
1.3625918173e-33 
8.2165615234e+03 
-1.8490626244e-03 
7.2989170018e-20 
3.8905106460e+36 
8.4911421528e+19 
-2.1063272524e-17 
1.6170634445e+12 
4.5832807617e+03 
-3.2764147094e-35 
1.7492465192e-23 
-4.9387396875e+05 
1.1444685320e-34 
-5.9600480000e+08 
4.0690538504e-13 
9.2189246173e+34 
-3.5626040784e-08 
-1.8251082565e-06 
3.3074725001e-24 
-1.8765124309e-26 
-9.0700709166e-08 
5.4936773868e-20 
-5.9061315918e+02 
6.2008850383e+13 
3.5548210202e-24 
5.1207548168e+17 
-8.8866503045e-10 
2.3314893637e+31 
-5.0092854056e-29 
2.7409948984e-26 
3.7024678333e-15 
-2.2452320531e-18 
-1.8084049715e+11 
-3.2976233797e-06 
5.8861905336e-01 
1.3290807106e+36 
1.4188307392e+20 
-4.5054486084e+02 
2.9379460592e+25 
9.0926296940e+30 
2.0731656036e-07 
-8.8082319020e-32 
-1.0686550423e-29 
1.4767305810e-15 
-3.2174969035e+15 
1.4292891179e+21 
1.8936999686e+31 
-4.8809278177e+12 
6.2911512396e+33 
-6.5359662617e+33 
-2.5354573376e-16 
3.0116045882e-33 
4.7738427384e-05 
5.2743771812e-04 
-1.0105119669e+20 
3.0989224911e+00 
4.2640596805e+17 
2.9254923034e+18 
1.0787685427e-35 
-1.6260320388e-14 
3.3391480013e+11 
8.0177844091e-26 
-1.2116626062e-12 
-8.6095411181e+37 
4.3644555065e-14 
-1.4964647196e+26 
4.2514598612e-12 
-4.0650142670e+01 
-1.6546257575e-17 
-4.6133938336e-10 
-6.5435802119e+34 
1.5442649826e-08 
-6.6506884604e-26 
-1.0002201443e+17 
3.1411458622e-04 
8.6863871117e+37 
-5.4071218143e+13 
1.0526204829e-16 
-3.5434295724e-18 
8.3144635000e+06 
8.7499603271e+02 
-6.0469995060e-35 
6.1268503778e-03 
-2.2951675443e-20 
-1.5394611983e-03 
-3.1794545054e-01 
-4.5649818950e+36 
4.0057725601e+31 
1.3126521173e+36 
7.6440857600e+09 
1.5082985587e-13 
1.4013119000e+07 
1.0825032702e-32 
-1.1320753332e-17 
-2.9235780316e-39 
-1.8196483277e+12 
5.0055196951e-17 
-7.4436766720e+09 
1.6749162057e-07 
-2.1631672842e-10 
-3.0862038828e+20 
3.9292203837e-06 
5.0668576973e-11 
2.7288978063e+12 
3.7767770386e+02 
-4.0623457037e-20 
-4.1755139160e+35 
2.2420813541e-32 
3.9921888520e+16 
-2.5640138240e+09 
-6.4780524273e+29 
-9.1860292996e-17 
-1.3309561045e-26 
-7.8157865595e-27 
3.2061712761e+14 
-3.1430014000e+07 
-1.3788347566e-28 
-1.3681936523e+04 
-2.9478614349e+38 
7.5584333237e-10 
1.2839249289e-28 
-3.0613853700e+13 
-2.9956011776e+23 
-7.1854586795e-21 
-1.7979021393e-37 
-1.4545238928e-12 
-1.6525801603e+26 
1.2803662272e+19 
-4.6551462263e-02 
1.4997743411e-25 
1.0812252676e+16 
-1.4969108007e-24 
-1.5814983280e-26 
-1.5932515155e-22 
4.8309021530e+23 
2.0539898438e+05 
2.6115808760e-34 
-2.5859597258e+30 
-2.3518681891e+26 
3.1733537217e-24 
-3.4444506368e-36 
-9.1537907189e+20 
-6.4010526548e-22 
-5.6049422264e-19 
1.0187119567e-13 
-1.6412092171e-11 
4.8698289387e-28 
5.7703551417e-29 
-1.7872675089e-03 
-1.0490736280e-08 
-1.2207808586e-17 
-8.4113388564e-25 
2.8082996875e+05 
-1.8871328237e+16 
-1.2796496484e-17 
-5.3220092000e+07 
5.7477093490e+37 
3.5455630859e-04 
-8.7722421243e-18 
-3.2679440903e-33 
-3.1842689053e-31 
2.9517240246e+27 
-2.9180422523e-09 
-4.8579738632e-07 
-6.4136539006e-28 
-7.2423123520e-23 
2.2282094544e+24 
-1.3001703003e+38 
1.5867769501e-18 
-4.9451662578e+27 
-2.4237573869e+33 
-2.3516698292e+18 
3.8811443514e-15 
-6.7365544919e+12 
-8.4221060681e-11 
-1.3000599708e-08 
-1.1245218445e-07 
-1.6445104298e+14 
1.0048685595e-02 
1.1337109836e-16 
4.2142593750e+05 
1.8051716606e+31 
-1.2773959447e+17 
1.2248451781e+19 
-4.9965680074e-37 
1.0472600847e-24 
3.9801964684e+19 
-4.4495075894e-20 
1.2991874371e-35 
-2.5717651906e-25 
-2.4993302112e-31 
5.6485656020e-17 
-1.6980223412e-22 
-1.4025615735e+20 
2.5241260300e-04 
-7.2437818162e-03 
1.9598898438e+05 
-2.6681236463e+20 
3.1852939203e-24 
-7.3345438001e-19 
1.3178481980e-38 
3.3667209099e-31 
-2.8605511029e-32 
8.1758358356e+17 
1.6175661019e-22 
3.5764278141e+30 
-5.8808393750e+05 
3.0764592017e+25 
-2.0125054857e-19 
9.1531168004e+27 
6.0718468730e-37 
2.0161856675e+22 
-1.2331380276e-03 
6.7352168287e-08 
5.5973246094e+04 
-3.8914413603e-28 
2.2040420333e-07 
1.6874065467e+24 
6.5520319939e+00 
-7.1082288873e+21 
-1.0331931435e-06 
-1.3284720209e+31 
1.2194867622e-06 
1.0003583966e-25 
3.0181705646e+12 
-1.3086271000e+07 
6.3380243282e-31 
-1.7069455571e-10 
2.0896734081e-24 
-2.5927915320e+36 
-5.8752098340e-15 
-2.7574314932e-25 
9.6920209742e-16 
-3.1241627357e+35 
4.7909627455e-23 
1.1203199835e+27 
4.9849714650e+30 
1.5719333895e-26 
-7.0669990625e+12 
-1.0115176555e-37 
-3.4681757500e+06 
-6.5179814688e+33 
-2.1522337476e+15 
1.5794687556e+34 
-8.7079521805e+28 
1.3204853645e+38 
8.9148226093e-38 
-2.2280307999e+12 
3.0479071662e-02 
1.0428649219e+05 
3.9481961727e+00 
2.6100328553e+33 
7.0253401879e+31 
8.0919116556e-37 
2.7734567261e+02 
1.0231900932e+24 
-6.5334961504e+35 
2.8057611227e+23 
-2.6837917059e-37 
-1.1201359872e+11 
-2.5425123047e+04 
-3.9743046447e-18 
3.5347309509e+21 
4.1860502400e+08 
-1.8595698438e+05 
-5.2523081828e+30 
-4.3138895475e+17 
-1.4171946829e-27 
-5.0657072000e+08 
1.4990883056e-27 
-3.8255562789e-16 
-1.8293347776e-29 
-4.1183336741e-09 
2.0926123047e+04 
4.0310246094e+04 
-4.0867357500e+06 
-3.6817657256e-10 
-3.2688623047e+04 
-8.3861242270e+29 
4.2917459808e-08 
2.8579977807e-03 
6.7643385600e+08 
-1.0151068089e+34 
2.2243140265e-02 
1.1249827708e+30 
-5.4078596367e+17 
-3.0911024081e+35 
-3.0709346809e-34 
-8.3522204888e-18 
1.6629641004e-22 
2.1793765370e-07 
-3.7769888780e-19 
8.0040722142e-38 
1.6845046953e-29 
6.0979502450e-05 
6.3558513273e-25 
-1.3202752073e+28 
5.4785518965e-22 
6.6010546373e+16 
5.6894973704e+32 
-8.4596623709e-38 
5.1785699591e+26 
1.2038344507e+16 
-1.7260765022e-26 
1.7851702069e-05 
1.8314956250e+06 
1.8668737796e-20 
-5.4158719713e+13 
3.9851939840e+09 
1.7367761757e-04 
1.8212002579e-23 
1.6570583868e-33 
-2.9143248542e-35 
-3.1898192076e-17 
1.1942063401e-29 
3.0286575433e+35 
-8.0681662740e-11 
5.1312477217e-31 
3.7268223951e+13 
-9.4315602611e+24 
-9.2245139967e+14 
-5.7304738281e+04 
1.7186869983e-10 
5.5182062801e+17 
-7.9533948928e+10 
-1.6894434473e-22 
3.7317471424e-07 
2.6946395000e+06 
-3.8381761466e+34 
-1.0911995310e+21 
-1.6815224399e+18 
8.5602952136e-14 
-1.7851702455e+20 
4.4345727938e+32 
-3.0827473774e+33 
2.7321861407e+12 
-6.2416339599e+13 
-9.9219033975e+23 
-7.4530376864e-35 
3.7532612681e-01 
-4.4584709128e+13 
-6.2931668381e+32 
2.4181907612e-15 
4.8023805735e+17 
3.4861640383e+28 
2.7129119446e+20 
1.3063063238e-14 
-4.2916609136e-19 
1.0070436523e+04 
2.0928982558e+18 
-2.5551732685e-36 
-3.5098865769e-30 
-4.4112999875e+12 
1.5016465684e-37 
1.1033890041e-04 
-1.0110578852e+12 
            nan 
-3.8281310566e-08 
-1.1653986514e-23 
3.5377347814e+20 
-1.3637232454e-09 
2.2253109564e+33 
8.9146100265e-32 
-3.8851428489e+34 
-4.6580596875e+05 
1.8599182734e+15 
-1.1896881617e-15 
1.2256382008e+27 
-8.5322056418e-36 
1.4827898228e+35 
3.9594216309e+03 
-3.2571373047e+04 
-7.3355060647e+31 
7.7492866782e-29 
2.6567317519e-23 
-1.5046268435e-16 
3.6775051500e-29 
2.4282272603e-21 
4.6218307916e-28 
9.1596917936e-23 
-9.0441270859e-19 
-1.0821101945e+13 
2.1761823493e+22 
-9.3460244016e-35 
1.5142893818e-25 
1.0198659236e+12 
1.0630552960e+09 
8.0320949248e+31 
-1.0819440341e-29 
4.6850304377e+13 
-8.1036738096e-35 
1.1865110104e-32 
-1.8136269091e-06 
-1.8809986528e+37 
1.2676733578e-12 
-1.2761240800e+08 
-6.8897411143e+20 
4.6007054336e+10 
-1.1907876577e+22 
4.6647265388e+37 
5.6186834911e-24 
-2.6148665503e-19 
-3.5955468329e+24 
-4.9883442214e+20 
-1.1346383956e-20 
-1.9566746257e+27 
-3.9870020002e-02 
1.2333790179e-26 
1.6013445866e-35 
6.9207182617e+03 
2.2311891534e-35 
4.2563237578e-19 
-1.0924727095e-10 
-1.5932185042e-12 
-1.1675939998e+32 
-7.3506296000e+07 
3.9875028338e-29 
-1.4423250122e+14 
4.1455397550e-30 
-1.5936852001e+31 
1.8480018227e+12 
2.8791388529e+32 
2.6238963983e-05 
-5.8300687188e+13 
2.1779099413e-08 
1.3464192394e+37 
-5.0094044907e-26 
-7.1481336791e+12 
-2.8716965954e+24 
3.1642844862e-15 
-2.2686004234e-36 
1.0413144474e+11 
-9.4321755267e-12 
3.1226873600e+08 
4.4416444143e-04 
-1.3411219456e+10 
-3.6816368460e+35 
1.3588654084e-33 
3.7134384911e-05 
-3.2992342192e-09 
-1.3700659295e-35 
6.4268484116e+00 
3.4534019757e+19 
1.2730871482e-25 
1.3584017053e+28 
-2.3351047959e+20 
-2.0919804800e+08 
-1.2452738560e+09 
-4.3920335769e-23 
4.1320529789e+13 
-8.8053896697e-25 
2.4459612342e+33 
1.0804921382e-19 
-4.0087385348e+34 
2.9184570384e-29 
-7.8669672852e+03 
-9.5051397069e+27 
8.0352284014e-02 
7.9641318813e+33 
-9.7864799709e-16 
-1.9869351074e+27 
-4.6961883645e+33 
6.0154021225e-38 
-3.1721123056e+31 
-8.0024492305e-27 
2.2986165042e+33 
5.3587368477e-28 
1.5524500590e-16 
2.8052519108e-31 
-8.1270318478e-03 
2.2008947039e-36 
5.9651928316e-27 
1.2586484909e+01 
4.7401793750e+05 
6.5932536000e+07 
1.7884473050e+38 
1.3850746492e-28 
6.6866254971e+12 
1.3659234953e-30 
2.3493151564e+17 
-9.8064608637e-24 
-1.8942664036e+25 
-2.1629734309e+29 
3.5153479090e+27 
1.7242201284e-38 
-8.4285936000e+07 
-1.7200866420e+17 
1.2531217730e-10 
4.9123221046e-09 
3.6312004948e+34 
2.6465604014e-11 
-1.6343868546e-35 
-4.8349064000e-23 
-1.2351450418e-10 
-3.5912847807e-07 
8.4309404485e-22 
-1.1886808869e+27 
1.1699597500e+06 
3.6867110564e+22 
-8.8099961268e+19 
-6.4039034088e-23 
1.8884515594e+12 
6.8022484375e+04 
-3.4614369149e-09 
-3.0515185922e-25 
1.2665310547e+04 
-3.9560511311e-08 
1.7091836280e-10 
3.6191673095e-36 
-1.4696188354e+02 
-6.3672802734e+03 
-9.8345458355e-07 
-4.9205557068e+13 
-1.6942415088e-20 
-2.1977510922e-09 
-8.6760648005e-19 
5.9590715803e+32 
9.5101350970e+29 
4.6100307617e+03 
7.3753815909e-35 
1.5688577907e-21 
8.0310075000e+06 
-3.5136577638e+22 
1.2672828575e-24 
3.4359079394e-27 
-6.4499276876e-01 
-1.2220922542e-15 
1.2547087829e-19 
7.9149802616e-16 
-1.7106650397e-02 
6.2454667259e-32 
1.1531639404e+03 
-1.4352380298e-02 
-1.2688652080e+31 
-1.8446168159e-35 
-4.4146238748e-11 
4.1593945519e+23 
5.8811677741e-36 
-5.9610313431e-22 
1.8133149875e-13 
-9.1552002867e+11 
-1.4635632581e+28 
1.1572526848e+25 
-3.4275846094e-25 
7.0951362560e+10 
-1.0932072638e+22 
1.9394163132e+01 
-2.4667195069e-35 
-1.2259583474e-17 
-3.4423804800e+08 
-4.6586467200e+08 
-1.5539184260e-30 
4.0444897526e+13 
-3.4700628370e-02 
-1.2505518680e-04 
7.6320556974e+12 
2.0852096938e-08 
1.4192714843e-05 
2.8193941094e+12 
-7.9796266469e+36 
3.3126620110e-03 
-1.4642882518e-18 
-1.7536413465e+37 
2.7546679258e-34 
4.0285499392e+10 
-2.0588502991e-07 
-1.3834910433e+12 
2.8319535858e+13 
-4.1047213502e+37 
1.5541924994e+17 
-1.2442622939e-25 
-4.2376897771e+19 
1.7622445907e+32 
-3.0208623047e+04 
5.9702688046e-32 
2.2745064764e-24 
4.2082494054e+11 
-1.0368004951e-05 
-1.9574621094e+04 
-1.3235182933e-33 
6.7482816000e+08 
3.8546301464e-26 
-7.7664440346e-16 
-3.6881853440e+09 
1.9700991598e-13 
1.9127696875e+05 
1.8663839091e-36 
-1.3148895020e+23 
-4.2341361827e-27 
2.4404231762e+23 
2.6966188136e-20 
2.6387891694e-07 
1.2537306171e-34 
-1.4630661151e+21 
-3.1780972729e-39 
2.1904611369e-25 
1.5257034583e-30 
-5.0135002136e+01 
-3.0289187825e-10 
-8.1402669475e+30 
-1.1240411345e+27 
-1.0812547072e+11 
-1.7617588703e-13 
9.6665411644e-16 
-5.5785944469e+23 
1.1183337049e-37 
2.1569521050e-04 
6.7929462800e+13 
-2.6042044193e-34 
4.4436773606e-27 
5.1550146054e-06 
-8.7883144049e+22 
-1.6366476250e+06 
-1.3694842794e+15 
-7.1628321010e+24 
3.9787541937e-06 
-2.2490163245e-36 
7.3150184466e-38 
-1.0136963619e+34 
-1.1775289662e-34 
-1.1762963315e+32 
1.4729037912e-24 
-2.2681153830e-12 
2.1644103176e-10 
-8.9179439122e-34 
-2.9325971826e+20 
-1.3152327816e-24 
-1.1177047066e-09 
9.6987189538e+27 
1.3853050738e+18 
-3.6177807972e-10 
-4.5608692000e+07 
-4.7327322520e-22 
9.8150821191e-34 
-3.9304835713e-28 
-2.6140115856e+17 
-5.3555482665e+15 
-3.5223713124e-28 
-2.1562304032e+24 
-3.6654652232e+19 
3.0752121970e+19 
-3.0044348243e-28 
7.1461852068e-28 
1.6240729650e-08 
-4.8852915561e-27 
5.8924865308e+20 
-2.2563343535e-39 
6.5579128499e-13 
3.9659024491e-14 
-8.5895581436e+26 
5.7566368550e+31 
-6.7191724986e-16 
-2.8235048848e-12 
-1.3393522750e-05 
-7.2416889930e+13 
-3.7258211924e-13 
3.9909398043e+33 
-4.4268046724e-22 
-1.0501394268e+13 
6.1448556380e+12 
8.3698847384e+21 
-3.8111285350e-25 
-1.9959232000e+09 
3.5696473160e+24 
7.7925379028e+22 
-2.1903807068e+02 
9.2661549271e-36 
7.0116676842e+16 
1.5814744568e+02 
7.0292893177e-37 
1.8335873047e+04 
-9.6267132928e+10 
            nan 
-1.1626061573e-32 
-4.4264302232e-06 
-3.1436438603e-14 
2.3992701954e-19 
1.1399724914e-10 
4.5808673775e+16 
1.7764302193e+12 
-4.4426370318e-24 
2.7435918762e-33 
-6.9199352000e+07 
-8.5992652800e+08 
5.4936361144e-35 
3.4090665671e-22 
7.5965333021e-26 
-8.1567231402e+35 
-1.7514218364e+27 
2.8069727852e-21 
-1.7701556716e+12 
-7.4277733390e+35 
3.7586993152e+10 
            nan 
-1.1370228976e-01 
-1.2740666534e-05 
4.9142095434e-17 
-5.5189939303e-05 
6.9496398072e-18 
-6.1289208000e+07 
