2.3509887016e-38 
0.0000000000e+00 
0.0000000000e+00 
0.0000000000e+00 
0.0000000000e+00 
0.0000000000e+00 
0.0000000000e+00 
3.5873240687e-43 
0.0000000000e+00 
0.0000000000e+00 
0.0000000000e+00 
0.0000000000e+00 
0.0000000000e+00 
0.0000000000e+00 
0.0000000000e+00 
0.0000000000e+00 
0.0000000000e+00 
0.0000000000e+00 
0.0000000000e+00 
0.0000000000e+00 
0.0000000000e+00 
0.0000000000e+00 
0.0000000000e+00 
0.0000000000e+00 
0.0000000000e+00 
0.0000000000e+00 
0.0000000000e+00 
0.0000000000e+00 
-4.4236203410e-34 
7.1746481373e-42 
0.0000000000e+00 
0.0000000000e+00 
0.0000000000e+00 
0.0000000000e+00 
0.0000000000e+00 
0.0000000000e+00 
0.0000000000e+00 
0.0000000000e+00 
0.0000000000e+00 
0.0000000000e+00 
0.0000000000e+00 
0.0000000000e+00 
0.0000000000e+00 
0.0000000000e+00 
0.0000000000e+00 
0.0000000000e+00 
0.0000000000e+00 
0.0000000000e+00 
0.0000000000e+00 
0.0000000000e+00 
0.0000000000e+00 
0.0000000000e+00 
0.0000000000e+00 
0.0000000000e+00 
0.0000000000e+00 
0.0000000000e+00 
0.0000000000e+00 
0.0000000000e+00 
0.0000000000e+00 
0.0000000000e+00 
6.4067195144e-16 
-2.3756551413e+30 
-4.7001906519e-32 
1.1624077427e+24 
2.8717084129e+23 
-1.6328965632e-15 
9.9759765625e+02 
4.7095690542e+23 
-8.4172395996e+33 
6.8358929628e-12 
3.9455030721e+33 
-4.1105664062e+02 
2.7020131000e+34 
2.3376808242e-26 
4.8287752312e+36 
-3.0304074954e+35 
-5.6029634654e-25 
-1.1256177371e-25 
1.1979074535e-20 
-1.9720094377e-37 
-1.8566881112e+18 
1.9031789813e+19 
3.7433063419e-19 
-3.7083362993e-18 
9.5238158247e-04 
-4.0633433902e-25 
-7.4032816956e+36 
-1.2748657241e-07 
-7.7054341427e+23 
-2.8222589917e+20 
7.7398219969e-24 
1.8127502080e+09 
-2.1876045420e-09 
-9.6277208286e-06 
6.8088509550e-23 
-2.7702296279e-07 
-3.6181182915e+28 
2.7731243690e+37 
-4.8714868755e-27 
2.6601301319e-19 
-2.5434124249e-32 
8.3061983150e+13 
4.8455831347e-08 
8.4808155830e-33 
-1.4035996279e+31 
1.6648344136e+28 
9.0035400800e+19 
2.4782647261e+24 
-8.6586728812e-28 
-3.6144481950e+33 
7.3982562299e-09 
-2.8276233934e-05 
-8.6634880000e+06 
5.7753772394e+16 
1.2560325330e+32 
-1.9431895835e+28 
-2.1150355772e-13 
5.2523314953e-03 
7.1517562866e-01 
-4.8916463208e+28 
2.4806267290e+11 
4.5399016102e-08 
6.9421540036e-20 
8.3181608506e-15 
-2.7376869429e+37 
2.4286173284e-01 
3.0061413418e-04 
-1.2817993302e+13 
7.8104717633e-26 
1.9538505638e-22 
-1.5512765108e-23 
4.8662812078e-34 
1.3589298353e-36 
1.8491582168e-26 
-3.8115240960e+09 
-3.1842733733e-03 
1.8635653802e-20 
-2.4227634361e+22 
-6.9745898003e-37 
2.2641073016e-08 
-6.0013304392e+25 
-9.7935937561e-30 
-1.7089838405e+31 
-4.5643734227e+36 
6.0748870726e+22 
1.0899549815e-34 
-1.9303171939e-05 
-2.1486724524e-38 
6.1001220703e+01 
-8.3017914227e-20 
2.0125926343e-16 
-2.2875838874e+11 
-7.2527832031e+01 
-9.2539672852e+00 
-1.0874914005e-04 
1.8780192477e-06 
-1.0931758948e+27 
5.4227555779e-10 
4.6058349418e+22 
-1.8509995264e-34 
-2.4151281018e-15 
1.2250793457e+01 
-7.6555137761e+16 
3.1541017628e-12 
4.6417253461e+16 
-4.0120161425e-13 
6.7928653547e+24 
-2.6543181265e+37 
-2.1650689873e-17 
-3.3597278716e-35 
2.3521629602e+18 
-2.6715417039e-15 
1.2706292726e+31 
-2.7993716720e-11 
-1.0493560170e+36 
1.0857429303e+24 
1.0175447824e-16 
            nan 
-6.4404809290e+32 
1.0749815971e-07 
-7.5522230000e+06 
1.7800700800e+08 
-1.6548718750e+06 
-1.0196500311e-09 
-7.6058336358e-30 
-7.1608177116e-31 
-6.0259817442e-25 
-1.1829410157e-33 
1.5460784853e-17 
-3.5334927258e-12 
-9.1675943136e-01 
-1.1061071968e-32 
5.7934541226e+13 
1.4341166497e-28 
-3.4334905991e+13 
2.7887661633e+37 
-3.5902092894e+36 
2.5825523695e-16 
-7.6325919991e+21 
-3.6192063248e+28 
5.7938569498e-21 
4.3358216335e-30 
4.0509699978e+18 
6.6909126058e+35 
-1.4944941788e-17 
-6.8390835279e+23 
2.2237852896e-34 
8.1127887614e+26 
5.1934407324e-27 
-4.1742373104e-21 
-5.8050791031e+24 
5.7534853831e+35 
-4.3271122837e+21 
1.9387820510e-16 
2.5851098438e+05 
2.9039962709e-12 
-6.6664179732e-10 
-2.9069270166e+20 
-1.6213510931e-01 
1.7763001379e-03 
-1.4235503856e+32 
-3.3429782380e-12 
4.3444233128e-13 
-1.9156920083e-19 
1.8477619322e+17 
2.0549934270e-35 
1.7367121885e-36 
-9.2643389848e-08 
6.1880409699e+32 
1.1464504914e-16 
1.5383552000e+11 
5.0520576739e+17 
-1.3099489867e-20 
-5.1647900298e-30 
-5.4030711623e-34 
-6.4825307617e+03 
6.4638004828e+36 
-2.0844486464e+19 
1.0996690542e+29 
-2.6054785974e-14 
2.4474096866e+29 
-1.2042226672e-18 
-9.8850660062e-21 
-2.1788715278e-23 
-1.9943941157e-37 
2.4884390724e-33 
-2.3616978917e-24 
1.3629908959e+22 
1.5482551296e+10 
7.0225863488e-35 
-2.4260329547e+26 
-1.1037567110e+28 
-8.2613943634e-27 
-9.2014194912e-16 
1.7657671011e-16 
-1.2749572591e+36 
-1.3194902757e-22 
2.7094390020e-07 
-2.1426136740e-15 
5.6870218772e+32 
-3.4095825675e-17 
-6.7236628532e+00 
-1.9081028586e-04 
1.3962678165e+26 
2.8377175623e+21 
1.3863296327e-19 
-2.9448272003e-21 
-4.0565640380e+18 
1.6365885000e+07 
9.2971664208e-27 
-1.8029707189e-26 
-2.8480864099e+18 
-5.3087068391e+29 
-1.1268587882e+35 
3.0011861208e+38 
-4.1005658151e-28 
1.0653130285e-23 
6.5358576775e+00 
-4.3424069053e-22 
-9.8693731102e-38 
5.8139835000e+06 
3.9455411434e+00 
8.9603427249e-36 
-5.5757330720e+17 
-8.9616787200e+08 
1.1100057512e-28 
3.1591603160e-01 
1.9074851074e-11 
8.0410577496e-37 
2.9441443958e+25 
-8.4506172893e-11 
-1.5153581973e+29 
-3.0223997116e+01 
-1.5351086080e+10 
-1.6609331270e+23 
3.6652940120e-34 
5.7778796409e-31 
4.9700252569e-24 
-1.5347664749e-33 
5.1772521037e-32 
3.0375090241e-01 
-1.9585393671e+22 
-1.4116334329e-37 
-9.3874230458e+15 
1.9079294000e+07 
-2.0180373935e-29 
-1.9665297270e+00 
-1.8978008235e-15 
-6.5470662511e+34 
-7.9565504185e-10 
6.8282845653e+28 
4.6437762989e-36 
-1.7027830505e+02 
-4.1501232820e+15 
-2.9621242444e-16 
5.8202733562e+32 
-6.9235450055e+18 
2.8080810947e+32 
1.2850852328e+37 
7.4593090284e-37 
1.7527873047e+04 
-1.0700146484e+02 
-1.1713882902e-14 
1.2610463786e+17 
-1.8423954243e-14 
1.0510815013e-21 
3.4517597500e+06 
-9.4162545917e-32 
7.8363946058e+17 
1.2258244685e+16 
6.7517390251e+00 
-1.9617027647e-05 
3.5676493769e-13 
1.3755609984e-09 
-2.6504672575e+35 
1.1575120000e+06 
1.3391640625e+03 
4.2242743075e-04 
-3.8463731489e+18 
-1.1849009463e+14 
-5.6385009766e+01 
-5.6794066238e+23 
-6.1443559915e-32 
-1.9922448153e-36 
1.2708769815e+31 
-2.7473541120e-31 
-2.1214909732e+19 
1.8447240051e-37 
-4.4074925298e+21 
1.7335882193e+14 
-1.9951342046e-01 
-1.9069099163e-24 
3.7837590411e-17 
-3.0178174000e+07 
-4.6455670910e-36 
1.1730880033e-05 
-4.4562875000e+06 
-1.2329755356e-29 
5.0837326050e-01 
-5.1280168720e-18 
2.2904360489e-34 
1.0420221469e-24 
-3.8495854971e+34 
-5.5005252361e-03 
-5.3300028230e+28 
-1.8894499680e-14 
-1.8312973091e+19 
7.9197051173e-18 
7.2377491677e-38 
-1.1827596808e-28 
-1.9836303360e+10 
2.2442297939e-35 
1.5219019142e-24 
-1.5580876498e-03 
5.3390073856e+10 
1.8598254077e+34 
-6.2930473923e+35 
1.0626348359e-25 
-1.9426587895e+29 
3.5614385010e+27 
4.4559057617e+03 
-1.6506792145e+29 
5.7348409935e-29 
-6.9492958063e-24 
-1.7280307162e+36 
-9.8210982551e-31 
-8.4133633653e-22 
-1.7319162950e-35 
5.5079893554e-13 
7.4920056270e-11 
3.3656557541e-09 
-1.7146318359e+03 
-6.0757368832e+10 
5.7442045486e+37 
-4.3038996875e+05 
4.5141853837e+27 
9.1974191644e+19 
-1.1916197777e+01 
5.7345631994e+30 
5.4560564550e+22 
-1.1143274611e+17 
2.4561794234e+30 
2.7737129778e+31 
9.0305516792e-35 
-1.4397142568e-35 
6.5072741641e-26 
5.6059682262e+20 
-2.1564099707e+22 
2.0211025029e+34 
2.9548777035e+34 
6.4123536572e-31 
5.7617750000e+04 
1.7837328836e-12 
-4.3078171238e-14 
3.7800284414e+20 
-6.5706245761e+27 
-6.8047785759e+00 
-9.5489114229e+31 
4.2638423920e+01 
-1.4376333556e+20 
-1.6618191146e+21 
-6.6837338403e+24 
-1.2242785379e+17 
-7.2597270168e+13 
-1.9010079559e-03 
1.2054225399e-15 
-9.7020011902e+01 
1.3858650880e+09 
7.2011066367e+36 
-6.7945900956e-31 
4.3584857391e+17 
-6.3502564645e+16 
-3.8204298767e-15 
-4.6043156444e-37 
6.9917484800e+08 
4.0682706752e+35 
4.4537980075e-12 
3.2432509146e+24 
1.0990573031e-38 
-2.2748991874e-31 
1.0561742911e+17 
2.6370595792e-38 
2.0948361805e+30 
1.1263270897e-29 
-1.6934300099e-12 
6.3635803982e-32 
1.2328548811e+22 
1.4232263184e+03 
2.8623799495e+31 
9.2561295682e+35 
1.4241059570e+04 
5.6802899200e+08 
-2.3525737173e-20 
2.4410564384e+32 
5.8930189200e+30 
-6.1996214092e-02 
-5.8418353271e+02 
5.2324935260e+31 
-3.4006422400e+08 
-2.7302908800e+08 
2.8984726400e+08 
-1.3381390232e-21 
-8.7389969083e-18 
-9.0419284999e-02 
1.4868708823e-17 
3.3925972082e+34 
4.8528607003e-03 
-8.4092883500e+19 
1.6837639268e-03 
-2.3796434432e-17 
2.1479342080e+11 
4.2542020616e-27 
-5.7778890674e+37 
6.7445193482e-24 
1.9514939802e+11 
-5.3514697963e-14 
1.7602050048e+10 
-4.2451366323e-23 
2.9083004761e+02 
-1.3666326272e-36 
2.1129357557e+18 
-1.9165480679e+35 
-1.1749544913e-11 
2.7896079502e+26 
5.7363991227e+16 
-1.3554289670e+35 
-2.3098838682e-32 
-2.9476803793e+17 
5.1768309297e-38 
-3.0712623047e+04 
5.9185307617e+03 
6.7826557617e+03 
-5.9660871018e+16 
-2.0800393703e-36 
-1.0385512114e+00 
-4.1967352659e+33 
5.5902400017e+00 
-1.1953510102e+38 
-7.4591368369e-37 
-3.0459705072e+30 
-7.0772277206e-32 
3.0530833307e+38 
-7.4120459788e-16 
-9.4652826978e-31 
-9.8152159642e+11 
2.1811645560e-37 
-1.5365850565e-30 
-1.9005752361e+26 
-1.0075691958e+15 
-2.1756600566e+27 
-4.2231322606e-11 
-1.5812346936e-36 
-9.7244000168e+36 
-2.3911319591e-09 
-3.5548426974e+32 
-2.3965603759e-05 
9.9105220288e-03 
-1.1754948438e+05 
-2.0017072012e+34 
-8.0249413095e-19 
1.0729643007e+15 
-1.5009727000e+07 
-7.9907492188e+04 
4.1739516991e+25 
-3.1025582886e+02 
1.9858132365e-37 
-2.4852373047e+04 
6.1655098097e-17 
-2.2794823835e-29 
7.7117519593e-24 
2.4941753405e-39 
7.3070617645e-07 
-3.7503389304e-30 
-3.1051034638e-18 
-2.9794493840e-22 
5.1035319246e+26 
2.7770585350e+13 
1.3520021353e+23 
-1.1342904320e+10 
-6.6460047492e-06 
-1.8923174190e-21 
1.8270866461e-38 
-1.5783923057e-09 
7.1440290350e-35 
1.8641074940e-16 
-8.4180217236e-03 
4.6059261120e-18 
-2.2058858512e+34 
-2.7032662208e+23 
1.5951302589e+37 
3.1669765208e-25 
-8.4821478271e+02 
-3.2370387198e-19 
-1.6563811101e+17 
-1.9872365962e-21 
-2.9858722593e+19 
1.6428942444e-24 
4.1393492401e+32 
6.8530225545e+13 
-1.9142923042e+25 
1.2250078775e-20 
-1.3331460789e+25 
-1.9257489408e+10 
-4.1527269238e-17 
3.7019803985e-19 
-2.3927341309e+03 
2.1870136792e-20 
2.6571001574e-26 
1.3784414703e-35 
8.7981306937e-16 
2.1573502000e+07 
-4.4364484789e-28 
-3.6894665050e+26 
-3.6007090586e+12 
-2.6437711360e+09 
1.8644119543e-18 
2.8938960603e-11 
3.9838325636e+16 
1.3690726448e-22 
2.9855239916e-22 
-2.5669199050e-18 
-2.0161879177e-21 
3.4481394844e+27 
3.3404032092e-19 
-1.2199692625e+29 
-1.1567185119e-35 
4.9716027206e-06 
2.9894722502e-06 
5.3503206000e-03 
1.3446204404e-15 
-1.6634881908e+38 
7.7872537870e-38 
3.3128645571e-18 
-6.0663561198e+17 
1.8962977889e-32 
-2.0853203093e-38 
-4.0741981162e-25 
1.2062019372e-14 
-1.3799985394e+20 
4.3143250228e+18 
6.8632392612e-37 
7.8885457756e+12 
6.6782945319e+27 
-2.3271994051e-34 
-4.6193923617e-24 
6.1914131599e-09 
-9.8702319326e+21 
1.2924044961e-34 
4.2767213608e-23 
9.4481113363e+14 
1.5192399662e+19 
3.3626457616e+27 
4.4558971855e-13 
-2.0488856360e-02 
-3.2774528809e+03 
5.1916668689e-36 
-2.3981736755e+02 
6.5863696972e-24 
4.0797132286e+29 
-2.5944075525e+23 
-4.2658481739e-17 
1.0782558783e-29 
-1.1474998610e-33 
9.8150793750e+05 
2.0348796987e+16 
8.9121952209e-15 
-7.2831238640e-07 
7.8214057617e+03 
-1.5596232288e-06 
3.0475769561e-32 
-1.1755871672e+19 
-1.5182071929e-18 
-2.4262448232e+35 
-1.0379818714e+26 
-6.5525243287e+33 
2.0804751589e-21 
-3.3892600596e-37 
2.3863875584e+10 
8.3100474044e-32 
-3.3765746767e+28 
9.0924646635e+16 
2.4546968765e+38 
5.5654083772e-12 
-1.6627091374e+13 
-9.4298142167e+30 
-2.7773699474e-16 
3.8858171552e-02 
4.8177112678e+12 
4.9134893894e+35 
-1.5738165215e-09 
-2.6939797063e-37 
-8.5269141546e+34 
2.3713556584e-03 
-3.3287617564e-01 
-3.6614009857e+01 
-9.3416236118e-13 
3.9876259304e-13 
-4.1272557841e+24 
1.2187810657e+17 
3.8396047763e+27 
-1.3825545264e+31 
-1.1037980754e+12 
-2.2162946984e-26 
-2.0435422897e+01 
1.2373566302e-24 
-7.0085958513e+28 
5.9678789228e-02 
2.1733487265e+35 
2.5266225732e+17 
2.7844836104e-21 
-2.7144310996e-02 
-2.0159178945e+14 
-2.3895950748e-27 
-1.3176969740e-22 
7.2519908167e-32 
-2.6054599041e-18 
4.2881770134e+00 
-6.4825256960e+09 
5.1924966444e-21 
2.2189573428e-05 
1.2430095554e-29 
1.6196731456e-10 
-2.5058829922e+16 
1.2768295537e+28 
-1.5937287680e+09 
1.6916339466e+26 
1.6069845454e-09 
3.0429665938e-33 
-6.6726610348e-11 
3.3632398082e-12 
3.5319329834e+02 
4.6763357257e-18 
1.7923061413e-30 
9.6213575301e-12 
-3.1373371094e+04 
-1.4013168073e-31 
-1.9174437120e+09 
-3.2154190625e+05 
1.9758281996e-04 
1.0282998585e-28 
-1.3788078707e+36 
-7.5762230218e+31 
2.0433727488e+10 
-2.4983320394e-26 
-1.6678027725e-33 
1.5526693854e-20 
3.5356175360e+09 
-2.3804703834e-20 
2.6206307200e+08 
1.6403569607e-03 
-4.8861302238e-14 
1.5018587974e+33 
7.5262539089e-02 
1.4275381725e+31 
2.0054399158e-28 
-1.5273366247e+34 
8.6462809890e-31 
1.4668318223e-22 
-9.5988510353e-33 
-9.4276880413e-28 
-1.0425937023e-11 
1.5489098022e-27 
-7.9005281280e+09 
-1.7430855660e-03 
-4.1454232084e+34 
2.8348517910e+36 
-1.6829336000e+08 
-1.1872124308e-28 
1.4349314880e+02 
1.8411436800e+09 
4.0473140167e+29 
2.9289700985e+00 
1.9049496551e-38 
-8.7344395094e-33 
-8.1088492188e+04 
-7.8457303204e+12 
1.6636083516e-13 
1.0706492800e+09 
1.0070755213e-16 
2.2457240000e+08 
-4.3571478536e+37 
-1.0111787560e-04 
4.4198448382e+37 
-5.2194707200e+08 
1.4268077464e-36 
-3.7885637721e-04 
5.3765467642e+14 
-4.4916200524e+23 
-1.4335805246e-36 
9.6275337998e-24 
2.6325604006e-16 
3.7254133821e-01 
-2.5444388666e-31 
2.6905890554e-02 
6.8541913572e-38 
2.1003254623e+21 
-9.4647140133e-23 
-3.1938965504e+10 
7.4235147238e-01 
7.5133504028e+37 
2.7273672529e+37 
-2.0307537852e+32 
5.3340468675e+12 
1.9250490573e+11 
1.3375802664e-03 
2.3605018476e-21 
3.2249745377e+26 
-1.0370262909e+02 
-5.6137853445e+32 
1.7065657377e+00 
-1.2751941140e+12 
-1.6649787831e-13 
5.5820812288e+12 
2.2030346208e+15 
-7.4365997066e-33 
-8.2614218207e+17 
6.4233239527e-07 
-5.6676495666e-25 
-5.2404148579e-22 
1.6403144121e-10 
1.9308480148e-07 
-6.6650719058e+27 
1.5114031071e-16 
1.8897697438e-24 
-2.4166362297e+35 
3.5228704082e+25 
-3.9468017463e-31 
-4.5577981070e+23 
-5.1328388692e+31 
2.9058984573e+35 
6.3440475025e-33 
3.4975491622e+26 
1.8876765496e-38 
-7.4467873289e+25 
1.4308041474e-34 
6.2716475114e-15 
1.0895993340e+13 
7.6669112682e-14 
2.2635931600e-06 
-7.6195379020e+13 
-7.8557129068e+25 
1.5478836962e-11 
-1.3814407260e-31 
1.1777861235e-20 
-1.1036925131e+36 
2.0462031732e+35 
9.2504406692e+36 
3.0743885932e+15 
4.3787342499e-35 
-8.2131987221e+29 
-3.0934140266e+28 
2.2916035985e+27 
-2.6256053580e-20 
-4.0346596875e+05 
5.0671582130e-07 
-7.4514152527e+01 
1.2514962582e-03 
-1.0403405948e-31 
-2.4367010595e+30 
2.2948653092e+20 
4.3224569410e-02 
3.5683519569e-24 
6.1746174309e-14 
3.9786202085e+19 
2.2788759951e+23 
1.2781190162e-04 
-4.0525575619e-15 
-6.8443785134e+13 
-1.9798326309e-28 
-6.3462930484e-06 
6.8011708135e-18 
8.9394969370e+25 
2.6456707173e+18 
-9.1870884233e-09 
-1.5812084894e-04 
-3.0513360153e+22 
-4.5545216000e+09 
-2.4506453977e-26 
1.1880435279e-35 
-2.5041121094e+04 
-1.2708771722e+16 
6.8185896937e+19 
-6.0121066112e-12 
-1.7668703092e-21 
-1.2426775766e-36 
5.9015772317e-22 
-1.5722500740e-24 
-1.3878652094e+16 
-4.2181049633e-16 
-1.0950462000e+07 
            nan 
2.6608401196e+32 
2.4070340388e-08 
-1.7220773714e+14 
1.0873054440e-18 
-1.4292296953e-02 
-2.2188470834e+34 
6.4709086230e-22 
6.5427703326e-34 
4.7310246737e-04 
4.4670889282e+02 
-1.2718640800e+08 
-1.9407469027e-16 
4.2114831574e-35 
8.1659956453e+32 
2.7925704936e+35 
1.9507379350e+31 
1.3455038000e+07 
5.8197984328e+20 
-3.0193372247e-09 
-7.1707049528e-26 
-3.3176820783e+35 
-2.7252736655e+12 
1.3605080286e+17 
2.8526092327e+14 
-1.8535523200e+08 
-3.7695261612e-15 
-3.2489877111e+16 
-2.0020778141e-35 
-7.8577322058e-14 
-9.0064766265e+15 
-3.9971006207e-15 
1.0801271932e-20 
-9.7598094181e-17 
2.0270648275e-15 
-3.1850740795e-11 
1.3703623563e+24 
-3.1145627962e+25 
-1.9412730209e-37 
7.0038752556e+00 
1.0393149368e+35 
-4.2003852988e-16 
1.0038332008e-18 
1.0470106623e-36 
1.0075429005e-37 
1.7019393802e+12 
-8.3062004089e+01 
-1.0305036994e-04 
7.8138272367e+32 
4.2576901051e-18 
-3.1211911143e-32 
-5.1658761187e+20 
-4.1280530775e+35 
-2.9367518425e+00 
2.1488180542e+02 
-9.1408530051e-12 
-3.8704171870e-38 
-4.7884677734e+03 
-1.4574201107e+00 
-1.3105475227e-04 
-3.7321393750e+05 
-3.5734151374e+36 
-8.5232291894e-05 
1.0245420252e+31 
4.8232290983e+31 
-2.3760126628e+36 
-1.5962559570e+04 
3.6141372425e-20 
2.2613540543e+17 
1.0993639200e-29 
-6.4206547621e+21 
1.5955375687e-08 
-7.2666796314e-07 
6.3492348418e-03 
-3.2476155085e+12 
-1.2950372800e+08 
-8.8584108171e-32 
-1.6488056750e+12 
-1.2359623958e-12 
4.1677400098e-25 
1.2630065369e+38 
-6.6596975327e+00 
1.1501690198e+25 
1.0533026942e-37 
6.7011050968e+28 
3.9185518026e-01 
-1.4414243693e+13 
2.7221581337e+19 
-2.3023494769e+23 
4.1319919475e-31 
3.2535950388e-13 
-6.7778118056e-34 
-2.7744048000e+08 
-1.8400175089e+14 
-2.6292441413e-02 
-2.9095560523e-28 
1.3114909350e+30 
2.1085737189e+13 
-1.7927347384e-09 
1.2459288597e+01 
4.3023869395e-01 
-8.4972467448e-05 
1.9529943027e-22 
-2.5684201738e-25 
1.1747232897e+21 
1.3830642718e-30 
-1.5708052914e-10 
-1.2076579621e-37 
5.1525857879e-28 
-9.2638572369e-07 
-8.5193703283e-33 
-2.6835905438e-28 
3.0147512069e+30 
-3.6260704590e-14 
2.7421716309e+03 
5.1784329567e+22 
-7.0952518943e+12 
-3.8304957428e-08 
1.6438790600e-16 
-2.7924102917e+23 
4.2000241233e+17 
7.8099381844e-28 
-1.2105843903e+30 
1.1942492714e-33 
-5.5642266638e-16 
2.3782521852e-36 
-9.3319119099e-10 
5.3847108965e-23 
-2.3022204976e-10 
2.0745690263e+38 
3.0798976707e-27 
1.0120298386e+01 
3.0669869247e+22 
-4.0149017334e+02 
-5.5137565359e-03 
-1.1795214998e+16 
1.8031996000e+07 
6.2291131166e-16 
7.4426063982e-16 
-3.1197436942e+30 
4.1374748230e+01 
-3.2248506694e-27 
-7.7858288000e+07 
6.6826544176e+23 
6.7772862147e+23 
-2.8708385071e-04 
-2.4142253624e-19 
7.4798531813e-09 
-3.0186357267e+19 
1.2899319292e+26 
2.2766407065e+26 
4.4867177734e+03 
2.5961623361e-15 
6.5496334400e-07 
-8.0135053071e-37 
-5.7812654752e+13 
8.0456624232e-23 
4.2193476334e-22 
-1.4525090965e-18 
4.2508028119e-21 
8.4651003990e-32 
-7.4712704614e+11 
-1.4478153428e+35 
-5.4748212363e+13 
-1.6496372293e-34 
2.2960067921e+28 
-1.7519147508e-15 
-1.3867588922e+36 
-1.8626976892e-25 
9.6120021688e-17 
1.0481396786e-16 
1.7885956115e-28 
5.9251152887e-28 
2.2645336516e+23 
-1.5928038597e+01 
3.0588849565e-28 
4.8252153747e+28 
-3.5029528809e+03 
-9.9921914834e+34 
1.6242080015e+24 
1.7019879565e+27 
-8.4037990895e-22 
9.0996891141e-33 
3.0091036780e-34 
-1.4839538861e-37 
1.9205456780e-08 
4.2771133007e+31 
-4.3003368660e-26 
-1.8673713709e-32 
8.7475692640e+26 
2.1428250390e-35 
7.0730088120e+27 
1.4285694127e+29 
1.9696482672e-13 
-1.6310594199e-31 
3.4462098847e-04 
6.8119280606e+21 
4.4985062631e-14 
-6.7228209401e-23 
-2.2884251648e+10 
-1.1888959000e+07 
-6.9755391678e+27 
-3.8818461558e-26 
1.3444878750e+06 
1.5631182993e+28 
2.1033676964e+12 
-5.3327510497e+22 
-3.3376496011e-10 
8.9651940918e+02 
3.1263614369e-19 
-5.5216353280e+09 
3.1743111987e+11 
-1.3469601187e-35 
-2.0966248182e-10 
-3.7756552351e+21 
-5.2874013761e-13 
-5.4156396072e-04 
-7.7021115000e+06 
-1.9152786765e-19 
8.3201670250e+14 
4.3578108000e+07 
1.7386919318e+19 
6.1444933526e-03 
8.6948950744e-22 
-4.5802247411e-11 
7.1553335361e-37 
-2.7854206000e+07 
1.5651094555e-32 
4.7024895321e-04 
-5.9634400054e+23 
-2.9061731200e+08 
-1.4126814436e-15 
-5.4454999049e+21 
4.7723368912e+37 
-4.9676822825e-19 
-5.4650296923e-18 
1.6914200146e+29 
-1.3509380506e+11 
-2.2522338161e-10 
5.9685265358e+15 
-1.3954817317e-02 
-5.2136575110e+26 
-8.7063425456e+33 
-1.8078001022e+01 
-1.6213670051e-06 
-5.9718041790e-21 
1.0387479375e+06 
-5.4625869475e-30 
-1.5685300836e-09 
-6.5167528012e-23 
1.0288602468e-31 
1.4909630628e-31 
-1.1512054809e+13 
3.8537051140e+34 
5.9535427803e-12 
-3.7660719437e-33 
-3.3780231968e+19 
1.3281442804e-28 
1.3665380800e+08 
-2.1239604939e+21 
-7.0459580416e+10 
-1.0298508909e-23 
-1.6626653405e-06 
5.3182731656e-12 
-2.1154258027e-28 
4.6862621096e-21 
-1.4174593844e+29 
-2.8175068160e+09 
-1.2379093393e-30 
5.0006481524e+18 
-1.1835385708e+32 
1.3331157048e+22 
-5.6258813423e+22 
2.8135122665e+31 
4.8549516635e-36 
7.5092938823e+18 
8.9618967802e-10 
-1.1561007104e+10 
2.7260185421e+29 
2.9783503851e-04 
-5.8174968963e+22 
4.7526993750e+05 
-1.3058965643e+32 
1.9411962181e-34 
4.3803676204e+15 
5.4518969600e+08 
-1.7692211162e-15 
-7.6425077730e+37 
-4.7752647525e-38 
2.4029019367e+25 
1.2269515200e+08 
2.4822360353e-22 
4.9346807746e-18 
-1.0449600066e+14 
-4.4648261566e+23 
-1.4049298079e+37 
1.3781639934e-01 
-1.9890763958e+15 
1.5387640463e+12 
2.8674755441e-14 
-2.1520418236e-26 
-6.4292630036e+12 
4.1251602432e+11 
-2.6743193600e+11 
-9.5949030393e+27 
-1.7649796331e+18 
-7.5415504456e+01 
-2.6712869141e+04 
7.5690420798e-17 
-1.6025526469e+13 
7.7589968859e+27 
9.7460107658e+34 
1.5800972144e-16 
4.5601284755e+26 
-3.5626618061e+11 
5.1401721600e+08 
-4.1602512774e+31 
2.9914417092e+26 
5.0188961904e-04 
3.9587214534e+27 
2.7911593037e-08 
-2.8972281856e+10 
2.0288263147e+21 
-2.8772926037e-33 
4.4245035725e-26 
-2.7340987433e+12 
-1.3483760512e+34 
5.6093782780e+32 
-1.7398424332e-26 
8.3675195000e+06 
-1.7826549481e-07 
2.5082611543e-08 
-3.3069221743e-17 
2.8773502000e+07 
6.0044246094e+04 
-1.0222279375e+06 
-5.3212761555e+13 
-1.5051423572e-02 
1.7840051133e-19 
-2.2603515507e-22 
-3.1088942531e-09 
-1.1490550584e-32 
-2.0557026133e-12 
-9.8027810867e+33 
4.5679848262e-17 
-1.3354129030e+20 
2.1101458227e+12 
5.2500339768e-37 
1.4709626427e+35 
1.4970778227e+00 
6.3162211841e+14 
4.4990307617e+03 
-3.4636895681e-18 
-5.3592635000e+06 
-6.3777081309e+34 
3.0658544729e+27 
-3.7400915473e+22 
7.7099984884e-01 
1.7534806406e+27 
2.2763678095e-11 
-3.1752622595e+27 
2.4520519618e+29 
1.6436847031e-38 
-4.1566804685e-36 
3.5304554788e+25 
            nan 
-9.8788950016e+10 
-3.0333036629e-33 
7.0482862238e-17 
1.0766057693e-15 
-5.2183309328e-18 
2.3162198564e+17 
-1.4920724282e-33 
8.1294792013e+15 
1.4327676816e-19 
3.6613382612e+18 
2.4344232477e-16 
-6.9925361819e+16 
6.2401153400e-07 
-1.3405594255e+35 
-4.5008024371e+11 
2.0333035162e+34 
-4.1551861079e+18 
6.0533848669e-21 
4.0168331003e-15 
-5.8359065056e+00 
-1.0040958888e+28 
9.6886264000e+07 
8.5657194238e-19 
2.5847980413e-28 
-8.2331434363e-26 
-2.4315626907e-36 
-3.7785318341e-07 
1.1687151300e-06 
5.2820492868e-08 
4.9867523262e-29 
4.8501857714e+15 
-8.7378113765e+21 
1.4670852963e+22 
4.5985434904e-10 
8.1392037998e-08 
1.0176749219e+05 
7.8593534198e+12 
-1.0064279375e+06 
2.7864436649e+18 
1.5071830040e-31 
3.0116041600e+08 
-1.8323825198e-34 
-1.0126828846e-12 
4.5871311061e-24 
-1.6178985929e-09 
1.4075418719e+18 
3.3297810976e+33 
-3.4542228019e-12 
3.3303481043e-27 
-1.6560296875e+05 
-5.6992911808e+37 
4.0476969020e+15 
-7.3796609995e-29 
-1.5791097496e-07 
2.2486325353e-02 
2.3368121094e+04 
1.2444780531e-33 
2.2313960052e-38 
9.4566720724e-01 
8.1600028681e+17 
-2.6349895919e+28 
-1.1178907073e+32 
-1.3552119999e-37 
-2.4549892076e-16 
-5.2987360954e+00 
4.7157605171e+11 
-1.5481718343e-35 
-4.9360282963e+36 
3.0374249129e+31 
8.5802675200e+09 
9.3867668152e+01 
1.7093861710e+31 
-2.6721318500e+20 
8.8812283494e+11 
1.0508191159e+32 
3.0947583718e+25 
1.6882878650e-37 
7.1703614645e+15 
-3.4568196875e+05 
-1.7760331267e+37 
5.7580022587e-17 
9.0496780090e-22 
1.5573924255e+02 
-1.4716610588e+36 
3.2538473511e+02 
7.9914562404e-02 
1.0878277501e-29 
-8.4754097074e-09 
-1.4409949393e+24 
-5.8080029297e-22 
1.8065959594e+28 
-3.9303779200e+08 
-1.9991772381e+23 
-6.1243220453e+14 
-7.6057398246e-07 
2.9204968960e+09 
-1.1863135271e-26 
6.0534787500e+05 
-1.5375113158e+33 
1.8984121045e+29 
-3.2921296130e-22 
1.4176156385e+12 
-9.9181410000e+06 
-8.0193526535e+17 
1.2695015812e-06 
5.0639142713e+20 
-2.2753871094e+04 
-2.6256485727e+22 
9.6105569601e-01 
6.7870405287e-23 
3.7098987077e-11 
2.2360908371e-36 
3.7499591721e+12 
5.8928345533e+37 
6.2758400358e+15 
8.7069536338e-24 
4.5761396875e+05 
9.3679172147e+30 
-5.1659010403e-09 
-1.9138046400e+08 
4.2376171679e-31 
2.3401098438e+05 
2.8978574225e-36 
-2.2573133732e-33 
3.0785408465e-37 
-1.0108677421e-23 
-1.0735064334e-14 
-6.7455120827e+18 
-5.7319682617e+03 
2.4269183770e-15 
-1.1338516440e-15 
-7.0252550616e+27 
-1.1241250108e-18 
-5.9112898168e-36 
-1.2955521464e-21 
6.2491685821e-21 
-8.3853322635e+37 
1.6857519531e+02 
-7.5061683814e+11 
2.3039430582e-18 
-5.8535404205e+01 
5.3077910805e-30 
-6.7330507812e+04 
-3.8356421120e+09 
1.1448029456e-30 
3.2979439129e-04 
-3.3864991565e-05 
-3.7502610137e-25 
2.7326946261e-10 
-4.3223894006e-30 
9.0334757193e+25 
-4.9799257812e+04 
-7.1477084546e-38 
2.7303745931e-09 
1.6671695293e+29 
3.9928485000e+06 
1.1074557711e+17 
-4.5712346036e-05 
-2.3490084852e+38 
-5.6449153744e+17 
2.6296010280e-39 
9.4937287207e-30 
-3.0716183608e+17 
-2.2050347558e+31 
-1.3045876513e-35 
1.1551526893e-25 
4.3733401489e+02 
3.9711622651e+20 
-1.6882010112e+10 
3.7821735393e+29 
-7.1533537126e-18 
4.7631012632e-13 
8.3652254885e+28 
3.9242782593e+02 
3.6686670035e-02 
2.9138737645e-08 
-1.2516845886e-22 
4.1783177180e-20 
-1.4361066286e+36 
-2.1474002501e-21 
3.7108517718e-03 
-7.2442445879e-24 
2.3368553174e-37 
-2.1618018963e+24 
-3.5877805948e-01 
-5.7311748460e-15 
3.3544890825e-29 
2.0161883216e-21 
-7.9551861760e+09 
-6.6209547317e+28 
1.2614748181e-14 
-2.1217435752e-28 
-2.3315315048e-05 
1.1092837804e-24 
-7.7582485250e-14 
-1.1927095296e+10 
-1.2519603191e-24 
-1.5071412261e+20 
1.3328271452e-03 
1.5543283895e-02 
1.7461819458e+02 
-2.9606569922e-27 
-3.7572207715e-13 
1.1818446400e+08 
-1.2616212017e-20 
3.0084500224e-08 
1.8594312644e+14 
3.6272392039e+24 
-2.7831930950e+27 
7.2894621155e+14 
-4.9280078769e-36 
-2.0066505727e-38 
-2.2847818855e-06 
4.5480013000e-07 
3.3208010864e+02 
-2.7900306278e-24 
2.2734893700e-17 
1.9683881024e-17 
1.1568480256e+10 
-2.2612985232e+35 
-2.5504100000e+05 
1.8056963384e-01 
1.1950122405e-20 
2.0091224030e+31 
-2.0951464241e+23 
3.0855351381e-31 
-5.3268257833e+34 
7.6455656528e+32 
-8.4055579234e-27 
9.3996993655e-07 
-1.5135573743e-26 
-2.3265142595e+15 
1.9392191376e+17 
-1.8567510332e+28 
-5.0561836342e-26 
1.1198820800e+08 
-1.0317007249e-09 
-7.9450787500e+05 
-1.5533142973e-16 
4.1732921206e+37 
5.0598028110e+26 
-6.5684545470e+16 
-2.4848841131e-01 
7.7075576144e-08 
4.2264948626e+28 
2.0897206328e+17 
-9.4911789531e+13 
-4.8307856055e+14 
-2.0079678103e-21 
-1.0874335370e-16 
-1.9669836363e-20 
5.8637920000e+08 
3.8985145516e+13 
-3.4537259701e+26 
-1.2388670654e+03 
-9.1473450884e-03 
1.4803823687e-36 
-3.4283285266e+15 
-3.8142060374e-16 
2.5374291465e-02 
-1.0003925948e-31 
-1.3562288113e-32 
-5.9897115012e-37 
1.0194318954e+15 
5.2608295498e-09 
-4.0941515367e+15 
2.5591328540e+26 
-8.5513867987e-08 
-5.4343935102e-02 
5.7627253787e+24 
1.0181614115e-32 
2.4822253628e-11 
1.8646368005e-07 
-1.1998210727e+36 
2.2303962032e-04 
-9.2517714947e-03 
5.6933116729e+36 
-1.2061558594e+04 
-5.6338712514e-27 
9.2633479198e-07 
-9.9818574985e+30 
-7.0183712175e-09 
-2.0240426563e-14 
1.0215836553e+17 
2.4488419848e+26 
-7.4296512260e+26 
-4.6323176944e+19 
-3.8678382407e-04 
-2.4970898438e+05 
-8.1920022634e-31 
2.5105916937e+17 
-1.5746810396e+15 
-9.7638258012e-07 
1.2341390600e+23 
3.8940103962e+21 
4.2772230202e-11 
1.4894712822e+25 
-5.5367832699e+12 
-2.6736067996e-35 
-6.3806177280e+09 
2.6109227827e+11 
6.0172795904e+10 
6.6888215400e-22 
7.2622350045e-28 
1.1627798842e+21 
-8.8731244574e-11 
-1.1224204345e+37 
1.9974627970e+28 
-1.4358357420e+17 
-2.7097736745e+19 
5.3081516631e-16 
9.6811622353e+20 
-2.8433840128e+10 
-1.8468819292e+26 
1.2617794495e-36 
1.0102302213e-06 
-7.6918953990e+21 
3.3025209401e+13 
1.3839842250e+20 
-5.3656630000e+06 
1.5930475689e-11 
3.3004983544e-22 
2.2124744963e-37 
-5.6746179325e-05 
1.1511669159e+02 
-1.4550547200e+09 
3.0532195200e+08 
-2.6492637500e+06 
-1.5768956946e-16 
-4.3813892659e-20 
-1.6550683921e+34 
3.4569420800e+09 
1.1457215098e+23 
-1.1198418808e+24 
-6.8525907239e+22 
-7.8952342512e-28 
2.5265307648e+10 
1.2413427734e+02 
-1.5143820253e-34 
1.6601280000e+07 
-1.9117851257e-17 
4.4457926095e-30 
-7.5647488273e-11 
4.3645703794e+30 
-7.5180232525e-03 
-6.4760047790e+31 
-1.2605223958e+27 
-3.3767341137e-15 
1.6391026497e+37 
3.9157832532e-10 
-3.9525285124e+24 
1.9026245117e+01 
7.0179520000e+06 
-6.7204000611e-15 
3.1657791107e+33 
1.5056058872e+31 
-1.1017316812e-37 
8.2952336339e+21 
-1.0573383673e-20 
7.7669752373e+14 
1.0905679287e-37 
-4.5096120447e+15 
8.9696566147e-12 
-4.2176348586e-22 
5.0331466681e+33 
-7.7423737821e-06 
3.1909550346e+22 
-7.9388161429e+31 
9.4617697330e-32 
-4.0283919321e-13 
1.5054765212e-09 
-6.9031648664e-31 
-5.9693050503e-10 
-4.1109693774e-14 
-4.7095002432e+33 
-6.1029440000e+06 
-4.9080848694e-01 
-1.4384154457e-28 
2.1603429643e+20 
-2.4807840000e+06 
-1.1879383237e-06 
-5.2450047160e+20 
3.1182285713e-22 
1.5478610992e-01 
7.4019812396e+20 
2.3486804962e-01 
-4.9511909485e-01 
-4.6755424595e-18 
-1.3657759174e+32 
-1.2145462036e+00 
2.4333244871e-17 
3.0722946048e-31 
-4.4910470024e-05 
-7.8037211605e-19 
1.4362348222e+31 
4.2044726562e+02 
2.3027796456e-24 
-1.2486409217e+27 
1.3289994105e-12 
3.0551252562e+27 
-3.2856209408e+10 
-1.3367354335e-08 
-1.4671887428e-27 
3.9347883314e-02 
-4.0985944064e+10 
-2.4815674311e+26 
8.2478272000e+08 
1.4935187147e-13 
-3.7744631097e-13 
-1.8004241653e-08 
1.4102401552e+27 
2.8840481065e+38 
7.0547741163e-37 
2.7516479492e+01 
-1.2211364864e-23 
-2.4638969774e+36 
-5.6081787109e+01 
2.4563107224e+34 
-1.0507748643e-15 
2.4654453366e+38 
-4.6613393351e-05 
5.6168437500e+03 
-2.9098490344e-27 
1.6056790785e-37 
-1.4077846722e+27 
-3.3497472000e+07 
-6.3391962350e-38 
1.2725583718e-38 
2.2205383574e+13 
-6.8115477916e-06 
5.9471822848e+10 
-1.4966016405e+23 
4.4779018650e+11 
1.9528548352e+10 
-1.0638132153e-07 
-1.1358289920e+09 
9.1086118509e-34 
4.0583722406e+25 
6.3160887934e-27 
4.4975699559e-35 
-3.4336144070e-36 
-8.5140480726e+30 
8.4096603814e-07 
-5.5260892775e+26 
-2.0457725896e-20 
1.2329814597e-25 
-3.9411825550e+31 
6.4326430423e-32 
3.0335064322e-11 
1.1395872388e+27 
-4.9972067261e+02 
-6.1078568960e+09 
2.5829630125e-39 
2.3858506117e-22 
-2.9315866215e+16 
-4.1813811200e+08 
-4.7478250000e+04 
-1.0541576368e+25 
-7.1257457356e-36 
1.2655067136e+10 
3.1863211071e-15 
-4.9196892160e+09 
1.0662736889e+23 
-1.3041164988e-27 
3.2906507463e+28 
6.4580383301e+00 
-1.9370055317e-17 
5.9992514696e-20 
1.7085197338e+31 
-1.2951031585e+34 
1.7782363892e+00 
6.7179869491e-35 
7.8571650677e+16 
3.7102820816e-12 
-2.8221438697e-07 
-9.4461917877e-02 
-1.3740744653e-12 
-2.7806484092e-27 
6.0434579512e+27 
-3.6276200000e+05 
2.8130118499e-22 
-2.8432841789e-36 
8.3369316207e+24 
-1.0964525881e-19 
-1.2462296473e-10 
-1.8935028122e+13 
-1.2450482698e-17 
2.3205889131e-30 
-1.1618282336e-08 
4.7356105600e+08 
-1.8539724800e+09 
-5.6906216892e-25 
7.1885337395e+12 
-3.4609650218e+35 
-4.3727224693e-05 
1.7619109710e-26 
1.1841147314e-26 
1.3707523999e-37 
-1.2724666368e+10 
6.2105639417e+16 
-5.2409010981e-38 
4.9247465229e+35 
-5.7735497058e-27 
-3.1421824000e+07 
1.9504563183e+15 
3.9740598729e+32 
-1.4116429241e-25 
-8.9169423798e-22 
-1.1502111854e-18 
1.2554618903e+15 
-4.7428466797e+01 
-8.1258999529e-11 
2.5310503536e-26 
-7.2610502578e+29 
9.3454720000e+06 
7.1393733378e-06 
-1.5450641513e-03 
-7.7276126831e-07 
-1.1617124081e-02 
-2.0538698131e+37 
-1.9232037274e+11 
-3.5693888817e-11 
-2.6652027736e-04 
2.4384743276e+33 
1.8080910982e-14 
-4.6197013501e+27 
2.6513797808e+14 
-4.6267425662e+30 
-1.5626434076e+19 
-7.8239636991e-10 
2.4525117563e-23 
-7.1015025996e-38 
6.2370681536e-14 
-6.7768723966e-08 
7.7656955628e+26 
-5.7801064419e+35 
3.1412561441e-10 
1.2214488449e-29 
2.3542412464e-09 
-2.5335214604e-25 
6.6191562500e+03 
-6.6491297868e+27 
-8.4120649381e-21 
9.8214745522e-03 
9.8368480553e+28 
-3.0385351562e+02 
-1.4014531974e+14 
1.5709886725e-09 
-5.5625903883e-10 
5.4231253429e-21 
-1.0861755939e-10 
1.3489089370e+24 
-1.6028581290e+21 
7.1222713765e+31 
-2.3871562449e+13 
1.5360950534e+15 
-3.4717260178e-09 
-1.4980061594e+11 
-3.3538057867e+27 
2.6710078374e+23 
-8.3917439679e-35 
4.3334385753e-01 
1.1949039196e+21 
-2.8500625981e+12 
-1.0425068433e-16 
-2.5539195711e+34 
1.0463024244e-15 
4.9198206398e-07 
-1.4934546113e-15 
1.2551116800e+08 
1.6434233871e-33 
-4.0135546491e-22 
-7.1334766298e+20 
4.1745095782e-32 
-2.3792913280e-22 
1.2470546875e+03 
2.6910456131e+23 
5.4953600264e-15 
4.4882947200e+08 
-9.7466731233e-32 
-6.7227046818e-25 
-3.1353594688e-25 
6.0824396092e+22 
-3.5222805736e+25 
-7.8430871552e+10 
2.3362599411e-33 
2.2345156283e+18 
-3.6264603125e+05 
3.8729846191e+03 
1.4947889867e-25 
2.5405054537e+18 
2.0055006191e+15 
-1.3863265037e-30 
-9.4107235782e-06 
-1.1749546758e-24 
3.0861552194e+37 
-2.1653408973e+11 
1.1974842266e+24 
-1.2173583984e+02 
-6.6882057346e+21 
3.1266201600e+08 
-8.3851492188e+04 
-8.6718275993e-15 
7.5537327211e-04 
-3.5479931171e-07 
-2.9218430000e+07 
-1.9542530694e+15 
-1.9887551653e+37 
3.3249894400e+08 
1.5881310766e-27 
-2.3997237570e-31 
1.5329734712e+16 
1.9200143697e-09 
2.6807256768e+19 
-1.1120904198e-08 
-2.6604237022e+36 
-3.2668829071e+16 
-1.2463847014e+11 
-3.7583397783e+31 
8.7145378995e+21 
1.4381098466e-18 
9.9030880024e+31 
-1.5606996936e-19 
2.5869390161e+31 
-1.1341870694e+11 
1.1273348554e+17 
-1.8538762747e+22 
-9.2935044918e+27 
3.0661409798e+21 
-1.1687193976e+19 
2.1505320132e+21 
-2.0846422200e-28 
2.4866831908e+30 
-1.1649443868e-20 
-1.1553178413e+35 
-1.3714737274e-19 
9.4702015611e+12 
6.0656731437e+25 
2.5257671581e+27 
1.3917497403e+38 
1.0399382920e-23 
1.8823010211e-20 
3.4854351713e+31 
6.6971490575e-09 
-2.1737966309e+03 
2.1953593750e+03 
-5.6074573432e+29 
-9.6849794538e+15 
-2.2593684449e-37 
-2.3687065600e+08 
-1.1361080580e-34 
-9.1300559967e+33 
2.1737947519e+15 
5.9006107323e+31 
1.5695650341e-20 
2.4700338489e-20 
-1.6433497620e+02 
-9.2312847451e-21 
1.4423626526e-36 
-1.0442542196e+21 
5.7241205126e-02 
-1.6580497669e+38 
5.8622535270e+11 
-2.2051977982e-25 
-1.2103844526e-29 
1.8841044669e+24 
-7.4812792707e+22 
5.0484679680e+09 
-1.1242061777e-34 
2.6935380505e-20 
8.1346303205e-07 
-1.4323743119e-25 
-4.0875239289e-15 
1.2421304460e+15 
-2.3680899733e+38 
-1.3783486987e-38 
-7.8587193802e+24 
7.0399153174e-09 
-1.1864803844e-14 
-4.3724007327e+37 
1.4686690974e-08 
-1.8043551679e-12 
2.6888639953e-20 
2.2281876657e-16 
-6.4362547487e-32 
3.5189614279e+22 
2.5303502029e+11 
-3.8852172540e+37 
-3.1891616527e-03 
-4.4064004000e+07 
-1.3773889000e+07 
-3.1514171828e-10 
3.0599060418e+36 
2.9519934352e-24 
-5.1003330784e+33 
-9.3569388939e+22 
-2.2344017261e-11 
-1.2230211716e-34 
6.2935468550e+21 
-2.0469380915e-01 
-1.8253790329e+35 
2.3606660856e-14 
1.5710717893e+30 
-6.1912387584e+10 
2.0753026971e+29 
5.2567920774e+23 
1.4230194027e-23 
-1.3045897489e+28 
-3.2288005179e-19 
-5.9541250647e+19 
-7.4339128320e+09 
1.2347957490e+33 
-2.1506018975e-30 
1.0947433975e-24 
-6.1689092000e+07 
3.3951064849e+20 
5.6318232813e-34 
2.2011569430e-22 
6.2905624509e-04 
-1.6128998061e+14 
4.8111572266e+01 
3.1748834621e+17 
-1.5903425506e-35 
-4.9428021903e+12 
4.2818934156e+15 
3.1063375000e+04 
-2.5825716097e-20 
2.1845409284e-27 
1.8158337819e+31 
1.4585679130e+26 
5.3873605000e+06 
2.4612919663e-37 
6.6579304269e-37 
-6.9531815471e-37 
-1.0545485673e+23 
2.1359423808e+38 
1.0151998974e-30 
5.4433156818e+31 
2.3754813427e+16 
-1.0564156336e+25 
1.2149511349e-05 
3.2760292470e-06 
5.8762884849e-25 
2.1803056769e-23 
3.4063948435e-32 
4.2572137772e-23 
1.0303164345e-05 
4.9333802535e-36 
-1.5887386982e+34 
1.4482018338e+33 
-2.5605572608e+10 
9.9202387818e-17 
-1.2135887915e-22 
-1.6433030454e-37 
1.2624144525e+14 
1.7686495574e-38 
-1.1676325921e-25 
-1.4252353326e-36 
3.8338142261e-29 
-1.4227188477e+04 
-7.9601081848e+01 
-2.4556824266e+17 
-2.2100672763e-35 
-3.0538416240e-09 
-2.3277206544e-17 
-6.2594875497e+23 
-2.1754267836e-35 
2.3338512179e+32 
-2.5073451648e-10 
3.6108592976e+19 
-1.1971347874e+13 
3.0145106316e+00 
-1.8105905689e-19 
5.5207316186e-25 
-3.8794384212e+34 
1.0114239000e+07 
-1.0383215379e+18 
-2.4984523571e+11 
-7.9860765353e-13 
1.0090437552e-25 
8.3573585552e-11 
3.8927163458e+13 
1.8391098982e+12 
8.7338234230e-16 
-9.4712247038e+26 
-1.4258283471e-22 
3.6378540425e-16 
-4.5264203125e+05 
-7.5706116054e-16 
6.3174067383e+03 
-1.0162754940e-21 
6.3256491845e-19 
-2.1031054202e-03 
1.4353957079e-28 
-1.3756257672e+23 
-1.5265049413e-02 
-4.6433971890e+14 
6.2088030973e-05 
2.9514980750e+24 
1.7458452833e-16 
-6.4861317120e+09 
-7.2951053794e-19 
1.5788137912e-24 
-5.7294805718e+21 
-1.0896235526e+21 
5.8379993085e+21 
-6.0128288169e-05 
6.5061685018e+16 
-8.3581201303e-23 
4.8288435689e+28 
-3.6706245018e+11 
-5.3937838525e-30 
-2.7904585060e-22 
-3.6439854260e-25 
-9.8949090509e+11 
2.4227190680e+17 
-7.6233301295e-19 
-2.4858633175e+12 
-4.0626458718e+34 
1.1274677858e-09 
1.0669374258e+25 
1.5790300852e-16 
5.4792423487e-38 
-1.8913514556e-32 
-3.9728657663e-29 
1.3646292380e-16 
3.5410492785e+12 
-9.9319530406e+30 
2.8446237203e-19 
-2.8394447393e-26 
-1.5599076578e+18 
-5.2721327011e+35 
-2.5060871680e+28 
-4.9873571260e-34 
-5.0605114106e-28 
-7.6971569797e-04 
-2.2111117616e-36 
2.2041657388e-10 
5.8107389123e-08 
-2.6097674823e-30 
-2.3609081856e+10 
5.8038596119e+26 
3.7589256727e-33 
3.2542376953e+04 
2.5546852352e+10 
-5.2507282474e+33 
-1.3449613312e+11 
1.8029901540e+31 
-2.5219352670e+23 
-1.6039913826e-38 
3.7236151496e+18 
2.5025122500e+06 
3.7713171317e-31 
1.1978506441e-36 
7.3311752000e+07 
3.1140136021e+24 
4.7715414180e+12 
2.9025239813e+34 
-1.6752117881e-14 
1.4112214353e-28 
6.4887531102e-02 
-1.7319561914e-02 
5.4238753906e+04 
3.3071767803e+25 
5.7432974179e+37 
9.7677228275e+20 
-1.0629808070e-32 
-1.2149560004e-11 
-3.1692238990e-03 
-3.1214893951e-12 
1.3374536531e+24 
2.4039019162e+27 
6.9143523988e-32 
-3.8886596492e-36 
-9.0172350933e+33 
2.0151400000e+08 
9.2623917870e+21 
1.9250115894e-34 
-5.0218045521e-29 
-3.2868003845e-01 
-2.5431145155e-16 
-6.0942511326e-32 
1.5509046037e+21 
3.5711822510e+00 
-6.5791040000e+06 
1.8559488000e+08 
-3.7085227250e-11 
-1.7017412460e-34 
-1.0699094273e-02 
1.1381278099e-32 
5.8412200507e-36 
3.0021099650e-18 
-1.5605763765e-03 
5.0745604000e+07 
1.1527064811e+35 
2.0549153717e-18 
2.6643477433e+17 
2.6392865857e+25 
-5.0419827967e+20 
-1.4604871705e-33 
1.3886008084e+17 
3.8989770942e+37 
2.6456666946e+01 
-2.9099175724e+31 
9.8993410399e-31 
-3.3688380004e+17 
-2.8377131039e-16 
1.9789268530e+21 
-3.2045324042e+12 
-1.2147780976e-27 
8.5709480286e+01 
1.0666619305e-29 
2.4015401400e-23 
-8.6858606869e-19 
1.0940956020e-14 
-2.6596960172e+26 
-1.7017593384e+00 
5.6408962786e+25 
-1.7398668850e-19 
-2.2957190250e-23 
-1.4393358910e+26 
2.9607557735e-05 
3.2226508800e+09 
-2.5377945622e-23 
2.2503593750e+03 
2.1430168999e-06 
1.5775292174e-28 
-2.7076085818e-09 
-1.8860856955e-20 
9.7016881300e-26 
8.3230515908e-35 
-6.5233237626e+19 
2.6429405056e+14 
-2.4106852781e+30 
-2.1201786926e-35 
-7.9547537615e+20 
-1.0280969462e-13 
6.6273951244e-37 
-5.8333496772e+17 
-1.2420022225e-30 
5.0558077269e-18 
-2.2077706582e-23 
-3.2416467045e-26 
-4.2221111961e-21 
-1.1061760132e-30 
-3.6819910656e+11 
-6.3161862383e-19 
-7.6495724198e+31 
9.0754324198e-01 
2.2098001692e-30 
6.8749561599e-09 
3.0582310230e-13 
3.2996752088e+20 
-1.2808173411e-09 
-7.8491033118e-13 
1.4889620944e+22 
1.0143982609e+15 
-5.1603972412e-36 
-3.4935334809e-38 
6.3423935899e-06 
2.9347196000e+07 
4.1605084720e-13 
1.1499795619e-05 
1.1199831624e-21 
-6.5471496582e+00 
3.8027286455e-27 
4.9863270400e+08 
9.0118656000e+07 
-9.5923526580e+20 
            nan 
-5.1775638580e+01 
2.7911372256e+31 
-4.0104132787e-16 
3.7840240139e-25 
-1.0351487282e+26 
-1.3094698831e+31 
-2.8907135966e-15 
3.5013209470e-23 
6.3300849924e-38 
-4.1642229189e-04 
3.3960716905e-07 
-9.6718425258e+29 
-5.5293736949e+33 
-1.1383516846e+03 
4.8198083832e-17 
1.3225099182e+02 
8.9508645242e+31 
1.7860443955e-24 
-3.6303151666e-21 
1.5911036682e+02 
-9.1410798181e+36 
1.9924016231e+21 
3.7457582362e-38 
3.8552576000e+08 
-2.5113677979e+00 
6.6514296215e+18 
4.2278254880e-30 
-1.6501308533e+28 
5.7707449930e-12 
1.9393726054e+11 
1.5932416570e-15 
-6.1503227641e-13 
-8.4494961187e-37 
3.6895915032e-37 
4.8132376378e+34 
-5.9051308199e-07 
1.3565950385e+18 
3.1981376359e-28 
-3.5462919726e+20 
-6.6321206305e-09 
-2.1811892985e+28 
-3.8880521171e-23 
-2.4304959600e+26 
3.7203682500e+06 
-5.3393141602e-23 
-6.4848143268e+36 
-7.5018256986e-20 
1.7598896741e-35 
-1.4049635502e-03 
-4.5849632873e-18 
-1.5629347718e-17 
-2.8234011820e+23 
-6.4731896915e-28 
3.2166640895e-38 
2.8303543110e+18 
-1.2684166965e+31 
-7.6981741190e-01 
-6.8232981765e-11 
5.4894026725e-19 
-1.8797421875e+03 
-6.5696338610e-19 
1.0900460134e-35 
4.6973676919e-38 
6.0048109564e+15 
1.4358496094e+02 
9.4737289416e+22 
-2.1848591920e+35 
4.9635124207e-01 
5.6268211922e-27 
1.4726773620e-11 
3.8472603079e-34 
5.1130795161e-32 
-4.0711396023e+30 
4.2983655025e+28 
6.8999540527e+36 
-5.6176672768e+10 
2.5407605160e+32 
-2.0251873273e+23 
-4.6052219896e+16 
3.5549304396e+19 
1.2832665342e-38 
-7.1396113777e+12 
2.5485448079e+19 
-3.5280155533e-14 
1.8466533585e+38 
3.4190890119e-09 
1.3465361257e-34 
1.1293310040e+35 
-2.0022228121e+37 
-6.6713039710e-37 
2.0512388910e-28 
2.3647863182e-11 
-6.2293270598e-34 
-6.8528920764e-30 
-5.6806704899e-33 
-6.3176062264e-34 
5.9886489944e+22 
-9.4859340561e-26 
-1.7480895204e-13 
-2.9101596094e-33 
-4.8895370048e+18 
2.8562798014e-16 
1.0966348648e-01 
4.0495827417e+21 
3.4701973200e-03 
-1.2599502952e-07 
2.1484217419e+27 
8.4180406242e+29 
3.1236556824e-03 
3.3015153809e+03 
-1.9498722840e-13 
-2.1704390319e+19 
1.2119051965e-33 
1.9363299661e-25 
-2.7680975709e+26 
1.9424240000e+06 
-4.1034299371e-17 
1.6955227912e-15 
5.9943321516e-27 
1.5109120211e-36 
2.0352163119e-06 
-1.0284024634e-25 
-8.5456978306e-29 
5.0800243509e+21 
9.0915200000e+06 
3.3719843750e+03 
1.0032603799e+18 
4.7789998023e+16 
            nan 
-4.9374198914e-01 
-1.1017389051e+34 
-1.6463622451e-03 
-1.0470450790e+12 
-1.1023855209e-01 
-3.2491214870e-35 
-9.2580659200e+08 
-1.4982902030e-08 
-2.9073791985e-13 
-2.0668670151e-32 
7.7292127885e+20 
9.5452452698e+16 
-1.3129200418e-14 
-1.0362386426e+22 
9.5249280000e+06 
-9.6493440000e+06 
-1.9517337600e+08 
-3.1402391267e-16 
-4.0780651225e-35 
-8.0693492188e+04 
7.5072260227e-30 
-4.3953022119e-31 
7.4540543380e-19 
-6.8717067211e-16 
1.7449314880e+02 
1.8391635521e-20 
-8.2788856000e+07 
-8.2760400000e+05 
1.3107533136e-31 
-1.0393036800e+08 
1.2714136392e-04 
1.0055250000e+05 
1.1057682059e-07 
1.2386806533e-15 
3.4312486649e-02 
-3.3173195207e+38 
-9.2780112928e+24 
2.2610624484e-10 
-2.3382985428e-38 
6.7906500000e+04 
4.0918625350e+22 
5.9664764331e+36 
-1.9139367934e-27 
4.2740361167e+35 
1.7659931473e-07 
-1.4212219469e-30 
1.0559060340e+29 
2.9608200000e+05 
-4.5671203364e-15 
9.7972357343e+33 
-2.4948006795e+18 
1.6588047147e-03 
5.4423354712e-11 
6.7603025400e-09 
6.8535707072e+22 
-5.5128860474e-01 
1.6101947988e+32 
1.3163868884e-09 
-5.8312317562e+33 
-1.0184334964e-01 
3.2891694002e+23 
-7.4113238897e-29 
-7.5810454803e-08 
-7.1297587200e+09 
1.4719803392e+11 
-4.4555228006e+25 
1.7294887066e+15 
8.4629295786e-22 
9.5720210811e-04 
-5.1127040000e+07 
1.1443786621e+01 
9.3001503841e+15 
-5.2680504797e+18 
7.9846555806e-35 
1.2812181871e-12 
3.7605118672e-14 
9.3446916871e-12 
5.8929331208e-38 
-6.8193457992e-08 
9.4964882525e-35 
-1.4254088047e+38 
4.4165888000e+07 
-8.2283184783e+12 
-1.4456895893e+31 
1.9440049073e-06 
2.7660585431e+29 
4.3691756711e+33 
1.8804203137e-06 
4.1245997412e+24 
-1.3663366701e-26 
-1.2064560000e+06 
-1.0247444301e-18 
2.4417193020e-37 
1.2819948278e-36 
-2.8431007548e-12 
-1.0729733158e+25 
-3.8336829371e-12 
-2.6890182340e+30 
-3.5342943448e-19 
-1.4790755583e-28 
8.3224004080e+14 
-2.2678198217e-36 
-2.4610717841e+24 
-4.1316642785e-32 
-2.8628829898e-32 
1.5894445033e-38 
-1.2453185683e-32 
-8.8456147382e-31 
-1.0251972229e-24 
2.1992088531e+20 
6.1376240472e-37 
-8.1036698248e-05 
2.0537540608e+10 
-6.7667861003e-06 
-2.1562068222e+32 
-1.0093736645e+18 
-4.4887046808e+15 
2.8505168804e+17 
1.7049606562e+31 
8.8612480000e+06 
-1.4023947780e-29 
4.0631323447e-16 
4.2742317056e+10 
2.3158293026e+38 
2.0309768079e+32 
-6.2926225313e+32 
7.9238316916e-26 
-1.4079135053e-23 
-2.5655987053e-33 
-3.3081764463e-38 
5.7770810909e-28 
3.6413726807e+00 
-1.1100439453e+02 
2.6991547603e-21 
2.0368216559e-02 
-1.1888329315e+02 
1.0484996040e-26 
6.0895766535e-24 
3.0261508096e+10 
-9.6442326517e-38 
1.4302440217e+21 
-2.5347272725e-08 
-3.5930270720e+09 
1.2230555238e-35 
-9.4618168077e-05 
6.7263498161e+20 
-3.9497466637e+21 
7.3543687082e+17 
5.2435167851e-22 
-4.2701172357e-31 
1.6504774694e-37 
8.3317861951e+37 
4.6698970795e+01 
1.4185531797e-29 
4.2932248098e-32 
1.4415211953e-38 
-1.6987171218e-14 
1.4441972415e-26 
1.1797993138e-12 
-1.7764296875e+03 
-2.2601234713e-27 
1.1592763967e-15 
-8.8045217417e+26 
4.3226282287e-07 
1.1258591019e-33 
2.4569577472e+10 
-5.7656013405e-24 
4.2196064351e-14 
-1.9366797812e+18 
9.9529193750e+05 
-2.7517822000e+07 
-3.5496108085e+25 
-8.1937310874e+30 
-2.8027404074e-13 
8.7811707772e-07 
-2.2287498438e+05 
-6.0935268266e-05 
-1.5171868738e+23 
-9.6936525177e+36 
-2.3277801903e+18 
-5.0515675254e+33 
2.6405401303e-12 
3.9006202880e+09 
-1.8165036250e+06 
9.3519571246e+21 
-2.6497130749e-29 
1.1036180115e+02 
7.3715592623e-27 
1.1362896064e-19 
-5.2619331706e+24 
8.6008440209e+37 
5.0178865507e-08 
1.0449861877e+37 
-1.1339260964e-03 
-1.3242596477e-16 
1.9606742136e-25 
-3.8150983248e-30 
-1.1879143330e+21 
-3.2882283246e-26 
-4.4604246569e-38 
2.6077768909e+11 
-5.0804348060e+37 
9.4756634521e+02 
5.1491143028e-14 
7.4991923963e+32 
1.1598319906e-32 
2.1490014124e+28 
1.3700743693e-05 
1.1019419674e+25 
            nan 
4.1899910758e-28 
-1.7853444641e-31 
4.6109029171e+11 
-5.1146567870e-08 
-4.3711695293e+25 
3.2895748138e+01 
-1.7827077601e-16 
-1.3607422362e+11 
3.5992581844e+00 
2.5253745783e-23 
-3.5514176172e+31 
-3.7633696967e+21 
-5.8882337126e-24 
3.6984177179e-22 
-3.7938634771e-34 
3.7174008522e+28 
2.4969452992e-02 
6.9976236375e+24 
-1.8517717464e+29 
-1.9184195112e-14 
-1.8690702768e-36 
1.6178373043e+28 
2.2572241292e+23 
-2.0427092843e+24 
6.5211555033e-21 
-3.6044502319e-24 
3.6269093900e+27 
-1.6753821733e+28 
-3.3898425060e+23 
1.0213118545e-10 
4.5445511205e-05 
-3.7071562342e+11 
1.7159268800e+08 
9.8963890644e+22 
1.0965525173e-02 
1.1970735815e+20 
-9.0461677038e-10 
2.2036363377e+23 
-2.7889813950e+24 
-1.1345389847e+28 
4.1215942199e-14 
-9.0639421472e-34 
-6.8195718527e-01 
-8.3876785725e-12 
-3.0903664883e-03 
-6.0099121235e-09 
-2.4333454975e-17 
-1.0106910530e-22 
5.7482606053e-07 
2.9778000696e+23 
5.5626364029e-25 
1.2700386833e-05 
4.2368449123e+19 
1.2800020919e+14 
-1.7095413512e-22 
-7.1171055160e-11 
1.3529146103e-36 
-1.0283535597e+38 
-1.2024474298e-12 
1.7995255689e+24 
-1.1702720712e-06 
4.5446899074e+21 
-3.0865375625e+13 
-1.4279617874e+20 
-1.4135421722e-08 
7.4753340050e+35 
-1.0324584937e-10 
-1.8983806639e-17 
-1.5410495000e+07 
2.6282470891e-23 
-2.9564162871e-27 
-3.1593796875e+05 
-3.6182887939e-33 
4.2046661746e-23 
5.1972012342e-21 
3.4927805449e+19 
2.6076583601e-11 
-8.1278639714e+16 
8.9380470000e+06 
-3.8500899340e+30 
8.0238560262e-39 
-2.3013152559e+26 
-1.2240919706e+37 
6.1502585247e-09 
-4.1280411246e-18 
-1.7097931527e-34 
5.5112956000e+07 
-3.0466448826e+38 
7.7210938227e-26 
-1.8536579647e+37 
-1.2101807073e-23 
1.3342817318e+23 
-5.6375711089e-21 
1.4773142400e+08 
-4.6415525865e+35 
1.9624599811e-35 
-2.3444745880e+13 
-1.1174154934e-03 
-6.1868601685e-18 
-1.5802535604e-34 
2.0758665253e+33 
3.6975132157e-12 
4.0647904076e-24 
-8.7517083858e-11 
8.0779994659e+22 
-1.2489451251e-07 
6.9273443679e+18 
8.9012202272e+31 
-1.1921669417e-35 
-5.0716722980e+37 
6.2860864520e+13 
-7.1408785421e+19 
-2.2594091413e-15 
3.3033296183e-27 
3.1564546295e-18 
2.9557264497e-05 
-7.3265486966e-15 
3.4063565731e+00 
4.4084443311e-38 
-4.8644809902e+17 
-9.0973745464e-13 
1.8377429761e+19 
1.1127887145e+20 
-2.5224444291e+17 
-3.9844213459e-29 
5.6947687788e-38 
2.5281093193e-21 
-1.4989022472e+16 
2.8495372817e-07 
-8.5536066642e+31 
-6.4656667934e+28 
2.3650777067e-30 
-9.8274863802e-09 
-2.3151305600e+08 
-6.4835610416e+21 
-8.3919448037e-19 
4.8721230628e-38 
6.9756686687e-01 
1.0077749192e+30 
-2.6505593521e+17 
-9.0118347168e+02 
2.8580319706e+35 
-2.4070371094e+04 
1.0945187670e+25 
-1.6883637954e-06 
-8.4510255857e-26 
5.9216547974e+21 
6.0937094169e-23 
8.0307597393e-17 
-7.2291942388e-21 
-1.2459710560e-26 
2.0338918541e-36 
-5.4038154160e-12 
5.6266276543e-30 
-1.7494714011e-10 
-1.0980770460e-10 
2.2806656355e+22 
-1.0527656972e-01 
1.5977705270e-10 
6.5431396352e+10 
2.7454571949e-08 
-6.6566392000e+07 
7.1144313097e-22 
-9.6298492188e+04 
-1.1587859406e-36 
-2.5542611917e-20 
-2.4035757373e-28 
4.4952711168e+10 
-2.2778351903e-32 
-4.7386357188e-01 
1.5421303397e-04 
-2.2679393005e+02 
-1.1010303313e-38 
-1.1275447160e-16 
5.8076494510e-28 
1.6800395350e-27 
1.7305151937e+19 
-9.1763892127e+27 
3.0715544517e+16 
1.2108648174e+21 
-1.4065364282e+37 
8.4229395725e-06 
-1.2184746701e+33 
-2.4538566257e+19 
-4.4884224000e+07 
-9.3140070086e+37 
9.4934503637e-31 
-1.1254675312e+29 
-2.3694035683e+35 
-1.8207870898e+22 
-3.1017390644e-27 
6.1528402395e-30 
2.6717378310e-12 
-6.8241063936e+10 
1.4886101104e-26 
2.9323423468e-21 
2.7230480174e-39 
-1.2956690300e-15 
-3.0801989562e+26 
1.1210905600e+08 
1.5491428512e-37 
-6.0903360000e+06 
-1.0124073718e+28 
7.0056843727e-25 
-1.8650520692e-27 
-3.5147058952e-07 
2.0368984375e+03 
-6.0265881824e+24 
1.9853040000e+06 
2.0910644831e+30 
-4.6944481280e+10 
2.9593991674e-27 
-1.2435731524e+15 
1.7036379063e-07 
5.3205197208e+27 
3.9968631999e+30 
            nan 
-7.4808973867e-28 
-4.2994880676e-01 
-1.4980307068e-17 
-5.9780594104e+23 
-5.1801920151e-33 
-8.9005047501e-20 
-1.7900806418e-23 
-3.4752675534e-26 
1.0969457280e+37 
2.4496702194e+01 
-6.9013095700e-26 
-4.8012707528e-30 
3.0645371917e+22 
-8.3201460435e-19 
-2.1659358045e+23 
2.4483449579e-06 
-4.9954117019e+14 
2.0273297408e+10 
-4.4034272289e-31 
-4.5346704280e+34 
3.6516114874e-32 
-2.5193953262e-29 
-7.9192516914e-22 
3.0597365636e-30 
-3.8397925247e-13 
5.0121186573e-32 
-3.2202365219e-06 
1.5779837440e+09 
-1.1409508036e-30 
3.3356362539e+18 
-2.4928542560e+26 
-1.8720121094e+04 
-4.7533052659e-27 
-1.2375691343e-15 
-5.6142258504e+12 
5.9688756785e+32 
-1.4124977230e-11 
1.8841182095e+28 
3.2860001297e-17 
5.9713509039e-38 
-1.6512717500e+06 
8.8376228348e-38 
            nan 
-9.8034085597e-15 
-4.7344888000e+07 
1.8559113960e-04 
1.0369540908e+32 
3.6649650574e+01 
-2.0859944443e-26 
2.7681878455e-16 
-7.4696129312e+30 
-2.0360397500e+06 
3.5871971655e-21 
-1.2230280672e+24 
3.0433719094e-16 
-9.6097742328e+17 
3.9546461039e-07 
2.3156592993e-35 
3.9366904000e+07 
-7.1702865645e+35 
-2.8182555000e+06 
-1.9148502551e-20 
5.2675376400e-30 
1.8367363900e+35 
1.3970571280e-33 
-4.9230860073e+20 
3.6601130998e-28 
-1.1377093941e-01 
-5.9762865000e+06 
-1.7824231274e-36 
4.9193164913e+15 
1.5777137456e-28 
5.1758011978e-05 
-1.9160774031e+34 
1.7912007024e-05 
1.4170747167e+35 
1.0393481745e-19 
            nan 
-7.2042731205e-35 
-5.3357832134e-02 
3.6988863398e-17 
1.3178683179e+22 
-1.4886287442e+13 
-1.0574962452e-24 
1.6262586470e-24 
9.2665222168e+02 
-4.4389779200e+08 
-8.3013987500e+05 
2.5792750813e+13 
-4.7691063296e+10 
-1.0677112713e+38 
-2.2596063900e-06 
1.0985944271e+00 
4.7844310403e-22 
3.7934370849e-33 
1.7723233363e-13 
-5.8516672000e+08 
6.7961171623e-24 
6.6671417539e+31 
3.6345951299e-29 
-4.1167040073e+14 
-3.8827768000e+07 
9.5931611949e+20 
2.9961443482e-12 
2.9858167193e+38 
-3.9677545693e-09 
-9.8120122902e-19 
-1.2687795978e-25 
2.9965812194e-33 
4.2072350309e+30 
-7.8984960279e+13 
-7.6640305000e+06 
-1.0401257742e+30 
1.4511208094e+31 
8.6038265856e+10 
-1.2168683587e+36 
-3.4185570733e+14 
3.0981503983e-14 
-3.3063862010e+13 
1.1360830042e-35 
-3.6618536679e-24 
2.6441422385e-09 
6.5642489048e+19 
-1.6078770585e-27 
1.6470028511e+38 
8.5246759201e-27 
-9.9481987500e+05 
6.4646908034e-29 
5.2132775818e-38 
-1.4440299741e-33 
2.5400560772e-19 
-7.7149376000e+08 
-1.2430322822e-03 
1.6578231414e-17 
1.0830267618e-13 
3.7342189929e+35 
-1.7664378458e+25 
-2.0089727765e-37 
-9.6033306122e+00 
-2.8249673052e-24 
4.5648452620e+30 
-6.5584859765e-10 
-5.6085242188e+04 
-3.1995995045e+00 
-4.3245784908e-29 
3.2249937674e+32 
-1.6942942295e+18 
5.6090909243e-01 
3.8152866303e+21 
9.4370566456e-15 
2.7932915937e-33 
8.9171804054e+29 
-1.6399345121e+18 
-5.9040738704e+21 
-2.0629991680e+09 
-1.3207943250e+12 
-1.9242186401e-26 
-3.3298574854e-03 
3.4187333984e+03 
5.9676946544e-12 
2.8215796241e+16 
1.5464686130e-31 
-9.2637345590e+17 
-3.6148462831e-28 
-4.0750522161e+19 
6.0082951878e+20 
1.8826347077e-03 
-9.5478789577e+34 
9.2468720000e+07 
-4.3440287794e+27 
3.9222156319e-24 
2.3698223071e-19 
3.0562288256e-09 
1.8655186770e-11 
1.7520432039e-06 
-2.3675898438e+05 
-1.7062962319e-37 
1.8299518844e+37 
-4.3259286400e+08 
4.6317229617e-35 
-1.0265909623e-05 
-2.3250791134e-38 
2.2666497443e-06 
3.5376164368e+34 
6.4376339316e-02 
-6.5370775459e-09 
2.8060742768e+17 
1.2594274161e-21 
-1.5694701222e-30 
1.8417990115e-13 
2.0765038578e-09 
6.3638413983e-11 
-2.2513577938e+00 
3.8709666521e-23 
5.5930907838e-03 
9.7541806080e+09 
-3.0688403174e-02 
1.3316979712e+10 
-1.0824486907e-07 
8.3031813120e+09 
-2.5795192675e-34 
-1.1350623256e-20 
1.1782068791e+33 
1.7356614900e-31 
-1.4171659320e+38 
-1.1199715209e-29 
-1.0913100534e-30 
-1.2738958143e+32 
-1.5968037538e+34 
4.4803818568e-25 
-2.3919368130e-27 
1.1906181007e-24 
4.7449439141e+25 
7.8750750836e-17 
2.3536833940e-11 
-6.9232653464e-12 
4.8258060904e-35 
-2.9493703630e+16 
5.6438276096e+10 
4.8000801964e+13 
3.6248339087e+12 
-1.4508656776e-10 
3.2568814845e-07 
            nan 
2.2441344056e+21 
1.5965168670e+31 
8.0288800701e+37 
8.7328747461e-16 
4.8255878604e+21 
-1.3834317500e+06 
2.2049812729e+32 
-3.0220675584e-18 
8.6403509521e+02 
-1.0062827856e-35 
-2.3448774931e-13 
-2.0337337041e+13 
-1.6219032357e+34 
-2.1962110936e-36 
-5.6271670000e+06 
1.4664421824e+26 
1.3538212977e-13 
7.3787897353e+35 
-3.1489403248e+00 
1.0096792641e-36 
-3.5462291437e-10 
1.6052958720e+09 
9.3890307085e-08 
-7.8490760768e-24 
-1.7139270172e-15 
1.2607574001e-24 
5.1475575447e-07 
5.0937037485e+36 
-2.4955475829e+16 
-1.4289180082e-11 
5.5257340687e-38 
6.6706233025e+00 
1.1321405350e-34 
4.2245558218e-20 
-1.6104800799e+19 
-3.3180539479e-12 
-4.5280088559e+21 
-1.4639222888e+15 
4.6551943636e+16 
-2.0871662038e-30 
-1.1409026774e-04 
-1.9958599350e+36 
1.2169573600e+08 
1.1514957041e+29 
7.8012143080e-24 
-2.9499326439e-27 
1.4237053203e-10 
-1.1368378485e+20 
2.6238551804e-13 
-3.5892208000e+08 
-2.8938650521e-12 
8.6653327200e-14 
1.4509067281e-09 
1.1827044800e+08 
-1.2684812927e+02 
-1.3446579353e+23 
-2.4643240726e+17 
-5.2813307506e+22 
6.4058980419e-37 
-9.5291613694e-20 
-2.4125608444e+01 
-1.8821833094e-16 
7.0765040000e+07 
8.5914312606e+23 
-1.5555516826e+11 
-5.5980162870e-05 
4.8235018410e-12 
-2.1259634507e-33 
1.3309268227e-17 
-7.8261690073e+27 
1.3005873600e+08 
-1.3098217249e+00 
2.2442545869e-13 
-1.8854957307e-03 
-3.9437813182e-19 
5.6098619704e-35 
1.0453537841e+24 
4.4685455336e-09 
4.6054594219e-02 
-9.9355839853e-14 
-3.9446011033e-32 
4.1853747148e+21 
3.5153240064e+10 
4.6071629092e-28 
8.4634762850e+24 
-1.8284740011e-34 
-3.2504839498e+28 
9.2204365234e+03 
5.2937907170e+16 
2.0419696591e-19 
-2.3611703000e-05 
1.0899366434e-29 
-6.9138997305e+37 
-4.9957066417e+32 
-2.9264050176e+10 
-3.6663796875e+05 
1.4588057064e-02 
4.1141399843e-38 
4.7305316060e-37 
-2.9501977657e+38 
1.0277044656e+36 
2.9471445991e-17 
-7.6810685642e+30 
-8.5506253333e+16 
1.6973723723e-14 
1.1703515768e+14 
-1.6460678253e+34 
-1.4928659947e+23 
-2.0882207188e+27 
-5.1957573652e+32 
-1.2972951215e-15 
-7.7575147584e-37 
-1.0929053698e-16 
-3.6590559765e-37 
2.3810116109e-03 
6.1672625915e+25 
-2.3407322693e+02 
-9.0148393750e+05 
4.7331732977e-10 
3.3797438565e+15 
9.1146365599e-38 
-2.6473551993e-38 
1.2024407933e+33 
6.0218926227e-33 
2.5659622518e+34 
2.3982033708e+23 
8.7840287738e-38 
-2.2757314154e-13 
-2.5950205164e-20 
-6.5939615960e-25 
-1.9108525128e-37 
-1.4482043770e+21 
-1.4000560445e+16 
-3.6653193816e-35 
9.6198211198e-33 
-6.6768632000e+07 
5.4780754726e-04 
-1.4515902000e+07 
2.6848070205e+12 
3.7824928592e-16 
-4.9830932405e-16 
3.6386338652e-30 
-6.5444612366e-38 
-1.4260314112e+11 
-4.0664387418e-32 
-1.3903900981e-01 
-3.8708917797e-02 
-9.3057670020e-18 
-1.3355343872e+11 
-1.4830641176e-37 
-2.3299329530e-32 
5.4448362440e-02 
-5.3434642432e+10 
-7.4805973753e-36 
-4.5080996875e+05 
-4.4659491359e-38 
5.5749126823e+29 
-2.7042936320e+09 
-4.2109645632e-11 
-9.7320476330e-12 
-3.6932866160e+16 
-1.5875624418e+00 
2.2070506865e-37 
5.2517945245e-17 
4.2637781893e+12 
4.5540763367e-33 
-2.5381947971e+20 
-1.0517214596e+15 
7.0417210115e+23 
-3.9701098004e+12 
-1.9009042068e+16 
7.0333950222e-02 
-2.9289456971e-10 
-4.3418156963e-27 
3.7459570636e-30 
5.4442130054e-34 
3.1658016670e-19 
-1.3948221440e+10 
-1.2674753721e+28 
1.1756924034e-14 
4.6106510537e-13 
5.0270456000e+07 
-7.2463386306e+14 
6.5847189525e+18 
2.5725244076e-26 
1.0324743036e-19 
-1.4823975227e-26 
5.9258009060e-06 
-3.1415404379e-30 
-1.4788654374e+27 
1.5466238723e-30 
5.1625637460e-15 
1.9937394102e-22 
-2.4969810397e-07 
4.3503378402e-04 
-4.7484009615e+33 
-7.3410713272e-12 
-6.2944756962e-08 
2.0863284154e+21 
-2.2061413839e-38 
-1.0747304739e-12 
7.2604016691e+30 
1.5162364769e-22 
6.0039455419e+26 
-1.0184430746e-13 
9.9028732828e-17 
1.0293321057e-10 
-2.5773623047e+04 
5.0087216042e+15 
3.0823260872e+27 
2.8957222472e-36 
-4.7613314880e+15 
5.0617611123e-05 
8.0978698062e-35 
1.2428468221e-22 
-4.8709623921e-22 
-3.9867306678e-10 
-1.2426382728e-26 
5.0396996875e+05 
-1.8303805876e-28 
7.6291663676e+24 
-2.9199437535e-08 
1.2836557500e+06 
            nan 
6.1355195182e-24 
9.5195331727e-30 
6.9920904296e+19 
2.3408405410e+26 
4.2620409280e-02 
-2.8785444483e+32 
-6.9805329791e+20 
5.2244225620e+20 
3.7767786980e+00 
1.6446102180e+29 
-1.1421986678e+36 
4.9582187127e+25 
9.9090806175e+29 
3.1542504689e-36 
-6.1005549431e+00 
-2.9451249167e-02 
-1.6245892190e+35 
1.6589583158e+00 
4.4840158145e+24 
2.4051145554e+01 
-1.6615733985e+12 
3.0475543736e-27 
4.2040316800e+08 
-1.4457531309e-12 
-1.9759038542e-28 
1.0608275625e-04 
-5.5077583507e+14 
1.9108492739e+12 
7.8080630784e+10 
-1.9528989689e+23 
-2.5336456005e-34 
-5.1462664467e+22 
-8.6878045200e-17 
4.6626235000e+06 
-9.4274531410e+34 
7.8056635000e+06 
4.4095845711e-33 
4.3984039245e-25 
4.2686900356e-16 
-1.0391132318e-21 
8.4656761700e+32 
7.9320989041e+12 
3.8499039936e-36 
-5.5406260036e+24 
-8.2589854267e-35 
3.5909838867e+03 
-1.0038668668e+15 
-8.7862181679e-18 
-1.0826683893e+35 
4.0851507624e-39 
-1.1530539522e+26 
3.1415924834e+16 
-2.4461414867e+23 
5.3574528325e+26 
1.3061945796e-37 
-2.3599824999e-05 
1.2027798221e-02 
1.6742235764e-20 
1.1387094993e-35 
1.1128932134e-24 
7.3518045597e+37 
-4.6513417635e-38 
6.0125851780e-13 
3.1533067275e-15 
-2.7295466901e-24 
1.0964303706e+34 
-2.9257451912e+37 
-1.0815510865e-35 
1.4470696863e-09 
-6.6141110437e-05 
9.0360588580e+16 
-8.6036968000e+07 
5.8697012721e+21 
7.4067468750e+04 
-4.0198894539e+20 
4.6675555137e+23 
-8.7854462799e-25 
-3.6593167360e+09 
7.1897406505e+12 
-5.5970069468e-08 
5.0930951419e-20 
9.8785488961e-26 
4.2686056457e+16 
-1.8347996439e+27 
3.2574001945e-16 
1.5092651167e+29 
-2.3691568809e+32 
1.7447529398e+16 
9.2765251036e-10 
-1.2228806534e-28 
-3.1242534440e+37 
-5.5854271412e-38 
-2.6268441256e-19 
3.8721396875e+05 
-3.8305071080e+34 
-7.7010998785e+23 
2.6767404443e-27 
-1.9647796829e-28 
2.0710968922e+25 
5.9589215506e-11 
-7.3790644822e-22 
-4.8092596233e-02 
8.8208474791e+25 
2.6353231034e+19 
-6.5016516995e+15 
-8.0693684699e-14 
-1.3869152493e-09 
2.0361481934e+03 
-1.2420925520e+22 
1.6775536181e+13 
9.5282105030e-04 
-1.7684721146e-13 
-8.4657236776e-10 
-3.0492337214e+16 
1.1442287943e+30 
-2.1442754088e+38 
4.2541535282e-27 
3.7939096801e-03 
2.1984727064e+31 
5.9906029022e+19 
-2.6688548194e-18 
-5.5037578187e+35 
-5.8191941836e+28 
-9.2380015362e+14 
4.4900113494e-07 
-7.8923115066e+18 
2.7900210625e-05 
2.2875852756e+21 
-1.0338665873e-22 
9.6193640523e-29 
-5.8181573708e-13 
-9.7302461855e+30 
-4.4439334157e-11 
-5.4608395583e-10 
2.6221619214e-18 
-8.4305845691e-16 
7.4897167483e+12 
-4.2320689889e+12 
6.1394279480e+01 
1.4381435547e+04 
-1.5436842524e-18 
1.7562666067e+29 
-7.6765314105e-09 
5.7801422396e+22 
1.6795783514e-11 
-2.4868131689e+35 
-7.7991426743e+35 
4.3359435471e-22 
1.1963917500e+06 
            nan 
-3.1600196820e-38 
-5.0123386330e-08 
-2.7916634030e+29 
2.5954138153e-27 
1.2612974146e+33 
-2.4442875293e-20 
-2.8114377511e-19 
2.8322815895e-02 
-3.0717969014e-37 
-7.5233203125e+02 
9.7377384571e-26 
4.3829847654e+11 
-4.7276224656e-36 
3.2265125000e+04 
-2.5079619864e-19 
-5.5577459583e-24 
-1.3013941248e+10 
-9.1554492188e+04 
3.2807239811e+13 
9.3537158615e+33 
-2.8079184937e+12 
7.4626987631e-20 
-6.8687246358e-16 
-1.8517094564e+12 
6.4942335876e+20 
-4.3182714353e-33 
4.6897108846e-30 
-1.2939613587e+19 
-2.1912937502e-13 
-1.4537915316e-09 
-5.4226473885e-28 
7.9692192352e-27 
1.5111844312e+22 
-1.7719672557e+33 
-3.5166081845e+21 
9.8886618354e+15 
-1.9108905569e-09 
-1.3583208206e+14 
-2.5838516875e-27 
-1.2805025887e+20 
-1.1806174413e+11 
-2.7124326607e-06 
-1.6964015424e-18 
9.0091298218e+24 
-3.8405990547e-16 
-1.4605959295e-29 
6.5121262051e-35 
-1.1238814295e+24 
-8.0724936612e-33 
-3.2155870515e-38 
7.1589997205e+36 
6.4287936687e-01 
2.4137850851e-02 
6.5442304353e-11 
1.3663399111e+26 
1.4548802917e-24 
-9.2384157112e-29 
-7.2827238177e-26 
1.4817984165e+29 
1.0613565156e+27 
5.7844477703e-21 
1.7952054031e-28 
1.2735962448e+22 
1.9576563532e-33 
5.1256291518e+22 
-1.1699615978e-02 
-3.0472723302e-03 
-6.2381222943e+37 
1.9238366485e+38 
1.9103971689e-29 
-7.9496478271e+02 
1.4658071921e+18 
-8.4709061131e-26 
-9.6686107200e-14 
-7.6216184625e-26 
-9.3566116226e-13 
-2.7566400822e-03 
-6.5752242335e-06 
-7.4645286064e+16 
7.7644393750e+05 
3.5772081465e-02 
2.4649585758e-12 
4.5024971871e-27 
8.9755598419e+33 
-2.6644873047e+04 
-4.4744182618e+26 
1.6837441536e+10 
-2.9646143331e+30 
4.5736829911e+13 
1.7854738203e-22 
-1.4390762887e-11 
-1.6684235154e+26 
-9.5490130579e-20 
-2.7269865386e-03 
4.1528387168e+34 
-1.1259412946e-33 
1.9888008049e-36 
-1.2053908110e+00 
3.5321794989e-37 
-1.9415392308e-03 
1.0040419995e-35 
5.4207964319e-36 
4.7354615888e-12 
-1.3452247201e+33 
-1.5542540550e+01 
-3.7186888512e-03 
7.2141553086e-34 
-1.3336596567e-05 
3.5772972176e-38 
-1.0461392434e+22 
-9.2879396107e-05 
-1.7754181186e-25 
            nan 
4.3605338090e-11 
-6.4467979566e-11 
-2.9478038893e+22 
3.3910509535e+13 
1.0335807000e+07 
1.7824369097e-13 
3.0652776603e-33 
-5.1876863830e+32 
1.5099540307e+31 
1.3373600628e-36 
-2.7440831065e-01 
1.4829859487e-33 
8.5277680671e-18 
-1.2805026158e-34 
3.1558366720e+09 
1.1190396212e-13 
2.5242651367e+03 
-5.9628092699e-25 
-2.6864020480e+09 
1.2027244622e-07 
2.0659183727e+30 
-5.9051768000e+07 
2.1113321363e-36 
-1.5975482656e-12 
-6.5236100611e-16 
1.6890858154e+03 
1.3797474749e-38 
5.0100142784e-11 
1.8401887461e+38 
-3.7014576793e-01 
-6.2120850198e-03 
1.1702656549e+22 
-1.1139795572e+35 
-1.0343457039e+18 
-1.0919161862e-14 
6.7050179428e-13 
-3.7569347595e-35 
2.9351338794e-21 
-9.5668056747e-04 
3.8992879077e+32 
-6.3843005891e+12 
-5.9899726340e-15 
1.1493056462e-07 
-4.6843336766e+31 
-1.3812256727e+25 
1.9965538283e-13 
7.6388175964e+01 
-7.6086963200e+09 
-1.1524280662e-11 
-7.1709158400e+09 
1.8210325241e+01 
-1.3775303958e+36 
-1.8531981313e+27 
-1.3029186523e+04 
2.6367100777e-12 
2.8604311798e+12 
2.9605610127e+13 
-1.7885136080e-11 
4.0194184902e-27 
5.1407049600e+08 
5.6567801658e-12 
2.8929177151e+35 
            nan 
-6.5037754879e+34 
-3.5978948751e+27 
-3.3018497338e-27 
-3.1810019840e+09 
4.1265403003e+12 
8.2169585583e+15 
-1.5358213425e+01 
6.5185541657e-20 
-2.0199748491e-18 
-7.6915583611e+00 
-3.0540570821e+13 
-2.2161252975e+01 
-4.2570101819e+24 
-6.3905313255e-06 
2.4228835481e+18 
6.0212023410e-27 
1.7951989026e-20 
-1.0874868999e+32 
-7.8590307617e+03 
9.3579177740e-10 
1.0624990185e+36 
5.7617412096e+10 
-5.9269166907e+21 
-3.0562726144e+18 
2.1696197752e+15 
-2.1899037500e+06 
1.0768703013e-32 
1.9617871203e-06 
-3.2082123047e+04 
3.2871837500e+06 
-1.5872700842e-24 
-9.8893186320e-38 
2.0250385823e-34 
4.6938404913e-35 
3.3945457780e+19 
-2.9690494000e+07 
-4.4132996875e+05 
-1.0055999000e+07 
-3.5515894989e+11 
3.2284994676e-36 
8.7667169492e-29 
7.2286580866e+33 
-5.1967648317e+34 
-3.4392291236e+24 
-3.7225724000e+07 
-1.0087677297e+12 
1.0508371051e-03 
-1.2420925358e+12 
2.4741881446e+11 
1.3687226176e-01 
2.0917772124e-38 
1.2609470789e+17 
8.8559847048e+21 
-7.0899283361e+33 
1.0184151220e+36 
2.1709779333e+21 
-9.3115135315e+26 
-2.2136860055e+15 
1.0206324514e-03 
-1.3424091751e+29 
-4.0601111095e-07 
-1.3533213746e-15 
3.9565075726e-16 
1.1552986452e-14 
-2.0656558750e+06 
-6.4290590654e-18 
7.5873627594e+29 
5.0341527747e+24 
-1.6143823450e-04 
-1.8649560021e+38 
-1.4257531900e-19 
1.9072038535e+19 
-2.1935090463e-12 
1.8206409322e-06 
8.5677495226e-03 
2.3083780706e-01 
8.0148010827e-15 
6.5825997494e-27 
-6.0072677564e-28 
4.8046874286e+20 
-1.1382460713e-27 
4.0932009415e+37 
-1.8859373047e+04 
2.3018435245e+25 
-2.5698643204e-29 
-4.8880804692e+14 
-5.6912436277e+37 
1.0979541251e-13 
-1.7390798523e-10 
5.2291152094e-13 
1.0860667309e+18 
5.5342676205e-05 
-5.0603796875e+05 
6.6397705814e-04 
-1.7968229965e-24 
2.0777223062e+14 
-4.0777923584e+02 
-4.3070124229e-04 
-9.4523045391e-07 
1.8148523679e+27 
-2.1106404622e+13 
4.7150852097e+33 
-6.5438960099e+17 
-9.1652722168e+02 
9.1989968496e-05 
-7.8275504608e-22 
4.8461286400e-37 
-2.1514173809e+12 
-2.1460523669e-07 
2.1018854330e+32 
4.0443945035e-29 
2.8848626709e+02 
3.0726962959e-15 
-1.9962036299e-20 
-5.4937603078e-11 
-1.7324988695e-29 
-4.5152904091e+21 
-6.5774026660e-26 
-3.6940969522e-26 
9.5678060000e+06 
1.6878532467e-14 
-2.7965409284e+25 
-1.6224036585e+13 
7.1550831395e-14 
2.7028961137e-27 
2.9073098225e+20 
-3.5093395127e-05 
-7.4756956769e-21 
-2.0803583194e-13 
3.8389440626e-02 
3.4587495949e-23 
-1.0050507202e+03 
6.6383456000e+08 
-1.1386239070e-16 
7.5709277798e+11 
-2.0705835008e+10 
3.0710843857e-03 
-1.7095448857e-04 
1.9623803889e-16 
2.7679913984e+10 
-4.2341435000e+06 
9.2460317092e-07 
-1.6551857724e+15 
2.4693960639e-33 
-2.0392530491e+17 
1.4324370134e-08 
-7.0282975399e+17 
4.3526246094e+04 
-1.0687640188e-32 
-1.0443137363e-32 
-1.9341384392e+37 
4.7912802734e+03 
2.3714437212e+18 
-2.9021619619e+28 
-1.6432888184e+03 
1.2456537114e+31 
-1.7913872691e-32 
1.2609011190e+33 
-2.9629050000e+07 
-1.3937036414e-08 
9.2204919611e-07 
7.8246152071e+31 
8.2912752000e+07 
1.9856926799e-01 
-2.3413726012e-04 
4.1413068517e+20 
6.8927917164e-04 
-1.4310407615e-33 
1.7684598396e+27 
-5.3056163713e+30 
-1.0686098841e-15 
-4.2948409053e+27 
-8.7801058326e-16 
-9.9017370617e+33 
7.9991128467e-14 
2.7498845646e-37 
1.0391529667e+37 
1.3880395965e-11 
-4.7723248701e+28 
1.2110497284e+02 
-1.5832285663e+38 
-5.8681863546e-01 
1.0842883272e+27 
-2.7036373047e+04 
-4.1028101907e+15 
-5.4339877454e-28 
1.9541912807e-24 
-2.1297912503e-36 
9.0234806578e-19 
1.1966939814e-25 
-1.0237099363e-10 
6.4141043756e-27 
2.8296300062e+26 
-6.6949817912e-10 
-1.2694591032e-36 
1.2906593704e+22 
-6.0758313339e-05 
5.8694993992e+26 
-1.5741554018e-20 
1.4080488296e+27 
-2.6145640422e-14 
1.0904262960e-01 
-4.9696647315e+34 
-1.0534335022e-16 
-2.6417261711e-09 
3.6392177891e+31 
1.8747995257e+23 
5.4599132682e-07 
3.1753001965e-21 
-6.6622067155e-28 
2.2852528758e-08 
1.6761169952e+24 
6.9649108409e-21 
-2.4304242568e-21 
1.6019421184e+10 
4.3209512960e+09 
-2.9515581518e+32 
-1.0237895168e-31 
1.7449065536e-22 
-6.3235864028e-13 
4.4684500254e-20 
-1.2741930166e+32 
-4.8375104829e+24 
3.6019829568e-03 
-6.7552257121e-08 
-7.0517356507e-03 
2.8370536683e+20 
1.1652811523e+04 
-6.4418154144e-10 
4.7159235873e+36 
1.3315216657e-30 
4.8117385789e+12 
-2.0959101896e+22 
3.6886885644e+37 
2.6108866068e+12 
9.0434998397e-24 
-2.3572389700e-12 
2.7170512391e+36 
-3.3976417828e+19 
2.2504131111e-32 
-1.1244826264e+13 
2.5619702363e+28 
1.8820809600e+08 
-2.0864517897e-15 
-8.2478503418e+02 
4.4209430561e-10 
1.5263199463e+03 
4.3034569496e-27 
1.0875275000e+06 
1.9915897145e+31 
1.5301605538e-09 
-5.7776738281e+04 
6.4967570659e+24 
1.0112426887e+27 
-2.0336815715e-01 
-1.4095042408e-12 
-2.5725380070e+17 
-2.8153420805e+27 
-8.7404466629e-29 
-1.4038983929e+24 
-1.1938613950e+31 
-1.6235592707e+16 
1.5925937963e+13 
2.8108837597e+15 
-4.6229799355e-35 
-7.0563234590e+19 
1.0793756410e-28 
1.9541096875e+05 
5.3932409668e+02 
2.8785564063e+23 
3.3072720206e+38 
2.1421994639e-30 
-1.2522796381e+21 
1.5195052256e+21 
3.7806307773e-06 
1.4415007096e+34 
3.9246993750e+05 
1.1734242022e-08 
2.1148667431e+33 
2.3184879640e+24 
-4.3021966198e-12 
3.7513898094e-16 
5.5459794743e-12 
1.9207613879e-14 
-9.1763900424e+17 
7.1320462145e+26 
-9.5249408096e-20 
-3.4151088624e-09 
-2.3567619141e+04 
-2.2245424050e+17 
4.1684405240e-37 
-9.2386946404e+26 
-1.2819113670e-18 
-3.5639277025e-20 
-1.1674302378e+27 
-1.5135535136e-07 
-8.4558569906e+36 
-2.0751573773e+22 
3.3775718293e-06 
-2.2063617084e-21 
-2.7871121094e+04 
9.5779904763e+14 
2.3200469615e+13 
-9.4479367727e+16 
2.8249416446e+32 
1.6333890830e-38 
-7.0560462094e+36 
6.3548114253e-13 
1.1211819722e-23 
-4.8622553466e-13 
-1.1373783506e-20 
-3.3779118581e+24 
-2.7203432612e-34 
2.1171445527e+33 
-3.7292725218e+20 
-6.1680737417e-04 
1.9823009270e-22 
-6.2675539425e-08 
1.9638510328e+16 
9.4621824327e+24 
-2.6841901059e+33 
1.4234426140e-34 
-2.3051509681e+24 
2.0092319058e+37 
-6.4275399680e+09 
-1.6376125250e-15 
1.5823833621e-25 
2.4319597053e-15 
-3.5056256942e-12 
6.1981915772e+22 
-4.3426583087e-30 
4.1850798866e+14 
-2.1951741640e-12 
4.4577071939e-23 
8.7897319794e+00 
-4.2390264000e+07 
2.9507411114e+32 
-3.2324767625e-34 
1.2810909696e+10 
9.4264020467e-31 
1.7771693898e-25 
-7.7829876682e-04 
-3.2219332296e-36 
6.5331654637e+17 
2.1711810836e+36 
-1.9004344305e-35 
-2.2108384075e-35 
2.6020711193e-12 
-5.9472294230e-35 
3.1376248580e+24 
4.7848522001e-30 
-5.1303572126e-23 
-1.5435087897e-25 
-2.9398656039e-38 
3.5057539208e-05 
-5.6558417473e-16 
4.2460330160e-15 
-5.6058695526e-31 
-9.3294959515e-03 
6.6938597195e-37 
1.2426152731e-19 
-8.9551343190e+14 
2.1322388299e-09 
5.8993089169e-07 
7.0876583457e-02 
-3.2357930224e-10 
4.4092926984e+13 
1.4066742067e+11 
2.4531590871e-16 
1.6286074733e+35 
-7.9156879986e+37 
-8.8634050121e-28 
1.4258843965e+21 
1.3567575654e+11 
1.7754474146e+34 
-3.8598920219e-03 
-4.5547339718e-18 
1.2524479967e-33 
-1.7773981011e+36 
7.5803307242e-36 
4.5978962887e+13 
2.6662651055e+34 
-2.0950321055e+19 
-3.6323979654e-19 
4.4850433073e-35 
-1.2965479947e-25 
-3.0718329668e+21 
-7.0665795980e+21 
-5.9720451919e+32 
-5.4549867520e+09 
-4.8356758400e+08 
-9.7633725055e+13 
-9.6128229295e+15 
-2.3487641659e-26 
5.4404537201e+01 
6.1818112831e+16 
6.0838479828e+26 
5.6313808746e-37 
1.4978637483e+34 
-2.0926975181e+12 
-4.0344327878e-09 
1.8773016053e+35 
5.8271705722e+15 
-7.4642182938e+37 
5.7154537201e+01 
-1.6409639680e+09 
4.5874055665e-09 
-8.6163115234e+03 
-1.9705714589e-36 
5.4381840596e+37 
7.5938880553e+14 
-1.4140903018e-02 
3.4869360984e+13 
4.9558445811e-01 
3.1739080786e+38 
-1.1915839000e+07 
6.8731283200e+08 
-1.4420406630e-21 
1.1532543200e+08 
1.7230286176e-07 
2.9363840000e+07 
-4.7084081425e-14 
-1.4285528002e-36 
-8.9036046436e+15 
8.5526500000e+04 
1.4020595700e-04 
5.0999901497e+26 
6.6787906894e+24 
-1.4784319000e+07 
-5.2630395701e-12 
2.9339441033e-12 
-2.0320860203e-03 
1.1744068520e+34 
1.7031351940e-35 
-3.1051874304e+10 
1.5933160128e-24 
1.2681150000e+05 
1.3606459332e-18 
2.0186556134e-25 
5.8263377074e+26 
6.7235053685e-21 
1.9047501562e+05 
3.3107250929e-03 
3.8355438363e+28 
1.0046603264e+10 
-7.7797063038e-36 
-3.9506838773e-11 
1.9099944622e+17 
-3.7570752126e+18 
-3.1124633789e+01 
1.9468304302e-08 
1.1412308850e+30 
-1.3936249497e-21 
1.2669251442e+01 
2.0772853355e+29 
-3.7464907120e+22 
1.7868233256e+16 
-6.6471199036e+01 
-3.3744754247e+21 
-2.3688257208e+12 
-8.8424725220e-23 
-1.3863799964e-27 
-9.4311424448e-08 
1.5088857152e-02 
-1.2561157346e-03 
-6.0119151876e+29 
1.2252150582e-31 
-3.4374550657e+25 
1.2969435120e+02 
-5.5370620254e-23 
-1.2474624288e+33 
7.2432434082e+02 
-6.2953930000e+06 
2.6400753805e-10 
1.0162655193e-35 
-4.0885578433e+28 
1.5764299316e+03 
8.9230551040e+09 
4.3950832427e+26 
1.6569993262e-13 
-7.0179742018e-09 
2.4066216080e-17 
8.8546079162e+29 
-6.3254997998e+24 
3.2156972694e-34 
6.3513582043e-22 
-2.6902618732e-16 
-2.4287135886e+37 
-4.0011228922e-13 
-1.4571303125e+05 
3.6828358288e-13 
-2.8023438050e-20 
2.6020124033e+13 
4.8458245341e+13 
4.4787167221e+26 
-1.2469942037e-36 
7.1509100965e-36 
-2.9245101823e-21 
5.6560601488e+15 
6.4647253906e+04 
-2.1775175822e+21 
-3.2604762014e+22 
2.1293807168e+20 
1.4712648735e-23 
-1.9278902030e-08 
-5.8195709952e+10 
2.1594174577e-16 
3.6941618444e+17 
-7.9056167603e+01 
-1.5913236907e-27 
-1.8779536953e-11 
3.4272883821e+17 
5.4355371052e-36 
2.4011140000e+07 
5.5100142862e+19 
-1.3609111075e-15 
-1.0806011034e-12 
-1.2492610817e-22 
6.5567283473e-25 
-1.2987078167e-02 
1.1796042853e+16 
-2.8145166580e-03 
-3.9096068000e+07 
-7.3348937680e+32 
-2.6900277475e+31 
-1.8974338849e-28 
-6.5488172290e-29 
4.4909039725e+15 
3.1960107520e+09 
-1.9950051608e-34 
-4.8699637526e+31 
-1.8415333226e+20 
-5.3016839101e-14 
-7.2951957009e-06 
2.1909481802e-05 
-6.0470317642e-09 
-2.7831642215e+23 
7.4824769762e-38 
-1.4252472133e+25 
-5.2687863887e+37 
2.3349626953e+04 
-2.3308190933e-08 
-8.0871439943e-35 
5.8796271651e+31 
1.1908487491e-17 
9.6028169416e+30 
3.8445442915e-03 
4.6675723182e-12 
2.9924194746e+23 
-1.4460122657e-05 
-4.3158725000e+06 
-5.3794962746e+21 
-3.1078951359e+00 
9.3195344282e+11 
3.6005080451e-38 
1.4575677311e-15 
            nan 
-8.2131368373e-09 
2.6168261898e+28 
3.7498585764e-30 
3.4529370729e-31 
1.3049880617e-38 
-1.8961361015e-20 
-3.8766351360e+09 
-3.8484007120e-01 
-7.7334730000e+06 
-6.0197032954e+23 
-4.7414334404e-05 
9.6889398662e-35 
-3.1270724535e-30 
6.1911456000e+08 
-1.2450281171e-22 
-9.5596040000e+07 
1.1821981526e+33 
-2.4990112305e+01 
-3.3571184761e+38 
-4.8549851136e+10 
-2.3260097413e+12 
-3.0248224587e+17 
-2.1254198401e-10 
4.1704171738e-20 
2.0490126953e+04 
2.0528378400e-22 
-2.8026841226e-17 
2.3218869268e-15 
1.1052180082e-01 
1.6908784756e-13 
3.8259664880e+18 
-1.2012663753e-08 
6.8713093269e+25 
3.1637474161e-37 
1.5300370828e-30 
-5.8281918180e-10 
9.7927947092e+13 
1.4653493464e-01 
-2.1000213237e-19 
3.8134643013e-14 
4.2859315872e-02 
-3.4545315135e-31 
-1.2258471148e-11 
7.2597125794e-13 
6.3211051993e-23 
-1.4685040000e+06 
8.3798869253e+30 
6.2673046875e+02 
-2.1156644412e+19 
-2.6288739932e+31 
2.0294120038e-38 
2.2878971004e+30 
1.4391266531e-35 
-8.4867638448e+21 
-1.1403616235e-36 
-1.6407921643e-28 
-5.1517325312e+10 
-3.8423389196e-03 
-4.5328079068e-08 
-7.0045888424e-03 
-7.2575639933e-05 
1.0469460879e+20 
7.0072802734e+03 
-2.0884585688e-35 
1.4026260376e+00 
-4.0761690359e+30 
4.8709858335e+21 
1.5641089600e+08 
-1.5430790552e+29 
5.3605035862e+32 
4.9777168747e-31 
-1.0862362035e-13 
-3.2906010823e+18 
-5.1153647310e-18 
1.0676374106e+27 
3.0104127884e+01 
-4.1983927646e-29 
-7.7735503932e+37 
2.2730382625e-03 
-1.1474431492e-02 
1.1776451562e+05 
-6.1648800926e+16 
5.8545365564e-36 
-3.9949284147e+11 
2.9108987443e-10 
-1.8002038300e-20 
8.3497722839e+24 
8.5572364906e+17 
-7.3721095665e-17 
-5.5825668000e+07 
9.8546301621e-22 
2.1073584510e+34 
-2.7541684631e-06 
-5.6277859419e+35 
-1.3199320815e-26 
2.6192725601e+26 
-1.0387400625e+06 
-8.6138327374e-12 
-1.4390403312e-32 
2.9305741767e-36 
-1.1914580550e-37 
-4.9097375760e+17 
7.2764648734e+15 
1.1927939135e+31 
-8.7366629486e-09 
-6.5548200681e-34 
9.1668598354e-02 
-3.4860780929e-11 
-2.3716039338e-34 
6.9333471107e+23 
1.1448115054e-21 
1.6156980800e+08 
-2.0847684813e+11 
4.9465753906e+04 
5.0904771934e-13 
-1.2102750442e-12 
-7.2116126420e-36 
-7.7725535120e-19 
2.4138631853e-34 
4.5351803125e+05 
1.7591101641e-04 
8.1785675309e+30 
-1.1478429755e+23 
6.9455933271e-07 
4.2830544688e+27 
4.7608404984e-14 
8.5764406250e+05 
8.7207468225e-16 
7.5862667259e-09 
2.1949383608e-06 
-5.6924361225e+35 
-2.0836006474e-31 
-5.6728065986e+22 
1.1480001000e+07 
1.1714490690e-35 
-2.0520529101e+11 
-1.1051067843e-18 
8.0917709114e-20 
-3.0205528291e-13 
-4.0636642500e+06 
1.3019249539e+16 
4.2674708376e-16 
1.8257740641e-31 
-2.5228503812e-23 
8.4003983563e+14 
-1.9844285250e+00 
1.5584127343e+18 
4.2526652339e-11 
-5.9044716787e+30 
-3.9042716835e-36 
3.6437263647e+12 
-8.0190315610e-31 
-3.4259532100e-08 
-4.8269520000e+08 
1.0207032375e-07 
3.1756519138e+28 
2.1849359776e+16 
-1.2110141063e+25 
2.2134537461e-36 
-5.7218401024e-12 
-2.6716964819e-28 
1.3312338428e-12 
5.1965913719e+20 
-9.3809606198e-38 
-8.8797595220e+15 
-4.0554294400e+08 
1.0650980965e-11 
4.7820041248e-14 
-1.0549314556e+28 
2.1695921599e+14 
-9.8665054930e-38 
6.1977702485e+28 
-1.0301863142e-37 
2.8345801401e-21 
2.1977543486e-27 
5.4654470717e+12 
-1.8321804235e+30 
-6.8665370214e+11 
-8.5524295979e-13 
-1.4254246536e-35 
-9.0697429946e+19 
3.3400585938e+02 
4.4059678037e+36 
1.1409311523e+04 
-4.0762939453e+01 
1.5877017600e+08 
            nan 
3.0875542068e-18 
7.6741349631e-07 
1.5998005853e+17 
-3.9477907602e-29 
-2.8623112192e+10 
-1.2820922681e+18 
-7.1962908053e-16 
-2.2452793698e-38 
-2.3986991792e+13 
3.3207395167e-10 
2.8534213961e-17 
1.8037378000e+07 
-2.5836227495e-18 
7.8081953141e-27 
3.2455129474e-17 
1.6668416560e-01 
-7.9614393900e-39 
2.2436705390e-37 
3.8892948998e+34 
-2.6806092562e-33 
8.6215836032e+21 
5.4983997803e-38 
-9.5301206250e+05 
-9.2442709208e-01 
2.6444374657e-31 
7.8639277514e+17 
3.1373700040e-05 
3.3677020108e+21 
2.6816530228e+01 
4.1893743998e-16 
-2.1891508343e-27 
-2.7968969950e+34 
7.4537397379e+19 
7.1152495179e+15 
7.1639224183e-20 
-3.8146976853e+33 
2.4497422497e+22 
1.8411452249e-18 
1.8023147583e+00 
4.0636962891e+01 
-1.3275542097e+20 
1.0881048543e+19 
-9.9909647094e-17 
-3.8794981083e-04 
-2.2482373047e+04 
-3.2038643829e-21 
-1.1282630777e+27 
2.0374506712e-03 
-8.9752548380e-31 
8.6643834880e+11 
3.3421198674e-20 
6.1756510610e+20 
-9.7061979141e-32 
6.8735737856e+10 
4.3456730843e+00 
1.6467768760e-26 
8.2797793566e+33 
7.2578451536e+32 
-1.9264437244e+31 
-1.0471349145e+31 
-5.0551236925e+29 
2.7147829056e+01 
1.2520032043e+13 
3.8368686908e-28 
5.3259517834e-19 
1.5327378511e+00 
-6.3637728713e-24 
7.3795704374e-35 
9.4403829605e+32 
8.6862934268e-07 
2.3190632000e+08 
-4.3032324000e+07 
3.8746561040e-04 
-1.6632987562e+25 
2.0948495074e+21 
-8.8545313338e-04 
9.8593025389e-26 
5.1830739947e-38 
-5.5335219318e+25 
-2.6372070507e-20 
-7.0823121920e+09 
4.7238195243e+23 
1.7124298096e+03 
-2.6686399140e-20 
-2.3657624975e-24 
-4.8343085182e+21 
6.6841547377e-03 
5.1448518975e-39 
-5.6099830773e+27 
-8.6669486482e-32 
-2.0250340024e+35 
-2.0037990722e+34 
1.9394655668e-19 
2.3664674562e+30 
6.1613536398e-33 
-5.0425886464e-32 
2.6158595486e+20 
8.6813097803e-31 
-5.6533520012e-33 
1.1229778273e+24 
8.1727905273e+00 
-6.0241906959e+27 
-9.3067215684e-18 
-1.0148924351e-33 
-4.1099690609e-34 
-1.1341316775e-11 
-8.0405752170e-23 
9.5809446085e+13 
-1.5285991191e+19 
-4.9246776842e+15 
2.6321117500e+06 
-1.0807742722e-11 
4.8068426248e-16 
-1.5572175952e+16 
9.2119858544e+36 
2.9838552999e-30 
2.8044531250e+03 
-6.0095004945e+35 
7.4789121494e-20 
4.9790356328e+22 
-4.4106395665e+23 
-1.4860731238e-31 
1.5050246702e-06 
-1.2498824079e-27 
2.0526563755e-28 
2.1831446351e+24 
1.4338102583e-27 
-1.6472439181e+22 
-4.9386266619e-02 
6.6741002058e-08 
9.2604323072e-06 
-1.7972881250e+06 
-4.6325060545e-33 
7.3069803720e+30 
1.1778566690e+35 
4.0804939074e-33 
-7.9306208444e+33 
7.0228174438e+11 
-9.4076676384e-29 
-5.6037333392e-16 
3.7302542114e+02 
8.9115627110e-02 
1.3278702411e-13 
2.8150243986e+34 
9.6090744566e-32 
3.3630616514e-08 
-6.0302970847e+26 
2.4821378000e+07 
-1.6453128282e+19 
2.1585315758e+12 
-4.5516567383e+03 
9.8446259825e-12 
-4.6225979614e+02 
1.9098956779e+21 
2.2776011596e-38 
-1.4137879806e+26 
-3.2050540878e-16 
-2.6293373108e-01 
2.5588769977e+24 
6.3626249503e+12 
-1.8274068777e+35 
1.9039130856e-19 
-9.2692575922e+23 
7.5280376681e+34 
3.9358300160e+11 
1.1495950000e+05 
5.7397155762e+00 
6.6785570919e-38 
-1.5124040138e+15 
-5.5144487305e-06 
-2.7032484647e+17 
6.4089237750e+13 
9.5843968816e+37 
-1.6346798511e-03 
1.4253276413e-22 
-3.1015206167e+23 
3.5472650538e-19 
1.8761120105e-18 
2.1385705568e-24 
-1.3486714020e-16 
-8.0569658533e-22 
6.8438763042e+15 
7.5111309557e+25 
-3.5305918838e+23 
-9.8899384766e+03 
-8.1378393588e-06 
2.1507871861e-04 
5.3089991875e+31 
3.9145193614e+15 
4.0880006984e+22 
-5.0815133351e-11 
-2.1562876953e+04 
-1.2521436310e+02 
1.7938497892e-28 
1.2203950781e+05 
-2.5777270978e-34 
-1.4116046080e+09 
-2.4862826513e-26 
-2.3517095766e+19 
4.5640178879e-36 
-3.3390681438e-06 
-1.1064634891e-03 
2.1487153784e-20 
9.2253385767e-20 
5.8768033981e-02 
-1.2102181757e-18 
5.1610611555e+33 
1.1844035824e-29 
-2.2629106474e+27 
3.5018782202e+17 
-2.2339826035e-18 
-1.6519339716e-11 
-7.5584116743e-09 
3.7544947145e-17 
4.1929906503e+37 
-4.9541320801e+00 
-1.8468890399e-25 
3.6826284246e-29 
-3.4869432449e-02 
-8.6362905741e+36 
1.7782445114e+22 
1.1445815471e-04 
-5.0940761447e+21 
-1.9053327152e+22 
-1.3198691613e-27 
4.5031143738e-38 
-2.8192175570e+26 
-8.8178507812e+04 
-9.0637674761e-33 
-1.0827850872e+19 
-9.7242499587e+35 
-4.5076436038e-21 
6.8703241294e-34 
-1.8326542922e+31 
-1.8611301055e-26 
-1.0566856133e-29 
-3.5366102119e+18 
-3.1992383783e+26 
1.7791134317e+20 
3.9935187811e+22 
8.1364828348e-01 
-2.6181612171e-20 
2.4606668205e+24 
-4.1789531095e+12 
7.7943337828e-07 
7.7248103917e-02 
-2.0878452744e-07 
-5.1168325000e+06 
-2.1106053889e-01 
9.8935158061e-25 
4.7366934085e+36 
-1.1824081262e+29 
-1.1889802040e+36 
3.4917620101e-21 
8.2274049925e+15 
5.4948331520e+09 
-7.2791221050e+24 
-1.1199522568e-17 
2.6778769437e+26 
1.0639962015e-16 
-6.7318973800e+16 
-1.4159034402e+30 
-2.9694584664e-03 
-3.2131067881e+19 
-9.9315057951e+12 
-2.1808925863e+27 
4.2592335360e+09 
1.3195007324e+01 
3.7662490624e+10 
2.1933431613e+14 
-3.4427074525e-09 
2.1565373423e+36 
9.8114732032e+10 
2.3014218750e+03 
-4.9708837347e-27 
4.7630496701e+26 
-2.6059724970e-23 
-1.7210701562e+05 
4.1981603135e-04 
-1.2039697826e-19 
-4.3803494593e+26 
6.9473450066e+12 
4.0338267861e+36 
1.6629578177e+14 
1.3854129084e+19 
7.6131653378e+36 
3.4858645918e-12 
-2.8718224180e-36 
3.4241297841e-01 
-9.8463902250e-03 
1.2880963609e-24 
1.9204499200e-02 
-2.2562942822e+16 
8.6944611586e+36 
1.4397510290e+37 
3.3953804746e-07 
-2.5262189773e+11 
4.0475406076e+27 
8.0917740372e-16 
-1.2175872244e+38 
-9.7951270582e+32 
2.6107650543e-38 
-4.9860638995e+28 
-3.6339570458e-18 
-7.6183706522e-01 
-2.7483898380e+13 
1.4597271517e-24 
-1.9779338240e+09 
-1.0290906415e+34 
3.7138915086e-23 
6.6558313939e-39 
2.9001088000e+07 
4.0591303729e+21 
-1.7576146949e+32 
-2.2090326059e-34 
-7.1459185623e+12 
3.3335047680e+09 
7.6526714880e+09 
7.4067428848e-32 
1.8776498071e+25 
-9.3349372037e-06 
-5.0170018537e-37 
-1.9453388662e+22 
2.6291303157e+27 
3.2641408691e+03 
-1.2950569328e-07 
-1.6772993661e-07 
1.9121953123e+36 
-5.7396385979e+36 
-5.8369899392e+21 
-6.6291698693e-12 
-7.5648319166e-19 
1.7642624557e-12 
-4.1740924188e-30 
5.3965058117e-11 
-1.4433416708e-31 
4.1611294630e+19 
-8.6656347256e-35 
5.1059414894e-18 
-6.3227641710e-14 
-6.1125173445e+13 
-5.9800870183e-16 
            nan 
-2.1323000213e+36 
1.8032642367e-20 
5.7504437203e-32 
4.7269597054e+00 
8.9956767857e-02 
-5.4609926400e+08 
-3.8194998524e-06 
-7.2525819996e-04 
-2.3519187154e-36 
-4.7748538962e-15 
-7.3538124561e-03 
4.5724326441e+21 
1.2924010662e-07 
5.2873453005e+35 
2.0070809115e-38 
2.0393575717e-11 
-1.2469481066e-36 
-5.0370216358e-24 
7.2509151218e-31 
1.1164042923e-27 
-1.1121033565e-12 
-4.3194569600e+08 
2.5416163315e+38 
2.6453328417e-10 
4.2100855208e+33 
1.7732368084e+26 
-8.4104519352e+12 
-7.9274522369e+21 
1.5014081703e+24 
1.2792763056e-19 
-3.0286283612e-22 
-1.1867699046e-09 
1.3899974416e+38 
-5.3474521500e+22 
-1.9827448808e+30 
-2.0389437543e-28 
-6.8851444456e+31 
3.1761934757e+00 
-3.7702696270e+18 
9.5561206250e+05 
1.8038942337e+01 
-1.2991066400e-21 
1.7565456053e+35 
-7.1883136336e+37 
-4.9844615282e-21 
-7.5623225600e+08 
1.4847829561e-06 
4.4724089564e+18 
1.6042922381e-31 
-5.1812890917e-02 
-9.2940982786e+34 
2.5377988828e-38 
1.2115570919e-36 
-9.9356547814e-17 
2.6098801193e+23 
4.1639084205e-17 
-2.1601022018e+23 
7.5341165066e-03 
8.0737391687e-38 
8.9612602845e+15 
3.6180919372e-12 
-5.4290556425e-14 
2.9401148183e-11 
-6.0816526413e-02 
-2.2199540340e-18 
2.5301131263e-29 
3.1385629989e+33 
2.0527407329e-08 
8.2336492188e+04 
4.4959401660e-27 
-1.1347413723e-31 
-5.3898334871e+16 
7.1377271218e+16 
4.7764865522e-16 
2.5240949385e-34 
3.0853906250e+03 
9.3955566406e+01 
5.4470800000e+05 
-2.1510737419e-22 
1.0857537143e-26 
-7.2317300863e-37 
4.0811758595e-07 
1.1444993143e+18 
-7.8212788893e-13 
-5.7498229580e-05 
3.1266229365e+37 
-3.5170011731e+24 
1.0577867385e-13 
1.0966850781e+05 
2.2175391688e+18 
1.3012269020e+01 
-6.7575745000e-09 
-1.2905519760e+38 
1.7074418110e-06 
-9.2867937069e+14 
1.1295399833e-34 
6.4436639358e-10 
5.9476242596e+12 
-6.3982246422e-14 
3.3508622396e-37 
1.4948249108e+12 
2.2849865306e-35 
-2.3968583344e-28 
-6.6372095947e-37 
1.1671360488e+36 
7.2297653489e-20 
5.0935983658e-02 
-7.7277086906e-22 
2.8328343163e+27 
-4.1120813421e-09 
1.9616578661e+37 
-1.0303569101e+11 
-3.3352594007e+36 
-6.5627430584e+12 
-4.1771845645e-06 
2.9818709793e+38 
-6.9031525670e-19 
2.4569745735e-19 
1.0186018695e-11 
8.3261366895e-35 
-1.9398339934e+37 
-5.8981443699e+13 
1.6969373362e-16 
1.0345216945e+18 
6.4479657161e+21 
-2.6931233854e-32 
-2.4564700000e+05 
-2.2002845475e-17 
1.0032439624e+13 
-2.7745518969e+18 
-2.4746082500e+06 
-3.4563147649e-15 
-3.9098625434e-23 
3.1701726747e-12 
-3.1718150687e+19 
-1.9417702575e-17 
1.1906612000e+08 
1.3307300574e-11 
-6.7135887127e-39 
-5.3210907933e+36 
2.2445174400e-03 
3.1515840441e-02 
3.9881611036e-32 
-6.1428310780e+26 
2.1323361913e-12 
2.1396360985e+16 
-2.2027133764e+31 
5.7055395728e+26 
-4.3946728743e-36 
-1.2153241600e+09 
-1.8794923500e-37 
7.2638988495e-02 
2.0819304282e-38 
3.1382735702e-27 
-2.9735691126e+32 
7.1601227993e+15 
-6.5335773436e+22 
1.5224244615e-37 
8.5046674653e+16 
-2.2980833054e+01 
1.6322217360e-17 
-2.6374042009e-30 
-1.9902299450e+30 
1.6959600089e-19 
-8.4476251499e-36 
5.0521998009e+26 
-5.3836539242e-35 
-7.1796476841e-03 
-4.4131119655e-20 
2.1865795710e-20 
8.4233203125e+02 
1.3701875262e-22 
9.5134559238e-21 
9.5503515625e+02 
-3.9361914062e+02 
2.2178941667e+35 
-2.7447380126e-04 
6.0994529811e+35 
1.1675697152e+10 
5.6373089280e+09 
-9.7763850135e-06 
9.8742136513e+18 
1.6569238738e-28 
-1.1507107073e-10 
2.4689052565e+18 
3.0335940158e+29 
1.4859286219e+28 
1.1098917359e-35 
7.5695817359e-03 
6.5947529555e-12 
4.2979179243e-11 
-2.1056144640e+09 
-6.4999981549e-28 
-7.8374455465e+19 
-2.9632421956e-19 
-1.3491922251e+35 
2.3312349524e+24 
5.2767199653e+22 
-1.0042490385e-15 
-2.0658418215e-27 
-3.6835986187e+22 
-2.8110520320e+09 
1.2696173928e-26 
-4.0728148979e-27 
8.4563631538e-38 
7.5825366543e-31 
-7.4016413689e+00 
2.1781557003e-27 
3.7977181462e-25 
-4.2011973916e-16 
-2.6353982321e-05 
-2.8122370210e-08 
-1.5095241221e+33 
-5.3070848000e+08 
-5.0440439778e-20 
2.6056321644e-17 
2.2984300000e+05 
1.1401880604e+17 
2.9661643353e-25 
-6.9168508053e-03 
5.9330150218e+28 
3.1195806304e+37 
1.0789071826e-20 
-1.1409350000e+05 
-1.9679048483e+37 
-4.3382715376e-07 
-6.5857934721e+34 
1.2135430095e+15 
-1.1367504160e-12 
1.1059120000e+06 
-1.9436506754e+29 
-1.9439968217e+15 
-7.6258297455e-09 
-3.5847569018e-27 
-4.2950661120e+09 
-4.4002774769e+26 
-9.7932644041e-27 
-1.2004772176e-12 
-3.6135402330e-37 
-1.1737169920e+10 
-1.1676807472e-23 
1.6460708901e-17 
-7.6546719089e+12 
4.6905828640e-05 
-1.7334921875e+03 
-1.7615982625e+36 
8.8289208708e-17 
3.4146058240e+09 
6.8298735616e+10 
2.9374163141e-30 
6.9230329245e-05 
1.8272290484e-21 
-6.1072280755e+14 
-2.5936203623e+32 
7.0469412372e-34 
4.7315699969e-11 
-6.0488952000e+07 
2.9826757853e+38 
-5.9287901881e+21 
2.2970661239e-29 
-6.8167477748e+31 
1.7204360962e+00 
1.8763897364e-16 
1.0750841876e-30 
6.4806300737e-37 
-1.1108812500e+04 
1.3784292734e-37 
4.1719070720e+09 
4.8347065590e+17 
-6.3055455131e+28 
-7.8831408172e+27 
-2.5013696939e-33 
3.7258196528e-10 
-4.2155732030e-14 
1.0137367503e-24 
5.5582309983e-33 
3.1338959551e+36 
-4.6948155392e+10 
-3.1893591841e+21 
2.0104260912e-39 
-5.0990925480e+14 
6.8480134979e+30 
2.2544193268e-01 
2.9234000667e-39 
-5.8446772625e-21 
5.6288320000e+06 
7.3873535156e+01 
-8.7355293696e+10 
1.7865066528e+00 
-2.1572577680e-07 
1.0060898529e-17 
8.5326590238e-10 
9.6967720960e+09 
-4.6245896002e-11 
3.9309706586e-33 
-6.7210473298e-13 
1.8951300000e+05 
2.8476139979e+17 
4.2738473511e+02 
-4.5528447679e-09 
9.6343696965e+37 
-1.3599570359e-09 
-1.6258939612e+15 
-6.9742871200e-11 
1.9131519961e+33 
-3.7791593075e+00 
-1.0592031903e+27 
-6.6822000000e+05 
5.5897192035e+17 
-3.2743079081e-13 
2.5676979946e+29 
-1.7184498555e-17 
2.2486244637e-14 
-1.0721887536e+28 
8.5794443104e+28 
8.1449608806e+11 
1.1165196983e+16 
9.3615670771e-12 
-1.1579570636e-11 
-4.1247574245e-09 
1.1967350000e+05 
6.9007420065e+31 
-2.2063742332e-29 
-7.1699276393e+19 
-5.6079077702e+37 
2.2643655052e+24 
-8.3087053730e+30 
7.0709084160e+09 
3.9410285378e+31 
6.7999209436e-19 
2.7336769536e+10 
-3.9479743918e-09 
2.2767984802e-22 
1.9799069317e-38 
-4.0729843750e+03 
1.3300734094e+27 
-1.1814372535e-19 
3.2306875000e+04 
-5.0475820899e-04 
2.3178372062e+29 
2.8526831473e-37 
1.4768455680e+09 
-6.4968575518e+28 
1.4583502776e-20 
-4.0340333013e-29 
2.4595235540e+31 
-6.2726013400e+28 
-1.6135559570e+04 
-3.5081464000e+07 
-1.9482435079e+24 
-1.4876720689e-10 
-1.2671690941e+01 
8.4130981061e-21 
2.1774326342e-08 
-2.1380931139e-03 
1.9649297357e+34 
4.9433440461e-36 
-1.2683557309e+34 
-9.2795695203e+29 
-9.5145082923e-09 
4.3238067647e-32 
-2.1411104917e-25 
7.0357331072e-12 
-1.9224194424e-20 
1.7117011248e+21 
4.2198694175e-25 
8.4022572955e-34 
-3.0356411829e-12 
4.4100906832e-29 
-1.0515156199e-30 
-2.2077181367e+26 
3.6074752000e+07 
2.2037282658e-18 
1.0421350598e-03 
-2.8928071260e-03 
-3.7367086684e+21 
1.0107645467e+17 
-6.9003116544e+10 
9.9055304704e+10 
-2.9602167736e-37 
-1.2607153420e-22 
1.2146117936e-29 
1.6282686399e-18 
-1.2224391103e-03 
-2.7496049881e-10 
2.2144469584e+21 
-2.3938625000e+04 
3.1146786721e+18 
-1.0922032128e+10 
9.1978089226e+28 
-1.0508974802e+36 
-9.7101321444e-03 
-1.4043499356e+32 
-2.0079566848e+10 
-1.1681378659e+20 
-9.6004530714e-11 
5.6680746094e+04 
-5.5061175534e-29 
1.0558095909e-07 
-3.7759185830e+22 
-8.5548253259e-20 
7.7342021676e-12 
-8.3550832379e-35 
5.3284653111e+32 
-4.1622482240e-04 
1.9148554240e+09 
1.4042369944e+26 
3.4799585305e-22 
1.6769742751e-20 
-3.3056987546e+12 
2.6660275014e-37 
7.0274097652e-09 
5.4600647924e+17 
-7.3309958216e+36 
-1.7149511719e+02 
-1.3780944824e+01 
-5.3736214888e+13 
1.3269626754e-33 
-1.9534986682e+23 
-2.5632480000e+06 
4.3554514306e+17 
-6.7243455003e+23 
-6.6035880400e+29 
-6.8319741923e-20 
-6.1330214639e-18 
-1.5329513550e+00 
1.4852597842e-37 
-1.2121981796e-26 
1.8558025360e-01 
7.8721416755e-22 
1.0787992800e+08 
5.4717233979e-06 
-9.4901492188e+04 
2.3091703020e-17 
2.6539408136e-03 
6.4577399538e+15 
-3.1367277490e+27 
-8.7034652808e+36 
-4.1716274177e-23 
-7.8113602563e+27 
-1.1522886689e-36 
-4.3612490998e-29 
2.6186685309e-18 
7.2260910126e-18 
4.5147025958e-05 
-9.9979757806e-10 
-2.6905945560e-07 
2.2636406250e+03 
1.4587229202e-09 
4.2025825169e-27 
1.4995726332e-35 
8.2163413153e-26 
-2.9189417107e-18 
-1.1625390625e+03 
1.7796560000e+06 
-4.5580166381e-18 
-4.3604800000e+06 
