2.3509887016e-38 
0.0000000000e+00 
0.0000000000e+00 
0.0000000000e+00 
0.0000000000e+00 
0.0000000000e+00 
0.0000000000e+00 
3.5873240687e-43 
0.0000000000e+00 
0.0000000000e+00 
0.0000000000e+00 
0.0000000000e+00 
0.0000000000e+00 
0.0000000000e+00 
0.0000000000e+00 
0.0000000000e+00 
0.0000000000e+00 
0.0000000000e+00 
0.0000000000e+00 
0.0000000000e+00 
0.0000000000e+00 
0.0000000000e+00 
0.0000000000e+00 
0.0000000000e+00 
0.0000000000e+00 
0.0000000000e+00 
0.0000000000e+00 
0.0000000000e+00 
-4.4236203410e-34 
7.1746481373e-42 
0.0000000000e+00 
0.0000000000e+00 
0.0000000000e+00 
0.0000000000e+00 
0.0000000000e+00 
0.0000000000e+00 
0.0000000000e+00 
0.0000000000e+00 
0.0000000000e+00 
0.0000000000e+00 
0.0000000000e+00 
0.0000000000e+00 
0.0000000000e+00 
0.0000000000e+00 
0.0000000000e+00 
0.0000000000e+00 
0.0000000000e+00 
0.0000000000e+00 
0.0000000000e+00 
0.0000000000e+00 
0.0000000000e+00 
0.0000000000e+00 
0.0000000000e+00 
0.0000000000e+00 
0.0000000000e+00 
0.0000000000e+00 
0.0000000000e+00 
0.0000000000e+00 
0.0000000000e+00 
0.0000000000e+00 
-9.9932953991e+16 
-5.0232650353e-17 
1.2552143083e+27 
3.3521278124e+13 
-1.5795011450e-06 
-4.1913412490e-27 
-8.1150020037e-10 
2.8866904064e+10 
-5.6441407172e-36 
-2.2548712522e+13 
-8.3842337517e-09 
-8.1712761557e-13 
3.5838369655e-37 
6.4575417200e+22 
1.2732860565e+02 
3.8962950825e-22 
4.7071273439e-03 
-1.2206798848e+10 
-9.1198233303e+18 
1.2252261109e-13 
-3.6521670134e-18 
3.9694841309e+03 
-1.2386779252e-27 
-1.9452748625e+28 
-1.9585286897e-13 
1.7076135600e-30 
-1.7353876768e-35 
1.3415672604e+15 
-4.7579218517e-04 
8.9262821057e+30 
-6.5631678581e-07 
3.6861742188e+04 
-4.5200569730e-05 
4.4930937443e-11 
-1.6719531905e+15 
3.2596401367e+03 
-1.4241047370e-38 
3.7052536011e+02 
-3.7874314000e-25 
8.2528634948e-07 
-6.6646138598e+29 
-2.7497758308e-17 
2.1076637500e+06 
-6.5123954508e-15 
8.3449250265e-26 
-6.7364802361e+00 
-1.9149919713e+37 
-1.4011267966e+29 
2.3606938521e-18 
7.0285613728e-33 
-1.5366652800e+08 
4.6059561157e+02 
1.4282388147e-03 
-1.4200677120e-25 
-1.1303629037e+21 
-4.8472943659e-31 
-1.6586688102e+11 
1.6164175065e-07 
3.3667641978e+19 
-1.0760223845e+15 
-1.2374572532e+15 
-1.2466882722e-37 
7.5189271476e-10 
3.8185004599e-23 
3.1094362007e+18 
-1.1691965755e-12 
5.0935503607e-39 
-2.6831050681e+17 
-7.7074438821e+17 
4.7481500991e+14 
1.3779496875e+05 
3.5852850389e+23 
-1.1695304423e+22 
5.8067486078e-16 
-2.4153133048e+38 
-4.8125229072e-17 
-1.6029143187e+33 
-6.2864440129e+28 
-2.0506403809e+03 
1.3574298229e+21 
-1.0185064720e+36 
4.2963142836e+27 
3.6460011135e-24 
-1.5713975645e+32 
2.4158436065e+14 
-3.6655249266e+18 
3.3965224974e-14 
4.5279031696e+14 
-4.9225419760e-01 
7.2926549316e+27 
-4.7261522695e-07 
-1.4956747691e-05 
-7.4331817017e+17 
-3.5495825029e-11 
2.0956004965e+34 
-5.9268353271e+02 
2.2358353748e-37 
8.2818620793e-36 
-1.7084250310e-21 
3.8384019817e-21 
-2.1401657335e-08 
-7.5812363030e-25 
-3.5984011326e-09 
-1.0157875041e+37 
-1.1055812366e-31 
2.7701436992e-35 
1.6118959309e+12 
-5.4746498528e+28 
-5.7930391170e-13 
9.4820615234e+03 
1.0361766815e+02 
6.4435084443e-35 
-4.3473480029e+33 
4.1019037500e+06 
-4.7153240177e+28 
-1.5573044969e-13 
1.1628429605e+28 
-1.6847973908e+14 
            nan 
-8.6912566808e+24 
2.9189834015e+12 
1.1417539597e+01 
-1.1967443658e+35 
2.4197691261e-34 
-3.6111933412e+32 
4.7874742188e+04 
2.7147655814e-26 
4.9736468777e+24 
-5.1095184821e+35 
-4.9115289354e+12 
5.4009210899e+36 
-1.8630452132e-06 
-2.8053611674e+36 
-3.1601596437e-37 
2.4783182084e-07 
1.0160897827e+03 
8.5682708933e-33 
-5.8525588324e+32 
1.9780560087e-27 
2.3701428010e+20 
3.6366667068e-35 
-3.8504092557e+27 
-3.5421016348e+31 
-7.9444684165e-10 
-6.7288489447e-08 
3.8356839127e-07 
-6.0829559516e-05 
-2.1428776180e-13 
2.5069698054e+23 
-5.9868408000e+07 
-1.9182771088e-33 
8.7669850112e+10 
6.3543140033e-39 
1.7101695615e-09 
4.5102346689e-02 
3.8964139371e-35 
1.6998563840e+11 
-2.0357048986e+30 
-4.1510176757e-38 
6.1078589916e-20 
-1.2316519629e+11 
3.2868109111e+16 
-2.7109385700e-13 
-2.7450743246e+14 
3.1663361992e-28 
5.3174552917e+01 
-4.4459775089e-33 
-3.4204178061e+33 
5.6203327570e+12 
-3.5594717278e-12 
-1.5596556831e+27 
2.6197527481e-10 
1.1799641363e+28 
-3.9613464355e+02 
-3.0208416154e+11 
-1.2355212083e+11 
2.7981266744e-37 
-2.6125940870e+20 
            nan 
2.2307731006e+35 
1.4536258549e-25 
-4.7728585466e-29 
-8.9508839229e-10 
8.0055778673e-10 
5.4282753298e-22 
2.4333269336e+13 
-1.4025627322e+31 
4.7458653508e+33 
-2.7330636800e+09 
-1.1093078225e-13 
-4.4934564209e+02 
2.6271024000e+08 
1.8221015986e+18 
9.4188047482e-19 
-2.6715661403e+18 
-1.2084942016e-23 
-3.5191302883e-30 
-5.8045110000e+06 
5.5880045693e-05 
1.6496365404e+15 
-7.0094927766e-17 
-7.9485729998e-08 
-2.1579896875e+05 
4.9997752285e-06 
-9.5907409668e+02 
-2.5983677826e-29 
3.7611536980e+00 
9.9502760917e-33 
-4.3789850315e-04 
5.1758944988e-01 
4.6461813152e-02 
4.5762649041e-14 
-1.1637898721e-18 
-2.7523138277e-18 
-1.5824399360e+09 
1.9967574463e+03 
-1.8804542434e-19 
-2.5181537922e-07 
6.2749011720e+34 
-5.1521615462e-16 
8.0935241660e+37 
-2.9365762588e-31 
1.1351725495e-13 
2.1403442441e+18 
-7.5840312642e-35 
-1.4050685099e-17 
-3.8179357882e-15 
3.6821566893e+19 
-2.2041881600e+09 
-9.8713697671e+22 
-9.6076172800e+08 
8.4549250674e-35 
4.4386760964e+15 
-2.1277102860e-05 
9.4513351707e+24 
-2.2140343189e+00 
-1.5085968663e+32 
5.1916950709e-20 
-6.5393623173e-34 
-6.4483145617e-37 
-7.7404284668e+02 
-1.4278046365e-05 
-5.8513742188e+04 
-1.3413185547e+04 
2.8043010980e+30 
1.5610798036e-24 
8.9906966847e+18 
6.4377125372e+30 
-2.0727806138e-09 
-2.1289558431e-19 
2.1933160513e-35 
4.0790706621e+35 
-4.2512871364e+34 
1.2074793182e+26 
-2.2911842917e-27 
7.4911776869e-19 
2.8860849820e+18 
1.4019344330e+01 
4.1551353432e+34 
-8.4414108083e-33 
-2.7113419064e-37 
-5.3279904249e+17 
3.4637710371e-16 
1.9149794857e+15 
-5.1648949874e-12 
-3.7701706240e+09 
-6.6784047852e+03 
6.0108323160e+13 
-2.6172631351e-06 
-9.8928906024e-02 
-3.2062970177e-18 
-5.5655746140e-23 
-2.4348139432e+35 
-6.4829047852e+03 
5.8256622314e+02 
1.8898915732e-03 
5.9900595010e-33 
2.0858273832e-37 
1.3108081599e+23 
2.2500543170e+20 
1.7782012769e+24 
1.4003903530e+30 
-8.3940240324e+21 
5.8732728883e-31 
2.6800156672e+10 
            nan 
3.0579989780e-22 
1.8367838756e+22 
-1.7288699908e+26 
1.0203493349e-15 
-1.5206951904e+03 
-1.2171651707e-11 
-2.5498140841e+20 
-1.8998091988e-08 
3.8054056553e+36 
3.7786291768e-31 
9.7925442748e-29 
-1.5215294302e-10 
-6.1000195924e+18 
1.0733211921e+18 
4.0019135294e-30 
-8.3473596495e+17 
1.6997386035e-37 
-2.4045145892e-06 
1.3200997120e+09 
8.3336956831e+30 
1.6887599742e-15 
2.2632298088e+21 
2.7459883821e+33 
-3.8597896576e+01 
-1.0415886895e+27 
1.7104968075e-26 
-5.4954938873e+31 
-2.1403356252e-17 
2.1323940552e+34 
-1.4269328058e+28 
-3.3929132231e+19 
1.9553669561e-16 
-4.6075739861e+00 
1.1470691788e-05 
5.5111568451e+01 
5.1981557617e+03 
-4.4276812126e+34 
6.6989307930e+34 
-1.2087172538e-26 
2.3056572130e-24 
-8.9561388144e+19 
-1.1326346564e-38 
-5.7720128075e-24 
            nan 
1.1016600781e+11 
1.8546869285e-07 
-1.2695306641e+28 
-1.5088375300e+28 
-1.0357638750e+06 
5.8490430827e+32 
5.0704876709e+02 
-7.0183713166e+35 
3.5891306518e+25 
-6.0809314728e+01 
1.4224179904e-04 
9.7064270141e-14 
9.2174695585e-37 
-3.6199448012e-23 
-4.0267875079e-07 
-7.4278043169e+21 
-7.5681141615e-32 
1.3375092955e-36 
7.0243325764e+15 
6.1300165837e+11 
2.4265944520e-28 
-3.8903969280e+09 
-2.8559413369e-24 
-2.2610100424e+26 
2.2766836159e-14 
8.9179979516e-39 
-1.1732350000e+05 
2.8603714357e+38 
-2.9845068639e-07 
5.9285937500e+03 
2.4612312188e-10 
-2.1761978532e+12 
6.2955520246e-30 
-1.4234335932e-11 
1.5681608919e-34 
6.6842335509e+16 
-1.8793026529e-20 
-1.1091638516e+37 
-2.4800578258e-12 
-4.6929084377e+20 
-7.8401244857e+24 
-2.0438491795e+17 
4.5174056140e-07 
5.6060647834e+11 
-1.4451904000e+07 
1.0712877505e-22 
-7.8387963202e+24 
7.1066189824e+11 
-7.3738337960e-06 
-3.9727380274e+27 
-1.2429094220e-31 
4.9185713655e+27 
-8.2664186607e-10 
-5.5999061287e-30 
-2.7226903828e+36 
-7.6283652342e+12 
5.7068951962e+11 
-1.2356656295e+28 
-7.7221993750e+05 
2.2547898438e+05 
7.6694674054e+36 
3.6933508935e+24 
2.8383223716e-35 
-1.2040041130e+25 
8.8882109439e+15 
-2.4410690003e-06 
2.6331647430e-36 
-8.2808870872e-11 
5.3167622824e-17 
8.0055532300e-19 
-1.0134726562e+03 
-4.7668683649e-35 
2.5963491673e-31 
-3.6216265195e-28 
-7.4021345557e-28 
-3.6974201478e-11 
-2.6294440646e+33 
-2.1520620831e+15 
6.1019797652e+32 
-3.9325537455e-16 
2.8733830314e+22 
2.0307775706e-28 
-3.7429931641e+01 
-3.2016519373e-24 
7.8538898379e-05 
-5.1091655885e+12 
-2.7221609230e-21 
-2.4516251869e-05 
-3.0744349449e-32 
1.4801854794e+22 
-1.3218224049e-02 
-1.2186269788e-14 
3.6676391091e-13 
5.0950686139e-19 
-7.2044983959e+21 
4.0433752306e+31 
3.7173663501e+16 
6.5586380994e-27 
7.5831170867e+34 
2.6658816907e+35 
-2.1885776367e+03 
-5.7475384705e-20 
-1.2600883217e+16 
-4.5918787291e-28 
7.4196811776e+11 
-2.9149388247e-36 
-3.3074827657e+24 
5.1181783089e+13 
-2.2258136547e+25 
-1.6810359149e-30 
1.0622996239e-29 
-2.9406104017e-16 
-2.6745818940e+23 
7.8716223501e-29 
2.1492681766e-14 
1.5157246884e+25 
-5.8437668627e+16 
9.8049124375e-11 
3.5318091588e-25 
-6.7881361860e+25 
-4.0195686400e+09 
3.7891357422e+01 
1.6716858414e-37 
-4.6248318720e-29 
1.2368363480e-32 
-4.2655692249e+37 
1.9729564913e-37 
1.5441492961e-37 
5.2940505088e+12 
3.6757873623e+15 
-1.8674354797e-28 
-3.1073721977e+24 
-1.8008871702e-03 
-2.1768303230e+32 
1.9260429805e-38 
-2.2478250321e-03 
3.8024049892e+25 
4.9356259328e+11 
1.6243417455e+30 
-1.6065360000e+06 
-7.3763210910e-33 
1.1385581337e+36 
-2.6162390019e-33 
1.2715398336e+23 
-2.2586625000e+04 
-2.8394796304e+28 
1.6253028663e+13 
1.6097312500e+04 
-5.8207292621e+11 
7.6718421011e-18 
-1.1254027486e-03 
4.8122314453e+01 
-1.3735885570e+33 
-4.9455169779e+34 
-1.9637135527e+23 
9.7370462387e-14 
-1.2782430886e+36 
-5.2919133955e+25 
-1.4707136253e+16 
-5.6575608015e+28 
-1.5407889404e+03 
9.4838943808e-28 
4.7058667926e+25 
4.5139240253e-24 
2.6500973277e+27 
-7.0529963054e-24 
-5.3576682663e-18 
2.4862849995e-21 
1.3299305578e+26 
-4.2775769229e-32 
-1.7882726400e+09 
1.4259100000e+05 
-1.0109478502e+11 
-1.9523419936e-26 
6.0071173113e+35 
-8.0157420272e-21 
3.5538743962e+30 
-2.3378621436e+32 
2.0693001633e+35 
5.7965605624e+20 
-5.1333976054e-36 
-2.2273737157e-32 
-1.7108625579e-16 
-4.1719204091e-08 
1.4304675207e+29 
3.6049400000e+05 
-2.9286119428e-13 
-2.5348598903e+26 
1.2522922077e-07 
-1.5722518399e+32 
1.7958982510e+38 
1.9404318248e+26 
4.7911246094e+04 
-6.0470768949e-04 
2.2882976225e-07 
1.4098641871e-36 
8.4493125000e+03 
-8.8306482342e+25 
3.1215232000e+07 
8.6893091097e+33 
-4.7631477034e+19 
1.4195600000e+06 
1.1780375412e-17 
2.0564954184e-09 
-2.6387072000e+07 
1.1901612075e+15 
2.5281519458e+20 
-3.1478266465e-06 
7.7600097656e+01 
-3.8216737197e+18 
-3.7320137024e-01 
-6.8478464519e+23 
9.3733345805e+32 
-6.5125861548e+34 
1.3971792941e-04 
1.2156131190e-23 
1.4816051126e+20 
-1.3552800548e-10 
-1.9968698438e+05 
2.2513667343e+38 
2.5544600000e+08 
6.9785499506e-20 
3.5641816165e-09 
6.7914649844e-04 
1.9478639895e+34 
-8.7144456939e+14 
-1.2532170593e-29 
2.8222975172e-14 
8.2114746094e+01 
4.3762558443e+21 
9.2879265635e+17 
-3.7317729321e+12 
4.8184509277e+00 
8.4465461371e+20 
-2.2771809229e+14 
3.2826471471e+36 
2.1500873047e+04 
-1.2712557193e+36 
-4.8310577074e+22 
-1.8458496836e+34 
3.6652199438e-27 
-2.8804038148e-12 
8.4813900310e+15 
1.8576386089e-12 
-2.1232219036e+21 
2.9782341120e+09 
1.0595391000e+07 
-3.4379240125e-02 
1.0552948724e+15 
9.0644519475e-20 
3.7964228454e-17 
9.0005176320e+09 
1.7615548131e-07 
1.5231414320e+15 
-1.1230651029e-17 
-2.8852714737e+27 
1.0995059879e-34 
-1.5506901071e-34 
-6.6429882377e-18 
1.1616343032e+13 
-4.5963604299e-17 
1.2439881590e-11 
1.4203698438e+05 
-2.2972073372e-32 
-6.1528108997e-11 
3.2553793750e+05 
4.1363431424e+10 
6.3789400429e-07 
-1.7953549189e+12 
-1.4732322693e+02 
-2.3246763520e+09 
6.7617663077e-34 
-1.0215210003e+18 
8.3933492188e+04 
1.7365416190e-19 
-2.6792690233e-20 
-3.2080230861e+18 
9.5018038441e-17 
-9.2794361887e-20 
-1.2355043328e+10 
2.0451677962e+12 
3.6017736420e-05 
1.0832068582e+14 
-1.7871318560e-19 
7.4550662566e+15 
-3.1948639437e+11 
3.9097714292e+19 
-5.3139392357e-27 
3.2806392670e+01 
-4.0532923682e+33 
4.0979016099e-19 
-1.3302768694e-20 
1.8104644040e+28 
2.2672795585e-10 
5.2603195000e+06 
1.8098466957e-16 
7.7361580597e+24 
-9.8389047384e-01 
-3.9607580920e+28 
-1.7438852551e+19 
-3.2574906676e-24 
1.9077137113e-03 
-5.8830534602e-27 
3.6987070808e-32 
2.9194209062e-29 
2.1583169280e-13 
3.4320320891e-11 
-1.9910353422e+00 
-2.1256597109e+35 
5.1891296666e+11 
1.4873105203e+11 
-2.3554234062e+33 
-1.7344372715e-17 
-2.6214002688e+10 
1.8832880020e+01 
5.5153570518e-30 
1.0351109141e+33 
-4.1886787581e+23 
1.8595678816e-11 
2.6575978040e-07 
9.3304798577e+12 
1.1318143918e+29 
2.5618207928e-06 
5.8402876589e+34 
1.3791541807e+33 
-8.2435576429e+19 
-3.3060058910e-37 
1.5507552907e-24 
2.1574686468e-01 
7.8842636728e-28 
1.9461312692e+25 
2.4369817673e-23 
-1.8367214944e-33 
-1.9644432068e+02 
9.8141165447e+18 
1.1356286044e+26 
-5.4467388265e-17 
-1.3042051897e+26 
2.0561853008e-18 
4.7729667994e-17 
-1.7891112244e+37 
6.5158981335e+28 
-8.2642417691e-33 
1.5931468538e+27 
-4.2575406767e+21 
3.4012246094e+04 
-2.9402172971e-12 
-1.9977239426e-03 
1.2106782513e-34 
-3.5279143476e+26 
8.1779720550e-34 
-6.8829860831e+17 
-1.8948524527e-08 
-6.0735740000e+07 
9.0362595859e-32 
-1.7731712352e+17 
1.5269420932e+35 
-7.8610058445e+11 
-9.7066615126e-05 
-8.2961901574e+28 
1.2339685291e+29 
2.4806428518e-23 
-1.2578008811e-34 
3.7514820400e-18 
-1.1517991516e-04 
-1.9046296000e+08 
1.0631894714e-37 
-3.4855693412e-38 
2.7954594301e+29 
4.2471596206e+24 
1.1237618944e-22 
4.5329261941e-29 
1.6686685094e+13 
-5.7076212019e-02 
1.6336645259e+13 
2.7424214408e-02 
2.5453317028e-38 
1.5949671054e-12 
7.6885932617e+03 
1.2578021651e+27 
2.6327628760e+15 
-2.1139924866e+32 
-1.7474704197e-20 
1.2098484149e-04 
1.6790701775e-03 
3.3113330112e-38 
-1.2578390909e+25 
-5.9773733483e-06 
9.4975918426e-23 
4.2382097121e+12 
1.6925994065e+37 
2.2913006887e-06 
4.6551947674e+11 
-3.4685506307e-06 
4.3609735267e-10 
-1.1647357507e-35 
3.1991747674e-03 
-1.8697692348e-20 
-4.6031329173e+37 
-1.7440602762e+22 
-2.6545111905e-04 
-1.3332723200e+09 
-3.8771761871e+19 
1.9770686833e+12 
3.1887442796e-23 
-5.4724795516e+23 
3.3909454975e-31 
1.0646459850e-04 
-7.5713150949e-39 
8.0462291409e-23 
4.2355031382e+14 
1.8154521658e-31 
-1.4048476260e-05 
-7.6203735999e-17 
3.5840764000e+07 
1.7588743210e+01 
4.9039536128e+10 
9.3403580080e-36 
-3.4141770275e-31 
-1.3765274547e-02 
9.0167424667e-24 
3.0324141420e-08 
1.5663265098e+29 
1.2947003841e+00 
1.2734149487e-29 
-7.0274171516e-27 
-2.7417587563e+29 
-3.3415030296e-31 
1.6917599783e+24 
3.5756612428e+24 
2.2596496589e+11 
6.7365849648e-18 
6.5149057617e+03 
1.2392561523e+04 
3.5671291561e-35 
8.1149650656e-31 
8.4000700115e-21 
6.5332933264e+35 
4.0947000945e-29 
2.1612327666e+29 
8.2048773120e+09 
-1.5869816917e+15 
9.9464241152e+10 
8.5510648000e+07 
-2.6606836734e-09 
7.4389166427e+15 
1.5049625253e+37 
3.1458922229e+33 
-5.7668693542e+01 
-1.4801170654e+03 
6.3203212108e-18 
-1.0656635643e-31 
1.3629981204e-13 
1.6753233420e-22 
-1.4811097968e-18 
-1.4264543052e-13 
            nan 
1.5490244329e-01 
-2.1451583402e-20 
2.6490496604e+15 
-1.6611749808e+17 
-3.4658293286e+24 
-2.3324330911e-08 
5.0342601278e-30 
2.5430502363e-14 
-7.0351858345e-34 
1.0062336352e+22 
2.3645301163e-01 
2.3324318111e+22 
-6.5692044800e+08 
-1.8094412080e-10 
7.7447391392e+25 
-4.7651073007e+24 
3.7234927919e-36 
-2.2303082403e-07 
-5.2750581760e+12 
-4.1080235746e-07 
-2.9725458037e-34 
1.8740567153e-22 
1.2683514404e+03 
-2.5754102433e+22 
-2.3916372088e-36 
3.9590241894e+11 
-2.6739358337e+27 
2.1558682107e-33 
1.9112911224e+01 
1.6956253148e-06 
3.3231959622e+35 
7.9509611624e-16 
8.5864991179e+32 
2.6091452688e-02 
8.1013513697e+35 
8.3854360580e+00 
5.3752950180e-07 
1.0369920955e-26 
-1.0818773118e+30 
-2.4565305710e+01 
2.4019629268e-17 
1.7112780453e+15 
-2.0357487876e-37 
8.2598794449e-30 
-4.0323919438e-33 
1.2476860546e-02 
1.4594897933e-36 
-1.6971700847e+20 
-4.6743432617e+03 
-2.0098804635e-21 
-3.4228969104e-29 
-3.3077555355e+30 
-1.2397375571e-08 
2.8055195000e+06 
-1.5329800121e+38 
3.9742267472e+34 
-7.2923346082e-36 
-2.4919731209e-11 
2.7452244467e-05 
-9.0497059943e-38 
-6.7182142685e+13 
4.1031933102e+21 
-8.9375384521e+02 
1.9566540372e+36 
-1.4061271213e-02 
9.3024443933e-26 
-4.0585592832e+12 
2.2666643417e-05 
1.4585101516e+25 
-1.7349096960e+09 
5.0413071689e+33 
3.3032096197e+21 
-1.1964872800e+08 
2.4379756927e+01 
-4.7915187147e+25 
-1.1890435547e+04 
3.5526925785e-05 
-2.7681942687e+27 
-1.4657493789e-22 
2.3038939617e-05 
-2.2527675444e-37 
2.5525732844e-18 
-2.8557823711e-37 
-5.7378931876e-33 
-2.9848942219e+27 
3.6256613079e+18 
7.4131308047e+32 
2.2139036179e+01 
-1.4979980225e+29 
1.6884092000e+07 
1.0065342000e+07 
-6.7156828160e+10 
7.8719665000e+06 
-7.2854425205e-21 
-1.0010700153e+18 
1.6293182000e+07 
5.1351577568e-17 
1.3449076076e+25 
2.3669156781e-22 
4.5767279676e-20 
2.6388546913e+32 
7.0300825392e+22 
-9.9193569815e-30 
3.3344200746e-14 
2.3381934080e+13 
-2.3657547717e-04 
-7.5201743745e+17 
1.9072919599e-07 
-5.9978929930e+32 
2.8054805405e+17 
3.0691710114e-01 
3.7194930483e-03 
-7.9314693809e-02 
4.6519760266e-10 
-1.6532224478e-08 
-1.7725820455e+23 
1.5085324089e-38 
-1.6359232930e-28 
-6.3512182617e+03 
-7.8930977907e-05 
4.3696073348e-29 
6.2908432617e+03 
-1.9722874388e+12 
-4.6878750436e-03 
-1.7242895088e-27 
-1.9786782937e+23 
4.3105737729e-11 
2.6815563329e-30 
3.5303574082e-25 
-3.5641619114e-16 
6.5592469234e-09 
2.5652386384e+23 
8.8325033362e+32 
5.0568064428e-36 
-3.2960466309e+03 
-1.3983102417e+02 
-2.2305645769e-20 
2.8871864751e-13 
-6.3086542923e-07 
-1.7729969171e+23 
7.6456306672e+13 
9.8060214520e-01 
1.8665041920e+10 
-2.0110329368e-26 
5.9156442568e+32 
-6.7113259979e+29 
-1.6959835052e+01 
5.7970625770e+27 
1.2625784381e+20 
3.1666918308e-23 
6.8824747213e+11 
4.0601000491e+37 
-8.0210330277e+35 
4.8452301038e-30 
-8.3718328605e+24 
-1.1800582868e+14 
8.5243696452e-16 
5.9083613947e-31 
-6.9856948680e+32 
6.4099184640e+10 
-1.5854464586e-37 
-2.0904755302e-19 
            nan 
-1.8276853943e+02 
-3.8286854397e-04 
4.5644993786e-35 
9.2939654132e-04 
-1.0478466034e+02 
6.1837195062e-06 
-2.4273809112e-34 
2.7983724712e-11 
2.5596015766e+32 
2.4204020949e+29 
2.9107170576e-06 
6.2160098553e-01 
-1.2593997500e+06 
-5.2959459198e-21 
-3.1344584494e-18 
-3.4977379840e+09 
-4.1158910841e-02 
-8.5420602560e-01 
-7.6497993750e+05 
5.4292280596e+33 
7.0444350156e-19 
-9.2570871115e-01 
8.0405963216e+25 
5.7342834080e+36 
-6.0899363142e-21 
2.3035134236e-34 
-3.2026282529e+31 
-1.3410019346e+36 
1.4212725872e-33 
1.3844389468e-04 
1.0497856000e+07 
-1.5546894073e-01 
-3.1241830400e+09 
-4.4490889931e-38 
-5.9388687857e+32 
4.3372694759e-15 
1.6970954435e-20 
5.6278156540e+29 
2.2221602336e-10 
1.2851654855e+19 
-3.2958179480e-23 
-1.8099550654e-27 
3.4142439866e+13 
-7.5643129094e-08 
            nan 
-2.2223667351e-11 
            nan 
-2.3853294828e-16 
7.3811406764e-08 
3.5378173828e+01 
-2.2482992031e-14 
6.6114601748e+18 
-2.6556014332e-13 
4.5843113574e+11 
8.5043642925e-27 
-3.5844879150e+00 
-6.1133959141e-26 
-5.6454996296e+12 
6.1701836911e+21 
-6.2523625978e-23 
-1.0848440646e-18 
-1.7856841929e+15 
2.8262594120e-22 
4.7362554518e-15 
5.6983804000e+07 
-1.6073474376e-21 
-1.6169374419e-26 
-1.5851710000e+07 
1.3129662592e-36 
4.9754205318e-33 
2.6054274732e+36 
-5.2247884977e+27 
-9.1355611136e+10 
4.7837837761e+35 
-1.1340765348e-23 
-4.6316781569e+27 
1.0083128661e+24 
7.2920727234e-09 
-1.4700574437e-17 
6.0092916906e-33 
1.4834608209e-25 
-3.0008405447e-03 
1.9412765754e-21 
-4.5993624338e-18 
3.8574159471e+22 
5.7719843509e+37 
4.9573661784e-37 
-4.1131428956e-34 
-2.6709375000e+04 
8.7623929908e+16 
3.1450311618e-21 
2.0215686763e-13 
-1.9883966798e+25 
3.7641269062e+31 
1.6104686417e+27 
3.2956953395e+11 
-1.2294385990e+26 
2.0953389645e-21 
5.2308339589e+12 
1.1889872956e-29 
1.7475537026e-26 
2.5349432073e+30 
1.2324043206e+20 
-2.1348445900e+17 
8.9541930492e-07 
1.6940905807e-19 
1.4022153863e+14 
9.8465598468e-25 
2.3099539980e+13 
5.7754120432e-31 
1.3381745236e-28 
6.3549836945e+20 
-7.0101830386e+30 
-5.4287250000e+04 
-2.3813378906e+02 
1.2533599460e-17 
-5.6632955475e-25 
-1.6275525093e-02 
6.8891672671e+31 
6.0668160000e+07 
-9.6393534944e+25 
-1.5797851787e+16 
-1.9940733093e-13 
4.6535936000e+07 
-3.0772195534e+22 
-8.5943161274e+35 
8.7290583253e+26 
1.6059651971e-03 
-1.1806332623e-06 
-3.0475050596e+37 
4.4044845895e-14 
-3.6209841724e+21 
7.6549062500e+03 
-1.3195861816e+01 
-1.9391088519e-26 
-2.2129123047e+04 
9.4783603752e-26 
3.2499977672e+18 
-1.9266277944e-22 
-2.0808046810e-37 
-7.2997332998e+34 
2.3409004977e+19 
2.8407043478e-15 
-1.9260687056e+25 
-7.6439858566e-31 
2.0429338361e+16 
-3.6792724916e-30 
-4.0123101657e-32 
-4.3456917938e+30 
2.0893882024e+16 
1.0575146484e+02 
5.7412896856e+22 
-6.0072228206e-33 
9.3906537414e+21 
-2.5349337613e-21 
8.8312697328e-20 
-4.3294412112e-27 
-1.9081379840e+09 
1.6130647761e-34 
-3.9187067168e-37 
7.8543124130e+35 
3.8249052891e+28 
1.2333386856e+17 
-3.4829315047e-15 
-1.1633277962e-30 
2.7167740800e+08 
-1.6877973349e-26 
3.3553098488e-37 
2.4171188093e-26 
8.4920317897e+20 
3.5137503380e+25 
1.6637368772e+18 
8.8087646935e+29 
1.9793407581e-26 
-1.2422312500e+04 
-8.4953164625e+14 
7.3766138947e+30 
8.8756860350e-07 
4.3398908484e-38 
-2.1820786270e-28 
9.8564143761e-23 
9.6346047940e-07 
-5.9915008023e-05 
-1.1945001982e+14 
1.6607160092e-09 
1.4531850047e+15 
8.0455269916e-22 
-1.8264733197e-25 
-7.3902643269e+15 
1.7628557488e-38 
-1.1419903200e+08 
2.0116772975e+17 
-2.2883205117e-31 
7.7382627755e-28 
-5.5892629623e+00 
-7.0796231680e+09 
-1.0610808292e-24 
-6.2583171609e-14 
1.6658922496e+10 
-1.7825381120e+09 
5.5848040771e+02 
5.7017851551e-10 
1.1779861398e-39 
5.9804280930e-27 
-1.0299019839e-17 
3.7637750000e+04 
3.6211417984e+20 
1.5712707256e+19 
-1.8462952531e-36 
9.9969658782e+15 
1.5069644377e+14 
1.6656987611e-16 
1.8122023903e-05 
2.5146857850e+34 
-5.3226383606e+12 
9.2200748622e-02 
3.7349942190e-28 
-4.6933215490e-36 
-9.7992493122e-33 
-4.2433028787e+36 
-3.2741810158e+37 
-1.1854384502e-04 
2.3375767552e+10 
3.5770868618e-29 
-4.7171254245e-16 
3.4417215352e-37 
1.2161369677e+29 
9.3890034138e-35 
-7.1370420153e-14 
6.4942266842e-11 
-1.6293617457e+18 
-1.2813193280e-05 
9.9097088000e+07 
1.5174173826e+34 
-3.3114311293e-10 
-4.7319400000e+05 
4.8009570312e+02 
2.9189325869e-04 
3.4337199750e-11 
-3.9497567543e-12 
-2.4657718575e-11 
-2.4144568244e+30 
-7.1378883149e-05 
-1.9497812722e-23 
-7.1876492188e+04 
6.8999720782e-17 
1.2434842574e-05 
7.5117351014e-33 
-8.7136740534e-21 
5.5642163916e+25 
9.1714349348e-24 
2.9128600781e-34 
1.1312087741e-13 
            nan 
1.1436892015e-12 
3.9424585916e-25 
1.9999497492e-26 
2.4915559741e+26 
-2.6424407959e+00 
-2.5305500000e+05 
-8.8442358246e-35 
-1.7955230578e+24 
9.4542480469e+01 
-6.3376262428e-19 
2.8963369780e+21 
-1.0101922915e-30 
-1.6221171708e+30 
-1.0622807715e-20 
8.5765492188e+04 
2.4525731454e-17 
-1.3169435547e+04 
3.9004809260e+34 
-8.1959330677e+23 
-1.3762478397e-23 
6.3709459251e+12 
-7.9359288238e-12 
-9.1518492188e+04 
1.1663212208e-03 
-5.6456026520e-09 
-6.7400455475e-02 
-3.2724421530e+19 
1.2034991778e-29 
-9.6045703125e+02 
1.7950855533e+19 
-1.7928828125e+03 
-4.3800461760e-29 
2.0167634923e-13 
-1.5403280000e+06 
1.9576078750e+06 
6.5897560846e-12 
5.4635307617e+03 
-1.9335673012e-24 
-1.9529220273e+23 
-2.8123745471e+18 
-2.9296086000e+18 
2.7525838914e-35 
1.6278412588e-15 
-5.2095321660e-28 
-3.3600348579e-29 
1.3043878973e-01 
1.6746256075e-12 
1.4892078750e+06 
-3.2196756452e-02 
-1.4207911757e-11 
2.3647640310e-14 
8.2393328241e-22 
-1.6565028776e-31 
-3.4465074350e-08 
-8.0759384386e+23 
6.0737276266e-29 
2.5244368839e+33 
7.2901737179e-30 
2.3397153956e-38 
9.4142650568e-25 
3.5796454375e-25 
2.5626499187e-11 
-2.8034176636e+02 
-7.0788825088e+10 
1.0837931520e+09 
-8.2634335756e-01 
-4.6406710000e+06 
2.4917015265e+12 
-1.3702716509e+14 
-9.4181717980e-10 
-3.7711911011e+02 
-2.6536469423e-20 
-1.0819953520e+20 
3.6947848511e+02 
1.7960999916e-14 
1.1625345726e-29 
6.2813479151e-30 
7.0492762051e+28 
2.4169231196e+38 
1.1221944354e-02 
-1.7350464333e+37 
-1.2072307098e+11 
-1.1680996261e+23 
-2.5743567549e+37 
8.8068500000e+04 
-6.0683861375e-04 
-2.1575583662e+12 
9.6671430914e+33 
2.5199803639e-37 
5.8839797974e-01 
1.0292482376e-01 
4.0247442330e+31 
-4.2869525954e-16 
-4.4688381717e-26 
-6.6085515022e+00 
5.3690876140e+15 
3.4344525068e+22 
-2.8306099483e-23 
1.5317093288e-24 
1.2764387790e+15 
-1.9646393407e-33 
3.7993277312e+33 
-9.1325656518e+29 
2.8265765000e+06 
-4.7632103316e+20 
-1.2350259961e-26 
-1.4994205907e-02 
2.1778941745e-18 
-4.5817901707e+32 
-1.4477850030e-08 
4.4990665503e+29 
1.4892764799e-09 
-2.4674966995e+38 
-3.7065789224e+14 
9.2064470797e-29 
-7.0884217184e+22 
3.9905049779e+33 
-7.0468829217e-34 
3.6173716087e+17 
-2.5648706849e-27 
-4.3413430811e+26 
1.2416857463e-27 
8.8326305775e-27 
5.3190877786e+37 
-6.3235571836e-38 
-9.1545298456e-38 
-2.4658163899e+14 
-4.1991254519e+24 
-1.1227928587e-09 
1.8744925537e+03 
1.9398797846e-10 
3.3708823927e-11 
-2.4493320864e-16 
-2.6899405478e-24 
1.7752437348e+32 
-1.5193603200e+08 
9.6332544239e-18 
1.5416204424e-10 
-5.5885566235e-28 
-2.1505471191e+03 
2.8362884082e+20 
-2.7526984253e-17 
4.4100775693e-16 
1.1344615839e-13 
5.5101215893e+14 
-1.4969489618e-24 
2.3306401102e+21 
-2.7012394202e-16 
-2.0000807126e-04 
-1.8750078230e-32 
-2.5528356578e-31 
2.6544624170e-37 
-2.1454128906e+04 
-5.1628014945e-34 
1.4724398534e-21 
-3.9993048873e-09 
-2.7030323848e-25 
6.7416568627e+12 
-7.1361164886e+25 
-6.8563056505e-15 
-9.5764710922e-33 
2.3648539894e-38 
3.5708769890e-20 
-4.5570982769e+15 
3.8561293481e+14 
9.7680084229e+02 
-7.2728642889e-26 
-8.7530049298e-29 
-3.0572761421e+33 
1.1775147615e+22 
3.9771796764e-17 
4.4959040000e+06 
1.7561314499e-37 
-2.8917263217e+35 
-6.4364017013e-22 
-5.1797272356e-34 
2.2856272087e-37 
-1.0790790631e-14 
1.9427079680e+09 
1.9267098438e+05 
5.8863977808e-21 
            nan 
-2.9891658292e-18 
-8.1093972921e-01 
-1.4122541359e-07 
-4.3891943087e-22 
-8.0041951823e-28 
-1.5295659628e-35 
-1.6065822592e-06 
3.5896748663e+21 
5.0289941872e-24 
2.1655498438e+05 
-1.1310825901e-34 
-7.9684288471e-19 
9.5980738560e+09 
-1.0963436895e-21 
1.4849943497e-08 
-1.5894442230e-38 
-7.2548848000e+07 
1.8890759945e+00 
-3.4630903276e+16 
-4.2445504761e+02 
-2.2548036750e-21 
-1.2702121167e-03 
2.9641599283e+18 
-3.1827987268e+13 
-6.0425271557e-12 
-4.3922848511e+02 
2.8883097693e-02 
1.4499698438e+05 
-7.5626598041e-22 
-2.0538707454e-12 
-2.0742554274e+30 
1.5616683678e-25 
-4.5557736489e+24 
-2.1216240289e-38 
-5.7615292745e-12 
1.9189517500e+06 
-5.6611950758e+26 
1.2414948321e-31 
-1.4917593911e-25 
-2.1222110720e+09 
1.1329736455e-10 
-9.1626511902e-17 
8.0554913597e-14 
-2.8204043889e-19 
-1.2910832490e-18 
-7.3622319063e+21 
1.3555077009e+14 
2.1930503569e+13 
5.0643884849e-17 
1.9425627480e-38 
4.0392618381e+36 
7.6058039665e+00 
-4.1966357709e+12 
3.3783591309e+03 
5.6113773184e-08 
5.5398766108e-07 
-3.7170874994e+15 
2.1247221868e+31 
7.6488019179e+23 
4.5957087770e-18 
-1.3939381371e+13 
-1.0318576358e-02 
2.5204566773e-03 
-1.7359562273e-37 
1.2344295374e-29 
-3.0921152807e-37 
1.9164717056e+11 
-1.5598276837e-10 
-1.8296421524e+17 
-8.3042298880e+09 
4.7935728496e-24 
-4.2644555047e+17 
-8.0428086067e+13 
-5.6637333785e+18 
-6.8222955329e-20 
4.0431169339e-32 
4.0781824261e-14 
4.4349626684e+27 
-1.2707684000e+08 
9.5494046646e+31 
4.5816914820e+21 
4.6543435542e-15 
7.4552619633e-10 
-9.0652078390e-01 
-4.6648096786e+17 
-5.7009584442e+18 
1.0475786037e-11 
1.4481338293e+24 
-1.2120674710e-14 
-1.2198780450e-21 
-3.1614916892e-33 
3.2837395800e+18 
5.0582582737e+23 
-2.5796476928e+12 
-1.0077316801e-05 
-1.4818874031e-21 
-3.3437547899e-18 
8.2987590931e-36 
-1.5312380800e+08 
-2.5923125446e-02 
6.7067501368e-04 
2.0046929647e-22 
8.0396099091e+00 
-2.0338954426e+37 
1.6915266410e-10 
-6.7219057617e+03 
-2.3527212646e+11 
1.7969108816e+29 
2.1830082241e+35 
-1.1900615131e+13 
-4.9189785436e+12 
2.5784688415e+18 
2.8472084012e-18 
-2.7108890362e-18 
-8.0215476797e+13 
-1.9072477790e+18 
1.9604430418e-04 
1.5503437500e+06 
1.6509483244e+27 
7.0552198999e-19 
5.1738953744e-07 
-9.5607433082e-08 
-1.0247144735e+12 
-6.7931515477e-34 
-1.7266421767e-28 
4.8804947419e+36 
-9.0804877520e+18 
-4.3977949224e-36 
1.5430358102e-09 
2.8252157282e-28 
3.1070590000e+07 
-3.6419431788e-14 
1.0055361007e-20 
-1.9992449363e-10 
-5.9425783738e-11 
1.6988396617e+33 
-4.7065455018e-36 
-5.9675292169e+36 
-8.5415318911e+18 
-1.1664761963e+03 
2.1165121211e-07 
-4.8323492763e-08 
5.3863728292e-25 
3.3566595459e+02 
-1.5710471150e-27 
1.2999653716e+28 
5.2440170926e+15 
1.0785902739e+00 
6.0073133558e-02 
6.3795144670e-03 
-5.5840855941e-37 
-1.8902955901e+21 
-2.6551118075e-12 
6.0852242188e+04 
3.4263874404e-03 
6.0009684559e-33 
-1.9864477416e+15 
-2.2228045484e-22 
-1.4290543213e+03 
-5.0670268339e+35 
6.3003085210e-38 
5.3598740480e+10 
8.1548332673e-06 
-4.9031917304e-34 
2.2550568960e+11 
7.4796310200e+13 
2.2175501287e-01 
-3.3613591309e+03 
1.0438386042e+20 
-2.6884000301e+00 
-4.8345323652e-02 
-1.1047016818e-24 
-2.0157020875e+29 
-8.1667114926e+12 
-1.0443553178e+11 
6.6192440230e+24 
-9.7476588223e-30 
-7.1503073684e-08 
8.6590146372e+35 
9.9123126600e+12 
4.1650530255e+36 
2.6561793750e+05 
-2.3846572673e-29 
3.3592340028e-24 
-7.2853100100e-19 
-5.0558937801e-05 
3.2015817261e+02 
-1.3239490185e-20 
-1.2280547093e-29 
-1.6111273269e-36 
-3.7557396207e+31 
6.9255533953e+13 
-6.5225302734e+03 
1.6660490287e-19 
3.8822605048e+22 
-2.4980374400e+08 
-1.1082397615e+23 
-1.8608090625e+05 
-3.2344551912e+36 
-2.5148932990e-23 
3.6029924703e-12 
-2.2671580267e-28 
5.5211263527e-36 
3.3942988128e+13 
1.1277766409e-17 
-1.6162102107e-25 
-1.8782956204e-06 
-5.4569336996e-36 
2.5874306621e+32 
5.1298825496e-30 
            nan 
-2.5023966998e-30 
-1.2273680336e-11 
1.6534283184e+38 
3.8228667853e-25 
5.5812238559e-30 
6.0039928000e+07 
1.8608020008e-15 
-5.0371207077e-15 
2.7046397249e+18 
1.2286855232e+29 
-2.5065522134e-31 
2.3262512000e+08 
-3.5650973079e+29 
1.9474235721e-38 
7.7048393750e+05 
-8.4774783830e+27 
-5.0705450688e-24 
1.0206444702e+03 
-7.4632916514e-10 
1.5324944028e+35 
-6.5023493767e+00 
-4.4825856457e-04 
3.1833159047e+31 
2.6478487399e+19 
6.0310808869e+25 
3.6302970886e+01 
2.3860639954e+02 
1.6975236321e-12 
-1.0701054866e+22 
-5.2336526708e+17 
-3.6685859670e+18 
4.0364316679e+21 
-1.3303218409e-02 
2.6607048162e-11 
3.3886864700e+30 
-1.6509280341e+19 
1.5475098438e+05 
8.5306409289e-13 
2.6564446744e-03 
4.7836966421e-30 
7.0777161893e+37 
-5.3594152565e-28 
5.3273071809e-17 
-9.6057558403e+30 
-6.1165640334e-36 
2.3952120854e+31 
-3.6682536059e+12 
9.8907952548e-15 
4.9110997359e-21 
-1.6430561254e-35 
-2.0013303583e-05 
-1.5275745839e+32 
2.7207509723e-14 
-7.7673338162e-17 
-7.9840257517e+20 
-2.4375143429e-32 
1.7126529701e-37 
-9.6422511345e+20 
4.4573452568e-11 
2.1381891820e-20 
1.0011308991e+34 
-8.1261461401e+36 
-3.5017726635e-26 
1.7329417261e+15 
-8.4638436214e-37 
-5.4664839995e+23 
2.1403952000e+08 
5.9782583150e+29 
-1.8363180542e+02 
-9.2529556880e+36 
1.0068845272e+32 
-6.8452734938e-37 
-1.1604505801e+27 
5.1131412419e-37 
-1.0296181135e-35 
-1.4974901792e+29 
1.4560409013e-16 
-1.0426236660e+24 
1.2378536208e-31 
2.6944010726e+18 
-2.8179838409e-05 
3.9443513647e-25 
1.0794326582e-26 
-4.9246210665e-07 
-4.0001743671e-26 
4.5549510698e-34 
-1.3160819414e+26 
8.4258665759e-20 
2.2204983266e+38 
-1.0467260931e-17 
-1.6490098089e-02 
-3.9110513171e-04 
-8.1357397872e+14 
-5.1990075801e-18 
-7.9678106642e-30 
-6.6278993199e-14 
-3.7006508127e+35 
-1.1358098436e+25 
-8.7848886105e-38 
-3.0654759287e-10 
8.5847145081e+01 
-6.8538098218e-20 
-1.7273911468e-10 
-1.2396980630e-38 
3.9814273328e+30 
2.0704778398e-32 
-7.8511054146e+22 
7.6399582607e-38 
-4.7651519151e+32 
2.0544531791e+26 
7.6489550025e-23 
3.6440109986e+30 
-1.1002344676e+26 
1.6819340282e+38 
1.1433411995e-09 
-1.1275459329e+25 
2.9841623009e+31 
-2.2774780260e-27 
2.5688737631e-01 
3.5641974251e-30 
-1.2019096010e+32 
-7.5199211007e-13 
7.9911838103e-20 
-2.3253319848e+20 
1.1225563412e-06 
-2.1799683754e+17 
1.9421528274e-10 
-3.4532219960e+16 
-6.7407264584e+18 
5.1072476903e-17 
-5.1862763916e-20 
1.0002012253e+01 
2.2676215644e+37 
1.0235706924e+22 
4.4259793841e+20 
3.7205277500e+06 
6.2962716818e-01 
3.7452237143e+24 
6.4193583772e-24 
1.5349860800e+08 
-1.8098178172e-15 
1.2224264656e-10 
1.3145698438e+05 
            nan 
6.3099794354e-26 
4.5221376718e+28 
2.2866509903e+14 
-5.6081702152e-38 
2.3311641463e+20 
1.1549931416e-31 
3.3416493639e+25 
-8.2644464000e+07 
3.8546713867e+03 
-1.6651123536e-10 
-1.8005609966e-36 
1.5352888731e-03 
7.6681250739e-33 
-7.0305296229e-29 
-8.2242291185e+32 
-5.8179834457e+35 
5.9278598051e-21 
3.1781713867e+03 
-1.7155676539e-34 
2.9899993592e-07 
1.1950637926e+32 
2.5514453859e-33 
1.2515820845e-11 
-7.7488803289e-23 
-7.5304231106e-32 
-2.1959123047e+04 
4.6490259907e-30 
-6.3122934103e-01 
-2.3336268384e-07 
1.1304782078e+15 
-2.8505667584e+10 
3.3364229568e-29 
5.3746809670e-08 
-1.4594405220e-29 
-1.4031277500e+06 
-4.1421935270e-29 
-3.3213868581e+18 
-3.0320114136e+02 
3.5207591979e+30 
-6.7691559808e+18 
9.7651401302e-04 
-3.3902872815e+20 
-7.0799069363e-07 
-2.8081774712e-02 
-3.0700321076e-06 
-5.6387103271e+02 
-3.3210288739e+35 
-4.2128471449e-19 
9.5396478271e+02 
-1.8262956083e+32 
6.4482223587e-18 
7.8560773886e-08 
1.5986657642e+35 
-2.2138115151e+17 
6.4644968448e+10 
-5.8049054617e+15 
-4.6295313937e-38 
-8.6023201710e-29 
3.5353246384e+31 
-9.2212771198e-18 
-7.1206108565e+27 
3.3573317737e-13 
3.2176390144e+11 
-1.0431747929e-26 
-2.8448271257e+25 
-8.8374614716e+00 
7.1540387500e+05 
1.4454507994e+17 
-6.3706793372e-34 
7.4008825862e-34 
-4.8755800000e+05 
3.9464577967e-34 
-2.8598144000e+07 
-3.0473689196e-22 
1.7612694513e+14 
-3.0228207090e-14 
2.2756225586e+01 
-1.5771406889e+00 
5.4347507351e-34 
7.4573005053e+32 
            nan 
-2.5467272279e-37 
-2.6746167605e-34 
3.9238305820e+15 
4.3623892611e+20 
-8.6502247122e-19 
-8.6167388160e+09 
-9.1245052600e-20 
1.6770166522e+20 
-4.3184693570e+16 
1.0793010929e-10 
1.1465499483e-07 
2.9665440000e+06 
3.3673510734e-26 
1.9424398750e+06 
8.2220447221e+24 
4.8079358965e+32 
-1.7155988497e+25 
-8.6752978933e-15 
-2.6151879447e-36 
6.0705271862e-37 
8.3448410034e-01 
2.3923916200e-17 
-3.7338239147e+24 
-1.3304970305e+19 
2.9821939889e-25 
-2.7210929093e+21 
9.3806489768e+24 
-6.2599719968e-06 
7.1956939962e-08 
2.5348728732e+34 
-1.4006597095e+26 
6.6991490926e+27 
-6.6337179305e-08 
4.0108252219e-26 
-9.3285315280e+16 
5.0661854309e+33 
4.0338091228e-18 
6.9130078125e+02 
-8.4689412369e+30 
9.7813768904e-31 
3.9853037228e-28 
3.6956953409e-07 
-3.8750592490e+21 
-4.6873018040e-35 
5.9094057425e-10 
-2.5144409180e+01 
9.2997719071e-22 
-3.7870469120e+09 
1.0494500277e+25 
-2.8188183040e+09 
-1.0691346169e+01 
5.9975184152e-37 
4.6446196565e-19 
-4.0764408112e+01 
1.8211520174e-20 
2.7516942717e-14 
-3.0782031897e+29 
-2.7940219498e+20 
7.7511433950e-28 
1.5518316794e+15 
-5.6781829305e-23 
3.7723779891e+11 
-9.4441815479e-13 
-5.1736241578e+32 
-4.6863548872e-38 
1.0348725248e+10 
1.5602826653e-29 
-7.8487094626e-16 
-1.2083824935e-28 
-3.4883215932e-28 
3.5877280000e+06 
3.4927491858e-31 
-4.5747276489e-27 
-1.6575079644e-03 
6.3604760733e-21 
-9.9827698191e-14 
-2.2261110306e+01 
7.4633394431e-39 
-3.7994683512e-20 
-4.8110340000e+07 
1.8647547562e+36 
-4.6014216542e-01 
-5.9746907937e-05 
6.9132880753e-07 
-1.4659457435e-37 
2.8294702907e-35 
-1.1698214790e-23 
-1.5214201229e-37 
2.4239197389e+11 
9.0205903724e-23 
3.0085060543e+27 
1.5970562500e+04 
-5.9370564021e-12 
-1.5321638790e+33 
9.4820834509e-32 
-2.8919052221e-26 
3.7991701433e-25 
2.8024482500e+06 
-2.7674395824e-06 
1.0212332667e+12 
-1.0172607422e+02 
4.7808024412e+12 
1.4886495161e+16 
-7.3481267293e-08 
7.9293874731e-19 
-1.7791909933e-37 
5.3769674752e+10 
-2.1422755930e-11 
-7.3374303595e-13 
3.6115845921e+34 
2.6545519446e+36 
-1.7565921021e+02 
3.7568040554e-37 
-1.7535910850e-33 
3.5707315784e-17 
-3.8934692233e+13 
1.1992948200e-30 
4.3311672278e+36 
-5.1350661810e-27 
4.1848477808e-12 
1.9803017288e-20 
7.5161094258e-25 
2.7859755478e+17 
7.5042226941e+16 
1.9701527094e+30 
-4.4990640552e-25 
-7.5894237720e-23 
1.5325343217e-09 
2.4699406822e-06 
5.9213938688e+11 
5.7796209527e+32 
-2.7188516890e-38 
4.5057729172e-39 
6.6010660995e+14 
8.5419646976e+10 
-5.0907346914e-12 
1.6950340836e-19 
4.6136533197e-23 
3.0941704060e-11 
5.8733836000e+07 
-2.2188676035e-31 
-1.3080742400e+09 
-1.7729780337e+33 
5.9760077606e+32 
1.5989745108e+38 
2.5685433298e-02 
-5.1713666682e-10 
4.9083979548e-07 
-9.6501899088e+28 
7.9205032843e+34 
-1.6114218996e+20 
6.4424176580e+15 
-1.6919629735e+22 
8.4854801378e+26 
2.3831384064e+10 
-1.1642701260e+26 
2.4773988846e-34 
1.2980641797e-02 
4.2324016514e-10 
-4.0431804836e-15 
-4.0492427480e-24 
-8.1744449822e-16 
-8.7242376951e-13 
-7.3437031824e-04 
1.7393053866e-38 
-4.8229711339e+23 
1.1907841600e+08 
1.4916731730e+16 
-8.1897172385e-19 
-9.7646094450e-21 
-1.1021049871e-37 
-7.3513551275e+26 
1.0074654710e-06 
-6.8538944785e-20 
-2.3894835500e+35 
9.0697467163e-31 
-4.9154710546e-33 
2.0938737532e-22 
1.2926528215e-24 
-9.2006714390e+34 
1.7001748085e-02 
-2.0416803719e-38 
1.4900904933e-31 
-4.7798451584e-30 
-7.5339520194e-16 
-2.3790701562e+05 
-4.1699640939e+18 
4.5008347926e-20 
-6.3145130804e+26 
-3.9353906444e-25 
-6.6183606250e+05 
-8.6205047590e-20 
4.0470207741e-10 
7.1311854571e+16 
-6.7124716452e-07 
2.1643102720e+09 
2.7479440465e-38 
-1.9548569628e-15 
1.0579599766e-03 
-2.6805035242e-16 
8.7546181338e+25 
1.2060928800e+08 
1.0069522121e+28 
-7.3191595210e-22 
-1.8743916371e-05 
-3.8422068305e-10 
-1.0316017172e+12 
-3.6021220607e-38 
-4.4878120304e-32 
2.1244066082e-19 
2.3028585317e-25 
-1.1204384942e+29 
2.6000112538e-15 
1.3759721552e+25 
-6.1891788800e+08 
-5.6284915829e-17 
7.0164064582e+33 
2.2263613175e-07 
-1.0163867798e+03 
1.1517398501e+23 
-4.7521783841e-08 
-3.0559170774e+32 
3.0121624619e+19 
5.0241068117e+27 
5.8286178458e+33 
-9.0998991584e+32 
-4.3399399146e-05 
-1.3791214706e-22 
-2.1175135559e+20 
-1.7446275217e-27 
-2.2928360787e+14 
9.6181784769e+23 
2.1884096079e+29 
-2.2544497437e+32 
-1.1262864064e-07 
2.2223228591e-28 
9.6495728075e-13 
3.6036123386e-19 
4.2880609521e+23 
-2.1444391402e-13 
-2.4444015605e-15 
1.4426258304e-06 
-2.5164422989e+01 
-4.8045682136e-34 
3.2257102430e-04 
6.5660230767e+20 
5.9852123090e+35 
1.5185244429e+23 
-1.0129191731e+11 
-1.3485762064e-27 
1.5145304064e+10 
-2.8871892664e+22 
1.1005907223e-30 
-1.7821788788e-01 
1.9959639758e-04 
1.1905848980e-02 
4.7627675137e-09 
-4.6138198817e-10 
-4.2675125655e-07 
2.9646756649e+00 
3.8552613604e-20 
3.9793906018e-14 
4.2041065171e-05 
1.0034442957e-32 
5.1891316496e-34 
-6.0600036944e+35 
-1.9146008491e+26 
-5.6408676999e+35 
2.2573696384e-13 
3.1828486487e-25 
8.0259455543e-33 
1.4107370467e-21 
1.9272465568e-11 
1.7350405138e+30 
7.3371552201e-26 
-1.1484746174e+30 
-6.7885819629e-26 
-6.4188609220e+18 
-9.4481920000e+07 
-5.8682750000e+04 
2.3906953536e-23 
-1.1194790992e-21 
1.8021646490e+19 
2.4159925043e+11 
5.6046120960e+10 
-2.7452268278e-36 
1.7170885985e-04 
2.0067788434e+35 
-3.0621129453e+18 
2.6157566400e+08 
-4.4584715164e+31 
6.9746235000e+06 
-2.2953020078e-31 
1.1827675542e-24 
6.7924918272e+10 
1.3726755491e+22 
-7.4386969209e-04 
-1.3295641497e-11 
-1.5400168422e-35 
-1.1371766656e+16 
-9.4245600614e-26 
-6.3231681824e+01 
4.1225042721e-14 
-2.4877893390e+36 
1.2328639000e+07 
1.2141340971e+00 
-1.9487581268e+37 
3.6808157500e+06 
-8.2027407133e+16 
-3.8739760000e+08 
3.0077924890e-17 
2.1352994442e+00 
2.6846606112e+37 
-8.9794661890e-38 
-1.7443561581e-27 
-2.3017472361e-15 
7.3047957318e+33 
8.3523258567e-02 
8.0859792356e+15 
-2.9718162155e-26 
9.3893808126e-01 
-1.5812807907e-36 
6.1097304791e+18 
-5.0130522665e-15 
-1.5564039808e-27 
-4.3744571869e-15 
-6.3305914414e+17 
1.9648512602e+00 
-3.7898846388e-12 
1.7982769718e-09 
2.5705755000e+06 
-2.9310309735e-09 
1.4414952915e-35 
7.8738417960e+32 
8.0854617600e+08 
-1.0510204474e+23 
1.6108015776e+00 
3.9993396875e+05 
4.3426868339e-16 
1.8077763174e+11 
3.8294946511e-30 
-2.1981953371e+27 
-6.4259270400e+08 
-9.6547225257e-04 
-8.3105386722e-13 
-5.8183430066e-15 
-5.6103013740e+17 
1.8270560531e-07 
-9.2856627908e-19 
1.4791541889e+14 
-1.7319268849e-12 
-1.5046461273e+26 
1.2471799308e+22 
1.2164451904e+03 
1.8567623047e+04 
1.7289699885e-25 
-3.8784189152e-36 
7.1960931216e-32 
1.2965652757e-24 
3.4432083558e+11 
-3.3858859841e-23 
3.4866872009e-28 
6.0818426311e-02 
-7.7902287197e-16 
-2.6871887015e+15 
-8.9270474724e+35 
6.9813046264e-24 
-8.2211135939e+23 
-3.8023239136e+02 
4.6135158935e+15 
-1.7352451571e+33 
1.1717059483e+21 
3.5974485734e-36 
1.8872969667e-04 
5.6927096844e-01 
7.5477740089e-16 
-1.1917872879e+21 
6.5901180621e+36 
1.1791891302e-04 
1.6039756250e+06 
4.7838388224e+10 
1.6200485557e-15 
-2.6242903623e+28 
7.0711907210e+21 
            nan 
-1.5594800000e+08 
-3.3234474364e-31 
-1.7171054075e-12 
-6.4872055210e-13 
-9.7969175837e+33 
-2.4978999301e+37 
4.2921552734e+03 
-1.0292159417e+27 
4.2154901696e+26 
-1.3557956800e-36 
-1.2739104216e-09 
-3.9521968640e+09 
1.5335711590e-09 
-1.8648651605e-21 
-3.7032284160e+10 
1.1964053688e+26 
8.8116476036e-06 
-2.3738861918e+16 
1.7373613491e+30 
-1.2666210790e+31 
-8.8989662572e-07 
-1.6268666373e-13 
2.9016978826e-25 
3.7483103814e-17 
-4.3716584669e+13 
-2.6253413199e-24 
1.5825677500e+06 
-3.1591854552e+32 
-4.4303166761e-20 
-2.3159133603e-38 
2.1475857466e-06 
-1.0207945134e-19 
4.0162636362e-36 
1.5607786702e+25 
-9.8154878616e+00 
1.3350682617e+04 
-2.4147606746e-04 
6.9868747289e-13 
-1.6921342454e+25 
-4.9777091980e+01 
4.7717138821e-28 
1.3737173802e-29 
1.8859084574e+18 
-2.5026743780e-14 
1.4519342173e-08 
-1.1008239550e+16 
5.2171944542e-10 
-4.1270632600e-26 
1.9056157030e-34 
-8.6408222364e-38 
-2.0849498345e-19 
-4.2260927734e+03 
2.1764181409e+21 
1.4102213073e+34 
-2.0025588235e+20 
2.2129986765e+15 
-1.3573368578e+13 
1.0303127911e+29 
-2.2638240025e+21 
-8.5198312000e+07 
7.9426153564e+02 
-2.9592146147e+23 
-1.9994004572e-31 
2.9129659991e-15 
3.0556525192e-12 
-2.4390101433e+00 
-1.9254586101e-01 
4.3012317184e+10 
-1.4064499390e-26 
4.7937588533e-04 
-5.2434098843e+30 
1.3888077480e+29 
-1.9663397494e+34 
-2.4941150130e-30 
2.0587398467e+29 
-3.3062605490e-15 
9.5622925412e+35 
3.0485595000e+06 
1.3890865102e+15 
3.0326883062e+25 
-2.6198255256e-23 
-2.5111109686e-30 
9.5898079203e-17 
-2.3236653705e-19 
4.5204238281e+04 
-1.2640107611e-22 
3.5841793750e+05 
-4.5548666880e+11 
1.1434791982e-01 
-5.2165341251e-29 
5.2317707999e+29 
3.6354656000e+08 
3.9903712273e+00 
2.6040659866e+26 
2.4495076190e-08 
3.5651821891e-17 
1.4324908032e+11 
7.0797485421e+24 
4.8163772970e-10 
1.3011559426e+34 
1.0273998438e+11 
2.5413494928e-38 
4.2014383084e-09 
-1.1130427040e+36 
-3.1116391764e+31 
1.0154922749e+17 
1.0349135428e+21 
-9.2923062311e-07 
6.5299380856e+14 
3.7497891840e+09 
-1.1045472056e-33 
-2.6070000173e-27 
-7.6523929742e-27 
-1.4667660420e-09 
-1.1361582592e-20 
-8.3901580936e-19 
6.5461315918e+02 
7.9961954802e-24 
2.5940883807e-36 
-1.6991859807e-35 
5.6770522956e-25 
5.7595500702e+15 
1.2746328914e+25 
2.8048474315e-16 
-1.4110589205e-25 
7.6201190105e-26 
1.1685447162e+27 
1.1154325463e-08 
1.9894258003e-04 
1.8822383881e+01 
-8.0552853504e+11 
5.2168579554e-37 
-6.9466830155e-07 
-2.4247202418e-14 
6.5004904172e-05 
3.1392531760e-20 
1.4700086117e+00 
-5.9642061578e+22 
5.1961754419e+11 
-7.4362610633e+26 
-1.7151620096e+10 
-1.2506813342e-20 
-1.3085693657e-36 
-2.4750206115e+37 
4.3178358674e-01 
-3.8633191934e+24 
-1.5697153068e-31 
-2.6470163304e-21 
-3.2639311394e-04 
1.3844414000e+07 
-5.3317122793e+35 
4.4385188136e-34 
2.7999413461e-21 
1.4453424797e-31 
1.0052411556e+00 
4.8400660500e+31 
-9.9723484375e+04 
-2.0906408371e-19 
3.3132769280e+10 
-5.4734207800e+19 
-3.4907991164e-08 
1.9094747562e-37 
2.1912265600e+08 
            nan 
-3.0172190269e-29 
-9.0769473761e+15 
-4.4027742188e+04 
-2.6512545871e+19 
-2.1445162291e-37 
7.3374390000e+06 
2.3094152280e-31 
-9.0804573101e+33 
-3.6290544271e-01 
2.0777413249e-01 
5.3010871634e-03 
-2.9760292819e-05 
-6.1672469352e+37 
-5.9275452507e+18 
2.2592680504e-10 
8.5005255872e-13 
-3.3835565618e+24 
1.9848049609e-22 
-1.4709591256e+17 
-4.6911018887e-25 
2.4733247723e+35 
4.0934536316e-10 
2.0235415716e+12 
-4.2722261839e-10 
-6.4248728667e+27 
5.6095779081e-29 
2.8466977688e-35 
-1.6705826324e+12 
-5.5945795234e+22 
1.2824239934e-11 
-3.1564955000e+06 
6.5921469369e+36 
3.4495318928e-12 
1.1414731898e+15 
-4.9714165354e+29 
-2.4381595000e+06 
-6.8713892130e-37 
2.5335840763e-25 
-4.6299589081e-30 
2.6747082396e+31 
1.2031380095e+24 
-8.2691310909e-33 
3.4495968072e+31 
-2.7819411200e+08 
-1.2446565170e-17 
-2.1829730666e+34 
1.2004202214e-17 
-1.3711981883e+23 
9.1112433254e+11 
-8.3111033893e-23 
-6.2720560145e+33 
-3.9889571646e-09 
3.5736671079e-19 
-2.0378382163e+37 
-3.7951421222e+36 
8.2516460419e+00 
-2.1175333999e-35 
-1.3062845551e-14 
-9.5336621134e-35 
2.8167722105e-28 
1.4427235200e+08 
-1.9153897567e-31 
1.2367056331e-30 
-3.7870749972e-34 
2.1740764098e+21 
-1.1363844010e-21 
-3.4212970653e+36 
1.9476019266e+28 
-6.7623997312e+33 
-7.3042155520e+09 
8.5295794272e-15 
2.4041236973e-37 
-7.9438003035e+22 
1.7272523870e+29 
3.2844519866e+20 
-6.7374460090e+26 
-2.2191911503e-11 
3.1154918361e-06 
1.7690702080e+09 
-1.8337949215e-10 
-7.6488548244e-38 
-1.4632940251e+33 
4.4818278186e+35 
2.6858160114e+36 
2.9062556806e-08 
5.5468106076e-16 
-2.4646140800e+08 
1.1662960094e-12 
-1.0620217997e+20 
3.0147052712e-06 
-7.0684327894e-31 
-5.2137452342e-12 
-7.2274490500e+37 
-5.2206628418e+02 
1.1046292651e+21 
-9.5717751110e+17 
7.6561772300e-35 
5.6619932875e-03 
-1.2355134000e+07 
-1.8549800734e-04 
1.4939872411e-18 
-4.2958956302e+24 
1.1038546459e+21 
-4.1856466608e-16 
2.4460270526e-33 
1.9506695759e+28 
1.0092450394e-22 
-2.0159213250e-31 
-1.1311598410e+23 
2.5552995476e+19 
3.5202526658e-12 
-8.8688345800e+35 
            nan 
-1.6026058783e-18 
-7.1330376024e+36 
-2.0564981724e-27 
6.2734611251e+11 
-2.2883356851e+38 
-5.2051260748e+29 
1.1917259200e+08 
9.6434264294e-17 
-1.5868956582e+15 
-7.1747876737e-12 
1.4957807064e+00 
-1.3473737240e+00 
1.5280359980e-24 
3.9371531711e-32 
-2.0945324468e-12 
2.2509032743e-27 
-3.7294840000e+07 
4.7817547429e+35 
-9.0048324585e+01 
6.8394661846e+28 
-5.8885287124e-17 
-2.5292382208e+11 
-2.4344410168e-11 
-7.6302726305e-21 
1.6035189823e-18 
6.4077629108e-14 
6.4874874322e+28 
7.5509715742e+22 
3.1512432882e-19 
6.2558005651e-12 
1.1243553131e-25 
-7.3523449196e+17 
-3.7673879444e+17 
-6.2402906077e-20 
3.8404871934e-15 
-5.6156470000e+06 
-8.9112731416e-08 
2.3939907584e+12 
-6.6923520000e+10 
-1.9735495122e+34 
-3.1012170609e-08 
7.8981150415e-17 
2.7141894780e-28 
-1.9551004848e-15 
-3.9099222890e+28 
2.1828273926e+03 
5.3074220000e+06 
1.4420803084e+20 
-7.2419552993e-12 
8.2529962579e+30 
-1.8119355268e-37 
4.5964639282e+02 
-7.5313405991e+00 
8.5738226119e+32 
-2.6144337209e+27 
-7.5666345959e+32 
8.4028753918e-04 
-2.9906203766e+23 
-2.6309200852e+37 
-3.8506831042e-03 
-2.8915980148e-18 
-9.6090923025e+24 
3.1928179521e+28 
-1.2313689565e-12 
-2.8896310620e-17 
8.4052749091e+33 
8.4470511764e+34 
7.1283988287e+14 
-1.9242201750e+14 
-1.0000854548e+12 
8.0191174410e-19 
-6.3876697540e+01 
-4.5192900082e-29 
2.9984857208e+38 
1.6258938729e-07 
-2.7899801173e-18 
9.1750041335e-15 
8.7115322372e-19 
-5.9584810739e+24 
8.1088108002e+34 
-1.0161105898e-12 
-5.8023072104e-18 
-1.3079871691e-22 
9.5496193353e-07 
-5.2975079509e-38 
1.9729803205e-25 
5.7486506874e-12 
-1.3688660174e-15 
-1.1539322410e-28 
-5.5003941917e+17 
-3.9875732909e-05 
-9.1636713558e+15 
-1.5812527306e-34 
-2.1278302655e+34 
-2.0759335658e-19 
-6.1256332655e+18 
-8.0711360133e+26 
4.3871686794e-03 
-9.2781771179e+37 
7.7441264517e+12 
-6.5668608673e-20 
-8.2240397446e+34 
1.1910075000e+07 
1.5869876634e+11 
1.0444914502e+20 
-3.2609847964e-33 
-1.8700197681e+15 
-2.8995440120e+34 
3.0397307457e+21 
-1.0087292256e+37 
-5.3403422852e+03 
-1.8934295312e+05 
-1.1755248600e+21 
2.4519927255e-37 
4.2153730989e-01 
-3.6737166811e-03 
8.6712220364e+18 
2.9067962368e+10 
-2.2423765539e+24 
-3.2642439561e-16 
-2.1015335178e+19 
1.8801510222e-31 
-5.8502182007e+01 
4.7372149589e+24 
1.4585623747e+21 
-2.7063484003e+17 
1.3263131743e+25 
1.6765597592e-36 
4.5906569862e-33 
2.4606941033e+22 
8.6250595703e+03 
-4.0493987621e-37 
4.1167672475e+19 
3.2076112286e+24 
1.3663199463e+03 
-4.1520104900e-35 
1.8948857969e-30 
-7.8444225825e-18 
-1.1095540503e+36 
-4.7743869635e-24 
4.3859253197e+27 
-4.0975209539e+27 
-1.3768477738e-01 
-1.4760093575e-28 
4.4787349124e-24 
2.2820434627e+28 
-5.7569387301e+15 
-7.4317565918e+02 
1.3979242513e+19 
-7.9817814580e-09 
7.6566593536e+11 
2.0740407655e-11 
1.4184340239e+00 
-1.4841501867e-24 
4.5916596884e-22 
-5.6500184021e-26 
-3.5072619531e-22 
2.3731840000e+07 
7.1844823040e+09 
1.0343867984e-09 
5.5635837128e-19 
8.9038134726e-20 
1.5152252786e-09 
-1.1332238600e+36 
-1.2476280590e+35 
1.2503507043e-20 
8.7836706019e-38 
-4.2924245294e+25 
9.4785559933e+25 
-8.7089655552e+24 
4.4536720148e-35 
2.8131785678e-24 
2.9202522190e+26 
-7.4206155539e-01 
1.7790686957e-26 
2.8997748056e+28 
-1.5913211456e+29 
1.8035871706e-28 
-3.1867920575e-16 
5.1319552000e+07 
2.0482232738e-19 
-2.1389864837e-26 
2.2037189609e+32 
1.2021606565e-29 
-1.7591498179e+12 
-3.3836219540e+20 
1.4954761009e+22 
-2.5246370898e+34 
5.0171613693e-02 
-1.8684880515e-25 
1.5418107959e+16 
-1.6305139162e+31 
5.4657175496e-35 
-3.4619836426e+03 
-5.2184301325e-08 
-6.0093299163e+13 
5.8007546880e+09 
2.2542099032e-07 
-1.1638740200e-23 
3.7624901550e+24 
3.1952400758e-24 
3.3894463842e-15 
3.5580308953e-25 
-4.4336787750e+27 
-2.4802803993e-02 
-5.2999203945e+35 
-8.9117406787e-09 
2.1705175781e+02 
1.1435282513e-34 
-3.9170965685e+23 
1.2806289669e-30 
6.6361767523e+37 
5.0527704101e-20 
5.5428642967e-29 
1.1656993925e+30 
-1.1095698227e-07 
-5.0884857173e-14 
6.3528333941e-29 
1.8715537801e-19 
-1.8408706572e+16 
-1.0944192674e+32 
-1.3660387328e+10 
8.8406157395e-11 
-1.6277193600e+08 
1.6812362613e-09 
8.1126958265e-38 
-2.0516650878e-10 
-2.0623107255e-01 
-9.9109698467e-26 
-4.4766718117e-31 
8.1756125530e-22 
-1.8776357749e+34 
3.8835879507e-32 
-6.3692307472e+00 
8.2385834524e+37 
-1.5601064046e-32 
-1.9613512761e+30 
-3.4918495910e-34 
2.7094083168e-33 
-2.9921378009e-03 
-1.0687333997e-03 
1.1367731726e+22 
-1.0142540230e+33 
4.5919222400e+08 
-3.5542622720e+09 
8.1406418758e-05 
8.5343257975e+22 
4.5073277634e+21 
1.0908997320e-23 
-3.0741642695e-04 
1.1761822720e+09 
-1.7680991935e-35 
-9.1990618297e-25 
-1.1044856791e+12 
-3.8965120810e+30 
-8.9769817889e-02 
-4.4357113118e+32 
8.8489580000e+06 
-2.5453654835e+11 
-1.6365409435e-26 
8.1925199248e-23 
-5.1029268480e+09 
-2.8313286795e-24 
-1.8405332867e-06 
-4.4334800588e-12 
-3.1868775849e-37 
1.0063273575e+32 
-6.6008681195e+37 
-9.1303088895e+30 
1.7717625817e-19 
1.2262055909e-29 
8.8578704558e-22 
4.7143149386e+35 
-2.3278458981e-24 
-1.0996453155e+27 
5.5244520174e+20 
-4.5034022502e+11 
-6.0036534705e-05 
-6.0311487005e-07 
-4.9587172852e+03 
-7.7913579224e+17 
5.7376315817e-03 
-6.8801409511e+34 
3.1359211426e+03 
2.9441558290e-03 
2.5594169006e-09 
-6.3317833137e+31 
-6.8675496795e-19 
-1.4654842398e-38 
2.1440132141e+02 
8.1476520509e+12 
-1.9226155000e+06 
-3.0631879781e-05 
-3.9058070000e+06 
9.7308477440e+09 
-8.9946347475e-01 
8.7190523148e+00 
-4.7024954110e-02 
-2.1861189748e+18 
-4.5538596783e+18 
2.8265174011e-22 
-7.1082215989e+35 
3.1318590625e+05 
1.9130577302e-33 
-1.1054977024e+11 
7.9099532741e-05 
4.1960868696e+25 
1.8221153600e+08 
-7.3072638218e-11 
-1.7411521579e-38 
1.8684020558e+28 
-2.2317909170e-03 
7.0438361810e-09 
1.7150453280e-10 
-1.1468918549e-32 
3.8962613326e-04 
-1.2887168735e+34 
6.7851417818e-09 
3.0868095313e+16 
2.0272641999e+13 
-4.9494463639e-08 
2.9235662817e+23 
2.1065399395e+16 
-4.4604877822e-15 
5.6929431915e+01 
-1.6855288292e-21 
-4.9366361347e+36 
3.3988340000e+07 
2.0807977136e+21 
8.7969217518e+34 
2.1141996965e+31 
2.8201543726e+35 
-4.0365438554e+18 
1.1706873775e-01 
-1.2098487467e-02 
2.4421779698e-32 
6.1016029739e+26 
-1.7002509854e-35 
-5.9719103036e+24 
1.3006199656e-22 
-2.8293478600e+34 
-2.7743543375e+26 
-4.4556264397e+21 
-6.1741013527e+00 
8.3296276629e-02 
-2.3288993333e-38 
-1.3611452770e-36 
7.7189570247e+31 
1.5806142216e+35 
-3.7484520153e+36 
-1.0113146061e+11 
-4.9339566326e+25 
1.7971834000e+07 
-2.6407855718e+11 
1.1332272339e+02 
-1.0189058594e+04 
-2.1980387999e-07 
2.4915631262e+22 
1.1793232587e-38 
7.5486918173e-35 
3.4984601362e+27 
8.8476381250e+05 
4.4342436902e+15 
1.3581950617e-36 
2.2190668371e+17 
3.1702863440e+31 
1.0977386873e+21 
1.9059426742e-25 
4.6337584395e+17 
1.8659665806e+16 
-2.3133981706e+35 
5.0095876396e-38 
-1.8203614565e+19 
-1.6049907598e-24 
-1.7208949300e-32 
-9.2313312641e+16 
6.5043700000e+07 
2.4708350921e-08 
-1.6585023104e+28 
3.3327846486e-38 
-6.5573003667e-05 
-2.3830063104e+10 
-2.3727019156e-13 
1.3257038157e+23 
8.7858071547e+33 
1.4439878054e-02 
-6.7701547852e+03 
-8.7619250670e-27 
-1.8165388353e+15 
1.7877261963e+03 
-6.0259863286e+29 
-1.9546742608e-22 
-1.2027229184e+10 
8.2552723896e+18 
-2.4646548800e+08 
1.8839962567e-20 
-2.3944186808e+21 
-9.1582944000e+07 
2.7041222200e+21 
6.3516360080e+15 
-5.1303557120e-04 
1.0593074799e+01 
-7.2950777024e+37 
-4.4566349646e+21 
5.1200110301e-30 
1.7032701638e-11 
1.3755805696e+10 
7.9373474260e-38 
-4.2877646882e-16 
-8.2086366583e-17 
6.1835761080e-35 
-1.2195579008e-36 
-2.3931047370e-14 
2.5523604497e-12 
4.7159886336e+35 
7.5896070339e-03 
1.9764215105e-26 
4.2169911581e+14 
1.7995482786e+18 
-7.0397444818e-11 
-2.2704999426e+38 
1.0101961148e-32 
-2.8862689468e+24 
-4.5141622109e-38 
1.2981261416e+21 
-4.8328866005e-23 
1.2369212694e-02 
-2.5576149866e+29 
-1.2592743979e-27 
-2.4014729206e-05 
-2.1490148926e+03 
1.5991451156e+12 
6.8561260285e+33 
-3.7412697585e+26 
2.0672477722e+01 
2.2128817534e-07 
6.9580140078e+17 
-3.1262825648e-15 
-2.1762786865e+02 
-1.8324523923e-25 
-3.5817224394e+25 
-7.3161371406e-10 
-3.5730745448e-37 
1.1652034715e-07 
5.5790401251e+28 
8.7763518230e-26 
9.9444612771e-17 
-1.6934752372e+24 
-1.8009059150e-28 
1.1616656149e-32 
1.7666632168e-39 
9.0243043296e-23 
-2.9809794586e-23 
1.6487423415e+31 
1.4301045596e+29 
2.3080297182e-20 
4.1306939898e+36 
-7.8235888244e+26 
2.1504384373e-14 
-1.2917771469e+11 
7.6481693502e+33 
3.3843819365e+21 
-2.9776087406e-33 
-2.0796045419e-07 
3.8474569321e+00 
-1.4151093750e+05 
-9.7823765827e-05 
-1.4288917135e+25 
-3.6350703061e+21 
6.9937414082e-31 
-3.2369734451e+11 
-1.4343133452e-11 
-3.5176742101e-38 
1.0957694720e+09 
3.6757873180e-24 
2.2154805768e-10 
-7.4165220228e-27 
1.9939801170e+12 
2.8661266611e-13 
-9.6562136902e-33 
3.1939248657e+02 
-2.0278533964e+21 
-2.7338545726e+30 
-4.2942556021e-37 
8.2158027570e+37 
7.9783384760e-12 
1.2113433086e-12 
-2.6339974866e-29 
-4.3129726534e-16 
-1.4982671104e-08 
-2.2889523166e-07 
1.5020132446e+21 
-3.4372793038e+31 
1.9790948918e+15 
-6.4862910320e-22 
2.4210542750e+23 
2.7100824230e-14 
-6.6327750400e+08 
9.3082511902e+01 
-4.3434772050e-30 
-5.8552075238e-33 
-3.9688477500e+06 
6.3422688982e-04 
-3.5238703104e+10 
-2.7192317081e+30 
2.5159586921e-15 
3.2513665061e-36 
-1.0449784217e+25 
-5.3650927119e-15 
-7.4891168530e+36 
1.2114305878e+02 
-1.1459400900e+15 
-4.7236626292e-32 
-2.9730929707e+16 
-4.4455234938e+35 
-4.3045610313e-25 
5.8226876988e-30 
-3.0788189727e-18 
-2.9268514455e-33 
5.1550740734e+37 
-1.8368479036e+37 
6.0243623587e-22 
-9.2835505073e+19 
5.6082780098e+21 
-3.0437467031e+18 
-2.7465647058e+21 
1.6085289076e-15 
8.3653350180e-31 
8.1504381048e+15 
-1.6054385147e+38 
-2.9442896843e+00 
2.8508430609e+28 
-5.4533242188e+04 
-6.6393960821e+23 
-7.7501322818e-29 
4.9957823941e+24 
6.2630374283e-20 
-5.4805076378e+11 
6.4126666985e-05 
-1.2087476527e-25 
-1.1534120488e-14 
-6.3144819054e+25 
-1.7828866161e-09 
1.9499362427e-31 
1.6229914129e-01 
5.5031024886e+29 
-2.6959736715e-04 
-2.5987966309e+03 
-1.7343873047e+04 
4.0538205515e-35 
-7.2814155112e-35 
-7.9252619743e+00 
7.5401343155e-12 
-1.9247212464e+21 
-6.5438378946e+22 
-6.4998248955e-32 
-5.9021905101e+12 
-2.4097073600e+08 
-5.9638678544e-12 
7.9813340160e+09 
-4.2291849515e-36 
7.6463130486e+23 
-6.2861863067e-13 
7.9969498292e+18 
-4.5031319054e+16 
4.2327080760e-16 
4.2754750000e+04 
3.1023109990e-23 
2.8485087499e+22 
1.4746450588e-13 
-1.5498533923e+34 
-4.6203329077e+37 
4.7160458897e+15 
-1.0648641743e+29 
-1.3663012016e-17 
2.3048376617e+24 
3.1666114975e-17 
-4.2605273438e+02 
1.3371641942e+16 
-1.9456353039e-04 
-1.3744629350e+11 
1.4452131987e+00 
1.1769056023e-30 
-7.8034365291e-24 
3.1625820068e+34 
-2.2919605769e-08 
-3.9211666107e+01 
1.6000593901e+00 
8.6719058515e+36 
-7.9680242652e+23 
-5.5237824798e-21 
1.2171161976e+29 
1.3614238106e+11 
1.1921660672e+27 
-3.1502691563e-03 
-1.7976010424e-33 
5.4845030705e+28 
-8.6739913970e+16 
-4.4651784897e+00 
-7.2111412414e+25 
2.2154871094e+04 
-2.0733496501e-29 
-4.3694451010e-18 
-1.2196210197e-35 
3.0666064264e-19 
-9.2903542661e-14 
4.6637257600e+08 
7.3318412452e-10 
6.6147522832e-28 
2.4513500072e+17 
1.9881079813e+14 
3.4981442261e+02 
-8.7952337354e+22 
2.0410347186e-35 
-1.2938706096e-14 
9.2619600000e+05 
-1.6165343000e+24 
-7.5244555469e+11 
3.0852433714e+16 
9.4639637932e-34 
1.3519922959e-08 
-2.0440149859e+20 
5.1233792000e+08 
1.6180100396e+24 
3.1478890605e-09 
1.5986820912e-27 
-1.3771493868e+12 
-1.6029234485e+31 
3.6918733570e+13 
-3.2516222823e-37 
1.1329450000e+05 
-4.3600724293e+25 
-8.3816587270e+31 
4.8803955078e+01 
2.6400768048e-30 
6.4276800000e+06 
-2.8252787888e-04 
-7.7842552465e-32 
-1.0958518901e+24 
-3.3170216790e-15 
1.7612045511e+21 
4.4361133549e-35 
2.3200084176e+33 
-2.4985781693e-06 
-5.0460761260e+13 
1.6921850329e-04 
-1.9692357120e-11 
3.8476724568e+13 
-2.0311319532e+18 
-1.7454718976e+10 
-2.8652898615e-30 
-1.0839966702e-09 
2.0348286000e+07 
5.8314629216e-39 
8.0648579622e+22 
6.1759946752e+12 
2.4482786179e+01 
-4.3579747179e-29 
4.8803325268e-19 
-4.2184522002e+27 
1.6366573627e+19 
-4.3589007609e+37 
-7.4567583474e+26 
1.3432826801e+24 
3.1600799561e+00 
6.1927738101e-28 
5.0135857616e-26 
-1.4974555994e+32 
-1.6949045544e+27 
8.1337964263e-35 
-2.0875626135e-25 
5.0359823681e-33 
-7.9576104960e+09 
-3.0762521419e-08 
1.0077467330e+36 
3.2978390569e-31 
3.8191495864e-13 
4.2964060038e+30 
-1.0072929077e+03 
-5.7613195627e-14 
1.5347637926e-29 
-5.6083704328e-36 
2.7562782228e+12 
4.6468524735e-28 
-2.8639028333e-16 
7.1073490410e-37 
-3.3753776900e+36 
1.3991511275e+36 
6.3621350400e+09 
-2.1243632631e-08 
-7.1571433734e-34 
2.6438596875e+05 
6.2806010415e-21 
-3.2627482779e+38 
1.4876433418e-08 
5.1269958566e-25 
1.4436422492e+32 
-8.3578893111e+31 
4.9757359193e-06 
1.8416247031e+28 
-1.2878619600e-05 
7.3934261491e-13 
-2.0281221364e-15 
5.5042236328e+01 
2.2936715971e-32 
-1.8817875968e+10 
-1.4518268723e+11 
8.6517535549e+23 
1.0597951831e-25 
1.1316207970e+33 
-7.6353502309e-39 
1.6219266978e-21 
4.1702586256e+15 
6.2880810193e-18 
3.4545333043e+11 
-1.7937051585e+36 
-5.8145983688e-12 
-1.5497744148e-20 
-2.8618725992e-05 
4.4798003699e+35 
-1.0132469169e-10 
5.3821472168e+02 
-8.5235788800e+09 
-2.7968839358e-23 
1.0975811174e+11 
-4.5863934580e+30 
-9.1026345035e-04 
-1.4608099696e+36 
-9.8097235699e-29 
-7.1173324008e+29 
6.4921706941e-28 
1.6594498363e+37 
3.3739796875e+05 
-7.0713280358e+23 
-5.9577986662e-37 
1.3854703834e-36 
4.7322145751e+12 
5.7908896992e+18 
5.3613741969e-26 
-1.1826013069e+36 
9.9062830003e+35 
2.1381558400e+21 
-1.6146934061e-27 
1.0662793042e-22 
-4.0622666770e-14 
9.2802193633e-17 
6.7494496913e-18 
2.6743751478e+35 
-2.1025325203e+15 
-2.6349466306e+17 
-1.3438659668e+01 
-3.0812920737e-31 
5.8376846521e+15 
-2.6530702590e+21 
-1.1665067027e-39 
-1.6808151008e-12 
2.1143857567e+22 
-1.0337479286e+25 
3.8021778437e-07 
1.4973273181e-37 
-5.6933620145e-12 
5.8406313938e-33 
7.9990069658e+12 
-2.4192305036e-23 
-1.1296048760e-03 
1.5113389643e-33 
-8.6856380221e-07 
-4.1886838033e-17 
-7.5259477069e-21 
-5.0221621029e+21 
-2.6150054908e-22 
-2.6539167308e-08 
1.0881202475e+20 
-2.3274558649e+33 
-2.2797279560e+13 
-1.9287414330e-32 
-2.6762475428e+26 
-2.2647166000e+07 
5.8250834218e-21 
-3.9255277568e+10 
3.9264352240e+26 
-3.6782474417e+20 
3.5648480000e+06 
3.5650970087e-37 
2.7473912034e-11 
-8.2772951040e+09 
1.7743995390e-35 
-9.9401600000e+06 
-1.6006912213e-27 
-2.0736149290e+34 
-4.3102003200e+08 
2.8398198142e-30 
4.5152468992e+10 
1.3072805642e-12 
-5.5107893887e-37 
3.5607024359e+20 
8.6202537748e-16 
-6.4551995000e+06 
1.1777945750e-24 
-1.3991047688e-24 
-4.7155517578e+01 
6.8530439032e-34 
1.5993856915e+15 
5.3074657917e-03 
-2.0013366240e+21 
-3.3682642179e-12 
2.0721068002e+17 
-6.6873824696e-38 
-3.0655465390e+13 
4.7779529795e+35 
4.8900123062e-08 
1.4854990329e+30 
6.9544814352e-11 
5.5824420997e-07 
1.3970400931e+33 
-4.7466138633e+21 
-3.6866391737e-30 
-1.3981362655e+38 
1.4224175770e+16 
-1.0764744131e+14 
9.9659628195e-25 
6.8062806016e+12 
-1.3929976062e-09 
1.4624954108e-31 
1.6271820554e-17 
3.8002099245e-08 
-5.2129319250e-18 
2.8218794128e+15 
7.2351324570e+11 
-8.5031963853e+12 
1.4920464169e-21 
5.8861083984e+01 
1.2825187500e+04 
-1.4181662720e+10 
7.9239718551e+22 
-9.9733021053e-23 
1.5572434724e+15 
-1.9910156747e+27 
-8.8777926400e+08 
3.0453160486e-17 
-2.9407682309e+23 
-1.9198891521e-01 
8.5263050342e+11 
2.2609830094e-32 
-1.0679849398e-24 
-3.3645503265e+31 
-3.4823626709e+02 
3.3801790625e+05 
1.4389165737e-33 
1.9714864842e+21 
1.6783410618e-19 
3.9973801674e+22 
7.4461305846e-16 
1.3102854210e+26 
2.2860283878e+14 
7.8616833604e-18 
2.2047245311e-38 
2.4660444922e+19 
-5.0995949566e+32 
1.0387538646e-22 
-2.7028155097e-38 
-1.0782914545e+22 
-1.3306937232e-19 
1.5940612793e+01 
6.4512004795e-22 
-1.7495004608e-36 
-2.3737766701e+16 
1.1197901102e+38 
-2.3087870364e+30 
-5.4871795996e-09 
5.4731776800e-06 
1.8942429633e+28 
2.5147376508e-31 
-7.2686030218e+30 
-7.5459752085e-35 
3.3709483755e+17 
7.3720825277e+19 
1.0352270720e+09 
-1.3187264404e+03 
1.8598718603e-22 
-5.4535243788e-28 
4.4149196151e-24 
5.1796293714e+12 
-1.7765257891e+27 
5.5373611776e-30 
5.5460325572e-24 
-7.4637291997e-23 
-5.3741302010e-25 
-3.4366160512e-23 
8.5625741758e+22 
7.8028335554e+32 
-2.9887164416e+10 
1.2683255054e-12 
3.3802909453e+35 
-5.2494372479e-38 
-7.7766599468e-18 
-4.1835054755e-02 
-8.5690265953e-19 
3.1084504885e+18 
-4.4696889777e+25 
2.8266793203e-13 
2.8910793890e+15 
2.2826581708e-17 
-5.0889390070e-16 
-3.8655020880e-16 
1.9728043371e+31 
4.5724087711e-11 
1.9185549042e-16 
3.0588122172e-05 
-1.0176795488e+15 
-1.1017204644e-21 
-3.6021573544e+00 
3.7955762713e-28 
8.3609928650e+37 
            nan 
-3.6921127926e-31 
-7.0652728271e+02 
6.7818826437e-01 
-2.0829931666e+36 
1.1930203629e-16 
-1.1255929337e+28 
1.0626683447e+28 
-3.5934945606e+23 
3.8879745419e-27 
1.7146802909e-24 
8.7787097036e-11 
-2.3907612393e-22 
-1.7726615836e+15 
3.5925440788e+00 
-2.7204154880e+09 
8.7438103853e+16 
8.3862082815e+19 
1.2169678750e+06 
-8.6279212884e-23 
1.6418198342e+15 
1.4964915351e-07 
3.1417470000e+07 
-3.3810813329e+33 
-2.2990264858e-26 
-3.4187037500e+06 
6.7566307520e-35 
-8.0680541714e-07 
-3.8373144004e+23 
-6.6905643352e-12 
4.9375532441e-35 
6.0380303268e-21 
            nan 
2.8125324292e-08 
6.7459914138e+11 
-6.1484216320e+09 
-8.5839945904e+20 
-1.4323260149e-39 
1.5476269182e-03 
1.2944836254e-30 
-6.3012812461e-05 
5.5120547403e-24 
1.4277414843e+15 
-6.2986159915e-18 
            nan 
-6.3385553831e-21 
2.2273633582e+36 
8.0337042469e+31 
7.0636580454e-15 
-1.1236278020e+15 
7.7970388536e+29 
2.3373950875e+21 
-1.8005655706e-01 
5.1237475200e+08 
6.6546743098e+37 
1.6560969168e+25 
3.7986823786e+24 
-2.2992079918e-33 
-8.1111849240e-26 
1.7860639095e+00 
-3.5291183055e-15 
-4.8593594086e-36 
4.0222284169e+35 
-2.1561074002e+32 
1.0424855974e+30 
8.2049371095e-14 
6.5861012792e+16 
-4.3904698957e-30 
-4.4018474021e-29 
2.3161252975e+01 
-7.1252745042e-16 
1.6705015596e-26 
3.1015904956e-15 
2.2268216610e+00 
-5.9815472575e-09 
3.9389883141e+24 
4.2273099534e-03 
6.5633775616e+10 
2.4016282337e-21 
-3.3329791986e-20 
2.4435941270e+36 
-9.1109989999e-35 
4.1867756992e+29 
-4.1598312448e+10 
8.2231337843e-19 
2.6401336320e+09 
-2.4614503344e+26 
-1.0985168278e-33 
1.4912438553e-14 
4.4335736084e+02 
-1.6847109272e-34 
2.6839825278e+24 
7.3785481936e-34 
4.3587455675e+21 
-2.4468860715e-07 
7.1448599166e-34 
1.2560362583e+14 
-5.1117936287e-27 
-1.9427799369e-09 
1.7746935109e+27 
-9.8455579537e-20 
5.4327913630e+29 
1.3333789299e+32 
-2.5972692583e-06 
-1.0867801425e-23 
-1.7483730358e+24 
4.1963715921e-04 
2.1385491308e-31 
-5.9722923930e+32 
8.4609259520e+09 
1.5381895312e+05 
7.2214610349e-38 
-2.4563789452e-14 
4.7695861216e-35 
2.9866450275e+36 
9.8223944159e+20 
6.5968211645e-31 
7.8078355200e+08 
3.0263909912e+24 
4.6017349996e+14 
-1.3640686631e+28 
-7.6324932860e-36 
1.8682498257e-11 
-2.2826123047e+04 
8.9575570822e-01 
2.0627271108e+30 
2.2515759924e-15 
-4.5419609457e+12 
-2.4056216669e-24 
-2.6854396800e+08 
-1.9924934236e-07 
2.3448939520e+09 
-4.5715032959e+02 
-5.3722364418e-25 
-3.3102142538e-07 
1.0830423709e-28 
-7.4723922633e+35 
1.0614318828e+30 
-3.1104915845e+21 
1.8706118867e+19 
-1.9022485846e-22 
3.4347410333e-11 
-1.7709878503e-33 
-2.1251160831e-07 
-4.2930557000e+14 
-9.0201684705e+12 
-2.3159716835e-35 
-9.0847039381e-22 
6.4706376293e+24 
1.8322052971e+31 
8.0108254466e+30 
-1.5664730818e-30 
-3.7756278557e-17 
-2.4921247832e+28 
2.6360067659e-15 
-8.8174355469e+03 
1.1219942307e+30 
-2.5165548249e+20 
-2.4670890458e+21 
2.3938126053e+13 
-5.0279619840e+15 
6.5324441600e+10 
1.2997665226e+24 
1.7303300556e-03 
5.7972508738e-11 
3.0647627208e+28 
4.9424887808e+10 
1.2677372414e-24 
9.4092625530e+35 
-5.6686844000e+07 
-4.6918357082e-31 
-4.2361284676e+24 
-3.6412276051e+27 
1.8264073640e-29 
-1.4365393436e+17 
3.6233246852e-32 
4.1521608786e+20 
9.7390883108e+16 
-2.6548675095e-32 
2.9845665892e+18 
5.1517549704e-16 
6.3656302958e-30 
1.0359747734e+26 
2.6270591188e-03 
1.3492850087e+33 
-4.3980887324e+21 
1.1607323677e+23 
-1.0881490594e-33 
-3.7564890226e-04 
3.4915373546e-29 
-5.0102722377e-26 
-1.0755249463e-25 
5.4416829440e+09 
-8.5096206712e+23 
7.5533073129e-08 
-4.2783018794e-10 
-4.6913553103e-25 
-1.6406464454e-07 
-4.6066221647e+33 
-1.2083526861e+11 
3.3398787070e+25 
1.3736846819e+13 
9.3567502136e-35 
3.5978704943e+35 
1.0662482433e+30 
-1.0626843443e+11 
1.3997747200e+09 
-9.4086428303e+36 
4.1861989512e-34 
1.5366191985e-15 
1.2754942524e-26 
3.2683321785e+19 
6.8641264000e+07 
-5.5045246094e+04 
1.1828773859e-04 
-2.9505150000e+07 
-9.8903410749e-23 
-9.2288838798e+21 
1.2507665253e+02 
-1.3998921787e-30 
-3.2655210251e-25 
1.4122248926e-09 
-2.8427591878e-11 
5.1840307617e+03 
-1.7796204004e+38 
-2.6406416384e+10 
2.4740606038e+35 
2.9658223502e-03 
1.1471437500e+06 
-3.0726123777e-33 
4.7912153907e+11 
3.1240829754e+16 
4.7020471983e-33 
1.9169401772e+30 
1.8570115851e+38 
-1.6154986254e-29 
-1.1032246053e-01 
-8.7759443131e+35 
-7.3262670776e-04 
-1.2212398750e+06 
1.7589576730e-24 
-5.5706304204e-35 
-3.6771761939e-26 
-2.7930873060e-23 
-8.7726584013e-15 
-3.0219881491e-18 
2.3974485591e-11 
3.0943066458e+18 
1.7098195689e-12 
3.3299058676e-01 
5.7893946148e+23 
4.3033937162e+35 
-1.8882795000e+06 
2.6593354240e+09 
1.9461265102e+18 
-3.6986259200e+08 
-9.4095285380e-18 
1.0903003929e+23 
6.7673993782e-15 
1.1976166206e-05 
6.7055096855e-29 
2.1610498438e+05 
4.1620307617e+03 
1.5899870822e+11 
4.0084916898e-31 
2.4221656668e+32 
5.1734834407e-36 
3.4156431743e+25 
4.6155037126e-04 
-6.9790257381e+13 
9.9825082553e-14 
-7.0276662428e+13 
2.1684857696e+15 
-3.0254095459e+02 
-1.3173097567e+26 
-4.1636596075e-36 
-1.9910718311e-13 
-2.4047614689e+12 
1.5250349446e+26 
1.1646141273e+34 
4.9080453243e-12 
-3.8774408851e-17 
-9.1268976314e+27 
-1.6567136766e-29 
4.4498100838e+27 
4.0024104118e+00 
-2.9203832419e-34 
-7.3067752501e+26 
8.8917830726e-04 
3.9131796875e+05 
4.3498860544e+10 
2.3375364304e+01 
-4.9635912333e-17 
2.1960566243e+13 
1.1821895274e-21 
8.2867016945e+36 
-2.9954011136e+10 
9.2582078651e-03 
-4.5195993063e+37 
7.5321518728e+31 
1.9669782875e-35 
2.7034772911e-18 
2.4808810468e+33 
-7.6301972075e+31 
-2.0907450771e-10 
7.5421808988e-30 
1.3960791717e-23 
-1.3448526737e-08 
2.6851478576e+18 
-3.7260613226e-06 
-8.1560604274e-02 
-1.5393934541e+15 
2.0745358934e+13 
-3.2036137083e-15 
-6.3203046352e-08 
4.2484788953e+29 
-9.5902744215e-04 
-3.1112502968e+12 
-3.6513269502e-23 
-2.0203411865e+02 
1.7957726271e-30 
-5.4513780308e+28 
6.8908212745e+20 
7.5619187555e-05 
1.0631554233e-06 
2.0292243868e-35 
-6.0361285088e-30 
1.0769024158e+32 
9.3966293335e+01 
-1.5215193206e-22 
-1.5447623107e-13 
9.3575002315e+27 
3.2637737008e-31 
6.3264516083e+16 
-6.0419833660e-01 
            nan 
-3.1558550972e-07 
1.8371431571e-34 
-7.7808895892e+14 
5.0576674749e+33 
2.1666612838e+11 
-6.0503967087e-17 
4.5970516755e-33 
4.1418658651e-25 
3.4176248000e+07 
2.1757444673e+36 
-6.3252846121e+31 
2.6716198081e+28 
-3.3916317696e+10 
2.8980544159e+15 
-4.1581052522e-17 
1.0486366119e+30 
3.4182962484e+23 
-4.0484808555e-37 
-3.7426119234e-34 
-4.1055841280e+09 
-6.7838080590e-38 
8.7873923369e+33 
-1.4190096875e+05 
-6.5684468701e-37 
6.8659228199e+23 
4.2060783386e+01 
-9.9678879744e+11 
-5.0857813606e+11 
-2.2715678369e-06 
1.2568555520e+10 
-1.4378358624e+37 
-2.2189966694e-04 
9.3244838933e-12 
5.1003742188e+04 
2.0973771159e+29 
-7.4058138265e+16 
-1.0161904992e+18 
-6.0977991480e-25 
5.5685267324e-14 
4.3897174561e-21 
-1.1333466112e+10 
-1.4312911856e+18 
-4.3722829819e+00 
-1.4164077500e+06 
5.6521902084e+00 
-2.6790890470e-13 
-2.6799985966e-18 
-8.0529677734e+03 
4.4664533183e-10 
1.7053354480e+16 
4.2367924403e-21 
3.1086178056e+21 
1.8637601259e+36 
2.3011119141e+04 
-2.1158065973e+23 
1.7643065884e-34 
4.8739106914e+37 
6.2493286400e+10 
7.1683622487e-37 
-8.0000573440e+10 
-2.3105174255e+02 
5.6127840021e-18 
7.1090173151e-05 
-1.0534896282e-03 
-3.3996769786e-01 
-2.3157962240e+09 
-2.8590365313e-25 
-5.2632733727e-09 
-7.9775433987e-03 
1.1021517500e+06 
-1.5588962366e-24 
5.6188910068e-34 
-6.3689736087e-16 
-8.2192838039e+21 
7.2076476416e+10 
5.2424631407e+34 
2.0338738351e+34 
4.8594742188e+04 
-1.0527324817e+24 
-1.5454215056e-13 
5.8943694963e+14 
-7.1313697522e+31 
-4.1032031753e-21 
-1.7234719075e-32 
2.6578796837e-19 
-6.9348344023e-38 
3.7498901122e+31 
-1.0978001203e+33 
-4.5324280989e-23 
-6.1545975114e+16 
4.1746376231e+19 
2.7949404907e+02 
2.4101538867e+27 
7.4342168798e+21 
4.7550727929e-21 
-3.4080559880e-26 
-7.4525354427e-31 
-2.3066398330e+30 
-6.8143193388e-22 
1.3819943928e-14 
-4.4452936535e-21 
7.1558190918e+02 
7.9666155626e-32 
5.0932736000e+10 
5.5774457047e+24 
-5.2304121525e+23 
7.5778981149e-38 
5.0155194815e-18 
-2.3344692537e-36 
2.0174024394e-04 
4.3174543977e-01 
-1.4878956250e+06 
2.5837145105e-24 
-9.6320462610e-33 
4.2077125689e+21 
-5.1767282361e+26 
9.4044197749e+13 
-6.9939830898e-31 
-7.3919150895e-23 
-1.1350870852e-31 
-4.9478483533e-09 
6.2769047852e+03 
-1.4548514086e+21 
7.7347667968e+10 
-1.4789277267e-35 
4.5938242188e+04 
4.8297488712e+23 
-1.1795248640e+09 
-3.2899290489e-34 
-1.4316448435e+19 
-2.7203858432e+10 
-1.4396575159e-14 
1.8527612777e-09 
-2.3849553392e+27 
8.4911612724e-28 
9.2741332105e-31 
2.6606773004e+23 
-4.4254533947e-02 
2.5353965042e+17 
7.9436879605e-03 
2.4624726176e-01 
5.4141750000e+06 
-5.8025740521e-22 
3.8705963107e+34 
-3.9412337039e+28 
-6.6724887802e-06 
9.9114917340e+16 
            nan 
5.2925759343e-14 
1.6657941740e+37 
3.2612471085e+27 
-4.6825078117e+32 
2.4425140736e-36 
-2.4121397928e-06 
-7.1930859343e-28 
4.5457677314e+22 
1.0635564104e-04 
3.0119400000e+05 
1.1769123072e+14 
-2.5401691890e-30 
7.3856889237e+33 
-3.1440313546e+22 
-4.1331134071e-09 
4.3925033436e-24 
-4.7489770152e-29 
-9.8906616000e+07 
-3.0151956978e+21 
5.0401883600e+16 
-2.2409658761e+13 
-2.2885424111e-10 
1.0259946055e+15 
2.6206820162e-27 
-1.2118413952e+37 
9.9954631161e-16 
2.2623324190e+37 
-1.3951359447e+16 
5.8389057478e-13 
-4.6014400000e+06 
-6.9523109058e-15 
-2.9164106122e+17 
1.1266959664e+38 
-1.2422007867e-11 
-2.1034615648e-31 
3.3237796703e+18 
2.2378931906e+18 
-2.3608580404e+30 
-1.6673193505e-35 
-2.3833375000e+04 
-3.2564227290e+14 
-4.0039011200e+08 
6.6385492188e+04 
8.5136222839e+01 
5.9000927734e+03 
-5.1764141584e-11 
3.0552532491e+35 
-8.0676947021e+02 
3.2266711552e+20 
-3.1756944160e-36 
-7.0400714874e-02 
2.1852381285e+16 
-2.5669726562e+02 
-3.7145579382e-20 
4.3927048396e-33 
-2.0537221572e+38 
3.8135970775e-31 
1.2930284257e+12 
-2.4376750618e-12 
-6.1660145142e-24 
-1.3751156382e-16 
-2.6121005444e+36 
-5.2354363251e-24 
-9.8894596100e-02 
2.6793151031e-12 
-2.0951557159e-01 
3.7937566322e-38 
1.9976902008e-01 
2.8402567142e+23 
-3.5337982949e-19 
2.9588692786e+23 
1.8908373531e+31 
-3.9359126077e+23 
-7.2659826751e+29 
6.2502432015e+30 
-4.5319716864e+10 
-8.6399870001e+19 
-1.4994888306e+00 
4.5008908452e+12 
-1.2869890718e+23 
1.4209128448e+21 
-1.0339232493e+15 
1.1819886208e+01 
-8.8363975322e+15 
-9.5185838262e+31 
9.7953598227e+27 
-1.2107042010e+25 
-5.2239430451e+11 
1.5856894976e+10 
-2.3521276593e-10 
3.2203590333e-38 
6.7653229630e+16 
1.4563489399e+22 
-1.6792925686e-32 
-5.1049089400e-09 
1.2776185036e+01 
-3.3879278155e-30 
1.3014167414e-14 
3.7047220854e-31 
1.5986792000e+08 
-3.4941147905e-28 
-6.5655930692e-10 
-1.1367462991e+31 
6.8234498065e+28 
1.1123722576e-22 
1.7860274371e-09 
-4.8461479834e-22 
-3.1592658691e+03 
4.7847513074e-32 
6.0820056720e+36 
3.9488379844e-03 
1.3973326774e+31 
2.2083948892e-31 
-1.3413520487e-32 
-2.3476717472e+00 
3.4737883267e-17 
3.3456295353e+14 
-1.7911082040e-34 
6.8456309066e-08 
7.3707580566e+00 
1.6891876780e-36 
-2.5243300000e+05 
-2.0827063858e-24 
8.9602709342e+31 
7.9995911504e-27 
-4.9976750000e+04 
5.8279686308e+12 
1.9882206992e-11 
-4.5749684749e-38 
-9.9112330000e+06 
-5.9103481168e+14 
2.1442028228e-03 
2.7008171310e-04 
3.4587375186e-09 
3.0778780800e+08 
-1.1125326902e-01 
-6.1917147781e-31 
-2.2985830519e-17 
-8.1764082328e+37 
-2.1398407680e+09 
-9.9453846631e+14 
-1.5956304090e-17 
-1.3349797573e-26 
9.7351762207e-09 
-2.9697042407e-27 
-3.6328101206e+24 
-7.7778448000e+07 
-3.9008388162e-38 
3.6938939095e+00 
-8.0954101711e-26 
-2.8373180433e+38 
4.4206858380e-19 
4.8674495080e+35 
6.2079757812e+04 
1.4876329560e-20 
-2.1558700793e-23 
9.2017387633e-13 
-8.8388450346e+29 
-1.3527965448e-28 
7.3749697266e+03 
-1.7966018292e+34 
-9.0269988037e+31 
4.8591796294e-29 
-2.8666125090e-29 
1.8198315265e+34 
-3.3071363426e-09 
2.0897311416e+38 
-3.4509945435e+23 
2.7258654720e+10 
2.0611594164e-29 
-1.9389693877e-19 
-1.4267775661e+14 
-1.5850837494e-32 
-6.0039066322e-36 
-4.0508848093e-21 
-2.8429930727e-27 
-2.2263016649e-32 
-1.2973790581e-04 
-1.3001887351e+36 
1.7466585470e-11 
1.5321449609e-03 
1.8279055791e+27 
1.1769705836e+38 
-1.3286307348e-16 
1.2293661451e+23 
-9.2455440000e+07 
3.8224509385e-27 
-4.0261658401e+18 
1.7620406110e+19 
-4.4421450000e+06 
-3.4329783111e-28 
1.4261826000e+07 
1.2091685832e-01 
7.1408702337e-17 
-1.4754417400e+16 
4.8736138916e+02 
1.9085402044e-34 
2.2214109334e+27 
1.5801287373e-04 
1.4901948335e+34 
5.4949458612e-13 
1.2437261041e-33 
3.9604960154e-38 
-1.6501696532e+15 
-6.3276967090e-36 
-1.5425391630e-28 
4.9301886545e+24 
2.8700690884e-19 
-4.0325748227e+35 
2.5130992270e+21 
9.1463920882e-09 
-2.6148326561e-35 
-1.8904310191e-21 
5.5701504969e+30 
-1.2826661682e+02 
9.2928484082e-04 
-2.5429470734e-21 
1.0653720176e+29 
-4.6711139175e-32 
1.0755882709e-14 
-5.7885926614e-37 
2.3526932411e-38 
-2.2094602945e+15 
-1.7973005492e-22 
-9.2365700363e+36 
1.5019537141e+16 
-4.3211457928e+14 
2.6177220345e+00 
-2.2379017052e+23 
5.7317094314e+20 
-3.1498265266e+00 
1.5424730937e-10 
-1.2213537280e+09 
1.2084890442e-38 
4.4611880667e-16 
-9.7018859520e+09 
2.1376892362e-14 
2.1860637114e-15 
-3.3789571516e-15 
-1.0125188679e+24 
-7.0937337184e-33 
1.1378751562e+05 
-2.7187922053e-11 
5.3565776914e+33 
-8.2107504660e-14 
1.2406487295e+33 
1.4971867305e-20 
1.2495458984e+02 
-1.6815241441e+19 
1.6312308210e+25 
-2.8454135642e-33 
5.3351647385e+26 
1.6921483178e-15 
-1.6673678260e-07 
-1.1441905664e+11 
6.4606130416e-23 
1.0105008983e+33 
-8.8581621716e+16 
3.0555426703e-24 
-1.9233330294e+19 
3.2369621485e+34 
-1.9493383383e+16 
-1.3521309498e-31 
-4.5633859376e-14 
1.8440705566e+03 
-4.1132256259e+34 
-5.0295257812e+04 
-9.9834384000e+07 
-4.2597614325e-09 
-2.4061937020e-26 
1.0008421154e-37 
1.1926433361e+28 
1.3449211522e-08 
-6.0797188000e+07 
-1.4046551417e+24 
-2.4768981605e+36 
-2.7708322500e+06 
4.3717252041e-11 
-6.1700247256e-29 
1.6226593977e+18 
2.6078799026e+28 
9.3977159486e+21 
-3.7483027577e-01 
-8.2355619110e-33 
1.6818583630e-17 
5.8472925823e-30 
1.7080967609e-06 
-1.0712308335e+36 
2.0268049316e+03 
1.5593098942e-03 
1.9702319056e-02 
6.4983668883e+13 
-1.8848161613e+17 
-2.1435892180e-29 
-3.1215484928e+11 
6.3436496896e+10 
-4.8883113656e+12 
3.0482162179e+18 
-9.9999612500e+05 
1.5295371018e+12 
4.3006135836e-26 
9.3580042646e+14 
6.3912841149e+20 
2.0201901562e+05 
7.7211684045e+11 
4.7451785839e-32 
-8.2343967022e-34 
5.5221903494e-06 
3.9019627271e-15 
3.1260070504e-34 
5.5440145731e-01 
1.2988642534e+23 
1.8927106548e+17 
3.6588053495e+36 
-2.3707512766e-02 
-2.2003296763e-02 
3.2268059230e+16 
7.3553860188e-01 
4.9855382045e-09 
-6.0124780876e-16 
-4.2211129600e+08 
-3.4635968229e+26 
6.7312451004e-17 
-1.1645561579e-25 
-5.7882598714e-10 
3.7921468205e-37 
3.5803361665e+25 
-8.1496360197e+16 
-2.1190843622e+22 
-3.3994583285e-26 
-7.6266005635e-04 
-5.9686793750e+05 
-3.4405534750e-30 
9.4310291111e-02 
2.2985919100e-40 
5.1173267523e-36 
-7.8218405773e+33 
-1.5914823115e-01 
-1.5606663680e+09 
3.9886580693e+29 
-1.1307614457e+28 
5.8610774073e+32 
3.6368279824e+16 
1.2888612747e+01 
1.6627714560e+09 
1.7845696314e-34 
8.1324398518e-01 
-9.2265069693e-19 
3.3964172435e+21 
-8.3699330376e-34 
3.0241726827e+37 
-1.5677557245e+38 
2.4335787296e+00 
7.0113666356e-02 
3.1486399066e-31 
-7.7527926178e+13 
7.9696320000e+06 
3.0845799302e-23 
1.1606066838e+28 
2.5911272559e+26 
-1.8083431680e+09 
-5.0127355147e-20 
5.9359466127e-12 
-1.0774054982e+15 
-2.3472177910e-29 
8.9372577082e-17 
8.7400380287e-27 
-1.5065919976e-24 
-6.9018435411e-09 
-2.1053376002e+26 
9.4026350592e+10 
-8.1463782277e-25 
-6.1955085781e+15 
4.9847533688e-23 
            nan 
3.0273926315e-28 
-1.8649783061e-27 
-3.3483357146e-12 
-1.1621453936e+17 
9.3168032000e+08 
4.1087400000e+05 
-1.9974296875e+05 
3.8555449095e+30 
7.9234012160e+09 
-3.1497834275e-31 
-7.7252634583e-06 
-2.9734399048e-22 
3.5430242680e+19 
1.1820489899e-11 
-1.2293432331e-12 
3.4162074479e-34 
7.4637792149e-14 
-9.1145417027e-29 
-5.6700506658e+24 
9.5460880000e+07 
7.2532797114e-16 
9.6524890978e-04 
2.8194864420e-31 
6.7963677979e+02 
-8.7452924902e-08 
3.7107861675e-25 
5.8804936661e-19 
1.3914801152e+10 
-1.4581786647e-27 
5.0108483217e+17 
6.5619134521e+02 
4.0295244843e+26 
-3.7987212644e+34 
-2.3652147276e-27 
5.2230084229e+02 
5.0694523449e-13 
7.5366984204e+33 
-9.1438816824e+34 
3.7279738324e-11 
-5.3684677772e+18 
-1.0290048327e-11 
2.1780493855e-01 
1.3041520219e-07 
2.4018579284e+29 
4.6385339005e-28 
-6.9405516842e-04 
-7.7407466961e-06 
9.8352250044e+36 
8.3017279032e-13 
-2.5409364583e+33 
-1.7361733003e-31 
-1.5785616363e-28 
-1.7839964160e+09 
8.6162550000e+06 
-1.5729452325e+35 
-2.0182906962e+12 
8.2961928000e+07 
5.8072514218e+19 
7.2414838295e+25 
1.2191515675e-15 
1.5976641000e+07 
1.6936975172e-31 
-2.1729703540e-12 
5.6332059017e-08 
-5.9100459034e+28 
-1.9464907411e-25 
1.2138576381e-16 
1.0068005395e-05 
3.0256154016e-02 
-1.1839350018e+32 
3.3535552456e-22 
3.8114104482e-18 
1.9221609569e-31 
5.9428853313e-16 
-3.7002565040e+34 
1.0422813383e+35 
-2.6167650352e+28 
2.0717612056e+26 
-1.5915056180e+33 
-9.2819098558e-15 
-1.0197238088e-33 
5.1959365000e+06 
4.8131448364e+02 
-2.3715335991e-17 
-1.2689893341e+02 
8.7187895551e-03 
-8.0075048260e-35 
-1.2377272187e+16 
7.0476862814e-36 
5.3445483415e+21 
-1.3269632421e-18 
-1.9823036989e+12 
3.8241537835e+27 
8.5848555355e+17 
1.9252833557e+02 
-1.2785002291e+15 
-4.1473490944e+11 
2.1866526367e-07 
-9.6542962167e-39 
-1.9454393066e-26 
6.4214589202e-09 
3.2059687814e-24 
5.3815485668e+32 
            nan 
1.2471144409e-20 
-8.1895071268e-01 
-1.0044623166e-01 
-9.3957638567e+34 
7.8340049706e-16 
5.2672918526e-16 
-5.9443041620e-38 
-1.4727630119e+17 
-7.3474692457e-16 
-1.0293399552e+11 
-1.7365876953e+04 
1.2679834747e+02 
-3.5647121023e-18 
7.5110793872e-30 
5.2428331687e-31 
2.4855271630e-25 
6.4846750000e+04 
-5.2652970714e-33 
5.3709576029e+31 
7.0697663171e+25 
-1.3024742250e-16 
-5.9528585504e+21 
3.5192558672e+33 
5.4723197586e-31 
2.9178979233e-08 
-1.1068362255e-05 
1.7700319649e+30 
1.5312982804e+34 
2.0831407969e-20 
6.3088955782e-31 
-5.8105550925e-30 
-3.4354655133e-22 
2.7508506264e-06 
-2.4853614807e+02 
-2.4607487466e-20 
-9.6281428004e-24 
1.2135433011e+11 
5.6211516397e-27 
-9.6788613501e-23 
2.1830951150e-14 
1.2196367036e+20 
-2.3881396423e+35 
4.0777162202e-10 
-1.4384926033e-28 
8.4950538452e-39 
1.5020766891e+22 
2.7231828610e+21 
1.0010256000e+09 
7.3310987878e+11 
4.5285642240e+10 
4.1080577608e+21 
-8.4646864225e+30 
4.4024865486e+32 
-8.1100765993e-18 
1.3474938477e+04 
-1.7941378226e+25 
-6.8221268976e+37 
-8.2206653986e+32 
5.8375007939e-06 
-1.3672522741e-31 
5.1372757752e-22 
5.2112585386e-20 
-6.7627391750e-20 
-1.7773431858e-25 
1.5268487894e-31 
2.5367586613e+00 
1.0015313477e+04 
2.8394426863e-06 
2.5343268135e-05 
5.7079276303e-04 
-1.2139763717e+17 
7.5302728259e-15 
-2.4275474785e+25 
-1.5042001250e+06 
-1.7335833809e+19 
-9.3264022979e+15 
4.3883745132e+15 
1.3418831404e-36 
1.7727438148e+23 
-5.7054923491e+26 
-8.2332174254e+12 
7.4970161989e+22 
-9.7531719582e+13 
9.8025895155e+30 
1.9507164510e-22 
3.6815432739e+02 
-1.2781677822e-25 
-2.6726579553e+18 
-6.0211256309e-21 
-1.3934716449e+17 
-1.3706387021e-02 
-1.4732106160e-11 
-1.2224549294e+01 
1.3638616320e+09 
-2.8000344303e+34 
3.9796291276e-06 
-6.5448260403e+12 
1.5806645590e+29 
-7.8919858699e-25 
-2.3064245077e+36 
4.2698621750e-02 
-1.6122800197e+23 
-5.5680943407e+29 
-3.6712786078e-18 
3.7514942991e-23 
2.1743858269e-08 
9.7210288054e-23 
-8.9455571145e+19 
1.0643563477e+04 
-1.7973841250e+06 
7.4104083946e+14 
-5.8129339016e-12 
5.1725976057e-17 
9.5946753664e-20 
-3.2641972545e-39 
6.3977215332e+37 
-2.1038695195e-05 
1.4625744313e-28 
7.9512507812e+04 
-9.6553426981e-01 
-3.1512665328e-36 
9.0362312754e-24 
-8.1750787209e+35 
2.7725729198e+15 
1.0662591000e+07 
-5.4509131583e-14 
-5.9899840000e+06 
-4.9666238556e+34 
1.4206311648e-20 
-3.3591228116e+25 
-6.3346439362e+01 
5.0637930175e+23 
-7.7278759765e+33 
-2.4570982568e-22 
3.6494871040e+09 
1.0541725095e+25 
-5.1386781175e-23 
1.7199520337e+14 
-1.6814119940e+19 
8.2951736665e+18 
-8.3065749644e+20 
1.6564531200e+08 
3.7994885016e-12 
-1.2897416468e-09 
1.1844936523e+04 
-1.6857513132e-15 
-1.8269203732e+19 
2.4183021037e-14 
-2.8773870106e-33 
2.4091215684e-38 
-2.1273487904e-16 
-8.9540157789e-27 
-2.5758128931e+13 
-4.8407270372e+35 
6.9768917206e-12 
1.3029635884e-02 
1.4957119293e-24 
1.0970166779e+02 
-7.9710036830e-31 
4.1046210917e-26 
7.7305106079e+30 
5.1027309222e+15 
4.2304582894e-04 
2.3925935970e+20 
-1.8427012488e-02 
-1.5780758667e+02 
-5.2642265547e-13 
4.7183930874e-03 
-5.7513465277e+26 
-3.3405052270e-13 
-8.0013847567e-19 
-4.6649026489e+02 
7.5943044911e-20 
-1.7514238434e+28 
-1.4777841250e+06 
6.5700691223e+01 
-1.5227925587e-06 
4.6414917667e-21 
2.7778838410e+23 
-1.9826069226e-13 
1.0074857275e-37 
3.2258876953e+04 
3.6559470729e-13 
-2.6608268395e+27 
-2.2575442659e-28 
7.3543152000e+07 
-3.5836403809e+03 
-2.4244768263e+14 
2.4147261968e-10 
8.8969335265e-28 
2.6210141538e-32 
5.9870848773e-27 
-4.4317044444e+21 
2.4626552967e-12 
1.3979436642e-24 
-9.9695284196e+29 
-2.8744789331e+20 
1.7487235072e+10 
-8.7391941545e+16 
-5.1654548523e+34 
-3.3626683088e-24 
8.1532001495e-02 
-6.8695534000e-37 
-4.3469869503e+20 
2.6590920479e+38 
-5.5470915584e+11 
3.0819919858e-19 
1.6317878456e+19 
-2.1021218539e-34 
-1.5671063033e+20 
-8.2361254136e-33 
1.0345202307e+29 
-2.1155923200e+09 
-4.6403968179e+20 
7.0187488379e+12 
-3.3445020629e-34 
-1.6302474236e-24 
2.3695560581e-30 
4.0357130073e-13 
1.0387687652e-14 
2.7993077830e-34 
-1.1374737700e+14 
-7.3237338818e-35 
1.0423169837e-26 
7.2586403082e-35 
2.0849390514e-22 
-1.4678202837e+22 
3.4847450256e-01 
-1.7251032143e-27 
3.4954722537e+32 
6.9645940505e+26 
-1.9623621018e+15 
1.1614956435e+26 
6.7837970396e+28 
-1.0201375360e+09 
-4.2786932331e-10 
-2.1851966417e-11 
2.9117845169e-26 
-1.4513771057e+02 
-8.5528923150e-15 
5.2360338742e-34 
6.0138000000e+05 
-3.1447284013e-14 
1.0566455078e+02 
-2.4757017426e-38 
6.4644790000e+06 
-6.7334260686e+30 
6.0787517983e-19 
-3.3952739708e-15 
-6.9450884633e+24 
5.8980135179e-34 
-1.0020721377e+19 
2.8143160343e+00 
6.4064330324e+31 
2.9884830919e-32 
2.7377131581e-01 
-4.7193400299e-09 
-8.1818928380e+34 
4.0451518547e-35 
1.3649996298e-23 
-3.4952916644e+28 
8.9803826695e+26 
1.3889877647e+28 
1.7725822257e+23 
-1.3904735738e-38 
-1.5635627420e+38 
7.5335721985e+18 
4.3034397901e+12 
2.6964071316e+18 
1.4472387771e+19 
-1.0049267578e+02 
-1.7196613151e+31 
2.7112671970e+34 
-1.6975375570e+29 
1.0811191565e-26 
-7.9874944808e-28 
3.3490543025e-33 
-1.4180188160e+12 
-1.1583195557e-22 
-3.3233838591e+24 
7.8533519973e-19 
-1.1532833851e-33 
4.2253608755e-27 
2.3756668928e+10 
2.9484493256e+01 
-3.0346562198e-05 
-1.5399254353e-29 
-3.0582180413e+13 
-2.7069382656e+10 
2.4443041452e-32 
2.1150151311e+25 
-2.0506311244e+27 
-6.5260316956e-37 
6.0429097707e-13 
-4.8625575902e-28 
-5.7290865268e-19 
-1.5842345984e+10 
7.4463933503e-24 
4.6261075402e-24 
-2.5633201324e+38 
1.1499200178e-18 
-5.8558722716e-24 
2.1637968750e+03 
3.8950582886e+02 
5.0350540473e-29 
-1.1701704384e+31 
4.2845414245e+31 
-3.9016200000e+05 
5.6919389635e+12 
-3.2862858114e+37 
-1.5775650809e+28 
6.0129826678e-20 
-1.8737369186e+19 
1.3079743408e-37 
-4.5784054237e-05 
5.2973807563e-09 
-8.3067061496e-07 
-6.1531066895e+00 
-6.1686021417e-16 
1.9834208196e-16 
-1.4557025929e-28 
-6.2042995842e+19 
2.7790067196e+00 
1.0275523256e-33 
4.0857909056e-08 
-6.8772888184e+00 
-5.7067804605e+36 
1.9778454965e+18 
-3.9438703371e-23 
-2.3479551212e-28 
-9.7148400435e-12 
2.4777100000e+05 
-1.1604268659e-19 
1.6236732081e-37 
7.2008884814e+13 
-4.5948272640e+09 
8.8867632122e-21 
-1.0084866275e-10 
1.3284623623e-02 
3.1852640100e-15 
-2.2437316589e+33 
-7.9217960104e+18 
2.2485411891e-18 
1.4173625443e-22 
1.3320273581e-22 
-2.8177642822e+00 
4.0758412270e-14 
1.2406981697e+33 
1.5275563533e+29 
-3.7075499876e+13 
-2.9973382250e-23 
-2.5526979149e+22 
-1.1696611182e-06 
-7.7866814967e-38 
9.3333816528e-01 
-3.9398809600e+08 
3.2026398772e+18 
-2.8290957741e-36 
1.4700615338e+31 
1.5064547141e-18 
-1.2317976635e-16 
5.7295193983e-05 
-1.7515306784e+21 
4.2257527338e-11 
1.1036832976e-37 
7.5196602690e+26 
5.2979132192e-10 
            nan 
2.2804872525e-32 
1.3085320995e-32 
-9.0765476521e+18 
-2.0896047354e-03 
6.8492354664e-17 
-4.4860388147e+11 
2.0344303780e+12 
4.6057904200e+36 
-8.0323786972e-20 
-4.1992323072e+11 
3.7987685537e+35 
8.6345861017e-13 
3.4470173717e-01 
-7.3626783650e+31 
4.9668339794e+13 
-5.8099037878e-36 
1.6912515288e-28 
6.0196161270e-02 
3.7498423613e-21 
-9.9710500000e+04 
            nan 
1.6246312500e+04 
4.1668383353e-38 
2.0053109606e+23 
2.6292444784e-14 
6.2753695684e-24 
4.0303745103e+26 
9.3215898460e-37 
-4.5446229083e-31 
-5.4453186751e-14 
6.4985185592e-28 
-5.2506876000e+07 
3.7267054700e+20 
4.6755850787e+25 
-4.4572750000e+04 
1.2817638604e+20 
-1.4466593257e-08 
-5.4634073077e+17 
-5.5791531395e-09 
-1.6830735506e+25 
1.8942136374e-34 
-1.1838003200e+08 
5.9466127328e-23 
2.9785063305e-10 
5.2333788345e-14 
-9.8051920727e+20 
9.7261467180e+30 
5.7913070998e-36 
-1.5173615616e+10 
-7.4463873750e-38 
-2.1337468000e+07 
1.1710758093e+11 
8.5019917636e-36 
7.4631500979e-10 
-3.3489664784e-31 
1.0073764045e-10 
1.6366418315e-25 
-6.7467578125e+02 
-3.2529214877e-08 
2.6441129117e-34 
-2.8024828680e-08 
-2.6698231697e-02 
1.8319231458e-05 
1.5944123268e-02 
-1.5122687223e+14 
-7.8832514105e+13 
7.8283730451e+21 
1.4384446235e-27 
3.3138441380e-38 
1.7779934765e-14 
-1.4266987161e-30 
-1.1372496605e+01 
2.1869623906e+22 
-4.1338791789e+13 
-8.5585906973e-35 
9.1999266031e-30 
-6.4444416000e+08 
1.4118212066e-22 
-1.4105930045e+25 
3.0189218750e+03 
8.6180783718e+11 
3.5189100868e+20 
1.3630374215e-32 
-1.0293383844e-20 
2.0288980204e+18 
1.4710847104e+16 
5.5210067383e+25 
2.7594565354e-28 
7.5444720000e+07 
3.1369913598e+35 
-4.6804046677e+29 
-2.4528062449e-17 
-3.9960606225e+36 
5.1403192467e-33 
5.4008141160e-04 
-9.2539007898e-29 
1.9673186842e+20 
1.1529345592e+35 
-1.5206410353e-08 
-8.4951862500e-20 
7.6185625587e-35 
3.6039684136e+31 
1.7076864000e+07 
-1.7872555107e+36 
-9.6806710958e-01 
1.4088209867e+00 
-3.0703895493e-37 
8.2605492188e+04 
9.0531492188e+04 
2.2576675254e-28 
-3.2087453745e-24 
1.0658333928e+27 
-6.1529159546e-01 
7.6293427646e+23 
-1.7650094719e-09 
-9.6298188800e+08 
-2.6262110208e+11 
1.5083541244e+37 
8.3570596125e+21 
-3.9912919983e+32 
-3.1144079174e+16 
-3.5686281269e+29 
-1.1976749219e+05 
7.8734670445e-17 
-3.5687342681e-18 
-3.5417997439e-31 
1.1302061523e+04 
-7.2398525106e+18 
7.8663204423e-14 
-3.3466844580e+28 
3.0032198040e+16 
-5.9219514414e-18 
4.1710904096e+32 
6.6861665047e+22 
7.6085910206e+35 
-1.6401121280e+09 
7.3622512817e-01 
8.6557163688e+33 
-3.1065992132e-17 
3.1402189528e+16 
-2.9654451430e-16 
1.1580051293e-17 
3.3132355673e+26 
3.5036517334e+02 
-2.0690370465e-14 
4.9616068734e-15 
-3.2972506537e+18 
3.5686604800e+08 
1.4517232776e-03 
            nan 
8.3020663776e-17 
-1.5563157056e-38 
-2.7843564749e-03 
2.1323298682e-10 
2.0189316366e-37 
-2.4618102304e+24 
-8.2540271089e+31 
7.1506001920e+09 
9.3060543708e-29 
-3.5225527055e+28 
-2.2199261529e+30 
1.2547526360e+00 
2.5531853013e-33 
-8.7089829942e-22 
2.4907277091e-36 
2.0302617295e-26 
-3.5139169614e-29 
-4.6251697504e+13 
-1.3668555766e-04 
4.4748308480e+09 
1.3590336000e+07 
2.1436758618e-13 
-4.6320119795e-31 
2.5726092557e+28 
1.7256785112e+33 
3.7062128198e+37 
-2.2830742007e-27 
2.2625406000e+07 
-1.6394038266e+22 
5.7103398382e+16 
8.3239272391e-16 
4.3913304516e-31 
-3.9997096037e+32 
-4.2281498311e-18 
2.5916477853e-09 
1.9147114025e-29 
2.3615117271e-32 
-1.0190405708e+18 
7.7153761713e+15 
-8.9883515290e+11 
-2.2780253999e-35 
1.3592815399e-01 
-3.1120071734e+30 
-1.9611194646e+30 
3.5702507708e+20 
1.1994365744e-19 
5.8007334395e-35 
-3.1508560229e-17 
-1.1751060547e+04 
-1.0832121598e+15 
5.8622204000e+07 
-3.6899431558e+18 
-9.0587448653e-10 
5.5231640625e+02 
-8.2448740898e+30 
-7.6493874542e+28 
3.7989951670e-04 
7.4145258084e+30 
-7.0582142742e+22 
-7.2947600000e+05 
-2.4749363200e+08 
1.4777311523e+04 
-1.4610136064e+10 
-1.3968263365e+16 
-8.3595624448e+13 
7.3334723538e-07 
2.7214110010e+15 
-3.2611599532e-10 
4.4843098521e-01 
3.9067282801e+21 
6.4694088616e-31 
-1.0404980969e-29 
-7.1988132454e+27 
2.8081400000e+05 
-5.3911690419e+21 
-5.1497067694e+32 
-6.0556245015e+19 
1.4595437500e+04 
1.0432664800e+08 
2.0111554560e+10 
4.3949343184e-35 
-2.2290596381e-18 
1.4707713318e+02 
5.1207158451e-17 
-6.0384536483e+19 
6.1579525153e-28 
1.5603923968e+10 
7.2819768626e+17 
-8.0002300441e-02 
6.3544866270e-33 
1.1446478311e-05 
8.5216623178e+33 
4.1938295284e-15 
2.2608877331e+28 
-2.1259964779e+24 
4.4378268418e+17 
-4.5014953613e+00 
3.1797654787e-13 
1.1216674158e-17 
1.4492257510e-33 
1.0298509004e+18 
1.3097863403e-27 
-6.3334224701e+01 
-2.0911293968e-16 
-1.0848205931e+24 
-1.0520855839e+13 
-3.1415420532e+02 
-5.7259574912e-30 
-8.9064133749e-30 
-1.0407518343e-25 
-1.8260590817e-09 
-4.7863399358e+31 
5.9829576259e+15 
4.3790076000e+07 
-6.3341141521e+15 
2.4285595959e-17 
1.4328696875e+05 
4.2156923877e-19 
-1.0556079863e-18 
3.5273692447e-06 
2.0464296540e-05 
