2.3509887016e-38 
0.0000000000e+00 
0.0000000000e+00 
0.0000000000e+00 
0.0000000000e+00 
0.0000000000e+00 
0.0000000000e+00 
3.5873240687e-43 
0.0000000000e+00 
0.0000000000e+00 
0.0000000000e+00 
0.0000000000e+00 
0.0000000000e+00 
0.0000000000e+00 
0.0000000000e+00 
0.0000000000e+00 
0.0000000000e+00 
0.0000000000e+00 
0.0000000000e+00 
0.0000000000e+00 
0.0000000000e+00 
0.0000000000e+00 
0.0000000000e+00 
0.0000000000e+00 
0.0000000000e+00 
0.0000000000e+00 
0.0000000000e+00 
0.0000000000e+00 
-4.4236203410e-34 
7.1746481373e-42 
0.0000000000e+00 
0.0000000000e+00 
0.0000000000e+00 
0.0000000000e+00 
0.0000000000e+00 
0.0000000000e+00 
0.0000000000e+00 
0.0000000000e+00 
0.0000000000e+00 
0.0000000000e+00 
0.0000000000e+00 
0.0000000000e+00 
0.0000000000e+00 
0.0000000000e+00 
0.0000000000e+00 
0.0000000000e+00 
0.0000000000e+00 
0.0000000000e+00 
0.0000000000e+00 
0.0000000000e+00 
0.0000000000e+00 
0.0000000000e+00 
0.0000000000e+00 
0.0000000000e+00 
0.0000000000e+00 
0.0000000000e+00 
0.0000000000e+00 
0.0000000000e+00 
0.0000000000e+00 
0.0000000000e+00 
-3.5665268840e+16 
1.9875977206e+31 
6.2028120738e-06 
-2.8209662632e+35 
-2.8385345536e+10 
-4.2933630997e+26 
6.9054296875e+02 
-4.6696222853e-06 
-6.9601745605e+00 
5.9770468565e+32 
1.0538427734e+02 
1.8695119017e+30 
-8.8112180573e+27 
-5.9065575092e-29 
-3.2880824162e-29 
1.6011124289e+35 
-9.8206692147e+11 
8.7520797908e-23 
-3.7451955314e-33 
1.2285813139e-22 
6.9745145524e-30 
-3.3163888302e-12 
2.4869199296e-34 
-4.4792531534e+25 
-9.1078404328e-35 
2.1612413548e-07 
7.6232440187e-21 
2.9263288791e-22 
1.1140462467e-12 
3.2687627605e-10 
-1.3506208374e-09 
7.5978834384e-31 
-8.4026056704e+10 
-4.3285739136e+02 
-3.8936515551e-14 
7.0359942587e+18 
4.5604911794e+37 
-4.9660932617e+03 
2.0288714495e-06 
-5.9547938316e+20 
3.8184877228e-17 
-5.2946383221e-05 
2.1802724557e+11 
7.3541578916e+12 
-7.6046601129e-38 
-1.7407076800e+08 
-5.1453729566e-20 
-5.0338718574e-04 
-3.2490433347e-28 
1.4773539973e-15 
-2.7271847974e-11 
1.8873073785e-34 
-3.4432428996e-34 
-4.9698736608e-14 
-2.9060607477e+28 
-2.0525171933e+26 
-3.0918394951e+29 
-1.3930233954e-27 
3.1473433337e+27 
2.6391651200e+08 
-4.4456953902e-33 
-4.4669145035e+34 
1.5560042232e-25 
8.8482363935e+31 
9.6551484375e+04 
1.7411501620e-21 
-1.3907248097e+31 
-4.7101821870e+27 
-2.2785296531e+26 
2.5353084000e+07 
7.0240824065e-36 
1.4081948146e-38 
-1.0790789096e-10 
4.6137330306e+24 
1.3579137088e-21 
3.0860171189e-12 
-2.2474642843e-02 
1.1656840423e-11 
1.8820678187e-23 
-1.6146338531e+24 
4.4961620915e-06 
-1.1988816071e+02 
-3.5695383312e+19 
6.2105738281e+04 
-6.0670913356e-32 
-2.1205184716e-19 
-2.9235068456e-38 
1.4847433594e+04 
4.6661173031e-23 
1.9874514616e-34 
8.1461215244e-21 
-4.4988650426e+35 
-4.2098060800e+08 
-3.0288256378e-35 
-2.5891284898e-14 
6.2408607484e+15 
2.1562810880e+09 
-6.5080624819e-01 
-4.0554491189e-12 
-1.0540002325e-38 
-4.0888650236e-18 
9.0089612981e+29 
1.1605093255e-19 
2.2192607358e-30 
4.6686289692e+21 
-8.3807530501e+34 
3.5254167142e+11 
-8.1258983806e+31 
-7.2127672511e+19 
1.9622430829e+17 
2.3915888875e-35 
-5.0539266108e-35 
-8.0119568386e-36 
-8.0907494558e-34 
-5.7075421824e+17 
3.7991780011e-27 
-5.7476059594e-31 
6.7206713663e+18 
4.3271730284e-17 
-2.5762170632e+22 
1.1787958719e+19 
-3.5303879820e-09 
-5.3410545451e-24 
-1.6035381999e+26 
1.5447727320e+28 
7.5989578902e+37 
-5.8600967796e-23 
-2.0854054414e+19 
7.4840940556e-08 
4.0086254316e-09 
-3.2925788062e-24 
2.3167256317e+17 
3.4903340078e-23 
3.7403944077e-19 
-2.3041091023e-37 
-1.4068040728e+28 
1.0734222829e-01 
-6.9040215805e+31 
-1.5880645916e-15 
8.8347893354e+14 
5.6424429640e-03 
2.8845192023e-14 
1.6954112967e-28 
6.9693936000e+07 
-1.2050156550e-27 
1.5348928795e-09 
9.1393572271e-35 
3.6515750775e+28 
2.2855236324e+24 
7.1800819788e+28 
9.2217214110e+36 
-1.4180332190e-37 
1.0539710866e-30 
-4.8065334113e-07 
-2.8145431417e+32 
1.0462587115e+29 
1.5471295229e-30 
6.0114035947e-25 
1.0741431040e+09 
2.7861657656e+28 
5.1551558042e+11 
6.0181039572e-01 
6.1675577394e+25 
2.4858724800e+08 
2.5593131004e-19 
3.7812695859e+11 
5.8587299610e-15 
3.7172543338e-25 
-3.6035039855e+13 
-8.7081562015e-06 
-1.0317714441e-05 
4.3564110541e-08 
1.3381896019e+01 
-8.5351706502e-07 
-8.3378273969e-28 
2.8034638500e-10 
-4.2468848016e+14 
-5.2141997427e+20 
-8.3016102702e-18 
-6.6284821492e-25 
-4.3061524500e-15 
3.0227123047e+04 
4.1595048405e-35 
7.7519962307e+18 
5.8246993007e-08 
-2.2236631138e-27 
5.7810751741e-07 
5.5559193908e+37 
-3.7872341927e-03 
1.3380248800e+08 
-1.8976684800e+09 
-9.6790615234e+03 
1.0112352753e+02 
-1.6879739277e-15 
2.0383110183e+36 
1.1371194385e-02 
3.7494173972e-18 
1.1913755058e-24 
-6.1818300167e-33 
2.6957054714e+17 
1.9213648920e-04 
1.1852351565e-11 
1.2706557161e-11 
-3.5130778809e+03 
-1.0773014929e+21 
-7.7653860352e+10 
-4.3416467643e-10 
-7.6251577464e-37 
2.1879002380e+02 
-1.1831196228e-23 
1.4288028698e+21 
1.6238201904e+03 
-1.0768676197e-35 
9.5072789574e+22 
5.9851123398e-27 
9.6021788087e+21 
-1.4219215103e+21 
2.5662569821e-33 
-9.4232621706e-11 
-4.0995262740e-12 
6.9686263808e+11 
2.5479479959e+33 
1.1863958207e-06 
-2.6212501526e-01 
-6.3010157648e+34 
-1.3451938230e-08 
4.6062844880e-21 
5.6415099259e-09 
2.1954926582e+15 
4.0327837500e+06 
1.0653857436e+33 
-3.0103318102e+21 
6.0289190307e-10 
3.6848063040e+23 
1.3296539877e+30 
3.0292773438e+02 
-5.9172800000e+06 
-1.4673773308e-09 
-2.0179486495e+30 
-1.1868879767e-16 
7.0765445120e+09 
-6.0824648785e+33 
2.5997519493e-02 
1.5784543675e-16 
-1.2625586047e+30 
            nan 
1.8252098498e+21 
8.6197906695e-21 
-2.0882934317e+32 
2.0339552265e-10 
-4.9026874403e+30 
-6.9603845035e+25 
-7.3380627183e-29 
-1.7188629897e-07 
1.1486370611e+15 
3.6891938050e-31 
3.5333724650e-28 
-2.1782286479e-32 
-5.7810700671e-12 
-6.0362660599e+18 
2.0668607365e+12 
-2.5699754824e-13 
-1.8426829719e+19 
-1.1091591981e+14 
6.4013197316e-23 
-1.3451533838e+31 
-4.6526012210e+20 
2.2525253045e-17 
2.0190125000e+04 
-3.3260006838e+17 
-4.6141357460e+25 
2.2534730625e+37 
2.2145892721e+23 
1.2181519388e-35 
-3.6087942032e-38 
7.6062288114e-17 
3.2863207161e-04 
1.1541522017e+15 
1.1619991247e-35 
2.4986860082e-37 
-1.0320359375e+06 
5.1209300926e-20 
-6.5746959600e-22 
1.6341415998e-09 
1.7867159039e-28 
-2.6315568811e+24 
1.9354235161e+22 
4.3411469291e-20 
3.1960151367e+03 
4.3790975741e-34 
-5.1819756243e+17 
-2.8736641601e-17 
7.1071575000e+05 
6.1188078944e-24 
-1.6957308838e+37 
-1.4185880740e-18 
-8.3331414753e+12 
-5.7276249147e+35 
9.5504443483e-30 
2.9973351579e-10 
2.7055282441e-35 
5.8299774518e+23 
-3.1436643440e-06 
5.7896249139e-37 
-4.6499768359e-05 
-8.2851574259e-29 
3.6524099674e-25 
2.4575428500e+31 
-4.1763638446e-13 
3.5061087200e+16 
1.6084035110e-38 
5.3541891423e+25 
1.1822970330e+33 
1.7192149058e+13 
-1.4992806293e+22 
2.4690832722e-32 
1.2538349204e+30 
1.4126635016e-30 
1.0993672095e+16 
1.3416604369e+13 
7.7924393750e+05 
4.5155068000e+07 
-1.0175272146e-19 
6.8661892431e+33 
1.8093012273e-01 
2.6638278376e+16 
-4.0610033664e+10 
-1.3346322270e-08 
-5.7721897453e-20 
-1.0209086501e+35 
3.2713481766e+26 
-3.2159689408e-12 
4.5084510663e-31 
-7.2735804547e+33 
8.4829350066e+29 
-5.5583069712e-38 
-2.2774609099e+36 
-2.0158777249e-21 
-2.5198035932e-12 
1.0106492189e+33 
1.8585489690e-01 
-6.3253365888e-16 
-4.2749007690e+19 
1.7714648108e-12 
3.5404836072e-13 
2.7636141323e-16 
-1.3231271190e-08 
3.5714373683e+30 
-1.1329893113e-07 
2.5811089408e+10 
-1.6083686523e+04 
-4.7926660627e-02 
3.9042105868e+28 
-9.6151847839e+01 
-1.7878857049e+22 
-2.7547452450e+00 
1.6731246142e-03 
-7.0458881557e-02 
-2.9745968640e+09 
1.3638411775e-30 
1.6719165784e+13 
5.2330009900e-13 
-4.0835331884e+35 
6.0407671476e-19 
1.0926220931e-30 
-3.6541628791e-29 
-2.6034846836e+25 
2.9254596690e+12 
-3.7086451416e+32 
-8.9442867200e+09 
5.1904033155e-11 
4.4081922048e+11 
6.6466793750e+05 
1.9600631320e-34 
1.9397032886e-35 
2.5217381772e-03 
-2.5537336993e+14 
-3.0448762058e+37 
9.8675104955e+33 
5.6349374230e-34 
3.3999328960e-12 
6.1658888730e+15 
-1.2944614067e-36 
-1.1302891314e-34 
-9.3705767004e+29 
-2.1425828505e-13 
-9.5144819462e-25 
-1.8344086502e+24 
-5.9350980394e-21 
6.1670140202e+14 
2.2662232087e-18 
-2.1321098438e+05 
-2.3320994568e+02 
3.1397507891e+11 
-5.8481007657e+12 
6.5999445915e+00 
6.8741594639e-09 
1.6019618202e+11 
3.2949654797e-35 
1.0708121590e-29 
-1.9183724749e-28 
7.5425479736e-05 
-1.3086405874e-12 
-7.7711723725e+12 
4.0739772352e-25 
1.0260436058e+01 
5.6264335701e+25 
1.1000788990e+30 
5.7019056840e-05 
5.5519670436e+30 
1.2811668029e+12 
            nan 
1.7802476130e-20 
-4.6622738718e-21 
3.6508840360e+17 
7.3168386905e-08 
1.9361552700e+25 
7.8125588220e-22 
2.2034197188e+20 
-3.1122728997e-26 
4.7481824870e+11 
-2.5251524296e+25 
-5.3002115339e-02 
-2.1404813477e-09 
1.9173114405e-20 
-1.1260846517e+33 
-5.6440944408e-36 
-3.5844845001e+35 
-3.7866958848e+10 
-5.9211291795e+27 
-2.1167650175e-06 
8.9398449236e+31 
4.7858998179e-01 
2.5402475020e+14 
-2.8633235661e+22 
-4.7294113984e+16 
-5.5070311240e-14 
7.2501391524e+12 
-1.4400760119e-04 
2.5267001241e-02 
-1.7551024523e-10 
2.2422056480e-14 
1.4393712929e-16 
6.1365083061e-26 
-5.1937328089e-36 
-4.7079742188e+04 
1.8213979300e-28 
3.9400860203e+20 
-2.9168565293e-34 
8.8117419050e+21 
-7.4320974350e+00 
-3.8609891030e+22 
-2.3152660114e-29 
-3.8510260786e-22 
3.0011892664e-25 
1.3168557500e+06 
-1.1857559635e-17 
-1.4286876839e-22 
7.7765641218e-38 
9.2569726480e-28 
-6.5104281902e-01 
3.4678162691e-25 
-8.2191752426e-07 
4.3576856946e-19 
-3.0537061113e+26 
-2.9386036339e-32 
-6.2259873004e-17 
2.0741173831e+29 
1.3445509939e+12 
1.5570072286e-16 
1.9323394440e-07 
-3.2628166620e-24 
3.6546088867e+03 
3.6703801086e+35 
-4.4454987246e+24 
-6.5091595054e-02 
4.2425723950e+36 
8.4283267482e+11 
-1.6021528548e-09 
9.4394020738e-31 
5.8596893670e+32 
-9.7302235492e-33 
-3.7957869090e-17 
-7.3991440006e+26 
-1.4380231062e-33 
1.8780583516e-02 
1.9098127272e-24 
-1.0822463045e+21 
-1.0115128243e-03 
8.4256590722e+15 
4.3432150071e+30 
1.2436879762e+18 
-4.5508794971e+23 
-1.7079128258e-26 
8.7748460938e+04 
            nan 
7.2853282618e-16 
-1.1902818494e-32 
-2.0090381260e+17 
6.2894763947e+01 
1.8118873644e+31 
-1.1296638072e-15 
2.1269937334e+17 
-1.0671677509e-22 
-7.6930136856e-06 
3.5597902703e+35 
2.9214458257e+18 
1.3740876528e+22 
-1.5641169233e+16 
6.0338202514e-36 
2.0299577130e-08 
3.3164952212e-34 
7.7145516289e-30 
1.6050750539e+38 
2.2972697802e+33 
5.6043416087e+18 
4.2533640314e-38 
-4.1293550242e-25 
-9.2074480000e+07 
-1.5777740984e-13 
-1.6223523617e+00 
5.1297528000e+07 
1.3608487227e+32 
4.6426655899e-05 
-4.6780474550e+17 
5.2968233796e+19 
1.6732334326e+12 
-2.6850151367e+03 
-2.8692791015e+34 
7.5153283919e-27 
2.9540242394e-04 
-6.0160147836e-33 
-5.9823731135e-05 
1.7361997500e+06 
-1.5780786383e+28 
-2.5038597974e-25 
-1.0234450102e+00 
8.8911452015e-18 
-5.3016625879e-27 
2.7510354230e-36 
-2.9373996268e-23 
5.8323983186e-35 
-1.2016745472e+10 
7.0937439913e+30 
5.7449059392e+25 
2.5838842164e+22 
-3.2902613281e+27 
1.0364527725e-06 
-2.3050799936e-35 
5.9020685142e-34 
2.5172527774e+34 
6.6920466423e+00 
1.2134364427e+31 
1.1394323337e-05 
-1.4414845966e-02 
8.7492738333e-16 
-1.7845271155e-02 
-2.2326812191e-25 
8.2576705720e-34 
-4.6895344368e+33 
1.1665390008e-11 
1.2987613101e-13 
-3.3280432760e+25 
2.0836904551e-31 
4.6655246094e+04 
7.0706860496e+18 
1.2830422747e-05 
1.1273786641e+17 
-1.7214051018e-10 
-2.3409859615e+34 
-8.7374473280e+24 
7.7389137002e+29 
1.3912639000e+07 
2.0235022863e-16 
8.7615621886e-19 
-1.1534032505e-35 
-6.3432814592e+10 
1.4814989227e-31 
-1.1017388830e+22 
2.6124414000e+07 
3.6571490281e-09 
6.0834339566e+14 
-6.4239373204e-23 
-2.6175696674e+27 
4.7440504032e-32 
-6.5395233915e+12 
3.8654701369e+16 
-5.1230714034e-37 
1.6828697613e-28 
-2.7691698616e+35 
3.3009198960e-03 
-2.7516034897e-03 
-3.3271382177e-11 
1.0359049219e+05 
1.3005815884e+30 
-2.7610374991e-38 
-1.8033466316e-20 
-2.2697638542e-06 
9.4589175072e-16 
1.1237430886e+11 
-4.1691639808e+10 
2.3703982763e-30 
-1.3347345451e-08 
4.6307118131e-26 
-2.6436240643e+20 
9.5219342130e+29 
-5.2953119796e-19 
2.9594590265e+16 
-3.0187818530e+14 
8.6194606343e-15 
5.7103675000e+06 
8.4168067510e-18 
-8.9083502202e+34 
-6.5702204704e+00 
-2.5762717500e+06 
-1.1855184101e-02 
1.4639220238e+01 
-2.4664574400e+08 
5.3337756168e-14 
-5.6680947646e+13 
-1.6024957750e-10 
6.2782228972e-21 
-1.6651912769e+27 
-4.6372630180e-08 
8.6950936036e+24 
2.4067858432e+11 
-1.4699838581e-21 
-4.1866284745e-11 
-2.2204816278e-37 
-4.9395784320e-36 
4.5328261172e-31 
2.6868728455e-03 
2.7399124858e+35 
3.9884704125e-35 
6.6204326851e+25 
6.3816243988e+37 
1.5368000655e-13 
3.4086603194e+13 
-9.9121563137e-02 
-1.4868681609e-36 
-3.0791332691e-27 
-6.4196502522e+24 
-1.3094248448e+11 
1.5707702190e-30 
5.2227721415e-22 
-4.1006404873e-25 
4.4527043164e-10 
7.9018111498e-11 
1.2216911319e-32 
-2.7797165478e+27 
-7.0524473609e+24 
9.8748937916e-09 
1.6681111082e+24 
-8.0507802734e+03 
-3.1163896435e-15 
4.8740308930e+15 
5.9122910032e+24 
-1.0055466604e+20 
-3.8113697508e-31 
1.8402567346e+18 
-9.2007700200e-20 
3.0352375883e+29 
-2.0799696875e+05 
-3.5611126709e+02 
-1.7353490954e-29 
-4.4215870423e+13 
-2.9331326246e-29 
-7.7994321510e+11 
-2.3977870122e-02 
-4.9127769863e+21 
-4.1499322379e-07 
-9.6156355723e-30 
-3.5910445957e+12 
-4.8919622451e+11 
3.2023180276e-02 
7.7341482975e-03 
1.4743022663e+19 
-1.4120854009e-12 
-2.0345454921e+22 
5.5801165088e+20 
-1.0448148438e+05 
-3.7728346498e-28 
-4.0953802748e-36 
-2.2493239492e-02 
5.2292591135e-05 
-4.1800531817e-20 
-7.9693615590e+33 
3.6250548635e+21 
-1.8456592569e+28 
9.5527484375e+04 
6.3940114975e+00 
-1.8454711093e-09 
8.9877882203e-38 
1.5761131507e+20 
9.2947542469e-23 
6.6488943100e+00 
2.0883681108e-34 
-4.2327320462e+27 
2.4490177336e-23 
-5.9771988426e+30 
6.6937513509e+35 
-1.1248030188e+12 
9.2969727120e-05 
-1.7670852130e-27 
-9.2235590426e+28 
-3.4337337186e-26 
4.0510813330e+35 
5.3102523048e-16 
2.8578501163e+23 
-8.0499740699e+24 
7.5600990462e+32 
-5.5527095795e+01 
            nan 
-2.6651834184e-34 
1.7168711164e+21 
1.8748699428e-38 
-7.2559915077e+30 
1.9115675229e-14 
1.1763896752e-35 
-1.7971920235e-16 
-6.1198818318e-33 
-2.9116380230e-25 
1.1097732976e-11 
-9.8335110887e-11 
3.7287228951e-35 
-4.3743452372e+23 
-1.0479702822e+31 
4.9891010434e-08 
5.0149479406e-29 
-6.7564312732e-29 
5.3498442285e-03 
2.5331580797e+13 
3.5575001326e-36 
-5.8283827542e-08 
-3.6216403862e-26 
2.3797848150e-29 
6.5673332214e+01 
7.4318977292e-33 
1.2540962085e-35 
1.8206409322e-06 
2.3802800105e+35 
-4.1676637500e+06 
-4.4638848173e-09 
-1.9064633422e-23 
-1.0057798075e+23 
2.4866010180e-31 
-1.1833849580e-26 
-4.0722413370e-14 
-7.2275389440e+09 
-1.4984688278e-05 
-2.9590008780e-02 
2.1591882449e-10 
-4.5952443970e-30 
-4.2958765487e-31 
1.1226186523e+04 
-7.4388122200e-16 
-1.7652942878e-19 
5.2840746094e+04 
-1.2496279685e-28 
-3.7348443632e-31 
-6.1822917443e+33 
7.2794131256e-07 
-1.8955471770e+30 
-3.0062711239e+00 
-2.2808649962e+28 
3.4737955028e+22 
1.8060570710e+26 
-2.4188065017e+29 
1.9738572693e+02 
6.6001174287e+34 
1.2420044058e+25 
-1.6526868972e+32 
-4.3421582152e-33 
2.0501160615e-16 
1.2968498400e+08 
-8.0487170612e+22 
-6.1610158971e-24 
6.6291100335e+25 
-5.1226555000e+06 
5.6779059153e-30 
2.7481647723e+36 
-2.0620872714e-33 
4.8510237513e+19 
-4.4619746094e+04 
-7.5508214416e-18 
-6.2898537051e+35 
-3.1489218242e-13 
-6.2815181732e+01 
3.1958921557e-26 
5.0595861066e-30 
1.3974463000e+07 
5.4238423054e+20 
-6.7843401117e+28 
-1.3893585785e+32 
-1.1724436523e+04 
-2.9164688785e-13 
1.5827001412e-21 
-1.2461124919e-02 
-1.9765592878e+19 
9.1442426063e+36 
7.5031392706e-24 
-2.8703030265e+35 
-1.1448670654e+03 
3.6577374863e-22 
-5.8435540771e+02 
2.0612590140e-13 
1.0481090373e-30 
-1.7340303079e-33 
-8.2439258328e-13 
1.5188726883e-24 
6.6012351565e+19 
-1.8256518795e+32 
-1.4267488150e-03 
-5.9420810210e+28 
1.1559096466e+25 
6.0538999736e-02 
1.3157118400e+08 
-2.1364064048e-15 
-3.0922128991e+32 
-5.2880095164e-26 
2.7289028367e-05 
1.1128035381e-34 
-6.9839026905e-26 
-1.4477229778e-19 
-1.9856552598e-36 
3.7653131585e-05 
1.5105574671e+24 
1.2453066949e+28 
-2.7338709831e+00 
1.5160811836e-19 
1.4849435183e-15 
1.5841250460e-27 
-1.5431301365e-25 
4.9992823421e-27 
2.5215507027e-18 
3.2981731124e-07 
-5.1719736486e-24 
8.9119924102e+37 
1.9195851888e+28 
-3.0331796875e+05 
1.6019482893e+22 
-2.6940153950e+28 
-1.0374320183e+28 
4.1863541318e-17 
-7.7432534158e-32 
-3.6023707483e+16 
4.1550914712e+26 
2.4443896875e+05 
1.5170865727e+19 
8.6469172890e+36 
-1.1238966136e+37 
-2.3191421308e-26 
-2.4839407013e-28 
-4.0513560753e+32 
1.0340072448e+10 
1.5011393821e-12 
-1.1275173666e-37 
-1.7633485376e+16 
7.2158591599e+31 
-3.4424208048e+30 
1.0551843297e-38 
4.6041037537e+12 
-6.4011250000e+04 
1.2953478290e-07 
6.3178894619e+37 
-7.3104230591e+21 
3.1828688633e-27 
-1.1342630672e+16 
6.5439444758e+30 
-2.1364701662e-35 
-5.3876713663e+23 
9.8196683837e-34 
1.2552312500e+04 
-8.3903539680e+24 
1.1966232244e+38 
3.6761400761e+31 
4.7285796875e+05 
-4.3443773757e-04 
2.9949551172e-10 
-2.1281766749e-05 
-6.9592119604e-26 
7.8850762496e+26 
-7.2310981761e+28 
-2.7072558084e-10 
-2.9231015936e+10 
-2.3510859926e-09 
-5.6696484212e+20 
-3.4258037974e-22 
3.0259410944e+33 
3.2803710000e+07 
-1.6583363192e+28 
2.4256745629e+22 
-3.5378846061e+16 
-5.6551165771e+02 
1.3155250731e+37 
-5.3121635200e+08 
-1.5918895310e-33 
-1.6946564457e+26 
5.2062665036e-17 
-3.9617401081e+28 
-2.7924490947e+24 
8.1713346642e+13 
1.6357343197e+00 
9.5183966064e+02 
2.7938854980e+02 
-1.2679967529e-37 
-7.7149882037e-20 
2.9078123490e+31 
8.6420111925e-15 
7.9274133258e+24 
-8.9247639260e+23 
-1.1028472275e+27 
2.3154112751e-38 
1.5753599291e-04 
5.2460220497e-31 
1.9955778532e+24 
4.5398356620e+24 
-1.4592839740e-12 
1.7227196059e-10 
3.6461937313e+35 
-2.7440172950e-32 
2.8492900313e-12 
2.6600462206e-06 
2.8375685219e-22 
-9.7490151531e-14 
-3.1392298183e-07 
1.2518751232e+10 
1.1013455445e+18 
1.9694987136e+28 
4.5789953321e-02 
-3.8117950463e-10 
-2.7440739840e+09 
-2.6684980405e+29 
4.8326224800e-08 
-3.2245197687e-38 
1.7822158750e+06 
1.2245930796e-26 
-1.9595318934e+18 
-2.3465012752e-24 
-4.8396886843e-20 
-2.9966830797e+11 
-8.1189299808e+22 
8.3370919184e+31 
-6.4558439029e-34 
-2.0649457871e-30 
3.1227079804e-37 
5.4428891434e-20 
-6.4466290477e+23 
3.8034838178e+35 
2.4592122991e+33 
-3.3737827862e-16 
-6.8280321212e+37 
8.9428386107e+33 
4.1611568451e+01 
-3.9883677500e+06 
7.6259309797e-34 
1.4759485452e-20 
-5.3345943451e+01 
2.3226996549e-15 
-1.4937998750e+06 
-5.8359049250e+16 
2.0302946723e-05 
6.2404945510e+11 
1.0260797477e-17 
1.4225564303e-11 
1.8843063147e-37 
2.4595545025e+31 
-2.6869796875e+05 
1.4897044576e-14 
1.4923198366e+13 
-2.3761629277e-36 
-4.4102888245e-31 
-3.7038255889e+25 
-2.9460713538e-22 
1.3829414096e-35 
2.0304002380e+02 
-1.0014801774e-05 
-1.1215445657e+23 
-1.3387618775e-17 
-1.0273425166e-10 
-1.6292249511e-20 
-4.2598794566e-25 
-1.7660054877e-35 
-3.5725513757e-17 
2.6942368597e-02 
-6.3823979429e+34 
-2.5019248742e+30 
7.1056273115e-31 
3.8040096115e-05 
5.3351633128e-32 
-9.7448747714e-16 
-1.3968730855e-05 
-1.0835464470e-10 
-1.4785288899e-18 
1.3384528335e-14 
1.4366638425e-05 
-1.8936248124e-01 
-7.7291751416e+28 
2.6557821747e+12 
1.6129760028e-10 
-3.2522640830e-11 
9.8840463592e-11 
-4.2223374172e+12 
-1.8835037911e+16 
7.3613318166e+15 
2.6107832320e+10 
-5.2123167851e+18 
-7.5045001397e-28 
-6.7214598062e-38 
-6.7617484375e+04 
2.2951896875e+05 
-6.5356976620e+12 
1.5360011189e+25 
4.3053033956e+30 
-8.5477592028e-37 
9.2606899425e+16 
3.9052998098e-21 
-8.3515317782e-17 
1.2070763894e+24 
8.3592730032e-22 
2.2393435000e+06 
-5.2938228974e-27 
2.1904364585e+35 
-1.2187381037e+35 
1.2084049871e+14 
-5.5022236516e-34 
-7.5376037859e+26 
-6.4003585865e-19 
-1.3572824258e+23 
1.1929142171e-36 
-2.1368128271e+23 
6.4241886260e-18 
3.2192965443e+29 
-4.8329650176e+10 
9.9360832128e-37 
1.5760684509e-19 
4.7003397120e+09 
1.2260388583e-01 
-3.1243975540e-38 
3.0468192865e+29 
8.0199926452e-31 
8.1130761828e-05 
8.9846753006e+28 
1.0853326016e-09 
9.0252486400e+08 
-1.5052710714e+37 
5.3291581707e+32 
-2.0455063090e-37 
-8.2701865234e+03 
-1.1580427885e+00 
1.2547477681e+14 
-1.2121687654e-08 
8.4451495777e-19 
-4.4731000293e-36 
6.8913161207e+18 
1.1601458400e+08 
5.5629904382e-03 
4.0682215193e+23 
-1.7454257004e+31 
-5.1473494904e+25 
-3.7395452800e+08 
2.8630140698e-21 
-2.7552497365e+25 
2.1680264619e+26 
-1.4521178246e+01 
1.1886099097e-27 
-6.2295832634e+00 
-3.5463279050e-37 
1.4665662915e-15 
1.6125364928e-03 
-3.3309509548e-33 
-7.7842661372e-16 
3.7612175053e+31 
7.3132563557e-05 
2.9263331314e-08 
1.1638696849e+21 
3.0387138962e-19 
6.0419445726e+14 
-1.0901087512e-37 
2.9902799129e+00 
2.4166551884e-03 
-8.1196055383e+35 
1.0125683993e-01 
5.9536500580e+21 
6.0526511581e-10 
3.5279089013e-16 
7.8178360344e-33 
1.7435717800e-11 
-1.9993192127e-23 
-6.5057635836e-36 
1.2037924824e-10 
-1.0626989056e+10 
-4.5575520396e-01 
4.1863819957e-01 
2.8604344578e-36 
5.1401548474e+19 
1.5265170243e-35 
-5.7215521973e-28 
-7.7159383483e+28 
-5.2413564485e+20 
            nan 
-3.2597440000e+09 
-1.2664179786e+13 
-6.5366697096e+25 
1.1355583000e+07 
6.8072122335e-01 
-2.1557878254e+24 
-3.9500996470e-01 
-4.1656006820e+18 
-1.5073669035e-22 
-9.6879492188e+04 
-6.0598131269e-02 
-1.4970841207e+32 
5.8102102356e+27 
3.6772285022e+22 
-6.0454860343e-23 
-6.6403056387e-09 
3.1522821622e+38 
-3.2249769788e-07 
1.7210468800e+08 
-1.5290250257e-37 
4.8276373995e-18 
-8.0357553781e+33 
-2.9021867045e+33 
-4.5355018796e-22 
1.5791657429e-16 
-1.9065347877e-21 
-6.3914793750e+05 
-3.7663446038e-13 
            nan 
6.7209366473e-25 
-4.8128553047e+19 
-1.0055933852e-28 
-1.3012924126e+16 
-1.0971530035e+17 
-5.5583181381e+00 
8.2750251991e+12 
-2.5114458506e-22 
-1.5588261657e-17 
-5.9175730900e+26 
-2.6726171719e+28 
-2.2301056770e-23 
2.5459616107e+23 
-6.8695724188e-22 
-3.8418674521e-33 
-2.4909308800e+08 
8.2748433760e+13 
1.6808956146e+01 
-3.6689287232e-33 
1.7976625919e+24 
-2.7149882331e-19 
-4.5531070234e-12 
-3.4046615474e-03 
4.6114784880e-08 
4.4846190625e+05 
1.4210561299e+36 
-1.6636134571e+18 
9.3443620864e+11 
-9.5684571967e+27 
-2.1568071108e+20 
3.0891722417e-05 
-1.2363220124e+20 
4.7158702080e+09 
2.1255370747e+23 
-2.5761715355e-37 
-3.3149856818e+16 
-3.4090004283e+29 
3.8531398926e+03 
2.7532800232e-05 
6.1102481046e-34 
-6.9689772491e+22 
-9.1140728184e-15 
-1.7229296875e+05 
-1.1544323132e-30 
5.4077989847e+12 
-1.5755475803e+23 
6.5340648447e-09 
-3.8162767102e+25 
6.4413750000e+06 
-4.0674593750e+05 
-6.9141955489e+16 
-1.6208993239e+22 
-1.7859345007e-06 
-3.0956567510e-19 
-3.3418670539e+27 
-1.2094020975e+20 
3.4913841394e-23 
6.3793625631e+24 
-4.0957996816e-07 
3.7576199814e+36 
3.4296682879e+15 
-7.2517706687e-34 
2.6347471605e-31 
8.8798916623e+35 
4.5205753973e+37 
-3.6628392991e-03 
-5.0045223174e+13 
2.9965866565e+17 
3.7923953108e-20 
-4.5379721305e-29 
-1.5784427823e-27 
2.6771735242e+21 
-1.3621812103e-29 
-9.1005886891e-16 
-3.3728604049e-34 
-2.2193997211e-05 
2.0987329280e+09 
4.4422774112e-30 
1.2290829158e+20 
-2.3722361755e+02 
-7.0609808355e+22 
-4.2699863911e-07 
-1.3185581072e-21 
-7.4115173387e+26 
3.6267055207e+37 
1.8470213091e-18 
-6.1351631374e+21 
-5.8485959680e+09 
4.7938977554e+16 
-4.8336776874e-16 
6.5523148056e+19 
-9.7710561752e+00 
-3.2397611141e+00 
3.2965066569e-37 
3.6729128543e+28 
-7.8739316223e-07 
-6.4660795834e-16 
-5.4484408386e-14 
2.2993124973e+32 
-1.4774566942e-34 
-2.3894903667e-17 
-2.9335070431e-31 
3.8725312968e-14 
1.1320165253e+02 
8.7583494995e-24 
-1.6401542672e-35 
1.1783723840e+20 
1.0394811523e+04 
-1.1365628167e+25 
-1.1776427269e+01 
4.5139822590e-22 
1.6770116557e-21 
3.7481047048e-36 
-9.2744393750e+05 
-1.2896744815e-36 
4.0789603779e+12 
1.2241416323e-24 
2.5028278809e+03 
-6.1921683567e-39 
6.5812048118e+13 
3.0223685155e+32 
1.7409962117e+25 
4.4335362048e-08 
2.9425569620e-11 
-5.3170656429e-06 
-2.3139711981e+26 
1.0716620000e+08 
-2.4780181702e-03 
4.6773365760e+09 
-7.1738472932e-20 
-1.5907263781e-21 
-2.7836542000e+07 
-1.0437863555e-22 
-9.7023523752e+22 
-3.2849672493e-07 
-5.7128266917e-07 
2.9437004166e-23 
-2.1586893971e-33 
-1.0330804584e+13 
3.9318240822e+34 
-8.6953633120e-20 
3.3328397274e+00 
-4.1449729066e-11 
9.5561727135e+14 
4.4932100367e-23 
-4.0905532795e-22 
-1.6234145273e-22 
-1.7365794882e+17 
-2.7554772480e+09 
-3.5645350636e-06 
1.7542339625e+12 
3.5551207208e+36 
8.0596390907e+31 
-9.6552781987e+36 
2.3331326400e+08 
7.3711659966e-24 
2.1013869403e-34 
-1.9351656752e-18 
6.1463717449e-10 
-5.1278524809e+26 
-2.3044697801e-26 
3.9770949731e-17 
-7.4801701394e-34 
-7.5846387626e+34 
7.3617769345e-31 
-9.8031745911e+01 
-1.0517525263e+37 
-2.2008611262e-01 
-3.8014864244e+27 
6.4430529671e+30 
3.0302090235e+29 
2.4556202268e-20 
7.8432564921e-22 
3.7697204781e+13 
-1.1269775657e+18 
1.6041439280e-37 
-2.8011257987e-23 
-7.5339212800e+09 
-2.6913020197e-18 
-1.7642628324e-20 
2.4043337653e+14 
-4.3749824042e+29 
2.3441363031e-29 
-1.2382601611e-08 
-5.2814889795e-37 
1.6817452379e-12 
1.3943451943e+14 
-7.0564000178e-33 
5.9968412500e+05 
-3.9796836991e+31 
-3.6154259509e-32 
4.2590134600e+12 
-5.1248541947e+33 
9.3607776905e+34 
-1.6707660778e-18 
-7.4997964869e-33 
-1.0157640788e-12 
-3.8032638818e-38 
8.8122626613e+36 
4.5981290602e-31 
-1.4641787529e+01 
-2.5921939358e-30 
-4.7064813275e+27 
-6.8372878129e-23 
-8.8283179664e+21 
4.0818988190e-09 
-4.7226684800e+08 
-7.7111869217e-34 
-2.2125028476e-09 
-1.4791901252e-24 
-8.5304277836e-17 
-5.6907910349e+11 
1.7461661401e+13 
1.3775971729e+23 
-1.2127761250e+06 
-1.2419596707e+14 
-1.9746105634e-34 
-3.3811140824e-21 
-1.0981064453e+04 
-4.0191739864e+31 
-1.0466845760e-13 
9.9944347364e+20 
1.0240413249e-01 
3.1463993073e+01 
5.9428173652e-23 
2.6538482338e+38 
-5.4064728413e+26 
-3.5583696896e+10 
-2.3032289690e+11 
1.1267155066e+26 
-6.6698254746e+11 
1.3667971282e-23 
-1.8892182622e+19 
-2.7472071114e+17 
-7.8215226642e+14 
7.1307629771e-21 
-8.5892195464e-16 
1.6349329820e-20 
2.5765484352e-31 
1.0329032314e-14 
-1.1679079924e-29 
-2.1265280554e-33 
-2.8333632213e+27 
-4.0453107715e-16 
-2.7083889286e+15 
-2.5816004268e-07 
3.5786213175e-06 
-8.0158438091e-21 
-2.1553266582e-38 
6.1671623230e+01 
-1.2205383536e+14 
9.8732869862e+26 
-8.5587448000e+07 
3.6517332476e-20 
4.6116665963e+31 
-2.8471027621e+26 
2.2160412613e+33 
-1.6054267638e-10 
-1.1833063055e+15 
-1.6988732188e-31 
7.0911782980e-01 
-3.5046412781e+24 
-1.1768519550e-33 
-1.6133343479e-06 
5.9524255100e-13 
2.6443553344e-15 
-4.5401832326e-23 
-4.5561955559e+27 
6.8877032693e+28 
-6.0815044608e+10 
5.2529017590e-34 
5.2848311465e-25 
-1.8954385795e-35 
-2.1064160392e-02 
5.4407215300e-31 
-2.7058213594e-20 
2.1007052453e-07 
-3.9823746094e+04 
2.9317653146e+38 
-2.6701180602e+36 
-2.1382487568e-21 
2.5300516820e+19 
1.1190667503e+32 
-2.5414673146e-03 
-6.2976078352e+20 
2.3711098438e+05 
-3.1461603750e+21 
4.6520797252e-32 
-2.1907877734e-09 
5.9402348228e+25 
8.1027424945e+30 
-4.1025136066e-10 
-4.4352124117e-17 
1.4870596613e+22 
-1.7226995871e-11 
1.3689480969e-17 
9.8247402666e+16 
-8.0946905821e-25 
5.1198409981e+15 
-2.8067962451e-12 
2.5721468342e+38 
-3.3484150240e-13 
-2.3236788882e-10 
5.9071856212e-20 
-5.1332015229e+37 
3.0451176688e-02 
5.6478460000e+07 
2.8544445987e+36 
2.1147438421e+20 
-1.7562145628e+21 
7.5424198843e+30 
-1.8383053855e-36 
3.2127711232e+10 
-5.8747098982e-13 
-3.2397374819e-28 
-4.0259170997e-10 
3.7849899991e+12 
-3.6605590093e-38 
2.0746622000e+07 
1.8164525101e+31 
7.4626457214e+01 
-5.9530278877e-25 
2.7458450010e-12 
-9.1172281827e-05 
-4.5243526807e-12 
5.8108677018e-36 
7.6006468643e-14 
1.4577899209e-18 
1.5716928281e+19 
-1.6731476670e-28 
-2.3374283925e-37 
-4.6127230950e-23 
1.5272383000e+07 
-5.7811421068e-27 
3.1404871941e+00 
2.4968523977e-34 
6.5247992000e+07 
1.6007848899e-04 
1.4312201102e-37 
2.2239291499e-33 
5.1095000842e+12 
1.6071421560e-03 
1.2256953699e-29 
-2.8708912709e+33 
1.8841963725e+11 
-6.9904856021e+37 
-1.9000796905e+13 
1.2180139088e+34 
-1.6670598951e-18 
1.0699940819e+37 
-2.6694225981e-30 
9.9804930986e-10 
-1.1616083095e-10 
-7.9043142151e-34 
8.4667955460e+24 
1.7381930901e+30 
-5.3095853218e-05 
-7.0449050349e-30 
2.8886107732e+34 
1.1016534764e+20 
-3.9295158386e+01 
-3.2436410329e-12 
-7.6178121084e+23 
-9.0157369537e+21 
2.8401043200e+08 
1.7766800087e+16 
-5.6208555808e-15 
-1.1938560547e+04 
-1.5933536809e-24 
2.6442234945e-24 
8.7169492903e-24 
8.7078456475e+36 
-3.4986655664e-32 
6.7841469331e-08 
9.4912952497e-11 
-4.8122078004e-37 
-8.0329890257e-22 
-5.5914794329e-30 
2.8568358626e-21 
-8.7985423679e+24 
-4.6820117925e-35 
8.2703466878e-15 
4.2994275200e+08 
-2.3371498127e+12 
4.9593916174e+19 
-3.0289186621e-22 
1.7883454591e+20 
2.6017783210e-02 
1.7537390219e+34 
4.8717403765e+25 
-3.4648265600e+08 
-5.1214362612e-11 
8.9453872393e-17 
2.8509177974e-30 
-1.6208372917e-32 
-5.1784704302e-10 
-3.1645626415e+36 
2.1483532111e+14 
3.7857532000e+07 
-3.0692694709e-02 
-9.3822785203e-19 
-5.0709869363e+13 
-6.5963258739e+37 
6.6177790883e+32 
6.5956348185e-14 
-3.4040184753e+21 
-1.5680068649e+12 
6.5731798535e+34 
1.1276833150e+26 
2.9689220246e-03 
1.0206170008e-33 
8.7676391255e-24 
1.6796706244e-02 
6.5941368402e-27 
-5.4404537201e+01 
1.3200959423e+38 
2.8727534422e+33 
-3.7857031680e+09 
-4.2079157829e+00 
-1.6236973463e-35 
2.9036900401e-01 
-3.3349570935e-12 
3.8722497245e-25 
-3.9228970695e-32 
2.9795682430e+00 
-6.0506860174e-27 
5.5058830343e-16 
-8.3388462531e+12 
-2.7950778809e+03 
-1.2684227753e+02 
1.3847286547e+37 
6.2149447914e-12 
-3.5692444807e-31 
-4.4448315000e+06 
-2.2212873641e-34 
3.7929133103e+21 
3.6895137286e+26 
3.5029221190e-10 
1.8799435563e-20 
-6.9624573582e-38 
-1.4603971942e-18 
-4.3944168835e-23 
-2.3246422872e+17 
2.5028793574e+32 
2.6280635160e+17 
-1.0926899988e-20 
-3.6123578320e-04 
-2.4340472180e-15 
1.0571770740e-26 
-8.2852796174e-22 
-8.3508780867e+17 
5.8047642248e-09 
-4.1916743514e-12 
1.0507679756e+24 
-1.7166339050e-22 
-1.9039473997e-08 
8.6881910000e+06 
1.9457708215e+31 
-1.5291802537e-35 
8.6769037661e-37 
-3.8463978367e-31 
1.8895758750e+06 
-2.1926351845e-09 
1.1294984794e-18 
-9.1214793750e+05 
-2.4295115200e+08 
2.8255632856e-07 
6.8159530598e+11 
-2.1855926596e+30 
-9.3740718080e+09 
5.7457802756e-29 
9.5510718224e+16 
-3.3363475070e+15 
-9.6890394183e-16 
-1.2459527241e+30 
-3.8995599412e+27 
1.2417718538e+17 
1.2470832601e-20 
-2.0949094614e-32 
-1.0567569307e+27 
3.9579902659e-04 
-4.3485072589e+11 
-2.5282123398e+36 
-1.0574079963e+15 
2.9955027625e-02 
-1.9318545856e-38 
-1.1142009587e+26 
-4.5690282491e-07 
3.7171671982e+33 
4.9609303452e-30 
1.4509734912e+10 
5.9354835992e-19 
1.3483690394e+11 
2.8403104257e-20 
-3.7498337340e+22 
2.0069501850e+20 
-4.0717542582e+36 
-2.2028676354e+31 
-1.4975310547e+04 
-5.8375378418e+02 
-1.4370526102e-08 
7.5133137977e+14 
-6.4955978875e-17 
1.5617559170e-31 
1.1324735442e+32 
2.3001296875e+05 
7.5954427924e-29 
-5.9379960000e+07 
-7.0076001195e+22 
1.6339398806e-20 
-3.2731093979e+27 
-6.2240484236e-22 
-5.1443562951e-12 
3.1612754017e-15 
4.6863208448e+10 
-5.2045041323e-01 
-8.1312879102e-23 
-7.8041309584e-36 
-5.6219568981e-30 
-7.6101178902e-37 
3.8929305594e-33 
1.4826247876e+32 
-1.9360286634e-30 
-2.1003321474e+20 
3.5114639014e-19 
1.1956252649e+17 
4.7861041519e-11 
-7.6440319419e-02 
-2.1139760000e+08 
7.9001878817e-08 
-3.3550045765e+15 
-7.8368091879e+22 
-1.6868667102e+38 
9.4284007685e-12 
1.1943665827e+24 
2.6840163200e+08 
-6.7845422671e-28 
-1.1521852643e-36 
8.3073017600e+08 
-9.5992931873e+28 
4.3010900433e-25 
3.0901716309e+03 
9.5145584606e+37 
-4.7483339398e-18 
-3.9826993157e-13 
-3.0364006400e+10 
2.2000346688e+18 
5.4090955824e-27 
-1.2505359825e+32 
2.1034696296e-28 
-1.0564430969e+33 
1.4505561733e-30 
-1.6415200796e-11 
-8.8189818880e+09 
4.8687133561e-35 
-1.1397041894e+17 
-2.9617862996e-35 
-5.4041783756e+19 
6.6770644781e-35 
-6.0225083384e-13 
-1.5939607888e-32 
-9.2453858181e+12 
-3.1176495422e+38 
5.9163835000e+06 
2.0570466309e+03 
7.2733993750e+05 
-6.7465214951e+22 
-2.4764536321e-01 
2.5410436594e-22 
4.4995824844e-09 
-3.9022912753e+29 
-1.2508746558e+21 
-1.9381420160e+31 
-5.5150328676e+13 
4.6302347796e+19 
5.5372425538e+29 
-8.3279492188e+04 
5.6807112311e+13 
-4.3142264007e-19 
-6.5778454484e-17 
-6.1556459911e-19 
-1.2785895130e-18 
4.7849254770e-05 
4.6719418091e+29 
3.2553106073e+18 
-5.8261300729e-29 
-3.2844937216e+10 
2.1135580449e+17 
-8.1589523468e+31 
-2.0114121071e-05 
-3.1526214047e+28 
2.6334373047e+04 
6.7943357481e+12 
-8.8984202101e+22 
8.3339801919e-39 
9.5766648538e+30 
9.8301165771e+02 
-8.3029459364e-23 
-1.0898668764e-22 
4.1755611865e-34 
-1.5816786381e-24 
-9.6702971253e+19 
1.9430698438e+05 
-4.9519682617e+03 
-9.7142339474e-14 
2.2555623336e-29 
-1.2386024662e-36 
2.9231796875e+05 
-5.3046778614e+22 
-8.4336750209e-02 
7.7919254708e-24 
9.3935206400e+11 
-2.5039686806e+37 
-6.5822565963e+18 
-3.5682339591e-22 
3.7831716714e-22 
1.4392546515e+20 
4.4271693831e-19 
3.1368605219e+33 
-1.4281385105e-22 
4.9277101510e-08 
-3.6900598843e-06 
-3.1908327434e-13 
7.6678432617e+03 
-1.5057698808e+28 
-1.3159692553e+15 
5.2346996875e+05 
-2.0392280258e-13 
4.5790996875e+05 
-1.0627219288e+33 
4.3330996875e+05 
-9.2498074630e+20 
-3.3158491981e+37 
4.0536797958e-14 
-6.8078295527e-26 
-4.4047222736e+37 
-2.7676935497e-30 
-8.0767082214e+01 
-1.2770124749e+20 
-5.4013195059e+11 
2.8822142514e+30 
2.9166517439e-17 
6.0848460515e-18 
1.8891291546e-28 
-2.4294603168e-20 
4.7359557762e+31 
2.3367387016e-18 
4.7012687787e-07 
-1.8992375441e-20 
-1.4342553462e-16 
-6.2663547695e-02 
-5.1107261440e+09 
1.0387123948e+38 
8.1586998268e-10 
4.8596972858e+37 
-3.2023722689e-36 
2.3786919630e+30 
-9.7145428881e-03 
2.5459872969e+35 
-4.7853992232e-39 
7.2440843329e+20 
1.0652489471e+02 
-5.9424013314e-17 
1.6587496875e+05 
-2.1147579835e+26 
-1.4075896901e+26 
-2.0606394857e-02 
-8.4431698243e-18 
-2.8137309149e-10 
-8.5439241935e+33 
2.9634757857e-35 
3.0714363685e+21 
-1.0786277708e-03 
-4.6892372617e-17 
7.7849868479e-13 
3.8793935793e-19 
1.5550822926e+36 
-8.6900049920e+09 
-4.2457300700e+31 
-1.5511772958e-27 
2.9743330732e-36 
5.4998173274e+20 
7.1250519185e-34 
-3.6366938382e+27 
-4.1899503720e+21 
1.4173569595e-15 
-2.5548458099e+01 
-4.4556900536e-19 
6.2089461170e-21 
-2.1970445724e-35 
-1.6112525572e+21 
4.6222858240e+09 
1.0676310547e+04 
-3.8721909013e-10 
2.3464861909e-33 
1.9626574720e+36 
2.3749189859e-04 
-7.3531488889e+26 
1.7239583983e-08 
8.5051956589e-09 
-1.8915009509e+34 
2.6686911414e+13 
-9.7823873680e-26 
1.4320227675e-13 
3.5206664795e-20 
4.3853052000e+07 
-3.6361638980e+19 
-3.0878519108e+25 
1.2137209030e+33 
-2.8618709283e-23 
2.9091551232e+23 
1.3086601365e-33 
1.1001912122e-28 
-6.6119895337e-07 
9.7610533358e-22 
-4.3045307617e+03 
-1.7297031443e-31 
-8.8408737633e+29 
-2.2056772526e-35 
-1.8745062873e-02 
1.3114674653e+25 
-1.5769323438e+12 
-4.2391246094e+04 
1.3627107042e+30 
-1.7415289600e+09 
-6.0964906572e+14 
-3.4664236338e-23 
-8.2701299528e+17 
-1.1317345280e+10 
2.9783668700e-20 
            nan 
3.1696261101e-33 
2.0770736527e-15 
4.4142605127e-09 
-6.2286454032e+32 
-2.5271500090e+35 
6.1784316000e+07 
7.5638575527e-37 
2.6874811244e+17 
6.1537369066e-31 
7.9264057617e+03 
-2.0224552173e+16 
2.5728650983e+33 
-5.8746077343e+16 
-3.5900737938e-09 
5.4148273642e-20 
-1.4071103000e+07 
1.7963622182e+32 
-3.7146635667e-24 
-1.3911986225e-36 
2.0563132360e-12 
1.7045973060e+29 
-1.7626049628e+18 
2.3713814669e+20 
3.9485760189e-18 
9.8871995186e-28 
5.5465246094e+04 
-3.2441673124e+28 
-1.2081884003e+02 
1.2879265751e-21 
1.2005909987e+16 
-4.7942201344e+10 
1.7345982026e+18 
2.9763718611e+13 
-2.9188229117e-21 
3.7202720845e+18 
1.7647652377e+23 
1.2181813843e-28 
5.1344974054e-05 
-1.0776498421e+26 
-1.8096272543e+21 
5.6092246094e+04 
4.0043802134e+37 
-1.0689067128e+21 
6.1472224855e-27 
1.7777433925e-07 
2.6191071805e+12 
-3.3178141005e+30 
-1.3332389699e-06 
-1.6267522005e-03 
-5.5336641334e+29 
-4.2915316149e+30 
1.4430085063e-32 
-5.0321960449e+00 
-2.1195856962e-21 
-4.2918638398e+32 
1.1044685842e+29 
1.2192779018e+23 
7.2621080679e+28 
-6.3406478148e-06 
1.3515634235e+25 
2.3961418265e-05 
-1.0184741296e+34 
-3.3208603125e+05 
-2.7004703026e-22 
1.1342526284e+14 
-1.9827202468e+15 
-8.0741587200e+08 
-1.7738532760e+17 
-4.2131699794e+14 
5.3424376063e-27 
2.4806817389e-26 
-8.2471796590e-14 
5.3042912483e+00 
-6.4544919740e-25 
-2.4790796800e+09 
-8.9600151028e+28 
-2.5815443541e-24 
-3.3555463246e-25 
-8.1136951790e-32 
4.4249503378e-37 
8.0465942383e+03 
3.0306941257e+18 
3.5735990652e-26 
-5.0837785515e+22 
-7.3450151831e-05 
-3.5018940984e-36 
1.1770419033e-20 
2.9628071108e-09 
-2.7488476466e-27 
-8.0256153518e+26 
4.0563779187e-17 
-1.9032766797e-15 
4.5492765729e-32 
8.1632978681e+21 
-2.8968457133e-02 
1.1486749329e-08 
-2.6719124268e-28 
1.1890598728e-07 
7.0100824483e-39 
2.6127778374e+19 
7.9383528372e+28 
-1.1373759802e+34 
1.3643193556e-24 
9.0128412500e+05 
-3.7984138999e-06 
-1.4681950802e+37 
-1.1158891787e+34 
3.3059630286e-15 
1.0325873705e-23 
5.0440849516e+32 
3.7219047546e-01 
-3.5984594813e-36 
5.2777865382e-35 
-1.8907233289e-18 
-6.7110159849e-18 
4.1924917382e-37 
-2.0241934801e-22 
3.0512032404e-27 
1.3657034375e-02 
3.2551000118e-07 
-1.0485602170e-01 
-2.3829231855e+14 
1.2768051590e-12 
-4.4696408425e+30 
9.1740540249e-20 
-5.1836414913e+33 
1.0727936572e-36 
-9.4953594417e-28 
-2.4128882587e-38 
-1.6310301562e+05 
2.7385882451e-09 
2.9318812490e-01 
2.5523158028e-33 
-1.5593652344e+02 
-1.8600952148e+01 
2.7867115437e-32 
3.5301326307e-09 
-9.0505796272e+32 
1.5251281808e+18 
1.2411102822e+11 
-1.2328214612e-29 
1.2542919159e+02 
-3.2467873047e+04 
-9.0025979903e+37 
-1.6042157883e+20 
-4.0689294573e+35 
4.5292767027e-05 
-2.4626368657e-02 
-5.1874516173e+11 
-3.9060589615e-13 
-2.2927310547e-32 
-2.6981867275e+30 
-5.7699438184e-02 
-3.1799822766e+29 
1.0040262027e-16 
7.6202917398e-07 
4.5683125353e-15 
2.7337642615e+36 
-9.0773999110e+28 
6.3895096790e+19 
-5.7117542598e-17 
2.6204888346e+24 
3.7158140000e+07 
9.5384502199e-19 
2.5763252954e+34 
-6.1150582035e-28 
1.2747285627e-38 
-1.9699685230e+34 
2.0929886713e-09 
6.8421660910e-28 
-5.1885077568e-08 
-2.3223835797e-06 
-9.8327367631e+28 
6.7013602347e-06 
-6.3226838551e-21 
3.1321088688e-25 
3.3596305737e-09 
7.8535926400e+21 
-1.6918840869e+14 
-8.1285886362e-36 
5.9080490610e-04 
-1.0341265443e-04 
2.5781553600e+08 
-2.4338236945e-20 
-4.5717037201e+01 
2.6197565812e-36 
-3.2315863361e-15 
-1.0292119549e-26 
-5.9141009521e+02 
1.4284743071e+00 
-5.2732798960e+13 
-4.0880988944e-30 
-5.4904549502e+17 
-7.1977102915e+17 
1.3753356225e-34 
8.7115813531e+32 
1.0893704938e+28 
-8.3476766539e+33 
1.2223608785e+27 
-1.4760856000e+08 
2.8622596875e+05 
2.1833618761e-38 
2.2421290210e-36 
1.0719249857e+15 
1.9675623047e+04 
-4.6811716829e-12 
-4.9344594590e-03 
-5.5289020482e-23 
1.6212192543e-37 
3.6873152567e-05 
9.3060219253e-11 
4.2543687624e-38 
-5.9370219306e-33 
4.9755435755e-23 
4.8014920909e+11 
1.3693031412e+22 
1.6517586118e-05 
-7.8651353783e+30 
2.2124663690e+15 
-3.5587751496e-11 
-2.2494980240e-30 
-1.1370224977e+18 
-2.0237919925e+31 
6.7822917963e+25 
6.9570908090e-04 
-2.3307024436e+30 
-1.5018881684e-29 
5.0338483867e-34 
9.8090172503e+16 
-3.4019875540e-14 
-4.8201523850e+24 
-4.6841260666e+20 
1.0954897373e-37 
-8.0721993750e+05 
9.5718759298e-01 
-2.1459168862e+25 
2.9274132048e-15 
-2.8130406250e-27 
4.9796630072e-23 
-1.8341192751e-22 
-5.9577303839e+16 
6.3550021423e-07 
-2.2483276367e+03 
-1.6773094085e+33 
5.0367081712e-05 
-3.8391038970e-07 
-6.3820735026e-15 
            nan 
2.7690274034e-24 
2.4797816000e+07 
3.0435628891e+00 
2.7058246580e-39 
1.0244242984e-32 
1.1745227200e+08 
6.0016150036e-12 
8.3706011661e+30 
4.3982177734e+03 
-1.0257839922e-27 
-4.0728007073e+24 
-2.3602621440e+09 
4.3873731315e-09 
1.0707821134e+13 
-5.4998443300e-11 
-3.8590423584e+02 
-1.3529343444e-11 
-1.1779879424e-04 
1.8149885555e-28 
1.3312295170e+35 
-1.4857767522e-01 
4.2394569912e+27 
-5.3024775114e-23 
-7.0593746127e-11 
-2.9544636607e-01 
-5.6372271655e-23 
4.8257184788e-14 
2.0826725594e-21 
-6.1244682617e+03 
-1.1245467921e-20 
2.4346707389e-02 
-3.5407202100e+36 
-4.7120850620e+35 
-1.5909609566e-31 
2.7331873047e+04 
-6.3935820052e+25 
7.8110643092e+33 
-1.4274452014e-16 
2.0485475821e+37 
-4.2132552076e+14 
-3.5540013523e+19 
6.9467744000e+08 
8.9298717455e+20 
-1.4613021196e+13 
6.6146962018e-31 
-1.1472538651e-14 
6.3033814948e-16 
1.7361383961e-36 
-7.1264682617e+03 
-1.0747728964e+38 
3.9821153961e-35 
4.6888996508e-07 
-2.1360606810e+22 
3.5029050922e-14 
2.2152871826e-37 
3.3194087982e+01 
-1.9236709832e-16 
2.1861373047e+04 
2.0158092966e+18 
-4.3943641876e-22 
1.6465946608e+20 
-1.1434181135e-16 
8.7577359382e-26 
-1.7385345927e-05 
-9.3136045751e-12 
2.8877064586e-01 
-2.6356809616e+01 
1.0543698553e-10 
8.0942628260e+36 
-2.7490839187e-36 
-3.0396255550e-37 
-5.4286450531e+14 
-1.7940396800e+09 
-4.1552296018e+12 
-3.0401793294e+31 
-6.4274682617e+03 
-4.9813212997e+24 
-1.1774090325e-07 
-3.3626079826e+27 
2.6693591309e+03 
-2.2033710507e+27 
-8.0745218418e+34 
-1.4286056805e+29 
-1.0559905987e-17 
1.7673848197e-02 
9.1418384150e+30 
-3.8135788936e-35 
-1.5776821556e-06 
-2.3374549159e-16 
3.2277788132e-24 
1.4231918750e+06 
-6.1571018289e-19 
3.0057513743e+36 
6.6110192239e+34 
9.2927098446e+36 
-9.0087820460e-20 
3.1301558598e-29 
7.3461808281e-32 
-1.0028496836e-30 
-2.1762709980e-17 
1.3106427359e-19 
-7.9570166350e+13 
1.9051367285e-39 
5.8962423556e-35 
-1.3709718769e-04 
3.0805625709e-21 
-8.5321485029e-34 
2.3447772435e-07 
4.6365154653e-37 
-2.4757498438e+05 
4.0161800356e+12 
-1.0183118085e+25 
1.5490939249e-25 
3.0324726930e-29 
9.4213567320e+37 
-1.8187383910e-17 
6.8830552911e+25 
-9.8576296296e-05 
-1.1585887909e+02 
5.8198864572e-03 
4.9995021982e-05 
5.1711306348e-09 
1.4049566230e+32 
9.0974376393e-29 
-6.3009943962e+00 
-6.4211956539e-20 
1.3797620736e+10 
-6.8995098365e-15 
8.8494397045e-37 
-1.9990329138e+17 
9.2913516880e-08 
6.9492061590e-31 
-1.9864878750e+06 
3.5743774759e+30 
-1.5162645839e-02 
1.3277452518e-27 
2.1861108547e-30 
2.4544976005e+22 
-1.9041995645e+23 
-4.2143076011e-36 
3.9116114205e+27 
2.3252027230e+24 
8.1132404506e-02 
4.6175740727e+30 
-4.7855326724e+13 
-9.5883736134e+18 
-2.1284439642e-32 
-6.6279884777e-05 
6.5582877764e-34 
3.6343712633e-38 
-1.1664291840e+10 
-2.2561294778e-27 
-3.4413766737e-32 
2.7332116799e+38 
-8.8500583172e-01 
2.6319838867e+03 
5.1569333055e-23 
4.1100567979e-28 
9.5462723948e-07 
1.5613101560e-16 
1.7518961935e-38 
-7.8895958863e+25 
4.6466364723e-35 
-1.7480364612e+19 
-1.4150012120e-18 
1.7305730094e-26 
1.0441256366e-11 
-1.1161524998e-37 
1.3448393389e-17 
5.2165430000e+06 
4.9453366715e-24 
-2.9886126709e+02 
-9.2921834943e-21 
-2.8321632271e-05 
-1.4649098531e+18 
-1.3840863563e+31 
-7.9922277130e-11 
-4.6077565303e-16 
3.9455414988e-32 
6.0271864000e+07 
-1.7978375648e-34 
-7.0695480743e-17 
-6.8628492188e+04 
-4.8444459111e-08 
1.7344769958e-33 
5.6599421501e+00 
-5.5336759296e+10 
1.3902787481e-18 
-3.3459682337e+15 
7.5888492188e+04 
4.1023483277e-07 
1.0176620789e-34 
3.2976946555e-26 
6.3014596701e-01 
-1.4678098438e+05 
2.1602086211e+27 
-1.1253843994e-12 
-2.4586461706e+35 
-8.2519690336e+33 
1.1318980716e-02 
7.4234855652e+01 
-6.1240566538e-06 
1.1250295294e-38 
-2.4908609362e+30 
-6.5370583040e+10 
9.2551991505e-20 
-1.9960966205e+14 
-3.7187672941e-09 
-3.0786556539e-25 
1.4517959907e-30 
3.2731119148e-08 
-2.2495354468e-09 
1.2193300194e+28 
1.2282061115e-16 
-2.2192026188e+21 
5.7701540754e-06 
4.1756892204e+00 
-1.0825983736e-05 
-2.3042872106e-20 
-2.1759568369e-07 
5.5870186799e-36 
1.3467608951e-02 
-1.2616635907e-21 
-5.1173637550e-10 
-1.9614117627e-04 
1.8940304005e+25 
-2.1121170670e+13 
-3.2164189219e-01 
5.5897987482e+12 
6.9844230652e+01 
-1.2805998903e-14 
5.6367663551e+34 
-1.5266198806e-21 
8.6096883201e-31 
-1.5421303397e-04 
-4.1324721187e-27 
-1.4815233648e-01 
7.4541912551e-34 
-1.8874488913e-35 
1.2452890985e-07 
8.4970326468e-36 
1.1205874488e-17 
1.7744017267e+34 
1.6232654222e-31 
-6.2377977758e+37 
3.5574194044e-02 
-1.3735500842e+32 
6.2486901233e-14 
-4.8848001040e+13 
8.8995914804e-11 
1.3401914368e+10 
8.3537170237e-11 
1.8621356823e-33 
-1.6767533632e+19 
-2.2372990000e+07 
1.9991527852e-38 
-2.4719405628e-29 
-2.8265703494e-23 
2.8678486007e-23 
6.3046054040e+32 
-5.3906053158e-30 
-1.2944414048e-03 
-4.8000577235e+33 
-7.5909186050e-33 
1.2048214220e+29 
-1.0782407451e+33 
1.5677250080e-12 
4.8809166486e-08 
5.5916893871e-06 
7.3098901053e+29 
-4.5557180703e+33 
1.5541193885e-29 
-2.5824827194e+01 
-9.4501909679e-29 
1.3781698438e+05 
-1.1089734528e-28 
1.8644384241e-18 
-5.1497571200e+08 
2.8514942000e+07 
2.0203172468e-08 
-2.9215280216e-36 
-4.9623242637e+13 
2.2486829304e-32 
-2.8501754761e+02 
-3.2584510317e+24 
6.5662204000e+07 
-1.0219948221e-09 
4.2381557617e+03 
-3.0223685155e+32 
9.0467599268e-36 
1.8510717099e-15 
-5.5425105095e+00 
3.5457103360e+09 
2.1404502397e+27 
-4.3832552347e+30 
-5.5309756443e-15 
-5.4601826265e+34 
-5.9626813978e-02 
-2.7836724797e+25 
-8.5660981299e+21 
1.3612678629e-07 
-4.9412371210e-37 
1.2131903000e+07 
1.3909803109e+25 
2.4268683011e-18 
3.8341756910e-02 
-1.7892642501e-18 
-1.3460306203e-09 
-3.0432696868e+38 
2.9313490813e-05 
-9.0024361490e-19 
1.0173726725e+34 
5.9266321361e-02 
1.1099390400e+08 
-5.4501184589e+22 
1.3034484606e-35 
9.1505091667e-26 
-2.8949584282e+12 
-3.1642748000e+07 
1.9740248812e+34 
-7.1297726245e-27 
-5.8618179319e+36 
5.0258401234e-37 
-1.0854081056e-35 
4.5517657762e-30 
-5.4100196403e+32 
5.1670200320e+09 
-1.5165631527e-29 
2.8829265364e-11 
-4.6060124919e-24 
7.8016050958e+18 
-1.6669433762e-06 
-1.0065358365e-03 
1.5309199551e-23 
5.8617045412e-22 
-6.9149969613e+12 
1.9067177457e+17 
4.8524886626e+24 
-5.1851605984e+32 
6.7700927734e+03 
-5.1240199353e-15 
7.3075756431e-02 
-7.0034725147e-19 
-3.6424968651e+19 
1.3894157294e+36 
-2.4814209671e-32 
9.3188321496e+14 
1.3920713705e+21 
-3.4174150229e-01 
8.0430320548e+21 
-3.4837851443e+15 
2.6671353983e-28 
-3.7450758661e-31 
-1.5447084426e-16 
-4.4884766460e+36 
-2.7915898301e+20 
1.2872325391e-20 
-2.5197605080e+14 
-6.2869298848e+37 
-1.0461362842e+28 
1.6413420244e+18 
-3.7514475062e+15 
1.5437303129e-12 
-7.2574926754e-13 
6.4688163852e+30 
-2.0041305948e+12 
-6.1375686400e+08 
-7.3163335270e+11 
-2.4491889690e-06 
9.4877112320e+09 
2.7569873047e+04 
7.8837874426e+13 
2.3934047019e-12 
-3.0985454545e-13 
-1.1513072615e-31 
1.2121933425e+36 
1.3851354087e+15 
-1.1453567716e+26 
-9.9350008000e+07 
-1.3792227688e+35 
-6.4708907305e-16 
4.3805523653e-09 
1.4232220733e-27 
-2.1890902709e-18 
1.0132261564e+27 
-4.0392157500e+06 
6.0514991750e-17 
-3.8563702008e+35 
-1.5346435405e-17 
-2.2878320072e-10 
-4.4782254661e-23 
-3.9711036237e-08 
-3.6293395135e-31 
-4.0783858429e-27 
4.9641353607e+01 
3.9890830981e-13 
-4.8094208285e-23 
5.3165665623e+20 
-6.8039879234e-25 
2.8489431851e-28 
1.6733586767e-27 
5.0394283295e+01 
5.3697046618e-20 
4.7344068770e-12 
-1.7485404290e+21 
-8.0249070146e+30 
-3.2081866145e-25 
-5.6023295037e-03 
-2.4488606616e-25 
-7.3217076385e+28 
1.4344566582e-25 
-6.0898691464e+35 
-1.8446653366e+01 
3.1414934307e+15 
4.5272829720e-36 
-1.1383632703e-08 
-1.1798013386e-24 
-2.3777099614e-06 
3.8837735653e+00 
2.5543373047e+04 
-6.4584493351e+26 
2.0621746923e+14 
-2.0912828802e-07 
5.1203183339e-26 
-2.6234050165e-04 
-4.5292182617e+03 
6.8437496000e+07 
-5.4235501507e-11 
-6.2988355026e+28 
2.9097297047e+18 
-2.4041854051e+36 
1.2780054240e-03 
-2.8645769933e+38 
-7.1888558677e-15 
2.2545402159e+26 
3.1707896993e-15 
-2.8507481198e+23 
-2.7298123221e+17 
-4.2673144129e+30 
-9.1213517336e-24 
-8.7213223490e-38 
-2.4357283937e+28 
8.0341307770e+17 
7.3513125145e-29 
2.6458591309e+03 
9.3330193834e-13 
-2.5002873047e+04 
1.3541547862e+14 
-9.5044260332e+12 
-7.1141437210e-30 
1.2964197600e+08 
-5.0846231959e-30 
2.8152419200e+08 
3.4508929570e+30 
-4.4054717111e+26 
4.3015237898e-02 
5.7393939414e+36 
5.1795803907e-33 
1.8615071558e-15 
3.3549504029e-29 
1.4467313339e-25 
-5.6822324116e-28 
-7.6431966383e+26 
3.5137276000e+07 
2.0113317504e-38 
2.0826626534e-10 
-1.6412523823e+38 
1.4536308149e+24 
1.7917027200e+08 
2.6101943105e-02 
1.0392984320e+09 
1.1250316675e-05 
-6.9038206188e-18 
-3.8824583393e+37 
5.0677579866e+23 
2.6599704291e-14 
1.6169357427e-36 
4.0139164728e+27 
-8.6946110583e+35 
-3.9071059632e+22 
-3.4137319654e-25 
-1.2682262938e+11 
1.3440259494e+20 
3.7762452887e-11 
2.8438563347e+00 
-1.6999087882e-18 
-1.8218386373e+32 
-8.7726997313e-22 
-9.0744665742e-14 
-2.3477790511e-33 
-3.0404336564e-19 
5.8511899574e-30 
7.5839489985e-25 
2.0401556190e-38 
-1.3446186829e+02 
1.7703729630e+01 
-6.2112032402e-15 
-3.0097356350e+23 
-7.5244853581e-34 
4.3035977751e+17 
3.6990424057e-09 
-1.1370173691e-09 
-1.5821316591e-37 
-4.6843859678e+16 
8.7368766245e+18 
-4.0332236387e+31 
-1.0907127893e-36 
4.8406486511e+01 
-1.1265946086e-03 
-4.0126098787e-14 
-6.5852585866e-24 
2.0386210053e-06 
5.1980076800e+08 
-4.5775278303e-15 
-2.7955112542e+24 
-2.2565778809e+03 
3.1556142174e-33 
2.1998676557e+30 
5.3928462876e-05 
4.9702386973e+15 
2.3212123047e+04 
-5.9770102874e+13 
-2.9065549850e+01 
9.4655029561e-33 
-3.6339883554e-22 
2.3602408916e-08 
-5.0144771668e-10 
-4.9628263726e-35 
2.2830182189e-10 
3.9011764663e+25 
4.4957814077e-25 
-1.2795311555e+13 
2.3232251406e-03 
2.1360274660e-12 
6.4107139736e-14 
-3.1048896695e+22 
7.6279709216e-33 
-6.9198277716e-29 
4.7592138763e-36 
-9.9026500000e+04 
-9.8718136116e-38 
5.1809282143e-37 
-7.2105850984e-21 
1.4207777775e-35 
-1.6074108602e+31 
1.2907997746e-38 
2.7671089161e-13 
1.8650408834e-02 
7.4065742075e+20 
-2.4234911414e-25 
2.7334363072e-14 
-1.8160726505e-34 
-2.4144219815e+19 
7.9420971675e+31 
1.8858088528e-34 
-2.0848739402e-12 
1.0631322861e-01 
-6.0950669100e+36 
-4.7898368000e+07 
-1.3816537002e+20 
-3.0956621869e+33 
-2.3522222480e+32 
1.0440853022e-22 
-2.0814966410e-04 
3.7843633573e+30 
6.6783137321e+00 
1.0137556041e-23 
1.7991953595e+38 
-5.0089322982e-15 
-1.8008078750e+06 
-2.0547269813e-20 
-3.9886233600e+08 
-2.3701041130e-10 
1.4816655291e+29 
3.4418987371e-26 
-5.3826275272e-29 
-9.6268959900e-22 
-5.6815174101e-30 
-4.6360539272e-05 
4.5244138847e-29 
1.8918146685e-24 
5.7492363505e+17 
-1.3447909479e+29 
-5.1653191501e+19 
-1.8762880000e+07 
-5.7200642884e+13 
6.6204480000e+06 
5.6496334076e+01 
-1.6077849544e+22 
-8.7152230830e+16 
1.5198877038e-22 
-2.6332098210e+15 
9.0830654833e-15 
-2.3256270008e-15 
-1.0284646771e+34 
5.7985246094e+04 
5.1095636167e-08 
-5.3604661609e-37 
-1.2098613670e-28 
1.0586639404e+03 
6.0040202529e+16 
7.1132553907e-36 
1.3070666907e-24 
1.2218713015e-01 
1.4725971661e-15 
2.4343489713e-05 
1.3166356005e-08 
3.7148903809e+03 
-1.0092026162e-17 
-1.4218132832e+21 
2.2295497393e-10 
2.2204463839e+31 
1.1196828401e+30 
4.8682165937e-11 
1.1517756763e+22 
-7.8105307617e+03 
5.2833552361e+00 
-4.4022967382e+24 
-1.2736921240e-10 
-1.6900330702e-38 
-2.0201658630e+02 
-3.1198774559e+13 
-2.6365121094e+04 
5.6532969512e-27 
-1.3362131424e-21 
7.7436405240e+33 
1.9119228000e+07 
-5.5376624175e-08 
-5.3252254485e-31 
2.5413283435e-23 
2.7256403928e-22 
3.9006715815e+15 
-4.0786710288e+31 
-2.5316558695e+19 
6.0432626264e-37 
-1.2041519582e-01 
8.2518880241e+16 
1.3912950063e+22 
-8.2952053464e-35 
-2.7831712434e+18 
1.8603023709e+28 
-5.8518651613e-30 
-3.8809922560e+09 
-3.5817619324e+01 
1.2957021222e-18 
3.2061952353e-01 
-6.4427061429e+36 
2.1821833236e-23 
2.4556434641e+20 
9.9229757799e+34 
1.6201110508e-16 
-1.9285010432e+10 
-7.9653946038e-16 
-4.4153688064e+10 
1.2717024105e-33 
2.0935570463e+31 
-1.8096395000e+06 
1.7809744593e+13 
-9.0817555920e+15 
2.6808270848e+10 
2.5727830000e+06 
-1.8317419642e+32 
2.2016741869e+21 
-1.7753414841e-13 
3.7885424163e+37 
6.7246266428e-24 
2.9122725129e-01 
-1.4862954317e+29 
2.1343341486e+20 
3.4400334786e+31 
-1.1492335357e+31 
6.4133944141e+32 
1.3315027411e-28 
1.2806585647e+33 
-9.9809564857e-18 
-1.8845490625e+05 
-2.7483249010e-10 
9.8776267761e+37 
-5.4256267138e+17 
-6.0673981250e+05 
3.9490478317e+20 
2.8889573752e+29 
-5.6997108000e+07 
1.0053484729e+29 
-2.4950714753e+23 
3.9533563213e-36 
5.3695034702e-27 
4.6903560754e+19 
2.1004978053e+18 
-8.9237401602e-27 
-3.6635432292e-27 
-5.7868854205e-17 
9.7209153122e+24 
-1.2274254502e-08 
6.8572259517e-15 
2.4891003362e-14 
-1.0242200800e+08 
2.2167746771e-24 
-3.7287862417e+29 
-6.5494200991e+25 
-6.8623592285e+20 
-5.1475824876e-05 
4.4668289024e+11 
2.9485845551e-19 
-6.2376957409e-27 
9.7794522416e+17 
-2.2770500763e-13 
4.1398566912e+10 
5.2299859558e-33 
-4.6140287549e+24 
-1.6350498591e+21 
-1.8827209768e-19 
-4.3044341664e-29 
2.1781514280e-37 
1.7822709780e-27 
-1.7292734375e+03 
1.1666340648e+22 
6.2514380800e+08 
-1.0228447710e+19 
-9.7138781915e-22 
7.1952861260e+16 
1.2481991689e-05 
8.8771112536e-29 
1.0462748438e+05 
7.7515245998e-38 
2.7364376068e+01 
1.0601779426e+32 
1.6017358750e+06 
-1.3509026363e-11 
-2.4398558735e-14 
1.8059884201e-26 
-2.7945929522e+25 
-4.0623729001e-04 
-3.0243585414e-11 
-1.9820236800e+08 
-5.5466212945e+31 
-1.5649708941e-33 
-7.1772334121e+15 
1.3547976370e-19 
1.1073796643e+18 
-2.5808476885e+35 
1.4822098438e+05 
-5.8970150472e-37 
-8.3156587172e-10 
1.4028134941e+15 
-5.6933987447e+35 
3.7757549106e-17 
-1.2040904407e+36 
-5.3578319867e-33 
4.7820836962e+15 
1.0480972800e+10 
-8.3239479381e-23 
4.9414787292e+01 
1.8320202126e-12 
-3.7943750426e+33 
1.8661349777e+18 
-6.8356288933e+15 
-4.0592525482e+01 
2.9370652379e-17 
1.3003730584e-21 
4.5068558105e+30 
-1.0683077009e-13 
6.0697781009e-05 
2.2788950726e-09 
-3.4958031609e+31 
9.7149943201e-08 
1.0746478901e+31 
2.2439940303e-31 
1.1538895515e-38 
2.1875801614e-26 
-4.5662294476e-24 
-1.7952433725e-30 
-7.1809091861e-21 
2.6535124285e-19 
3.6168954436e-22 
3.3499885500e+37 
-4.6017060417e+24 
-5.5360819850e+29 
-1.2136406380e+34 
4.7021483902e+25 
-6.8713205800e-15 
4.2263014919e-33 
-1.4723599121e+22 
-2.1415849988e-17 
-1.0590492748e-02 
5.2148050070e-01 
-2.2412856914e-31 
-3.4456316000e+07 
-3.9830321428e+15 
4.0669978097e+20 
-2.7437939074e-11 
-9.2325769629e-15 
1.3522436523e+04 
8.9587709473e-10 
2.5366093024e-16 
-3.6973274071e+17 
-3.1292847545e-13 
-1.0027930015e+17 
-1.9679256488e-11 
-5.1796155000e+06 
-4.5646801920e+09 
1.2685535168e-17 
-5.9693889570e-20 
-9.3848301296e-27 
-5.6408313877e-30 
-3.3561963663e-36 
2.3555845172e-33 
-2.4466249706e+21 
-4.4055742025e-01 
1.3331220821e-33 
7.6819501688e-15 
-1.8110744747e+27 
-2.3087948868e-29 
-1.2781357500e+06 
-3.2942874183e-31 
6.5234395176e-38 
-1.3976726283e+26 
-6.8564153539e+16 
-9.3389421439e+19 
8.2731647664e-15 
2.6489955151e+37 
-1.8390769139e-02 
-1.6870338963e-25 
-6.7171256168e-22 
-1.0584061065e+26 
6.4228238025e+16 
1.0083250429e+15 
-2.9241739816e-34 
-4.6723139641e-35 
-7.0080645287e-08 
-2.3025435000e+06 
-8.8847980000e+06 
4.7105095618e-27 
8.0581358894e+23 
-7.5910447633e-13 
4.9843242188e+04 
-9.7908202763e-23 
4.0353868328e+21 
-2.3555133936e-16 
-6.5487096000e+07 
5.4775432732e+31 
-1.4849649452e+18 
1.4466236522e+35 
3.1371948664e+16 
-5.3665126400e+09 
2.0825678580e-30 
3.0801058455e+32 
3.2786301626e-30 
9.1060686643e-21 
3.5529493844e-12 
-1.5224364389e+18 
-1.1981339806e+32 
5.1170452424e-12 
4.5775307617e+03 
2.5881661558e-27 
2.0137655040e+09 
-5.1106192781e+36 
-7.0959773064e+00 
-1.6771171829e-07 
-1.9528327439e-22 
1.3576428871e+30 
2.3506951832e-22 
-2.0521913527e-22 
-3.5729486654e+15 
-2.2866839470e+12 
-1.5529614175e-38 
-1.3608457098e+25 
2.5745234165e-34 
-1.4040098438e+05 
3.0142691728e-12 
2.5960986386e-04 
-2.3659426498e+16 
1.1366560235e-27 
-2.3654664503e+13 
8.9431149417e-31 
-8.4605193251e-07 
-1.0624063000e+07 
3.6274183319e-16 
-1.3743203020e-08 
9.5980015020e+27 
9.9165193750e+05 
2.4546877592e-14 
-1.4089198111e+28 
-3.3628694683e-24 
7.1504213595e-35 
2.9510862350e+01 
1.7976560336e-24 
-1.2993600600e-22 
-1.9854530287e-30 
7.4184500738e-33 
-1.5966437293e+26 
2.6041500553e-11 
-2.1941608793e-05 
-1.9109960058e-37 
5.4057759763e+16 
3.3678581301e+13 
1.1300473361e-12 
-1.4509838801e+25 
7.6008202667e+15 
4.8189582280e+36 
5.6192529391e-36 
-7.1934918578e+25 
-5.6698858947e+29 
7.9897764475e-39 
-1.2325432957e-32 
-2.3389693724e-36 
1.7276889253e-18 
5.8032445440e+09 
3.0538208193e-06 
-7.8313684992e+12 
1.4240211385e-05 
8.7152030513e+18 
2.8829612920e+29 
3.4373530609e-28 
-5.7433763177e-34 
-4.8474362120e-03 
-3.7721289281e-31 
-3.4799709449e+15 
-2.7045788011e-04 
-2.1274442139e+33 
2.4940526122e+15 
-1.4249738866e+19 
6.1684806824e+01 
1.3494157500e+06 
-4.9971374520e-30 
6.1959020874e-24 
7.8093439240e-15 
-1.0479063034e+01 
1.8422791362e-01 
3.7403972704e+18 
-6.6088928082e-34 
-2.7757767279e-33 
-2.2371948580e-04 
-1.3828467260e-08 
2.1844695652e-07 
-1.0095276337e+15 
4.0495101212e+21 
-2.6317505282e-27 
-2.5094789267e-01 
-1.3123154119e-08 
-4.4208245527e-05 
7.4148769295e-30 
-2.1705908623e-38 
5.0340872499e+29 
1.5920323238e-35 
2.7429808824e-07 
-4.9778130302e-32 
3.7005112516e-12 
-2.1090274240e-34 
9.4026317824e+10 
-1.1255320740e+02 
-6.0335536157e-19 
-6.9143343828e-11 
-5.1029426173e+31 
-1.3031974729e+24 
4.6906886135e+22 
4.6067991853e-01 
-1.3458724320e-01 
-1.7886759887e+31 
-3.3071486541e-05 
6.6409364986e-12 
-1.1536436971e+31 
-3.8849241600e+09 
-6.8713682554e-18 
-4.1690130164e+18 
-1.0421272352e-11 
-1.8608048151e+14 
-2.8836129617e+35 
-5.5932355412e+24 
2.0979107197e+27 
4.6970157541e-08 
-1.8637974272e-32 
4.5373501440e+09 
-1.3966212735e-11 
-2.7419973353e+36 
3.7410222895e-19 
9.6028272918e-32 
-4.0003312000e+07 
-1.0155748745e-19 
6.2668375000e+05 
1.1618611562e-35 
1.3250850759e+36 
-2.0145894331e+27 
-4.4392738281e+04 
-9.3745542400e+08 
-1.9040607313e-08 
2.9398006518e-05 
-7.5228381250e+05 
-1.0310198125e+06 
-3.8431705210e+23 
-1.0854541139e+17 
-3.4878953011e-04 
1.3538677783e+15 
-2.8701340350e-12 
1.9120544434e+03 
-5.8127250213e-07 
1.4598469534e-28 
-1.5706275184e-16 
-2.6525527040e+09 
2.8091307729e-02 
-1.5429582520e+33 
-2.9584931957e+15 
3.8532243568e+23 
-5.5021745576e+14 
-3.0840155000e+06 
-1.2463084384e-11 
-1.2137581404e-20 
7.1224957068e-16 
7.9039668389e-30 
6.8592310000e+06 
-1.1255602273e+24 
-6.0839721912e-24 
-4.2082141045e-29 
3.7636654144e+23 
-5.0643365948e-36 
4.6958726645e-01 
4.3098216908e-16 
-8.8928262401e-29 
-5.9672177734e+03 
2.4071404338e-01 
1.6154066881e-14 
-2.7983353610e-24 
-1.4204394461e-07 
3.3649810536e+37 
3.2495657078e-21 
-7.5241411145e-24 
6.9293731241e-23 
-1.3769549286e-28 
2.0437138204e-08 
-1.7347533210e+11 
-2.2335081787e-28 
4.9402464000e+08 
1.8556319992e-04 
-2.3025722126e+37 
-4.7174073160e+20 
-6.8076431269e-21 
2.9823677235e+12 
-3.2576088867e+03 
9.1041784668e+02 
6.6599334850e+16 
-1.7530461270e-37 
3.6258588867e+03 
6.3977878716e-31 
-2.1914428836e-27 
7.0742020793e-21 
2.6448371094e+04 
-4.5197439194e+00 
-8.6481300567e+14 
2.5087944576e-23 
2.5870793138e-13 
8.6019486096e+32 
-7.2557441584e-26 
-1.4131660449e+28 
6.6501371213e-32 
1.0882620347e+16 
3.0301887262e+26 
-5.6023642341e-21 
1.0647173120e+10 
4.6871205669e-23 
9.1669969423e+25 
-1.5812419434e+03 
1.3238723410e+20 
-6.1330074489e+26 
-7.1817355590e-21 
3.7221031936e+10 
1.0285443351e-25 
-4.0706195865e-16 
1.0772596326e+11 
-5.7161575432e+18 
4.1551154643e+18 
-7.5054848991e+17 
6.9328427734e+03 
-2.3208339547e-13 
1.1432033611e+19 
1.6498010906e-38 
8.7291002281e-36 
5.9085927734e+03 
-2.1378106464e+32 
1.7600013962e-05 
4.0595868625e-19 
-1.8313127725e-07 
2.0753591386e+22 
8.9610566870e-17 
3.0414177843e-08 
-1.0780273005e-02 
-5.2405021667e+01 
-9.2818820477e-01 
-3.1136866761e-30 
-2.6290696859e-01 
6.3230734668e-05 
2.9939869074e+23 
4.6466653614e+30 
-1.2611910279e-05 
1.0337030787e-08 
1.8119159893e+35 
-1.0178290211e-07 
2.5930698530e+28 
-6.1228792000e+07 
3.1463762663e+21 
8.5213246980e+24 
-2.8906570515e-04 
-6.3871380186e-39 
-1.0561948957e-16 
3.6489266662e+23 
-1.0100790516e+36 
-6.6800955878e-09 
-1.2272522767e+15 
-5.7661420028e+37 
-3.4494515872e-25 
1.2454013783e+30 
5.1007923308e-34 
2.8475072025e+34 
-1.6638296875e+05 
1.4996641817e-35 
6.9090663146e-07 
3.8870700739e-19 
-1.8266479256e+30 
-9.0965524480e+10 
-2.1035767299e+33 
6.0507943545e-07 
1.5721674240e+09 
-2.2866651806e-31 
1.0465748438e+05 
1.2165244353e-17 
-3.2221702751e+38 
2.8331883165e+36 
-4.8259964387e-05 
6.2296274426e-28 
5.0599121757e+22 
-7.3939424201e-27 
-3.9063391170e-20 
-2.0436678247e-17 
4.4920518350e+21 
8.5810167565e-13 
2.2286722074e-19 
-2.1639041516e-17 
-3.1487158207e-24 
3.4931829834e+02 
-1.8684564971e-23 
-6.7994622534e-35 
4.4670554189e-07 
-9.3336400673e-28 
-9.3037428416e+36 
-4.6475753535e-38 
2.0095141107e-09 
1.3081973216e-22 
9.4342701137e-02 
-9.5243298097e-23 
-1.2995125784e-23 
-5.5166716000e+07 
-9.2393259044e-34 
-2.0714194285e-38 
1.2787779808e+01 
-1.6671884359e-11 
6.2861942456e+13 
-3.0909924194e-15 
8.6268206120e-12 
5.0412682698e-19 
-9.8592682629e-11 
-1.1681944800e+08 
-3.3958196875e+05 
-5.6948155000e+06 
5.2518376226e+27 
-7.1709506929e+12 
2.1729848485e+14 
-3.9119868800e+08 
-1.5787542792e+16 
2.2916244360e+28 
1.4074017993e-11 
7.5464263001e-17 
-2.9590934988e+26 
3.9028298559e-26 
-2.4608937681e+17 
-1.4311425852e+26 
1.6618160288e-20 
-1.4162073820e-32 
-1.9724026148e+26 
2.1348478185e-07 
-3.8011558354e-04 
5.6741943043e-18 
-2.6865859297e+12 
5.0936902266e-14 
-1.0352265625e+03 
8.8807792054e-07 
1.9736425781e+02 
-1.1427403024e-08 
-2.8985147996e-37 
-3.7276115436e+30 
1.4111974849e+31 
-8.7636896229e+20 
2.3025316990e+15 
1.1127965081e-05 
4.1235749268e-38 
-6.9904965150e-10 
-1.2926597002e-19 
-7.7684012389e+24 
-1.0531163080e-22 
-3.6064091744e+30 
2.6091387775e+14 
-7.4232587420e-23 
6.8065947648e+10 
1.4114967675e-34 
-3.7058864931e+15 
-2.8409272061e-38 
6.2438020789e-33 
1.0937863373e+12 
-1.7368467974e+20 
2.0952698438e+05 
1.4300435867e+15 
9.4049249437e-25 
2.9299636549e+27 
-5.4867761386e+23 
4.2011154667e+36 
1.7783482546e+15 
2.9321873047e+04 
3.3430074898e+19 
3.1139985564e+26 
-5.6483671705e-33 
7.8376673488e+21 
1.1693167546e-37 
-2.2689238135e-34 
1.5446957588e+01 
2.1856643696e-25 
-3.0067031485e-29 
-2.4396224320e-01 
-4.1788955000e+06 
5.5058357426e-36 
-1.5522060916e-02 
2.7927191695e-04 
5.4661379269e-21 
5.2377334467e-17 
1.3234557581e+20 
-6.5005274898e+37 
6.0176950000e+06 
-1.0535285152e-26 
-1.2645000047e+16 
-1.8754557064e+31 
-3.0516161357e-29 
-8.8158388767e+17 
-3.9351133578e-34 
-5.8190979072e+10 
3.2900275073e-06 
1.1028411715e-28 
-1.9173334464e+28 
1.6105992957e+33 
-4.7924172800e+09 
2.9181387617e-06 
1.1151075600e+14 
-3.5662355014e-11 
7.1355757674e-13 
-2.7318773430e-15 
1.2026260002e-34 
-2.0397617328e-29 
-1.6130836135e+19 
-8.1530734381e-26 
-1.2031923680e+31 
5.5877559156e+19 
-3.8713116911e+21 
-7.8587587500e+05 
-7.9866856926e-21 
-4.8162430019e-36 
4.8243804599e+33 
-6.0557295517e+32 
-1.6296327043e+22 
-3.8010668607e+14 
-3.6184156445e-31 
-1.0881222705e-39 
4.4919175362e+19 
-1.2775628537e-13 
1.0369079917e-19 
-2.8562304081e-34 
8.8400456660e-13 
1.9880931698e-24 
-4.0568302945e+23 
-1.5442216750e-07 
3.2282041228e+14 
-5.1970169433e+17 
-1.3206759646e+25 
-1.8510829400e-22 
-6.4831241965e-02 
6.5621539778e-14 
-5.5620164715e+21 
-5.4904504433e-23 
7.7342172234e+37 
2.2647126825e-30 
5.9672673445e+23 
1.0014033487e+20 
1.5774250899e-37 
-5.4117272705e+20 
-1.1154895933e+18 
2.7589149715e-11 
5.8795242188e+04 
1.3461535221e-18 
-1.4610976318e-10 
2.5688732913e+14 
1.4828455854e+12 
5.5116613057e+29 
5.3255620878e-04 
4.3933944000e+07 
-1.4400042627e+25 
7.5748923700e-04 
2.5550707160e+32 
-1.5663940142e+37 
-9.3532008470e-18 
-9.6567621059e+12 
-2.7183997275e-08 
-1.1533009172e+27 
6.8487247183e-24 
-3.0993144239e-30 
2.0883588598e+15 
5.7127696346e-37 
-1.7745133489e-02 
-5.5803408769e-12 
2.7013219000e-14 
2.0491029136e-03 
-1.4234796981e-04 
2.6738599807e+27 
2.1750064087e+12 
-5.6692107673e-21 
1.2222818837e-15 
1.0155334400e+09 
3.9702333444e-17 
2.1219826212e-38 
1.9047375768e-02 
-3.6112833756e-35 
4.6338243200e+08 
1.1600900450e-37 
1.7510887682e+16 
-7.5354217574e+27 
-5.2230564030e-37 
-3.7552367831e+29 
-3.5851380532e+36 
-4.1781339750e+11 
-9.0564284518e-28 
4.9895296526e-30 
4.7322264314e-01 
2.9629523926e+03 
9.0650019840e+09 
-8.6533261618e+15 
-4.7799861431e-01 
-5.8343359758e-37 
-2.6500925045e-33 
4.7243838778e+30 
-1.8662266719e+34 
2.0241791992e+03 
-8.0282803200e+08 
-7.6852548414e+20 
-1.2036754921e-14 
-5.3941957349e-18 
5.5210522620e+33 
6.9482299420e-28 
-5.3435161444e-36 
-1.2855701058e+21 
-1.0111109795e-22 
5.8006637920e+22 
6.2963205307e-24 
2.8878661780e+28 
-1.9246461448e+37 
-4.6900432896e+10 
8.2664786292e-35 
-4.8464224674e-03 
1.5607963770e-28 
-9.8608661293e+27 
-2.5570957393e-19 
6.1331139572e+34 
2.7242636414e-30 
4.7032105459e-37 
-7.6383244095e-35 
2.9162243423e-36 
-3.3473722637e-02 
8.2209914880e+10 
8.6969585419e+00 
2.2571008951e-10 
-7.0685040688e+18 
3.1426188041e-11 
2.5208772847e-09 
-6.5880825956e+37 
-2.4917648691e-21 
-4.1822990417e+01 
-2.3400334705e-29 
-3.4268593750e+05 
-2.9975463867e+03 
-1.8812702691e-32 
1.0772926000e+07 
4.0697435000e+06 
-8.8268587008e+10 
            nan 
1.8050230036e-32 
1.8258720138e-14 
4.3157812203e+24 
-8.2984275240e-15 
6.2411671658e+25 
-2.4771727593e+18 
1.6576886978e+24 
-5.7286471363e+16 
6.0980189787e-09 
6.6088547968e-25 
1.5352529714e+15 
6.7208739611e+32 
5.7943339978e-34 
1.2334492286e+36 
4.2707676160e+09 
-2.8661076116e+17 
-1.8140248481e-25 
1.4605470622e-22 
-3.2845432126e+22 
-2.8773832271e+20 
1.4659529438e-33 
-8.0308734596e-07 
1.5308576274e+30 
7.2625810652e+18 
-2.7593871094e+04 
-3.6876251691e-16 
1.8233629274e-26 
5.5659791418e-23 
-6.3387551101e-22 
5.5702990134e+20 
1.3368788121e-38 
-7.9071145065e+17 
-2.8860935406e+22 
-4.9420313490e-14 
            nan 
8.1561072000e+07 
-1.8213447106e-07 
-8.9917706585e+15 
-7.3881043160e+24 
2.3547120191e+22 
5.2680720104e-29 
-8.6772995780e+37 
1.4051804773e+33 
6.8081444808e-26 
-8.2217832229e-26 
9.2641133407e+18 
-3.7501966195e+36 
-2.9445249982e+26 
-6.7567915824e+30 
1.3433866776e-36 
-6.0374056960e+11 
1.2651101735e+19 
-7.2488009930e-01 
1.4464630600e+31 
1.3195605090e-13 
-1.4045851381e-27 
2.9371341891e+14 
5.4411575245e-10 
-1.1739576777e+21 
3.0056315828e+19 
-6.6585704787e-21 
4.6585832742e+34 
-7.2346286947e-12 
-3.5979204714e+37 
-5.1206650950e+15 
2.0889288127e+17 
1.0251211200e+08 
6.6794635940e-16 
-1.7312783592e-20 
1.9417328294e-03 
2.5986792683e+38 
-4.9291404292e-10 
-4.1158497050e+18 
-4.1882581624e+14 
1.0649080555e-19 
5.4730039508e+22 
-6.8537517859e-31 
-1.3231267435e-32 
-1.0235436719e-24 
-3.1132195597e+37 
4.3398705080e+14 
-1.7722477500e+06 
1.5812344767e-09 
2.0082147700e+15 
-4.9605339824e+17 
1.3238938190e+23 
1.7975358259e+12 
4.8252887983e-36 
-2.7386621936e+25 
6.2428886776e+21 
-1.0222063338e-06 
1.4554416339e-05 
3.4085760000e+09 
-8.2887853565e-33 
2.2970978456e-38 
-1.3838148017e-21 
9.9094316226e+37 
-4.8087104473e-20 
-5.0971903819e+34 
-1.3663870426e+26 
2.1845984511e+22 
-2.0314309001e-01 
1.7826021770e-09 
-1.0436872397e-35 
-7.5405729660e-08 
-3.3278842000e+07 
-3.2762095746e+18 
1.4044597144e-23 
1.4892716250e+06 
-3.4876604547e+13 
-9.5885157592e-09 
5.7923572540e+01 
8.4838991398e-31 
-8.4544043070e-20 
-1.5259088203e-21 
1.6748295312e+05 
3.2467673600e+09 
-3.8001318892e+25 
-6.1279147794e+37 
1.4506793213e+03 
-9.4857674502e-32 
5.6433736156e-11 
4.9879250403e+35 
-4.3815098611e-17 
3.0307670000e+06 
-4.4931601921e+30 
-4.9427819940e+28 
3.9955768279e+12 
4.8107008000e+09 
2.8539937546e-33 
1.6641492203e+26 
-4.5037154960e+24 
3.5283104811e+37 
1.0821073898e-10 
2.4221754271e+36 
6.6356780000e+06 
5.7291191580e+23 
-1.5713596000e+07 
-3.6821934095e+30 
-3.4132621618e-26 
-2.9835118248e+13 
-2.1558164011e+29 
4.2890439114e+35 
4.8239293081e+32 
-7.0296255796e-12 
-7.1947732910e+12 
6.3268113136e+00 
5.8166065000e+06 
7.9116982674e+16 
-2.1554208001e+23 
1.4480500730e-33 
7.6614983715e-31 
-2.2290794849e+00 
-6.8592195380e+16 
9.1792075210e+30 
1.1944884945e+16 
1.3540295636e-17 
3.3381549500e+14 
-9.0724348922e-08 
-1.7665930914e-35 
-1.7882618962e+21 
5.5068636230e-38 
-4.8515054501e+30 
-2.8317398524e+15 
            nan 
2.2490104919e-24 
-1.8001261681e-37 
4.0902676751e-27 
-2.0410915013e+27 
-1.5125490807e-24 
1.7328304026e-24 
1.6139651313e-33 
3.7959181009e+13 
2.4552111222e+33 
-1.6160937033e-09 
7.7327453793e-14 
3.4182455254e-21 
-8.8082037118e+26 
-1.8684155941e+00 
-1.2993342304e-35 
-7.8607956120e-36 
-4.8076165271e-09 
1.6520016479e+02 
8.0171635095e-34 
1.5168228593e-21 
7.7219403418e-36 
2.2093293071e-01 
1.2241361601e-32 
-4.4019818901e-09 
-1.1035840511e+00 
-3.1620151045e-30 
8.4489987500e+05 
-2.9964526034e+30 
-7.7459716409e-23 
2.5167574869e+20 
-3.4790856086e-22 
-1.3558739894e+13 
-2.3083575201e-28 
-5.2557050375e-33 
-1.1749442308e-07 
-1.7375468867e+17 
-5.2697071967e-13 
-2.3937223229e+12 
-5.1497078442e+20 
-4.8609359687e-18 
3.5147215240e-03 
5.0087717525e+34 
-4.8667929699e-15 
-1.9565293193e-01 
-6.4339510000e+06 
-2.1809088954e+14 
-1.9707898508e-11 
1.2630370602e-25 
-1.0323229409e+12 
1.5743745025e-03 
-2.6998713849e+21 
1.6556861518e-37 
3.3858134291e+17 
-2.2060940132e-23 
1.5926175304e-27 
2.1722996559e+32 
-1.5619837889e-25 
-2.8314779680e+32 
-4.7017820202e-23 
2.8816466885e+26 
1.0208623120e+21 
-9.2079360940e+14 
-8.1415944591e+26 
1.0001158248e+25 
-2.3481484503e-02 
1.0515277500e+06 
1.9727852209e+29 
-4.7419517344e-30 
2.1657406950e+17 
1.5839437500e+06 
2.6902686720e+09 
-6.5369242188e+04 
-1.1117908498e+23 
-9.6427764674e-32 
-4.9412722393e-22 
6.7648652475e-04 
-5.5037553319e-25 
-9.1220959145e-15 
-6.8391814170e-18 
-8.8608561455e+36 
-2.3939428938e-19 
-9.5896609174e+26 
8.8077001366e-29 
-7.6820822179e-31 
7.4246218428e-03 
-4.6084826969e-32 
-1.9659869848e+27 
-5.1541009996e-34 
1.6167395656e+13 
9.1886064000e+07 
9.2049174726e-17 
-5.7025284093e+17 
1.6519571087e-33 
-1.1306482771e+22 
4.6726970341e-22 
-1.5845403680e+23 
-1.2790452121e+17 
9.5461015007e-05 
-2.1789141914e+25 
-1.0889067279e+27 
1.9206910298e-27 
-1.0758055115e+02 
8.2152939458e+34 
-1.3338642378e-31 
-3.1687117683e-25 
1.4445371628e+01 
-1.0456662762e-16 
            nan 
3.0219960377e-14 
2.8436066350e-04 
-1.8053495592e+35 
7.9751620329e+13 
5.1623815918e+02 
-7.3814543250e+19 
1.1525200307e-01 
4.7060928133e+33 
-1.2579727283e-33 
-4.4237347844e-17 
-4.6744026532e+30 
9.4198781250e+05 
-3.5882044523e+24 
3.8050396290e-29 
-2.1788559030e+38 
-1.9890095889e+14 
2.1153899217e+29 
3.5040944640e+09 
-2.6190335955e+23 
-6.2915576369e+30 
-8.2314855958e-26 
2.6822828222e-03 
-3.2899730466e+32 
-4.2427786089e+22 
1.0354838731e-12 
2.0577712357e-01 
1.2407865805e-13 
2.0516592940e-06 
-3.6467749421e+13 
-2.2816730292e+17 
2.3608658334e-28 
-4.8550566167e+13 
-1.7662796250e+06 
-8.9583075951e-23 
-2.1309850637e+18 
7.5630465353e-22 
-6.1276579532e-30 
5.6420989067e+17 
2.8948930515e+15 
-3.6297534423e-10 
-3.1908779907e+02 
-3.8298921493e-34 
-1.0131497954e-27 
-1.5386091923e-12 
2.5731755520e+17 
9.8581708933e-25 
-2.0962067516e+23 
2.8639427200e+08 
6.9285700491e-28 
3.5055194112e+10 
-5.3932406847e+16 
5.9656482697e+01 
-1.9993721799e-04 
-9.2084630110e+20 
-2.8656823804e+24 
5.3137679918e+34 
-1.4340085569e-28 
-2.7174408286e+25 
-1.2645986480e-20 
-1.2634739500e-33 
-7.5806534260e-20 
8.3336193638e+11 
-3.9210704896e+10 
-2.1778276367e+03 
8.4466379610e-15 
-9.6196806076e-10 
-7.4606566614e-07 
-1.1065066495e-27 
8.1706902440e-17 
7.5623209472e+27 
-3.0609532000e+07 
-8.2624786980e-30 
5.8285715620e+12 
2.0714398474e-02 
5.9471527215e-39 
-8.1776793670e-11 
4.2977775574e+01 
-2.6262678371e-23 
-3.5609567261e+02 
-3.1899927970e+13 
-2.2666871025e-14 
-2.2847210652e+13 
-7.7636270700e-20 
-9.1915593750e+05 
-3.3216719964e-24 
-8.5568162831e-06 
-4.3310397352e-21 
4.1930509033e-18 
-1.5548746983e+19 
1.2915108094e-08 
-3.3810849863e+24 
-6.9816859757e-38 
-2.3979768988e+30 
-9.3520283699e-03 
-3.3354992845e+11 
2.9258080758e-05 
-7.8806693873e-38 
-4.3723202580e-39 
-2.3716057789e+14 
1.2064585442e-12 
1.5497267246e-02 
-5.1888914432e+12 
9.2671191040e+09 
3.1264931291e+37 
9.2431402809e-11 
2.3099977558e+20 
1.8046974182e+02 
2.9616243839e+00 
9.5940023661e-01 
1.5251922217e-29 
-5.4511287845e-11 
-2.3752127371e+19 
-1.2218311880e-36 
1.0421352268e+15 
2.8099121805e+23 
4.4574795021e+29 
-7.5845528045e-05 
7.4900413597e+30 
-3.1371093606e+11 
-9.4494040993e+22 
-1.2882112437e-14 
3.2665962096e-18 
1.2613201250e+06 
5.9681347891e+28 
-3.6365121618e+12 
1.8063328495e+17 
7.8089904785e+00 
-1.3182253900e-10 
5.0306207117e-11 
-7.2099308968e+00 
7.1823265196e+29 
8.3667264838e+14 
-1.1669607204e-20 
-1.8877815092e-27 
-3.0202798264e+18 
2.6744117378e-34 
-5.9696207456e+23 
8.7067806721e-01 
6.0532505713e-22 
-1.4468209627e+20 
2.2914743714e+19 
5.2709885158e+26 
-6.3140895795e-16 
2.9182680408e-34 
4.5017962780e+15 
-6.9111617558e+18 
1.3889857234e+17 
5.1907098411e-12 
-4.5665289276e-21 
1.4895323019e+37 
2.3594361289e-25 
-3.4849742823e-20 
1.7049140297e-05 
2.3839524402e+38 
-4.5497264175e-21 
9.6357346370e+19 
1.1672498038e-11 
1.2768314453e+04 
-3.5678787283e+19 
4.9640502271e-25 
5.1473686472e-03 
-2.5326391296e+10 
-3.0601290965e+20 
2.8865911190e-06 
-7.1789338563e-07 
1.1848124006e+11 
7.3341017033e+25 
5.8274257812e+04 
8.4399380285e-06 
3.5137811858e-16 
-8.7257794471e+21 
-2.4945548177e-01 
-6.5171772492e-33 
-1.0350096602e-07 
1.3243234207e-05 
-7.1460363803e+15 
-6.9095942449e+31 
-1.9248062720e-16 
2.3097780228e+01 
2.1358045609e+30 
-6.1925299200e+09 
6.1230572691e+36 
5.1055287760e+23 
1.5772485925e-24 
1.4958996326e-04 
6.8732788350e-08 
1.1858126691e+28 
3.7996384801e-23 
-2.4766663161e+15 
1.6493207014e-14 
1.9767900000e+05 
-4.3071608800e+17 
1.1556855889e+20 
-1.5291118622e-01 
1.2812707430e+11 
1.0228575320e-08 
3.2286454717e-38 
5.0337566465e+16 
-2.3178563424e-07 
5.6673798806e-31 
-3.6420385007e+20 
1.1166054400e+08 
-6.7497679490e-21 
-5.2348523520e+09 
1.3184743253e+32 
4.4730490591e-18 
-1.6503419495e+02 
-2.5741395527e+23 
-1.0351975911e-26 
-7.5059411811e-12 
-2.8321180800e+08 
-8.8875836758e-26 
2.4110059298e+15 
1.1035212393e+25 
-8.4572574720e+09 
1.3494715646e+38 
3.1307414917e-33 
-7.4269318852e+20 
1.6272792177e-35 
4.3766255616e+10 
4.5711543501e+12 
1.3249116135e+32 
-1.7816200432e+38 
7.6988877103e+23 
6.9217081600e+08 
-3.2668704080e-05 
1.0599150781e+05 
7.1724115996e+22 
7.8400942383e+03 
-9.6266130885e+19 
-3.5693892286e-11 
-7.9674911499e-01 
1.6427050692e-13 
-4.8010649600e+08 
-1.2929260265e-05 
3.0058097839e-01 
-1.7759132521e-26 
-1.1571785197e-12 
-9.4189817901e-07 
-7.5080618262e-04 
9.1259330888e+12 
-1.9107825054e-29 
-7.9900114267e-34 
5.2434326172e+01 
1.3763339986e+31 
-1.2256457473e+31 
3.0367815099e-32 
3.8044311118e-20 
-4.2878836573e-32 
1.4822524586e-35 
1.5123108799e+32 
6.4244433675e+28 
1.6069672960e+09 
5.5059784065e+22 
-2.9637874278e+28 
-3.8464930224e-35 
-4.8548789697e+32 
-1.3423882488e+17 
-8.8104558007e-21 
3.0094769389e-21 
-1.7200651344e-23 
8.1885900308e+12 
-4.9620736000e+07 
-2.1583122912e+22 
1.3316062917e+14 
-1.2402467942e-11 
-3.6108506322e-16 
6.8512395078e+34 
-1.3968228790e+26 
8.9017406476e-28 
-1.2438903809e+01 
-2.5924962301e-06 
6.4349105820e-27 
-5.4513994957e+11 
-5.6018977923e-31 
-1.0028978318e-30 
-5.4940921856e+10 
-1.7661228943e+02 
1.5097874124e+16 
-6.3567612000e+07 
1.2929025835e-21 
2.4490870240e+28 
4.4970101319e-13 
-1.9046644480e+09 
-1.4992291927e+00 
-8.5488376671e-23 
1.7514274407e-33 
-3.1681736065e+16 
-1.6519886266e-31 
4.1789377479e+14 
9.1283419359e-32 
2.3917631215e-15 
2.6232298479e+25 
1.1971655164e-28 
-1.3806101422e-37 
-5.8176996296e-32 
-2.3944432763e+33 
            nan 
-6.1521557617e+03 
8.1744042394e+11 
3.8500246094e+04 
-8.4981634521e+02 
-5.2936517222e+11 
-1.2446893111e-26 
2.4180427389e-37 
-1.7796036608e+10 
-5.2444501649e-13 
-9.0027206400e+08 
-9.8935495202e-30 
6.4966628825e-18 
2.8770299476e-09 
6.9393016644e-22 
-1.1725041583e-22 
-2.0892939348e+34 
6.2735025738e-35 
3.3413730908e+32 
-2.7920435545e+24 
7.0309996702e-28 
6.9998150126e-28 
1.2319106523e+34 
7.3472139264e+10 
1.7270670464e+24 
-2.2607082768e+19 
-1.0074851065e-23 
-4.7404280501e-09 
9.3881499197e-05 
5.0902400017e+00 
4.2694057123e-17 
-2.0128367469e-02 
-1.2271278483e-33 
-1.2482486316e-15 
3.9323275100e+12 
2.7889623047e+04 
1.6136292800e+08 
5.4509542836e-19 
6.0613104189e-30 
-6.1158448539e-23 
3.2967037201e+01 
3.4562485563e+18 
-3.0246523064e-09 
-3.5511556643e-26 
3.3266540136e+19 
-1.0800765915e+18 
2.7112123047e+04 
4.4430428630e-28 
-1.9018785078e-36 
-6.1324492800e+11 
2.2190754331e-26 
1.9991902788e-31 
-9.9728315363e-38 
-2.2727297246e-01 
-1.6906487577e+30 
3.0922157076e-31 
2.4710081100e+01 
-1.9458127975e+01 
1.6073765001e-31 
-1.5907416495e-09 
2.3720694295e+29 
-3.3284289943e-18 
-7.0684952756e+13 
-2.0556988602e-04 
8.3077435000e+06 
1.0980100871e+24 
1.1530089378e+01 
-1.4848500030e-07 
-8.4273408053e-37 
-6.2083248138e+01 
1.4315433702e+29 
7.5380752484e+18 
-1.0796969333e-17 
1.9811033630e+02 
-5.1576987511e+17 
1.3186094284e+01 
-1.6913817335e+25 
-4.6100122036e+37 
-9.2578791098e+19 
-1.9663978212e+19 
1.9649532318e+01 
-1.0162341123e-36 
-1.2065270206e+32 
3.3182432975e+28 
3.4541013905e+16 
1.1979562578e-13 
3.6275793750e+05 
-7.3540761896e+37 
-8.5004862424e+19 
-5.9287650959e+12 
-1.0380305990e-11 
3.8557759416e-12 
-4.8345632553e+00 
-4.5988907535e-21 
-2.1787053222e-26 
-1.3841313873e-08 
-6.5550706922e+36 
5.2460968127e-27 
6.9599980179e-07 
6.1048049353e+22 
1.6602610059e+37 
1.4689987623e+33 
-1.6616124632e-34 
-1.0876956584e-28 
-1.9221343796e-23 
-2.1294791708e-08 
-1.1354264722e+34 
6.7070507134e-12 
-1.9162278040e-36 
3.2267916721e-23 
5.0770770298e+29 
1.0578148600e-11 
1.4618971495e+22 
-8.6749741221e-38 
2.6179542020e-35 
1.4283220261e+24 
-9.4507415771e+02 
2.0713013429e+34 
-4.5090386633e-21 
7.4509755000e+06 
2.7265378682e+33 
-1.7437247465e-30 
1.1120313595e-35 
-4.5445746094e+04 
4.3494719488e+11 
6.9640198490e-04 
6.9233796539e+22 
-2.0260603258e-16 
-3.9721950174e-08 
-2.6211524040e+22 
-3.6543430104e+22 
-2.7664845561e-20 
-5.9270344188e-09 
8.3413341781e-04 
-8.2358829677e-02 
-1.8009093629e+24 
-6.1265692750e-26 
-6.2039829425e+37 
-6.4961996192e-29 
4.6284592000e+08 
-1.3991618157e-27 
-5.2663667702e-06 
-3.7598545031e+18 
1.3206800757e+38 
1.7838095062e+32 
1.4545059881e-19 
5.6032603687e-13 
-4.6942770386e+02 
-1.8705790000e+07 
4.5979184454e-28 
2.8616476509e+26 
6.3735339684e+24 
-2.6347340562e+13 
2.0727667019e-14 
1.4126149243e-32 
-6.1004242839e+22 
4.7136520386e+02 
-5.0542179762e-20 
4.4390601600e+08 
-1.6066697693e+02 
1.9994656031e-04 
-4.7795772435e+33 
1.7804722440e+25 
-5.2401300520e-02 
2.0784995191e-30 
-7.9239121469e+12 
3.4909161669e-30 
-1.8194606747e+17 
-9.8354223590e-31 
2.1097218905e-06 
-1.3304485513e-08 
2.8837202921e+37 
1.3633412084e+26 
-4.7024214619e-16 
5.4898788423e-13 
6.4205853271e+02 
-4.7867432451e+34 
-6.1253957378e-30 
-8.1275455654e-02 
-1.1200824268e-08 
-1.0955686809e-36 
-4.4634101252e+13 
-4.3594414843e-38 
3.9043277911e+20 
1.9106305967e+24 
1.4151324901e+32 
9.1089623575e-23 
1.2825916200e+29 
1.2600976929e-09 
5.2353638786e+30 
6.4946488988e+34 
-1.9341609477e-12 
4.1449605810e+17 
-2.9732733525e-24 
-2.0449606236e-03 
4.5097509802e-17 
7.5532766931e+25 
-1.6749328235e-29 
1.6676533760e+09 
-2.4008407957e+33 
9.3369818761e+15 
-7.2854627942e+11 
-2.4684316689e-27 
3.2459754241e-18 
5.4965319885e+37 
-1.2909645660e+12 
4.1595092329e+34 
-5.4204194525e+15 
3.4702673020e-06 
2.1821739674e+00 
2.6130404147e+11 
-2.2846139413e+22 
7.8642320754e-28 
-2.5875789785e+24 
-7.4988678783e+29 
-2.6391444800e+08 
-1.0926642040e-36 
2.1721691289e-24 
-6.1749281244e-09 
-1.6335770488e-01 
-6.2707850682e-37 
8.5407689815e+35 
-1.2809583624e+17 
9.2604283790e+15 
-5.1650920341e-07 
-2.2381259569e+33 
-1.9496572000e+07 
-8.6611731120e-09 
-3.2172080917e+35 
2.3890979030e+22 
-1.1651002296e-18 
-7.3782643832e+22 
-5.4767946267e-07 
3.1418317418e+28 
-6.6261945942e+13 
5.8576018113e+23 
-6.4899367567e+13 
-3.5785521391e-07 
-2.6706661910e-23 
1.0072813988e+01 
7.7995389761e+17 
-1.4419945364e-04 
-3.5847629240e+25 
-7.1604607823e-14 
-3.6316655578e+24 
1.4787062407e+00 
-1.9312658665e-36 
-1.1453745368e-29 
1.1010355960e-09 
2.0779623047e+04 
-1.0754521189e-12 
2.0727602306e-13 
-4.4127481856e+10 
6.9507109867e+21 
-3.5779486391e+24 
2.1361688838e+13 
-2.6993568099e-05 
-1.1086931729e+37 
8.7896469267e-06 
4.1949375081e+37 
-1.6997198750e+06 
3.2248262101e-27 
7.2954298241e+35 
6.4744298717e+34 
-2.8536269150e+20 
2.5008857543e+37 
-2.6903390023e-28 
1.1213751445e-24 
1.4560023691e+15 
3.4643864819e-30 
-1.3218147930e-11 
3.4770743800e-32 
-9.4578576878e-32 
-1.4910871634e+18 
-9.8486200749e-33 
3.1136497533e+13 
-1.3885538941e-08 
3.6295124174e+28 
-1.5892709404e+19 
4.5034516607e-36 
3.4688026757e-11 
9.0223822021e+02 
-1.3234958750e+06 
3.1073105795e+22 
-1.0866288557e-16 
-7.2754403538e-30 
3.2595151640e+30 
1.5884729510e-04 
1.3339090492e+37 
-1.4985512550e+11 
4.3757528156e-10 
1.9579483792e-29 
2.4162649290e-25 
3.4329528809e+03 
1.1482624236e-28 
3.7217900157e-01 
4.7676842966e+36 
-1.9497050671e-03 
8.5634249268e+19 
4.3032615322e+13 
1.7298211074e-17 
-7.2316896230e+26 
-2.8425622400e+08 
-1.4703015320e+29 
-9.1277067760e+14 
-2.4470283174e-37 
2.1434653737e+12 
1.0491402197e-17 
-3.7061549677e-15 
-8.9185498098e-08 
-3.2311934000e+07 
-7.7220369330e+23 
-6.5165144486e-28 
-2.8830290161e-33 
-9.2094136570e-25 
3.5327151309e+11 
            nan 
-2.0967153707e+28 
-9.6443941827e-31 
8.8225599193e+13 
-1.2395753292e-03 
            nan 
            nan 
-4.9646756749e-20 
1.5166989802e-37 
7.1879277465e+14 
-5.8893302111e+23 
2.5613438000e+07 
-5.8898242139e-23 
2.0058535039e-01 
-4.3035216295e+25 
1.2456420879e-27 
-9.7035238286e-04 
1.9061600053e+14 
-1.3826791798e-30 
-2.2189234849e-25 
5.6740021927e+28 
8.8968862765e+33 
-5.7817191813e-17 
4.9085916785e+22 
5.3068246872e-24 
5.2244880378e-14 
-1.6132142836e+17 
6.6356180029e-32 
1.3909163008e+10 
9.5023478944e+33 
-7.8949874087e+16 
3.1589861876e+24 
-6.4391557617e+03 
-1.6766649351e-37 
2.5429797029e-35 
-1.5618933029e-32 
5.9898787005e+25 
6.7703945206e-06 
1.8276284416e+10 
1.6716111755e+02 
2.5286791846e-02 
-8.7363000167e-10 
2.4239652157e+00 
-7.7528316098e+33 
-1.6363086152e+13 
-2.7874216431e+21 
-1.0347249219e+05 
-2.8602472064e+20 
-3.6570195467e+36 
1.4455486769e+32 
1.0518266483e+35 
-1.8198106795e+37 
1.1809157673e+22 
5.4167664934e+26 
2.7750295270e+34 
4.3597832316e+18 
-1.2544561523e+04 
-3.0916906139e-20 
-9.6359105048e-14 
-1.3972421483e-20 
-7.0326025819e-13 
-4.0378734250e-28 
2.0205019835e+27 
5.0429750000e+06 
-1.7513637535e+16 
-7.4265651675e-39 
-1.5855406089e+37 
5.3584787076e-25 
-4.5548634980e+16 
2.9741167148e-29 
-1.6079000854e+02 
-3.3014567200e+33 
1.8775875854e+02 
-9.7617267978e-33 
-1.1271933281e-35 
2.1619366826e+28 
-9.4348129272e+01 
2.4212503876e-20 
-6.9006773453e+11 
4.9279371694e-08 
6.8672918372e-14 
4.0935905417e-04 
-1.5516795315e-07 
-2.3559469604e+02 
2.5162121094e+04 
1.2041049164e-22 
1.2195245712e-26 
-9.3715716503e-05 
2.0646496654e-33 
-2.5880616903e-01 
-3.8199360954e-19 
3.9556908346e-30 
1.5668218111e-05 
-3.7522004882e+21 
-1.8437985229e+02 
6.7386738243e+26 
9.3909178177e+18 
-2.9136508000e+07 
-1.5864044019e-12 
4.5710853641e+20 
1.6422803402e+00 
7.9581903880e+33 
1.4918431890e-18 
-1.0353558173e-04 
-9.5582740264e-35 
-7.2569055971e-21 
-9.9024359912e-21 
-3.4738075000e+06 
7.7460573561e+17 
-9.8024350405e-01 
-5.3391858915e-16 
-5.8042489342e-17 
5.6066991882e-37 
-1.9186228508e+30 
-1.3381356061e+24 
-3.2738436306e+36 
5.6331964491e+23 
7.8420463254e-28 
1.2199722540e-20 
-6.1227742711e-13 
-9.0121820492e-21 
-4.5048621083e-11 
2.8148646732e-27 
-4.6272135429e-12 
-9.0944080239e+30 
-1.7998482767e+31 
4.4988365033e-08 
7.5256580169e+16 
3.6845443726e+01 
-1.2786276245e+02 
-5.4164396023e+28 
5.0802138867e-04 
-6.2841030003e+24 
1.0872723668e+16 
-8.3600843426e+21 
1.4416907334e+34 
-1.0219036341e+00 
1.0848006021e-20 
-4.6940652965e-07 
-2.6053601125e-20 
-4.3458341092e-11 
2.3093433045e+18 
5.1769627116e+23 
3.5458111061e-37 
9.7867447111e-14 
-4.6559302480e-27 
-3.9170898657e+13 
-3.0729619200e+08 
1.7053181910e+24 
-1.0697517500e+06 
-5.4424081831e-21 
2.4778216830e-37 
1.6459817450e-12 
1.7204246541e+36 
-3.8137298584e+02 
-1.6071317640e+25 
1.2494741008e-02 
1.1916691740e+20 
-1.1187474119e+17 
2.9951410595e+35 
-2.3884718186e-34 
8.8446844928e+10 
-1.8317566100e+28 
-8.4988887071e+26 
-5.4588774811e-33 
-1.1349202494e+26 
4.2496332482e+26 
-7.7044677734e+03 
3.7464442253e+00 
2.5108352534e+20 
-9.8736966620e-25 
-1.2153110115e-11 
1.7227077317e+16 
-3.0591373850e+33 
-2.8074132758e+18 
7.4905514680e-08 
2.8584110302e+17 
1.2101563315e-36 
1.5800041734e+13 
6.5517442892e-37 
-3.5232508545e+32 
5.1560580730e-01 
1.0395278842e+33 
-6.9342123759e-32 
1.3064960445e+34 
-1.5051009866e-35 
2.8848360527e-38 
1.8653410414e-11 
-2.9771737742e-38 
-1.0219472133e+29 
-5.0339351121e+34 
1.6060484179e-17 
-1.1466160660e-10 
-1.3338818938e-08 
6.2315195000e+06 
-8.5939580105e-12 
1.0634685588e+24 
3.9003412341e+17 
-3.4712590754e+22 
-2.0088191789e+20 
1.5891310838e+13 
1.6564700069e+30 
-2.2111832014e+30 
9.5046166493e-09 
4.4625220828e+30 
-1.0619516588e-30 
9.9109275285e+33 
-5.6671848658e+16 
3.8296872441e-30 
-7.7300715446e+00 
1.0611908030e+36 
2.2332438528e+10 
-3.2131905536e+10 
-6.3741714814e-13 
4.3909375410e-26 
-1.7906558177e-31 
-7.5703480979e-04 
-2.2909277883e-38 
2.3852132800e+08 
-8.4476704515e+28 
1.1351324848e-14 
-1.0431994892e-36 
-1.0113258928e-24 
3.2200589456e-17 
5.2325396875e+05 
5.5907989008e-05 
-4.2963676101e-14 
5.5298216583e+18 
1.0883901101e+24 
-7.9351117863e-26 
4.1148260377e+20 
-2.0746134222e-01 
-1.9236434215e-17 
-6.9749479630e-12 
-5.7041529888e-22 
-5.0768016470e+24 
7.0780238176e+26 
-1.3983285248e+14 
4.5601429963e-20 
-2.0692478400e+08 
4.3270755200e+08 
2.3811037500e+06 
-1.0898228657e+34 
-1.4902575640e-03 
8.4324722930e-36 
3.4429166317e+00 
3.1980220801e-26 
3.6562994410e-06 
-1.4387696964e-28 
2.4834085076e+20 
-6.4379449674e+27 
-7.2914026444e-33 
-5.1378696928e-23 
-1.1403175905e-33 
-2.6104465480e+16 
6.8326447315e+22 
3.2579190731e+00 
-2.0897799047e-08 
2.9906010389e+19 
2.7387197126e-25 
-2.7850714978e-03 
-1.7384208384e+10 
2.1410155819e-25 
2.8780170521e-12 
5.2637479606e-27 
2.1355727386e+35 
-1.1170563606e-11 
-3.7932607491e+30 
-1.8617978254e-27 
-1.6675856136e-20 
3.8248447713e-16 
2.5191836243e-29 
1.1526201521e-10 
8.2618723860e+12 
-1.2599613312e-30 
-2.0078265152e-05 
5.2392582792e-20 
-2.3451029630e+20 
2.3655240536e+00 
-4.4894774328e-04 
1.7337713720e-35 
-2.8949396875e+05 
2.5777363075e+23 
6.2290098210e-13 
-1.9865233154e+03 
2.2238177486e-14 
1.7286497116e+01 
-1.0023458240e+27 
-1.0069486141e+25 
2.4805758000e+07 
7.6992311885e-19 
-7.2119284591e-21 
5.8384961956e-35 
-2.0697067917e+26 
-3.0592947620e-10 
-7.6584878996e+23 
1.5851012947e-08 
2.3744975864e+33 
3.0724421120e+09 
-1.6398873047e+04 
1.1147685377e+29 
-2.4729019362e-17 
2.5151776901e-29 
4.4097965841e-37 
1.9146845271e+32 
-5.5516642306e-07 
-2.7539474681e-17 
2.9108871056e+19 
-4.1509135560e+15 
-2.0070127782e-09 
5.0464558535e-29 
1.4217307379e+23 
-5.4017000969e-39 
5.0594667113e+27 
-3.6008784350e+14 
2.0427932723e+36 
1.0101912000e+08 
-7.0959807034e-35 
3.3688809501e+17 
1.6532065223e+13 
9.6371226971e-12 
1.1960595829e-36 
-4.0365721441e+28 
8.2776460800e+08 
-4.4693192018e-14 
-1.0109093568e+21 
1.4470152005e-25 
5.0319063760e+34 
-1.2236793213e+03 
-3.2446205935e+30 
-1.4049762517e+16 
6.5859687394e-20 
8.0589595490e+35 
-2.9904723968e+10 
3.7617506601e-18 
4.3946536607e-05 
-6.8825612345e-22 
-2.0307695312e+05 
-4.8771267200e+08 
-5.3848425581e+26 
4.4923902367e-37 
-1.3085042853e+36 
-9.5579778580e+12 
6.9107636820e-37 
-2.8404415131e+01 
-1.7648944000e+08 
2.1388380793e-25 
2.7869680805e-22 
1.0891952618e-10 
-3.2059266475e-18 
-1.9327263184e+03 
-8.6251940918e+02 
-1.9377723869e+30 
-1.9019075442e-21 
5.1099784126e-11 
-6.2352199595e-17 
1.0512444621e+11 
-1.7938593280e+09 
-9.1242800151e-32 
4.4319337606e-01 
3.5017561583e-28 
3.2859994023e-13 
2.7515811840e+10 
-1.5181285487e-16 
-3.5428121312e+23 
-6.0862327811e+32 
-6.6259807312e+31 
-5.4753595000e+06 
-1.6143414731e-33 
-4.2395470358e-32 
1.8749793172e-29 
3.0337458494e+30 
-9.2498914344e-13 
-1.0026540093e-16 
-1.0603005330e-32 
-6.7577915000e+06 
-2.0434664190e-01 
2.6914123047e+04 
1.9251883002e-19 
-1.5904328782e+38 
1.9466988661e+16 
-4.5062169048e+19 
1.0835497103e-36 
-2.4786130976e-27 
5.5690189195e-21 
2.4702577439e-30 
1.7040824033e+24 
-7.5531711445e-06 
3.9404457209e-14 
2.3326173233e-24 
1.0883073474e+22 
3.4622859343e+31 
-2.2573250767e-31 
9.6343333311e-09 
2.0122238000e+07 
-2.5149260319e-14 
-6.7607476410e+29 
2.6159610612e-26 
2.0466483653e-32 
-2.7217313451e+14 
-5.2944066970e+11 
-1.5820126620e-28 
-5.6512346885e-11 
-1.2067720902e+24 
1.1943496173e+33 
6.0067847707e-22 
-5.1575896670e+14 
8.0008708187e+22 
2.9570732951e-32 
-3.4798440072e+17 
1.4145927485e-10 
-3.8561166707e+35 
3.5889675928e-05 
-2.3602611994e+28 
3.5417343305e+36 
-1.1541723344e+23 
3.6853698548e-03 
-5.6421790663e-22 
-3.8766168549e+28 
-1.4671999276e-18 
-4.6279100684e+17 
-1.2249847732e+23 
-1.3607551555e-36 
1.0391049784e+25 
-3.5645577622e-35 
-2.5346498438e+05 
-7.5543055306e-29 
-4.9668708035e-10 
3.3344773110e-03 
-1.3402264404e+03 
1.0081505762e+34 
1.8361302500e-04 
1.7220123047e+04 
-9.0852838184e-05 
-2.4973845312e-23 
4.6554190098e-28 
-1.3214661814e-31 
-3.0156875366e+12 
-1.6853611755e+02 
1.7688304317e+32 
1.6025027442e-12 
1.0602734075e+38 
4.1125727244e-29 
-1.1353921145e-01 
1.9757363333e+34 
4.6104879761e+02 
8.7413063680e+11 
-3.9596583717e+35 
3.5294083992e+34 
3.9576833085e-34 
-1.2966111036e-25 
3.0950173698e-38 
2.2829636453e-15 
6.1353171616e+14 
1.9229738498e+21 
-1.8732264335e+37 
1.0012866594e-13 
3.6066976614e+27 
7.9113699363e-34 
-1.5443472219e+21 
7.1630579238e-35 
3.2453503773e-10 
-3.1416996875e+05 
1.2812028348e-11 
-1.3018157525e-22 
-2.4558206000e+07 
-6.0053526308e+19 
6.4427807617e+03 
8.7609678628e-36 
-1.1196058989e+00 
2.6618710763e-05 
2.0231512226e-18 
9.5875838140e+26 
-6.1091879059e+13 
-7.5277690445e+28 
-5.2306187008e-17 
-7.6652608455e+34 
-5.6153600000e+10 
5.2219514756e+19 
3.2020803541e-02 
-5.2541337183e-27 
5.8073449213e-20 
-1.4590709327e+25 
-5.3054426712e+20 
-1.1474638750e+06 
2.0646603640e+35 
7.9952097189e-14 
-8.7639679275e-33 
-1.3287217463e-12 
-1.1527263110e-23 
-1.6245370748e-28 
-8.4513225164e-18 
1.3728115637e+17 
8.0477988718e-08 
-2.9109725844e+26 
-7.5640539140e+29 
8.7971058811e-20 
6.9265497377e+22 
1.0855150647e+19 
-5.9674952068e+15 
-3.0205593582e-09 
5.9168479632e-21 
3.1315032345e-08 
-2.6939035000e+06 
6.0087150574e+01 
-3.6958547246e+29 
-1.3558366394e+20 
-7.4674711442e+23 
2.9259243245e+14 
-5.4391152476e+18 
3.1626625863e+14 
-7.3071046826e-13 
8.3918211134e+37 
3.5550615701e-34 
-1.1518965475e-03 
1.0644832611e+01 
-5.4437138131e-10 
1.9253178607e-07 
-4.5284072157e-25 
-2.0661870592e+11 
3.0635942400e+09 
2.8460164685e-05 
-1.9460433110e-30 
6.2800706187e-16 
8.3360006636e+16 
-1.0351666991e-25 
1.2278844351e-34 
6.7298976141e-25 
1.5382369785e-16 
-1.8151167434e-36 
-1.7475460318e-32 
1.0468898341e-02 
2.4975850244e+23 
-3.2775084075e-24 
1.4820612293e-08 
-6.0951097112e-05 
-8.1893417519e-04 
-4.5537016000e+07 
2.0967336817e-32 
4.3177910000e+06 
-3.3764088000e+07 
1.0858842030e+12 
8.5912206266e-20 
-1.1249486313e+25 
3.6791557541e-23 
-3.8892306174e-32 
8.0599906033e+17 
-8.7890708045e-09 
3.7521117500e+06 
-7.2423611670e-32 
1.2551708221e+02 
-3.5213550543e+27 
-4.8197336828e-14 
4.6845467391e-35 
3.7119745055e-09 
-5.7330435700e-14 
-7.2140215263e-31 
1.0754290546e+36 
-4.9802677282e-25 
-8.4688117423e-35 
1.8632062000e+07 
-5.8860062652e-25 
-1.8015450388e-38 
-3.2829216309e+03 
2.7121096969e+19 
8.1943978268e-30 
-2.5007098438e+05 
-1.1448314888e-33 
-8.0478345580e-30 
1.4178435232e-32 
3.7110935552e+10 
-9.7533295952e-31 
-1.0167962655e+27 
-7.1042544070e-10 
1.1407256529e+18 
-5.4060001816e-25 
-8.9834793750e+05 
2.1436698438e+05 
-5.1698786049e+19 
2.0739353943e+02 
-5.1661869809e+17 
6.7921981295e+28 
-2.6444523926e+30 
8.0897992592e-17 
-5.7868235152e+14 
-1.8427568128e+11 
7.8734308754e-25 
-7.8265377382e+23 
9.3652158511e-13 
-8.5565931165e-23 
5.1505243519e+16 
-1.0855742184e+18 
5.9190327205e-30 
1.0785796848e+22 
-2.8900145005e+25 
1.6825859375e+03 
-5.2035972476e-04 
1.1527310790e+31 
9.4437493341e-30 
-4.3556290131e-35 
4.9249475308e-39 
2.6842348155e-27 
-3.7072343750e+03 
-3.4745549783e-05 
1.4901884562e+29 
3.8915379200e+20 
8.7734760605e-32 
-1.0192408459e-35 
7.6276926457e+21 
-7.5898667323e+23 
-1.9730300000e+05 
-2.9859843750e+03 
-6.0836487075e-19 
-1.4803158068e-18 
4.7491507148e-38 
-5.7205138709e-34 
-7.0316790771e+02 
-1.9033174227e-38 
