2.3509887016e-38 
0.0000000000e+00 
0.0000000000e+00 
0.0000000000e+00 
0.0000000000e+00 
0.0000000000e+00 
0.0000000000e+00 
3.5873240687e-43 
0.0000000000e+00 
0.0000000000e+00 
0.0000000000e+00 
0.0000000000e+00 
0.0000000000e+00 
0.0000000000e+00 
0.0000000000e+00 
0.0000000000e+00 
0.0000000000e+00 
0.0000000000e+00 
0.0000000000e+00 
0.0000000000e+00 
0.0000000000e+00 
0.0000000000e+00 
0.0000000000e+00 
0.0000000000e+00 
0.0000000000e+00 
0.0000000000e+00 
0.0000000000e+00 
0.0000000000e+00 
-4.4236203410e-34 
7.1746481373e-42 
0.0000000000e+00 
0.0000000000e+00 
0.0000000000e+00 
0.0000000000e+00 
0.0000000000e+00 
0.0000000000e+00 
0.0000000000e+00 
0.0000000000e+00 
0.0000000000e+00 
0.0000000000e+00 
0.0000000000e+00 
0.0000000000e+00 
0.0000000000e+00 
0.0000000000e+00 
0.0000000000e+00 
0.0000000000e+00 
0.0000000000e+00 
0.0000000000e+00 
0.0000000000e+00 
0.0000000000e+00 
0.0000000000e+00 
0.0000000000e+00 
0.0000000000e+00 
0.0000000000e+00 
0.0000000000e+00 
0.0000000000e+00 
0.0000000000e+00 
0.0000000000e+00 
0.0000000000e+00 
0.0000000000e+00 
-5.3578134626e-02 
-4.7392330170e+01 
            nan 
-3.7248948835e-16 
-1.2468134792e+30 
-1.3183602393e+13 
-4.5177145386e+02 
-9.3935886472e+23 
1.7979453065e+31 
-7.1101634364e-16 
-4.0275739593e-05 
-1.7729679530e-04 
2.1162897369e-20 
3.6728803910e+36 
2.9526145666e+16 
-9.7484150000e+06 
1.0779700636e+30 
-4.3368540471e+34 
1.2630375062e-20 
4.3310680553e-07 
8.0295668787e-16 
2.6104797500e+06 
4.1199690191e-23 
-7.3931731763e+11 
1.5149025016e-27 
3.3102266588e-12 
-1.3447182923e-36 
1.7740371534e+34 
2.1479338043e+31 
7.0023998618e-02 
-5.1719254542e-20 
-2.5047782602e-33 
5.9671837197e-32 
-8.9042785285e+24 
2.4033724209e+27 
4.3506345748e-10 
-9.1195057005e-26 
1.8319388619e-04 
1.7580634033e-36 
-1.9840677712e-11 
2.0988541719e-18 
-5.9630533542e-06 
1.0871699384e-24 
3.0872842407e+02 
1.4944551509e-30 
2.9285573120e+09 
3.9869244394e+31 
-2.9638180703e+21 
7.6777656146e-30 
-5.1933660160e+09 
6.4136297002e+14 
1.2452947986e-36 
1.2662248206e+17 
2.2291279337e-13 
3.1834618275e-10 
2.0234189543e+15 
-1.7147478641e-13 
-4.8807937627e-17 
-2.1006121094e+04 
6.0212338376e+15 
-2.5291108614e-05 
4.6466425984e+26 
-1.1829209317e+20 
-6.1888092181e+30 
2.1763154133e-31 
-3.7327790385e-29 
1.4229782104e+02 
1.4602198401e+21 
-3.2084498405e+00 
-4.4239205016e+23 
5.7756686100e+19 
-7.6757488000e+07 
-5.5068560720e+14 
-1.0957063455e+13 
-1.5865744483e+16 
-1.9849483927e-13 
5.9219045639e+00 
2.5110343813e-06 
5.8193884909e+18 
-3.2444028000e+07 
6.9590156311e-28 
-1.7081368985e-17 
-5.0799935488e+11 
-4.2943891934e+16 
3.7044774754e+15 
-3.1520871158e-18 
5.5453288852e-29 
-1.4496747683e+36 
1.4106521316e-38 
1.2282902906e-35 
-2.8548877469e+20 
-2.5449265248e-27 
-2.7465755000e+06 
2.1311243845e+24 
4.2504168336e+32 
-2.4732908955e-30 
-4.1616609501e-19 
-2.3624758683e-07 
-1.2050096452e-22 
5.3221062640e-23 
1.6660845420e+38 
1.4965811206e+19 
-1.4738470400e+09 
-3.4635630992e+22 
-2.1390819677e-33 
-8.2309329510e-01 
-8.2626227985e-25 
3.5082719159e-24 
-1.4899340938e-32 
2.9362008883e+11 
7.0185893888e+10 
-6.7758519897e-28 
1.5936837552e-16 
3.4162509175e+16 
-7.3262748233e-29 
2.1974703979e+02 
1.3452240825e-01 
2.4217029737e+37 
2.0554122458e-30 
-1.4386686539e+27 
-1.0862104688e+25 
1.1599852944e-26 
1.3209785313e+38 
-1.6063839835e+29 
-2.9360331943e-09 
-5.2349827760e-14 
-7.6881332397e+01 
5.0863332748e+00 
1.4019978698e-03 
1.0080184561e+26 
6.2965756141e+27 
-1.2029424337e+27 
8.8305065918e+02 
2.4762026367e+03 
-7.1799612045e+00 
-5.8053517036e+36 
-5.7955528586e+25 
-2.0476008798e+30 
3.1334243799e-21 
-8.4029826507e-38 
2.7180233543e+20 
-1.2735124926e+29 
3.0679526367e+03 
-3.4695861166e-30 
2.4168069651e-23 
3.0607846775e-35 
-5.3372632702e-11 
4.2122385580e-09 
5.6481755037e-12 
1.7009656429e+00 
-9.3201896685e-38 
-4.7630777544e-07 
-3.2799494186e-14 
6.8307040013e+32 
-1.1068806330e+31 
3.9048767650e-25 
            nan 
-8.4868029399e-17 
3.3283316725e-07 
-8.2473539489e-28 
2.0755009582e-13 
1.1229795456e+01 
2.9517759274e-29 
-3.8105804717e-16 
1.8167403313e-32 
4.9523932863e-35 
-2.9112013065e+32 
5.2500335284e-37 
1.9391770832e+29 
-2.7584708823e-11 
-3.0753916000e+07 
1.3938314419e-21 
1.9670346236e+15 
2.5536569387e-11 
1.6530041338e-36 
5.8768910602e-22 
-9.4101273506e-16 
2.3675663659e-20 
4.5253771702e-35 
1.0548657612e+25 
-3.7172137930e-28 
-2.6380458706e-08 
3.3436131596e-32 
-1.0314575245e-24 
1.6751327232e+10 
2.6669683129e-10 
-5.2475222282e+25 
1.9557440813e+20 
1.5035153123e-09 
-1.6628552849e-24 
-1.1899512937e+34 
1.1347627549e-07 
1.1582955428e-10 
-5.3230587773e-31 
2.8170701116e-02 
8.4171493396e-33 
-2.9262642982e+23 
-2.9965673292e+16 
1.1159236038e+14 
3.5896069813e+24 
-1.1406713889e-36 
1.3363825565e-04 
-7.8809950930e-22 
6.5890699920e+26 
5.1160022572e+22 
9.3851494059e+24 
-5.1859064115e-05 
1.8232644739e-26 
4.2480742363e+35 
-2.5954383360e+09 
-3.3561347886e-17 
-1.5490782738e+01 
2.0800283718e-09 
-8.3757314867e+11 
1.6306640000e+06 
-3.2336406250e+03 
-1.7870487552e+10 
-2.8955610947e+30 
-1.2450078025e+18 
-2.3987700000e+05 
-4.0308423266e-11 
2.7795826621e-15 
5.0578618125e-28 
-3.0482543347e-32 
1.8302097988e+27 
5.1117378865e-23 
1.1655712891e+02 
4.0479334400e+08 
1.2929758383e-18 
-1.2430872712e+27 
7.6248153638e+35 
-1.9439051357e-20 
-6.1255825301e-08 
-2.8582693283e-35 
2.1175663158e+24 
2.0777661121e-06 
1.5892349794e-17 
8.1051462638e+21 
3.3820075727e+14 
3.4973388672e+01 
-6.4954826752e+10 
7.4763507812e+04 
-1.7501539768e-13 
-3.6849165484e-33 
-4.1523099531e-38 
5.1676469482e+21 
1.5897567232e+11 
-7.0827102764e+29 
3.7631177766e+21 
5.9996452251e-10 
-1.2084437500e+04 
-2.7854102488e-15 
2.6740959499e-29 
-2.3102993390e-28 
-2.1955813281e-05 
-3.1105757500e+06 
3.6905734480e+25 
4.8530936954e-21 
-1.3036755606e+25 
-6.4978327751e+00 
8.4795481126e+36 
7.0572126737e+21 
6.4235123900e-33 
-1.6965204705e+12 
-3.0508568041e+31 
-3.2976666624e+11 
7.1785644531e+01 
8.5065791202e+21 
-2.9853940010e-02 
-1.7112557483e+26 
9.6580946577e-19 
-1.6425040000e+06 
-1.2651883890e+25 
1.1351619017e+24 
            nan 
-4.3211737648e-05 
7.7610595910e+13 
-3.7466526164e+21 
-2.7042253280e-37 
2.2334070457e+18 
7.5786761068e-34 
-4.0195321856e+10 
-3.2740842788e+16 
-6.2490116246e-18 
-2.9595672352e+21 
4.8844389998e+24 
-1.2110344230e+23 
-2.4966218723e-31 
-7.6232929132e-05 
1.1255652800e+08 
4.4735030000e+06 
-8.2495151560e+30 
-1.2449996250e+06 
4.6490681471e+22 
1.9552318917e+37 
1.7332993584e+30 
-3.4502232500e+06 
3.0374620201e-34 
-3.0037280172e-02 
1.2173847279e+20 
1.6993505772e+13 
1.3002224673e-15 
-4.9483974595e-32 
7.3547363974e-35 
-1.7399564206e+12 
5.8815509063e-19 
7.4712572749e-35 
5.3754752558e-36 
3.2257925220e-09 
4.6430124945e+21 
-5.9277987500e+05 
-2.2240349650e-01 
-1.2528685547e+04 
-5.9183286686e+26 
3.5451591897e+18 
6.2671742188e+04 
-4.1970352223e-26 
-6.6341339922e+14 
1.3578287847e-38 
1.0125582515e+28 
1.6882988811e-01 
1.1429386558e-14 
4.3751742188e+04 
1.0340502007e+34 
5.7571528052e+33 
-7.5255329688e+35 
3.7621084074e+21 
8.1709601669e-22 
3.0844229393e-09 
9.3560065579e-06 
-9.3383239289e-28 
-6.0405421732e+29 
-9.5172927111e+21 
-3.7161926878e-34 
-2.7353634765e-13 
3.9346325309e-08 
-4.4872469115e-32 
1.6025712445e-23 
3.7798366867e-12 
5.1512390002e-14 
4.7430856856e-19 
-4.9123836712e-15 
2.7485604413e+12 
-1.3368598421e+15 
-8.2644401951e-38 
1.9501360000e+08 
-4.5749111659e-29 
-2.1246456146e+01 
1.5027446207e-03 
-3.8657612999e+31 
8.6916370268e+12 
4.5440950945e+22 
-1.2312722384e-16 
-3.1541837860e-20 
8.4774740946e+15 
2.1880877314e+30 
5.5821754542e+18 
7.1161597408e-31 
6.4337566297e+29 
-5.5351990000e+06 
-1.8206586105e+20 
-8.6811472822e+13 
-1.4824358487e-27 
-1.3012236288e+10 
1.1936551409e+36 
-1.2702950359e+12 
5.2850958096e-38 
6.6553953646e-14 
-1.5626860544e+10 
1.2553159714e+01 
-2.0139117500e+06 
-1.0628333250e+26 
-4.6205802917e+01 
2.0011518850e-32 
1.4324743375e+31 
-2.0002360543e-05 
-1.8342206478e+00 
1.1521754786e-02 
-9.7531392426e+14 
8.8357346952e+28 
-1.0458263144e-09 
-4.1546582308e-24 
-1.3839865790e-20 
-5.5866193616e-11 
-3.5955263009e-32 
-8.8304858655e-03 
7.7536799701e+36 
7.3093773233e+22 
2.2550875000e+06 
1.9609202364e-14 
-5.5019925890e+31 
-7.1793491697e+21 
-9.1688137948e+35 
-8.1965237007e-14 
-1.3492469873e-16 
-1.2363356934e+03 
-1.4897449494e-33 
-1.0415923528e+12 
-6.7436938377e-17 
3.4584640337e+23 
4.6485253147e-11 
-3.1471400261e+00 
2.7155301425e+27 
-7.0062103086e+23 
5.4965268944e+26 
-5.1863340800e+08 
-5.9479912315e-12 
-5.8088642135e+26 
-7.9452753719e-35 
            nan 
4.2756454786e-04 
7.8663884295e-09 
-9.7240157483e-23 
2.9176487585e-23 
-4.4261472067e-04 
            nan 
-8.1942110842e+33 
2.9607136298e-07 
-1.8598305003e-24 
-1.2126147656e+05 
-1.3618954288e-31 
-2.1540692495e+27 
-6.1523380055e+32 
-9.4770413637e-01 
-6.2705574743e+19 
3.0288700850e-18 
1.1487747656e+05 
-1.1817025552e-05 
1.2869431209e-38 
-8.6161526319e-14 
6.7274937467e+12 
7.8925457001e+00 
-3.7389430784e-26 
-4.5561045374e+24 
8.5826469585e-03 
-2.5422928021e-36 
-3.7694151979e-04 
-6.0670186031e-07 
2.3074938000e+07 
-1.2354812476e-37 
5.5851728031e-26 
1.8774442066e-29 
-3.7886299755e-25 
4.2663172214e+27 
-3.9382953692e+36 
-3.3130482490e+32 
1.3409698700e+22 
-1.4815686475e+22 
-1.8000408598e+18 
-9.9675551980e+25 
2.2189012770e-35 
-5.5451936212e+16 
3.2937115000e+06 
-4.1049158078e+37 
6.5638115630e-03 
-1.7597392612e+31 
1.9229368289e+35 
-4.9250561621e-23 
-1.8044154331e-06 
-8.7434823826e-09 
-2.8852489001e-24 
-8.7486367260e+17 
4.8164598644e-02 
1.1773671834e+11 
6.4412674305e-08 
-1.6166477500e+06 
-1.9504010076e-21 
-6.8957733674e-06 
2.1727768217e-17 
-2.1897386389e-24 
4.4994642958e-03 
-6.7230752768e+10 
-1.2070100387e-23 
-1.2908630602e-33 
2.1547926400e+08 
-1.2300737933e-34 
-6.6753196535e+30 
8.4013911900e+12 
2.0652047729e+02 
5.1991810554e-20 
2.3400060000e+07 
9.4190691016e-05 
-1.8010621883e-09 
3.3580057323e-02 
-6.3458896057e+34 
-2.7871993588e+26 
-4.0277265613e+11 
-3.7781401137e-37 
-1.2501835692e-29 
3.3716657210e+16 
-9.0261689090e+19 
1.4210403811e+22 
1.2058634295e+25 
-3.0924621094e+04 
2.3763554002e+24 
5.0879891200e+08 
-3.7262193859e-02 
-3.2724438959e-39 
-9.7602447411e+20 
-7.5097732240e-19 
8.0523714020e-31 
-5.4326545161e-14 
1.5116749331e-02 
-1.7665385599e-07 
-2.4398329450e+15 
-3.3257361138e+17 
1.2415066122e+31 
3.1221826340e-12 
-6.8079306081e-11 
8.5485899895e+34 
-3.1332002684e+38 
-8.4824810028e+00 
-1.6910980609e-20 
-8.1336268227e+12 
1.2762828767e+13 
3.2937864069e+12 
-1.2846310547e+04 
6.0701478400e+08 
3.4773688669e+28 
3.7188674323e-03 
-7.6369292913e-24 
1.3013401324e-23 
-1.4382871834e-36 
-5.3239575674e+19 
-2.3146437554e-28 
3.1021534770e+37 
5.9194902774e+23 
-1.6695425042e-33 
-3.7367110457e-23 
-1.2981303872e-37 
-2.7062830878e-18 
2.4080745508e-18 
-4.4599764049e-02 
1.1884660329e-22 
-4.4612487073e-19 
2.1563871555e-20 
1.6131924485e-38 
-6.7490184144e-37 
3.2484550278e+15 
-1.0321171828e-07 
1.6189578669e+33 
3.3137300285e+21 
-5.3515521090e-36 
-3.6740151367e+03 
2.9448008431e-14 
-7.3610916433e-34 
1.4250805507e+14 
-1.0311845623e+21 
3.7200788518e-19 
-1.8426802209e+14 
2.0980718154e+19 
-1.4884802280e-09 
-1.3939727816e-19 
-3.7939713111e-38 
5.7856533396e+27 
1.2111688114e-15 
1.5858148721e-15 
1.6028045051e-18 
2.7489516721e+24 
-1.0315195619e+25 
9.6748452634e-03 
2.7727873007e+36 
-3.4806582505e-08 
1.0856226095e+14 
-5.2886598496e-06 
2.2532969087e+20 
-1.1280304750e-31 
7.0992368000e+07 
6.3490733885e-19 
-2.1895848366e+22 
-8.1981992248e-36 
1.2974478455e-17 
2.1138537856e+15 
2.5116955000e+06 
-7.3905306149e+16 
-1.5238444578e+33 
-4.7248626709e+02 
-5.9378785227e-27 
-8.3878090006e-33 
-1.5057465434e-01 
-4.5112561419e-14 
-1.4757029691e-13 
-5.8519004113e-37 
-3.2443008512e-14 
7.5673520105e+20 
1.1523448438e+05 
4.2663481281e-07 
-3.4132999719e+20 
1.1200700684e+03 
-1.2433248502e-14 
-6.8894934202e-07 
3.0491174240e+35 
1.0794457980e-02 
-7.2099767402e-16 
-2.7576157414e+36 
-4.8380824526e-25 
-1.1465962083e+26 
-1.2283855630e-27 
2.7156382532e-33 
9.0752381250e+05 
2.9268319850e-05 
-3.4299133187e+31 
1.1857977100e-10 
9.8140841000e-23 
-1.1349687874e+25 
1.5480617514e+23 
-8.6206501869e-33 
-2.1392893750e+05 
6.8031918080e+09 
-1.6766323242e+03 
2.7667106628e+01 
-6.8992454623e+13 
7.9144680389e-22 
2.7039951018e+17 
-1.9001718000e+07 
1.7527088640e-18 
1.6839330783e-04 
-3.4259225396e+15 
-2.3620104612e+19 
5.7450861085e+34 
-3.4022243785e+24 
-2.3571895312e+05 
8.3439277988e+17 
3.5012465007e+24 
-7.7256068521e+18 
7.9539028229e-04 
4.5292191061e-16 
2.7319850370e-18 
3.3984559979e+28 
9.3432067097e+18 
1.2204848526e+33 
7.4814057948e+28 
-1.3766617712e-06 
-2.3791613237e-22 
-1.0222272444e-33 
-1.6478175956e-28 
-7.6722566400e+08 
1.0108484591e-33 
-6.8174922360e-25 
-1.4253942959e-37 
1.1392259174e+21 
7.6174677734e+03 
-1.4997143484e+23 
4.9610382121e-05 
-2.7581550057e-06 
-1.1465254403e+33 
5.9345584003e-10 
-9.0007736914e-15 
4.4526005597e+26 
4.3081929907e-03 
4.4086083525e-13 
-3.9984946276e-30 
4.5441986084e+02 
4.9488528601e-17 
-1.0290678750e+06 
-6.9549750000e+06 
9.6318706870e-02 
3.4122303013e+13 
-3.4689433400e-13 
-5.3316336639e+32 
1.5706724167e+01 
-2.2155695478e-04 
-1.4813631088e+29 
9.0283792815e-05 
-4.3083512000e+07 
2.7703164000e+07 
8.0841440048e-24 
-6.4841358938e-35 
2.6292201132e-02 
-2.8620296237e-12 
4.4337965043e-23 
3.7474227192e+14 
-2.2882074607e+25 
1.3275517321e-24 
-3.4776006598e+17 
-9.4190944256e+10 
-1.6196263703e-37 
-2.5080366642e+26 
-3.3650898814e+28 
2.8202168637e-22 
-4.5470456427e+31 
7.6052289240e+33 
-6.1996399610e-30 
-1.0279606934e+03 
-1.0651132262e-15 
-8.3215328878e-22 
-5.2291849421e+11 
1.1133344173e+00 
-2.7456144996e-11 
2.1983367275e-13 
7.6408255676e+27 
-6.6034633317e-10 
4.8376511771e+33 
9.3837556392e-08 
1.8477704525e+00 
2.0466492398e+20 
-1.4677013226e-31 
-1.0953608570e+21 
4.9768896506e-17 
-2.4272777955e-04 
1.9017458724e-19 
-2.8165429075e+29 
1.4581508507e+37 
-3.3355844944e-20 
5.1141096566e+26 
4.2528136768e-30 
1.9972130656e-01 
1.7766249175e+29 
1.8419112166e-05 
5.6438747898e+16 
-4.9198779523e+35 
3.2883728854e-03 
1.8630031879e-26 
-1.3583065383e+19 
-1.9854315799e-18 
4.3430358051e-13 
1.5039678000e+07 
-1.7535381746e+14 
2.1325427535e-10 
-3.1062956899e-02 
4.7115243131e+19 
1.6763809091e-11 
4.8315830000e+06 
1.1714712000e+08 
-1.6486744677e+15 
3.7065571335e-25 
4.5309025629e-12 
-6.8825210972e-23 
-3.9544810490e+36 
-7.7767661330e-36 
1.7063369535e-17 
-6.6819211050e-37 
4.2190233407e+17 
-4.6809005565e-23 
8.9548994448e+19 
2.0343679022e+29 
1.9591496875e+05 
9.6439796960e+16 
6.0996671989e+18 
-5.8607340175e-36 
9.5529633106e-17 
-2.2166217677e-03 
6.2031204826e-12 
-1.2312059021e+02 
            nan 
3.9480123557e+20 
5.7659768252e-37 
-1.9133467853e+11 
-3.9841613165e+14 
1.7598506063e-02 
9.4134228152e+21 
-4.9056993278e+29 
-7.1744408781e+14 
-2.2023711493e-26 
9.2759442027e-15 
-1.1329638865e+14 
2.9173256411e-23 
-2.5739296688e-31 
9.0155703660e+36 
4.5957112093e-29 
-4.0931416243e-12 
4.4568189366e+22 
-7.9079639499e+37 
-1.7557189698e+22 
1.8407381522e-11 
4.5563488129e-06 
7.5825574606e-32 
-1.0745611318e-36 
8.4547682689e+24 
1.2685168208e-33 
-8.2816945000e+06 
1.4791806738e+26 
1.6277594864e-01 
4.3175738281e+04 
-2.9108838365e-27 
5.1615374132e-23 
2.9192748400e+19 
-1.0815261582e-13 
1.0509422439e-35 
-9.2534438173e+17 
-5.4111968240e-08 
-6.5915868889e+37 
-1.3409572341e-09 
9.4163601440e+24 
-3.2368125974e+25 
-3.5689171357e+29 
1.5341307936e-27 
-2.5394868813e+38 
2.2097593992e+37 
3.7808529640e-09 
4.6016036797e-19 
4.7943132076e-15 
1.5031498744e+23 
-1.8111101951e-08 
2.3914462872e-06 
4.6878951612e-19 
6.5389162464e+26 
-3.1322233757e-30 
4.6837168568e-16 
-9.0987708439e-18 
-5.5722358939e+30 
-2.1566567909e-07 
4.5783790946e-01 
1.6425571592e-16 
-8.9607582465e-10 
-1.0280920572e+34 
5.3364626425e+29 
5.8710536192e+10 
-9.3164876855e-12 
6.6234407142e+34 
-2.5907585144e+01 
-3.0780963479e+20 
-4.7153577559e+21 
-2.4235800105e-29 
-1.6089985276e-27 
8.3109186294e-34 
6.5847091944e+17 
3.0061434000e+07 
9.1132301861e+15 
5.3279665000e+06 
-1.1418967439e-20 
-1.6360846207e-39 
-8.3576153564e+02 
3.7847192047e-09 
6.6589713497e+31 
-5.1136217191e-38 
-2.1904274821e-01 
-6.0752310000e+06 
2.7297420336e+29 
-3.3549486077e+14 
-4.5662811026e-03 
-4.2818952189e-30 
-4.3171511133e-23 
3.9166986084e+02 
-1.5112041660e+13 
-3.6672295599e-35 
-4.7064892519e+14 
-1.0960844000e+08 
1.0913957502e+16 
-1.8658739484e-11 
-8.0272246199e+15 
7.4218785876e-29 
-2.2465315029e+28 
-1.7755756562e-04 
1.9280389640e-24 
-7.5359797478e+00 
1.4714562381e+37 
8.4994785488e-02 
-1.3373837149e-30 
-1.5934585295e-31 
-3.8485892146e+18 
8.9562358856e+00 
-1.3372784059e+18 
-3.4180584081e-19 
2.1254000854e+02 
-1.3700047883e+31 
-8.9284529570e-25 
-4.6954468269e-31 
6.8326679313e+34 
1.6204200868e+32 
-7.6747934397e-11 
3.4938052359e+14 
-4.6646567937e+33 
-1.6534224270e+33 
-5.9216569602e-24 
-1.0412269751e-24 
2.4414036175e-37 
-1.9927597350e-08 
3.8472942187e+35 
-1.5649721102e-13 
-3.3377900939e-21 
2.5803888636e+17 
6.8844711614e-24 
-3.3488873896e-09 
3.7713813782e-01 
3.9397992190e-20 
1.1755015255e-37 
-2.2106898438e+05 
9.0136959008e-10 
5.5782739235e-19 
5.7076801637e-16 
4.3240182277e-16 
2.7395198000e+07 
3.0183897716e+35 
4.2983807221e-20 
-1.9091712240e-21 
5.2311050169e-16 
-2.2057133445e+27 
-3.8215840293e-28 
-9.2374814847e-30 
-6.0366939545e+01 
1.2226317596e+02 
-5.9527477140e-37 
-1.1598273069e-13 
3.9926058987e-11 
-8.5997706088e+32 
-1.6505317082e+17 
7.9915994406e-01 
-2.6423766065e-20 
8.1925093343e-25 
2.8698535104e-08 
-2.5094410777e-01 
1.0143924952e-13 
-9.2179191589e+01 
1.8278878851e-30 
-2.3324805976e-10 
-9.0491032921e+18 
3.2650110000e+07 
7.5908374411e-19 
5.3490707577e+37 
-9.4427230835e+01 
-8.9611097854e-30 
2.6225971036e+12 
9.9080311229e-23 
1.5905536868e+13 
-1.5179669857e+00 
-3.6953723415e-10 
5.6647054851e-02 
-3.1382951615e+28 
2.5174619042e+32 
3.0599576917e-07 
-1.2721765863e-09 
4.1540603984e+22 
3.9345056382e+21 
-2.6829656019e+18 
8.3855691320e+34 
-3.1940453053e+00 
-2.8476590530e-10 
2.6988697260e-26 
-1.1674681133e-07 
-1.6539167846e-03 
2.9619179311e-19 
2.3862351331e-11 
1.3671213302e+13 
4.8352230593e-17 
1.0529232677e-03 
8.2387816176e-35 
1.4690399985e-04 
2.8534063748e-33 
2.9396107357e-37 
-2.6619771288e+35 
-1.1673592031e-01 
7.4249217580e+18 
4.1813844442e-01 
1.3821749303e-22 
7.1614389378e-20 
-3.7267595872e-06 
1.8822397918e-37 
-2.6762325287e+01 
-5.8483960000e+07 
-1.2065086000e+07 
1.8759247661e-01 
1.5378626853e+36 
2.5097535488e+12 
2.0027399691e-38 
-1.0687556813e+11 
-9.7861679702e-32 
-1.7614393801e-25 
-5.8117971877e+17 
2.0701545999e+30 
-7.5631399155e+00 
3.5129654893e+18 
-1.8349196250e+06 
-4.0602425819e+23 
3.0964754988e-03 
-4.5175239130e+21 
2.1646280772e-34 
4.4009514412e-20 
-1.3513305560e-16 
2.7587919884e-22 
-3.0372503557e-12 
1.9807854057e-38 
2.5873912930e-13 
-5.3755365304e+31 
3.9369610323e+19 
2.1150151308e-23 
-3.2395502257e+22 
-2.0796619141e+04 
-8.5532713575e-27 
-4.5768047611e-35 
1.0511897877e+30 
8.7148238781e+21 
7.7906430796e-21 
5.7067291089e+32 
-6.0230688793e-22 
-2.5614429148e-27 
-1.7807456000e+08 
-1.6369232178e+02 
-7.0825831392e+20 
2.3056566214e-24 
-5.0223836800e+22 
1.8262451273e-10 
8.6153446848e+28 
1.2736102780e+19 
-9.3239960436e-37 
5.5730680487e-12 
8.0879995625e-25 
-1.7682626197e-11 
2.4963222586e+29 
4.1157233697e-22 
-2.6671202003e-36 
-1.0872397252e-04 
1.9886485760e+09 
-5.0081113462e+36 
-2.8257851614e-09 
9.6391656634e-19 
7.8748313744e+32 
9.2294479351e-12 
-6.4972011255e+19 
5.2000859135e-19 
3.6526046944e-12 
3.1623529465e+18 
-5.8976877481e-02 
-9.4504208758e-29 
1.2934147656e+05 
2.8616533587e-09 
-1.6178579046e+11 
-8.1556530975e+29 
1.4937730713e+03 
1.3515691789e+27 
2.4954317380e-14 
-9.0075974413e-07 
-2.1807026002e-22 
-2.2967611039e-17 
-2.6100759975e+34 
-1.4244396250e+06 
6.9389847340e-04 
-5.0784170532e+02 
3.8560103448e-26 
4.3675890082e+17 
-8.8680048066e-05 
-1.3578697651e+14 
6.6582007813e-28 
3.1741577731e-31 
-6.2510952353e-02 
-3.6427540082e-19 
-8.4950795554e-07 
-5.5357154497e+21 
-4.3897138384e-16 
2.8674250239e+36 
1.9732949138e-01 
-1.3303715733e+25 
-9.6751357507e+26 
-7.7355327005e-12 
4.0080282170e-25 
2.5596012939e-13 
3.4255463867e+03 
-8.1872367578e+36 
1.1689326694e-23 
-2.7277142208e+34 
-9.6320171356e+00 
3.8239434608e+36 
-1.4501675902e-11 
9.7648034668e+02 
9.3781657957e-25 
-1.0151427405e+21 
-8.4837987500e+05 
2.1385412577e+15 
7.2847912233e-32 
1.2423723008e+10 
-4.5743916800e+08 
-7.0451159668e+02 
-1.7666685480e+36 
-1.6717833932e-03 
-1.7101952434e-01 
1.0693610927e-11 
-9.5895587500e+05 
-1.2885747477e-02 
-1.0901869390e-29 
2.0192805080e+29 
-3.0222996144e-14 
1.1105568015e+35 
-1.1368954161e+27 
1.1755027771e+02 
9.5281399957e-13 
            nan 
7.2197306141e-19 
-1.2947305614e+24 
6.6586599350e+00 
-1.1253660583e+02 
-2.3251059032e+18 
4.9931350337e+14 
1.9565890450e-38 
1.3737516545e-26 
-1.2148557231e-02 
-2.1687745910e-17 
9.4587453156e+17 
1.1424601265e-09 
9.8023717243e-23 
8.4892369920e+09 
-4.1466738281e+04 
-3.4382747023e-19 
3.2020026207e-21 
-1.3890521504e+15 
7.0936955294e+18 
5.8858411649e-05 
-8.7193017379e-18 
-5.1879158747e-08 
1.5694515505e-23 
-5.9691150665e+01 
2.8241708017e-12 
3.3072039423e-25 
8.3417800488e-04 
-4.0841129606e-33 
-3.7746364416e+10 
2.8898476945e-09 
-7.6557953435e-05 
5.5978675658e-33 
-2.0926289469e-14 
-1.4983979336e+12 
2.4219836426e+03 
-2.5577989170e+22 
-8.1312139065e+30 
-1.7949841276e-04 
-4.4042042902e-08 
-1.5071689455e-38 
1.9847869141e+04 
1.5350798553e+23 
1.5566494760e-09 
2.4170343504e-10 
-1.2789010620e+02 
1.1068642530e-11 
-1.0416629044e+28 
-1.8505573955e+31 
1.5238755055e-27 
1.2774034689e+14 
3.2346252148e+35 
-1.9270898267e-34 
-5.0240511945e-30 
-5.3156140244e-27 
-7.7973038933e-18 
-1.8713446856e+00 
1.6749612447e+14 
5.8859604597e-01 
1.8300373153e-13 
1.9109398093e+21 
2.0542455604e-04 
2.1220568983e-19 
-6.6352349677e-06 
-7.8734825401e+23 
-1.1032107093e-28 
-1.9065679226e-05 
3.8054985807e-22 
-1.7436902634e-32 
-1.5649456210e-31 
5.8251533375e-08 
-4.2658476389e-38 
-3.3168280453e-25 
-1.0496853088e-13 
-1.4707517000e+07 
-4.9894589723e+18 
9.5904904604e-01 
2.0443824463e+03 
-4.1820186755e+16 
-3.2304045213e+26 
-4.1042076160e+09 
-5.5041791437e-12 
-6.7026164000e+07 
-6.3269936705e+30 
2.1045447319e-27 
1.7370334334e-36 
-3.2751261188e-06 
-4.5129488911e+28 
1.8162312934e+23 
1.7984881197e-05 
7.4162020362e-19 
-4.2260843611e-18 
-9.9158095703e+03 
2.1303125889e-21 
1.3623593330e+01 
-1.0728906545e-06 
-3.7136298416e-18 
8.5621662610e-23 
-4.2324563848e+35 
6.4652802734e+03 
-1.9725295046e-28 
6.1540384195e-05 
3.5016838074e+01 
-5.4510481098e+17 
3.9688174862e-38 
1.2179172366e-31 
-4.6607691947e-20 
-6.6748471531e-24 
-1.4166741380e-07 
1.6926785472e-17 
1.1670730240e+09 
-6.8723968738e-09 
1.8522400412e-23 
6.5633663135e-18 
1.0665460195e-06 
-1.1598062737e-18 
-2.1949262171e-15 
-5.0234488409e+37 
-1.8987845658e-19 
-9.1975742723e-27 
3.2375599258e-03 
-2.1984795000e+06 
-6.4431376195e+35 
-1.1891301469e+15 
6.9859362857e-19 
3.0637504682e-22 
-2.7939355917e+38 
-1.0181637785e+38 
-3.9607744592e+22 
8.5929123884e-27 
-4.9381228541e-20 
-1.7965617571e+28 
-2.3860574584e-04 
1.4374729728e+10 
5.7376151978e-31 
4.8439251709e+02 
-3.5904284262e+11 
-1.3886432868e+22 
9.8094223022e+01 
-4.3438041757e-05 
-8.0605730008e+16 
-2.3736461434e-20 
-1.0722085993e-31 
1.7432554955e-07 
2.3245878132e-27 
-9.8625603964e+29 
4.5489565078e-34 
-2.0141155801e-06 
1.2602902189e-06 
2.9640476770e-36 
-3.3656184070e+16 
-6.3886050921e+27 
6.5539199705e-15 
6.7064926147e+01 
-1.8407373403e-08 
2.7659137375e-39 
5.0703590659e-07 
-2.9926543923e-27 
1.3986862308e-22 
-3.1676737259e-24 
-2.7988714817e-17 
1.1112747714e-02 
4.3527970774e-06 
1.2809449057e-09 
1.4154876349e-24 
-1.2780776419e+17 
-1.2385831842e+17 
6.2588651417e-06 
3.8596952140e-17 
-1.5776290769e-27 
1.6379295312e+05 
3.7987220480e-07 
-1.5564544445e-11 
-6.0615298571e-04 
2.8548091749e-36 
2.0067886963e+03 
-5.8370394008e-24 
6.9153437263e-34 
1.0828063637e-01 
-1.3116671811e-11 
1.3398446415e-11 
-1.2544929007e-07 
1.7779940739e-02 
-6.7711503457e-22 
-7.3413007283e-16 
-9.0085549255e-36 
-1.2596867527e-15 
-9.7210659790e-20 
5.9195745736e-02 
-2.1948522539e-31 
-2.4555642000e+07 
1.3452500563e+29 
7.6649838686e-01 
-7.6938342164e+30 
3.7644791352e-37 
-3.6178969312e-03 
6.5803048774e-35 
-6.4441275597e-01 
2.5282633942e-06 
5.3343642391e+22 
-7.4473260000e+06 
8.5692038586e+27 
-1.6197692188e+05 
3.0950520000e+07 
-3.8558555220e-13 
-9.6442461041e-39 
1.4558093603e+19 
1.0446522052e-32 
1.7643848388e-24 
-5.9516296478e-19 
-5.9212343298e+33 
-2.6798923495e+34 
5.1158176773e+31 
-3.4919828395e+22 
-1.1728943213e-27 
1.3329008036e-13 
4.9932047259e+37 
2.6725000000e+05 
-1.3320279540e-35 
1.5500894922e+35 
2.7205112892e+25 
3.0462233744e-32 
7.5950489536e-20 
-1.3451661682e+02 
-1.8275960231e+19 
-1.7248643584e+22 
3.8196760289e-31 
-1.2228909374e-35 
5.0804936260e+22 
-1.3377459049e+00 
            nan 
-9.5677316570e+17 
-8.1017987458e-12 
-4.2207974400e+09 
1.6173800580e-12 
2.3977377707e+25 
-3.9869065780e-28 
3.3904305405e+15 
-3.2731810506e-07 
3.3142766096e+14 
-3.8674139532e+18 
-1.2150680139e+33 
2.5748120303e-10 
-3.8759257812e+04 
-2.1629534785e-06 
-1.2224195730e+18 
-7.0538435980e-39 
9.2334359901e+27 
2.3914359300e+35 
2.9688333161e-03 
-8.1041318101e-10 
6.7765217280e+09 
-2.8604759771e-30 
2.9842880859e+04 
-3.1074018103e-35 
-1.1908818786e+27 
6.4431896487e+22 
2.9899078625e+26 
-3.2863095093e+02 
-2.6635920899e-11 
-1.3791070212e-20 
-1.2174527217e+20 
1.4193300558e-05 
9.5539800622e-38 
-6.4245756689e-38 
-4.5938376704e+12 
-8.7217396933e-13 
-1.7273180485e+00 
1.9050761451e+23 
1.3920476856e+12 
1.1737253120e+09 
-1.1499584758e-29 
-1.8186546353e+22 
2.5945971529e-37 
-6.9324722290e+01 
-8.5533375470e+37 
7.0121972465e-12 
2.0580401301e+37 
-1.6029208911e+24 
1.6050245329e-25 
-8.6180644531e+03 
4.1498320595e+29 
-3.1982414079e-34 
-2.4217963687e-15 
8.6877469482e-16 
-1.4161476155e-33 
-4.8110692045e-20 
4.9093384093e-26 
-1.2268810073e-26 
2.4315860083e-36 
-1.7527047869e-10 
6.5182194710e+00 
-2.3883155111e-13 
9.6048559328e-08 
6.8881105518e-14 
-7.4950094131e-08 
1.5187087699e-12 
-9.6910516015e+28 
-3.0717568000e+07 
-2.8517211914e+01 
-5.8143209956e-24 
-1.8105649600e+08 
-2.1635493003e+13 
-4.6401143550e-07 
6.7890431225e+17 
-1.4236145823e+21 
8.8326826581e+20 
7.4125703997e-39 
4.7057592276e-39 
-1.1871897191e-22 
-6.7264573068e+37 
1.4238935547e+04 
-1.3984851602e+17 
7.9427653464e+18 
-2.0510400645e-03 
-7.1256872616e-05 
-1.3151973368e-27 
-1.8213818136e+16 
3.9503637991e-13 
-2.4967197959e-36 
1.4295685547e+04 
1.0930943650e-10 
-3.3161108408e-12 
-2.7665989176e-15 
-1.6481409513e+26 
-9.5625392133e+17 
-2.0584342400e+08 
3.6452047527e-02 
-5.9038629541e-10 
3.6073079942e-21 
1.8134019180e-17 
1.2091223798e-15 
1.6736676693e+00 
-3.4388164788e-27 
-7.5895049048e-20 
1.7662551270e+20 
-3.8460276410e+30 
-1.5177807872e+10 
-1.7713532000e+07 
-7.8311825229e-19 
-8.4369927125e+31 
5.0283082023e-37 
2.0731917107e+11 
5.3732087836e-03 
-1.1159298380e+23 
1.7837049112e-12 
1.0098572737e-28 
-1.1880216066e+37 
8.5462752936e-15 
4.7294190625e+05 
-5.9367775453e-12 
2.0204386965e-04 
4.3411005288e-02 
9.2233327450e-04 
1.3024445000e+07 
1.8618258324e-10 
-1.2068881609e-31 
-5.8181196829e+26 
-7.8188324563e-26 
-6.3768875008e+10 
1.8394617030e-07 
2.5154711171e+25 
-2.1437621914e-13 
-3.0480953279e-21 
-5.3218322137e-05 
-5.3918738416e+13 
-3.3624756595e-21 
-7.2724003374e-31 
4.7458510380e-04 
-6.7871945686e+17 
1.0000076339e+22 
-2.0373582854e-36 
3.5949985315e-34 
1.9479473863e+15 
2.3780357799e-37 
1.3080824218e+11 
1.8448900369e-17 
-4.7630916336e+22 
-1.9293205955e+12 
3.5953896484e+03 
-4.0588912858e+24 
-1.3074603575e+28 
-6.5077592002e-19 
-2.2716102777e-08 
-2.8835673835e-19 
-4.1483246056e+18 
4.7422402477e-30 
-1.8872331227e-37 
1.9921217278e-21 
4.9746543715e-23 
-1.0507781846e-13 
4.3124826626e-11 
-4.3110838532e-01 
-8.8651643427e+19 
6.3635297852e+03 
5.4956509889e+13 
-3.5529081576e-14 
-1.7540184650e-22 
-7.9838347758e-17 
-1.3313086000e+07 
4.2133825725e-13 
-9.0644495058e+19 
3.2147169066e+30 
8.0607527532e+31 
7.5016999413e-19 
7.6389366210e+27 
1.5752447951e-35 
1.0297482782e-28 
3.6711907959e+02 
-1.5917734051e-34 
-5.3150875628e-13 
-1.2984971942e+15 
2.5759323231e+21 
-1.0397502000e+07 
2.6759763526e+24 
-4.8879877929e+18 
-3.0942246952e+22 
5.4935302734e+03 
-1.7408016137e-28 
-4.2658319049e+23 
-3.5366094504e+13 
-2.2261216308e-12 
5.3909416199e+01 
6.7333711848e-14 
5.6450219948e-22 
-1.5328622670e+26 
-1.2481625108e-11 
1.7219872097e-04 
-1.3337316006e-21 
1.4390896875e+05 
-3.4767731596e-32 
-1.2420974553e+16 
-6.9401940918e+02 
-1.5048130584e-16 
1.3721052831e-13 
-8.9088034842e+21 
-3.0128336896e+10 
-2.7004186319e-34 
-8.7384388735e+37 
-1.1348294806e+19 
-3.0859522820e+00 
-3.9196939906e-04 
3.2262518036e-32 
1.9202496875e+05 
1.2925729970e-04 
2.9333746212e-36 
6.6545311711e-05 
2.6459597393e-06 
8.9288699627e-01 
-1.0085810547e+04 
6.0405236095e+16 
-1.7046192556e-33 
5.7816708453e-31 
3.5379360504e+28 
-2.4301181476e+24 
1.6480846691e-20 
-2.3319118086e+13 
-2.9481348991e+00 
2.8129214554e-15 
3.6555900297e+31 
1.1410871247e-19 
2.9298751292e-34 
1.4411696875e+05 
-4.0626635138e-28 
2.2523976996e-28 
-2.1690162885e-23 
-2.8681406140e-28 
-6.0462410699e+16 
3.2818115379e+11 
3.2729576820e+14 
-2.4565520107e-06 
6.5496205934e-37 
7.2141807413e-27 
-5.3300804190e+13 
5.8100881577e+00 
-2.0508987567e-22 
5.4145662396e+28 
-3.4072777389e-28 
-7.3172627854e-33 
-5.4637064473e+26 
1.1876757959e+17 
-3.6548085739e+37 
-4.8110647202e+00 
1.0517425596e+28 
6.9373442130e+12 
3.8920196058e+34 
-1.0975418612e-02 
7.4712622383e+24 
-1.5181312847e-05 
-8.9661106467e-02 
-7.8386749525e+34 
1.4338926315e+01 
-5.2947050496e+10 
-7.4072630000e+06 
-4.7901689868e-06 
-1.3886616949e-38 
-3.9366387454e-34 
1.0698022947e-15 
2.9181306000e+07 
4.5930641385e-20 
-3.2030653940e+13 
-4.1582460259e+24 
-1.2039131022e-29 
-4.0272146568e+27 
5.7391742188e+04 
-1.3450529754e+16 
-1.8519277500e+06 
1.5848812800e+09 
3.3982614718e-35 
1.8272448735e+17 
-6.6307251200e+08 
-1.0206267983e-01 
-6.5301693440e+09 
-5.5407000787e+14 
3.2552033476e-19 
1.0330519217e-05 
2.2121347950e-30 
5.0199443649e-05 
-6.3349601624e-29 
2.9652757615e-35 
-7.0376581042e-22 
-6.9691166282e-02 
3.2752757524e-27 
1.0807663951e-15 
2.6231986145e+22 
1.1261989594e-17 
1.6213316695e+22 
1.1639923550e+27 
-1.6822892544e+10 
-5.9238040447e-01 
1.0718641803e-02 
-8.6630065918e+02 
-4.8575879013e-26 
2.5902435321e-32 
1.0745868427e+20 
4.0141593621e+31 
-1.0449749373e+36 
2.2899828344e-19 
2.9909852274e-26 
2.6942459871e+13 
8.4539373998e-17 
5.1114879690e-11 
-2.8680251392e+10 
-1.1266886946e-12 
-6.9696408510e-01 
3.9713273926e+03 
1.8382044482e+36 
-1.0074551095e-27 
1.8879668662e-11 
-2.3337016979e+32 
1.1227068164e-09 
1.3081429273e-08 
-1.3567421000e+07 
3.4430761600e+08 
2.8435023780e-10 
-1.4345937355e+14 
-7.9231588589e-33 
2.5956300288e-16 
-5.8603384865e-23 
-1.6412169275e+19 
-1.0896747656e+05 
-3.1506717350e+18 
4.6651124000e+07 
-4.7059934067e+34 
5.3844885824e+23 
-4.4019279480e+01 
-3.1288050326e+19 
-7.7250888571e-03 
-4.7285262813e+21 
-7.1550435710e+16 
3.8549988795e-16 
-1.1615279969e+32 
3.1268371094e+04 
-4.0040957916e-36 
1.0294014400e+08 
-1.0569453882e-29 
3.7001815332e+18 
-1.2099913146e+35 
3.5022815224e+29 
-4.4560992000e+08 
-1.4482602385e-34 
-2.0069960153e+27 
-4.9308887719e-19 
7.3162224000e+07 
-1.1570961716e+32 
2.6383676867e+12 
9.8671609078e-12 
1.2210874622e+30 
-9.8553187500e+05 
4.5366757226e-12 
2.7997063086e+14 
1.7656680197e-02 
-2.0089649479e-04 
-9.1618964946e+20 
5.1825430915e+14 
1.9540731872e+33 
-5.6982629914e+19 
2.4238408457e-32 
-2.9741145638e-21 
-5.9171008533e+26 
-2.6394854184e-12 
2.4895190655e+19 
1.2263566597e+23 
8.2954532373e+35 
-4.7156498144e+22 
3.3551195000e+06 
-1.3372767485e+31 
2.3500201718e+38 
3.8513491960e-22 
-8.5468837458e-20 
7.1026186146e-25 
-1.1271445692e-34 
-1.8434286607e+19 
-4.3150907803e-37 
3.7618925982e+15 
1.2761262257e-21 
-1.4548230874e-21 
2.4391855113e-03 
-2.9484437413e+30 
5.7000629952e+31 
-6.4733712753e+26 
1.5501254192e-36 
-4.0213557333e+14 
-9.1802195684e+25 
-3.4643223234e-32 
4.4714858698e-16 
1.2392094656e+15 
1.0695740607e-23 
-1.3822040156e-24 
8.6069203287e+16 
-1.1814456451e+16 
9.6255484221e-32 
3.6639252912e+20 
3.3920762937e-33 
2.5747907038e-33 
-4.7843421663e-26 
-8.3641882309e-10 
-2.4452721017e+13 
-4.0486879257e-13 
1.7750709220e+25 
-1.8548467958e+12 
1.7804605790e-08 
-1.5182335631e-25 
4.7266912010e+13 
6.2358250686e+32 
-2.5846137010e-26 
-5.4249248252e+32 
-3.3739730048e-31 
-8.9332386979e-37 
1.8336908913e+28 
1.2459558649e-23 
-1.9600451949e+20 
-2.7098405949e+34 
-1.2117770019e-25 
2.4275380249e+35 
3.1521716309e+03 
6.1631439648e-30 
2.5519508995e-07 
-4.8289117413e+35 
-3.2705130161e+32 
-3.8335280260e-04 
-1.7331015572e-32 
-2.0379956435e+21 
7.1371489399e+33 
9.1004881040e-14 
1.0826910477e+38 
2.7760871094e+04 
1.7567059994e+00 
-1.7215626751e-34 
2.0094303285e-38 
-2.4588666230e+36 
2.7138639073e-38 
1.2193630636e-01 
-2.4199515000e+06 
4.5335764964e-28 
7.3322685428e+37 
7.9450648627e-05 
6.4239781552e-37 
-1.8721020497e+23 
4.6022214630e-23 
6.0008427734e+03 
5.7124178527e-38 
3.0715995000e+06 
-4.6203005866e-08 
-2.8115318855e-04 
1.5961558741e-09 
1.4250342400e+10 
1.1302328727e+32 
-2.2010225053e-24 
9.6777187500e+05 
-5.2261045203e-03 
-2.4270878541e-25 
-2.3061496875e+05 
-8.2685147249e-14 
4.0264961854e-07 
-2.4238384000e+08 
1.0588113040e+35 
-5.2106672084e+16 
1.2582196321e-17 
            nan 
5.1960550917e+23 
3.7011466980e+01 
-4.4205299938e+14 
1.1309297292e-24 
-2.0459412893e-18 
-6.2149373116e-04 
7.8338248024e+35 
-7.8881240428e-10 
8.6251159805e+37 
-1.6073511302e-24 
-1.5685119410e+19 
-1.0579372245e-34 
6.2123421655e+15 
-7.0827372266e+36 
2.4845819057e+35 
-6.0692038884e-21 
-1.0707804643e-09 
7.3041905339e+32 
1.0543259730e-29 
-3.2255458984e+03 
-1.1176543491e-17 
-3.2406064640e+09 
-1.6661360717e-36 
7.5078724280e-38 
-8.3372441916e+36 
3.1465882785e-05 
-3.1198227614e+21 
-1.5299649839e-13 
-6.3995796182e+24 
6.3258971990e+32 
7.7355963204e-38 
4.1040408823e-37 
-3.7088739314e-31 
2.1372598753e+26 
-9.6550595703e+03 
1.3245419502e+01 
2.0923449681e-36 
-4.4008049011e+01 
-1.1610899000e+28 
2.5547771276e+28 
-5.8010700410e-11 
2.8681260654e-14 
2.0708356918e+33 
1.9842761600e+08 
3.7214752031e+25 
-6.6675068747e-28 
2.6707474914e-17 
-6.0804435700e+34 
8.5174655326e-17 
4.0222313860e-19 
6.9273609360e+34 
4.5597719111e-23 
1.0879640000e+08 
1.2910699107e-18 
-4.4100073239e+14 
-1.6111396224e-26 
8.9101324510e-31 
-4.4984191881e-14 
-2.5057026367e+03 
2.5841954932e+16 
8.6290299350e-07 
-8.5374732352e-32 
3.1395933799e-18 
2.5568176536e+16 
-9.7444460000e+06 
1.4554226510e+31 
-2.5586942188e+14 
-7.1304385621e+34 
1.2253271789e-14 
6.5744473600e+08 
-3.5707488783e-31 
3.8682651367e+03 
-2.4972820731e-35 
3.0238723851e-12 
6.4901906015e+24 
-1.6303844229e+12 
6.6815481186e+00 
2.1352621094e+04 
3.0916588524e-30 
2.0911402702e+00 
-7.9624918794e+13 
-3.4715246608e-22 
-7.4690464580e+35 
7.0393185934e-18 
-2.8235019272e-05 
-4.4517430000e+06 
-7.4402285890e+26 
1.7938265320e-22 
3.6491323139e-21 
3.7168795000e+06 
-8.7815727756e-24 
7.2683796287e-02 
2.8302308172e-02 
-8.1545296388e+24 
-5.2137663588e-03 
1.2075399457e+34 
9.9996560972e+20 
1.1530991616e+10 
2.6600121094e+04 
-1.4686661723e+23 
-3.8511876373e-22 
-6.9710793926e+37 
7.7568384735e+31 
-5.7503156221e+14 
1.5445737490e-22 
-3.1521678214e+28 
7.0920398443e-09 
2.9032363910e+35 
-6.7618340175e-39 
-4.0701235179e-38 
-2.7992911872e+10 
-7.2663045286e-13 
9.6594417847e-38 
6.1259075590e-10 
2.5397708810e+20 
-5.3236410574e+26 
-1.3608131170e+20 
4.4926834466e-35 
-4.2308990625e+05 
-4.1977045348e-14 
1.0753783956e+33 
2.5481330105e-37 
-8.1783228666e-34 
2.7009695991e+29 
-4.2903574674e-26 
2.9108840291e-27 
1.0166099875e+36 
-4.5256551434e+17 
            nan 
4.9256408374e-07 
-1.2755721407e-29 
-5.0026111031e-10 
5.7356377659e+37 
-2.8571265697e-16 
-3.3714454568e-31 
-5.7989009857e+01 
-5.5260861869e-36 
-5.5057070014e-11 
-1.1699483478e-37 
-8.6858749390e-01 
2.2513069960e+28 
1.2082114738e-25 
-2.6026591739e-21 
-3.6633344000e+07 
-2.2317164620e-31 
9.1112143917e+21 
5.2079307553e-28 
-1.1923451542e-33 
-1.5074804738e-09 
1.7329665600e+08 
-3.6110759592e+26 
8.4047484482e-35 
1.4743283771e+16 
-9.3469507812e+04 
-7.5505874030e+15 
1.2901353763e-08 
-6.4026208279e-15 
1.1191591498e+37 
-1.7473784193e-13 
-8.1229473305e-30 
1.5807805175e-04 
-3.8479830255e-04 
-9.1331568298e+22 
2.7112218086e-03 
6.3707386136e-16 
1.9295695230e+31 
-2.4298022751e-25 
-1.0926087812e-09 
-7.6675321907e-05 
-2.5352985937e+29 
2.1502761625e+37 
1.7757171888e-29 
1.3457263221e+20 
-2.0221396992e+10 
-3.6166835866e+20 
-5.3965984387e-25 
4.2864719774e-08 
-2.7343568158e+26 
-7.1206217769e+26 
-1.2442351578e+32 
2.5080830753e-35 
1.8993729235e+25 
1.3684695882e+20 
5.8977100053e-31 
1.7752980824e+19 
4.9058280751e-21 
-4.2429387460e+36 
-4.3579211706e-06 
2.7240296556e+36 
3.9598724300e-08 
4.8889253906e+04 
1.3504616000e+08 
8.1828655671e+24 
7.1324470809e-06 
2.3264174467e-29 
-8.5208459608e+21 
-5.0044027124e-34 
-2.8657219353e+36 
-2.6560594506e-06 
-5.7407151087e-33 
2.6516262189e-17 
1.3337154992e-10 
-4.1220672000e+09 
-1.8395843112e-25 
-3.6040893024e-29 
2.4967162006e+17 
-1.0050712533e-32 
1.4964276431e-23 
-3.6527093296e+23 
-2.3435391143e-29 
-9.2432073756e-38 
-1.4872625988e-19 
9.5761914188e-23 
7.9538437489e+12 
1.3589468187e-31 
-3.4998041798e-08 
-1.3943097293e-36 
1.4016722885e+20 
-1.1771195997e-11 
-7.1487895722e+20 
-1.1549643420e-33 
-5.6018982625e-31 
4.5278919624e+15 
-1.6751040000e+07 
1.0962001042e-22 
4.6690078901e-30 
2.8155234568e-25 
3.0597308032e+29 
-4.7202638933e-15 
1.4291030412e-21 
-5.4941096306e+00 
9.1165009140e+20 
-8.0466875000e+06 
2.2052359712e+22 
1.7184873047e+04 
-2.6519862743e+27 
-1.5610618871e+33 
-2.0533449208e+28 
8.8797955439e+18 
2.7621563130e-30 
-6.1830750515e+19 
-4.2523793574e-17 
-3.9429174067e+11 
-3.5515353166e-34 
6.4185622614e-04 
3.0074492000e+07 
3.6534939639e+29 
3.6412055552e+10 
9.6110484375e+04 
1.4661793280e+09 
-4.2153990530e-14 
1.7504774857e-28 
-6.5519164808e-37 
-3.5774949337e-23 
1.1068427242e-25 
-3.4227263373e+13 
-4.4177807617e+03 
-9.6304565620e+16 
-1.1487417415e-38 
-1.6846870036e-12 
2.0048045964e-24 
-2.5635669736e-20 
-7.6091896000e+07 
2.7196596420e-05 
1.0136337142e+25 
-1.5392771374e-18 
5.1939906683e+12 
7.9679032469e-12 
7.8577763870e-13 
-7.5243971739e-31 
-1.2803590385e-17 
7.5242871194e+11 
-6.0876022105e-12 
1.4031992652e+13 
-1.5605241517e+21 
2.1416820959e-29 
-4.7303196788e-01 
-5.1695240344e+20 
7.2489063195e-32 
-1.9243331014e+34 
6.8944617120e-33 
-4.6793998991e+12 
-4.7496983409e-01 
2.3373576917e-27 
5.4838130564e-11 
7.3214688494e+13 
-5.9789021803e-20 
-5.1493023876e-20 
2.6775451764e-24 
1.4045298438e+05 
2.3827623047e+04 
3.1742093563e+00 
-1.0557079315e+02 
2.4551474549e+35 
-3.4993027940e+14 
3.2875852868e+19 
1.9598881592e+26 
-1.0576952525e-17 
3.0236030124e-18 
-2.1180602198e-04 
1.0749622561e+30 
9.3441059558e-27 
-3.0620421742e-23 
8.2452741392e-32 
1.6051802092e-17 
-1.7551796918e-04 
-5.2716953951e+26 
2.6289423296e+20 
5.5486314425e-36 
-1.0099816857e+21 
4.2629502359e-12 
6.5454408576e+37 
-2.6340286131e-17 
-1.1792792957e-32 
2.5639903519e+36 
-2.4201519510e-36 
4.9728250815e-06 
8.8440862159e-23 
8.4885845184e+00 
-1.8795324723e+35 
-1.1440618598e+19 
3.5323128000e+07 
-1.8084026578e-06 
7.1912782967e-32 
2.0564240518e-34 
-5.4979821211e+28 
1.2813981670e+17 
2.0067286045e-22 
-1.7439724023e+32 
1.4964935957e-08 
3.1378023326e-02 
6.4589977600e+09 
5.7812709835e+27 
2.3047693047e+38 
-1.4238937367e-24 
6.6008500648e+31 
3.2795568271e+22 
5.2656455627e-37 
1.5804753707e-32 
3.0521241371e+13 
-5.1234209607e+16 
2.9844449110e+34 
-2.2346518303e+20 
-6.5503667218e+16 
9.0889345549e-20 
2.3573756280e-08 
-1.0581481600e+09 
-2.2387729962e-13 
7.6319948800e+11 
2.0754494076e+20 
-3.0650839287e+22 
2.8424550113e+22 
-2.2829884663e-02 
2.6028348970e+25 
-1.0167908569e-16 
-1.8163961580e-22 
8.1168337438e+15 
1.7486257528e+27 
1.0490434570e+04 
-2.8169266558e+26 
3.9875273294e+13 
2.4569565132e-11 
-1.0937575756e+21 
-1.2773604506e+31 
-6.1793889833e-35 
2.7385180813e-15 
-1.0856335015e-33 
-7.2060709044e-07 
2.7493159515e-16 
-5.1121762379e-10 
-4.5071313597e-27 
2.5571695054e+14 
2.3295998034e+12 
1.6539378922e+18 
-7.9975638073e-04 
1.4681001191e+20 
1.7246534062e-11 
-9.2430624950e+23 
-2.1450323936e-32 
-3.2922882499e+20 
1.3543723825e-31 
-5.7150993426e+29 
1.3681486029e+24 
-1.4491955757e+13 
1.5785000586e+20 
1.8993974786e+15 
1.3225392865e+12 
-9.3075248878e-04 
-4.6729052806e-37 
-5.7766305774e-26 
3.5313144692e+19 
-9.0019915771e+02 
-4.7056950180e+29 
2.8116356753e+18 
-3.7042397500e+06 
-2.4619620840e+28 
-1.3541451294e-09 
1.1502857826e-33 
5.2650944427e+18 
-1.4305103886e-34 
1.6951557069e+33 
-6.5052206628e-03 
6.9840807489e+33 
2.0173727677e+17 
-1.1389922446e-14 
4.3736846723e-22 
7.1405986091e-04 
-6.2684976036e+29 
6.5550048722e-10 
-2.2306078194e+24 
1.0959345655e-37 
1.2782201276e-21 
-3.2108898480e+16 
-6.7279396866e-17 
1.4546226265e+35 
4.1817280650e-01 
2.6748004800e+08 
4.5086963042e-19 
5.2053347674e-17 
-1.1350353452e-04 
-7.3410040000e+07 
-2.3283335793e-07 
1.3605440193e-29 
5.1291205885e+19 
1.1365516547e-13 
3.7924827304e-32 
8.9960082309e+12 
8.6703298333e-16 
1.4252966160e+24 
3.9315482354e-06 
-3.5748576920e-05 
6.3040215711e+16 
-3.9061300457e-02 
4.8036847937e-12 
2.1717023599e-23 
3.7269667352e-09 
-2.3284670090e-13 
-6.1125897446e-06 
1.4930055515e-16 
-1.3520631861e+24 
-7.3534039352e-38 
9.8731510341e-02 
-8.8968494674e-04 
-4.6928501085e-09 
2.7298896899e-21 
-3.1933176281e-21 
-1.6282817714e-18 
2.1131975921e-29 
-2.0224236782e-12 
-1.1676811365e-18 
-1.5727454668e-32 
-2.2827357500e+06 
-3.1896038474e+19 
-3.0420989440e+09 
3.5829830170e+01 
3.2815801921e-33 
-4.5490362588e-09 
2.5264703078e+11 
-6.9640857525e-09 
-4.4026194230e-14 
-7.7511665109e-22 
8.5436142337e-16 
-7.8146237980e-16 
1.1755792912e-05 
-4.3297320945e+19 
-4.2964917735e-10 
8.6701668067e-08 
-5.9445001780e-26 
-6.1385468000e+07 
1.0864772199e-23 
5.8736544406e-28 
-2.2175445313e+29 
1.5189247597e-16 
1.1212133359e-05 
1.0698908331e-20 
-4.4697934652e-32 
1.3277969265e+30 
1.3028439438e-09 
-2.2856012528e-23 
-1.8766550091e+32 
1.7349859238e-16 
3.3977736390e+32 
-4.4864092074e+23 
6.2861766679e+26 
-3.1920337507e-24 
-2.5440268074e-26 
-1.9381284457e-25 
3.0963871094e+04 
-1.8599697238e+37 
-2.1581486465e-29 
-1.2052671432e+01 
-2.1706458181e-02 
-7.1393967295e+32 
3.1378106075e-24 
8.2057544611e-20 
1.6903162561e+14 
7.0992107355e-25 
-3.0138197493e-10 
-2.5339314647e-08 
-7.4272991776e-30 
5.8431200476e-31 
4.4691843440e+24 
-1.6696651459e+01 
8.4274887085e+01 
2.8639806053e-28 
-9.4763421998e-08 
-1.7560061044e-11 
-7.5560868080e-20 
8.5126640000e+07 
-1.6182130275e+27 
-3.1704181249e+23 
-6.1822645366e-02 
3.9154058047e-35 
2.3165795455e+29 
-6.6467956291e+32 
-5.3272847775e+20 
5.1015744248e-05 
-1.0938106455e-37 
1.7437168154e-08 
-1.3168148994e+01 
1.2553852237e-36 
1.7449897766e+02 
-2.2939789065e+23 
-1.7949996250e+06 
4.9582672062e-22 
-4.4396270679e+28 
-1.6681851416e-14 
1.4502323814e+11 
1.4442009979e+23 
2.6603900187e-33 
-2.2313780160e+22 
-5.7802191292e+31 
4.7672742978e-25 
-2.6896194065e+19 
8.1435411440e+25 
1.8540117219e-09 
-1.0029502473e+38 
-1.6555559123e-03 
-1.0062925397e+35 
3.7691781472e-05 
6.5408084672e+24 
-1.1453933751e+34 
1.2340955041e+30 
6.9737251888e+27 
1.0311200892e-22 
-2.0765724003e-06 
-1.1918281634e+19 
-9.4249267200e+09 
-3.9361226942e-28 
-1.8339336058e-19 
-1.1795866698e-24 
1.2185142934e-01 
4.1107561104e-17 
-1.1054161211e+27 
-3.4814396412e+29 
4.0401819485e-21 
-1.0511222491e-24 
1.9283439616e+10 
-4.7149991027e-35 
4.8757784069e-02 
3.6432853699e+01 
1.2490231360e-21 
-3.0868126393e-18 
4.3917856374e-07 
-4.5991539737e-32 
6.1064886481e-09 
9.5321365571e-18 
-5.7581178844e-02 
-6.0087735545e+21 
1.0408030326e+17 
-2.0758738824e+36 
5.5516054854e-03 
4.4602368673e-12 
1.7822078729e+31 
3.0614945154e-32 
-9.0319141746e-02 
3.6927576306e+18 
6.2487715413e+16 
-1.5677572710e+11 
3.0075890240e+37 
9.7777194113e+20 
5.3132383937e+23 
5.5797627283e-05 
4.0933831325e-10 
-1.4502828442e+13 
6.4869069479e+18 
1.7415259330e+26 
1.2997362319e-05 
6.1534696105e+27 
1.9754640308e-35 
-4.8650984536e-04 
-3.4212429846e-14 
-2.3863695383e-18 
3.7194893683e+36 
3.6621520150e-23 
-2.4882562558e-39 
5.5017937306e+11 
-3.0857509473e+22 
-1.0901177447e-15 
-5.4555246094e+04 
-7.0153297475e+35 
-1.7587615966e-20 
-9.6399373474e+32 
-5.8148575590e-06 
1.9411814880e+02 
-6.9819415885e+33 
1.1773699852e+34 
7.4817512004e-22 
-4.3449715251e-27 
1.1356102753e+02 
-9.8734561280e+09 
-9.7769548737e-15 
2.5242214437e+32 
-5.9399481417e-37 
-1.0541640617e-20 
2.0421232981e+20 
5.1738461190e-16 
-9.2541661059e-26 
1.1381621046e-24 
7.3245502954e+31 
1.1796094039e-31 
-1.1021022692e-33 
3.1012020827e-06 
1.9663287699e-38 
1.1069446894e-23 
1.0726304173e+14 
1.2571202106e-37 
-1.1219699447e+15 
3.8575851136e-07 
-7.0533359117e+32 
5.1143932000e+07 
7.8636746943e-19 
-8.9783240025e+37 
8.1961389392e+13 
-1.6631808768e-20 
5.5701161416e-35 
-3.6070099830e-18 
1.7723531356e+28 
-1.0411992858e-17 
6.2178255288e+17 
-3.2809277186e+31 
1.0817678750e+06 
-9.5316530894e-21 
1.6565626860e+00 
4.8474907899e-26 
1.4131637264e+17 
1.8882605876e+19 
-1.0385282685e+37 
-1.8412867104e-31 
4.6620363404e+14 
6.9427856943e-04 
-1.0955076278e+25 
4.3816541635e+29 
5.6154869019e-28 
6.4174842279e+21 
-1.0780164818e-31 
-1.3383042230e-08 
1.4673023904e+18 
3.0221130531e+13 
3.3268822016e+10 
5.1464724409e-13 
2.3075995000e+06 
-3.7669534656e+16 
8.0153356135e+15 
-3.2321746393e-19 
1.1979617615e-35 
-3.4486554963e-38 
-5.2357617083e+23 
-9.2669327767e-10 
-1.3915849600e+08 
5.3422350868e-32 
-3.7861285212e+28 
-1.9399169428e-16 
            nan 
6.5947277155e-27 
-1.7378712869e-07 
4.8444649683e+30 
2.0693282456e+13 
8.6866279503e-08 
4.0862593750e+05 
6.7345266342e+00 
-1.0297987974e+32 
-2.9000973845e-10 
-1.1951019728e-29 
7.5799622135e-10 
3.3579338074e+01 
-2.3431422136e-08 
1.0919652318e-35 
5.0549658638e-19 
-2.5824097707e+34 
-3.6193155295e+27 
2.3995516000e+07 
4.0165701149e+33 
3.9154712500e+06 
-3.1667952446e-27 
1.5924345144e+28 
-8.1146603823e-01 
-2.0689869015e+38 
7.4904828983e-33 
7.8381305080e+24 
2.7047619141e+04 
1.1443689578e+21 
1.3614609377e-16 
-1.1148581507e-06 
3.9761892978e-25 
-1.3146108643e+22 
-1.2552020345e+19 
-3.0326056266e+17 
-4.5182873533e-38 
-1.1903668942e-35 
            nan 
-4.2740757358e-14 
-2.4277994992e-31 
-5.0373316608e+10 
2.5454179157e-16 
-1.9158418341e-12 
2.1385113024e+26 
1.1077577588e+18 
4.2381309129e-08 
-1.8030681531e-04 
-7.3399965132e-36 
-4.1205924885e+28 
-2.5110871094e+04 
-9.0613592562e-25 
8.5316336153e+32 
-1.2829526473e-27 
-5.6766098885e+22 
1.4716107845e+00 
1.4646401434e+11 
-1.5596174417e+19 
-1.9686261686e+31 
2.5453928978e-30 
-6.0584237799e-03 
5.5496442037e+19 
9.2555147200e+19 
9.7482988871e-35 
8.1753187500e+05 
-1.4993369154e-20 
8.8512417278e-05 
1.0397326056e-10 
-5.8912222850e+26 
-2.4577193413e-35 
1.7047925080e-15 
5.9893694107e+35 
2.4604540000e+07 
1.0385219351e-09 
9.2510931883e-36 
-1.2097691000e-01 
-2.0432123424e+19 
7.1156857255e+14 
-1.4934873125e+30 
-6.6357581806e-33 
-5.4157964885e-02 
-3.4968548584e+02 
2.2270969385e-29 
6.9752409491e-33 
-1.6764822400e+08 
4.4260742188e+04 
8.5434572150e-15 
-4.8770368721e-07 
-1.9733537946e-32 
-8.8817660067e+25 
3.2712355343e+15 
7.0705927734e+03 
-1.7251293527e+28 
2.3608455234e-20 
-4.2970731140e-11 
-4.1198350794e-18 
-5.5313805206e-05 
-7.8846862145e-34 
1.4300186610e+33 
-9.8372597103e+37 
5.3547993582e-32 
5.3791345208e-20 
-6.2494862238e+16 
-5.1410485903e+13 
5.8509044272e+14 
-7.5948560001e+24 
-8.8476096024e-13 
9.0506478383e-15 
2.8048007560e-31 
1.6351622338e-19 
-1.5019457280e+09 
2.9537782443e-35 
-7.4490251663e+31 
1.1376950989e-24 
1.2162521890e+17 
-1.5401707025e-27 
6.1606828098e-27 
2.5651679606e-14 
1.5123983154e+03 
-7.9375132277e-37 
-6.1342054696e-19 
-1.2756810477e-36 
5.4131956858e-05 
-8.4136734369e-38 
-1.7621840887e-19 
2.1939047656e-05 
2.5227016117e+18 
-1.8178115037e-25 
-6.7462984021e-26 
3.5023788416e+19 
2.6826016892e-06 
6.5285746094e+04 
-9.4735614955e-02 
5.6464591762e-04 
4.5435565473e+33 
-3.0506484588e+34 
2.0679392494e-15 
9.9221414328e-01 
7.5833994240e+09 
1.5059116339e+16 
1.9836319193e-37 
-1.2726962891e+33 
1.5339765608e+16 
2.3748715807e+20 
-1.5447937767e-04 
6.7428597762e+32 
-1.0694453105e+17 
-1.4841075924e-08 
-5.5063998699e-01 
1.5210611842e-32 
7.0707235622e-09 
1.1580082671e-08 
2.8835805970e+38 
5.1942601424e-14 
-3.6289463298e+33 
-1.0255308864e-25 
6.4998742188e+04 
1.6719490508e+32 
-8.8252437417e+23 
-5.6322172043e-17 
-3.4796466923e-12 
1.6216631979e-02 
1.3890174621e+25 
-4.7915463184e+28 
-4.1853516208e-09 
-4.5026740158e+36 
-3.8975549614e-06 
1.1303693267e-32 
-2.4389550090e-01 
-6.1951260876e+33 
-9.1723503792e-11 
-2.4101375192e-13 
-2.0287597500e+06 
1.6223909719e-30 
1.7415637523e-21 
-3.8707487285e-02 
3.6171134114e+14 
3.3791928756e-33 
-2.6985841518e+26 
-2.8178274702e-15 
-2.2564412165e-25 
1.6279830945e-14 
5.8312401490e-32 
1.4469060547e+04 
-7.6614779151e+25 
-3.7716818577e+28 
-1.4502381074e+18 
-3.7626310656e+10 
-3.7804982951e-17 
2.7650569834e-08 
-6.2069392204e+00 
-1.0665043951e-17 
3.6923349370e-16 
-7.7327244575e-23 
-2.0674472767e-28 
-2.3316793334e+17 
-7.1459727025e-11 
-2.1052604104e-11 
-5.7355364709e-27 
5.9709977526e+13 
-6.8168591308e-31 
-4.0572441642e-23 
2.0048853684e-28 
-1.4508715635e+18 
-8.9987659925e-38 
-3.8933834076e+01 
2.3080477464e+22 
-6.6188536000e+07 
3.4471176968e+33 
7.0094934383e-17 
7.2569241600e+08 
-5.3352042145e+24 
2.8019004344e+19 
-2.9177532176e-17 
-1.2906206845e+23 
2.1774122671e-34 
4.9798791828e+36 
5.9662482560e+35 
-2.7614200000e+05 
-9.1099063866e-06 
1.5918184299e-17 
1.7049321472e+11 
-5.0420772200e+37 
1.7533538024e-24 
-1.9735936000e+07 
5.2657354072e+37 
-4.1000258744e-12 
6.3621799062e+34 
1.3721246662e+29 
2.8054658980e+31 
-7.7142668050e-16 
4.5151174001e+12 
-1.0535813632e-31 
-1.3057350340e-13 
5.7010212913e-05 
2.9175792746e-36 
-6.6633670040e+31 
-4.3261151648e+33 
-2.0162697183e-06 
6.7990471665e+29 
1.8168478629e+26 
3.8496171884e+34 
7.3278853146e-16 
-9.0850622702e+18 
-6.1032984946e-26 
3.7970124800e+08 
-5.9952314380e-15 
8.7559906723e-17 
-3.1548805790e-09 
-1.4603428466e-09 
3.1933272392e-18 
1.5156200342e+13 
-1.1499567687e+36 
1.9445886000e+07 
5.5480321223e+28 
3.6270463087e-13 
-2.8334677131e-32 
4.8760272845e+24 
5.1669688034e+35 
8.2149985057e-14 
-1.6652973117e-27 
3.5896805457e-06 
5.4677959938e-09 
-2.3307937891e-35 
-1.9235883800e+20 
4.1290617050e+21 
-8.5841957356e+12 
1.7000806984e-03 
-1.5375657442e+14 
1.8234387674e+14 
-6.4755137016e-12 
-4.7219279474e-36 
-7.4530839310e-17 
4.2331857376e+19 
1.0379403034e+34 
-1.0543093595e-05 
6.7187293817e-36 
-2.1029762496e-39 
2.7737911224e+01 
-8.8180560076e-11 
1.3965118839e-08 
1.0170806905e-11 
2.9910431673e+25 
1.7187823596e+22 
-2.8792621094e+04 
5.6140176952e-02 
1.8869690657e-32 
2.2626616889e-21 
-1.2355890228e+36 
1.4877575684e+03 
5.1560271499e+17 
-2.2348972379e-06 
-9.2149227184e-18 
3.3670692864e+12 
-9.1685330772e-36 
7.6292816084e-04 
2.1884852871e-12 
-1.5265452592e+36 
5.6266162176e+11 
4.8726284065e+30 
-8.4626646283e+24 
1.5282071158e-37 
1.4375685453e+00 
1.0132609867e-02 
-1.5505465841e-17 
2.1477619200e+09 
-5.5417554989e-08 
-3.8053052151e-22 
1.2677247273e-11 
-2.0938944628e+21 
-2.4748952000e+08 
1.2098853863e-10 
6.2452907094e-35 
-8.5168832541e-01 
3.1850708588e+33 
1.2159966677e-01 
9.6801038681e+36 
-2.0891319040e+09 
-7.9951005825e-33 
-1.8090466022e+19 
1.7975948507e-09 
4.2853938700e+35 
2.9263541567e+14 
2.0029662177e-02 
6.7257389366e-24 
-2.6631575635e+28 
-4.9207878874e-06 
-2.5256267808e-26 
3.0035277443e-16 
4.1606596875e+05 
3.4268278809e+03 
6.9166148390e-28 
2.9853912924e+13 
4.3847848511e+02 
1.3188516277e-05 
8.7087223073e-04 
-2.4971482543e-17 
-1.5636972537e-15 
-6.1287002174e+31 
-4.0134242721e-25 
1.4480588658e-27 
-2.7065309993e-08 
-5.2867262651e-11 
4.3098277498e+23 
5.3018973760e-12 
-4.2098079128e+33 
2.1643550720e+11 
2.7221608419e+14 
-7.7048774983e-05 
-5.4386077111e-35 
-2.6146614509e-29 
2.9952494861e+28 
-5.0829259661e+24 
1.0943506877e+16 
-2.2530022760e-25 
3.3221473927e-07 
3.1297878785e-12 
4.5928917629e-23 
-4.0538865794e+33 
2.4140599263e-19 
-7.7356239108e+29 
-1.1550028285e-04 
-7.4809865054e+30 
-5.7290116092e-04 
2.0141810673e+37 
7.8680429123e+23 
-8.5583034359e-33 
-1.1579752482e-15 
4.6448104485e+33 
8.7461706203e+21 
1.7222719904e+29 
-7.4502800679e-22 
8.6812490327e+16 
1.2006589195e-23 
-2.3038757205e-22 
1.3980580198e-21 
-1.4485390665e-10 
6.8682983571e+25 
2.4382992786e+22 
-2.8897662041e-11 
-4.7650039196e-03 
-2.8422005399e+25 
-1.3199970126e-03 
1.5924958908e-17 
-5.1176035215e+14 
-3.2526365951e+18 
-1.1267426779e-21 
9.3988523419e+28 
4.4566197903e-04 
2.8849694421e+22 
1.6879733892e-22 
9.2447152444e+28 
-5.5707694471e-37 
2.6784628269e+18 
1.6926505392e-21 
1.1318150667e+14 
-1.7041007895e-37 
2.3629106223e+33 
-1.9131707109e-24 
-6.3181636458e-31 
-1.2132224957e-18 
2.1142202572e-13 
-1.4011678720e+09 
-4.0648873156e-12 
-3.5568517120e+09 
5.8538269646e+16 
1.2248623554e-23 
2.7618564136e+32 
3.3879385963e-09 
4.9125572608e+11 
6.9191000736e-33 
-1.8424844482e+17 
-5.9274942436e+16 
-5.6425137999e-12 
-1.4671748187e-31 
3.5314907327e-37 
-1.2208517784e+29 
3.8535422475e-16 
2.3959981967e-33 
9.9569260000e+06 
-2.8970772591e-18 
-1.8845961313e-04 
1.1471169067e-12 
-4.8854335152e-30 
-2.4357295312e+05 
-1.9225074463e+03 
-4.4059080496e-16 
5.3845654749e-26 
-1.2825533558e-25 
6.6074360000e+07 
-3.3099336745e-38 
2.3506060472e+30 
-1.1012114953e-07 
-2.1551962942e-02 
2.5050331796e+32 
1.1845056091e+23 
-3.3392786980e+00 
1.9436401781e-03 
-1.8794757489e+12 
6.4581825611e-24 
4.9820690492e+36 
-5.1433742188e+04 
-3.1322993750e+05 
-2.7386839694e+23 
-8.4565175484e-07 
-1.5775088484e-12 
3.8198390712e-14 
-6.8136884011e+37 
2.6741583962e-21 
-2.1276343002e+38 
9.7803980192e-11 
-3.5030386698e-06 
-6.8692858331e-03 
5.6423423211e-31 
-1.8266466336e-31 
-6.0126232881e-08 
-5.2936803038e-17 
1.4605148819e-34 
-1.4776288238e-27 
-8.0889269477e-16 
-1.0262360064e+11 
1.4714165442e-27 
9.1175438418e+30 
-3.0520811349e-19 
-5.4570746094e+04 
-1.0692695654e+11 
2.8038262900e-29 
-1.7949836902e+11 
-3.4827026679e-11 
2.3591912468e-23 
-1.9264402620e+13 
-6.9969876572e+23 
-1.9669687113e+25 
1.6105112763e-06 
3.7880655378e-02 
2.7269811265e+38 
-4.8359157472e+30 
3.3699306593e+20 
-1.5692971638e+21 
-1.1718259621e-30 
3.4748632894e+37 
8.9580043192e+30 
-2.9800770804e-02 
1.7335626628e-24 
-1.9284009028e+32 
1.9153820691e+17 
-5.9299489441e+31 
6.4051941252e+31 
7.1173393665e-22 
6.1051613741e+13 
9.9000277952e+14 
-7.8194043037e-13 
-4.2225946238e-26 
-4.4843876822e-05 
-9.0429322017e-12 
1.3583209044e+14 
-2.1366722077e-17 
-2.9005915750e+11 
-5.7745978185e+25 
-3.5367537048e-34 
1.4584610299e-23 
1.5825174749e-01 
-1.8321531965e-20 
8.1362109824e-36 
1.3042420654e+03 
1.2030099946e-19 
-1.2706475678e-20 
-7.3472337378e-38 
-3.4562349510e-11 
9.7789484375e+04 
3.5886843559e+24 
-5.0952357924e-06 
7.2669322463e+35 
1.0637893267e-32 
-1.4870441976e-38 
-2.0881451610e+27 
-2.6838422339e-26 
-3.2319987343e-29 
-3.5951747920e+27 
-3.8624711609e-29 
-5.5685582433e+16 
5.4423459426e+19 
-5.2001216035e-34 
-3.6447013855e+01 
-4.9514193750e+05 
-3.7206876868e-07 
3.1485393750e+05 
-1.6981409501e-34 
1.7899923046e+11 
-6.5974452568e-09 
1.2239911556e+00 
1.9708179752e-04 
4.2125944791e-22 
4.5433515530e-18 
-8.8735940608e+11 
5.2905185693e+14 
4.0403598639e-15 
-3.8314613797e-14 
5.6995233186e-12 
-1.0508140204e+24 
1.3001669634e+14 
-1.1332392714e+28 
1.4516318447e-31 
2.5640678010e+20 
2.7107793750e+05 
9.7001609236e+22 
7.7920029298e-32 
-7.3205251694e+00 
3.0369859682e+36 
-3.0566476800e+09 
-6.8351228102e+25 
-3.5524662394e+32 
6.0026540756e+00 
-3.8354317689e+31 
-5.8159880527e+37 
1.4276468236e+35 
-3.8223586426e+03 
-1.6891848134e-27 
-1.8454114356e-26 
2.7404285865e+20 
-5.8218205609e+25 
-3.6452309615e-08 
-1.7348725891e+02 
2.2166192441e+26 
2.7750134579e+11 
-5.5981716632e-30 
8.2667671265e-15 
3.9719951216e-24 
1.0167427399e+24 
-2.9123177752e-02 
-3.1768694000e+07 
-1.0833153818e-10 
-1.7129344633e-04 
-3.1897544921e+24 
-5.4491571972e+19 
5.5930784448e-09 
-3.7438992376e-28 
-9.7119843745e+33 
-6.1812516799e+25 
2.9062134400e+08 
-1.9537619141e+04 
4.2228771235e-06 
9.8156052657e-36 
-3.6275083120e+22 
-7.4920987832e+34 
-4.8683961329e-21 
-1.5132354259e-09 
-8.5837009829e-04 
1.8461319804e-01 
-1.6669736411e-27 
4.4226942337e-24 
-1.4400495328e+28 
-1.3371638184e+03 
5.0233782959e+02 
6.3030518049e-07 
3.8884009585e+36 
-1.6524313354e+02 
2.0322465280e+09 
-3.9251004457e-21 
-5.1265666176e-19 
2.4507296875e+05 
-5.8528711196e+15 
-5.0695272633e-12 
-9.3495574941e+22 
4.2389320845e+24 
9.9626796693e-35 
1.8406561322e+19 
4.0828668224e-10 
-9.5506291837e-03 
-9.4126519954e-33 
-3.5888144083e-17 
-8.1543057251e-27 
2.1176016496e-09 
2.6737059106e-20 
3.5109389923e-28 
-1.3221369037e-15 
3.4575895482e+17 
-5.8545025240e-05 
-6.2429970828e+25 
-8.9084890676e+35 
-1.8815375791e-15 
8.9976181265e+27 
7.2270448494e+18 
-2.8046366833e-25 
3.1268739482e+11 
-4.9243121009e+30 
1.1732573097e-20 
-2.0898221261e+11 
4.7794914049e-37 
2.7716714670e-17 
-8.3050677153e+30 
-1.9367333502e-02 
-1.0176377347e+21 
-2.9917638183e-23 
1.7183838654e+27 
-6.0299954375e-31 
-1.1526409296e+26 
8.1224293959e-33 
6.0473673046e-02 
4.2966207947e+26 
6.4908742905e+00 
1.2978536990e+26 
-1.8107044399e+24 
-3.6944332031e+32 
6.1236437811e-31 
2.2455280881e-29 
-2.8617034821e-27 
7.7009929521e-35 
1.7724025405e+20 
2.0579239726e-01 
-1.6939967343e+16 
-2.0996104497e+37 
-1.6939967343e+16 
8.9226022400e+08 
-1.0853611520e+10 
-2.1734310997e+27 
1.4550883340e-23 
-1.3209401165e+28 
-3.3419128576e-10 
-2.2452605813e+26 
-1.6536005233e-32 
-6.8123685690e+20 
7.6810114303e-25 
6.5528104223e+12 
4.2918062114e-22 
-7.5483190918e+02 
-1.0570131669e+18 
4.6944052734e+03 
-7.8533166081e-11 
-1.5415388184e+03 
-5.1842084554e+35 
6.4539052734e+03 
-3.8846593750e+05 
1.4485173760e+09 
1.8262121094e+04 
3.8448155000e+06 
-1.6490365388e-13 
8.6285420000e+06 
1.9453011018e-26 
-3.2785326575e+38 
2.4087053134e-06 
-4.1447622400e+08 
-1.2303145089e-14 
-1.8282008823e-03 
5.5847985958e-11 
6.5013544635e-21 
1.0984711837e+24 
1.1251352000e+08 
-5.5489272690e+25 
1.0310557255e-15 
1.7030758954e-06 
6.0916227286e-16 
7.8936607912e-22 
1.9623367820e-08 
7.9157057232e+21 
1.6614921333e-24 
4.8855115681e-31 
-6.0727002209e-22 
-8.4837754470e+11 
-6.2719215775e+25 
-6.8329309026e-22 
6.3859436740e+31 
1.8322263139e+25 
-4.4959038391e-14 
-1.2362787546e-39 
2.0428681504e+33 
1.1853952858e-29 
-4.3457135346e-34 
5.2476303360e+09 
-1.9087200729e-36 
-1.2743718994e+12 
1.7250459895e-21 
-1.1120909001e+33 
-1.2598045437e-12 
-2.5258187070e-23 
7.2106628418e+02 
-5.7663242188e+04 
-1.0202894085e-09 
3.0958648267e-07 
-5.1279631053e-18 
4.6319075410e+23 
-1.3368669597e+38 
3.2378656420e-19 
-3.4982484579e-01 
-8.9390932108e-37 
1.4385435551e-11 
-4.0454491147e-32 
8.3205513349e+29 
2.9175873846e-02 
7.0230321277e-37 
1.4949722976e+38 
-1.8552812783e-16 
1.7340779816e-29 
1.4081733704e+02 
3.2308495045e+00 
            nan 
-1.2883399635e-21 
-1.1438758207e-07 
-1.5058222400e+08 
1.7340178788e-01 
-3.6078304391e+27 
1.5494899886e-26 
-2.5896609857e-10 
-3.3047401044e+14 
-1.8658119895e-31 
-1.1415653152e-26 
-2.7365272500e+06 
-1.2976163626e-01 
2.3623693750e+05 
-3.7102591215e+25 
-1.7167051932e+25 
-7.5470772035e+25 
9.5710565802e-05 
-2.1949323851e+18 
2.4715427101e+18 
-4.4958187500e+05 
-1.0592970709e+31 
1.0743245495e-22 
7.5062765519e-14 
2.5358969097e-18 
3.9487649377e+31 
-2.0901369141e+04 
-1.7004164096e+10 
-5.0808738281e+04 
-1.5997178910e+30 
1.8687225053e+26 
-1.5085649265e+12 
1.6172297189e+37 
4.1794285311e-19 
4.0554925453e+23 
-1.3350308364e+30 
1.4678158760e+01 
-4.2093601280e+09 
1.8154304726e-08 
1.1049958865e-10 
-2.0899119803e+23 
6.6779073677e-05 
4.0562433955e-25 
-5.4269084827e+21 
-3.6411421568e+18 
4.8012024000e+07 
2.0717868042e+02 
9.0285552000e+07 
3.2643035000e+06 
1.1829282761e+01 
-1.4025263339e+33 
2.4831965640e+23 
1.6303157464e-17 
2.4357714574e-04 
1.0476429771e+13 
-6.7072999932e-11 
-2.8702185986e+14 
5.7324331008e+10 
4.4791595008e+11 
3.7903068542e+01 
-1.5838368865e+37 
1.6286414848e+10 
-5.4720832876e-21 
-4.7773425892e+15 
1.0319819200e+08 
-2.3987178802e+01 
-3.6716594961e+14 
-1.4559864111e-21 
5.3139709300e-10 
1.3476840334e+21 
-4.9459379413e-23 
-4.7388224744e-30 
1.0207868995e-09 
6.3261889061e-09 
4.7951350212e+00 
7.6506382194e-16 
-5.9825470966e-11 
-4.7732240678e+19 
8.3073188289e-15 
-5.6642684987e-10 
5.9852221055e+29 
7.1954880942e-10 
-1.8593689772e-23 
-7.7091229898e-38 
-1.3007806678e-28 
2.9513315840e+09 
-2.0462874726e-16 
-4.4857379462e-23 
-1.2465135520e-26 
-2.7119433622e-27 
1.4337822624e+24 
-3.6973850078e-34 
1.7820726177e-13 
4.3073373490e-06 
-2.7572617910e-05 
-3.4936868392e-26 
-7.2979366310e+24 
-1.2145253183e-32 
-2.1067379329e+24 
-8.0354438381e+36 
-1.1505358942e+19 
2.4804269828e+36 
-9.8887145514e+32 
-3.1462253237e-34 
9.0833860690e+12 
2.5764131892e+32 
7.8995389264e+20 
-1.0075938740e-20 
-3.5113125143e+21 
-1.5440416763e-36 
3.2821918165e-33 
-2.2273925236e-32 
4.0399575642e+18 
1.4714456251e+19 
-1.1889575074e+22 
-9.3220703125e+02 
-5.7508883072e-11 
-1.9835420980e-31 
1.3776744502e-25 
1.0520478771e+15 
3.3565608071e-09 
1.4422632375e-05 
2.3126285677e-21 
-5.2985825580e-21 
2.6415781932e-31 
3.1269468898e+29 
3.5959084546e+17 
-2.1044227694e-08 
-3.9642142724e-07 
-6.0172237169e+31 
5.1876604000e+07 
1.1535601521e-20 
-2.4429507188e+33 
3.0592816000e+08 
-1.5388718750e+06 
-1.5450024755e-27 
2.9906938705e-22 
5.5584447267e-08 
-5.9368735785e-14 
1.2435463326e-08 
-2.0774526754e-27 
-8.8411639055e+29 
-4.1095095964e-35 
-1.7886927500e+22 
-9.0691165612e+36 
1.2350202558e-18 
-4.6715989398e-22 
5.8596337669e-27 
-1.7458850925e-04 
-2.3765877713e-29 
-1.0665795197e-16 
-7.8841243062e-31 
-6.8489300602e-13 
-1.8186837127e-24 
-9.1564562402e+16 
2.3144820501e-20 
2.5957475200e+08 
-1.2602354715e-08 
-1.0261471216e-18 
1.9882301318e-22 
-6.7315957253e-09 
-9.7804997066e-14 
-1.1001057289e-25 
7.0494181714e+37 
-6.4008221030e-02 
1.3254263056e+27 
-1.0118515401e-11 
1.8992047990e-03 
3.1293509068e+32 
-1.3361895981e+20 
8.2955904007e+00 
4.7601775411e+11 
-3.3779841942e-35 
3.3200104187e-23 
6.7030922852e+03 
-2.3124346470e+11 
7.4721332863e+34 
-1.5976779719e-22 
2.2558681730e-16 
-1.2772088559e+17 
-2.7222472800e-27 
-1.0486773961e+37 
4.1277632117e-02 
6.3812115592e-09 
-3.7868713227e+15 
-2.5869619821e-37 
5.1857650757e+01 
4.0424732111e-15 
-2.3728368603e-08 
-3.0720190625e+05 
5.3743710657e+22 
7.0297357620e+22 
8.4257032634e+13 
-4.2195279468e-35 
5.5931978883e-13 
3.8234115452e+33 
-6.1025496068e-21 
6.4733883425e+19 
8.9569130036e+36 
1.2898266533e-25 
3.5736229420e+00 
-2.0748495573e+37 
7.7949873160e+13 
1.1152396754e+21 
-1.0441683465e+30 
-5.9856072986e+17 
2.7878581208e-31 
-1.9217981440e+11 
1.5864846170e+22 
-5.4121824256e+11 
1.6619910320e+36 
3.7093471967e-17 
-1.6130008753e+18 
3.8885737013e-05 
1.5999893332e-14 
-2.3484676294e-23 
3.6380878279e-26 
-6.9113311738e+22 
1.5665451176e+30 
-8.9451298118e-02 
-4.0080446005e-01 
4.8443760543e-33 
-3.8448626709e+02 
1.8746704882e-05 
-3.8324122429e+00 
-5.3652197850e-34 
-3.6256436187e+28 
-4.7258717011e+15 
2.0913139808e+38 
-3.7223543786e+29 
-1.1411449015e+37 
-2.9430694415e-21 
-7.9806781628e-08 
-2.9741167935e+13 
-1.5623248709e+29 
7.6120768426e-06 
-1.2321531677e+02 
-4.2455238400e+08 
6.0571984099e-23 
-3.1571955627e+15 
-2.0610677234e+36 
9.0616929813e-27 
-4.0498984374e-12 
-2.6504393574e+23 
-1.4740286395e-02 
-1.3500809845e-11 
-4.4469314732e+30 
6.1882341621e-25 
-3.4580118324e-08 
-4.1703218222e-01 
-2.3578681377e-22 
-3.2340941561e+18 
8.5400420136e+33 
-2.0239185328e-10 
-3.6213795190e-28 
2.6546067702e-33 
4.1507220459e+02 
-3.6415039936e+33 
-9.5635190654e-28 
-8.1961722839e+12 
1.6902027026e-19 
-2.4102628192e+34 
-7.7022156800e+09 
-1.2212342222e+16 
2.2787191578e-10 
-6.0975302734e+03 
6.6032363536e+26 
-1.8864099616e-07 
-2.1479643703e+22 
1.8874741619e+18 
-5.9422253418e+02 
1.3602366000e+07 
8.1024806254e+19 
3.0919419295e+34 
7.0301942046e-09 
-3.2647396027e-17 
1.7374711092e-07 
-2.4850623513e+26 
2.3789774438e+11 
9.3870607565e+11 
-2.0855953979e+02 
-1.4085864020e-28 
-1.9367776798e-15 
5.2368074569e+32 
1.3687621093e-26 
3.6549676815e-17 
1.3222182189e-15 
3.4631482855e-38 
1.1063282506e+32 
-9.8393074556e+18 
-1.7077148310e+31 
5.2956916039e+21 
4.2454556002e+17 
4.9710509308e+23 
3.3632798964e-34 
-6.3635225160e-06 
8.9367166445e-11 
-1.6357455940e+36 
-3.1831586143e-21 
-1.1232560547e+04 
-2.3025778422e+30 
2.3766910999e-06 
-5.7980242188e+04 
-4.3779676160e+09 
-7.5420841575e-02 
-2.7551682433e-04 
8.4883983421e+37 
8.0244815350e-01 
-2.6736071087e+18 
1.8142200714e-32 
1.7961101194e+34 
1.5871538025e-12 
-6.7595617746e-31 
-4.6535143614e-27 
-2.3647515000e+06 
-1.3577287680e+10 
            nan 
-4.9051552734e+03 
-2.5900618785e-37 
4.3418263261e+32 
-3.0238739290e-10 
9.9843311396e-10 
5.4389596993e-11 
-7.4684512615e-01 
9.5110454559e+00 
1.0945175588e-01 
2.6616361683e-37 
8.6440032800e-19 
-3.7642866524e+12 
-1.5169910823e-19 
3.3135504515e-26 
1.2383706602e+37 
5.4609743085e-22 
-6.1552890352e-22 
-9.6806628418e+02 
-1.2420685733e-15 
5.8081517259e+34 
1.4495014954e+02 
-8.3435917386e+20 
-1.0353571172e+18 
-1.4770692883e-15 
5.8633938317e-34 
2.1774270548e-29 
-2.7584727839e-30 
-2.3859051450e-32 
-2.2274311829e+02 
1.7918148299e+24 
4.5231364270e+14 
-5.5743739940e-03 
-8.4829636849e+23 
-5.8252561837e-02 
1.5694736794e-04 
1.2570167942e-32 
3.1484520435e+00 
-2.6923170903e-30 
1.4104820474e+26 
4.3888106266e+29 
-8.7693230080e+11 
-1.8508686829e+02 
-4.7868234375e+04 
-1.0865930791e+37 
4.2392234375e+04 
-3.1425428586e+20 
-4.4606018635e-31 
-7.3448578344e+37 
-2.7578030526e-08 
1.3571675867e-02 
3.3033400160e-35 
1.5631211375e+30 
-2.2765314048e+11 
2.5938586426e+03 
-2.3243858534e+28 
-4.7003380000e+07 
-4.4451031868e-29 
5.4233422852e+03 
5.6235750489e+22 
-2.4370341888e+10 
3.0226105824e-02 
2.5103921071e-02 
3.5898175543e-09 
7.5227961130e-29 
-1.8740076250e+06 
-7.9275064231e-17 
-2.2176301073e-10 
-2.0884295657e+18 
-2.4898372117e+23 
-2.1678001154e-19 
-1.6335602125e+24 
5.5361848320e+09 
-1.0701348438e+05 
6.9900973659e+24 
8.5525484375e+04 
-8.0514063059e+31 
8.8829284668e+02 
3.3149677963e-29 
-2.1911116574e+15 
8.0875830664e-14 
1.4218346986e-11 
1.4584464749e-16 
1.0545690020e-04 
2.7616958480e+14 
-1.1695463433e-37 
-1.4706149949e+12 
3.0274838867e+03 
-4.6846717849e-24 
4.1500918257e-08 
-5.9880446837e-26 
1.9093973096e-03 
-5.0248742188e+04 
-2.7712987503e-04 
-2.0573115976e-20 
2.5974191786e-20 
-1.2286609989e-13 
1.2138372776e-34 
-8.7174139435e-12 
6.4374244901e+14 
2.4546884466e+36 
-1.9548520909e+30 
1.3921300817e-17 
-1.2672768672e+13 
-9.9859651527e-05 
2.8773760547e+29 
3.0571975672e+13 
-3.1210797715e-06 
-2.5789429736e-28 
1.1561762949e-04 
-7.8475228402e+29 
-1.2767185547e+04 
2.7985302697e-18 
5.8461186992e-16 
-3.8785742188e+04 
1.8094075455e-18 
-8.0888508593e+18 
3.3926811360e-10 
-1.0864801280e+09 
-1.0066283123e+33 
3.3624551424e+10 
5.2345683798e-03 
8.1012097168e+02 
-5.1910795806e+17 
-1.8607114019e-31 
-8.5739280794e+12 
1.4001157567e-08 
9.4521124337e-23 
4.6226652728e-08 
-3.8171377505e+20 
-6.2954121574e-24 
-1.5096598990e+31 
1.6679630848e+10 
3.1931607358e-10 
2.3044269175e-17 
6.4006966774e+35 
-3.1327310523e-08 
1.7537661864e+23 
-2.0399649851e-12 
3.9357792772e+19 
-1.1108157594e-07 
9.8043059893e-08 
4.2275616002e-24 
6.3319800000e+07 
-2.9643154391e+12 
1.4898125081e+35 
1.2870474272e+21 
-3.2058295301e-38 
-1.7995810533e+24 
6.7969427367e+37 
4.3878023430e+14 
-5.8346901120e-39 
9.9624891107e-34 
-5.6845504000e+08 
4.0724077690e-35 
-4.3813422524e-21 
-6.3812002557e-12 
8.7265177723e-12 
3.7769598714e-29 
-4.2601929915e-35 
1.0709542560e+15 
-9.4225760527e-10 
-8.0158427734e+03 
2.5748421859e-17 
7.0145777196e-35 
-2.7152172800e+08 
-8.4875276563e+35 
5.0006200438e-24 
-5.8200360695e-28 
1.6508357606e-32 
-3.4821391518e+16 
-2.9908289909e+00 
-1.0900827844e-32 
-6.2690243125e-02 
8.6867283911e-16 
4.6292842449e-32 
-3.3218043576e+12 
4.6962773093e-25 
-1.7386949810e-38 
-7.3305814434e-28 
8.7297693813e+18 
-2.1369629514e-19 
3.1785840804e+13 
6.4151863707e+25 
-9.1898813937e+16 
-7.3680121204e-06 
-1.3882179811e+31 
-4.7180790275e+30 
1.1577069759e+00 
6.5152931840e+09 
-8.5258210299e-29 
9.4122286498e+24 
9.9401983399e-35 
-7.5983217567e-30 
1.4537633319e-07 
-1.0137619029e-05 
-4.6180304410e+16 
-3.5579059397e-23 
2.3846946533e-06 
5.4555198036e-19 
-2.2031702995e+00 
1.8558779140e+35 
2.5741634090e-05 
-6.0262065000e+06 
7.4744248176e-28 
-5.4958592145e+25 
-1.5192750391e-09 
-2.0098307954e-28 
-4.1481646118e-22 
5.7475384705e-20 
4.6907996800e+08 
-4.0871719692e-23 
7.7836393918e+31 
-3.6366990625e+05 
-1.7978656686e+30 
-1.1118423930e+17 
3.8513649617e+36 
-2.4494194558e-32 
-9.8835327287e+23 
-4.6645771227e-30 
-6.8010984005e-38 
-2.7926587392e+10 
-5.8301520798e-36 
-4.1973235057e-06 
8.2299399376e-01 
-4.4473564106e+30 
2.7821286081e-24 
-2.8655187500e+06 
5.6636981147e-32 
1.9730156001e+26 
-4.0424528501e-30 
3.3449100694e-13 
-4.4055924594e+18 
-9.6180119331e+37 
-6.7958109809e-16 
5.1796055754e+16 
2.3071284374e+28 
1.6387045119e-32 
1.6258232115e+32 
6.2299627628e+17 
9.8891589856e+23 
-6.6291661374e+37 
-6.1450545000e+06 
5.8264235540e+12 
-2.2734119141e+04 
2.1051331112e+22 
2.0934543124e-28 
1.0137614443e+30 
-8.3184070794e-33 
-1.1907888742e+11 
-1.0024459714e+26 
-3.0380773926e+03 
-2.4498813570e+36 
4.7246645306e-26 
-1.8774659338e-06 
6.2694669786e+18 
-1.1220092109e-32 
-2.9445348598e-20 
2.9166636202e+31 
1.1063572126e-17 
9.7242377575e+36 
-1.3273939714e-14 
-6.7534377552e-21 
1.7737495302e+19 
-5.5658371238e+17 
5.0975439148e-11 
7.7921990070e+21 
3.2721751211e+24 
1.4483218439e+30 
9.8702716464e-14 
-5.3208759582e+22 
2.0128990922e+37 
2.3413692474e+01 
9.0643956309e-32 
-3.3535888510e+33 
4.8916094005e-02 
1.2737337873e-23 
-1.5475573161e-14 
3.7238911795e+11 
-3.8256838400e+08 
9.5664731248e-08 
7.5430238468e+21 
1.2781719959e-36 
1.2842719324e+29 
8.1358859249e-16 
-2.3646307200e+08 
7.3184311462e+34 
-7.1287954097e+37 
4.1124805045e-32 
-6.9923236834e-16 
-6.9232057949e-16 
5.6529921479e-39 
-4.4957028877e-05 
-1.0023718441e-14 
-5.4182978254e+22 
-3.4779768658e-32 
-1.0524619845e-14 
4.9562242188e+04 
-9.2627398767e+14 
4.0463605701e+18 
6.9716169196e+13 
-3.3344616137e+14 
-4.8229370885e-30 
-1.1112977916e-07 
-8.9650769904e+35 
1.9659511852e-22 
-6.0836477280e+00 
-1.2960964478e-22 
-8.2258792552e+19 
1.6923627878e+29 
-2.8015952188e-13 
-2.3946978262e-27 
3.0973549932e-02 
-4.3754343629e+11 
-3.1558389349e-22 
2.7833720245e+16 
-3.1460121094e+04 
-1.3496571803e+16 
-7.7182263181e+36 
-5.9904958304e+16 
4.0976755321e-02 
5.0401619132e+28 
7.5511984291e-19 
4.7243878954e+20 
-1.5223485667e-11 
4.6638973978e-38 
2.2753605505e-14 
-7.6752846540e+37 
-2.1699176500e-07 
7.5436604357e+37 
5.7459729351e-15 
5.6586255681e-08 
4.0968134893e-38 
2.1619729322e+25 
5.8237069845e-01 
-1.4737832384e+29 
-3.5316940698e+33 
-1.6651991606e+00 
-4.0105451845e+34 
-1.4312468806e-35 
2.0924238147e-26 
-6.0920366539e+24 
-3.3181851596e-32 
-2.2675993028e-10 
2.6248767695e-31 
9.3863132544e-11 
-2.7361955134e+27 
2.4423747997e-27 
4.6198291666e-21 
1.8837748480e+09 
1.1259481542e-10 
-1.7828439129e+32 
3.8308807010e-35 
1.2436070246e+20 
-9.6691671962e-23 
-4.3646145797e+23 
-1.1132730870e-03 
1.9509643366e+30 
-4.9081615508e-14 
-3.9055156250e+03 
6.1479250000e+04 
-1.6359536292e-23 
1.1490441395e+36 
-3.4186290577e-05 
-1.7150900000e+05 
1.2714907082e+15 
4.4499654502e+17 
4.0842590332e+00 
2.2061634856e-18 
1.4831058944e+14 
-3.1875154972e+00 
1.5279967158e-07 
-3.1644322500e+06 
2.6133495339e-05 
5.6663460147e-16 
-1.5786449010e-25 
4.4055173699e-27 
9.3878900293e+29 
-7.0398558368e-39 
7.6211991035e+24 
-1.0609327861e-09 
-2.9450522888e+29 
-9.6629565440e+09 
3.9684709732e-37 
-5.7478675444e-05 
5.4650952004e-14 
-6.1560649155e+12 
4.5262237289e+26 
-1.1159369928e+28 
-1.3346772097e-31 
-5.6924438939e-17 
-5.3872169498e-23 
-3.3551292826e+11 
-1.7381135206e-19 
-5.5561644983e-16 
-3.5108072916e-04 
-1.9075713022e-17 
8.2275437564e-26 
1.9954640708e+21 
5.4620309284e-36 
-7.8518794114e-13 
-1.2093979051e+31 
-8.2030441263e-05 
-2.3598485331e+36 
-1.5004621151e-30 
3.6706838832e-32 
4.1872191811e-28 
1.0923561023e-31 
-6.3638845497e+33 
1.0375719486e+31 
-4.1783951843e+33 
5.6269560560e+20 
-1.5637513994e-22 
-4.7201773901e-16 
-6.2762027074e+31 
2.3991747432e+24 
-9.0366619443e+28 
-1.4770824712e+15 
1.9049127314e+33 
2.3174124146e+02 
-6.7987442927e-31 
6.3559028862e+19 
9.1457212500e+05 
2.3547265856e-30 
4.4388123563e+26 
4.1682243347e-01 
2.4047735983e-26 
7.1998318890e-04 
2.5980658264e+22 
-6.2350018197e-06 
1.1375862474e-09 
5.7166045796e-27 
3.9771299498e-07 
1.2545313280e+09 
-1.6110011385e+19 
2.1127121934e-16 
3.2521646221e-20 
1.2778704166e+00 
-4.3550001511e+24 
-1.3182582196e-12 
-9.8641704566e-23 
2.1947524000e+07 
8.3589486621e-07 
2.0694874271e-31 
-1.7884647424e+10 
5.0465437176e-18 
2.3612210083e+02 
1.2818216337e+26 
-1.4782420476e-04 
-3.9195651200e+08 
4.0774993006e+27 
4.1742102863e-34 
5.3354516763e-33 
-2.9560308388e+31 
7.9130690414e-21 
-6.6360629275e-31 
-7.3386186159e-06 
-4.1136606212e+29 
1.1052635554e+16 
-3.3019965659e+36 
-3.1000214091e-24 
3.5386368000e+08 
6.2193580872e-37 
4.7855408525e-10 
-4.3073377996e+23 
2.8858263985e+33 
7.9910576961e+31 
1.3554697678e-17 
3.5074976231e+36 
-5.9280085564e+00 
3.8232313741e+22 
-9.9254099687e-28 
1.6771995526e-19 
6.7114879373e+20 
-1.9280625450e+28 
2.8886333995e-18 
-1.1552674393e-35 
6.9767182617e+03 
-2.7629151470e+29 
1.3108968448e+10 
3.0165029618e+13 
-5.1067443181e-24 
3.1972501278e+00 
-3.6144274020e-20 
1.0517011840e+09 
2.7092897241e-30 
9.1344886343e-23 
-3.0381718743e-23 
2.1973399040e+09 
2.4784951869e-11 
-1.3545276506e-35 
-2.4149630917e-06 
-3.8394565305e-12 
2.4263040000e+07 
-1.1528846331e-18 
4.2643256738e-26 
2.2035693568e+10 
-7.6389500000e+04 
-1.3697289830e-13 
1.3403285004e+28 
1.5779609375e+03 
-3.4856807041e+28 
2.0812762924e+34 
-3.2475852966e-01 
3.3002346754e-03 
-5.1292187500e+03 
8.4612722841e-31 
4.5400759256e+16 
1.2736491229e+36 
2.3973792058e+31 
-4.7134687500e+03 
-1.3303494093e-20 
1.2062345480e-14 
-1.2802156659e+13 
-8.0415762127e+26 
2.2672822067e-18 
4.8459750000e+04 
1.7171029111e+19 
-2.2911987305e+01 
2.9845922856e+27 
3.2493427331e+17 
-9.4564819336e+00 
-4.4549621347e-21 
5.9259359756e-31 
4.9185387790e+20 
-3.4990161657e-03 
2.7161036087e-08 
-6.5320785456e+22 
3.2840992024e-16 
-1.6556136396e-30 
-5.0755380883e+16 
4.7998270020e-05 
-5.0153216000e+07 
3.3679512290e-17 
1.8581353923e+12 
-1.0252920000e+06 
3.5271076741e+13 
1.1158334207e-35 
-7.1896185027e+24 
5.0060742188e+02 
1.7710823349e+17 
5.9778503220e-16 
-2.1326826933e+35 
-2.7589621485e+30 
1.4429401916e-24 
1.0996539063e-18 
-3.9720082742e+24 
4.3568447461e-13 
-4.9534912157e+21 
7.5493399611e-18 
-1.2053978798e+24 
1.5073569905e+35 
-1.3169524736e+10 
-2.5367450924e-16 
-1.3324629510e+32 
-8.9274240000e+06 
-6.2959013003e-13 
-6.1451580887e+22 
-2.8676449759e-27 
3.9793950720e+09 
6.6198021696e+16 
-6.0176465920e+10 
7.0487710178e-16 
-2.5197977038e-09 
-7.9364399426e-06 
4.9377241135e+20 
1.2570546875e+03 
4.4849280166e+33 
1.4125462621e-04 
7.5921888735e-32 
1.3161509643e-14 
-8.9430541992e+00 
1.7585564978e-23 
-6.4736809100e-19 
-2.2765968798e-14 
1.4778110050e+13 
-1.4424654999e+38 
-2.8042332753e+35 
3.3915199527e+34 
-5.0690750000e+04 
1.7907138763e+25 
-6.4248013507e+34 
1.8050771865e-33 
-1.7084999708e-03 
4.0873591357e-27 
1.6133511247e+19 
2.0091691265e-39 
2.8267754608e+16 
-8.1009088136e-22 
-2.9217843695e-39 
-1.2118936381e+29 
-6.8407151820e+22 
1.4816239629e+14 
3.6444297390e+14 
6.0492992515e-28 
-4.3737301636e+02 
1.1683989935e-32 
-6.8851506506e-30 
-9.7273911589e-34 
7.4641790771e+02 
-2.8529720820e+13 
-5.9535746094e+04 
7.6156279647e-06 
-2.2557521981e-37 
-9.0598040771e+02 
3.3964383273e+14 
-8.5368829534e-23 
-1.6335858289e+23 
3.9617049218e+33 
-7.1019520000e+10 
-2.3155354938e-05 
-1.7265671588e+32 
1.8568167837e-10 
2.3437210903e-31 
-3.3067371767e+22 
-2.0927815454e-36 
2.2846368645e+12 
5.5103728300e-06 
1.0828948933e+21 
3.6194072426e+30 
-2.4256628386e+18 
-2.3018345241e+21 
2.8474885644e-11 
-2.1296271007e-04 
-1.8616695743e-15 
-1.2954678232e-17 
7.1650353665e-29 
-2.7040296152e+36 
-1.8131916225e-01 
-2.1389352632e+12 
-7.8876949847e-02 
7.0880279078e+16 
1.6925607854e+12 
5.2467565918e+02 
3.3002883813e+38 
7.2747293131e-35 
1.3570013392e+26 
-7.0362121805e-38 
-6.2744573347e+22 
-1.9790792688e+16 
3.8094068877e-03 
1.0892366712e-22 
1.6526120715e+34 
2.6314013963e+35 
7.3616387500e+05 
-5.3918108733e-07 
5.4434491434e+34 
-2.2325720806e+25 
-4.0375698300e-36 
-5.7325459289e+24 
2.2261050617e-05 
-3.0584864616e+00 
5.7457050363e-35 
-2.8969356537e+01 
-2.1272109778e-37 
-2.8317334475e-31 
5.0005430907e-09 
1.5071183952e-05 
-7.8026292821e-16 
-6.1079754694e+22 
1.8634826622e-20 
9.4110467016e-24 
5.3280753143e-09 
4.2645243086e-37 
-1.0428322206e-08 
5.9460435118e-30 
5.4311520656e-31 
-7.3800176254e+30 
-1.9196821073e-28 
8.0416287254e+29 
-6.2514640942e+21 
1.5169600602e-12 
4.0090894198e-26 
-5.3906332697e-24 
-1.0058243191e-31 
1.5455557732e-03 
2.0019644445e+26 
1.6444341285e-33 
6.5934716928e+10 
-1.2802963137e-14 
1.1164330691e-01 
-1.2651540480e+11 
8.3211039684e+25 
-4.9239855363e+35 
2.2432683103e-37 
1.9522456586e-27 
-7.0340364991e+37 
-1.6997650397e-19 
-1.3892898438e+05 
-8.1181852828e+13 
-2.3666465102e-35 
1.0951738648e-11 
-7.9308759739e+37 
-6.1689757469e-11 
-2.3157727292e+28 
-6.7345861689e-14 
3.9199441069e-24 
-6.7353987276e-08 
1.3966553563e-29 
3.4387246955e+32 
-5.4780467248e-26 
-9.6368041585e-13 
8.6209742400e+25 
-9.4422326642e-28 
5.2356557617e+03 
-9.0424492188e+04 
1.8488779829e-35 
5.0452810881e-36 
-5.9725887878e-27 
-1.5116694846e-36 
-9.9349110000e+06 
9.3019561809e-18 
-1.4149050724e-37 
-2.0858299255e+02 
-1.7044273862e+25 
-2.9286588769e+29 
7.3048532033e-37 
1.3691704430e-17 
-1.2016536202e-35 
1.1329235184e+18 
-4.2186139238e+12 
1.0227733800e+15 
3.0190827103e-15 
9.8138431641e+32 
3.2459627867e-32 
-1.6143526036e+26 
-7.3901115000e+06 
1.0669045267e-36 
4.2037653923e+00 
-2.0651658630e+02 
6.2710163200e+08 
3.0481063766e+19 
-3.6224735435e-27 
-7.7530021739e+19 
9.3283805047e+30 
-3.8835463395e+33 
-7.9968524567e+13 
2.1966833759e-23 
-1.3500754681e-10 
-5.9713051315e-34 
-3.1978147206e-24 
-9.2930459962e-34 
4.5793020213e+26 
4.1285893321e-01 
            nan 
2.9829142615e-02 
2.2050795684e+12 
-1.4111220747e+14 
-5.2531634521e+02 
-9.0545216854e+18 
2.4385834562e-29 
-1.9402013440e+09 
1.1548927200e+08 
9.2790735096e-08 
-2.8720980206e+31 
-6.2702208458e-26 
-2.0527552054e-31 
-3.3501377228e-09 
-2.2452906230e+14 
-2.4186345201e-12 
-5.3857633611e-04 
-3.8575680197e+37 
6.6242875000e+06 
6.0297531003e-38 
1.6913123047e+04 
-2.9392162606e+38 
-9.1534797356e-33 
4.9468831347e-25 
1.5914275311e+32 
3.6603897573e-19 
-1.8205772918e-32 
3.8048632573e-33 
-1.5720273083e-08 
2.2074617334e-07 
1.7849549179e+34 
3.1250150204e+00 
2.0122171322e+31 
6.8898359580e-34 
2.8516455055e-27 
1.0743654245e-29 
-1.7520226724e-34 
4.2066682839e+12 
-9.4193001800e-31 
1.7567852039e-35 
-2.4824656101e+33 
-9.0226790336e+35 
4.7661535098e-38 
-4.1352266073e-01 
-5.9639021320e+28 
1.0069652943e+20 
-5.1116649460e-39 
4.6818714524e+26 
-1.9159002958e-22 
1.0104853309e+16 
1.5466878889e-09 
3.2622380800e+08 
7.7359852608e-34 
1.6291530361e+16 
-5.5394590377e+32 
-3.7467643136e+31 
-7.1876111906e-04 
5.4373568338e+21 
1.0838060547e+04 
-1.0646452634e+11 
2.4137377258e-37 
-2.2105444671e+34 
1.2087564616e-15 
-2.0306637833e+21 
-1.6480168381e+34 
1.6449943040e+09 
-7.4369810750e-37 
6.0595909397e-28 
3.7912852273e+27 
-1.0518092745e+32 
9.8979569888e+29 
9.7806992359e+27 
2.5973244822e-12 
3.2189961382e-33 
-1.6060265239e+22 
-2.5520462707e+35 
1.6352372610e+18 
2.6056392000e+08 
8.0740851712e+10 
8.2023789282e-38 
-1.3272738122e+19 
1.7549633556e-38 
-7.5675907598e-13 
-2.2923794528e+32 
-2.9079756800e+10 
1.8949950366e+36 
3.8960410298e-25 
-1.0872892760e+29 
-8.2395556641e+03 
-9.7946813955e-25 
8.8147423230e-04 
-1.4846789357e-21 
8.6072721670e+13 
-1.2763875723e-01 
5.0665013851e-11 
7.4636688667e+25 
-2.8951563916e-37 
-8.9546363831e+01 
-1.5791754362e-29 
1.4214433186e-08 
-1.4785726758e-37 
2.6828910010e-32 
5.1336540026e+29 
-5.0610938662e-32 
-1.1777279854e+01 
-1.3604874575e+23 
-2.1455699224e-23 
-1.3801468160e+09 
1.4243717133e+14 
-1.4950710903e+13 
-6.9877916076e-07 
-3.2948041671e-20 
-2.4484406169e-10 
1.3658075888e+17 
3.6461648983e+28 
-7.7389808640e+09 
4.2687671902e+15 
7.4841773404e-12 
-1.0111746378e-02 
-2.0378775895e-01 
1.1463243766e+31 
8.8328342638e-26 
-4.2677628792e-11 
2.7697999731e+34 
3.6803790625e+05 
5.1900129365e+32 
-2.3219439067e-13 
-2.5219033178e+29 
-1.7088652985e-35 
3.7579153113e-23 
-2.1066565812e-01 
-9.8177865689e+37 
3.1148917672e+32 
1.5357602119e+01 
-2.1749495803e-15 
-1.8736556250e+06 
-8.0733644836e-07 
-6.6533950963e-15 
-2.3457995180e+35 
-4.5676505113e-12 
1.9155411701e-26 
5.7045305996e+14 
1.2784547656e+05 
3.2197632370e-23 
2.2822494023e-35 
-3.6109350654e+22 
-4.0832576306e-36 
-4.4011671889e-06 
-4.6314228000e+07 
-8.0853422852e+03 
-4.9559200356e-32 
-2.6143844867e-09 
-8.1741476562e+04 
-3.5480635331e-35 
8.3113707441e+16 
1.6818629837e+11 
-2.1936316788e-01 
-4.5428521600e+08 
4.9479921952e-16 
-9.7503262758e-01 
6.6885525512e-26 
8.3982320502e-03 
-1.0974301338e+01 
-2.2584380347e-31 
-4.3020850065e+20 
1.4527871365e-13 
1.1036822927e+36 
-6.2673020363e+00 
-1.0642397122e+28 
-8.5912801198e+22 
-1.5521005438e+38 
-2.1652109884e-31 
-2.6901564470e+36 
3.7673665793e-04 
3.0880104399e-15 
-3.8424362444e-32 
1.2506169711e-10 
6.7646973542e+11 
-6.4637140992e+11 
-2.4637939636e+31 
5.3366303768e-30 
1.3355673523e-15 
1.1432770082e+33 
-4.1667264121e+23 
8.1299472975e-17 
1.8546721968e+25 
2.7527557123e-08 
6.2270240000e+08 
-4.6465530090e-07 
-8.1888851488e+16 
5.5963629330e-33 
-6.2688606189e+35 
-6.7183486480e+18 
1.4615967561e+31 
2.2862418803e-07 
6.8324132465e+22 
7.5680839043e-30 
-1.9904331679e-23 
-9.0000126391e-20 
-1.5061897113e-31 
-9.6957815961e-22 
-7.7220381250e+05 
2.9318331929e-37 
-4.3554724655e-27 
-2.4154585266e+02 
3.9723450538e-18 
4.2655003973e-09 
-3.4907669814e-37 
1.0048211152e-05 
7.0011275906e-38 
2.4340411978e-18 
6.1883786740e-36 
1.8036018077e-26 
1.9504069967e-23 
-2.4772801872e-34 
-1.3041029962e+17 
2.6514441761e-32 
-3.4446364936e+35 
1.3784108916e+29 
-2.5883280436e-13 
3.0549090811e+24 
-9.0925410000e+06 
-5.4991730487e-21 
-5.3315528425e+17 
2.7273194064e-05 
-6.8208185257e-04 
-1.6072226800e+22 
1.0489986092e-01 
-1.4387231235e-19 
2.1181941712e+33 
2.1484232000e+08 
6.6103469670e+11 
4.6883996326e+32 
-1.6461977982e-29 
-6.1193572352e+10 
7.5094305203e-28 
3.0412587787e+24 
-1.8199081037e-23 
-5.1663870443e+31 
-6.9902449399e+24 
-1.3063391029e+22 
1.5053881270e-06 
2.8239663941e-09 
1.8560212009e+12 
1.6871311421e+37 
1.7865837500e+06 
1.1090182592e-11 
-4.4159678634e+17 
5.6175539481e-13 
3.6638897376e+35 
-1.1773293914e+17 
1.4757937096e-16 
-1.0808254865e+33 
-6.8993799118e-08 
1.8448672359e-14 
6.9811663012e+12 
2.0877932032e-20 
-2.8614455296e+10 
-1.7635282678e+21 
-6.5277110000e+06 
3.7374969600e+08 
-1.4694448964e-06 
1.6880678400e+09 
3.5191544000e+07 
3.7448913847e+24 
3.7882712375e-13 
-8.2516121355e+34 
1.1622731934e+03 
6.0311718930e-15 
3.9099644081e-36 
4.8644890271e-30 
4.9999150413e+24 
-4.2159155515e+26 
9.7842210896e-19 
1.3477756840e+17 
-1.0480366715e+19 
-2.2396441549e-02 
-4.1764840475e-09 
-1.9494516309e-03 
6.8217156403e+12 
-2.5502840521e+13 
3.8705770929e-25 
-6.5228020468e-13 
9.2109920170e+16 
-8.7837103882e+12 
2.8254279972e+35 
-1.7226776183e+13 
1.2101864302e-26 
-4.2590421044e-22 
-2.1644634061e+20 
5.8609651803e-30 
-3.4220272321e+36 
-9.4776816000e+07 
3.2701835684e-10 
-1.6858269688e-18 
3.4348844800e+08 
-1.8040534109e-02 
1.2927000576e+11 
-3.6429672087e+17 
5.0492755734e-36 
-4.5353881578e+18 
-7.5138689451e-35 
8.4346279502e-02 
1.7806914747e-28 
8.7037617792e+30 
-1.7020381540e-25 
-2.5657996214e+13 
-2.3706755774e-36 
5.7946026668e+26 
-4.0317432726e-10 
-4.2474768084e+37 
9.0641313323e-16 
1.5983906499e-28 
-1.7846377241e+16 
6.7393239860e-21 
7.5392177734e+03 
5.1213260269e+31 
1.3471652179e-12 
-2.8050811807e-07 
9.1220794807e-11 
-1.3863593010e-22 
-3.0341286618e+22 
-1.4951750898e-23 
7.5101244490e+13 
2.0514179949e-37 
-1.7612915222e-29 
1.2614234973e-36 
-4.7853357691e-22 
3.3800741159e+18 
6.0908927917e+01 
9.5409866866e-25 
-7.3540976513e+30 
1.5731794434e+03 
-2.2303577818e-20 
2.2243425851e-11 
2.5379360211e+13 
2.6495955430e-10 
-2.3600289226e-01 
1.2233662000e+07 
7.4600207857e+35 
-1.3614538183e-24 
-4.7941364420e-12 
-6.5144610816e+10 
2.0474099438e-04 
-5.9454565782e-22 
2.3252947709e-21 
-8.1093879196e+26 
5.9638416857e+28 
6.3074885358e+22 
7.5834949055e+16 
-2.6571429214e+28 
-3.3310059492e+22 
8.8918525393e+15 
-7.7148534638e-21 
5.5508434630e+20 
-5.4314677734e+03 
6.7213842607e+29 
-1.1812188165e-28 
-3.0746673584e+02 
6.2483077112e+30 
5.5303475376e-33 
2.0828490665e+37 
-5.8513946726e-13 
-1.9414606934e+03 
2.5892175022e+19 
2.5563961792e+02 
-1.6938426415e-04 
2.2910761024e+24 
-7.8462999986e-11 
-8.8488396736e+19 
-7.5232360676e-28 
2.2564585647e+16 
2.1556401074e+24 
-2.8388920327e-05 
-1.4855839301e-30 
4.5822192717e+33 
-2.1170144198e-23 
6.9612050282e+36 
8.3954737152e+10 
-3.4932315711e-29 
-1.4056689921e+24 
-2.7811838932e-14 
2.9697103500e+00 
3.1273813475e+29 
-1.3790285238e+21 
-3.8754492800e+08 
-1.0892476000e+07 
-3.4694559644e-34 
-7.7094872099e-15 
4.2766527823e-34 
5.1271740286e-35 
-2.0627732602e+25 
-1.7920079172e-16 
4.1436483716e+20 
-2.3957230710e+20 
1.2681367200e+08 
-1.4972934570e+04 
2.5671284098e+17 
2.7188861610e-38 
-2.5916981416e-17 
-1.3929264640e+09 
-8.6627636180e-25 
-2.2968214400e+08 
1.2915149981e+21 
-1.0057147005e-25 
6.9514065981e-01 
-5.6669946880e+09 
-2.6230482137e-27 
-4.0206273570e+31 
-5.3954225000e+06 
8.8848443702e-03 
-2.6037578883e-24 
-8.2213640447e+20 
-3.0579308162e-30 
-1.2672738442e-27 
-1.0394612139e-18 
-5.6775737010e+20 
9.6620471270e-22 
-8.0652156237e+30 
-6.3404899421e-18 
-2.2642892832e+27 
2.2318714000e+07 
1.0714385659e-01 
6.3331282332e-16 
9.6977688372e-02 
-1.0278278492e-18 
-1.5080103170e-31 
-4.0494076200e-23 
-9.3641473998e-21 
-2.0749260487e+31 
6.7159076222e+19 
1.4916736954e-37 
-1.8566857600e+08 
3.3284292059e+28 
-1.2370935002e+21 
-1.7288482437e-15 
6.5322232000e+07 
-2.3219224066e-02 
-6.9703586412e-36 
-3.1185752168e+15 
1.6550258004e+22 
1.9674659124e-10 
1.9172803243e-19 
-5.7233389788e-28 
-8.0343637262e-24 
6.0627053244e-06 
2.6348601523e-07 
7.9174905343e+35 
-4.5381682326e+36 
3.8629193986e-18 
3.1204423832e-31 
-3.7894032897e+34 
4.6445334208e+31 
5.0251999828e+31 
-9.0159390488e-27 
-2.9135475835e+12 
-1.1049534000e+07 
3.3048207115e-05 
-7.9502390000e+06 
1.1194001317e+23 
-1.6216913229e-11 
5.1984457728e+10 
-9.8902499356e+30 
-3.5551878898e-33 
-3.5240082325e-29 
-2.2212032318e+01 
-2.3587043992e+35 
-2.4252075417e-28 
-1.4606018979e+17 
-1.5531143201e+28 
-2.3972694005e+34 
1.7921470154e+24 
6.3631489006e-18 
-3.4447832442e+16 
1.8584712762e-12 
-1.3977153829e+23 
-3.4510204382e+31 
6.4887001926e+30 
-8.6876983385e-10 
2.8364856617e-35 
1.7187299134e+18 
6.1369221648e-39 
1.9606060121e-29 
-1.2162815219e+22 
2.9687906590e+17 
-2.2392832761e-05 
-4.0350145113e+37 
-5.0299230497e-04 
-4.5451067901e+28 
-5.1376193750e+05 
-3.4645819902e-31 
-1.1559178059e-09 
-1.8984123283e-16 
3.5246028462e-37 
2.7236960000e+08 
            nan 
6.4943450389e+25 
8.3150487552e+10 
-4.7863083827e+11 
3.5167859114e+13 
1.3881494301e-19 
-3.1334556056e+24 
3.6578703936e-23 
-6.0227874201e-04 
-5.9329593182e-01 
1.9678113461e+00 
-1.8453968223e-03 
-5.3696850574e+29 
-8.6707242544e+30 
-3.2320609467e+25 
-2.2056816231e+18 
-3.1739120436e-20 
1.7218409973e+25 
6.4899965256e+12 
-1.0534529846e+36 
-2.5683412081e-17 
2.6724476000e+07 
-3.1623599203e+34 
-1.2299774587e-01 
-7.5636197305e-10 
-1.1445555115e+02 
5.6836502235e+27 
-2.9742258328e+23 
9.6068179607e-01 
4.0296673658e+32 
3.3388573100e+37 
-1.0130416955e+16 
5.4879090654e+16 
-2.7485317733e+14 
9.4576768639e-10 
-1.9011006148e-28 
-1.8431567213e-18 
3.6914250255e-01 
-3.7726269120e+33 
-8.6900958952e-31 
-3.6363371237e+23 
-1.2118986552e+33 
3.9420481374e-25 
-3.6754801430e-26 
1.5751419888e-25 
-2.6508601150e-04 
2.9565463805e-38 
-1.3564784414e-28 
9.5500958890e-19 
-4.6591135895e-32 
-8.1269241488e-20 
-1.0830054602e+32 
1.9332601391e-30 
9.1791175185e+17 
-8.4677449749e-24 
3.7017781391e-22 
-2.6947397442e+20 
-2.4430437214e-32 
2.0200065593e+25 
-2.5763485414e-15 
3.0411904106e-08 
1.7131351694e+20 
-9.9946852007e-36 
-1.2176805115e+02 
-5.4392597562e+35 
3.7256513884e-26 
-2.1332260966e-01 
7.3573862789e+37 
3.0638621094e+04 
-1.8060080590e-22 
-5.8823487310e+22 
-2.1669868995e+12 
-3.9061759949e+01 
1.7041725808e-09 
1.7838261608e+38 
4.7162987016e-21 
-1.0029822025e-12 
6.6570332274e-03 
-8.6573767056e-36 
-1.8728200684e+03 
-9.5464845420e+34 
1.2824983475e-23 
-5.7890914585e+28 
4.3526392000e+07 
-2.5846585316e-08 
-3.3790010214e-01 
2.0843089725e-22 
4.0294232120e+17 
3.6558758400e+09 
2.6668328042e+27 
-8.2470788981e+35 
-5.4306046243e-37 
6.7238626990e-35 
3.3600762039e+27 
4.1729154058e-34 
1.1187649943e-04 
-7.8623417059e+17 
-1.5783261299e+01 
3.0306097253e+35 
-3.3470146560e+10 
7.1101231402e-34 
-1.3786788285e-01 
9.6941228320e-34 
2.4085862126e+36 
-3.5678077915e-30 
-1.5162630910e-15 
1.1070440523e-03 
1.8781079122e-11 
4.7771991607e+33 
1.7563959998e-14 
2.6332333984e+03 
-1.5924739838e+01 
-3.3762110979e-04 
1.3600141250e-13 
2.4648295985e-21 
3.2044626980e-25 
8.0289888382e+00 
2.7453614518e+38 
-8.6322377521e+18 
2.4063579838e-27 
-2.1248661352e+27 
-1.4545218599e-13 
-6.9521290082e-35 
6.2082928952e+32 
-9.1652535561e-10 
-1.0902996459e+35 
-1.2492425092e+15 
5.2026071040e+09 
-1.8291560652e+18 
1.3898418933e-18 
-4.0849316764e-19 
1.3527538982e-36 
2.0174919434e+03 
3.0227689472e+10 
4.4105754932e-04 
6.1036470000e+06 
-1.2837042505e-06 
1.0552979288e+18 
-1.9735055542e+02 
2.2135997772e+24 
-2.5639143504e-34 
-2.0947081338e+23 
-2.8924318843e+13 
-6.7113237190e-10 
2.5802441796e-36 
5.2012003929e-23 
4.1051911465e-30 
6.8681708532e+27 
-1.5511701107e+00 
-1.0069630976e+11 
1.9291217939e-23 
1.3653556723e+18 
1.1695081213e+21 
-1.3950953178e+19 
-7.0317131671e-30 
2.1103448850e-11 
-2.5908849987e+14 
2.7392089293e-17 
1.4658923873e-29 
6.2001446946e+17 
2.5085859079e-07 
3.8976893400e-16 
8.3192748442e+11 
1.2661949024e+30 
-2.2900504604e-08 
-4.5062822104e-01 
-1.4718296875e+05 
2.7622372325e+21 
-5.3750322420e+37 
-1.8011663122e+35 
-2.0542317500e+06 
-2.8645563244e+19 
-1.8771525472e-02 
-4.0548036011e-26 
7.4153083673e-09 
-1.6740042241e-08 
-6.4012024086e-04 
8.9816958626e+19 
-4.8407966272e-25 
3.2726502816e-15 
-8.0652276356e+33 
1.0539402575e-22 
2.6692949066e-12 
9.5403730589e+17 
1.9160756139e+31 
1.8091927759e-31 
-1.7107157030e-37 
-1.0022040772e-23 
5.4500934988e-19 
8.0028525240e-38 
3.4196344068e+17 
-7.3763622400e+08 
-9.3617100183e-11 
-1.0229643719e-23 
-1.7552336994e+18 
3.5214269001e-11 
-2.5279896875e+05 
5.9742649057e+12 
4.7897393750e+05 
3.1234618276e-02 
7.8532424738e+32 
-2.3572955000e+06 
-4.2795056740e-31 
1.8779911680e+09 
-2.7311728580e-37 
-6.8562510456e+19 
-2.0294720448e+26 
2.8418012150e-34 
1.7357067374e-25 
4.3565180518e+11 
-4.5836479501e-08 
9.3004037954e+25 
3.7889997200e+28 
-5.8987778624e+22 
-9.6626093047e+25 
-9.0461143428e-32 
1.0816378649e-14 
2.4532149272e-25 
2.7350149721e+33 
8.6219869593e+34 
-2.1114024372e+23 
4.1274292627e+22 
-1.6935425151e-07 
-3.1768852956e-13 
1.1022275747e-30 
7.0726298418e-07 
-6.4056746019e-11 
1.7736945110e-29 
2.2845828484e+24 
6.6677765060e+22 
-1.5999366764e+31 
2.1172821920e-20 
1.6257993216e-11 
-1.9765329171e-14 
5.3970008516e+20 
1.1717936523e+04 
-1.0800388331e-24 
-1.6520594060e-01 
4.3625647971e-33 
1.0738423824e+13 
-1.4122105837e-31 
-1.6426086618e+18 
-4.6707301221e-11 
-2.1819275024e+34 
3.0033761277e-33 
-3.9077164716e+28 
8.1195064415e+22 
-1.9505963709e-32 
-4.6374534967e-35 
2.2675739474e+26 
1.8166168320e+09 
-1.1272111128e-25 
1.1689781557e-18 
2.0112060867e+20 
5.5048027367e-35 
3.4525614358e+23 
-1.6385129929e+01 
4.3834082182e+35 
1.0473011434e-01 
5.3115932875e-30 
1.1481624615e-31 
-2.1242231359e+17 
-1.0761386848e+26 
