2.3509887016e-38 
0.0000000000e+00 
0.0000000000e+00 
0.0000000000e+00 
0.0000000000e+00 
0.0000000000e+00 
0.0000000000e+00 
3.5873240687e-43 
0.0000000000e+00 
0.0000000000e+00 
0.0000000000e+00 
0.0000000000e+00 
0.0000000000e+00 
0.0000000000e+00 
0.0000000000e+00 
0.0000000000e+00 
0.0000000000e+00 
0.0000000000e+00 
0.0000000000e+00 
0.0000000000e+00 
0.0000000000e+00 
0.0000000000e+00 
0.0000000000e+00 
0.0000000000e+00 
0.0000000000e+00 
0.0000000000e+00 
0.0000000000e+00 
0.0000000000e+00 
-4.4236203410e-34 
7.1746481373e-42 
0.0000000000e+00 
0.0000000000e+00 
0.0000000000e+00 
0.0000000000e+00 
0.0000000000e+00 
0.0000000000e+00 
0.0000000000e+00 
0.0000000000e+00 
0.0000000000e+00 
0.0000000000e+00 
0.0000000000e+00 
0.0000000000e+00 
0.0000000000e+00 
0.0000000000e+00 
0.0000000000e+00 
0.0000000000e+00 
0.0000000000e+00 
0.0000000000e+00 
0.0000000000e+00 
0.0000000000e+00 
0.0000000000e+00 
0.0000000000e+00 
0.0000000000e+00 
0.0000000000e+00 
0.0000000000e+00 
0.0000000000e+00 
0.0000000000e+00 
0.0000000000e+00 
0.0000000000e+00 
0.0000000000e+00 
9.1505181250e+05 
-5.3984996384e-17 
-1.4890644714e-34 
2.6008637327e+23 
1.7519108993e-12 
8.6783974110e+34 
-5.9157898650e-03 
-2.7101845756e-20 
-1.0496643379e-16 
1.2487451784e-07 
-1.2220380440e-15 
-2.0673052106e+21 
-8.4059230983e-02 
2.3716854685e-06 
-4.6478604233e+33 
-1.5661970981e+30 
-1.5717200610e+23 
1.8253313617e-35 
2.0549559284e-15 
-1.6404002380e+02 
-2.1518995804e+26 
-2.0172378398e+33 
-7.9103322531e+15 
-6.2486106176e-24 
-1.5505702257e+13 
1.4010010287e-02 
4.3113314440e-36 
7.9582984478e+15 
-9.7470359018e+24 
-2.4631730412e-05 
5.8181181250e+05 
1.1601413107e+32 
-1.2500711214e-31 
-3.9467961426e+03 
-6.7833200640e+11 
-2.9231599670e+22 
-1.6343516138e-28 
2.4212606975e+21 
1.9931658737e-19 
3.1757671100e+26 
2.2730421035e+18 
4.6447995450e-10 
-1.9091687073e+34 
1.0292739575e-24 
1.2306750671e-12 
2.4318604908e-09 
5.5839480000e+07 
-6.2757217948e-24 
2.4828761866e+12 
-1.3685482025e+01 
-1.8107980490e+00 
-2.5207099478e+35 
-2.4718801656e+16 
1.0389647656e+05 
1.9773296875e+05 
-3.8415350554e-26 
-1.2466648865e+02 
6.9774325995e-31 
8.9531142916e-12 
-4.0142564832e+27 
7.4631456709e+24 
-6.1683980146e-10 
5.9144469289e-32 
3.7310525780e-22 
-5.0462968000e+07 
-1.6125632473e+28 
1.1831711233e-01 
1.4039176522e+36 
-1.6493191627e+20 
4.4156763452e+14 
1.6676324463e+03 
1.5844738500e-30 
-2.0199483633e-01 
            nan 
-2.4962222421e-16 
-1.5648960988e+25 
3.1944790055e+37 
-6.7826573533e-17 
-3.7355305857e-19 
1.5204022272e+10 
-3.5907803440e-28 
2.7729472623e+35 
1.2598309548e-11 
1.7429287243e+23 
-5.7192555166e-37 
5.1255080842e+25 
-3.6044114828e-01 
-1.4908258297e+15 
5.3338607490e+34 
3.6548578501e-31 
1.2881566948e-14 
2.5384328863e-37 
-2.7432367062e+18 
7.1259925608e-04 
1.8681127611e+23 
1.8281043790e+31 
5.0637309424e+35 
1.6891858578e+00 
-2.3946544000e+08 
-6.7330999709e+17 
-7.9219654656e+12 
-1.3881885327e+12 
1.5173268089e+37 
-1.2822846000e+07 
-9.8883127706e-14 
-7.3735525748e+18 
1.8965235427e-07 
-1.0312031812e+36 
-7.5426722845e+20 
4.4343800982e-04 
-7.3865863465e-37 
-1.1520218941e+33 
1.3087064693e+20 
2.5029752914e+12 
-1.0101473130e-10 
7.1664957302e-10 
2.5526118069e+16 
2.6451740024e+26 
2.8545358153e+19 
7.6486980269e-14 
-2.5784795000e+06 
3.0423450997e+34 
3.1358379661e-22 
2.3560869492e-34 
-4.3412158337e+19 
3.0254359245e+00 
5.3585393457e+26 
-3.9485043089e-05 
-6.7803572399e+35 
3.3690981037e-28 
-1.9416526698e-07 
-4.2581763839e-19 
-3.9168445079e-31 
-9.4010995126e-22 
1.0193650853e+27 
1.7801141739e+01 
-1.7526029849e-18 
-4.0355756931e-12 
-5.0989057870e-28 
2.2716353953e-07 
3.7716327543e-20 
-9.8236375110e-30 
5.7722968910e-19 
4.2473787069e-01 
1.0209560547e+04 
1.0085178797e-29 
2.6238890132e-04 
3.6889466757e+26 
2.9706280258e-22 
-1.1140390054e-36 
-3.8408440000e+07 
-7.8565669106e-22 
-3.7623524592e-32 
-5.8480459826e-24 
-2.9870308895e-24 
1.4184140205e+01 
5.7461980414e+26 
1.3043916250e+06 
-3.8394507956e-17 
-3.7625792561e+15 
-3.5451247972e-35 
6.1079779796e-21 
3.5649874719e-10 
2.2543724612e+27 
8.3692812083e+35 
1.0157505858e-37 
9.9402859846e+36 
-1.0207604462e+22 
8.3507174184e+21 
6.0316675578e-24 
-1.0064081513e-10 
-1.7137864524e-37 
4.1485275000e+06 
-7.8357430000e+06 
1.3697026949e-27 
4.6913001082e+36 
1.6074514967e-31 
1.3752287397e-19 
-1.2269308301e-20 
-5.0968574873e+14 
2.4460340140e+28 
8.5306699384e+27 
8.9259688284e-32 
6.5456397878e-32 
-8.5846081956e-37 
-1.4946348190e+01 
1.0492432169e-15 
-3.8479762077e+00 
2.7964551971e+26 
-4.6265945431e-16 
4.6465541734e+11 
-1.0117727374e+26 
7.4033622591e+17 
-2.2411048988e+26 
2.0357518704e-14 
-1.2309623417e-03 
1.6638730358e-06 
2.1462227579e-31 
-1.8425563297e-08 
-2.7097054086e-15 
5.5342225757e-14 
1.0037723776e+15 
1.2361570740e+02 
1.3598551506e+16 
-1.9219729287e-27 
-2.7425863780e-36 
3.3261807774e-37 
-6.0724099294e-28 
1.3475939200e+08 
-7.0637618915e+37 
1.6074749440e+09 
-1.4495625356e-27 
8.2657541149e+33 
2.8631427090e-11 
1.2139303969e-17 
4.1384003863e-11 
-2.1105793036e+37 
-7.7586436018e-26 
1.5066169453e-24 
-6.9403061386e-32 
1.9256047556e-30 
-1.4561812784e+29 
-1.0378299997e-08 
-5.4085348860e+32 
-4.1476723744e-25 
6.3821490663e+15 
-1.2217407000e+07 
-1.6510051787e-32 
-2.4462091931e+14 
2.1828439500e-08 
7.4951149762e+20 
4.7308004761e+02 
2.4064336312e-18 
-7.3263675000e+06 
3.0925623047e+04 
-6.5428679363e-07 
5.0114113795e-20 
-2.4139909202e+26 
1.9744816115e-22 
-1.0075264163e+18 
3.3103603414e-07 
-7.4465667973e+12 
1.0295715430e+12 
8.2365615234e+03 
1.0728790231e-20 
3.6509246094e+04 
6.5491782204e-28 
-9.4843539678e-24 
2.0868316231e+16 
-1.2333992383e+30 
2.8654096971e+35 
-8.5798219161e-35 
4.8295970601e-07 
-9.2714849978e-16 
-3.0996111693e+21 
-3.7637966309e+03 
6.7970653731e-22 
3.5984625897e-27 
-6.8914488087e-26 
1.1225871181e+31 
3.0566905856e+10 
1.6742396391e-29 
-1.7992182402e-03 
-1.0559872696e+12 
3.9748484438e+19 
4.9339391326e+18 
6.3546929144e-38 
-4.9639560924e-22 
-6.6870579214e+15 
3.3567408128e+10 
-4.2551004365e+11 
-4.4869853621e-28 
-2.8519000000e+05 
1.8949040000e+06 
6.3530695960e+30 
5.0566135141e+19 
6.9992154295e-09 
-8.7790452736e+10 
-1.1615099993e-08 
-6.5165918736e-23 
1.8741699326e-22 
9.0069198608e-01 
-1.6446655273e+01 
4.5059147645e+35 
-9.5520749186e-20 
-2.2718496680e+29 
6.0783260287e-38 
-2.5804400444e-02 
1.5518981934e+01 
2.1210502517e-33 
-1.5417447045e-23 
-9.5929750696e+17 
1.3483223598e-13 
2.7562639791e-25 
1.3878550002e-12 
6.7710278928e+30 
-1.0843921655e-19 
-9.6403041935e+24 
-9.1553482269e+23 
-8.4224285532e-12 
-4.6336698743e-35 
2.3319103843e+23 
1.1362152067e-17 
-8.1456373664e-06 
-2.5795293318e+35 
-2.9382384521e+16 
-7.5996546066e+19 
1.1162342717e-31 
-1.2690842261e+25 
-3.8954099796e-30 
-6.4064677477e+22 
2.7143568477e+35 
1.5992787667e-05 
-2.7945730048e+10 
1.0361924648e-25 
1.2288414771e+35 
-6.8392468627e-29 
1.2483098999e-08 
1.0771562496e+10 
1.2913475584e+11 
-2.6801228523e-02 
-6.5171573291e-23 
-5.4242626765e+11 
-1.2381519006e-24 
4.7814443665e+32 
2.1257188688e-23 
-2.4710376974e-14 
-1.3117240570e+20 
8.2331782532e+18 
-3.0162078925e+13 
-1.2046396732e-02 
-3.9155556168e+21 
1.8598194648e-37 
-3.6715320861e+33 
3.5883838726e+36 
1.0249471200e+08 
-6.6535546880e+10 
3.1533124050e+27 
-7.1135365122e-14 
2.2792699672e-10 
-3.6339737824e-31 
6.4406096935e-03 
-8.2873292128e-32 
4.0195602911e+26 
-1.3078635837e+17 
7.4914869932e+31 
-1.0779232067e-25 
-2.9387245622e-19 
-4.0020677063e+15 
5.5661433979e+13 
-5.2878221922e+30 
1.0564075493e+27 
-2.5846733052e-35 
-1.2497664000e+08 
5.0549564534e-11 
-9.7921500000e+04 
-1.8789295500e-28 
2.9151419433e+13 
-8.1930800000e+05 
1.2261620992e-14 
1.5207864893e-35 
-1.2927407806e-04 
-5.4274121067e-04 
-5.3233971454e+24 
1.7309167954e+25 
1.1967323720e-01 
-1.0181248438e+05 
-2.5241376770e+17 
-7.0592315000e+06 
-2.0298238400e+08 
8.3983035803e-11 
-3.2747138127e-16 
1.6520128441e-37 
-2.0123875328e+10 
4.6000244141e+01 
-8.3276552429e-16 
-3.8154870272e-03 
5.8531314032e+19 
-2.0543890980e+18 
-4.2630063035e-08 
4.5192109610e-08 
-3.7146524266e-31 
4.2086737808e-17 
-9.3178300631e-09 
3.6808761777e-21 
-2.4682100000e+05 
            nan 
-9.4376947021e+02 
1.8212898438e+05 
-2.4457533899e+18 
2.8288564593e+12 
-1.8934179786e-14 
-7.1873595000e+06 
-1.0884156756e+27 
-6.3360781226e-20 
8.1490308919e-29 
5.6144802349e-12 
-5.4282225920e+17 
-4.8752182617e+03 
-2.8894493470e-16 
1.2352915662e+14 
-1.8970564604e+00 
1.3867554904e+22 
-9.0393803553e-12 
7.6783206400e+08 
-4.2700907215e-05 
-1.2937727302e-36 
1.3703811419e-07 
3.4360401332e-04 
-1.0557507131e+20 
-5.5744871497e-04 
1.8832830298e+15 
-1.3739895076e-04 
-1.5252846484e-24 
-2.3983736810e-06 
7.6111261436e+25 
4.8723661158e-17 
1.1690392752e+24 
-1.6857241264e+27 
6.4208951192e+23 
2.3146491088e-35 
1.9963665500e+20 
7.5650046227e-09 
5.3583798509e-10 
-1.6478180972e-19 
2.9673947118e-25 
2.2900334715e-26 
4.9512378693e+16 
2.9998929501e+00 
-2.7929882630e-21 
3.0514641684e+30 
-1.8132874362e-19 
-3.9697328144e-37 
3.9133965402e-08 
1.2576665447e+26 
-2.3367031250e+03 
5.1951142995e-22 
-5.1044730422e+22 
-3.0688887040e+26 
-1.0284705892e+38 
-6.3453509521e+02 
-8.1995887748e-37 
2.7415224561e-38 
3.8126853158e+29 
2.1956896875e+05 
9.1612347659e-15 
-2.9163518232e+29 
5.2593687868e-13 
2.2365353657e+15 
6.6488786388e-07 
-1.8384165505e-25 
2.5258411103e+34 
-4.8956124021e-23 
-7.1704291741e-29 
-1.0926534437e-14 
1.2590455473e-25 
2.5313199785e-06 
2.7822513948e-04 
-7.6861286476e-19 
-6.7389900796e-03 
2.0525646014e+26 
-2.4610222609e-31 
2.4191568082e-04 
1.6269365733e-04 
3.6489546406e-34 
-5.1560961966e-38 
2.0231863040e+09 
1.0256997944e-22 
-2.2966624214e+22 
-1.3793224477e+34 
-3.1646147338e-30 
3.6816667699e+14 
-3.6218890717e+26 
6.5102974264e-29 
8.8591118073e-23 
-4.0429534025e+33 
1.7627362875e-35 
5.3802153768e+26 
2.6382001766e+12 
-1.4272885322e-30 
1.8791455891e-10 
-2.6236927127e-12 
-1.7079988173e+18 
1.5906563844e-09 
-2.0532129816e-11 
-6.3922863628e+22 
-4.1794904250e+37 
1.0520689325e+20 
-2.2405333750e-31 
-1.0310553906e-33 
-5.7758715902e+16 
8.2425308810e-26 
-1.0773084164e+00 
5.3440933370e+31 
-2.3116896841e-07 
-9.7241463343e+15 
-3.9698936046e+19 
2.8378168852e+28 
-2.4035035000e+06 
3.6731323538e-10 
-1.6893926368e+16 
1.5456308502e-24 
1.0732268865e+24 
9.8907848736e-34 
4.0485858822e+30 
4.0495143372e+30 
-4.7375184706e-17 
8.1391525824e+28 
-1.5667664695e+33 
-7.6872372944e+24 
-5.8605744947e+11 
-7.3626164522e-05 
-1.0327501658e-12 
8.8615724800e+08 
-6.4978657309e-36 
-9.4032792421e+35 
3.4511695620e-29 
8.7262239989e-19 
-5.0966626446e-40 
-2.3529095885e+24 
-5.5812637046e-27 
-5.0937047490e-05 
-1.4053483290e-37 
6.9586108416e+10 
1.7942289364e-19 
-3.0199662983e-30 
7.2030307617e+03 
2.8430651388e+26 
2.4588872671e-20 
3.5459972120e+22 
2.0380818587e+37 
-6.0836272670e-16 
-1.3325115109e+25 
4.9208434660e-08 
-1.0607666400e+08 
1.1783201904e+03 
-2.6842751821e+36 
-2.9725980160e+09 
5.3721253026e+18 
4.6740750164e-23 
1.3853363326e+16 
-6.2757472119e-22 
-5.0596791200e-27 
-1.0224280000e+08 
7.9018464000e+07 
3.7396172991e+26 
-9.2130025831e-10 
-1.3560101986e+00 
-1.2732397974e-27 
-6.9114179903e+26 
-2.8019856018e-06 
6.1703693370e-12 
-4.2776325396e+15 
1.0980553302e-16 
-1.6138608044e-04 
2.9759440502e-17 
-9.5696478271e+02 
1.8077373047e+04 
2.8339943648e+38 
-5.5943013422e-07 
-3.6370114026e-25 
2.4853971004e+00 
-8.8910052585e+21 
8.5134950783e-29 
-9.1873034668e+02 
-2.7429123234e+25 
-9.4137679316e-37 
7.1680390085e-31 
2.6392959103e-35 
1.9824136963e+03 
-2.6449200000e+08 
-3.4820635000e+06 
1.7653825684e+03 
-1.1804648044e+33 
-8.0433789069e-20 
5.2529861705e-07 
1.4803514404e+03 
-3.8474539479e-30 
2.8581940056e+16 
1.3686359717e-13 
3.7700996875e+05 
3.8441500491e+35 
3.7332223203e+25 
2.3427072862e+33 
3.1113786529e+20 
3.7936276825e+24 
-1.9965197500e+06 
6.4251062213e-06 
-5.8383567078e-12 
-9.8703114526e+27 
1.3065705169e-23 
-3.3209470318e+30 
8.4887435519e+15 
7.8254825969e+33 
5.0530230000e+06 
-1.0785824173e+26 
6.7316496037e+37 
-1.4383357289e-17 
-1.0219868007e-10 
-1.1803872095e-26 
3.2168548584e+02 
4.0873264310e+14 
3.8462601298e+12 
-3.9849259402e-22 
-2.4796607988e-24 
5.1723489287e-30 
5.9998348386e-32 
-3.5916201399e+21 
1.6363262603e-06 
1.5501209418e-04 
-4.3360877281e+12 
4.2553970571e-19 
-8.9457230088e+20 
1.9203515181e+17 
-5.6799630619e-18 
8.4200213709e+11 
-3.1386427710e-27 
-3.0567667310e-36 
-8.4247450747e+12 
3.0828790199e-22 
7.7286442090e+21 
-1.9547276124e-12 
-8.3354660279e-35 
-1.9195586600e-25 
2.2651168515e-38 
-1.8292379678e+20 
1.1388747723e-08 
1.3681829681e+34 
6.2943361111e+31 
2.0483638686e-25 
-5.5132072449e+01 
1.6754683943e-38 
-1.0363541622e-11 
-1.0688971805e-17 
-7.5792300701e-01 
-7.5132476562e+04 
1.3129138055e-10 
1.1306566892e+34 
1.2327389413e-05 
-1.5035740835e-19 
1.3487037000e+07 
-1.1598035354e+11 
2.9060420550e+23 
-1.5728754393e-35 
2.8765589503e-21 
-6.7571094260e-03 
7.6916683156e-07 
-2.3134453109e+28 
3.5761713867e+03 
-8.8658092660e-26 
-1.0392902823e-06 
-3.2706508163e-20 
4.1776030129e-28 
-6.9903699738e-19 
-3.7845892334e+02 
-1.9120897307e+28 
1.0298385186e-35 
-2.5695781230e-24 
5.6080780888e-14 
-7.2465364418e+18 
-1.9473006773e+35 
-4.7058786731e-04 
-1.1346271437e+11 
1.7196217822e+19 
-4.5672032964e-23 
-4.2978370059e+23 
2.7505278735e+21 
1.9894287548e+33 
-7.3113835930e+11 
3.2095226101e-15 
-5.1230553072e-04 
-5.0367586315e-02 
7.8175302734e+03 
-2.9372601331e+35 
1.3669239826e-14 
-4.8646582890e-24 
4.8085852160e+10 
-1.7993166848e+10 
9.5479729360e+25 
-1.3295352545e+12 
2.6305110545e+26 
-6.5859035111e-15 
-1.8423967906e+37 
-2.5461102014e-25 
-1.4143932000e+07 
1.7111819470e-03 
-1.2979897116e+17 
4.5426312594e+17 
1.9023879829e+28 
-2.1300289917e+02 
-4.1428163075e-17 
-2.5804694400e+08 
7.2180777458e+14 
1.3381487519e+20 
1.1674472443e-22 
-7.3595294067e-16 
-2.1343490756e-27 
7.3359564957e-31 
-6.5103567371e-32 
1.3405730215e-06 
1.0369686507e-14 
-2.5340304298e+18 
-1.0921168213e+03 
-5.0832543483e-36 
-3.5601157780e+29 
-4.3093613193e-38 
4.2915910825e-09 
-3.6313624793e+33 
-5.7821897643e-18 
6.2643585969e+26 
1.7266108704e+02 
-4.8418892611e-26 
-1.6847745280e+09 
3.8224523926e+03 
1.3737866153e+21 
1.0726348381e-27 
-3.7186069676e-05 
2.9389248657e+02 
9.7660674048e+10 
1.0824653462e+27 
1.0413446844e+15 
-2.9711482000e+07 
-1.0463690400e+08 
-2.1142925420e+31 
-3.9673063348e-19 
-4.7328814414e-23 
2.3802719688e+36 
-4.0688300942e-05 
6.8806927244e+25 
2.2982791588e-29 
4.9739051336e-26 
-4.4882242662e+25 
7.8856921590e+22 
-6.8023242405e+14 
-1.1707519676e-10 
-2.6692679841e+14 
-8.7946987545e-17 
-3.1151002034e-27 
1.0909433067e-19 
-2.5535953123e-35 
-6.5092313596e-22 
-5.2725395660e-29 
6.7291589015e-29 
2.5768700109e+28 
4.5144943783e-07 
5.1655336258e-11 
-1.8711342853e+16 
1.6538629315e-17 
-1.6424668274e-06 
-1.8665469606e-25 
-1.0529088041e-32 
1.2197257203e-37 
-1.8402029304e-13 
-3.2437866282e-10 
2.6793507653e-16 
1.7671060800e+08 
3.1535286190e+12 
5.5393231540e-15 
3.0932271784e-06 
2.5776021068e+35 
7.4889832050e-39 
8.1006841859e-12 
-3.0282998657e+02 
-1.4857209751e-32 
-4.8438036915e-10 
-5.1292885939e+19 
2.6451286316e+01 
2.1078464312e+27 
-7.2629380808e-12 
-5.0501665072e-09 
-4.0081920438e+29 
1.1820988079e+33 
1.7542361203e+16 
-1.7321162560e-10 
4.4307608032e+02 
-1.1412289985e-24 
-3.7404590625e+05 
-1.8178770392e-13 
-8.5206214862e-05 
-2.0133820386e-19 
-9.8743269490e-17 
-1.1441494790e-36 
7.3550678790e-02 
1.6333508157e-10 
-1.1614187834e-08 
-7.7295080000e+07 
-3.2783258706e-02 
-1.0454711388e+28 
1.1234159863e-15 
5.0479856000e+07 
1.5043718811e+23 
2.7660334201e+29 
7.5685262747e-26 
-3.5904710316e-09 
8.6643643620e+14 
8.9579216603e+24 
-3.1137041700e-22 
-2.4534784317e+01 
8.9045589277e-17 
2.0109365719e+26 
-5.5293596019e+29 
-2.1559294190e-34 
-5.8502452772e+33 
-1.0314262938e+11 
-3.4582907120e-27 
1.2795084978e-20 
-1.7840352866e-33 
-1.8070256345e-31 
2.1740182987e-09 
-8.7587465152e+25 
-2.1619809600e+08 
1.4323595012e-15 
7.7653981250e+05 
9.1392065835e+30 
-2.6132945452e-18 
8.3848181209e+16 
-3.4760597199e+25 
-1.8767539606e-11 
2.9518879836e-17 
1.5577299055e-03 
-2.8914147281e-14 
-2.9534636360e-36 
2.6147149230e+26 
-1.6932337664e+10 
5.0514540433e-25 
1.6831490397e-01 
-3.3035676287e+13 
-1.9420959317e+34 
-5.7505330705e+20 
-1.3140077500e+06 
-6.3219619840e+09 
-7.6239869868e-22 
-1.0521363868e-19 
1.0218668134e-09 
-4.5451210979e-38 
-4.7610922324e+20 
4.0181918720e+09 
9.0814451200e+08 
-1.8199863923e-35 
-4.0187260311e-05 
-2.4524483706e-06 
1.8868539595e+14 
-1.4398133293e-12 
-3.0508657018e+32 
8.4329484375e+04 
6.1018790802e-06 
1.7102565255e-37 
-2.9236785152e+10 
1.5010495684e-32 
1.9600844385e-12 
-4.9799350000e+06 
-1.6722508895e-25 
-1.1631074760e+23 
1.2225053435e-11 
-6.1878058353e+12 
-3.5491189621e+13 
-8.1675497914e+15 
-3.1441318749e+23 
-4.9536263311e-29 
2.0895053499e-35 
-5.0997746094e+04 
1.4768373831e-06 
4.6527668834e-01 
3.1904953051e-28 
-4.8581396875e+05 
-2.3572698438e+05 
-2.9157809271e+16 
-1.7988621437e-07 
1.2182043170e-20 
2.6870612827e+20 
-8.6881704330e+00 
2.1663510971e+35 
-1.7501039075e-32 
-6.1655111572e-11 
2.6692986312e+24 
-4.6209397316e+00 
5.5280014038e+01 
7.3847830073e-09 
-4.7605561070e+22 
-1.3117624979e+25 
-1.1165694147e-08 
4.2471398842e-07 
2.3086217035e-29 
-2.1391892480e+11 
9.0995504465e-09 
5.0102906265e-22 
1.7017930649e+21 
-3.6888666273e-06 
-3.9643995276e+37 
-1.6719597820e-30 
6.5138049136e-15 
1.1793350461e+21 
-5.4364073483e+20 
1.9248491463e+38 
1.1021349221e+34 
-9.0645813264e+13 
-1.6596352253e-18 
1.4078176491e-06 
-1.5473342852e+29 
3.1491559208e+15 
-1.3607848995e-17 
-1.4458031732e+37 
-3.6374210493e-38 
1.6521795362e-20 
-4.9301186596e+19 
-5.3527417167e-27 
1.0127340261e-21 
-2.6334861673e-36 
3.9686246436e-17 
6.6770375014e-36 
-8.3203517440e+09 
-3.7302694623e-34 
1.0887343391e+30 
-6.1776356253e-10 
1.6620845837e-35 
1.0578695743e+37 
4.0132608000e+12 
-9.4055556160e+18 
5.6995308376e-34 
5.4454497560e-38 
9.5849272344e-37 
-8.2086888307e+18 
1.0866477618e-25 
8.9725806896e+35 
-1.0454167200e+08 
6.6507968586e-04 
-3.3608199786e-37 
-1.2928936523e+04 
9.9687092006e-02 
-1.0375375690e+17 
-1.2176562024e+26 
1.4033460700e+15 
-1.2813212871e+17 
-1.0934706995e+11 
-3.1496521351e+24 
-2.8797211074e-17 
-2.7830237500e+06 
-1.5342234280e+30 
-4.3083230972e+22 
-3.3674389094e+12 
-1.0597181320e-01 
1.2841138905e-21 
-8.5652544937e-26 
4.3886242680e-28 
6.1097908198e-25 
1.3451369796e-08 
-2.3917260800e+08 
3.6305127603e-29 
1.5606171875e+03 
-2.2510223389e+00 
-1.4929939661e+11 
-6.5542080000e+06 
-1.3286742878e-20 
-1.1212105776e+28 
-6.2817788366e+22 
            nan 
9.6125651150e+30 
-7.2516955570e+21 
-2.9334160613e-27 
-4.4526057248e+27 
3.8075059652e-01 
-9.1128703326e-27 
-5.3133760532e-19 
-3.4165127545e-06 
5.4755248441e-16 
2.5822441464e-39 
2.8630484602e+37 
-2.0130825077e+18 
2.5311180800e+10 
-9.3055241421e+11 
2.1272283490e-08 
1.1504068560e+15 
-6.9115119503e+18 
-1.1460415000e+07 
-8.8167336649e-32 
            nan 
-1.3594335644e-15 
-1.4692888400e+23 
1.3306834098e+24 
-2.8554289811e+23 
-2.7492340002e-11 
-9.6744798945e+12 
4.9348924490e-25 
1.5966502380e+02 
-4.0185847282e+00 
4.1123416128e-29 
-4.2539065248e-07 
1.1387851111e-13 
-9.5722667873e-02 
1.2262067799e+23 
-8.1016630000e+06 
-9.9316480000e+09 
-8.4761642664e+29 
3.0367313109e-09 
1.5504830566e-17 
4.8857465210e+31 
-2.3980861314e+15 
2.3507820448e+26 
7.7990000436e+16 
-2.3574094772e+01 
5.7598783327e+29 
-1.5964672819e+11 
-2.3867779547e+24 
5.9222715000e+06 
2.1421917500e+06 
8.0382823939e-40 
1.1529408539e-06 
7.8091054080e+09 
1.5184727390e-12 
-8.5187878912e+10 
6.6442490398e-10 
-9.8080039539e-20 
9.9940650573e+16 
-2.6542542502e-02 
2.6000906246e+35 
1.2000240850e+27 
-3.7224890669e-24 
1.4616279356e-18 
-2.6481952392e-17 
-3.7753648294e+24 
-5.1759025574e+01 
-3.5636390159e+36 
-5.7107800723e+16 
-2.0010862350e+01 
-1.8216470687e-22 
-1.2717115169e-04 
3.6764478282e-15 
9.2751990000e+06 
-2.4071883200e+08 
1.5356360935e-02 
1.1290028594e-26 
-1.4546265151e-15 
-2.4320352944e-29 
4.1522857316e-24 
-1.3580498438e+05 
2.8454727189e-23 
-2.3749440698e+27 
-2.8411586501e+22 
3.1846021004e-36 
-4.3791776685e-22 
1.1328322418e+17 
1.2850431200e+08 
6.4354671849e-06 
8.7097738287e-05 
1.0354848438e+05 
6.7639412341e-37 
4.7620440626e-33 
6.5432753013e+16 
1.9799309839e-19 
-1.6341169307e+29 
2.6799946472e-34 
8.9201492188e+04 
1.8873898438e+05 
-5.1780030930e-08 
-6.0428628785e-05 
4.7042814841e+36 
-2.3806465173e+14 
-6.9360000024e-39 
8.6578969955e+00 
7.6928321477e+21 
-6.2244848335e-30 
-8.1081477951e-20 
-5.0584469100e-27 
-3.2989178288e+34 
-7.0918718135e+21 
-5.0071686937e-23 
-8.5971549529e+21 
-5.2335534668e+02 
-8.9107390014e-37 
-4.1406410298e+26 
7.4181218224e-05 
-9.8576153087e-28 
1.3733670769e+22 
-2.7896042913e-02 
-3.7574676526e-07 
1.3718106328e+22 
-2.7300901963e-28 
-6.6737145021e+22 
4.2827803690e-38 
-4.9332492000e+25 
-5.4052423834e-30 
-1.2637892848e-13 
-1.6130174255e+02 
1.1584078181e+38 
3.1892191073e+15 
2.4458955200e+08 
5.2623882587e+20 
-2.0744936698e-16 
-2.8124789153e+25 
-2.0977790000e+07 
            nan 
5.2647296216e+35 
-3.7332375302e-28 
2.0812894218e-03 
1.8946068574e-22 
9.0629991008e-25 
2.4972244195e+30 
2.6148746363e-11 
6.0424093168e+32 
1.4819347514e-15 
-5.3892717006e-38 
2.3321355693e-03 
1.7324749465e+29 
-3.6463814396e+19 
-6.8491302537e-28 
3.3350729090e-18 
            nan 
6.6594682617e+03 
7.2057510894e+32 
-6.7753926003e-36 
1.0079159375e+06 
7.2431035000e+06 
-1.2845208800e+08 
1.5768148506e-12 
3.0823210466e-14 
-2.3243385070e+30 
2.1450365894e-03 
4.9436593750e+05 
2.3015487702e-22 
5.4604568480e-13 
3.4140239769e+16 
-1.4298972674e-02 
1.8558093697e+29 
-2.1202315271e-21 
-1.9343791086e+34 
3.4099000064e-16 
7.5131382661e+12 
4.9356969180e+31 
-2.4639061494e+26 
8.8332715639e-24 
3.2541793750e+05 
2.3404023258e-16 
2.4914604552e+36 
2.1382413020e+30 
-2.8315749737e-36 
4.4845664000e+08 
-6.2773696085e+19 
1.9650867888e+14 
-8.1901699592e-29 
2.3799852352e-04 
2.9968452159e-27 
7.9463959195e-17 
-1.9227934536e-03 
-1.2419915844e+17 
2.8640150000e+06 
-2.8443587640e-19 
5.3657947540e+01 
6.5999838989e-04 
5.3835967781e-37 
2.5260946359e+17 
1.2724119496e+26 
-6.9987528088e+25 
2.1869138001e+37 
4.3433742188e+04 
2.4477058345e+21 
-3.1904052019e+12 
8.4238768180e+22 
9.7051700015e+26 
-1.0219546299e-23 
2.5656518784e-17 
-9.5191134256e-18 
-6.6639568863e-11 
-1.2110198784e+10 
3.1231787168e-25 
-1.5561527125e-21 
-2.2985272320e+09 
8.7063786880e+28 
3.0470185748e+18 
-5.6602286619e-28 
-6.6523484747e-06 
4.8666021545e-32 
-3.2907399405e+22 
-3.9035392761e+01 
-8.1744293898e-19 
-3.2233702399e-35 
-4.7329435642e-25 
-1.3089810547e+04 
-2.1868096875e+05 
-6.1175577343e-02 
4.1628064660e-20 
7.1546843955e+11 
3.2711221283e-16 
1.0028593555e-21 
7.6746799510e-19 
-2.7934642276e-04 
-1.6029537884e-36 
8.9788912000e+07 
5.4785951872e+14 
9.8460298771e-28 
5.4118081735e+31 
-1.8781150246e-10 
7.9539478302e-13 
1.2024551495e-21 
-3.3121291460e-24 
-9.8394624880e+33 
5.1915709822e-14 
6.5516248708e-22 
-1.2977376877e-13 
7.7824453069e+15 
-4.5277806341e+26 
-1.8362992435e-15 
-1.3136227417e+02 
-2.3920700976e-09 
2.4442113619e-23 
-1.2237287821e+17 
-1.7201799210e-26 
-1.1915769958e+02 
-2.6240906005e-16 
2.1640034666e+17 
-6.4479065036e-36 
-2.5586992377e-13 
1.6471991645e-16 
-5.6894285106e-32 
-2.6100335214e-20 
-1.3171216360e-36 
1.0741910340e+13 
1.4874735608e-30 
5.8182582004e-24 
1.0332472995e+38 
8.5743423837e+27 
5.5799984899e+17 
2.0488148683e+24 
-1.1410091795e+33 
5.5153204812e-06 
3.7128127227e+18 
4.9721534763e-29 
-2.0790676727e+24 
-1.2566367405e-27 
6.0045690918e+02 
-3.6885492504e-02 
5.7819798863e-27 
-3.2071183001e+32 
-3.6847773717e-34 
-3.3261568956e-27 
8.7461704499e+11 
-7.0821091489e+24 
9.5525682746e+34 
-2.9477591040e+09 
1.4520076502e-31 
6.1407768061e+35 
9.1133157748e+29 
-8.2924729795e+12 
1.7102017869e+14 
-1.4603974024e+19 
-1.3685661111e-11 
6.7428339899e+35 
4.9501536671e+27 
7.7846772624e+26 
-1.9218670130e+00 
3.3469681929e+32 
-2.2408127309e-38 
1.9140154535e+16 
-2.0009218706e+21 
-7.4532739162e-38 
-2.2402843346e+22 
1.4499939779e-34 
-2.3082258327e-09 
9.6003824026e+11 
-2.2089445888e+19 
2.7312274708e+16 
1.0151673094e-38 
6.5315179243e-27 
1.0922407773e+20 
-7.1429258611e-35 
5.0090390444e-01 
-5.5811753315e-30 
1.8445786054e-06 
-8.7080072729e+36 
-3.7364965640e+16 
3.8343238281e+04 
-3.4072029184e+10 
-3.7292698329e-34 
2.1191108704e+02 
3.1498898926e+03 
8.8329769671e-02 
-9.9518276751e-02 
-6.7241839874e-10 
-6.2320384829e+14 
-9.8743269548e+36 
-1.3129560320e+09 
-3.4968238281e+04 
-4.0509591607e+32 
-2.9304581487e+20 
1.0853999499e-28 
5.2607067954e-31 
4.7852750868e-02 
-1.6407373948e-07 
-1.9118972252e-16 
-2.9876477129e-05 
-8.6775087842e-26 
-6.6872640799e+15 
-5.8166742325e-02 
-2.6202496363e+34 
-8.1650824194e+19 
-1.5010580049e+32 
-1.7232106586e-07 
-1.7371215528e-29 
-2.7550233715e+32 
-7.4084067383e+03 
-1.6862454995e+16 
-1.8995958998e+31 
3.0794911463e-23 
-8.8405699855e+16 
-1.8053136736e-19 
-4.9968729974e+14 
-1.4845373699e-21 
-4.1514941335e-33 
-2.7644141316e-12 
2.7121465880e-37 
-1.9704801615e-36 
-6.6696934434e-12 
1.6535244894e+31 
9.6388278950e+28 
-4.4906978103e-31 
5.4699812454e+11 
1.8576335333e+24 
7.6044380160e+09 
-1.7003175004e-24 
1.3613989949e-01 
2.0587035579e-06 
-1.6366313477e+04 
7.2492549843e-21 
-1.4265732784e+23 
7.3135006428e-01 
-6.2899697266e+03 
2.1418520132e-35 
-1.0297486572e+30 
6.7605227232e-01 
-1.6470792376e-35 
5.8731320147e+29 
-2.5446537393e-21 
-7.9935991828e+26 
-2.9955960345e-03 
-1.7121804447e+16 
2.8302772563e+25 
-9.5590242121e+17 
2.7128839467e+34 
-3.9373038857e+33 
-5.9685071250e-15 
2.5848366719e-36 
2.2681110732e-27 
8.0656142387e+27 
-2.4232647825e-21 
-8.1003082347e-28 
6.2613005062e-34 
-3.0070126953e+04 
-5.3614879795e-19 
1.0893406346e-02 
1.3883880456e-04 
-5.3964257466e+17 
4.6939263916e+02 
-2.5038481575e+14 
-1.6607342671e-12 
-3.4033732380e-20 
2.7914018576e+19 
8.9495097973e+37 
3.3195031068e+27 
-2.5927115657e-36 
6.5621957060e+15 
7.4419513345e-02 
1.1905371324e+37 
-1.3184365876e-35 
-2.5210808478e+31 
1.5765623455e+27 
-4.1815689642e-36 
-1.0257555185e+29 
1.6515945556e-10 
-6.2970835046e+28 
5.7605785054e-23 
1.8565150806e-10 
-2.5422914642e-14 
            nan 
-3.3462316977e+17 
2.3168446328e-13 
-1.6098100000e+05 
2.4532616002e-30 
-2.1725570605e-06 
-3.4618339421e+22 
2.6247033098e-28 
1.6999699578e-38 
-6.0497126473e+19 
-1.2630108071e-09 
-1.4678532546e+24 
-6.7518782661e+31 
5.7127432973e+30 
6.8619925490e+31 
-4.6754425320e+34 
3.6015205357e+35 
-3.4488879610e-03 
1.1582756794e-19 
-5.7261488053e+18 
1.4442352024e+28 
-1.6732538376e+18 
-1.2185507459e-14 
1.2788887552e+10 
-1.2396665623e-30 
3.7548568726e+01 
3.1652496418e-31 
1.3021059389e-24 
-1.2705493806e-36 
-5.8426906630e-29 
-1.9570976102e+31 
-4.4680874956e+15 
-1.3336101112e-09 
1.3741201884e-19 
-3.0727597913e+17 
-4.2450892925e-01 
-9.5949620008e-02 
-1.0567118876e-14 
8.1235086662e+37 
-3.3640987500e+05 
8.9651522075e+24 
8.3801841736e+00 
-2.9454582545e-05 
            nan 
4.0139177523e-21 
9.4102080395e+26 
1.9203696210e-31 
-2.1988435112e+16 
1.4645275429e-25 
3.6961508179e+02 
2.5153908134e-01 
8.5973422825e-11 
-3.3500863498e+22 
-5.8773008678e+18 
-1.1570633855e+31 
2.8100236710e-14 
-2.2189464147e+23 
1.4457829868e-36 
2.3685415790e-27 
-2.2596271038e+00 
-4.8612767458e-01 
4.3260062227e-38 
3.0984115234e+04 
-1.5185292188e+05 
-1.0841805974e+36 
-1.8251859366e-21 
-6.2935067555e-34 
-4.8973616251e+13 
-1.1526881769e-26 
-1.5382022045e-11 
1.1547837445e+36 
8.0065580000e+06 
-3.9556219506e-32 
5.1342992463e-33 
-6.1939095671e-30 
1.3383008758e-14 
5.1406715224e+13 
1.0923318001e+30 
-3.3033470059e+19 
8.6031161151e+14 
2.5684495392e-23 
3.4375560284e-01 
5.2627756810e+12 
1.4659547136e+10 
1.8490736015e-14 
-3.7941014162e+21 
8.6295797834e-28 
1.3680854418e+38 
-1.7530081238e-38 
-3.9472146972e+24 
4.9905446400e+08 
-3.5001697540e+01 
8.0137528558e-12 
-5.5104004347e+20 
1.4894098967e-06 
-2.9442526131e-30 
1.3690946616e-06 
1.6547977566e-07 
-1.9897162196e-22 
1.5895933594e+04 
1.7401994263e-35 
-3.4011789476e-20 
-4.5487685840e-10 
1.8059687076e-17 
1.6224430841e+38 
6.7378185410e+24 
1.8013377190e+00 
9.3751109278e+30 
-1.8152965165e-26 
4.7167043579e+31 
7.3386792792e-05 
-1.8808760076e-23 
-4.1559387500e+05 
-2.3586231285e+27 
1.2968163307e-23 
1.3874738037e-22 
5.3906268085e+22 
1.1930044740e-02 
1.5648006475e-22 
2.3806162318e-36 
-1.4082490000e+07 
-9.6442732333e-37 
5.3017821184e+10 
-2.1871019107e+19 
6.1649000248e+25 
6.7801994068e-19 
-5.0346124917e-02 
1.7336212800e+08 
-2.4464520606e-19 
-1.8951852851e+11 
4.5192788991e-14 
-5.2246463511e+36 
4.3132413907e-07 
7.1762245035e-09 
-1.0280261767e-22 
1.1815058984e+36 
-7.2301483004e+30 
-1.5240710201e+32 
3.1858361977e-13 
-6.2237257753e-15 
-8.0354036941e+11 
-6.0983575000e+05 
-1.3005537012e-21 
-4.2976009612e-36 
2.8216158666e-26 
-3.1055866988e+15 
6.7499665283e-28 
1.0344320195e-28 
4.6183463323e-19 
-1.2195086729e+13 
-1.6368445383e-18 
3.0853355981e-10 
9.1745513280e+21 
-5.0790297852e+03 
1.5956727996e+16 
2.1807684168e-27 
-1.6005706275e-03 
-6.3712874463e+13 
1.2982313961e+26 
-1.1513763789e+36 
1.6201874749e-24 
-3.6783445626e-02 
1.1438165753e-36 
2.0830971267e+19 
2.1331070181e+17 
2.5043738935e+29 
2.0019013632e+10 
6.4828757597e-14 
1.2583119946e-20 
-8.7715740933e-17 
-2.0004466972e-09 
-4.3734184375e+05 
-1.6132704914e-02 
-2.1231510366e+29 
7.7375164032e+00 
-5.2734323376e+22 
3.3215076333e+28 
-2.3586441865e-26 
-3.0784603852e+23 
1.1043661469e-28 
1.6395418215e+19 
6.7332379552e-36 
-2.9621255138e-28 
4.5058741109e+25 
-3.7973238281e+04 
-1.4392861201e-26 
-1.1196536844e+23 
2.0676161808e-27 
5.9525710829e+25 
-2.8802083707e-29 
2.9549167175e-35 
-1.1811787772e-05 
2.1708286459e-17 
4.2435573817e-33 
-1.6945109205e-10 
            nan 
1.4457857725e-18 
6.4172626845e-37 
-6.7404088366e-37 
-1.0372816757e-17 
6.7601648581e-22 
2.2692167106e+24 
9.3020921790e+13 
4.1905032901e+34 
-2.0621341753e+13 
2.4000677737e+29 
-8.2253324807e-26 
-3.5104469787e+21 
-7.4386472960e+10 
1.1346901587e+17 
-1.0769547656e+05 
-1.4536793213e+03 
-1.4829780942e-27 
-7.2301249375e-28 
-6.1505742188e+04 
2.4217520975e-24 
1.2693097591e+00 
-2.5796999086e-12 
-1.1577191729e-17 
1.1429435547e+04 
-4.2960281688e-19 
2.6009522820e+20 
1.1734738811e+29 
8.7105145052e+24 
2.8786816946e+29 
-8.9103834975e-36 
-2.4075598286e-12 
7.4080169082e-12 
-1.7277217865e+01 
-3.1014034271e+01 
-5.2985518622e+29 
3.1845239698e+14 
9.4079581322e-04 
-6.0312614206e-20 
-1.1366999075e-07 
-2.5346587051e-08 
3.5632604980e+02 
-3.4878116427e-14 
            nan 
-5.5698668000e+07 
-3.7968816855e+34 
-3.2389650820e-37 
1.1503354793e+35 
-1.4231275000e+06 
-1.0425818684e-25 
7.5171403824e-11 
6.0956404000e+07 
7.8466685573e-28 
2.0388435073e+27 
-2.0910042956e+26 
3.8714613747e+14 
-6.3117466440e-14 
-1.2454525461e+31 
4.5682424000e+07 
-3.3734355057e+33 
-1.3207359739e-24 
-3.0744698424e-33 
8.5709752893e+12 
-8.4705808868e+16 
-4.9084193453e-16 
-8.7975390861e-11 
-4.3492628294e+18 
2.7246081910e-13 
1.7199292516e-36 
9.1817504121e-13 
1.7889467472e-06 
1.5244376428e-08 
4.5691648801e+18 
4.2769741881e-32 
-1.0203446875e+05 
-1.1125191688e-30 
8.9115187452e-10 
-5.4356734235e-36 
-4.8637947049e-18 
1.5908350341e+26 
-5.6336763136e-37 
-3.3795323311e-12 
7.1460784523e-19 
7.8340533780e+12 
-3.7478462001e-10 
-4.5275396875e+05 
5.5285380111e+36 
-3.1583940255e+28 
-1.5423582843e+34 
-1.3217228000e+08 
-1.4342478750e+06 
7.6523918152e+01 
-1.0640389404e+03 
-1.4737677500e+06 
-3.5194572449e+01 
1.6463375854e+02 
2.2924134508e-33 
-1.2619312106e+18 
2.3990924959e+16 
-1.6742843427e-21 
-4.8318302205e-29 
1.5954110026e-01 
4.9934049950e-11 
2.4055094979e+37 
1.4857640482e-25 
-2.0020273722e-22 
2.4110115838e-37 
9.2305708123e+28 
1.9729918400e+08 
-2.1463654666e-21 
-7.0616676947e+28 
2.7059757180e-37 
1.2367050780e-17 
4.2179904315e+36 
3.6675506234e+34 
-1.5592638000e+07 
3.0659092130e-34 
-1.4369598287e-37 
1.4363312846e+15 
-1.6230656723e+28 
4.7460041181e+20 
1.0462237672e+15 
-6.0595716791e+37 
-2.1046721678e+22 
-1.7763797565e+12 
-1.1745097743e+35 
1.7079986759e+25 
-4.0181549876e+33 
-1.2448912315e-20 
1.9286609089e+33 
-5.7229878490e-15 
-2.0449027061e-14 
2.2333125372e+23 
-2.9686299869e-16 
-7.3634141700e-06 
1.1511415736e-12 
-2.5826196701e-25 
8.7869128418e+02 
-4.7684385533e+19 
-4.6162109211e+17 
-7.2259931762e+24 
3.5256324964e+33 
2.6738519040e+09 
9.2938885295e-36 
1.4288512484e+20 
2.4579098438e+05 
-1.1102264646e-37 
3.8241184525e-11 
1.2405575699e-11 
-1.0806797993e-31 
-1.7641555558e+11 
-3.3299512231e-38 
-2.4576172235e+17 
-1.5478457106e+13 
2.5587902834e-28 
-4.4052508672e+10 
4.3295784305e+12 
-1.3493402228e-27 
-7.0119235751e+22 
-1.1331157841e-14 
-5.1879962214e+11 
1.1501149544e-07 
-1.9630923034e-27 
-5.7250564219e-33 
4.8837896436e-02 
3.9841548752e+18 
1.1896945664e+10 
1.1070310138e-02 
-1.0850638750e+06 
1.5369987752e-15 
-1.2800461489e+15 
8.6986922394e+11 
-1.1298823314e+14 
-4.2127193451e+01 
7.1227043152e+01 
-9.9708194259e+13 
-2.3856039702e-26 
-5.6823672227e+32 
1.1919335918e-07 
1.5290098190e+01 
5.5270357972e+23 
5.1883678365e+27 
-2.4286149507e-34 
-8.6687899730e+30 
-3.8113396875e+05 
7.1950166764e-35 
1.6815077331e-08 
-8.4711178240e+12 
1.5042966617e+17 
-6.7711591889e-09 
-7.0705519631e-22 
1.2171607245e+11 
-4.3958159392e-35 
-2.5948073352e+25 
-7.2076626235e+33 
-7.3236419198e+28 
3.0611547130e-26 
5.8981407100e-15 
-4.0788746094e+04 
-1.9161898438e+05 
-1.4616819712e+10 
8.9679484375e+04 
1.9349875807e-37 
2.8300569600e+09 
            nan 
-1.2915557600e+08 
4.4734959374e-04 
-3.0188706351e+21 
2.6566261101e+26 
-3.4068887552e+10 
1.8185775090e+37 
-3.7744945554e+19 
-1.2863329802e-20 
-1.4874327660e+01 
-2.3223557161e+13 
1.0128079914e-02 
2.0483355412e+24 
-4.3555530002e-25 
-7.9952488694e+12 
-9.3995176737e+15 
-5.9570184520e+12 
4.9563900000e+07 
-5.5428819906e-05 
-2.9432481408e+31 
5.2704299083e+32 
-1.4538281626e+23 
-4.9337275000e+06 
1.2763626169e-37 
3.5383132854e-22 
1.8323427590e+24 
-5.5561959743e-03 
4.5765518950e+11 
1.0114622116e-01 
-6.2613562048e+25 
4.3565750000e+04 
-8.6740427557e+29 
-9.6821877250e+14 
-1.1235377417e+35 
9.5947430498e-36 
1.3212323280e-18 
5.3879501869e+33 
-6.8321769714e+01 
1.2280052480e+09 
-2.1659467890e-32 
1.8276936030e+24 
3.2703900139e-35 
2.1923277416e-07 
-2.4006851822e+13 
-8.5596141415e-31 
-1.1200651517e-11 
2.6895904541e+00 
-2.1185653927e+18 
3.8230838006e+31 
1.6274795532e+00 
-2.6034107597e-39 
-2.3722064311e-28 
-2.7487735615e+36 
-1.7126708189e-31 
1.1328896263e-15 
-1.1466539117e-16 
-2.9994124805e-28 
3.3250777812e+15 
-3.3691004401e+19 
-2.5313921516e+18 
-1.0224101391e-36 
-5.6609198080e+10 
6.0546618491e+12 
-2.3585771262e+19 
1.5705387807e+19 
1.0507380739e-26 
7.2265319824e+00 
4.6501809619e-28 
-6.8931645537e+20 
-1.5468011273e+33 
5.7265043259e-02 
-4.5306921005e-02 
-7.9112412485e+18 
-1.1581456384e+10 
-1.1043274752e+10 
-4.3435648510e+14 
1.9294987022e-16 
4.6694788797e+31 
2.2052626670e-33 
-3.0314489239e-21 
-3.0031607808e+10 
7.8203149745e-29 
-5.5372779736e+22 
-2.6792518704e+15 
4.7239358537e-03 
-2.3845281305e-10 
-7.5156986713e-03 
-6.3848882997e+20 
1.1251403336e-17 
2.0360403141e-07 
-1.1797268529e+13 
6.6624643561e-37 
6.4976639278e-29 
3.4224831325e-07 
1.1821602020e+30 
4.7013153649e-30 
-2.0833134651e-02 
-1.6592993868e+25 
-1.1929019106e-16 
-2.3153988877e-06 
5.8430334884e+18 
1.5460159000e+07 
2.3505680504e-23 
2.6742937725e-11 
7.8342558710e-36 
-1.2231661569e-35 
-3.0390959726e+36 
-5.8110213514e-21 
6.1328192921e+26 
2.6303013101e-09 
3.6360843604e+37 
3.9856421662e-35 
-2.9139910885e+21 
-1.2866591695e+32 
5.5837524936e-23 
-4.1600653975e-32 
-1.2076029066e-09 
-1.4925216358e+26 
3.6204499877e-22 
-8.4690862080e+10 
-6.8487500541e+21 
-1.4381930232e-03 
-4.8580251201e-18 
-4.5496378025e-20 
-5.1016479341e+22 
4.6657271387e+25 
-7.4230792192e+12 
-1.4802518886e+16 
1.2321754402e-15 
-3.4006067991e-27 
-2.7161407471e+00 
7.3324766210e-35 
7.0705038309e-01 
-2.0807912685e-11 
3.6361570427e-33 
-7.5018074036e+01 
2.2069957882e+34 
-5.4707812500e+03 
-1.4315464078e-33 
-2.6140070909e+36 
-6.2077200000e+05 
-6.9081950342e+28 
1.4636218964e-28 
-8.3271179528e+24 
-3.0339123712e-20 
5.3420750000e+04 
-1.8871762466e-32 
-1.0001069201e-19 
1.0485288960e+11 
-2.1958240660e-26 
1.9895151487e-35 
-1.9888247918e+27 
-4.1263304704e+10 
6.0697025299e+01 
3.6316901642e-33 
1.0371760015e-20 
2.8529616538e-03 
1.6463772800e+08 
-2.8872527470e-14 
2.7915414188e+34 
-1.5410510887e-30 
2.8577273574e+16 
-1.0511278915e+37 
-1.0557159805e+15 
4.2660029893e-25 
-3.0580001997e+12 
2.2058516840e+35 
-7.3233210802e+24 
2.3027331092e+36 
-8.6812340649e-10 
2.6530508879e+36 
-9.6542316800e+08 
4.3132543564e-02 
-5.9705832909e+24 
-5.0023954827e-06 
-7.4940351973e+29 
5.5977487017e+31 
-3.1986682747e-10 
-7.4958492740e+19 
2.0004106534e+16 
6.8544939451e+22 
-8.6171385216e-19 
1.4271801385e+22 
-6.6598904133e-01 
-2.0708724837e+21 
-5.3908364014e-24 
-1.5085080566e+03 
1.8293892000e+07 
-3.7178673069e-20 
2.7343160196e+31 
-2.8223343122e-32 
-8.5413952642e+37 
9.7853145143e-30 
7.5349215826e-19 
1.0956731685e+14 
-2.8912378404e+36 
            nan 
3.4383941752e+31 
4.6355787171e-17 
3.8989095093e-34 
-1.1111528944e+35 
-1.6139602661e+00 
-3.1980785189e-30 
-3.3464708195e+35 
-2.1030158468e-19 
3.3697403125e+05 
-1.5418139810e-04 
7.5821462021e-30 
5.3338946432e+27 
-1.2263032977e+21 
-3.8658757812e+04 
5.9639333390e-18 
2.9845211190e-16 
2.3369986504e+16 
-2.8693083674e-02 
2.3630232842e-34 
-7.3496995840e+09 
8.3086092321e+36 
-4.7198790621e+18 
4.4419774578e-26 
-7.4900103567e-38 
-8.9627550315e+22 
4.3123004036e+37 
-3.2111096191e+03 
5.1693125336e-09 
-6.8058615808e+10 
3.5962982480e-31 
1.7024409313e+24 
-2.3183426883e+30 
-5.2574672738e+28 
4.8431552905e-29 
6.9089685855e+22 
1.9309901164e+21 
-4.8832606488e+17 
1.1818805106e+15 
2.0626813227e+29 
1.3417928118e+29 
-7.0905580730e+16 
3.9091079680e+09 
4.3451861950e+24 
4.0244201188e-20 
-1.3415503020e-07 
1.4544101562e+05 
9.3877685003e-07 
8.5124588013e-01 
-1.1116788704e+37 
-6.7088928223e+00 
-1.3396853071e-12 
-9.8202279739e+14 
-2.2740296100e-23 
2.2922334742e+19 
1.1173214047e-12 
-1.5132587329e+19 
3.5261291487e-07 
1.5311395740e-25 
1.0723614720e+09 
1.6097534180e+01 
4.3061414356e-33 
-1.0658276868e-30 
3.3851950101e+36 
3.3152698368e+10 
-1.4545115939e-14 
2.3713366925e-33 
-4.0113336701e+20 
9.3634877629e-11 
2.6603231434e-30 
8.9640448227e-23 
-2.3136485311e-29 
-8.9581393905e-36 
-1.0294108896e+16 
-8.6059089542e-15 
1.1241663000e+07 
-1.1991907334e+35 
7.6692387845e-37 
-6.5637036061e-21 
-4.3030969441e-20 
1.7409144804e-34 
6.6580101986e+16 
-1.3553802854e+23 
1.4894877863e+16 
1.5002966393e-05 
1.3773376003e+16 
1.6413634210e+30 
-1.8834613969e+33 
-2.7739031555e-25 
4.5527676809e-36 
1.5685709208e+25 
-7.5314769413e-32 
-1.9560616299e-36 
4.5949760000e+06 
4.0046882629e-01 
-3.0389619034e+18 
2.7975775778e+24 
1.6578619433e-25 
1.4412491200e+08 
-1.5487841899e-32 
2.7150219612e-28 
-1.5372885663e-16 
-1.8037460733e-17 
9.5027317748e-39 
1.7148346368e+10 
1.6287828804e-36 
4.1758512541e-17 
2.0723330037e-21 
4.5900597522e-24 
-6.8096622592e+11 
-4.8598327637e+00 
3.9756856859e-04 
-1.2684537865e-09 
3.2209136715e+26 
6.8820582400e+08 
-2.5081280512e+10 
4.0934044104e-39 
-4.3615842360e+32 
-5.6879780188e+24 
5.9437913304e+34 
-7.7293883963e-22 
3.6189592265e-06 
1.1866883901e-26 
6.2584291275e-22 
5.2521063481e-06 
3.2024330502e-18 
-1.7034472656e+02 
-6.6037812500e+03 
-7.6508513303e-07 
2.2975768843e-08 
-1.7588737307e+28 
5.1370946363e+33 
2.4221191406e+02 
4.4763303316e+20 
-2.9789566994e-02 
2.5991987537e-30 
2.8836598040e-11 
3.1739286400e+08 
-6.3754126473e-16 
-8.9551756217e+28 
-5.9926261232e+22 
3.5446419710e-17 
-1.2843142826e+30 
-1.3379746200e-08 
-6.7524239421e-04 
-3.2034356351e+22 
6.4149803091e-15 
1.3018650405e-25 
1.2178705554e+33 
1.7784514680e+15 
-4.4605874550e-11 
5.5042270822e+11 
-2.6732921432e-12 
3.8075442408e-29 
3.5614211811e-06 
-8.2726398250e-04 
3.7271939813e-25 
4.7880070818e+27 
5.7320910783e+28 
-5.5219742188e+04 
-2.9892692566e+01 
4.1418934416e-05 
3.8173029171e+12 
6.5642899200e+08 
2.2684948088e+26 
-9.8778011076e-17 
3.5779093022e-09 
8.8363146834e+37 
-1.0105077308e-07 
1.0180121068e+12 
-2.2138704976e+21 
4.3779386425e+18 
5.6528400000e+05 
6.7765857280e+09 
-8.9982518693e-04 
-1.7973752975e+01 
9.4846193122e-08 
-2.0950223088e-32 
-6.0541940467e-18 
-4.1035599053e+11 
6.8711176098e+27 
-8.4349929700e-29 
3.3572734393e+30 
-3.2055140030e-24 
-2.5722866545e-11 
-2.7192172441e-31 
-1.3906941810e+23 
6.4102798826e+24 
2.2994613448e+29 
-4.8351237638e-05 
-2.2684453055e-02 
1.8606469695e+31 
-4.5999441998e-32 
2.5939582926e-08 
2.5625257497e-26 
1.3993213361e-04 
-3.6257592036e+35 
3.9213252090e-10 
-1.3891070400e+08 
-2.2367763801e+38 
-6.4005997931e+19 
7.4240830145e-05 
-2.9285468867e-26 
2.7483350866e+19 
-1.1297515752e+31 
4.0980469621e-31 
1.4801793833e-30 
-2.3407572769e-07 
-7.6857575914e-04 
-1.4422309976e+32 
-1.3435678877e-34 
-2.6491936290e-14 
1.2730049219e+05 
2.4746039703e+20 
-4.3822718680e-34 
-1.6681135068e+28 
2.3701023726e+14 
1.6177562081e+19 
-1.4177297811e-14 
-7.4824253253e-32 
4.8452644563e-08 
5.8697818866e+22 
-5.5229711269e-34 
-1.2937333987e+37 
-5.3469903564e+02 
5.0875989643e-08 
-3.1861029471e-37 
2.1404972084e+33 
5.3990732950e-31 
-8.7313530739e+20 
-1.3363670675e-20 
5.1370245835e-09 
3.1074594062e-06 
-1.6067153455e+35 
2.5805455880e-28 
6.1521510188e+25 
-2.7717017785e-29 
4.0487290794e+31 
            nan 
-3.0214423650e-19 
7.6550804341e+13 
-1.2942765986e+26 
-1.0003997209e+14 
-1.1913079030e+12 
1.1007343379e-36 
-4.8444326782e+02 
-5.0565029907e+02 
-4.8788941046e+13 
-9.5384670953e-31 
1.1938018933e-12 
2.9150812277e+26 
-1.4002455473e+00 
3.5021861948e+22 
2.1748597793e-26 
3.6480370808e-11 
2.6008989336e+19 
-3.9438278809e+03 
2.3889394694e-13 
3.6518930522e+22 
1.3863131476e-10 
1.4690684004e-16 
7.7784053981e-02 
-1.3960926537e-27 
3.7556437310e-03 
-4.0328328242e-13 
9.0894882247e+28 
9.1280576000e+08 
-5.1311686694e+23 
1.3534364291e-02 
1.1773445491e-35 
-6.0766872817e-34 
-4.4817299061e-18 
1.3950308791e+15 
2.9151874253e+11 
-6.4938949585e+01 
9.8002969312e-17 
-3.8864524527e-14 
-2.0405369568e+02 
-2.0892670264e-23 
5.0578432617e+03 
-4.2639326857e-13 
4.4001364136e+02 
4.4606835799e+33 
1.4038210421e+19 
3.7881192953e-32 
-1.0546084801e-37 
-3.1631057027e-06 
-6.0122686689e+18 
-2.3767003474e+27 
1.4290262307e-08 
-1.0733365722e-24 
1.6119696875e+05 
-1.8049055960e+22 
2.2918339819e-02 
-2.1873799483e-07 
5.8303254293e+32 
1.4481639404e+03 
-1.1877147266e-08 
3.1698814506e+32 
-1.6194422192e-10 
1.7437291476e-28 
-3.7004146576e+01 
1.1007230400e+08 
1.5023665036e+37 
-3.7341595459e+02 
-3.4796408575e+33 
1.8743331069e-19 
-1.1336754572e-19 
-7.9976290663e-36 
1.2471063663e+34 
-1.0451507415e+38 
-2.5404314208e-09 
2.2483317605e+21 
-8.5830272108e+15 
-1.2400462290e+22 
3.9027698038e+25 
-5.0833614245e+25 
-2.3166886439e-24 
2.1055137499e+21 
-1.8333717017e-03 
9.7008439973e+32 
3.5288596875e+05 
-6.2253138410e-28 
7.4060020942e-24 
-6.0277462072e+31 
-2.7013545841e-20 
-2.5244222898e+22 
-2.5148768425e+00 
1.9162959575e-07 
-2.4723490919e+19 
7.2959144695e+30 
1.4809015347e-08 
-2.7343643029e-35 
2.8865197803e+31 
-3.2185237157e-22 
-3.4875219017e-21 
-8.3031151944e-22 
9.3223822021e+02 
-1.7603952913e+15 
-4.4848522546e+34 
-1.3780634125e-21 
-7.4650307617e+03 
5.0399564525e+34 
4.2430076911e-32 
1.4322019697e-35 
-3.2610208186e+13 
2.0517800212e-19 
3.7468278809e+03 
1.9999326681e-15 
-6.1959321611e-03 
-8.7393240230e+21 
-1.0234890506e-02 
-1.8254658509e-16 
-6.0370899194e+34 
9.3985057674e+21 
1.9812861143e-35 
3.5602751419e-15 
-2.0640827735e-36 
-4.1351868441e+27 
4.6714125054e-37 
1.7412988536e+28 
-1.2939548541e-37 
-1.1823819836e+35 
-4.1379627473e+32 
9.2910613850e-17 
3.0703725903e-35 
1.4321887637e-29 
1.1674698203e+22 
-4.0432188787e+34 
-2.8583105934e-12 
1.5171517440e+10 
4.7969864846e+28 
-6.8405682176e+10 
1.1968435491e-27 
-6.1452299616e-15 
-7.1135972297e+35 
-6.1561847030e+34 
4.6941403784e+34 
1.4237600476e+38 
5.5022253418e+02 
-7.0240551428e-35 
6.0716220940e-10 
2.6154049936e+28 
-2.7524724736e+10 
1.0231340088e-27 
-5.9274432049e+26 
-1.4216539269e-29 
9.3270697021e+02 
1.1075656824e+21 
-2.8554649026e+19 
1.2969222491e+27 
1.7211505142e-15 
6.9574927752e-35 
-1.1800840378e+01 
-2.5701754811e-18 
2.2868758292e-31 
-4.1039782532e-21 
-9.4635833892e-11 
-1.5902434570e+04 
-6.9925477728e-03 
-9.3037976954e-14 
-4.8730066046e-03 
-9.7202670574e-01 
2.5505813144e-36 
-5.7907728576e-37 
3.0270491721e+21 
6.0283777134e+36 
-2.7268772806e+38 
7.2173858686e-13 
-2.8698475961e-36 
-8.4529905087e-38 
-2.7016839711e+22 
4.8109803536e+13 
4.4937108203e-37 
3.2393810465e-21 
9.8441623191e-18 
5.7197147750e+35 
-1.0184926523e+33 
-5.8248681448e-22 
1.2753635676e-21 
-2.2065812137e+31 
1.9488926817e+15 
1.0850253903e+17 
4.8338026874e+24 
2.2484907520e+09 
5.2773606351e-30 
6.7465176462e-19 
1.1468204245e+19 
-4.9909314136e-28 
2.5142239687e-15 
-1.1229803169e-17 
6.2226692711e-14 
6.4075249321e-33 
1.7192495705e-24 
2.4660250584e-34 
-3.7146282959e+02 
-4.7181912112e-37 
2.4867043168e+33 
-1.7929549515e-01 
1.6784279678e+21 
2.6433644217e-18 
1.4246636650e-24 
4.6627793750e+05 
-1.8071832447e+27 
-1.4074352708e+17 
-9.0559607243e-33 
-6.3186028957e+37 
-1.2014920654e+03 
6.3579084348e-36 
7.3622699734e-13 
6.7768020453e+25 
1.1696469967e+13 
1.7378425600e+09 
2.2899264877e-04 
1.7671824966e+31 
1.9449830181e+18 
-5.9574378763e-10 
-1.6092790295e-11 
3.6518512626e+17 
7.4707672476e+28 
-2.9279076942e+34 
1.4209487944e+19 
-1.0587105633e+21 
3.7044267642e+31 
-6.7525536993e-25 
6.1823030211e+31 
8.3996441390e-05 
-2.0702203751e-28 
-7.7920028707e-04 
5.9165183863e-09 
7.2916378902e-32 
-2.8491545197e+27 
2.7997328572e+19 
6.2107016016e+35 
7.6980569417e-29 
4.5327756197e-06 
5.4211427977e-18 
4.9821675592e-18 
-1.0206639287e-33 
-2.7949603697e+14 
2.5658884098e+16 
1.2083490133e-21 
1.1185698190e+38 
-4.5072672104e-35 
-2.9484737396e+01 
-1.7703695921e-03 
-4.5958871095e+21 
-1.7436873047e+04 
1.4187392328e+15 
-2.3443823871e+20 
-2.1371648213e+14 
-8.1111852800e+08 
-1.9438283200e+08 
1.8371869971e+20 
-2.1830273100e-15 
-1.0188821724e+18 
9.2427260002e+14 
-1.1224615092e-17 
-3.9593149722e-13 
1.9657640500e-34 
7.5183043009e-06 
-2.5643895312e+05 
3.0212583929e-35 
-8.3629040599e+24 
1.0493475422e+13 
7.9694719023e+24 
-1.3606532918e-15 
4.6137468876e-38 
1.8997773118e-19 
6.8377645228e-15 
            nan 
-9.6029193750e+05 
7.1966988585e-29 
1.6308397341e-11 
-6.8515926266e-09 
8.2040635000e+06 
-1.1362926307e-04 
6.8745383760e-04 
-3.8029717662e+36 
2.7614380233e-03 
5.6119975761e-36 
-6.5038887141e+22 
7.0364986059e-38 
-1.2275751584e+13 
2.5526736939e+20 
-5.8322625495e+12 
8.9358799160e-02 
8.8643552920e-32 
-2.7927151156e+31 
6.9130949725e-31 
-1.3382127871e-11 
2.5204041448e-30 
1.3991425356e-24 
            nan 
1.4692102453e-17 
6.9117898072e-09 
-1.1128323211e+19 
1.0667949219e+05 
1.1282276449e+15 
6.5370754560e+33 
3.8688227219e-16 
1.5741169434e+03 
2.8043691050e-20 
-6.1680252726e+37 
1.1092847656e+05 
-6.9821187500e+05 
1.5496410587e-35 
-1.6539921613e+11 
-3.6987015672e-09 
-5.2857353011e+13 
-4.8033292405e-03 
4.1001016681e+28 
-4.6707747874e-32 
-5.4298792974e-14 
-2.0422506741e-10 
-5.3477352249e-31 
-5.8146954809e-18 
-3.2640809828e+13 
-2.0341484230e-07 
-2.6831710388e+17 
7.0279759883e+36 
-3.6822442780e-04 
1.5775254436e-09 
6.9234136026e-04 
-3.5801630972e-37 
2.3312772628e+12 
-1.4452303135e+33 
1.7269938586e+11 
-1.6812620628e-38 
-4.0608985813e+33 
-1.1475220080e-10 
-2.6547335747e-26 
1.7115552081e+25 
6.8017182617e+03 
2.6652677059e+00 
9.6880442730e+35 
1.7526059297e-15 
-2.9734203663e+32 
2.9927879619e-10 
6.0843571639e+36 
-1.5233792067e+37 
3.1192917388e+34 
9.4307005568e-29 
-1.7024477299e-27 
8.2841362015e+21 
-1.8706172477e+12 
-1.8116449004e-28 
-4.7049324151e-23 
7.5336062908e-01 
-1.7187669279e+12 
1.4766239343e-16 
1.0207927680e+09 
-1.0616268000e+08 
3.4142208070e-19 
1.4813208342e+30 
-1.1505049393e-37 
1.3195396494e-37 
-8.6687956429e-23 
-5.7500266856e-36 
-1.3397129543e-12 
-2.1043698438e+05 
1.3765614239e+29 
2.2156548080e-20 
-6.0432366761e-31 
-3.3766242188e+04 
9.0329540399e-06 
-5.3165343801e+24 
9.5745181250e+05 
-5.1199642928e+31 
-1.1882494689e+13 
1.6066528220e+27 
-5.2097985500e-37 
2.6612539413e+23 
-6.2778048004e-07 
-9.5716302955e-18 
2.9980061576e-02 
-5.0405025482e+01 
-2.0580466309e+03 
6.3174649600e+08 
1.7641854000e+07 
2.5958705600e+08 
1.4943742400e+08 
-8.3197240679e+20 
-1.4104046190e-15 
-2.9633880392e+25 
-3.2404380083e+19 
-3.4556104273e+17 
-1.0754726082e-01 
2.6881148000e+07 
-1.1853443285e+37 
4.0362886132e+29 
8.3349874708e+22 
-1.5249545685e-32 
9.4224350544e-10 
1.5148984704e-18 
1.1857283837e-34 
7.7983200429e+15 
1.3194290400e+08 
-8.0391776000e+08 
1.1660419673e+35 
3.9739613092e+30 
1.4545871624e+31 
-1.0204484906e+38 
-2.4251128087e+13 
3.3157018479e-03 
-8.6450384521e+02 
-4.1291334796e-09 
-1.0195874873e+14 
3.5709906194e+33 
-2.4836416115e+15 
-4.0182298422e-01 
5.1364886838e-15 
-2.1228935672e-26 
2.6542513209e-34 
5.7683792966e+32 
-1.1411282216e-24 
-1.0148688334e-33 
-2.3529990756e-07 
-4.8129139533e-27 
5.4558028854e-37 
4.8492831972e-09 
2.3262279417e-32 
-2.4808220162e+30 
7.0144514676e+27 
-1.2937826626e-37 
-2.4652935168e+10 
-5.5365364000e+07 
-1.5962664695e-18 
3.6551091075e-01 
-5.8230634779e-02 
-9.3931176441e-35 
-8.7109672977e-15 
1.0040028762e-19 
1.6011834145e-02 
3.6267940753e-20 
3.7828464319e-14 
-7.9990826923e-17 
5.8439031392e-11 
2.7480746212e-07 
-1.9202560681e+20 
-6.3952505589e-03 
-3.9647321884e-14 
-4.0950771759e-22 
1.1599139735e+23 
5.3737087304e+12 
-1.0595289869e+18 
4.9451151327e+36 
-2.8143996350e+35 
-6.0459992759e-30 
1.2641827547e-32 
1.1820134564e+12 
-3.8021202219e+36 
-1.7733013605e+22 
1.0098360000e+06 
-2.4984034055e+26 
1.3565155988e+16 
9.8568578602e+17 
2.2844282022e-11 
2.9661462528e+10 
-3.9510343781e-12 
9.5937205359e-28 
-5.8449829316e-20 
-2.3209392343e+27 
2.9500198855e+21 
2.1585803454e+23 
1.5255768720e-27 
1.0914245605e+01 
-4.8426385408e+11 
6.1301171875e+02 
-3.6595895386e+02 
-2.9883172389e+13 
-5.6872498323e+31 
1.0546363427e-07 
-3.0380020382e-15 
-2.3679404963e-29 
-2.1353043849e-06 
1.9338726997e-02 
3.3663523358e-13 
-2.4359014393e+14 
1.0079461290e+21 
-2.2003957275e+21 
-2.8234551461e-33 
-2.5108009577e-03 
1.7490516115e+13 
-1.4292880000e+06 
-2.0749630257e-27 
-4.4629112397e-34 
-1.0314863630e-08 
6.9403372968e+17 
-2.1420510166e-07 
9.1400319598e-24 
1.7328227870e+34 
-8.7186335804e-06 
-9.9026593678e+26 
3.4903577864e+16 
1.9506294054e+16 
-1.5026624048e+24 
-3.1737685823e+32 
-5.2085186825e-36 
-3.5674584773e-22 
-2.1696312916e+34 
5.1376398795e-12 
-1.3550503830e-08 
1.5191899579e+33 
6.9980022837e+19 
-2.1061031659e-15 
-1.6127112878e-21 
6.7728803252e-13 
1.0634033343e-24 
4.2393295258e+11 
-2.9784289654e-03 
2.7379093998e+35 
-3.5008972496e+18 
6.2054334240e+34 
8.5530961111e-14 
-1.3486116079e-32 
-1.3999744940e-11 
-9.3475672380e-35 
-4.5661072239e-38 
-1.0835036039e+00 
-9.1622943899e-08 
-1.5201358703e+21 
-2.6073434251e-14 
6.4608395300e+31 
-1.0714344109e+20 
-5.5204284199e-22 
1.7321653407e+21 
-5.6261717524e+12 
8.2321178624e+11 
7.1398967521e-06 
7.3997673715e+16 
2.7243161011e+02 
-1.6712803756e+36 
-3.0466564859e-37 
3.2207697842e-08 
3.6892682610e+36 
3.7845951688e+30 
8.0502854784e-26 
-2.9615313793e-18 
-2.1612549608e-04 
2.8928894000e+07 
9.7155541144e-33 
-3.4979321166e+27 
-3.6921425978e+15 
9.9347311310e+14 
9.7226785615e+23 
4.5451677086e+28 
2.0678958011e+27 
-1.0534549219e+05 
-2.6823039734e+29 
6.8121294134e-06 
-1.2873549219e+05 
1.6659135000e+07 
6.9915168645e+22 
2.0294696875e+05 
1.5953696745e+35 
7.2456514358e+14 
6.2950652000e+07 
1.3765208284e+14 
-1.3789475027e+32 
-1.6727892562e-26 
-6.4677800960e+09 
-1.4850363480e+15 
3.9192914486e+37 
8.5280605867e+20 
-1.8036589246e-19 
3.2920797811e-32 
4.0138017997e+11 
2.4565486364e-12 
-8.6310063263e-11 
-1.4075370444e-18 
-5.3136879912e+29 
1.5840442319e+13 
6.1480974123e-25 
1.5488811523e+04 
4.0703952643e-24 
7.7850885620e+19 
4.4247371668e+31 
-2.7355802059e+00 
1.3629842810e-09 
-2.0622300504e+16 
-1.5496405213e+17 
-5.2992955000e+06 
-5.6325567303e-21 
2.3967192221e-18 
1.7553828394e+28 
1.5516202314e-16 
3.9187260208e-12 
4.4545906568e-35 
-4.0479365190e+28 
-3.1604728241e+14 
1.9922759815e-25 
4.7117496320e+10 
2.6383766054e-25 
1.0875094033e+34 
-2.6693875765e+36 
2.4694087680e+10 
-1.6125129235e+14 
1.4219527248e-12 
-5.0166225679e-26 
3.0701015724e-28 
1.3940727143e-28 
1.8814549257e-13 
-7.4178908652e+13 
7.4508079706e-08 
8.2345377740e+28 
-1.9264659698e-32 
1.8559820347e-10 
-7.5071615591e-12 
-3.1988352000e+07 
6.7532435060e-04 
-5.2863542536e-12 
-3.9473655686e-38 
-3.3617372774e-10 
2.0020970933e+31 
-1.5683937167e+25 
-1.6724745503e-12 
6.1025630951e+01 
-3.4185334028e-22 
-5.4048809814e+02 
1.4176179862e-39 
-2.0130915200e+08 
1.6222947693e+02 
6.7567204104e-15 
6.2182682662e-24 
1.1971186714e-32 
-3.9491739739e-11 
3.3541873950e+34 
4.8427964083e-39 
2.7076914156e+29 
6.4269632572e-37 
-6.9552002874e+22 
2.0898772519e+21 
1.4331305969e+37 
2.2239757923e+19 
4.3373939313e+20 
7.8631174435e-27 
-5.7902378610e-24 
-6.9636787656e-12 
2.5496391929e+28 
-5.6191714476e-11 
8.6424971902e-32 
8.7326538470e+34 
-9.5164723912e-33 
-2.0075570915e+28 
-1.7826738349e-11 
-3.4965084076e+01 
-8.0425883198e-07 
3.4919633123e-20 
-1.9009630949e+14 
-5.1464107513e+01 
2.1250852830e+37 
-2.9758191616e+10 
2.5318077732e+28 
3.2375877534e-09 
-3.0542014167e-02 
2.1192357963e-05 
1.9004059488e+34 
-4.8938811322e+36 
-1.7866754293e-29 
-2.3521573544e+00 
5.9924610669e+33 
1.0445458221e+02 
-3.7649964423e-25 
6.3515908550e-06 
-4.6348039858e+29 
9.8078288243e-21 
-1.5607797899e-27 
-4.2697481305e-33 
-1.3310406713e+22 
-1.0899930197e+27 
5.6599014737e+34 
1.0859623976e+38 
2.0513664271e-38 
4.4671924655e+28 
8.0901144394e+34 
-1.0966949033e-35 
-6.7209779409e-13 
4.5507033955e+36 
-8.6791551461e-30 
4.5269354181e-23 
1.7661822000e+07 
1.1545527985e+23 
2.2061629104e-20 
8.0755764074e-22 
-4.0281879347e+11 
-7.1431255920e+22 
-2.7863770638e-29 
1.1785265600e+08 
2.0328573823e-27 
-1.2429340956e-26 
7.2784289244e+21 
-2.4161485489e-03 
-1.4905406861e-03 
-3.6287789856e-20 
-2.3623955519e-32 
1.5332741330e-24 
2.9942601032e-05 
-8.7788852625e+35 
-1.6203985433e-04 
4.9955946650e+20 
3.6089497875e+26 
6.9088027813e-03 
3.9599967239e-21 
7.1581395029e+28 
1.0850829957e-10 
1.1220496745e-27 
1.1362952646e-03 
6.2918396000e+07 
-2.7027752281e+18 
-7.4776662403e+14 
3.4896893446e-33 
-8.9377963543e-01 
-7.2160985426e+21 
3.2316269265e+13 
2.6828938936e+12 
-2.0852651367e+03 
8.7969742848e+10 
-3.1125256274e+12 
5.0436363449e-22 
-6.0673918038e+24 
5.4957807617e+03 
1.4968868255e-30 
1.7449366565e-25 
-4.0381309407e-12 
-6.2583377756e+12 
-1.0028454117e-38 
6.3544458541e+25 
-9.4149672960e+09 
5.8604497526e+19 
-1.4926845324e-06 
-1.4239568933e+16 
            nan 
-2.8006900920e+19 
1.2357222400e+09 
1.1207665619e+16 
-1.4234815583e-14 
2.5596524900e-11 
2.1950774125e-16 
6.0578657879e-28 
7.7653878927e-01 
2.8913278000e+07 
-5.6139171105e-15 
3.4504207360e+09 
1.6748202649e-26 
-1.7234736587e-13 
-3.6962517071e+22 
1.0568217663e-16 
3.5029330289e+26 
-8.1110993819e-25 
-8.7900305478e-27 
-2.3181230080e+09 
7.3549829183e-38 
-5.2970489690e+25 
8.9410145954e-12 
1.5893981934e+01 
3.5450880000e+09 
4.2623843756e+26 
7.3785481760e+30 
6.2062845457e+21 
1.8932648762e+30 
-7.5002157263e-13 
2.8783117708e+22 
-3.6813396220e-31 
-3.6478993297e-01 
-4.7198732210e+17 
3.4111924836e-35 
1.0419621299e-19 
1.8614708074e+22 
6.5019878802e-38 
1.8255757500e+06 
-1.0072622278e-32 
-1.5671577263e-13 
6.8020413815e-22 
9.5992138658e-26 
4.5985841904e+29 
6.1536495929e-23 
1.0032694702e+03 
-8.0420908989e-37 
-9.8905658907e+33 
8.4520424934e-06 
3.0998033920e+09 
-7.4596247673e+00 
-9.3514492188e+04 
-9.3550158939e-12 
9.8823183276e+25 
-7.1768344099e-32 
-1.5193893341e-03 
2.6992027186e+36 
-1.3831040263e-01 
-4.8353812274e-12 
3.8426054568e-31 
-1.7813882000e+07 
-4.7279080740e-33 
-1.2381004333e+02 
2.2368371094e+04 
1.3707729038e+15 
1.9045313385e-20 
2.0908987384e-36 
-3.1445773629e-07 
2.3245104751e-29 
1.4861227417e+02 
-1.3846664002e-27 
5.4955123601e+17 
1.5232981812e+18 
-3.3087957650e-02 
-7.8708931893e-18 
5.5173635483e+00 
-7.6061822154e-34 
-2.7204261066e-09 
3.7281233772e-20 
5.4320155145e-12 
2.2236631138e-27 
-9.1227793673e+18 
-1.5857889404e+03 
-3.5856198095e-38 
-7.5030601307e-13 
6.0198940980e+29 
-1.5259156820e-31 
-2.0333679479e+38 
1.2681410226e-05 
-1.8451266479e+02 
-1.2870221690e-04 
-1.9010910141e-33 
2.4298871867e-03 
3.3892499050e-04 
2.8993332838e+11 
1.0795739178e-30 
-2.2199915349e-01 
3.6223170241e-07 
-7.5685702909e+28 
7.7598701633e+19 
1.2124093440e+10 
1.0731383324e+01 
-4.7528021623e-37 
-3.5985780993e-25 
-5.0232591122e+13 
3.2581356097e-14 
1.2266415592e-20 
-2.5009603476e+35 
7.7181033940e-23 
8.2911865234e+03 
-7.7504857643e-08 
1.6976199843e-21 
3.1227499301e+31 
5.5748571048e+18 
-1.7145503275e-15 
-3.4999656960e+09 
4.2105627521e-23 
1.3098598650e-08 
3.7699365201e-38 
-2.1049353526e-29 
-5.8343399445e-08 
2.3383295767e-17 
3.3326409202e-36 
-3.1283336509e+15 
-3.1967683106e-18 
-1.5376917703e+35 
-7.9815770610e-28 
2.4435647370e+33 
3.7626415348e-23 
-5.1181246094e+04 
-4.5034332288e-05 
5.8638553090e-28 
-1.2864573853e+36 
-5.1296508000e+07 
-1.6582191462e-21 
-1.0867713033e+28 
1.7929175245e-38 
2.3095994560e-27 
-3.2694280624e-16 
1.8378373049e+37 
-4.5199968000e+08 
            nan 
6.9185253615e-28 
-2.9573208710e+14 
-7.0515062725e-17 
2.7224373047e+04 
7.0265664363e-06 
1.4283152555e+33 
1.1631558125e+30 
-3.1270829495e-03 
-1.2638333435e-10 
3.2317692812e+14 
3.1940673200e+16 
1.9181153163e-21 
-2.3318453552e+26 
5.8997795840e+09 
-6.6140853144e-26 
-4.6770529626e-35 
6.4003073427e-17 
2.4034646273e-08 
-3.1595423199e+19 
9.8695027717e+20 
8.7615066498e+28 
5.6994934136e+17 
3.1782804669e-31 
4.9415428582e-19 
9.3569718602e+23 
8.5836526995e-19 
-3.5468798730e-23 
-1.9083808859e+16 
1.3597182400e+08 
-4.2335763615e+33 
-4.0279209422e-23 
-7.4034726313e-20 
3.4365473003e-21 
1.9497532121e-17 
5.5004412000e+07 
4.3065977990e+15 
1.7742837093e-13 
-6.3064578743e+29 
-2.4357383656e-17 
-8.3132308086e+17 
-4.2409246211e+24 
-1.3757754935e-08 
-6.3529369586e+37 
-2.5594141082e+12 
-4.0151203683e-29 
-8.5201673723e-30 
4.0022850631e-25 
1.5364717500e+06 
4.3345579315e-18 
2.1362421471e-22 
4.2200063284e-20 
7.4148878234e-24 
-7.1795548394e-20 
3.1381765218e-37 
-2.1039599960e-04 
1.2022915495e-37 
1.8592248134e+32 
6.4716714621e-01 
-2.4372971359e+14 
-6.7389115000e+06 
3.8660432461e-18 
1.1672462856e-36 
-6.5654914826e-26 
1.7970451355e+34 
-4.7133424996e+33 
-5.7709525785e-24 
1.8085719395e-26 
3.1958586981e-14 
1.0434901124e+34 
-1.9265089550e+17 
-3.3339624960e+09 
9.2588481903e+00 
-3.7996240594e-36 
-4.1675552396e-38 
-9.3453506843e-28 
-2.3066805303e-01 
-1.3664415736e-12 
9.9627065659e+00 
-1.8841755648e+11 
1.0674459079e+33 
5.6424631390e-19 
1.2730374226e+30 
3.3804920968e-03 
2.8265165470e+22 
1.8273250752e+30 
6.3396155000e+06 
-5.3545219474e-12 
7.5980197802e+33 
-7.3485920000e+08 
3.5805215102e+26 
3.8642007664e-28 
7.5410302734e+03 
4.5758115623e-27 
2.6761886628e-33 
-7.3017991675e+16 
-3.8571161839e+14 
8.4693957034e-14 
-4.8504804518e+37 
3.5352746094e+04 
1.3007698525e+26 
-1.4912658025e+32 
5.3288211535e-33 
-2.4013854342e+23 
-3.4007414735e+13 
2.6549566175e-34 
-7.3815603237e-25 
-4.8927988311e-25 
2.2322911794e-35 
-4.3437027194e+16 
-1.5670524917e+32 
-5.9362439659e+32 
6.5021692000e+07 
-2.3471203200e+08 
-6.2613742188e+04 
1.2208961107e-25 
1.2801732608e+10 
-5.1140539141e+37 
8.2115587500e+05 
1.4115363633e+17 
9.6325654961e+23 
-8.5103878519e-04 
-2.7662161169e+36 
1.4709616354e-23 
-1.8907311206e-34 
5.0325738014e-23 
1.0334245417e-05 
-8.7864022325e+34 
1.2009591136e+27 
6.9945205427e+17 
            nan 
-1.2125037862e-26 
8.9936357097e+24 
6.0003576000e+07 
-6.3968696320e+09 
-2.2663662734e+36 
-1.1000346160e-34 
-1.3860080849e-16 
4.2480141766e+15 
-1.2592174666e-32 
-2.4701463318e+02 
-1.1845484183e+36 
-7.9261187720e-26 
-2.2247749531e-26 
1.4740525818e+02 
1.9452090122e+12 
-2.4348007246e-23 
5.9444363142e-27 
5.3591735379e-21 
-1.3545719433e+24 
1.3192272629e-17 
4.9583121573e+29 
2.9644600403e+33 
5.8933437432e+29 
-8.6546584070e+14 
2.2945391247e-12 
1.7012730713e+03 
-2.4600404480e+09 
2.4609912958e+23 
-1.7068473570e-16 
-1.8543773023e-17 
-1.4294430917e-10 
6.6585899121e-12 
1.7831108203e+17 
1.8071960320e+09 
2.6170054553e+26 
-1.3662158029e+11 
4.7840417473e-14 
5.8734793750e+05 
-1.0654378694e-31 
-8.9839049114e+11 
3.3525993745e-26 
-5.2096595654e+23 
-1.0993267564e-17 
6.7472497050e+11 
5.9829268139e-04 
1.6897774610e+21 
2.5636713238e-11 
-2.1433076147e-10 
-3.6522212743e+27 
-5.9543669199e-23 
1.2680157925e+32 
4.7078966388e-24 
3.0637643830e+24 
3.3816371200e+08 
-1.2212024613e+29 
6.6146469116e-01 
4.8051259416e+36 
-3.1426426606e+24 
-3.9155456000e+07 
1.5664041554e+35 
-1.9440857072e-37 
-4.2895347717e+29 
1.7267918618e+28 
2.2552739054e+13 
1.4091509907e+22 
4.1147746094e+04 
-2.0113498438e+05 
8.0668104978e+21 
2.5809506179e-23 
-1.5590172242e-22 
-3.5091089388e-17 
4.7875210175e+16 
-4.0814971135e+17 
2.9379760351e+25 
-1.3713760376e+00 
-6.1871542130e-06 
-9.9977944046e-05 
1.1260720699e-17 
-1.4840592023e+29 
2.7837635605e+23 
-2.3396002867e+37 
1.3284076266e-37 
1.0895204481e-26 
4.6461792746e-13 
-1.1205157003e-23 
5.5039550293e+24 
-5.3177273549e+11 
3.3226572888e+19 
            nan 
1.2775374427e-16 
6.7220453618e+31 
-3.8077446002e-21 
-1.5461869543e+33 
-2.3812257204e+30 
6.3047967044e+31 
5.7132732427e+22 
1.6201231565e+11 
-1.3868621197e+16 
-1.0007045709e-26 
-2.3703172037e-37 
2.3852013605e+18 
3.5412399066e+24 
-8.2995134203e-15 
-7.2267812824e-31 
-6.3906237483e-04 
7.0725865162e-31 
3.5218676852e+18 
1.6040004880e-09 
1.6726460308e-04 
-6.6490762870e-18 
-2.7605908134e+31 
5.7221602249e+29 
-1.0491057765e-05 
1.7922727918e-13 
1.1836548771e-27 
-8.6195688928e-35 
-9.3540530652e-03 
-5.9190787500e+05 
1.0308446503e+02 
1.1802883091e-04 
3.7326102029e-04 
-3.0525094061e-27 
-1.7194046390e+37 
-1.7153774888e+25 
-1.9977994240e+11 
-3.0157125779e-17 
7.7851531884e+24 
-1.2795236715e+18 
-4.6419613637e-32 
-2.5359429973e+20 
-5.3493899640e+34 
-2.0135701904e+03 
-4.8449893626e-30 
-2.4861837356e-26 
3.3455810259e-37 
-7.0099004125e+15 
2.9405049461e-15 
1.1253475064e-35 
1.6170746058e-39 
4.5357402764e+18 
5.6016040145e+32 
1.8743898985e+26 
4.3636995790e+36 
-1.5625640294e-16 
-1.2330823626e+33 
1.3505817025e+29 
6.2541570493e-28 
-1.8088562769e+36 
1.0627264000e+07 
1.6702750720e+09 
6.3170944031e-09 
6.1960237800e+19 
4.0459144684e+36 
1.9159168492e+37 
2.3347391981e+31 
3.6271892836e-35 
-7.6288162788e-36 
1.1393856023e-36 
8.7897958895e-16 
-2.1949106566e+14 
-8.4494598696e-07 
2.1975893550e+18 
2.6383459824e+36 
7.0824346255e+12 
-5.8794393600e+08 
9.3440628052e-01 
-2.9501361288e+25 
-1.7674537958e-06 
5.6628021561e+26 
5.5613271641e-18 
-3.3056287947e-19 
-1.8935327444e-21 
-7.0832261857e+23 
-1.5562390584e+34 
-6.6626334464e-17 
2.4678500800e+08 
3.8800932121e+16 
-1.8718917344e-33 
4.4379548854e-06 
-6.3091138145e-04 
1.6227989860e-31 
2.3540759867e-04 
-5.9422814382e+29 
1.7701548642e-16 
-1.5059698844e+13 
-7.0686459058e+18 
8.3663815442e+14 
-1.8149032257e-05 
2.4280448000e+07 
-1.6567341187e-23 
1.8079727418e+31 
1.2448627163e+13 
-2.5890380626e-33 
1.5927758068e-04 
-3.0441443726e-35 
-1.7168698438e+05 
1.4290057144e+26 
2.2946547707e+24 
-2.6691856810e+23 
-1.3791731125e+36 
-1.0182570219e+00 
-7.3662867200e+08 
1.2158006219e+21 
2.5467679501e+00 
-5.3026886552e+27 
4.0616171930e+11 
1.7461450946e+37 
9.6085198770e+21 
1.6535944314e+36 
-2.8446177872e-29 
1.3774312500e+04 
5.5815458918e-26 
-8.7704372151e-26 
3.3941075956e+29 
-4.6541728079e-04 
-2.0841396235e-06 
1.0508786074e+12 
-6.1056741376e+10 
-8.5975316540e+30 
8.1189331831e-04 
-2.2329613566e-01 
9.7904823804e-08 
-9.8329783817e+22 
2.4720670685e+33 
-4.8199150938e-27 
2.7738948002e+30 
-1.7645157437e-36 
7.6468165133e-11 
6.4816750000e+04 
2.1812502382e-07 
-7.7930550901e-10 
2.4288649534e+29 
-7.2823169717e-10 
-5.1063725176e+15 
1.8535227290e-22 
4.5663924105e-22 
3.2141251445e+13 
2.7138516903e+00 
-3.5668014675e-07 
3.0768572662e+12 
-1.3637162208e-18 
4.5898795467e+29 
-1.2583361819e-17 
8.8840877753e+15 
7.8185853295e+26 
6.8723091200e+08 
6.1795482179e-04 
7.5075796274e-14 
1.1782774236e-19 
-2.5456553706e+36 
2.4359317535e+32 
-3.1759242763e+25 
-7.0240915899e+33 
9.6618417859e-20 
3.2583400000e+05 
-1.7991147669e-36 
2.6050400348e+38 
3.6394673094e-17 
-1.0530822424e+20 
2.0246110861e+21 
5.1125810671e+25 
-9.2614358023e-37 
-3.3036649052e-22 
6.0592310000e+06 
4.0647247073e-37 
-3.2376937775e+13 
2.4554759238e+38 
3.4448614898e-17 
-2.2049921563e-32 
1.6913989632e+10 
1.5428687500e+04 
1.8702327716e+14 
9.3125345406e-25 
1.0410881356e-24 
6.6170533905e+16 
7.9177992931e-18 
-1.8184773486e-38 
-9.6930076435e+31 
-2.6753125937e-08 
1.4252432145e+34 
-2.7870752373e-09 
2.4324185193e+36 
7.1007480977e+15 
2.1541416141e+11 
-3.7015589407e+33 
-1.8377927946e+22 
1.4545936198e+15 
-9.7148659330e+24 
1.2270450894e+37 
-5.5564438796e-33 
-1.1772894504e-04 
-8.8907773151e-23 
-2.6509475840e+09 
-2.0527462310e+34 
2.5426977243e-32 
-2.0429513116e-14 
3.2888864209e-15 
1.4394710676e-37 
-7.6521811553e-19 
-3.0743558407e+00 
1.8231194550e+13 
7.7060600832e+30 
-2.4463460800e+08 
1.2566106931e-34 
2.5655509671e-04 
-1.1788394696e-13 
-3.9677016475e-25 
-9.8737193750e+05 
2.5434757179e-33 
-2.4171350896e-01 
-3.8557746094e+04 
-5.6725362083e-04 
-1.6460542289e+20 
-1.7784803593e+21 
-9.3638249698e+24 
-2.6615018361e-22 
1.0972295413e+23 
2.2386228943e+02 
-1.9352170393e+33 
7.7894360909e-33 
-9.0434795954e+36 
-5.2158113569e-02 
1.7940382244e-21 
-1.7092314692e-06 
1.3960941546e+22 
4.6603549116e-32 
7.5342469120e+09 
-2.4442683038e-19 
6.9276646060e-35 
-3.6880182241e-10 
5.7320316798e+26 
-2.5076484730e+31 
-4.9344679921e-21 
-2.3556605673e+23 
-3.0933866230e-34 
-6.7666763925e-07 
-7.2273853484e-25 
-3.6447526577e+33 
-4.6395247417e+35 
2.1694937563e+24 
-3.6161537871e+28 
-1.2040856800e+08 
-4.4874463929e-31 
2.5625476692e+25 
-1.3395819725e+11 
-3.9219725877e+29 
4.3896516946e+34 
-8.5634928215e-29 
1.1177082137e-21 
-3.5832940462e+12 
1.5858174459e+27 
8.0950033908e-35 
-6.3974400000e+10 
-3.4499372407e+31 
-2.8629438298e+27 
-4.0172703973e+13 
-1.6681481751e-09 
6.9788393750e+05 
-3.7031069322e-09 
-1.1963079696e+20 
6.1183600048e-38 
3.4975478222e+30 
-4.8267110399e-17 
1.5230582804e-16 
-3.5313861997e+14 
5.9073860757e-03 
-1.6681232810e-20 
1.5097401858e+19 
-1.5781401154e+38 
7.1427440268e-34 
-4.0587270554e+12 
1.8840743581e-13 
-3.4747795105e+01 
1.0247767314e+37 
-9.7608185982e+19 
2.1338027138e-38 
-3.4240223780e+33 
-1.1673955641e-25 
-8.2189110000e+06 
-8.8226267045e+27 
2.6060854399e-34 
-3.6621483937e-26 
-2.2616536897e+24 
-1.0946113099e-18 
8.9134287851e+36 
-3.4844496103e-22 
-6.5725799158e-37 
-1.9401644170e-01 
-1.6652292683e+22 
-5.5727799105e+30 
4.7421537343e+35 
-7.7007286515e-38 
-1.0196053393e-13 
-1.5844744142e-30 
9.2293312983e-22 
-3.4438049634e-10 
1.1252788764e-37 
8.7232387500e+05 
6.4274592298e-31 
-5.1571901440e+09 
7.3124844927e-34 
2.2429940104e-01 
-1.9016091807e-28 
5.4810555000e+06 
-1.2339659648e-21 
8.4610521545e+33 
-3.2081175039e-29 
-1.4205798672e+38 
-1.9671306901e-22 
5.4180947277e-20 
2.2400595968e+10 
7.9648248000e+07 
5.4359765045e-07 
1.4498722729e-33 
-2.1026282917e-21 
-4.5486459225e-18 
-1.3987592960e+09 
-3.2284731333e-06 
7.7470031461e-15 
-7.1262574075e-22 
-1.9696833177e-22 
-9.2796381068e-06 
-1.2355568832e+23 
-2.1427388437e+23 
4.0823344136e+27 
1.8354402300e-06 
2.9818586958e+36 
-6.9753127329e+23 
1.6899068304e-16 
-2.2652029266e-20 
-5.8581200000e+05 
-3.8718600000e+05 
-3.8940965234e+14 
6.6993259763e-35 
1.4550645233e-32 
-1.1472423012e-08 
-2.4571412480e+10 
-2.3601726550e+27 
1.6948705195e-07 
-1.1174756701e-21 
-1.5085710911e-03 
9.9884919109e-06 
1.1484386406e-37 
-1.4920007404e+34 
-3.9771643576e-27 
-6.2682076712e-28 
-9.7235862027e-30 
-8.5346059799e+00 
1.8518575953e+31 
-5.8850932617e+03 
-1.7172378761e+16 
1.3510449219e+02 
5.3136320000e+06 
7.9440453304e+12 
-8.3451006713e-28 
9.8873427723e-24 
-2.5013424736e-20 
-1.1359406470e+18 
9.3694395545e+27 
2.0885290025e-13 
-4.9029873003e+34 
3.1361093750e+03 
9.9410979238e-25 
-9.7503165630e+26 
-3.7830413274e-26 
-3.9538176956e-25 
6.1742978701e+20 
-1.6332359969e+28 
-2.2865761961e-25 
-3.2358377053e-18 
2.0887758750e+06 
3.7640950217e+25 
-4.0693282077e-12 
6.5302546441e+18 
1.4025841794e+20 
-1.7269328237e-03 
-9.0413262722e-30 
-1.6010245571e+12 
2.0253378898e-04 
-1.6919205796e+35 
1.2963956774e+17 
7.4227600000e+05 
-2.9375223676e-06 
-1.0402578125e+03 
4.1988987287e-10 
1.0873609993e+30 
-7.6180551676e-34 
6.3122794963e-03 
-2.0084072466e+25 
-9.8945100035e-05 
-6.4659181084e+15 
-1.3470238338e+30 
-2.9499080441e-19 
2.4807672502e-28 
4.2633288489e+26 
5.4053068161e-02 
3.4775419302e+33 
-8.1945060973e-20 
2.1017747157e-35 
-2.0382914107e-13 
1.5535624344e-37 
-3.8224272430e-04 
-8.4054375000e+03 
-2.8131099360e+29 
1.5470941962e+13 
-6.3320371488e-17 
-4.4279021422e-11 
-8.7643657761e-36 
1.1965374000e+07 
-2.0671112240e-32 
2.1070449737e+21 
5.5608984083e-02 
6.6200640000e+06 
-4.9215354014e-12 
-7.6882876861e-27 
-1.3984320000e+07 
2.0544797593e-26 
9.8809835797e-29 
1.0188302025e-14 
6.6986442752e+10 
-2.9166591788e+37 
-1.1404544000e+08 
-4.5360229875e+37 
-1.1674084543e-30 
1.4399947901e-10 
5.3030646541e-09 
1.2402336913e+22 
-4.6810637247e-17 
-1.8956448869e+23 
1.6760733246e-08 
-2.4458154636e-33 
6.8980838565e-14 
2.2220918649e+37 
1.0067271680e+09 
-1.9745442080e+27 
-4.1898190975e-03 
2.4030091838e+36 
-1.7363454424e-13 
-2.3074406400e+09 
2.7595005274e-14 
2.0251932982e-26 
-2.1659343474e-07 
3.9572078947e-10 
8.5555104437e-30 
1.8543784853e-24 
2.8368522180e-06 
-2.6306996811e+14 
9.2381406770e+17 
-7.9914782405e-36 
2.7812054668e-06 
3.3879531009e+36 
3.4174962012e-36 
4.8499921720e-21 
-5.7091100612e-15 
-7.3730000000e+05 
-1.1722764867e-21 
-2.2070149763e+31 
-1.0331305969e+31 
3.2365793045e+38 
2.7508176481e+34 
-3.0344869449e-32 
-3.9579040000e+06 
1.6716771196e-14 
-2.4036253944e-16 
-1.8821347772e-22 
-3.8921028263e+30 
2.3679717742e-08 
-5.1104208213e-16 
8.1589064393e-09 
9.4150161743e-01 
-8.4500601756e+26 
2.5327698438e+05 
-8.6533540750e-12 
-3.7745504106e+19 
-2.4150858888e-19 
5.1085325742e+33 
1.6019049266e-33 
-3.0735094469e-09 
-8.1424681650e-19 
2.4052124023e+01 
-1.0226919014e+11 
1.4243119570e-20 
3.5363111219e+30 
1.3539256694e-27 
-1.5457937500e+04 
-3.9298750000e+04 
2.2327699319e+30 
3.8617487195e+18 
-2.1944724722e-06 
2.8526483132e-31 
4.1845909136e-19 
-6.4754107734e-04 
4.9369824425e-38 
8.6983070668e-17 
7.8103391843e-07 
9.5163126714e-15 
5.2501891619e+14 
1.4863308135e+17 
7.5873752242e-34 
-3.4424760388e+24 
-9.0909966336e+10 
-1.1548043438e+36 
-5.5603468698e+11 
-1.1137121819e+36 
8.9885612442e+13 
4.9937411466e+23 
-4.2589440000e+07 
-4.3669611184e+18 
-8.5417254992e-21 
1.0671470007e-21 
-3.7724530557e-06 
3.9489498441e+24 
3.7236489749e+32 
-1.4875766690e-19 
4.6844723511e+02 
-1.7461804020e+21 
2.7326008553e+19 
1.2443762848e+30 
-2.0407435955e-25 
-6.5739451259e+15 
2.7286506388e-11 
9.7674637800e-07 
5.7095961007e+31 
2.5529548800e+10 
1.6600693801e-15 
1.1862222348e-21 
-2.6003220737e-35 
-7.9275401720e-18 
-2.8444246958e-11 
-8.0996755969e-09 
-1.1356675600e-09 
-1.9776174914e-24 
8.3683481024e+15 
1.8826580300e-28 
8.2559226427e+34 
1.1034670422e-07 
-3.6442115505e+27 
3.2824884033e-39 
-4.7396272235e+30 
-1.0531708144e-10 
1.5822889404e+03 
-4.2601621226e-37 
1.9403100794e+32 
-1.7378369084e-25 
1.6664074650e+11 
-1.1553258350e-11 
-1.1293268204e-01 
-4.4820570866e-13 
1.4624768000e+09 
-2.4351215488e-12 
-2.9461903772e-25 
-7.9356416000e+07 
-2.7419680000e+06 
1.1928756765e+26 
9.0594630849e+33 
4.6664257812e+02 
-9.1878800000e+05 
7.8008444952e+33 
1.3144953353e-29 
8.0937621914e-27 
-4.4118388684e-16 
-9.4008646556e-07 
2.0305548411e+12 
9.7655911135e-13 
-2.3151047505e+26 
9.0855795085e-35 
3.5321120000e+06 
4.2813157296e-35 
5.6450026482e+17 
-1.4385169515e-36 
-2.9223238694e-39 
1.0294044348e-17 
2.6763843459e-32 
-5.0956073042e+34 
4.2317384909e+11 
-2.9850391856e-15 
5.5886809714e-03 
-3.2965414791e+34 
1.7852034000e+07 
-3.9341539699e-19 
1.8864647718e-03 
1.0357450781e+05 
-1.1452548383e+12 
-2.5315030281e-36 
-6.5870761984e+10 
5.9930807352e-01 
2.9323649689e-36 
-6.9714672198e+18 
-3.8801466380e-12 
1.6764015190e-38 
-1.9590667250e-13 
-5.2833234804e-05 
1.6167878130e-05 
5.8095371520e+30 
-5.3766454422e+34 
5.3404785430e+29 
-5.2158461602e+22 
-7.8811763678e-17 
-1.5532966573e-21 
2.0649260080e-07 
6.6905382744e-32 
-6.0657629150e-23 
-6.9025268203e-06 
-6.6077834721e-32 
-1.2355247409e-16 
-2.8060934132e-10 
-1.9125391846e+03 
7.1020500000e+04 
2.0037445646e-24 
-6.6297933438e+20 
1.6965877992e-30 
1.1580858743e-36 
-4.2735369789e-05 
-8.7271594682e+14 
-1.8379722183e-14 
4.1062242500e+06 
1.9616146340e-14 
-4.8014719713e+12 
-1.8266051381e+16 
7.2020406250e+05 
4.7932875447e-08 
-5.2450942383e+03 
-9.1817923875e-38 
-4.7755545410e-38 
9.8926995068e-12 
-9.3093680529e-24 
-1.8434446965e-20 
5.1592969585e+12 
-7.4124563241e+24 
-6.0228450104e+29 
-1.0517893402e+14 
-3.5303006250e+05 
-1.0278019545e-05 
9.6549875254e+19 
-2.3274068841e+26 
-1.4408019185e-01 
-2.0634827680e+25 
-4.8092641870e+36 
7.2240087040e+10 
1.2182939986e+26 
7.9589875223e+23 
3.9779176646e+20 
-2.9993865216e+10 
-9.9211541838e-21 
8.9779385437e+33 
8.0170834064e-01 
1.3097854505e-25 
-1.3161832000e+08 
6.2339445603e+32 
2.9339474507e+26 
-3.7617412000e+07 
4.2017815665e+30 
1.8632318319e+25 
1.2457835233e+12 
6.8102494618e+11 
-1.0882492336e-32 
-9.6479513381e+17 
1.9189378000e+07 
1.0825909180e-31 
-5.6665016717e+21 
-1.5216898559e-19 
8.4350105286e+01 
1.3159291724e+35 
-7.0198044689e-31 
-9.2083606946e-18 
-1.3164155321e-09 
-4.9021192000e+07 
4.4008013916e+02 
-2.0570524401e+36 
-7.7705290000e+06 
-7.2669265920e+11 
4.2804211564e-11 
-4.4734985011e+11 
            nan 
-5.5930020055e+35 
-5.1139162679e-05 
-9.8839056000e+07 
3.7336683520e+09 
-9.0448308925e-17 
4.6723085107e+11 
3.7321642842e+24 
-1.9677596160e+09 
1.7712732888e+36 
2.6558899998e+14 
4.4233405788e-05 
1.9853529977e-18 
8.2476095924e+15 
-1.5212475048e-25 
5.1435529447e-11 
1.3307593241e-21 
-2.0932462259e+21 
1.6460038424e+00 
-3.4377009103e-20 
7.4443511808e-31 
9.9093368060e-15 
-2.8873602000e+07 
-5.7056289453e+21 
-1.2867495978e-23 
1.3285382973e-18 
-1.0282722560e+09 
4.8849029541e+02 
-1.0938777282e-13 
-1.2230338529e-02 
-5.7816815571e-12 
1.6472279040e+10 
-3.5643368407e+12 
-1.5104474500e-02 
-1.4730452676e-04 
-1.1008267811e+18 
-1.1618925918e+17 
-8.8941018179e-13 
-5.4099710115e-24 
-1.3003155384e+22 
-1.3268839629e+11 
-5.3345547750e-26 
-9.4206006250e+05 
1.1069107088e+29 
1.7245651179e-05 
2.2360747668e+28 
-1.4859688477e+04 
1.4489927680e+09 
-1.3135072129e-28 
1.6282659159e-28 
1.3952063477e+04 
-5.8620133769e+13 
-1.8558625018e+24 
3.7754272799e+30 
3.0530676982e+12 
9.0400886536e+01 
3.1039027765e+31 
-6.5227600560e-37 
1.3643047195e-12 
5.5926481277e+24 
1.8478348527e+14 
-7.6135932151e-31 
-2.0769425262e-22 
-7.5688074596e+14 
8.8155636409e-19 
2.9840001208e-30 
-3.8358969636e+31 
1.2905651562e+05 
-8.5224730414e-28 
5.3270697433e-38 
-8.5577316071e+26 
-5.8407296157e+22 
-1.8058662229e-37 
-1.0263657285e-10 
7.1796976962e+27 
-8.9292845340e-10 
1.8433235119e-25 
1.2554652877e+11 
-1.1696384000e+08 
-1.1280789636e-09 
9.1004796337e-17 
-1.3548274724e-09 
-3.6819040215e+19 
4.3721091189e-17 
1.0822884902e+35 
5.0127231210e+21 
3.8080186880e+09 
4.5295213042e-23 
-7.6780266173e-12 
3.1191376176e+23 
5.0103708418e-06 
-1.5952672794e+25 
-2.6106085376e+11 
-7.7856490389e-03 
4.0729051239e-25 
6.6860097536e+10 
9.8385608269e+37 
4.9696566400e+08 
-1.5875663934e-32 
1.6458985596e+03 
-6.6299125802e-18 
1.5999632384e+10 
-1.7670183724e+16 
5.7091063565e-30 
-3.2552656715e-16 
-1.6855199613e-28 
1.4776610349e+32 
2.0967608831e-21 
-1.4076445527e-37 
-1.5130661200e+32 
4.5284252555e+25 
2.7783502166e-09 
3.8417349302e-09 
3.0096824634e-26 
6.0897628405e-22 
3.7067551573e-22 
-4.1847901946e-34 
1.3039793518e-21 
-8.9948139675e-15 
4.0740469015e-23 
-5.6998725000e+06 
2.6716245454e+15 
-3.9972885947e-20 
-1.1147835559e-15 
4.7855478339e+20 
1.8255845242e+30 
4.3983007351e-36 
7.3121525379e-20 
-1.5947347202e+36 
-7.5686635110e+11 
5.6269687500e+03 
-5.3008628469e-34 
-1.0081880643e-11 
-1.0842110596e+03 
-4.6280343803e+34 
-3.2152424118e-15 
6.8316100557e+28 
1.3932202263e-15 
8.9616021100e+22 
-5.2630145994e-21 
-1.1777945343e+36 
2.1586903745e-28 
4.2280146946e-35 
-7.0705046828e+14 
1.0139785292e+19 
4.7994892201e-26 
-5.6514557713e+24 
8.2107755086e-38 
-3.5603391783e+15 
-3.1493065802e+14 
1.7034223538e+37 
9.9738687277e-04 
-5.0595721380e+12 
8.9325209605e-34 
-6.9229783832e+20 
-6.5892275376e+36 
-6.0124284616e+25 
-1.0658321250e+06 
3.3988151296e+10 
-1.7462863427e-32 
2.6775529709e-33 
1.2526132103e+17 
-4.7634585491e+17 
3.6793760211e-15 
-9.2918036929e-29 
2.7772995816e+27 
-1.6720040647e+38 
-3.2684138037e-22 
-2.0729779400e-31 
2.6391801474e-36 
-3.2140036096e+10 
-3.5761461911e-37 
2.1367408879e-27 
-2.4380940443e+30 
-5.1459735820e-24 
-1.2484045680e-22 
1.8276381837e-28 
8.7419823712e-23 
3.4511318518e-05 
8.6741462236e-30 
-8.6023972082e-29 
1.9166309944e+30 
6.4982425692e+14 
9.5011684734e+22 
2.6490354780e-33 
-1.2633442259e+20 
8.9067042551e+34 
2.0224362722e+26 
1.3148228938e-29 
7.4166064195e-37 
-2.0907348460e+12 
1.9650593413e+15 
-9.9379251439e+35 
-2.2006315084e-18 
-8.9248891929e+13 
3.1044012032e+10 
-2.1227680952e-24 
2.9215033283e-04 
1.5622571454e-17 
1.7430738561e+31 
-2.4538120192e+10 
-1.5517033730e-15 
9.3938560000e+06 
-1.2663119567e+31 
-1.1826238217e+19 
2.8734256007e-25 
-1.5190832944e+28 
-3.9952839669e+19 
4.3989800000e+05 
1.2857612340e-24 
-2.6299971857e-13 
9.2603947790e-24 
1.6231666081e-24 
-4.5166190594e-30 
1.7811272812e-07 
-8.4114678171e-19 
9.6947465530e+17 
-1.3436665420e-33 
1.1970857166e+22 
7.9134806250e+05 
-1.4921813477e+04 
-2.2336715045e+36 
7.0473815040e+09 
-1.0850239409e-26 
-1.3221499815e-20 
1.2788699702e+26 
-1.1156575130e-29 
-2.7225548639e+31 
-5.5802662400e+08 
4.5608728941e-27 
3.8837920091e-36 
6.7631938212e+37 
-7.4092552700e-19 
-3.2773069858e+31 
3.9958176699e+16 
7.3061722240e+21 
4.8491401891e+33 
-6.4410427107e+25 
-1.7365957438e-28 
1.0649930427e+15 
-2.5873640460e-16 
-2.0130033082e+27 
-3.4735882393e-38 
-8.5592314880e+09 
-3.7812533729e-35 
1.7366279790e-26 
4.7708909041e+17 
2.3185264256e+16 
-5.6445681462e-12 
1.7650073600e+09 
5.9024220380e-17 
-1.4173222615e+25 
2.8719080789e-20 
2.0952342078e-02 
-3.7986952107e+26 
-1.0505303294e-09 
-4.6321281386e+18 
-3.4913322233e-12 
-3.1757409202e-13 
-8.0745217863e+21 
1.2506619096e-03 
-1.4147297611e+35 
9.4489812992e+10 
1.5668101562e+05 
5.3927547778e-31 
1.7131267226e-30 
2.1222346797e-13 
8.7598664790e-26 
-3.4963927859e+11 
7.1613863111e-04 
1.8690788998e-30 
4.6834918462e-27 
1.3270312500e+04 
-2.1678090660e-32 
-2.6154879761e+02 
1.0193217825e-08 
-6.2275197706e-05 
1.0331677645e-01 
2.6809998069e-31 
-6.3362923494e-23 
7.2305603027e+00 
2.2679432732e-07 
3.0802594831e+20 
8.7544194116e-10 
9.5081594880e+09 
1.4102388914e+19 
-1.3106091501e-07 
8.1561001014e-19 
6.1715521582e-11 
2.4669042969e+02 
7.1619195636e+22 
6.8181757446e-38 
2.9209709167e-01 
-7.0777290560e+33 
-6.8130097757e+24 
1.0140676932e-22 
-4.6343750000e+04 
5.9260126203e-02 
1.1139082508e+16 
2.1080273984e+18 
-1.9787878720e-18 
-5.7196590796e+26 
-1.1389358842e+16 
-2.3046691733e-36 
1.0799125542e-31 
1.9709548950e+00 
8.1433557814e-14 
-5.3782092186e+11 
-1.3604203538e+21 
-1.2181372928e+10 
-3.4776616179e+21 
-5.3615578744e+20 
-6.5394608427e+34 
1.1390755006e-10 
-1.6977468482e-19 
-6.4779596869e-06 
1.1820669447e+37 
4.1215375816e+24 
7.1636328125e+02 
-1.1622618675e+01 
-2.2971248935e-24 
2.8892981948e+19 
1.9058756686e-20 
-2.2622856477e-07 
-6.6857047445e-15 
-5.6959721018e+21 
1.3121315481e+25 
1.2462040331e+27 
2.4906527235e+21 
-7.8931125013e-21 
2.2352708169e+38 
-1.2025136442e-10 
2.0956932183e+31 
-5.7025617193e+36 
-4.5656429295e-25 
9.3912960000e+06 
-2.2579045728e+13 
-7.3205261230e+00 
-1.4870700000e+05 
-5.8313423813e+16 
-3.6536005005e+28 
-3.9755308420e-14 
2.4940309793e-29 
-2.6335456705e-24 
-1.7766452665e+14 
5.5958681349e-23 
7.6004158646e-33 
-7.0414889202e-26 
2.3806557874e-04 
4.7957796875e+05 
-1.6053703404e-28 
-2.3082639694e+01 
-2.1445154064e+19 
-1.0949182733e+33 
-5.9693908691e+00 
9.6407378547e+17 
-7.3053888627e-07 
-2.4212597656e+02 
-2.1210740558e-23 
-3.4102656250e+03 
-6.3390710812e+14 
5.0216325512e+37 
-9.3038776553e-16 
2.2252810875e-28 
6.6650806081e+18 
-2.6445561904e+17 
-1.7092512945e-35 
3.1546699940e+12 
-6.1221193750e+05 
-2.8358552112e+22 
-2.1486597423e-16 
-7.1205942238e+20 
7.9876315594e-01 
-2.9086719060e-25 
2.0691091309e+03 
-1.8444445291e-32 
1.3938095833e-07 
1.2876463318e+02 
-2.4821012020e+00 
-2.0390452615e-15 
7.4963729446e-08 
-2.7489267089e+13 
-7.5616735387e-25 
-2.2402875000e+04 
-1.0853578989e-21 
-4.3632661352e-30 
3.7286895911e-16 
2.8297132907e-14 
3.5542863790e-27 
-3.4261396864e-34 
-3.3221640576e-27 
-6.8948782080e+09 
-1.1280119907e-05 
-4.6650133205e+33 
-5.7300867282e+20 
-4.5815414429e+02 
8.8153241737e-34 
2.0987696875e+05 
-1.5948912191e-09 
-1.5206424126e-18 
7.7773832128e-19 
8.6554716302e-13 
9.1472323801e+23 
-2.1076123928e+16 
-7.2186654806e-01 
-2.4633177600e+09 
-9.8843964211e+12 
1.8440721929e-01 
1.7351505214e-23 
-8.4665912023e+37 
3.5968986964e+22 
1.6937867922e-25 
-2.0901114391e+21 
-3.4554716200e-02 
4.3602938155e-32 
-3.5837165769e-18 
-8.1220417769e-07 
-1.2986932072e-18 
-9.4535138828e-08 
-3.4223687188e+26 
3.5634894391e-37 
4.2242843607e+12 
9.0472737048e+18 
-5.3495317555e+14 
-5.9569836316e+36 
-1.1242419218e-09 
-7.0054889667e-10 
3.4714746094e+04 
-2.2495928791e+36 
-6.7611668856e-20 
-4.1628561254e-38 
-4.6080431489e+13 
1.9489154423e+38 
6.2070557516e-39 
-4.1427684034e-19 
3.6815449595e-01 
-2.3631752592e+25 
3.9489746094e+04 
-1.0782796184e-10 
4.9883431422e+33 
4.7724470000e+06 
-1.1450079608e-19 
1.3452295207e-06 
-2.3354835638e-33 
1.7662532186e-15 
5.2282316800e+09 
-3.9841016597e-10 
6.6626520967e-10 
-1.2983933141e+20 
-5.4143770636e+24 
-4.7075973511e+02 
1.3464144385e+32 
2.6920384000e+09 
-3.7009546946e-19 
4.2295764032e+31 
1.2071592278e+17 
-5.4932834404e-14 
3.9822646300e+33 
3.3046669011e-33 
-3.0726603110e-25 
4.1999809719e-23 
3.7252461880e-06 
-4.4061145801e+25 
-1.7768975347e-02 
1.3058374391e-36 
5.3062979470e-33 
1.0540268391e-07 
6.3999736000e+07 
2.2175177114e+11 
1.5827436280e+29 
2.1062327222e-30 
-5.2405853271e+02 
8.3309544362e-15 
-3.5160828000e+07 
2.8887746488e+25 
-2.1911775779e-12 
-8.7929952587e-18 
-3.2371857658e+28 
-1.5737443752e-34 
6.8311674382e+21 
-3.2819841309e+03 
3.6959692774e+27 
-3.9305469454e-19 
-9.3941073865e-03 
5.7081180855e+37 
-3.7958807602e+20 
3.1798492823e+25 
-9.3728736075e-30 
2.0808884074e-05 
-2.9583895796e+15 
-8.1504047852e+03 
-5.1295461655e+00 
-7.0562932188e+23 
-5.8876439142e-28 
-5.8918076320e-06 
3.0280622494e-21 
-3.2006257772e-01 
9.6367155262e-39 
1.1411172117e+27 
5.5750240326e+01 
1.6400486755e+02 
2.1259770266e+11 
            nan 
-3.7279819215e-17 
-1.7020221807e+30 
-6.1275055632e-03 
-8.0773565344e-32 
-6.4450161046e+19 
5.0411485583e+23 
-2.1641369909e-02 
7.2884207261e-17 
8.5288151123e-17 
1.2563463945e-29 
-1.9248693750e+05 
9.1365612520e-17 
6.3093596160e+10 
2.7219020223e-13 
-1.4364389941e-36 
-2.3023835000e+06 
2.0755620670e-24 
3.1483363375e-29 
4.7311257348e+26 
-1.4372073929e-04 
1.4961120038e+29 
-1.1835344050e-35 
-1.5743770835e+21 
-8.8979032475e-11 
1.0731394958e+02 
6.9696770577e-10 
-2.1264025746e-24 
2.4549724003e+36 
-4.8943087094e+20 
6.5165456463e-24 
-4.6481864324e+23 
-5.2343204901e+37 
2.2671451257e+20 
4.7010603743e-11 
-2.1238950012e-06 
-1.4387727543e-19 
-9.8481542927e-17 
-5.2613477243e-38 
-3.3433477137e-19 
-1.0143384000e+08 
-1.0263533214e-33 
2.9078082533e-33 
-2.3278204000e+07 
-2.1205566339e+23 
1.7210226592e-30 
2.1772872394e-09 
-8.3942879615e+37 
-7.8418791629e+11 
4.7395097427e+18 
4.6642357968e-29 
5.2439158853e-35 
-3.2698060386e-03 
-7.2186778199e-18 
-6.2208368383e-21 
1.3234325718e-30 
1.0193237733e-33 
-3.3636931654e+23 
4.8769125476e+14 
-1.1467810406e+12 
-5.6285244585e-33 
1.4827519442e-20 
-5.2360860124e-37 
-1.4825488832e+27 
5.0321769825e+21 
-1.6130921524e+28 
7.0696849425e+22 
-3.0490466922e-12 
8.8241464487e+24 
9.2817015333e+21 
4.0255643412e+20 
-1.4579709095e-30 
-6.4387995307e-18 
-9.4769758208e+10 
1.8683800167e-12 
-1.3625094409e-33 
4.1272800905e+17 
-2.8915834007e-34 
5.1989264917e+32 
-3.4161054064e-03 
4.4359672852e+03 
3.9943713861e-27 
-7.8086509861e-31 
-6.0514124864e-17 
1.6572365225e-12 
7.0009551096e+33 
1.1701367123e+24 
-8.4387236088e-10 
-7.0038834794e-30 
-3.6833158910e-23 
1.3518817354e-07 
2.7379243238e+25 
-2.8192296507e+28 
-5.1502242188e+04 
-5.3973274508e-31 
5.6589446670e-12 
5.0608782959e+02 
-1.3555469422e-06 
-7.6924465000e+06 
-2.4607313496e-29 
5.5096625000e+06 
            nan 
2.0121345867e+32 
-1.9195679872e+16 
4.9738550031e+26 
-7.6177181250e+05 
5.6940778845e-21 
4.7754429033e-06 
-3.7578488000e+07 
5.9463770738e-28 
-3.7403135202e+34 
3.7185814108e-06 
-1.1048410792e-33 
1.7485044373e-16 
1.9812130764e-33 
-2.0716395378e+00 
-5.4659250337e+14 
5.1646277352e-33 
1.1261997500e+06 
-3.8726235000e+06 
4.9529341398e+14 
7.3876976991e-15 
-1.1801693916e+01 
1.5771540800e+08 
-6.8327392000e+08 
-3.1641151996e+13 
-9.6676865151e-33 
-2.9148186396e+16 
-5.6893213936e-33 
-1.7491277500e+06 
1.2024721971e-14 
1.1889071288e-28 
7.7026740199e+37 
-1.7256541248e-12 
1.5728638391e-04 
-3.5384613284e-07 
-1.1140135936e+10 
-2.1378291111e-32 
3.9935118630e+15 
-2.0336160415e-31 
2.0658409995e-38 
-2.8168842240e+09 
-1.2617132851e+33 
1.0237617543e+30 
-2.3828468931e-29 
6.8303533796e+35 
-4.2649263144e-01 
3.4913161265e+37 
3.3502295979e-19 
1.3865456880e+16 
2.0111253252e-04 
-7.0154565104e-26 
-2.6380497035e-16 
2.7811598647e-39 
-1.7492058406e-38 
4.0210232867e+17 
-3.3852548736e+31 
-1.9749671661e-16 
1.9347405100e-07 
3.9997760929e-38 
-1.6493874786e-20 
4.9565690756e-01 
1.7426769108e-38 
-3.5087279156e-31 
3.4524284209e-22 
-1.0897575008e-24 
5.5747292833e+26 
-1.4874255146e-20 
-6.1003708864e+18 
-7.6320080430e+33 
-3.5802466998e+25 
-3.9686937807e-28 
1.9994598688e-07 
-2.3100252049e+33 
1.2912091799e-02 
2.0888764954e+02 
-2.0066835009e+29 
-3.0963741438e-07 
2.8864657331e-09 
-3.3476167801e-13 
-3.7208594045e-39 
-2.7272022373e-17 
-3.9693200943e-24 
5.4317501814e-16 
8.9667117596e-01 
9.8811443541e+16 
-1.1299626512e-10 
-3.0883098952e-03 
4.6811552734e+03 
3.0266704614e+37 
-9.2668633184e-12 
6.7439047852e+03 
1.0872097656e-20 
-8.7504350488e-34 
-2.3971373497e-11 
-4.0161306899e-35 
-5.1699648983e-28 
2.9713604532e-30 
8.8487909288e+14 
8.4738747686e-18 
3.8011002385e+35 
-7.7578437342e+15 
-1.6253966090e+13 
-2.3568571917e+24 
6.3382267483e-32 
-1.5255055315e+31 
-3.9540785407e+28 
-2.0801900973e-05 
-1.6443707864e-04 
-2.5118904842e+28 
-1.8497106934e+03 
3.9492419791e+21 
-3.5640327882e-28 
-2.0435428212e-16 
-1.0715915823e-31 
-2.0256173496e+31 
-3.8697233796e-01 
1.6982014874e-18 
-7.1988008728e-32 
7.5037582397e+01 
-2.8217994240e+09 
-3.9696992000e+08 
2.0174096008e+28 
2.6050534246e+29 
-1.1175049003e-03 
-1.6909135939e-31 
6.9282429435e+37 
-1.6899847680e+09 
-1.4638537769e+12 
3.2666640121e+23 
1.6907833099e+01 
2.4490096875e+05 
-2.1552277758e+22 
-3.1566866655e-37 
3.3510963289e+28 
-8.8633832000e+07 
-8.9022724143e-35 
-8.2201467576e-20 
-6.4516159095e+31 
-3.4713379393e-10 
1.1234765396e+38 
9.2082630323e-22 
-1.7773537779e-29 
-2.7820743467e+35 
-4.9216161813e-08 
-8.2662193063e-12 
3.1366015341e-10 
8.0493820031e+33 
1.2033741785e+35 
-3.4178224269e-06 
5.1000752233e-11 
8.0328191366e-23 
4.8459673774e-11 
8.6219224613e-04 
-1.4703668213e+03 
7.0291593941e-25 
-1.4785389926e-11 
-5.1351082914e-18 
-2.6844436204e+18 
1.3360336355e-22 
-1.4518232727e+22 
-4.3163680110e-24 
-8.0204961456e+17 
2.3714218126e-35 
1.1450605353e+30 
1.1594082923e+36 
-4.6257478913e-14 
-2.1517273784e-01 
6.4975384157e-04 
-4.4928854273e-34 
6.6266934264e+35 
2.0059655350e+31 
-3.4625324800e+08 
-9.4584890304e+29 
-1.2080166355e-31 
1.1807831157e-07 
8.1645901910e-26 
1.3568464831e+17 
3.1844115296e+22 
-9.6667913022e-04 
-3.4954063892e+00 
-3.6875852942e+29 
2.9132398214e+30 
4.2362593366e+35 
4.1286834586e+11 
-7.9312926005e-08 
-2.4023775875e+17 
3.5578660809e-29 
-1.3495591797e-11 
-2.1426143646e+01 
2.4365724183e+23 
-2.8334803581e+00 
4.3925795076e-13 
1.5171777198e-38 
-2.2354460672e+12 
-5.4497370112e+10 
3.7437600242e-10 
4.7203333500e-14 
9.7715403536e-30 
-6.2864367971e+20 
1.1893975170e-05 
1.7391321502e-26 
3.3437743297e+22 
-5.0004406985e+31 
2.0797057450e-01 
-1.5582667893e+36 
-2.3445774211e-09 
4.9836559424e-30 
1.0471668723e-34 
-2.5032289280e+09 
3.1169793750e+05 
6.0932804799e-30 
7.9221386826e-18 
-2.5408297729e+02 
8.2745987500e+05 
2.9140639321e-27 
-2.6085967198e-02 
6.1439028384e-32 
9.9210332753e+19 
-5.0350604122e+23 
-3.6975442402e+21 
1.5766859683e-26 
1.8170127016e-34 
-4.2567285010e-14 
8.7018158013e-08 
-5.1775670000e+06 
-1.0668858147e+14 
-1.2747868535e-22 
-4.8640804926e-12 
2.0313126400e+09 
-6.4460534668e+02 
-1.5526310379e-18 
1.0410374513e-24 
8.8373606614e-27 
-1.1024678566e-11 
-1.0334088616e+37 
-7.0088088978e-12 
1.1190245507e+19 
-3.0025582258e+37 
7.7601794609e+31 
8.4893282225e+20 
1.4205666332e-07 
-5.1672796378e+33 
-6.1068232237e-25 
6.9670994234e-13 
2.5671138430e+36 
1.0654453708e-10 
-9.6099039593e+24 
3.9708814015e-09 
-9.3629716563e-22 
-2.2125359099e+17 
1.2971166902e-33 
2.5702614682e-30 
1.3135059962e+23 
-2.3350485229e+02 
-1.0027447091e+12 
-1.3249764163e-17 
-1.5686200196e-26 
1.3263984761e+14 
-1.5802328720e-16 
-1.8572121094e+04 
-1.4087237140e+12 
4.0389245615e-29 
3.0517845337e+31 
-2.3795460096e+10 
1.7045010024e-26 
-9.0105962500e+05 
-3.8853725418e-03 
-9.0841558995e-04 
-3.1362459851e-10 
-2.3529517215e+36 
3.8845828138e-13 
5.0551438332e+00 
1.2172575097e+30 
-1.2642917633e+02 
-1.0812268503e+26 
-2.9489635173e-36 
-1.6351943756e-33 
3.4220259005e-12 
-2.0580805902e+13 
-4.1891347279e+20 
4.0936079621e-01 
1.3022807458e+13 
3.0286342329e+33 
1.7831095312e+05 
-1.7254941983e+12 
-6.0884635895e-03 
-7.3662670126e-22 
4.7461772328e+16 
-3.7461007121e+17 
-2.0990846855e+19 
1.1095950583e+33 
-3.4898214040e-34 
-4.3416085260e+31 
-2.2997673035e+01 
1.9268520370e+16 
1.7946714163e-01 
-7.1110786075e+23 
2.7032634243e-03 
-5.8252087913e-20 
-9.4538797766e+21 
5.2414728279e-38 
-1.1970799096e-04 
3.1228794000e+07 
-3.8895108032e+02 
-2.6172104000e+08 
-1.2794240454e+29 
2.4345509675e-34 
1.4942508312e+14 
2.0705957208e-29 
2.2423578708e-34 
-8.3761798262e+37 
4.8795865301e+29 
-9.1068107273e-35 
2.1572576467e+20 
1.5882458037e-16 
-1.3892192505e-28 
5.4541166212e+35 
-1.8445085415e-37 
-8.5600356984e-38 
-2.8587941270e+21 
9.9353785600e+08 
-1.9797303460e-29 
-7.6233905000e+06 
3.8301456949e+37 
-2.7017853010e+12 
8.0223042375e+20 
5.1592167969e+03 
-2.6712982389e-33 
-1.8997979703e-33 
4.6512184552e-33 
1.5252700300e-30 
8.4223669546e-05 
2.9364708713e-25 
-1.5566242186e-24 
-3.1848495041e-07 
1.8859472482e+31 
2.4549734377e+33 
-5.1761756502e-14 
-2.5605949056e+18 
-4.2289484268e+12 
8.4006547648e+18 
7.5588932222e-15 
4.2040275574e+01 
2.7549248554e-14 
1.3765189462e-27 
1.5584974283e-11 
2.4990496875e+05 
2.7977562003e+29 
-8.0330476562e+04 
-2.1142664442e-12 
3.3731061711e-38 
1.1345457296e-33 
3.3550389492e+35 
-3.4983467994e+27 
-2.0499236771e-35 
1.5294712518e+19 
-5.2422974951e+15 
-1.6020925160e-14 
1.3026580746e-05 
-5.9926129836e-08 
2.4107443900e+18 
-4.7314075388e-28 
5.7313089254e-37 
-5.1474742188e+04 
3.0598846844e-17 
2.1871982543e+13 
-1.7459011902e+33 
-2.9714198112e+00 
-1.0145122923e+16 
8.8855645949e+23 
3.5191097698e+29 
-4.1235345805e-08 
7.3308855053e-15 
1.6348312323e-19 
2.0126089240e-08 
-1.2048845233e-28 
-7.0106095689e+24 
-8.1974816314e-16 
-1.3212483339e+16 
-5.1328218542e-03 
-7.3660938184e+34 
-4.5139999766e+17 
1.6473947898e+13 
-7.9154611487e+13 
-9.8407166771e+11 
1.4591587242e-03 
-8.9083865838e-23 
2.5249984326e-09 
6.9830534758e+11 
4.5743538654e-37 
1.1180329069e-28 
1.7831081108e+24 
-2.4136412160e+09 
-1.1458619250e-30 
-1.1014783382e+00 
9.8666403840e+09 
-9.5656158848e+22 
4.5427557081e-02 
-6.4964599139e+21 
-9.2246857264e-08 
-4.0272433520e-32 
-1.1934691479e+34 
3.1553878016e+10 
-2.5699493828e+28 
8.5973349393e+23 
-2.2208015384e-16 
-1.2024176408e+22 
2.5449083813e-11 
-2.8659242392e-01 
2.3129797520e-28 
-7.7641298994e-03 
-3.0663512162e+13 
9.2045337800e-38 
1.1447382276e-17 
