2.3509887016e-38 
0.0000000000e+00 
0.0000000000e+00 
0.0000000000e+00 
0.0000000000e+00 
0.0000000000e+00 
0.0000000000e+00 
3.5873240687e-43 
0.0000000000e+00 
0.0000000000e+00 
0.0000000000e+00 
0.0000000000e+00 
0.0000000000e+00 
0.0000000000e+00 
0.0000000000e+00 
0.0000000000e+00 
0.0000000000e+00 
0.0000000000e+00 
0.0000000000e+00 
0.0000000000e+00 
0.0000000000e+00 
0.0000000000e+00 
0.0000000000e+00 
0.0000000000e+00 
0.0000000000e+00 
0.0000000000e+00 
0.0000000000e+00 
0.0000000000e+00 
-4.4236203410e-34 
7.1746481373e-42 
0.0000000000e+00 
0.0000000000e+00 
0.0000000000e+00 
0.0000000000e+00 
0.0000000000e+00 
0.0000000000e+00 
0.0000000000e+00 
0.0000000000e+00 
0.0000000000e+00 
0.0000000000e+00 
0.0000000000e+00 
0.0000000000e+00 
0.0000000000e+00 
0.0000000000e+00 
0.0000000000e+00 
0.0000000000e+00 
0.0000000000e+00 
0.0000000000e+00 
0.0000000000e+00 
0.0000000000e+00 
0.0000000000e+00 
0.0000000000e+00 
0.0000000000e+00 
0.0000000000e+00 
0.0000000000e+00 
0.0000000000e+00 
0.0000000000e+00 
0.0000000000e+00 
0.0000000000e+00 
0.0000000000e+00 
7.7984030358e-03 
2.6106559622e-11 
-4.7797963023e-01 
6.9644566284e+30 
3.4937622862e+14 
-1.2596253861e-20 
-4.6381239501e+11 
-4.1942924134e-35 
-4.1131570470e-06 
-2.4083219037e+27 
-1.9835689532e+36 
3.9614987951e+28 
4.1097417600e+08 
3.5967611258e-23 
-3.3738544000e+08 
-3.1100551168e+11 
1.5285025792e+10 
1.1848524937e+15 
-4.0952903690e-32 
-3.8784749717e-11 
-3.4479633920e+09 
-1.0200430987e-31 
-9.7532445973e-20 
-2.6678483099e-13 
2.8242317494e-03 
2.6089261909e-14 
1.3847807028e+30 
-9.2978777600e+08 
-7.3116376237e+20 
2.1135055542e+02 
4.1413754370e-11 
-1.1948592800e+08 
1.2026543823e-11 
6.8639476562e+04 
-1.9758313750e+06 
-1.4760669936e-18 
-3.5107983978e+25 
3.8497180469e-38 
-1.6116991422e-11 
-4.5083028004e+34 
-3.2831649725e-12 
-7.7698394981e-34 
-1.1874634999e-27 
-2.8187541517e+24 
-9.1796970201e-26 
4.2895876724e+22 
-1.4953014352e+35 
-1.5496569186e-28 
-7.6926788485e+37 
-7.4260238647e+01 
-2.5527687603e-11 
3.5597931806e+25 
3.7993326886e-31 
-5.3925513850e-24 
-6.1118409917e+18 
-1.6936288967e-25 
-2.7387051909e-14 
2.8131104284e-33 
-5.0716375167e-36 
-4.2008724103e+19 
8.1824387500e+05 
5.6234788491e+16 
3.3295554314e+12 
-2.0267511718e-03 
-7.6392107166e+30 
-1.4885356137e-34 
-2.7940468428e+19 
-4.1259729462e-31 
-1.4848402345e+28 
-1.2057920456e+01 
8.0898702075e+14 
5.1160876800e+08 
1.5954890000e+27 
1.8655679421e-33 
2.0011170426e-34 
-1.5938346042e+22 
-2.4092542531e-23 
-1.6160571662e+22 
-3.7070455505e-07 
-2.3684528809e+03 
1.9920863570e-10 
-2.4802421103e-04 
2.0380002975e+01 
-1.8649635655e-11 
1.7244000965e-17 
3.6387317603e-09 
2.1606500800e+08 
-2.5760948911e+30 
-1.0596199034e-33 
-1.1063149508e-08 
-2.7734216590e+16 
-2.1844172837e-27 
1.3739912701e+27 
-1.1936621048e+20 
-2.5968320379e-35 
-7.9823569991e+26 
-1.6923083768e-10 
2.5621742505e-09 
2.7984114431e+15 
2.4244311358e+33 
9.2533683777e+01 
8.9088815451e-01 
1.6498884223e-33 
2.8612692261e+02 
4.7540989485e+37 
1.0601911351e+15 
-4.8208351355e-36 
-1.0461384296e-34 
4.6742377890e-05 
-1.0737574500e+27 
-3.2298945208e-21 
-6.0426246094e+04 
6.0139237376e+10 
-1.0104817611e-14 
-9.1287050240e+09 
6.0806557617e+03 
7.5735880616e-28 
-3.9088913498e-37 
-8.5008183156e+16 
4.6081946580e+34 
-2.5723857697e+27 
2.6369275108e+19 
-2.6282215777e+20 
2.0290709278e-38 
3.8726087278e+21 
3.7248370105e+32 
-3.4876166150e+37 
1.2253378956e+14 
3.9024811340e+37 
-8.1417904888e-23 
-3.1218904257e-01 
1.9342915039e-04 
4.0996003150e-22 
-5.1836300599e-20 
-6.2310218612e+32 
1.2912310547e+04 
-4.0043725938e+29 
4.9765016193e-33 
4.2914184705e-22 
2.5894849112e-35 
-2.1836556001e-12 
-1.2562653422e-01 
1.5311356836e-27 
-3.1780439401e-19 
2.2968327553e-28 
9.3116079788e+26 
-2.7488439291e-17 
5.6863552818e+24 
-4.0558901367e+03 
-3.3884081695e-30 
-1.1364970906e-30 
2.1294621094e+04 
2.5141833728e+10 
1.6351174836e-14 
5.8253726690e-32 
-1.5475100615e+13 
1.0398394042e-35 
2.0713141588e-27 
1.2681532716e+31 
1.3342846763e+17 
-3.8869241723e-22 
2.6326530671e-28 
-3.1916204772e+16 
2.0860482827e+27 
-1.5680475073e+19 
5.2600625000e+06 
-6.0591858636e+20 
2.8005956741e+23 
-8.0780576525e+23 
7.4378057158e-22 
-1.8683625431e-20 
-6.3388885980e-20 
1.0908137321e+01 
-7.4878170337e+20 
-6.6752545117e-38 
4.9051896117e-34 
-2.9531763526e-21 
-8.5139477690e-09 
6.5065963520e+10 
3.5395884196e+16 
-5.4202749056e+23 
2.2795774507e+35 
4.0794963436e-13 
6.8347265099e-35 
1.6017295436e+30 
1.6074192891e-28 
-8.7930937344e+10 
4.6449939728e+01 
-1.2633375349e+14 
-2.7231974389e+15 
2.5287483073e-16 
2.2529958651e-34 
-6.8637734860e+24 
7.2998647343e-33 
2.7404400067e+12 
9.1384745796e-31 
2.5842191842e-24 
2.3100399630e-05 
-3.8901951195e+25 
-7.0573343375e+12 
-9.0869337764e+17 
5.4039182975e-27 
-4.0449033967e-26 
-2.4024552124e-21 
-2.8285339345e+22 
-5.2440014905e-17 
2.6460075458e+17 
2.6541361600e+08 
-8.0863736000e+07 
1.6376881354e+30 
8.1055837179e-29 
-3.1133751459e-17 
-1.0507947213e+12 
8.0927364528e-02 
-1.4965856753e+22 
-2.7764123047e+04 
4.2218880919e+14 
-2.4407380557e+31 
-2.2786438311e+29 
-8.9119869109e-33 
2.1564002999e-18 
-2.4686593947e+20 
-3.7843987637e+15 
1.4652519758e+36 
-9.4628706574e-04 
-3.5742593263e+20 
3.2104374600e+12 
7.4536937649e-25 
-5.2311227640e-19 
1.5762007719e+32 
2.8007772102e-08 
1.5084162767e-34 
-4.5841940022e-08 
-1.2741530053e-11 
-1.4293791899e+19 
7.1770996094e+01 
9.7264084423e-27 
1.5272198930e-33 
-2.2668321992e+15 
-1.4843782880e+36 
-7.6877140999e+00 
3.5211090221e-07 
-7.4628850192e-13 
-9.3913155030e-10 
1.3230391324e+34 
3.1747402835e+24 
5.2619993175e+18 
-1.2376363613e-29 
3.0556166775e+27 
-1.2060250349e-28 
-2.9223039945e+17 
6.9259684131e+23 
-3.1871543554e+17 
-2.5636263945e-13 
-3.5540797735e-14 
1.3739242301e-24 
2.3627957368e-09 
2.9116327389e-30 
-2.1740357101e+27 
7.3482947789e+11 
-2.5710931418e+31 
2.6143384663e-36 
-1.4841312448e-29 
1.0333369001e+28 
2.8209460913e-38 
6.5554719877e-24 
-9.5015902582e+27 
-1.7415874207e-19 
4.9426825480e-14 
-1.9235453063e+25 
1.5414172058e+11 
2.5842151641e+17 
8.7149143219e-02 
8.4914475451e-10 
-4.7347964178e+21 
-2.5647504582e+14 
-1.4805341469e-23 
7.8902476800e+08 
3.6409570312e+02 
3.3090717500e+06 
6.6459213394e-34 
1.3026755806e-15 
6.0314857275e-11 
-1.3561038750e+06 
4.7978246094e+04 
1.5513817786e-08 
-1.0186550421e-28 
8.3050899200e+08 
3.5510392902e-35 
2.8418901367e+03 
-1.8375189709e-15 
3.8249739059e+11 
8.9029922323e-10 
-6.8614860404e+19 
-2.7310294460e+14 
-1.3644180008e-08 
-4.2542510528e-06 
-1.4261347200e+08 
8.1364367258e-20 
7.9444469350e+12 
-2.1390853280e-22 
1.9176936576e+34 
-1.0363618852e-09 
2.9051735996e-19 
            nan 
-2.7260200255e-14 
-1.0975496068e-08 
-8.3235424667e+15 
2.3014338489e-23 
4.0507711291e+21 
-1.3562306878e-37 
2.0075153248e-20 
7.0194266338e-35 
-1.7971271652e-37 
-3.1006282398e+37 
-2.7999465472e+10 
1.6718371094e+04 
-1.0176184126e+16 
-3.1032557487e+00 
-4.5964354986e-26 
-8.2566984359e-36 
4.8778233600e+08 
4.8337105152e-11 
8.5732921958e-02 
3.0067151254e-28 
-1.2412036942e-21 
6.4749576389e+13 
-1.1757068771e-16 
-7.5153414308e-13 
1.3026954096e-35 
3.7267909050e+00 
-2.4339267858e+35 
-1.8016138404e-34 
1.5369864911e+34 
-5.7963125408e-02 
-2.0557091167e+34 
1.5247981910e-33 
1.1652447608e+30 
1.3010749171e-05 
-1.6885265719e+37 
-3.2387967968e-31 
9.4208896160e-01 
1.0177943385e+14 
5.7522526088e+37 
2.4889311429e+17 
-1.5336794313e-03 
-3.7611077232e-37 
1.0967507671e-16 
1.2116950238e-03 
7.6534623764e+12 
1.3283897816e+35 
-1.7145511337e+28 
-3.5696954102e+17 
-1.6321167301e-30 
-9.7911661214e-06 
1.8454609035e+16 
-8.9442038536e-01 
-3.3421313295e-35 
4.7705939444e-37 
1.5205854208e+10 
-3.6122549627e+18 
-8.5971923163e-24 
-1.0951958090e-11 
-1.1433780955e+21 
-2.1090312968e+31 
-1.4292387821e-23 
-8.5877363451e-33 
1.6270316337e-05 
3.3934269283e-10 
-1.2360933726e+27 
2.9083433600e+08 
2.5813841731e-08 
2.6886682534e+17 
1.5727816511e+34 
-5.6327678198e+13 
            nan 
2.7266379380e-26 
1.5847945786e-12 
1.6485388184e+03 
-5.3273674011e+01 
-3.8206693339e+31 
-2.1592124135e-21 
-5.7792228699e+01 
1.5349107132e+34 
4.1783242188e+04 
-2.7873342523e-10 
-2.4841401367e+03 
7.1419891200e+08 
1.7580334410e-10 
-3.9846072405e-13 
-2.4648937824e-07 
-2.6044584411e+25 
-1.7478797500e+06 
-2.0548640824e-25 
5.0658267591e-31 
2.2226074364e+17 
-1.5353230918e+13 
-6.7286933607e-15 
-1.0546092800e+09 
-1.6413246000e+07 
7.0379219550e+22 
-5.2867973156e-30 
2.1096102207e-36 
1.8825076047e-12 
-7.6490888512e+24 
-4.1927049137e+28 
3.8263889260e-26 
-1.6731128202e-12 
1.9722364000e+07 
-4.5852970993e-33 
-4.0152236318e-16 
3.2426352129e+14 
1.3894595012e+16 
3.4619423558e-18 
-3.6589511865e-07 
2.6269027499e-16 
-1.4234889309e-11 
-1.7419450327e-09 
6.5641720000e+07 
3.0154603720e-01 
8.7803755442e+36 
-4.2672407172e+35 
5.7977749082e+30 
3.5093920825e-11 
-2.5077884000e+07 
-3.4444926976e+10 
-1.3056078885e-08 
2.8594770923e+35 
-3.5139248282e-12 
-1.2262095123e+16 
-4.8472148517e-10 
1.6657741824e+10 
-2.3743278612e+12 
4.5211069286e-02 
-1.9479330628e+19 
-3.6948467605e-03 
-1.9118311294e-34 
4.3805944000e+07 
1.9366638184e+03 
1.7772538167e+34 
-1.0304646405e-13 
-1.5625929600e+08 
-1.9376657704e-38 
-3.7989248657e+02 
-6.3610546961e+32 
-1.4762519332e-11 
2.3572577600e+08 
1.0386781435e-09 
4.8817225191e-28 
-8.4105282560e+09 
-7.1378946132e-07 
-6.4771072950e-09 
2.2827754227e-29 
-2.0857350144e+10 
1.4495153508e-37 
-1.0156571536e+20 
-7.5424600254e-06 
4.9289644220e-31 
3.1605154049e-08 
4.7490561176e+27 
9.9948771943e+32 
2.6905200879e-27 
1.2892794880e-20 
-1.4865020584e+34 
-4.3908343628e-08 
-8.2763835180e-37 
8.3200670090e+29 
1.9075205193e-25 
-5.5398543281e+20 
4.7324951347e+11 
-4.2243178516e+28 
1.9236501569e-35 
-3.5264242586e-26 
-1.0554832182e-11 
-2.2313088779e-20 
8.2379732132e+00 
-1.0145187724e+23 
-8.9331764456e-20 
-3.2967369556e+00 
-5.6809793786e-35 
-2.9214264779e-38 
-2.1951215151e-11 
-1.0307855643e-13 
-3.7035881042e+01 
-4.5538092271e-24 
-4.0063452531e-20 
-3.8933414714e-08 
-1.1280052092e-07 
-9.6386427126e+12 
1.0520687418e+37 
9.2035893367e-27 
2.4525558432e-27 
-1.5543055789e-23 
1.6779142758e+12 
-3.4650091901e+18 
-1.2386662420e-03 
5.5752508342e-02 
-2.5455835000e+06 
8.5200981197e+11 
-1.7689147079e+16 
-8.7166106007e-36 
-1.1122065554e-37 
-2.3037285583e+31 
-5.5164301565e+19 
4.6309714890e-06 
-5.7067031639e+28 
-9.5301343370e+37 
-4.6765816000e+07 
1.4386449243e-32 
2.6372061110e+38 
-3.6680267334e+02 
4.1339939840e+09 
1.0181558072e-19 
2.6693561937e-34 
5.3447840823e-25 
1.1029148438e+05 
2.3159845740e+35 
-1.2499278190e-24 
1.4071664297e-36 
2.6260783211e-21 
-2.1868810386e-30 
-1.6429641321e-16 
-1.9599252563e-38 
-2.4450302893e-10 
1.8677569295e-29 
4.3944048891e+34 
1.3983826967e+38 
2.3407751168e+10 
-4.4993513768e+37 
-7.9883152509e+37 
-1.3398862839e+01 
-5.3313272000e+07 
-2.5415774208e+10 
1.0427556261e-17 
-2.3708073483e-30 
6.9923570410e-22 
-1.3477947814e-36 
8.0879565166e+19 
6.5315905507e+18 
9.2661304367e+24 
1.7935877945e-32 
-2.4595889234e-25 
2.1325657600e+09 
-5.2006541917e+33 
5.0867794952e+18 
-9.2583480835e+01 
-7.2868591750e-34 
2.1614076800e+08 
8.8264685473e-05 
2.4908890804e-30 
-1.3740587335e-08 
1.4040989336e-03 
2.6370332640e-16 
-3.6890417255e+21 
3.5140802606e+29 
-5.7154851058e-25 
1.0715485413e-28 
-3.6415893296e+24 
4.2254189787e-36 
-1.7416829243e-02 
-9.8947731729e+22 
2.0846083613e+23 
-1.7871187386e-12 
8.6189652259e-16 
-2.2117801789e+34 
4.6144672852e+03 
9.1949773109e+35 
-1.2662417248e-06 
6.0333008943e-25 
-1.7811309907e+15 
-5.2187438663e+23 
-2.9405239474e+31 
-7.2859656939e-05 
-4.4287143973e+33 
-1.4567746560e+09 
3.6395355046e-13 
8.2861668840e-30 
-8.7431896205e-27 
-1.2408571566e-11 
1.3539451683e+16 
-6.7743315200e+08 
5.0618269535e+33 
-4.0329365931e+21 
2.7476683259e-01 
8.5647211207e+14 
-1.6895677525e-16 
2.7422500749e+16 
4.8604026955e+18 
3.0500253345e-31 
2.3657536791e-37 
1.6700204158e-17 
-1.0189806332e-08 
1.0512655584e+37 
1.1031260697e-32 
1.0558021689e+34 
-6.7860298714e-07 
4.1067054452e+35 
            nan 
-1.1760546945e+23 
-1.2382824505e+21 
1.3296562733e-17 
-7.0517947037e-09 
1.9204255193e-02 
-6.6356496811e+00 
1.4876273459e+34 
-3.0323451238e+21 
-1.1438189074e-02 
3.4618200750e-28 
-2.5027605389e-31 
2.8664358979e-05 
1.6463258083e+19 
8.4491434973e-04 
1.8767264687e+30 
-1.2745975845e+18 
8.3445948431e-16 
-7.6079809638e+35 
2.2152090139e-14 
7.3256289959e-01 
5.2188073889e-18 
1.1227237151e-19 
2.6179497441e+26 
6.1749496000e+07 
1.3092026069e-38 
-9.7715587500e+05 
1.1835557083e-20 
-2.7190435832e+27 
3.5983884058e-13 
-1.5879215354e-25 
4.1315032959e+02 
3.0207252835e-26 
3.4281266714e-09 
1.1196505952e+15 
2.8702208795e-13 
3.0463893200e-36 
-2.9084225065e+26 
8.5965886669e-18 
-5.4364177626e+29 
2.3147207066e+11 
-1.4770219135e+35 
-1.5141643021e-16 
8.8079382297e-28 
2.4474298735e-37 
7.4435895671e+15 
-8.3074013616e-17 
4.6114400937e-33 
-5.1203574688e-26 
-1.8876009089e-10 
5.0786215313e+17 
1.9914666351e-37 
7.2181513533e-03 
-9.1808190918e+02 
5.8595698860e-38 
-7.3907766342e+00 
2.9146318411e-05 
4.1947105511e-11 
5.5297911973e+14 
-1.8082044125e+00 
1.8339022991e-16 
1.9039437500e+06 
8.4689868800e+09 
9.6773952157e+35 
1.0274783484e+37 
3.5389141810e+31 
-7.7467715740e-01 
1.2830163183e-36 
3.6715827998e+28 
3.2915073088e+24 
-4.1672152238e-16 
2.2939421974e+33 
3.4428276367e+03 
-1.4593068408e+20 
-1.3989770365e-22 
-4.8237282360e+15 
-4.2409704303e+15 
-8.5249151231e-37 
2.4276138858e+35 
2.9598616529e-03 
3.0658159914e-38 
5.7962594086e-20 
7.7605539792e-15 
-1.3994514302e-04 
-1.7202294548e-13 
1.8380387212e-09 
1.5190126321e+38 
-5.8439061977e-03 
3.6008741128e-11 
-1.5590469560e+15 
7.6478051581e+36 
-6.4860774280e+29 
2.3407734304e+31 
-4.9021837175e-38 
2.1296425994e-12 
1.6719124896e+38 
2.7049992932e-37 
6.3302726072e-18 
7.0196110035e+24 
-1.1065968113e-20 
-3.6469013327e+20 
3.7075645924e+00 
5.9043719147e-20 
1.3237246019e+21 
2.1696543457e+12 
-1.0252096475e-24 
2.0633237471e+21 
-4.3151831045e+36 
-2.6340824551e-33 
6.8611909228e-05 
1.4626518016e+10 
4.9354002756e-34 
-2.0940204229e+21 
7.3345187500e+05 
3.0983242815e-31 
-4.2768094621e-10 
-6.7903559139e-25 
-8.7900663241e+17 
2.0537073003e+37 
-5.6484408956e+31 
-3.4515889960e+30 
-1.0361051074e-36 
-1.0321300029e+12 
1.8288134623e+33 
6.2922678932e-16 
1.4127521339e-31 
1.1271382560e+21 
-1.1027036667e+01 
1.2597991067e-34 
2.9463873943e-04 
-1.9749899292e+02 
5.8972391514e-25 
-4.4632524252e-01 
-1.2970640182e+01 
-3.1376597229e-37 
-5.2232445511e-16 
-1.0131659520e+09 
2.0486063913e+25 
2.6311572737e+19 
-5.9910217069e+24 
1.2546002865e+00 
5.7303800000e+07 
-9.5814723749e-15 
1.6861765567e-38 
8.5006320477e-01 
-4.0221667788e+17 
5.0729888111e-31 
1.5764260865e-31 
8.6430319195e+28 
2.2488888862e-16 
1.5102970586e-20 
4.1345665435e-29 
1.7165133667e+02 
7.9473432378e-20 
1.4505935547e+04 
-1.0732936012e+17 
-7.8575124768e+14 
1.1140440074e-26 
-9.2475239409e+22 
-2.2162504014e+25 
-1.1689491597e-09 
-7.5326093785e-22 
-2.5233528288e-21 
-1.6532419434e+03 
1.1421082212e+21 
1.0938948438e+05 
6.6126413292e-25 
6.9988029687e+16 
1.2918507692e-18 
-3.2203340328e-16 
7.3055321383e+15 
7.5992092490e-02 
3.4576917009e-21 
-1.4866142806e-07 
6.8005056381e+00 
1.1247240593e-14 
1.3997735257e-24 
1.4086559068e-13 
8.0832992650e+28 
-3.4270602854e+11 
-6.2691787525e-12 
-1.6528851986e+00 
-3.0151871094e+04 
8.5066922582e-14 
7.8732969762e-17 
-1.0183151368e+15 
-9.6610310720e+32 
7.6567867701e+18 
2.5068612406e-16 
-4.6357789767e+37 
-1.7785404755e+31 
6.3469574041e-10 
-7.6195394438e-10 
1.9410771783e-03 
-4.0621492114e+25 
6.3969901770e-26 
1.0324469291e-18 
5.2804059065e-28 
-8.4874401559e-21 
-9.1149887085e+01 
1.0570718144e+14 
-5.1881396677e-17 
5.7761287281e-38 
-8.4778392385e-19 
-7.7722455900e+12 
4.4004229154e-25 
-1.4764589196e-06 
-5.1062338054e-02 
-1.1608069243e+12 
-9.4368801868e+25 
8.6014171046e-13 
-6.2505832997e+37 
4.9496699647e+14 
4.2654482377e-12 
1.8603631179e-04 
3.1903062765e+30 
-3.0714640327e+30 
1.6359998095e+13 
-3.1450092308e-08 
9.0034821189e-18 
7.4512759444e+30 
4.2868482819e-31 
4.3855313349e+34 
-2.4558251404e+33 
1.8989497042e-32 
-4.8916688864e-24 
4.8718807832e+20 
4.8584709167e+01 
1.0438913055e-22 
7.1787097168e+02 
2.4859531674e+11 
-3.9227684387e+31 
5.4123511291e-06 
-8.0197152285e-30 
1.4611939800e+24 
1.8581372000e+07 
3.0128626823e+00 
3.4720451355e+01 
-1.4894039917e+02 
-1.4700062778e+27 
7.3195263869e-13 
-8.1290744000e+07 
-2.9391832912e+15 
-6.9086404346e-37 
1.1218835343e-14 
2.1553090301e+29 
9.7394777848e+33 
4.4216183492e-10 
4.9758455819e-13 
3.8018505349e+23 
-4.3495160000e+07 
9.4906073088e+10 
5.4661234698e+32 
-3.3193772800e+08 
-3.1262444749e+11 
7.4363581250e+05 
2.4503032080e-38 
8.5002386691e-18 
-3.6949084815e+17 
-2.8965590522e-02 
-2.1982154324e-13 
-1.7420955582e-22 
-4.1655246094e+04 
7.0191761288e+18 
1.6490842819e+01 
-1.3984202685e-11 
1.0882880000e+07 
1.0665149319e-12 
-5.1273824245e-20 
-1.1212890625e+03 
-5.5037657088e+12 
3.0349800000e+05 
1.1425554752e-02 
9.7057028157e-25 
-1.2813850378e+12 
-2.6018039313e-33 
-4.8356200000e+05 
2.2791927046e-25 
-1.0626661975e+24 
1.4898191694e-05 
-1.7437079322e-29 
-1.7276098438e+05 
-2.5080782848e+11 
-1.2938810033e-20 
6.1707007879e+34 
1.0282873112e+33 
4.4787772934e+16 
-1.3614446182e+11 
-4.8513861084e+02 
2.1571173420e-05 
-3.1901447680e+09 
8.9032536966e+25 
-1.4169400680e+26 
1.2231573386e+24 
-1.9379441677e+29 
6.4182182617e+03 
-2.1463780315e-23 
2.5681683151e+32 
2.5680150404e-19 
-8.7878704248e-26 
-2.2515588005e-10 
6.0165660258e-29 
2.2449139074e+16 
3.5593591309e+03 
2.4823670284e-30 
7.1402793750e+05 
-1.6740695507e+24 
5.0288653107e+11 
-1.7418455307e-31 
-2.5339328000e+09 
-9.2175204537e-38 
5.4671889405e+17 
-7.4825535104e+15 
-2.6542541607e-21 
-5.5414378368e-24 
1.3749544853e+27 
-5.5595801649e-29 
3.0926634257e+19 
-4.1517548510e+20 
-1.7776089833e+15 
-2.6128019510e+17 
-2.2914835433e-38 
-2.2936059200e+08 
-1.3122621781e-30 
-3.3118869178e-03 
-1.1201812805e-33 
1.2038858342e+13 
-6.0210581069e-30 
-3.2219636002e-32 
-3.9718341664e+28 
-3.4085073491e+17 
1.6139938354e+02 
-9.5338056647e+13 
-1.5626302000e+07 
-1.8016785057e+25 
6.1189380589e-15 
-8.7293742013e-08 
8.9298529556e-33 
2.8241028365e+38 
-3.7895039293e+36 
1.3012850283e+23 
-9.6435587500e+05 
-3.8237264231e-16 
1.3275693893e+01 
-2.1401237016e-17 
1.6431792937e+28 
1.4815202692e+29 
-9.4378484375e+04 
-2.5038154335e+34 
4.4074075124e+26 
7.0506578354e-09 
-1.7924994058e+25 
-1.7773472657e+32 
-8.9980623518e+24 
-3.0518184662e+01 
-4.8670242188e+04 
4.2421729138e-30 
-2.6844406642e+26 
-2.4532319948e-18 
-7.0599397982e+36 
8.2365275030e+17 
1.8239032350e+34 
2.4429637172e-20 
-2.2404432910e-12 
-4.5556827015e+20 
-2.0477198063e+37 
-4.8208613183e-32 
-6.4402211102e-37 
-5.5811005094e+37 
-1.1065146327e-01 
-6.5642370736e+36 
-4.1081083185e+18 
-6.4211811188e+35 
2.3318597395e-27 
2.7124158338e-31 
-3.7918953370e-22 
-7.3241868019e+00 
2.7257596476e-14 
9.9466626125e-05 
-6.6861799834e+11 
-2.1646433741e+20 
4.9937595454e-27 
-3.7462758229e-08 
6.7641653914e-06 
9.7107597794e+35 
1.9487441422e-20 
-1.1853041997e-06 
8.2209833017e-14 
-1.8134617130e-04 
-5.7642149110e-36 
4.4162007675e+19 
8.2310924281e-16 
1.5478848129e-13 
6.0006591957e-04 
4.9171874357e-29 
2.2051799695e+12 
1.4711527430e+26 
-4.2031762056e+22 
-7.0778172812e-05 
-6.9651295842e-10 
2.4381921914e+20 
-9.9316088686e-10 
-3.7872131320e-24 
-1.4825478561e+29 
5.3158862535e-23 
-7.8769027710e+01 
-3.7478129680e-28 
7.0915396878e+15 
-1.1795642817e+14 
-1.1002067302e+21 
8.3126143949e+17 
9.6853791771e-16 
8.7639670819e-03 
-3.2175825099e-23 
8.9127587500e+05 
1.8285399099e+20 
1.7585919955e-36 
2.0632743717e+16 
-2.6238826639e-18 
7.8131424503e-28 
-5.7792436472e+35 
-5.6790230274e-15 
-1.4300533463e-33 
-2.1272607704e+19 
2.3860836792e+02 
-4.9712108468e+26 
-1.1440601649e-26 
1.9085958344e+25 
4.2907027200e+08 
3.2318548584e+02 
1.6010744221e+21 
-1.0089482207e-20 
1.9409330913e-12 
-1.5461629378e+19 
3.4445703743e-31 
3.8383662942e+34 
-4.1053153932e-11 
3.1124560337e-05 
-1.7273974581e+29 
4.4203243496e-12 
-1.8783014152e+34 
-1.2341985084e-21 
-3.0499017334e+02 
-9.3351886221e-08 
3.6445579887e-09 
1.0540400150e-11 
7.8425124094e+28 
4.9201840341e+23 
-4.1492827347e-33 
-1.4049696799e+21 
-3.7453742188e+04 
-4.1894363502e-21 
1.7779245757e+24 
6.6117621564e-15 
-1.2056090785e-21 
2.5267881002e-19 
8.7358336896e-03 
-2.4238541985e-34 
3.2814926610e+28 
-1.1603451872e+19 
-6.7998028564e+02 
1.9719214737e-01 
-6.5234833244e+12 
7.8140186531e+34 
            nan 
-1.1523795354e+11 
-2.0420818371e+13 
5.9128664768e-32 
1.0896995328e+10 
-2.3955624983e+19 
1.5934831754e-04 
-5.5521090827e+33 
-3.4093294284e-34 
-3.5931888000e+07 
4.6140074393e+29 
-1.5968487464e+27 
7.2245531184e-17 
            nan 
3.6746962611e-37 
-3.2199633461e+38 
-1.2402469110e+12 
-3.9524543394e-28 
-3.8157469677e+28 
-8.7965177062e-37 
-7.4571170444e+25 
2.7192823138e-17 
5.8087449074e+00 
-2.9843817921e-32 
-3.2188395380e-06 
-1.2252391052e+02 
-6.8695967453e-26 
1.6109155676e-10 
3.0850772899e+25 
-3.0341915000e+06 
7.0960350425e-32 
4.3183362204e+31 
3.1075120070e-18 
-4.6825302734e+03 
-3.1453512665e-28 
8.8208727343e-17 
-7.2629947822e+15 
-2.3794967078e+25 
-3.5702052116e+00 
7.5084986349e-34 
2.4262171282e+38 
-6.7040942641e+31 
-6.4390983864e-12 
-1.2669306961e-30 
-5.6755601449e-16 
-1.8004382843e+12 
-6.9766333327e-03 
-1.2726621628e+01 
-1.0956560143e-34 
-1.1520777912e+13 
5.5951629648e+21 
-5.1921121776e-02 
1.8276071281e-28 
-1.7805840395e+18 
-1.2162872021e-29 
-6.5417764864e+10 
-3.4408755142e-13 
-2.1651551127e-01 
6.4243198152e+31 
-2.1156348237e+28 
2.9037567484e+24 
1.8732317919e-09 
9.5189155555e+32 
-1.4622158244e-15 
1.1710109352e+26 
-1.4573141479e+02 
-1.0624414214e+17 
3.0655169498e+22 
3.5367482820e+21 
7.5461550454e-33 
1.0434861883e-32 
-4.4104981968e+37 
1.6519169211e+17 
-5.4497507400e+21 
-1.4645569536e-05 
8.1531921043e-29 
1.0696325684e+03 
2.3684732000e+07 
1.0201254988e-20 
3.8045834114e+27 
-1.0026208854e-30 
9.5245603006e-04 
-6.8934263104e-23 
2.2503585166e+14 
2.6160229068e-21 
4.0165883196e+14 
3.2007427751e-24 
3.9775266068e+17 
1.3417522479e-37 
-3.5621416454e-29 
-3.0406861348e-33 
2.1974973093e+20 
-5.7239898043e+19 
-8.1821035194e-26 
-4.4728806242e-03 
-1.2134703386e+17 
-2.6277460900e-36 
2.5955617805e+17 
1.1825702841e-18 
-9.0041740730e-10 
-3.8964395937e-34 
6.6041024000e+08 
-5.8054052734e+03 
-3.0863030332e-15 
1.7496141824e+10 
-7.1216211739e-35 
-3.4289372557e-12 
2.0199296875e+05 
-1.4911967065e-23 
2.1493915000e+06 
1.2380824000e+08 
1.0546395633e+31 
-9.7323594986e-22 
-4.1185855261e+24 
-5.4270226198e-28 
9.0484799171e-18 
-1.0776373267e+34 
1.0070037231e+03 
3.6717345663e-16 
-2.5461073164e-05 
1.3442855336e-11 
-3.8129513627e+17 
6.2662753087e-26 
-1.8172904857e-25 
3.5588445320e+31 
-2.7743689290e-11 
1.3094798683e-11 
-1.5745381825e-03 
-1.1094204440e-13 
6.8687879755e-23 
-6.5296305000e+06 
-9.0755950353e+19 
-1.2801780370e-26 
1.7099027272e-12 
-1.8837478388e-17 
5.0567539027e-22 
6.8455922852e+03 
-1.1107520171e+25 
-1.7270113369e+22 
3.4385682432e+10 
-3.5874508050e+18 
4.8766140862e-27 
1.4581426233e+26 
3.6574807808e+21 
-5.2568189800e-02 
2.3348251110e-10 
-2.4579171200e+08 
4.3026986280e+27 
-1.3721573248e-13 
-9.3005847168e+02 
-1.3590644932e+31 
8.4324704545e-38 
-1.4566543958e-20 
1.9850983631e+32 
-2.5133737039e+31 
-8.4772319794e+00 
-3.2493864370e-12 
-1.7727027393e-14 
-1.6538312435e+00 
1.1623780800e+08 
8.2767354063e+18 
-3.0138229612e+34 
-3.3047574319e+17 
3.2285014182e-38 
-1.9718828010e+21 
1.0896181266e-05 
2.1102901459e+01 
-1.2737574873e-27 
1.9796857487e-06 
5.0107443996e+14 
2.9296371094e+04 
6.6817784000e+07 
5.5142423688e+16 
1.3502967611e+18 
-5.4445573196e-16 
3.4108067311e-23 
-2.7855848162e+23 
2.6712963867e+03 
1.6590856831e-04 
-8.5552432822e+16 
-8.0393280921e-10 
4.3274538918e+15 
7.3908295235e-06 
1.1915851811e+32 
-1.9687727690e+00 
1.4182381480e+31 
1.8456062400e+08 
5.7567531650e+28 
4.7020727368e-28 
3.3124262085e+13 
-5.8072985764e+12 
-4.1396450532e+27 
-9.3485789040e-29 
1.3621444417e-08 
-5.4977351690e-30 
9.6642130062e-12 
3.4560927413e-18 
4.5779640786e-03 
1.3824304584e-18 
-3.8044602204e+14 
-3.1239967960e-28 
-7.5731566533e-28 
-6.0928746094e+04 
-1.1927020293e-27 
6.0711496776e-17 
9.8851178305e+36 
6.0599860828e+30 
3.1667809508e+35 
-2.9915291255e-17 
4.3609575817e-20 
-1.2887978803e+17 
-1.1940171611e+27 
-5.0923597573e+16 
-2.3516401067e+33 
1.3677541817e-39 
-1.9579817194e+19 
-2.5537980322e-28 
-1.8711563433e-15 
-1.4907825575e+24 
-4.6733928876e-36 
1.7857131653e-14 
-1.5513764893e+28 
5.1864082265e+14 
-2.2404984029e-36 
-1.9437455317e-16 
7.1825340514e-34 
-3.2131997500e+06 
3.9480853854e+29 
1.5573841800e+32 
1.2101424400e+22 
-3.8049072266e+01 
1.3684505477e-17 
            nan 
3.2308276063e-15 
-3.1444467798e-13 
4.5724870204e+36 
-8.4318308795e-36 
1.1904450781e+05 
3.1206322402e-33 
5.5373877202e-32 
2.5376444272e+38 
-3.5252235103e-32 
-2.0798801183e+12 
-6.5615737915e+01 
-2.2079937261e-19 
5.3362257812e+04 
6.2716736000e+08 
2.0598244220e+22 
-3.2981124000e+07 
2.9685355992e-31 
7.2028376269e+11 
5.4339569140e-14 
-1.0025802548e-19 
3.2571910506e+22 
6.4204572801e-32 
6.5742410000e+06 
-2.5863836716e-17 
-9.5896591864e+33 
1.7288486672e-15 
5.3304555880e-20 
3.9787692261e+02 
-1.8041151836e-26 
-4.0033110645e-37 
5.0487985611e+00 
-3.6152154541e+02 
1.9595220175e+35 
-8.2295764514e-06 
8.1338946903e-34 
-4.4912990358e+23 
-2.8247027995e+33 
1.6327206980e-15 
-1.5503456169e+23 
1.2733210145e-37 
-5.9573009491e+01 
-1.6440236821e-27 
-3.1615353655e-03 
5.6729000020e-30 
-4.4142145547e+18 
2.0592572957e+19 
-4.3911093235e+30 
-8.9697441581e-06 
-1.6044984320e+10 
-1.8718236672e+11 
-5.9981464240e-09 
-6.3732782080e+09 
-3.3586054826e-08 
-3.6313442149e-20 
1.7524391005e-33 
1.8957293034e+00 
-8.0094504960e+09 
5.3370870223e-11 
            nan 
-4.0465274651e-05 
-5.1420180177e-27 
-2.8449445963e-01 
-2.6719964019e-09 
-6.7321223401e+19 
-7.5751566068e+24 
3.1991592679e-16 
-1.4404050392e-25 
6.3053223019e+15 
8.0112919934e-29 
7.9721305393e+24 
-7.5536804133e-33 
3.7607973354e-05 
-4.7057818582e+32 
2.6106943676e+16 
5.6735594432e-18 
1.3035689195e-09 
-3.8304480258e-03 
9.7731794189e-36 
4.5670166016e+01 
-2.6275853436e-31 
7.0193992696e+13 
-1.1199523926e+01 
2.5105957031e+02 
3.0239543547e+22 
-3.2200897066e+33 
6.8748630935e-18 
-4.9962264880e+36 
-7.7662474496e-07 
1.8042329518e-17 
6.2558947072e+33 
8.8214086905e-38 
-1.1072476120e-23 
1.7998122275e-28 
3.1923407325e+38 
6.1399318955e+25 
5.6529404184e+20 
-2.8491115580e+29 
5.6666989003e+13 
3.8386339316e-31 
-1.0254405959e+24 
6.5591445343e+14 
-2.7106569555e+27 
1.6452238080e+09 
2.8667326629e-27 
4.3771388558e+31 
-1.1059706020e+33 
3.7092637950e-28 
-1.5774503437e-24 
-3.3773657204e-09 
-3.6413917204e-23 
-6.1967959653e-08 
1.7341948772e-33 
4.6744240535e-05 
3.5796714842e+26 
1.0036503593e+26 
2.2239076358e-08 
6.4202229794e+21 
1.6998113139e-08 
3.5520153809e+03 
-3.1354326069e-29 
5.0045013942e+36 
1.4082671029e-08 
2.0116910077e+31 
-7.0760861270e+14 
-1.1643016052e+02 
1.4876081466e-22 
1.2282700709e+38 
-1.6028938763e+21 
-8.9560732659e+21 
-4.3124661828e-12 
-1.6480367342e+36 
-1.0489351978e-19 
2.2355558377e-11 
3.5339509477e-22 
-4.3088454021e+21 
3.3860037953e+21 
-1.9394621094e+04 
1.7736274345e-16 
8.9346544000e+07 
-1.8949905534e-10 
6.8241741771e+34 
1.8997307245e+13 
-7.2461315918e+02 
-2.9774136444e-14 
9.0006628418e+02 
9.0656533905e+13 
3.7337272079e-04 
6.1246409569e-27 
7.6680279713e-18 
-1.3249830195e-22 
1.2267595000e+06 
5.5471535897e-17 
-1.0196683594e+04 
-1.0845245545e-29 
-1.6729585266e+02 
-3.1034990625e+05 
-4.7294583965e-06 
2.1288857108e+12 
-2.2330375207e+38 
6.1989506800e+19 
-8.4606963362e-13 
2.1266814321e-02 
-1.0728315197e+35 
-2.7945515731e+22 
-1.5561150000e+07 
-5.8611356454e+27 
-3.4386683347e-32 
-1.9238339714e-35 
6.4386598719e+20 
-1.6844075505e-13 
-1.5394381623e+26 
-1.5309889175e-38 
4.2894091878e+11 
9.0696161692e-08 
-2.8640039152e+15 
2.8289057110e+38 
4.8784594069e+14 
-9.3393888596e+35 
-2.8017871094e+04 
-9.3638434069e+14 
5.2645095966e-25 
-1.4988216831e-12 
1.4860559760e-24 
1.0214346443e-22 
5.4587041561e-23 
-2.1880963350e+26 
2.3246158889e-05 
9.3131704330e+00 
1.3184136660e-24 
-7.3024051517e-07 
1.8303025818e+02 
-9.3702305064e+18 
-1.1820291012e-17 
3.8050043166e-33 
5.6858292380e-11 
4.7748240917e-08 
1.1653500227e-30 
-6.2982359668e-04 
-3.1800974872e-32 
7.0899592473e+23 
2.2055958021e-31 
-1.5664483662e-18 
-1.6966143595e-32 
1.9320603943e+02 
2.9066789787e+15 
3.3758803397e-07 
7.0160657307e+16 
-2.5534543991e+01 
-2.1521699217e+23 
-1.0577232066e+16 
8.5963593262e+15 
-2.8694216309e+03 
2.5635275450e+20 
5.0070656581e+17 
-6.9256239632e-10 
-2.4750692339e-23 
-5.6262066268e-14 
-1.7964175959e-25 
1.2355967892e-31 
2.0713659223e+14 
1.3935191679e+19 
-6.8289021941e+30 
6.0295210598e+11 
-5.0300234609e+17 
2.0881882890e-08 
1.5353908506e+17 
-1.3208266945e-11 
5.2576776594e-02 
2.7030007834e+29 
-5.5244518497e+17 
-1.0666532901e+29 
-2.4698419138e-35 
-7.9008732807e+31 
6.9055651863e-08 
-6.9553024000e+09 
2.7968660394e-28 
-1.3926619291e+00 
2.8877346373e+38 
1.2756604437e+34 
-1.8034968232e+13 
1.4660336571e+17 
-2.0534796857e+35 
-2.4697487122e-33 
8.8908118414e-06 
3.3455409845e+19 
-9.7813392076e+23 
-3.0552107077e-25 
-6.3112145920e+09 
1.9841772670e+36 
-2.8738105297e-18 
-4.3478640133e-10 
9.3227084039e-12 
-7.6761190479e-38 
-5.7350215680e+09 
2.0190315448e+30 
-1.9238436876e+31 
1.0305173426e+35 
1.4832807292e-35 
-7.5399846992e-31 
3.1850593873e+29 
-5.1649427470e-27 
2.7827917738e+22 
-2.5807033571e-36 
-1.6635422570e-36 
1.0743275006e+32 
2.5680375972e+12 
-2.2984886789e-30 
3.0609773239e-04 
-3.9568475000e+06 
-2.7384035312e-22 
-5.0500432541e-16 
-4.9568359603e-15 
-4.5322011914e-16 
-4.4169393750e+05 
3.5130094043e-21 
2.8852945060e-34 
-8.2747905932e-17 
3.5690341369e+36 
8.9069287145e+29 
-2.1631665496e-25 
-6.5505963455e-37 
-9.7076053217e-16 
2.1306131230e-13 
5.5141784668e+02 
-3.4171580146e+16 
-1.6588810817e+16 
-3.0348160180e-06 
-3.1460774160e-20 
-3.3233476415e-07 
1.0980577666e+35 
5.9073773446e-04 
5.7344299936e-14 
2.8795586618e-36 
-1.2667074114e+30 
3.3043855429e-01 
-2.1837827741e-29 
1.2251296810e+33 
3.7185783386e+01 
4.6458320867e-05 
6.8696293561e+28 
-7.2234489460e-35 
1.9569243031e+29 
-2.8944609687e-02 
-1.8107518000e+07 
-3.2442946463e-07 
8.1560082866e-23 
-1.7669166482e-05 
5.6327802623e-32 
-2.6368533145e-04 
-7.1378560840e-09 
-4.4759385102e-15 
-4.9694249174e-04 
4.5654098511e+02 
2.7124676786e-34 
-2.4256681703e-21 
-8.0196476226e+24 
-7.1865077908e-13 
-2.3260697200e+24 
1.5125630041e-23 
9.5035165548e-01 
-3.6115690113e+15 
1.5206114769e+01 
-1.3267761458e+18 
-3.0799029395e-02 
2.9284682061e+38 
-2.2282031291e+15 
9.4591306916e+37 
-3.2857207116e-03 
-8.2605471835e-03 
5.7030874493e-30 
4.2668354652e+35 
7.4964887667e+13 
-5.7367351953e+22 
5.9652695199e-04 
-2.7127682433e+13 
-5.2375571864e+27 
8.9046652647e-06 
-2.5529695777e+16 
-1.5011521464e-04 
-1.0545244148e-12 
2.9891655165e+19 
-6.2672480000e+08 
-4.6263561635e-37 
5.5040607805e-28 
1.5312987666e-33 
-9.4339893699e-14 
1.1288391326e+27 
2.5314879163e-32 
-9.7927336549e+17 
4.6643258789e-24 
-1.1950088141e+23 
3.5197119699e-31 
3.1415159027e-19 
-4.9286422200e+12 
2.4205799036e-06 
-2.8625941765e-28 
1.0744684478e+34 
-7.8765509670e-07 
-3.0868453461e-15 
-5.8356685638e+01 
-3.9173738987e-14 
5.9821282087e+26 
3.3285346791e+38 
4.6093792672e-10 
-6.8539302012e-10 
3.3403748314e-21 
-3.8809964657e+00 
2.6979372263e+14 
-3.3921133284e+27 
-9.4655808285e-26 
-1.0993904553e+27 
-1.5358332578e-15 
-9.3955678940e+00 
-3.9180142198e-35 
-6.8238961252e-39 
-3.6237171911e-38 
-2.6108334653e-26 
4.7150853878e-30 
-3.6641754649e-32 
-1.0765812269e+17 
1.2314647790e-07 
1.6415326458e-25 
1.5736656864e-37 
5.7045162201e+01 
-1.2291996672e+10 
1.7721037238e+29 
-1.4523185920e+09 
5.2278560638e+01 
-6.3114112000e+09 
-3.4331046400e-29 
-7.7447321316e+37 
-1.2517559211e-09 
-1.8783269651e-26 
-1.1709413148e+17 
-5.5304954003e-05 
-5.9625782150e-39 
1.2088249192e+38 
1.7039231896e-13 
2.6724919620e+20 
-4.7111472709e-12 
-2.2482929315e-19 
3.0304484564e+26 
3.4139922889e-08 
-6.7759111311e+15 
2.8222579051e-32 
2.5175792126e-23 
-3.9495281084e-37 
-6.9385111805e-13 
-3.0639999856e-28 
7.6467990772e-22 
-7.1414044383e-13 
3.5694839473e-36 
-5.7051934814e+02 
-7.6488896185e+31 
-2.1968535833e-36 
1.1120384521e+03 
-1.5492513273e-25 
2.0167102732e-15 
-8.2310211886e-39 
7.3189584344e-15 
-7.2193401479e-08 
2.3929286003e+00 
1.7890264935e-16 
2.5683960145e-33 
-5.9124374018e-36 
1.8527810355e+11 
1.1631734711e-34 
1.5920025762e-03 
-1.2193409853e-15 
-3.8932448877e-26 
-2.8104854584e+01 
-1.1208052098e+22 
6.4504244928e-22 
-5.6578524976e-08 
-1.1601855000e+07 
1.0100808261e-27 
9.1318789984e-32 
-7.2777915000e+06 
3.0756743286e-07 
4.4182372156e+34 
2.4061517815e-24 
1.7627087587e-21 
-6.4883827632e+36 
-8.9866377438e-17 
-1.0511669159e+02 
7.4403791964e-34 
2.7118388305e-14 
7.7543228345e-30 
1.3512246249e-28 
-4.7323414683e-01 
2.7500890529e-28 
-3.8666838975e-17 
6.4021515469e+12 
-3.9510746094e+04 
-1.1497198750e+06 
5.4154794727e+23 
-9.6478273156e+14 
-1.8372883433e-35 
-3.2716519833e+00 
1.9034177022e+15 
-1.3934548640e+33 
-3.7722946679e-23 
-8.4894118118e-06 
-5.9407849061e-21 
-1.2839232835e-36 
2.9730240472e+22 
-1.1134549219e+05 
-1.8954118832e+15 
-1.1372332665e-04 
1.5865253995e-24 
7.2204801053e+19 
1.5717399981e-21 
1.6714406330e+22 
2.8411874732e+22 
1.4578380103e-07 
1.5891442767e+19 
2.7383426082e-10 
-1.2250331525e-15 
3.7802693248e-01 
-1.6122060745e-38 
1.0844886447e-06 
5.8141895704e+16 
-6.4031949487e+32 
5.4180568886e+33 
2.5704538018e-26 
-7.9181412002e-04 
-1.0771253756e-06 
3.4932596875e+05 
-2.8974528837e+34 
7.0843372669e-05 
-1.8463682685e-25 
-6.2262845689e+14 
1.7297141562e+36 
-1.1477746099e-34 
-7.3633409349e-37 
-1.8001569389e-29 
3.5901642872e-28 
-1.4116451966e-33 
6.3156669666e-15 
-1.8098636258e-29 
-7.4831230444e+22 
-1.9873166982e+29 
-2.2281048819e-02 
6.2035704351e-10 
1.9072894000e+07 
3.1665881284e-37 
2.2201982792e-03 
1.2192190833e-11 
-1.3896605221e-11 
6.7330006476e+31 
-3.7355444960e-08 
5.6454682617e+03 
1.4088344560e-25 
1.8595679986e-31 
1.0129848899e-30 
1.0987507045e-15 
-5.0664769602e+21 
-4.0299202237e-20 
-3.5480893439e-31 
3.5596637500e+06 
-2.8369793097e+22 
1.4758506980e-33 
-2.1069709899e-21 
-6.0869915771e+02 
-6.1767477744e+17 
1.8734882970e+21 
-3.9028402732e-09 
1.5527012800e+08 
-1.0642107680e-18 
1.4470458788e+20 
-7.5458340388e-17 
2.8300443797e-32 
1.8573910473e-34 
-1.4220693849e-26 
1.5474996009e+21 
-6.3929742188e+04 
-1.1583120960e-17 
8.8032391089e+21 
-7.3026165366e-02 
-1.2183141371e-04 
-6.8138233681e-18 
1.9178639589e+16 
-1.6474058701e-22 
-7.9610332847e-02 
3.1672813896e+32 
-1.1487830825e-10 
-2.2887853834e-09 
8.2018816653e+29 
4.8615273001e-24 
4.4845215349e+21 
7.6752088296e-19 
-6.5702973440e+10 
-6.9585207588e-35 
9.7853085634e-09 
-1.7933377324e-15 
-6.0285014787e+26 
1.7614209262e+19 
7.7957003738e-34 
2.1350558739e+34 
8.0896148713e-37 
-1.0412806429e-20 
-6.6900550408e-21 
1.5722866541e+13 
2.5539196000e+07 
5.0966569749e-27 
-1.3567825249e-12 
2.5481128887e-06 
-9.8156947200e+08 
8.2095725078e+37 
-4.1759326863e+12 
3.2562205971e+15 
1.1163437011e-04 
-6.7439225686e+25 
7.5996092433e-26 
1.3701828873e+32 
2.3780563497e-14 
-7.4562040000e+07 
9.7295842352e-06 
-5.7678457350e-02 
1.4462269171e+36 
-2.6146914957e+26 
1.5483967353e+32 
4.3704403652e-05 
-1.7400568486e-10 
-1.0228666194e-13 
-2.2137655630e+14 
8.1096288000e+08 
-6.3250328316e-18 
-2.4537653809e+03 
3.4207229508e+19 
-4.5254942030e-02 
-1.1242496753e+22 
-3.2357687640e-09 
6.6501193750e+05 
-3.0425249280e+09 
1.7502553971e-26 
-1.3081370853e-02 
9.1834111451e-36 
-1.1431275867e-02 
4.8462530685e-05 
1.5351560978e-19 
-3.5353832171e+16 
-1.7131607875e-28 
3.7075272626e-35 
-6.7467577195e+19 
3.7123068800e+08 
-1.8686282163e-22 
-1.2396657871e+36 
-8.0822112318e+28 
-1.0332318325e-16 
2.2720942586e+24 
-2.0396414817e-18 
-4.5137075896e+12 
8.0571302668e-13 
-2.0504200233e+24 
7.5170355803e-17 
-2.7047727695e-31 
-2.4771152851e-35 
1.1161289474e-31 
1.8409918994e-04 
-3.8914261936e-27 
-1.1421934687e-07 
-4.0434200000e+05 
-7.0233678858e+27 
-3.7085109866e+14 
9.0686655625e-39 
1.5804132693e+23 
3.8925286327e+26 
1.4900295544e+27 
-1.1228100198e+11 
2.7138331365e+29 
8.1974873319e-03 
3.6450061535e-27 
9.6239571630e+28 
-2.9617435511e-18 
4.1065404260e-30 
-1.3726502419e+01 
-2.4426096191e+03 
3.1993767004e+38 
2.1647260078e-38 
-3.2535130146e-08 
-4.6571907707e-14 
-8.8421430321e+20 
2.8913836741e-24 
-9.3884812429e-36 
2.0942376953e+04 
-3.0234722500e+06 
4.3476370239e+02 
-1.9091876953e+04 
-5.6056201347e-13 
4.1279365329e+36 
1.3371685382e-26 
-1.8465016138e+33 
1.6320546303e-10 
-2.1826298457e-32 
-2.2341665710e+25 
-4.8343292510e-32 
-1.0913325819e+24 
9.0217884008e-07 
4.1676230621e-31 
-2.7156179244e-19 
2.4598211894e-05 
3.5470078345e+27 
-6.6748398955e-23 
-2.4962883025e+36 
-3.2230775142e-35 
-2.8400265719e+20 
-7.3323120518e-33 
-3.0451967101e+32 
1.4643688231e-36 
1.5845557117e-19 
2.0835970000e+07 
-5.2730317383e+03 
-8.6126740211e-17 
6.6673826556e+19 
3.9043664932e-02 
5.3253485815e+20 
-9.1677419906e-19 
-3.9040717820e+37 
2.4150592799e-04 
1.3876762795e+21 
3.2255577754e-24 
4.2110887646e-23 
1.2212443673e-20 
1.1337642638e-28 
8.6832062464e+10 
-6.0603096411e-17 
-1.8508491451e-07 
-1.7021331871e-25 
2.1531778288e-30 
-1.9897835557e-07 
-4.9443588000e+07 
1.7497104636e-19 
-3.9989275120e-16 
-4.0457415231e+20 
-2.0319549352e+33 
-1.3241058762e-29 
1.5106197300e+34 
2.3737103394e-09 
-9.2418365479e+02 
-6.6053680635e-19 
-1.0774795630e-30 
-2.1205295297e-09 
-1.6607816711e+31 
-5.1632568359e+01 
-9.4165794816e+10 
-1.8532905350e-37 
-8.0336826401e+13 
4.6537920000e+06 
-2.9086842310e-11 
-2.6965124098e+18 
1.4501260776e+24 
-3.8739726822e-16 
5.3164242497e+17 
-3.8891373455e-10 
-1.7290560346e-31 
1.0743043940e-16 
6.4704966270e+25 
2.0693696875e+05 
-6.2861187500e+05 
-1.8538954155e-31 
6.1516002886e+13 
1.8687574633e-22 
4.5245107675e-15 
4.4443679991e-27 
2.0354975892e-33 
8.8979214650e-18 
-4.4172856212e-01 
4.4993266120e+24 
-5.7018250655e+17 
-1.7728446051e-02 
1.3577940941e+01 
-3.3001403809e+03 
2.4761428990e+31 
-2.4361346180e+38 
-1.5418412049e+28 
-4.4928194510e+23 
3.1809777231e-22 
-5.8017732093e-31 
1.7228168735e-25 
-1.6428904555e-21 
-2.1288293171e+11 
-2.1867838664e-27 
-2.6508414000e+07 
1.8507550702e+38 
-8.5585704073e-03 
-1.5254158750e+06 
3.5986450908e-26 
8.2768741549e-07 
-4.3212034902e+30 
2.5280074220e+12 
-6.2720954565e+27 
1.3742190245e+17 
-4.0523677826e+01 
7.3539044676e+26 
6.0597579178e-27 
1.1029259213e-06 
-2.9148194694e+21 
2.3686772468e-32 
9.3034586111e-13 
-2.7432177431e+22 
5.3725584943e-24 
-1.2649510400e+09 
-2.4127685470e-30 
6.7327802517e-29 
-4.2799808649e-19 
2.1041866027e-09 
-1.1597782265e-31 
8.3333991228e-23 
1.4454421504e+10 
-3.0394098223e-36 
-5.8472278262e+12 
7.8012275926e+28 
2.6110350675e+22 
7.7037408827e-38 
-6.6062316800e+08 
-3.8212447095e-10 
2.9383655641e+34 
-1.2334635000e+06 
1.3325205537e-30 
-8.0550858118e+33 
-3.9253432730e+11 
3.6210253711e-06 
-2.2549558656e-14 
1.6539458063e-13 
-1.7204194425e-31 
1.4004272520e-32 
3.9073317338e-20 
1.0205581342e-33 
4.7324017334e+02 
3.4054094665e-29 
-1.9474736000e+08 
-3.9658416910e-23 
1.9035360560e-21 
4.6371681442e+14 
2.9106801506e-21 
3.9482796410e-07 
-2.0163693114e-34 
6.4812489663e-20 
-2.2304408541e-25 
-4.0111142400e+09 
8.9919781692e-27 
7.3639682617e+03 
-6.7385616761e+13 
-1.6223789612e-21 
4.3874276844e-20 
4.1969190811e-15 
7.2584673878e+30 
-2.4531126022e+01 
-9.7000208828e+19 
-2.2052410625e-13 
-8.1678776732e+35 
-4.2727474278e-30 
4.8298415789e+37 
1.0500577759e+24 
-3.5301485093e-15 
-5.8282212901e-17 
-1.1378698409e+33 
-1.3096017885e+34 
1.5135783680e+09 
1.8960883070e+14 
-4.4037988811e+18 
2.8860765232e-13 
2.7017536018e-19 
2.2825315314e-13 
9.1784352970e-34 
-4.1019451724e-10 
4.8687838053e+37 
-4.1045163796e-11 
-1.2718636032e+10 
9.7687437325e-21 
3.4908739094e-11 
7.0193486863e-06 
-4.2455896411e+35 
-2.6565173001e-24 
-3.1927000722e+19 
-7.3952256493e+37 
-4.4707678666e+17 
-2.0137521573e-27 
3.1023223321e-15 
-6.8448011007e-05 
3.3509176636e+02 
2.5941086042e-37 
-4.1420479401e+35 
1.2528909040e+27 
2.6291958823e+35 
1.4003300800e+08 
4.7902510951e-12 
7.7636393750e+05 
-4.8428051919e+35 
5.0629102219e+22 
8.8365497543e-22 
2.5699494407e-02 
6.1938121949e+17 
-4.6214746094e+04 
2.6304659576e-24 
-6.4554324799e-34 
-4.0706366891e+30 
-5.7781203822e-31 
9.1862073168e-03 
2.0648741630e+30 
-4.1295935835e+30 
7.5235603534e+27 
-9.1544790268e+00 
1.3089596294e-02 
-2.1722920939e-16 
6.9121135482e-08 
2.8207966685e-01 
5.0451113075e+27 
-2.0060814165e-07 
-3.1410723262e+27 
4.1674801636e+02 
1.9122690692e+31 
-7.5420832634e+00 
1.4767551000e+07 
-1.5250928590e+18 
1.7054976225e+00 
2.1111526781e+27 
2.4021886000e+07 
4.2636005928e+30 
-1.8191928999e+21 
-1.4655166497e+32 
2.6109310000e+07 
1.3756175221e+13 
-2.8700312671e-36 
-5.1760490052e-37 
4.8316229786e+18 
1.0149266381e+21 
5.5601669935e-09 
5.1007646720e+09 
-1.7532142405e-09 
5.7632143615e-38 
1.8513575898e-22 
8.9304255272e-18 
1.2223199482e+22 
-1.9969711995e-10 
5.6652935381e-13 
-1.2308014694e+12 
1.5842155986e+15 
2.2055716813e-01 
-9.9974833919e+21 
-2.9913538497e-37 
1.8745030400e+08 
-2.0945706251e-32 
-8.3621190283e-17 
3.7148206693e+27 
-2.2966858745e-01 
-1.1057172534e+30 
-4.2457363307e-21 
-1.0521956895e+30 
-6.9420722382e+20 
1.9070173141e+30 
2.2273116686e-37 
1.5307102967e-15 
-2.9025453329e-01 
-1.0918736026e-37 
3.7596583366e+00 
5.8247544832e+11 
3.4707317186e+16 
-1.7004865609e-20 
-2.3661779203e-09 
2.0254035789e+21 
-1.5151101253e-18 
4.4154542080e+09 
2.4627541279e-05 
-6.8849130614e+35 
-5.7700677569e-10 
4.1928148165e-26 
4.3402149233e+12 
1.9514801957e-32 
9.4162540000e+06 
-5.5104486644e-02 
5.8876171569e+36 
4.3035882894e-18 
1.0238725506e+24 
4.7112445719e+26 
-1.6396803815e+36 
-4.1622685514e-16 
4.3977882762e+15 
-2.1686291313e-18 
5.1132211229e-04 
3.2488683520e+10 
-1.3952935512e-15 
-5.9415813927e-26 
1.1720311523e+04 
-1.9660987022e-23 
1.3071573717e-13 
6.2423820677e-25 
2.7498153504e-03 
3.7813314288e+25 
1.6155881882e+01 
3.8415969082e-13 
5.7363415350e-33 
3.4136375486e-25 
5.4913752446e-14 
5.6651535971e-33 
9.7251525149e-03 
-7.5792422172e+20 
-1.6794134442e-12 
-1.6921018600e+01 
1.0034332796e-16 
-3.1516365742e+33 
3.2828664386e-17 
-1.2530534810e+11 
-6.4651958644e-02 
1.6504643280e-21 
-9.0432514498e-30 
3.9388057761e-35 
1.8242674255e+02 
1.6439502806e-21 
3.5848194251e-21 
6.6253060114e-18 
-3.4598365477e-29 
1.1237375200e-14 
-1.3574387210e-34 
3.9355322820e-31 
-9.5175235476e-31 
3.2836287683e-17 
-1.3354394035e-08 
-2.4302119898e-25 
4.7124917619e-03 
3.0425325879e-36 
-4.6852779388e+01 
-1.2836592565e-36 
2.9331118697e-12 
-4.4043486170e-21 
-3.0607727506e+19 
-2.2474023958e+27 
-4.9692412973e-36 
-1.6277459294e+30 
-6.0609367224e+22 
8.8078267182e+30 
-3.2658717500e+06 
3.7070809320e+26 
-4.1169097600e+08 
-1.6578509239e-03 
1.2459007214e+29 
-3.5062910157e+11 
2.0815151220e-04 
1.6371769894e+35 
-8.3487260636e+37 
-1.5735819718e-18 
-8.4628581750e+23 
-7.8480371154e-22 
4.6446375076e+12 
-2.1274425927e+22 
1.8524725130e-37 
2.3763730248e+14 
-1.3743760297e-10 
-1.0543154400e+08 
-1.6462731255e-37 
3.8140593415e+34 
2.7893882001e+32 
6.5439329280e+09 
-2.4912317645e+12 
1.4078200684e+03 
-1.1197277252e-28 
-2.6084606358e-36 
2.3423792203e-13 
-2.6736622897e-19 
9.4212060467e-25 
1.2515427215e+30 
-9.2420479241e+23 
6.3595596951e+23 
2.6604483288e-28 
-1.4044678349e+16 
1.9047138211e-35 
2.1548745600e+08 
6.4988483944e+13 
3.2496795000e+06 
-3.3954151721e+16 
-8.9745904000e+07 
1.8909469604e+02 
1.1622848438e+05 
2.0987738369e-26 
2.6648631995e-35 
-2.0963918535e-12 
3.1544194033e-19 
1.4713438975e-30 
-1.0820923000e+07 
2.8701789454e+21 
-2.3410230307e-24 
-1.7310372490e-18 
-1.8561313594e-37 
1.4427290092e-11 
1.6607731327e-33 
-6.7711155569e+12 
-3.4041469338e+12 
-9.6371484375e+04 
-3.4721705177e-37 
2.8824289590e-23 
6.0026834420e-18 
1.4191323406e-15 
-3.7415182064e-09 
-1.7059496875e+05 
3.9845316355e-30 
1.7922789605e-24 
-4.5799190218e-08 
1.1673337846e+30 
1.2239359736e-17 
-3.5413878235e-38 
2.1844887322e+21 
8.3037125752e+34 
-3.2600436306e+22 
1.3872957073e-16 
-1.3730516021e-25 
3.2821135206e+23 
4.4107366291e-32 
3.4519402349e-29 
6.5280760282e-06 
-2.2379163800e-10 
1.5045504005e+29 
-1.8811657480e-19 
3.0941113560e-10 
3.4320238830e+25 
1.8784702434e-06 
-3.6349575241e+16 
1.9769515049e+12 
-4.4043383431e+26 
-1.3339501059e-08 
-2.5271673964e+30 
-1.4733696844e-05 
1.8743084974e+12 
-4.4159760273e+19 
-1.2493936523e+04 
2.6137042411e-24 
2.7750936624e-06 
6.3393612309e+23 
-1.7684799869e+24 
2.5906559980e-27 
1.5940545654e+03 
-4.3984583985e+16 
1.9018514145e-16 
-2.0690680960e-19 
-1.2142361620e-29 
-4.2667708345e-26 
1.1261541835e-37 
1.6688913878e+18 
1.4616609889e-34 
-7.8815493907e-05 
-1.8408818869e-03 
-1.5968971200e+08 
7.5791968459e+17 
7.7975723328e-21 
2.2272095567e+27 
6.6297221348e-14 
-4.0113942390e-08 
-2.3506193730e+22 
1.8355804654e-09 
-1.3244901566e-37 
1.8585510902e-16 
3.4778717500e+06 
9.9668534892e-21 
-5.9151621549e+20 
-1.7356594838e+30 
7.3536294699e-01 
2.6451908174e+22 
1.6865843113e+29 
-3.6070839595e+18 
-1.0413473939e+18 
-2.5398372800e+08 
7.3192231348e-22 
-1.4887530770e+37 
-9.0598028387e+27 
1.2594474857e+15 
1.9695807838e+38 
-1.9946548584e+22 
-8.7210935442e+30 
3.4123471783e-20 
-4.8616167158e-02 
2.8157068053e+32 
-2.9288147317e-18 
-8.1829472000e+08 
-2.7663603638e-35 
9.9218134153e-08 
-7.7671245322e-31 
-3.0432920620e+33 
1.7698651433e-08 
-5.2533499684e-07 
9.4001165771e+02 
5.0106971042e+30 
4.1664585976e-19 
2.5354699434e+20 
-8.2950297223e+13 
-9.2913847766e-05 
-3.1368771747e-28 
-1.8714932336e-29 
1.3259585280e+21 
4.5682490432e-20 
-2.0215544434e+03 
2.2872630285e-37 
-3.1908077626e+36 
-2.2358338771e-34 
-5.9796024649e-30 
-1.5604983950e+25 
-4.9109945867e+25 
5.2008321509e-03 
4.6666479275e-13 
1.0235968095e+18 
3.0842767334e+02 
-1.3309591725e-33 
1.5908056155e-27 
-1.6308479826e-04 
-9.4173458638e-04 
1.2573759950e+35 
4.2717764282e+02 
8.9748971645e-33 
3.7206261158e+00 
2.7668857001e-06 
7.4509929047e+29 
-8.7325565144e-33 
-1.1116592535e-21 
7.3866802598e+22 
2.1096869172e+35 
-7.8660360649e+17 
1.5816420794e-25 
5.7582911628e-36 
2.0701545999e+30 
1.2395448438e+05 
-3.4220926464e-02 
2.8041769838e-05 
2.2685268050e-05 
2.4493097210e-36 
-7.5093642510e+18 
1.5705530606e+17 
3.3074300632e-17 
-1.9289951858e-09 
-2.0499204079e+18 
-8.9131285583e+19 
-9.8191902914e+32 
-1.9715511510e-23 
9.1998878836e-18 
-6.4946219117e+16 
5.6002343420e+27 
1.3784359085e-29 
-4.8430728606e-26 
1.0000286624e-02 
-6.1077802734e+03 
-4.0029401134e-05 
-1.2820763056e+36 
-3.4459663645e+23 
-1.3404840728e-38 
1.2504939792e-11 
1.3648983400e-23 
-4.8644246094e+04 
-5.9076063707e-27 
-7.3502488410e+22 
-2.4557627513e-29 
2.1489809453e-01 
-4.6074214574e-21 
3.1957440753e+16 
2.2131997500e+06 
7.1232652924e-27 
6.5460776012e+32 
5.1784048963e-33 
-2.2742671463e+22 
6.3509898473e+37 
-3.0137664295e+19 
-9.4433096228e-33 
-2.9855759531e-10 
-1.7405523686e-03 
-1.7547013355e+26 
-1.4728810527e-07 
4.2827347996e+16 
6.1139626380e+32 
5.5895145051e-03 
8.8064447021e+02 
-1.3671407624e+20 
-8.0823164827e-10 
3.0399699151e-25 
1.6493394861e+38 
-2.1842463013e-18 
-1.7738648000e+08 
-1.0122811523e+04 
-5.2004542874e+11 
-5.8708795000e+06 
6.6947477094e-28 
4.9513453375e+14 
-1.7044118819e+37 
-2.6487117405e+31 
5.0700017037e+17 
1.0046340692e+22 
1.2125225717e-19 
-2.9120149082e-14 
5.9990257221e-15 
-9.3168149413e+25 
-4.9579260000e+07 
-1.9945128399e-32 
-1.1510738659e-05 
1.3361998750e+06 
-2.3233756145e+33 
-4.0828661760e+10 
8.9873884332e+35 
1.4188416438e+31 
1.0725404705e+13 
-5.3056474317e+11 
-4.8454426787e-21 
-2.5843782910e+14 
1.8165810626e-18 
-1.4169772785e+24 
-1.5356708454e+11 
-2.2916561769e-13 
2.0491100114e-17 
6.9641430642e-37 
3.8049299225e-31 
7.6444773958e+25 
-1.4256994932e-27 
1.0385850800e-23 
-2.1433395868e-37 
3.9940441362e-13 
6.7024895671e+17 
3.3408276367e+03 
-1.5173643112e+01 
-7.1738601171e-11 
-7.3578116152e-20 
1.8578543178e+24 
1.1970777422e-27 
-1.1162078722e+26 
9.6374922221e-22 
3.9791021261e+12 
1.1693347079e+31 
3.7593793750e+05 
1.0914560547e+04 
            nan 
-2.5443696875e+05 
6.5893602976e+24 
2.2013134071e-07 
1.8671495461e-09 
9.7440605469e+03 
3.5702008000e+07 
-7.8309806768e-31 
9.6891814017e-11 
7.5452532050e+33 
-6.4670781250e+05 
3.7838793838e-37 
-8.9604249188e-32 
-8.5348874331e-01 
-3.0010618435e-09 
1.4735225293e-26 
4.0088675077e-20 
-2.5889286523e-22 
5.6027284509e+34 
9.9883476562e+04 
5.9335681915e+01 
1.7944624486e-23 
1.1970160161e-27 
-2.3450545438e-23 
-2.7724396102e-20 
1.6915985802e-17 
8.5545484375e+04 
2.0661210712e-20 
-5.5973823598e+19 
3.1560789786e+16 
-1.9862989968e+24 
4.2074205815e-19 
3.3632959239e-03 
1.7687857356e-36 
7.6854712303e+31 
-2.2041128111e-21 
-2.2508593308e+32 
-1.5920575209e-21 
1.2077715650e+23 
-2.3449309282e+13 
5.3277433262e-35 
5.8838653870e+29 
-3.2166506496e+10 
1.3376077576e-20 
-4.2685671664e-10 
5.7769742188e+04 
-1.3858427321e+32 
2.6175896875e+05 
-1.8122841654e-15 
3.1621855312e-27 
2.8927294001e+25 
-5.9453742188e+04 
5.9819958603e+30 
-2.3642054026e-12 
7.2011929902e-37 
1.9523977609e+13 
5.7022712000e+07 
5.9723587500e+05 
-7.7790655861e-11 
2.5044292403e+11 
1.3471284109e+16 
-2.2946409225e+01 
8.9523562929e-04 
-2.5279002380e+02 
1.6940711235e+38 
-1.4501004500e-18 
-7.4553788609e-19 
1.5952501545e+30 
2.3987701960e-32 
9.7387593089e+25 
4.5282600000e+05 
-6.6504499910e+35 
1.5022291336e-05 
-1.3364902670e+35 
1.1414710214e-34 
1.7515922544e+18 
1.7235607425e+35 
-1.4711657062e+30 
8.4842517494e-18 
-3.5420164112e+28 
-5.2655877880e-08 
8.3744921875e+02 
1.7106818508e-27 
-1.8826824231e+31 
-1.6475375000e+04 
-2.0971773444e-16 
3.3426122261e-33 
1.4773708147e-25 
-7.1816382198e-24 
-7.5599585073e+21 
-6.7042023571e+13 
-2.2613437737e-21 
1.6544227563e-25 
2.9046615837e-24 
-1.0495568563e+19 
-8.1640903851e-33 
3.9199144289e-31 
-9.2572958067e+33 
-8.7545686256e-08 
2.4922578319e+32 
7.7764784194e-21 
1.6363235574e+12 
5.2975586612e+23 
1.8673473200e+31 
-1.6281209810e+23 
-8.9950126080e+09 
1.0190470690e-10 
-3.6464916540e+31 
-7.6838303357e-05 
-5.1553854519e-09 
3.2373829122e-31 
-7.6159358907e-29 
-1.2547062500e+04 
-2.9206867900e+33 
7.4116487416e-14 
2.3576215562e-27 
-1.0308242454e-10 
-1.6542916600e+19 
-7.9888046665e+24 
1.0549414358e-33 
-6.3442968747e+29 
9.9701677181e+24 
3.3925813437e-01 
4.6457242188e+04 
1.7416135808e-12 
-4.1574943264e+17 
1.2114646875e+05 
-2.5608759211e-27 
-7.5607847133e-22 
-7.6963857265e+24 
6.0506631075e-22 
1.4950175835e+15 
-4.1743628253e-18 
-5.6563356429e-12 
-2.4203617490e-14 
6.1976146660e+22 
9.9682481038e+24 
-2.6682459284e-03 
2.1159125283e+27 
-7.5178250810e+22 
-2.4967794497e-21 
-1.8632302875e+35 
9.7809361244e+35 
7.1201733335e-23 
-5.7342927903e-03 
2.6661911433e+16 
3.0695461474e+29 
-5.1500105777e-24 
4.8588017726e+23 
3.3482891772e+27 
-1.0604069782e+13 
2.7342590625e+05 
1.1807247656e+05 
9.7230337230e+16 
-8.7952306819e-35 
-6.9221116031e+16 
-1.2649278000e+07 
7.3226929017e+31 
9.6436915827e+20 
3.3786401367e+03 
1.1752369818e-34 
3.7203950801e-34 
1.9414180756e+01 
-4.2444789415e+36 
-2.7032940544e+10 
-2.1346496875e+05 
9.2581013121e+14 
8.1112754427e-28 
5.7855022238e+27 
-8.6787582397e+01 
5.1105919496e-09 
8.9811019897e+01 
8.9415296745e+13 
2.4701860456e+37 
-4.8268243228e+30 
-3.6191104000e+09 
-2.1770533456e+32 
-5.7880123802e+11 
-1.8804480829e+15 
-1.7727397303e+33 
7.6637556701e+22 
-5.2818215579e-08 
-1.4799968038e+25 
6.0652317628e+34 
5.4874731156e+22 
2.3633591062e+14 
1.8995296025e+16 
-2.0570520555e-38 
-2.6502147853e-31 
6.4048918248e-33 
1.1568562651e-35 
4.3034429910e+28 
8.8704592283e-11 
-6.2379172665e+21 
7.8962253786e+36 
-1.7469097097e+29 
2.4001861006e-28 
1.9368384313e-22 
9.6165553298e-10 
9.5920934862e-29 
-3.5588261485e-01 
-5.6412512239e-24 
1.0653410527e-32 
-3.0982816219e+00 
-1.0645989645e-09 
-1.4425418170e-37 
3.4304797500e+06 
-8.8091365993e-02 
-5.4611568451e+01 
-1.7948143005e+02 
2.7108040936e+24 
-2.1559055167e-19 
-2.9067924195e+16 
-1.0529931788e-10 
-9.3771290829e+16 
-3.2103402045e+13 
7.2894713430e+13 
3.2416403809e+03 
2.7956661756e+36 
2.4885409289e-07 
8.4617363913e-34 
1.5860860285e-15 
1.7575680210e+37 
-1.5385045015e-38 
-3.0016330954e-18 
-5.9147033540e-17 
5.4097200083e-38 
-7.1354004806e-28 
8.8758711191e+24 
1.6668400601e-12 
-9.2314434814e+02 
5.7214710731e-22 
7.1408783242e-07 
-3.4016207886e+02 
3.4990903360e+29 
8.6990687008e-34 
-1.4813498438e+05 
1.7785962925e-08 
1.1926272280e-29 
8.2650147275e-38 
8.8502360995e-09 
-1.6173798940e-06 
-5.2321480482e-11 
3.8167089224e-03 
-1.5783971352e-12 
6.6467402044e+16 
-7.0378341944e+29 
3.3051324864e-19 
-6.5249247489e-20 
-2.9033008726e-28 
-6.4962756382e+27 
-4.4257077251e-32 
4.2332514947e-29 
2.6771710594e+14 
-8.1598266806e+33 
4.7875733982e+20 
-4.3408780800e+08 
-5.6623546919e+14 
-4.6385391188e-12 
-1.4391089272e-30 
-2.2727716292e-20 
-8.1576491474e+28 
2.1329728244e-16 
7.2428516770e-17 
2.8204560280e-02 
-2.3636737911e-26 
-1.2012214682e-15 
2.7885107556e-06 
2.6528067203e-28 
2.3703281250e+03 
5.8454504899e+15 
1.7105221748e-02 
-2.6682914267e-17 
4.5282074254e-37 
3.4343256724e-26 
3.4223175049e+00 
3.2957879924e-16 
-7.8799906587e+30 
-2.2346928463e-21 
3.6762884025e-23 
3.3999197225e+36 
6.8621724969e-10 
-1.1086271523e-24 
-4.3741656555e-05 
3.9733377948e-38 
-2.0688083029e+15 
9.4768115234e+03 
3.2336228695e-34 
-1.1667654326e-04 
-1.2009569529e-37 
-2.5817983089e-21 
9.5383144915e-02 
-5.3505738281e+04 
-6.8393192903e+32 
1.7973202677e+33 
-1.6449899292e+02 
-2.8950955192e-38 
2.9146083201e-39 
-8.9966686878e-11 
-1.4679312247e+34 
-7.6740306244e-35 
1.1336815994e-22 
2.5680521714e+17 
-3.6380061982e-31 
-3.4990498424e-01 
2.0010934434e-26 
-4.0746735847e-11 
-2.2519969280e+09 
-3.1318513211e-03 
-1.8288210060e+32 
1.7875192449e-25 
2.5112804282e-18 
2.1017969630e-05 
-4.9350040675e+29 
1.3968259900e-26 
-1.9099636702e-03 
1.2267157443e+25 
-2.4232065340e+21 
6.7194771313e-26 
1.6728391125e+26 
2.2577292255e+29 
-2.2514705802e+38 
7.6474555000e+06 
-6.6626481291e+13 
-1.9858165855e-29 
-2.2137106018e+24 
-1.7310858154e+03 
-9.3062657436e+34 
-1.5985329727e+14 
7.0886089380e-25 
-1.9637508840e+37 
-9.9143537826e-27 
-1.2206629683e+11 
9.6889257987e+26 
1.2440949998e+33 
-3.5605875310e-03 
-8.5494272014e-27 
3.1455243476e-16 
-1.5603543245e+11 
-3.8090444846e+30 
-3.9672686959e+30 
-7.3565988454e+11 
-1.0419986897e-16 
-1.7423283302e-11 
-5.7570559904e+37 
-2.6998375741e-31 
3.4179112882e-39 
-1.1187666655e+00 
6.2162164852e+32 
-2.8345797362e-21 
-1.0811808739e+23 
-7.5014482328e-30 
4.5420030946e+18 
-2.5592748407e-11 
4.6180611418e-11 
            nan 
-3.4956442660e-20 
-3.1260464000e+08 
-1.1253774816e-22 
7.9212415277e-28 
-1.0322408702e-16 
6.3052314634e+16 
-4.7725441377e-09 
6.7610096000e+07 
-8.3514663856e-04 
1.2530911920e+19 
1.5279250059e-33 
-1.5747419434e+03 
-6.1202331723e-14 
-3.8477779846e-32 
9.7537166612e-38 
1.1033746084e-36 
-2.0075848657e-22 
5.2908829654e-28 
5.7801563556e+35 
3.8842581179e+35 
2.5957078176e-30 
-3.7007742188e+04 
-7.7652953736e+18 
-1.9958849996e-02 
5.9089507581e-33 
-1.3780744076e+00 
5.3381758603e-29 
2.4605096875e+05 
2.1530473729e-16 
-3.0755793750e+05 
-8.5217845934e+30 
4.6941944000e+07 
-7.2707325156e-26 
-6.0140982562e+18 
9.6785794302e-21 
5.3888653564e+02 
-6.0236562756e-16 
-1.9314813614e+01 
7.5685866836e+24 
-1.2838919373e+11 
8.0901924049e-11 
7.5149377170e-29 
2.1143309021e-19 
-8.8677096497e+30 
5.6003832973e+34 
1.5633205000e-31 
-8.4408752237e-32 
-1.7944761963e+03 
-2.2361112500e+06 
-2.3018950596e-02 
-2.2838202603e-16 
-1.8061172450e-03 
2.2462127337e+30 
1.9173607081e-31 
1.7807105124e-08 
4.2341652136e+29 
1.2515508956e+26 
-6.3270710000e+06 
2.1016754265e-19 
-2.3156622476e-38 
6.0717383151e+28 
-1.0257910120e+24 
-1.0375570625e-08 
-1.3386977728e+29 
3.0360865593e+00 
7.8676847863e-28 
-2.7287786093e+17 
7.8178291200e+08 
-1.1057181991e+17 
1.3335885969e-19 
-1.4614885572e+31 
-1.0904467456e+10 
1.3533563603e-08 
4.0653459728e-02 
2.6020988000e+07 
-3.6158293504e+15 
-8.3466109024e-11 
8.3957295865e-03 
2.0842721313e+14 
1.6833760772e+28 
2.3255000678e+11 
-1.4759316639e-31 
-5.9096471962e+11 
-1.6200496579e+12 
3.2288576476e-03 
-2.2834416762e-17 
-2.0939145179e+20 
-3.1446112230e-33 
2.5280104490e+16 
5.4694466494e-21 
1.2728113157e+29 
7.2432287241e-29 
-2.6728314209e+02 
2.6596152682e-15 
-2.1950704870e+30 
-4.3757331385e+24 
-1.2978925164e-33 
-2.4793124469e-15 
-3.0753368760e-27 
4.3545161453e-18 
-3.4075410804e-04 
-1.6684431496e+24 
2.3057740167e-31 
-1.3628798115e-05 
1.2492793260e-25 
-1.4931950684e+03 
-2.5007319724e+35 
3.2495423019e-10 
-2.8257622403e-23 
-1.5235606346e+25 
2.1885868118e-10 
3.7728389302e-09 
2.9234972866e+23 
-4.2721934973e-29 
9.7425561398e-03 
-2.5587674230e-02 
-3.1795627471e-18 
-1.6303860154e-18 
-1.3267910617e-05 
-1.0071203840e+11 
1.8699620845e-12 
3.1638318080e+09 
-1.2577231398e-14 
-8.0357463644e+31 
3.2574272901e-36 
-9.2119370258e-25 
-4.6571192320e+12 
3.3700209282e+38 
-7.0875541079e-34 
-8.9094787500e+05 
-1.0151395128e+36 
-4.2319523345e-05 
3.3158688345e+15 
1.5398950200e-04 
2.5586550603e+24 
1.5930859166e-27 
-5.7227511845e-36 
-9.3815090634e-35 
2.8730700273e-14 
2.4473755000e+06 
1.6343781352e-01 
-2.0652854477e+11 
-5.3844242188e+04 
1.2192692312e-20 
-3.9308651520e+09 
-7.1885626697e-31 
4.6688557697e-14 
7.2666713600e+08 
2.0691174063e+15 
1.2223757500e+06 
-1.1183350469e+19 
2.6793092489e-01 
-3.1154184946e+25 
2.8887480852e-08 
6.1184453530e+29 
1.5064512731e-15 
-5.1911363428e+18 
5.5596697929e-25 
4.4142469831e-15 
-1.2110184133e-01 
-1.4079559570e+04 
-2.9047251360e-07 
4.0733404853e+35 
-3.7826969219e-06 
3.7254404918e-17 
-3.9350967407e+02 
5.9036126545e-25 
-2.8360812505e-13 
-6.8861525371e-09 
-1.2957711860e+13 
1.0060349731e+03 
-1.3944980138e-29 
-1.0823455577e-37 
-3.6735028175e-07 
1.7734960928e+19 
-6.6128718429e-37 
2.5951245255e+22 
6.7464428711e+02 
-3.2305564877e+11 
2.0211656446e+38 
5.5770444530e+28 
-9.2848758955e+22 
7.4967086489e+15 
-5.8197287555e+27 
2.9035500787e-24 
-9.5450509084e+35 
-1.1918689075e+11 
1.8759055436e-01 
-2.8945587767e+23 
-8.7637499052e+14 
3.8183858089e-25 
5.0302816426e+22 
2.3096325631e+22 
6.2189658912e+35 
-1.3436210703e+31 
8.8669421750e-27 
-3.3538047862e-17 
3.1402002263e-34 
-2.5205140685e+11 
-7.7780607265e-35 
-4.0484196352e+10 
5.0510684606e-34 
3.6294967032e-08 
1.8461225124e+12 
-1.2663726895e-23 
2.5985640605e-05 
1.1633092646e-25 
2.4580315000e+06 
2.3662914560e+09 
-1.5223675543e-21 
2.3077756000e+07 
-8.1615496583e-07 
1.5593990907e-27 
-2.0109775987e-22 
9.2682080600e+36 
-3.2327359822e+24 
1.8234625269e-28 
3.1335615761e-33 
8.7831630668e-28 
1.3499562186e-14 
-4.2393620316e-20 
3.7219039854e+22 
-1.4754348664e+24 
4.7833770957e-31 
1.8751479322e+16 
-9.2879912095e-11 
-4.7544557447e-07 
5.8681187500e+05 
3.3757917583e-02 
3.5696460425e+31 
-8.9766410322e+13 
3.1086713867e+03 
-2.6646396000e+07 
4.5389742188e+04 
-7.4540748690e+19 
1.6463255035e+24 
2.0024737959e-26 
-1.3807364212e-06 
-1.5380713810e-26 
2.4949102465e+23 
-3.8414924988e-31 
-1.4980496417e-05 
7.6457910000e+06 
-1.3158795283e+22 
4.4746079962e-32 
6.2333732605e+01 
1.4002519630e-11 
8.0990207195e-01 
8.8414508355e-06 
-2.6644199318e-37 
-5.8732948168e+25 
-1.0666531956e+29 
1.5140985839e+20 
-6.7920689162e-07 
-6.4774035491e+25 
1.0026311248e+24 
2.0541915136e+11 
4.0057199526e-37 
-6.0895927734e+03 
-1.7553773940e+37 
1.3329780561e-30 
1.2870068732e+13 
5.2490703406e+21 
-3.4331386475e-13 
-7.3363427734e+03 
6.6862895429e-12 
-4.0189200709e-13 
-1.5058981934e+03 
3.3421833049e+26 
1.3828342831e-37 
-7.0690603256e+00 
4.4988918131e-35 
1.0257162380e-19 
-1.1383172932e-23 
-1.4935224056e+00 
2.0885922822e-06 
-6.6627613834e-28 
7.7326225060e+19 
-1.7959197426e-29 
-2.8469751808e+10 
4.6368496260e-04 
-5.8590322072e+17 
9.1604571790e-03 
2.1011533834e+38 
-2.4735625874e-12 
5.3048735640e+19 
1.1768750904e-11 
1.5369697280e+10 
6.3511248669e-14 
1.1822506825e+29 
-5.0174122888e+37 
-1.3061253401e-27 
2.1392292483e+33 
4.1709086029e-37 
1.0587145890e-33 
9.3952693068e+16 
-3.2525449673e-32 
-8.3620409135e+29 
-2.0042632659e+15 
-4.5073682270e-20 
6.3520945000e+06 
2.8456711426e+03 
2.2415167686e+18 
-1.1668485120e+10 
3.4106832398e+21 
-6.9249797953e-13 
-8.0761588835e-26 
-2.0030118109e-31 
2.4391646236e+29 
-1.0753465271e+02 
-3.6127603084e-27 
-3.9771879913e-36 
3.3584826808e+23 
5.9425883052e-20 
-7.8801800490e+32 
5.0414819890e-30 
7.4560184324e-32 
2.9273293345e-35 
4.8083747850e+31 
3.9224694456e-13 
6.3105459620e+36 
3.4403707886e+02 
-9.3803091049e+00 
-2.8779976666e-11 
4.2624494733e+36 
-1.8494782177e+12 
-5.6598384857e+01 
-9.9935980802e-19 
-2.4954508245e-01 
-5.3763156068e-32 
5.8345534626e-07 
-9.6231353552e-08 
1.0012087428e-17 
8.0241121645e+18 
6.9893738150e-13 
-5.4825758146e-33 
-5.7849815076e-31 
-8.2681688605e-26 
-8.2670053857e-30 
9.2934202704e-29 
4.3323796875e+05 
-2.6102125193e+14 
1.3988632541e-25 
1.0275186322e+21 
-1.0867675184e+19 
-7.6531979641e+18 
1.3119496316e-06 
6.8283839276e+31 
-1.8386987421e-31 
-2.5487205505e+02 
-4.7073678289e-11 
2.3064444576e-08 
-2.7295376998e+11 
2.1497817835e+27 
1.0767354874e+33 
-2.1877232939e-04 
-2.6057575531e+25 
-3.7792294944e+37 
1.9452594749e+12 
9.2012080815e+16 
1.6863155430e-16 
-2.0674320000e+06 
-1.1841560379e+13 
2.9839138733e-06 
1.2701102109e+23 
1.4207273580e-08 
2.6006898438e+05 
4.6594326094e+32 
3.3540914983e-28 
3.3078365326e+01 
6.1040469263e-25 
-6.6988746643e+01 
-4.0298858189e+35 
-3.6699479818e-01 
1.0165166110e-01 
3.1185594853e-03 
-9.2844346215e+36 
-1.1017119506e-27 
-4.9257184176e+23 
6.4783018274e-23 
-6.9995883135e+13 
-5.0464969600e+08 
8.1953585952e+37 
-2.4664372612e-19 
6.2049250603e+00 
-3.9937770972e-12 
1.2911057778e-09 
1.0538707845e+13 
-2.8431641988e-20 
5.9888587768e+14 
8.7863614853e+16 
3.9170924650e-20 
-2.4469457395e+22 
5.2398593737e-33 
-9.0309749794e-06 
1.4594602748e-27 
-2.4438020294e-26 
-2.2016623629e-30 
-3.9148630000e+06 
-1.6037488414e+15 
3.4610056255e-19 
-1.3716899760e+17 
4.9567677962e-08 
4.6810666023e+15 
1.1535542994e-23 
3.0646304275e+15 
-2.1636297813e+23 
1.6787450932e-06 
2.4810806298e+17 
-5.0679876709e+02 
-1.4263013990e-30 
1.0646951953e+24 
-1.2074302231e-38 
-3.3485584996e+26 
-7.7049762812e+30 
1.3410941612e-27 
4.9601356734e-29 
-2.5086518377e-02 
8.0221984163e+30 
5.1040517195e-32 
9.0944238464e+21 
-8.5836079618e+26 
-8.7399035232e+29 
2.5709842326e-32 
-5.2359132611e+13 
-2.9458269471e+12 
-7.4258208024e+30 
-2.7223262560e+30 
-5.2970690918e+02 
7.1483725934e+18 
8.8965404076e+23 
1.6046504974e+01 
1.0967306732e+12 
1.3784382000e+07 
-8.2617468638e+18 
-7.4710018987e-13 
3.5275367638e-21 
            nan 
-5.9804924011e+01 
-5.3062068903e-31 
3.5775178671e-01 
4.5136207872e+10 
8.7588330189e-07 
6.5958865884e-17 
2.4412327482e+31 
3.9232219903e-12 
-2.9144569889e-15 
4.2773463337e+16 
6.8888281581e-13 
8.2361203432e-01 
-2.1279861434e-21 
8.9536124029e+33 
-9.8477958228e+17 
3.9024828584e-04 
-1.1583086880e-16 
1.1529669567e-32 
-1.5554109000e+07 
1.7545432700e+25 
-2.3551344640e+12 
-3.6307021484e+03 
-8.0591446075e-18 
2.8353144000e+07 
-4.1565756959e-16 
2.0150835427e-20 
-2.1354598726e+20 
8.5750073195e-02 
-7.1338018826e-11 
5.2921264043e-38 
-1.0997533142e+18 
2.7148823822e+15 
-5.0886726425e-36 
-6.0001652449e+18 
            nan 
3.0423269237e-08 
-1.4098006887e-13 
-9.7438683628e+12 
6.4105227801e+32 
-4.0882709882e+14 
-1.2317616990e-26 
1.1349905315e+18 
3.5332703367e+24 
-3.9448820729e-13 
7.9866918495e-28 
2.2890509928e+18 
-2.2130471826e-13 
-3.3001858138e-31 
3.0298240126e+15 
-2.0577581306e-10 
-3.1727560950e+14 
2.3362076290e+22 
-4.6138362228e-12 
3.2105799659e-33 
-3.6975242240e+09 
7.6983098515e-21 
5.7950124741e+00 
-9.0653837904e+26 
3.2874044109e-07 
4.7405586656e-07 
-2.1583072887e-15 
2.1227946225e+35 
-1.1846194150e+22 
-1.8673616357e-15 
-1.1721265600e+08 
1.5366717492e-32 
5.1897209167e+01 
-1.3062407485e+20 
-4.2170800561e+21 
-3.8073764881e-04 
1.0351070413e+13 
1.7792964324e-10 
6.5778718960e+25 
-2.9635169874e-09 
5.1269023408e+28 
            nan 
-1.4523915524e-05 
3.0366076000e+07 
1.6007443031e+37 
-4.2693859339e+15 
9.2439351963e-22 
3.6917380264e-09 
8.3866488934e-01 
-9.8283430912e-40 
1.7415183601e+36 
-3.3440022032e-23 
-2.2285242317e-22 
-1.3472126112e+38 
-6.8496105101e-18 
7.8447410471e-18 
5.3736559646e-10 
5.1344593750e+05 
-8.7523858190e+36 
-2.1923405861e-34 
3.6967822761e+24 
1.3660799426e+29 
-9.8021772800e+08 
2.6041899304e-08 
-1.4818444274e-37 
3.8628128630e-30 
-2.2990854963e-26 
2.1491781688e-09 
9.0957145705e+29 
7.4646982830e-04 
1.6972420034e-16 
-7.8248678372e+20 
4.0882367564e-31 
7.0855333049e+18 
5.1436792889e+36 
4.6740629862e-25 
-9.8019453998e+31 
-9.9903187806e+18 
-8.8153672095e-07 
1.0603359630e+23 
-3.9149101946e+37 
1.5866065379e+20 
-1.0001342000e+07 
3.5400138855e+01 
2.8473888136e-08 
-1.9912411192e-23 
1.8892135498e-37 
-1.2163824463e-37 
-3.3055794286e-16 
-1.3999099457e-37 
-1.2685614278e-12 
3.3184498704e-08 
-1.8847721262e-19 
-1.3881442317e+21 
5.5529090084e-26 
-8.0140307910e-14 
1.4116242406e-15 
-2.8112220774e+31 
4.8474213114e+21 
2.5080288760e-03 
4.3164205263e+29 
4.1568602631e+28 
-5.9626656025e+25 
-1.1289835802e-17 
6.5131198476e-19 
2.3340814998e-35 
-1.8582371094e+04 
-1.2295348438e+05 
-8.8287392248e+32 
6.2557934093e-13 
-1.3547294657e-04 
6.4570438470e+21 
1.0387866712e+24 
-3.6875930317e-22 
3.3086197627e-26 
2.7506962975e-14 
3.6999614067e-33 
8.8702262707e-26 
-9.1708401201e+18 
4.9178455812e-18 
-1.1136046308e+27 
1.1306453111e+20 
4.4383543583e+23 
-8.3877583248e-26 
8.0949271480e+27 
-2.0292865886e+28 
-2.1647792815e+27 
2.7280919254e-02 
-4.1647296511e+21 
-7.8276098292e-31 
4.7798894261e+25 
8.1630643200e+09 
1.2434826898e-38 
5.3156903991e-25 
3.8144166217e-22 
2.3465915392e-36 
1.1143731870e-37 
-8.5980134255e+16 
1.4481971390e+18 
5.7004616139e-08 
6.3664307397e-18 
-7.7030417742e-04 
-1.2096352889e-23 
2.4653464345e-30 
-2.3616094621e+23 
1.7609961978e+34 
9.2603587500e+05 
8.1150940141e+28 
8.9681584718e+13 
2.9380220000e+07 
1.2478251777e-28 
1.2581590340e-26 
2.2364582388e-20 
-1.2100515887e-02 
4.2567007666e+23 
5.9989002006e-22 
-4.1496319800e-30 
-8.2375706667e+29 
7.1689926147e+01 
2.3547812206e-35 
-1.3567329829e+13 
-2.8560193750e+05 
2.7661557252e+34 
-1.3843809128e+01 
5.4398200000e+07 
-3.2110029130e+15 
1.0014144756e+25 
-3.5090848413e-13 
-4.1263463431e+15 
-8.6951178240e+09 
9.3719052074e-07 
2.6726976188e-08 
-1.0038246276e-11 
4.3457017529e-38 
5.5176469259e-26 
-2.4421371626e-22 
-5.0413328799e-29 
-5.3377382457e-02 
2.1921233717e-09 
-2.1901255115e-11 
7.9552066326e-01 
-6.9192599596e+15 
2.0595895636e+35 
1.1154452505e-32 
-1.4167233958e-29 
-2.3457663967e+16 
9.7794490796e-31 
1.9964150652e-34 
-2.2708100261e+17 
1.4681789321e+20 
-2.0645113223e+16 
1.8574747958e-30 
5.2875239448e-20 
1.4473489681e-12 
4.6147080601e-10 
2.6625469440e+09 
-2.1643408202e-18 
4.2707950518e+22 
-2.2789498217e-26 
-4.4098909242e-18 
5.9447796394e+25 
-8.8794675741e-23 
-3.6333664106e+18 
-8.0879985376e-08 
4.4325959569e-10 
-1.0356722400e-02 
1.2167539597e+01 
7.1011504765e-16 
5.8525153111e+31 
-1.2170938011e-25 
2.9640236204e+13 
4.9956519715e+18 
5.9848014189e-07 
-1.1982981881e-12 
6.8548825494e+20 
-5.0393060091e+36 
1.0470022949e+20 
-1.4522159073e+29 
-3.1617695640e-05 
5.4615145473e-07 
-4.2231492339e-40 
4.8248193750e+05 
5.4710826589e-06 
1.6681334784e+10 
1.9290036979e+26 
-7.7983166641e-23 
3.5518083192e+21 
1.8058693595e-32 
6.3009753418e+02 
5.2412845486e-20 
6.8437769542e+21 
1.9501954560e+09 
3.7367257324e-20 
-9.3775378418e+02 
7.0204083721e+16 
1.0095662842e+03 
-6.3907210567e-34 
-2.9947310597e+21 
8.6873803418e-17 
3.0346796943e-21 
-1.7461325684e+03 
-3.7849626660e-35 
-2.1071916046e+19 
3.3155029754e-31 
2.5666676300e+36 
-3.7923242188e+04 
6.1894911590e+11 
-1.7504096905e+32 
-9.0344976468e-29 
-5.1093128902e-21 
2.7971770849e-17 
7.8134187198e-37 
9.7732915094e-08 
2.7332023926e+03 
1.7018284822e+34 
2.9572559667e+11 
1.3651288490e-38 
1.6584643381e-38 
2.5313681915e+22 
-1.3847264976e-14 
-2.0249649242e-04 
1.7923517166e+25 
3.6384964057e-38 
-4.6569232693e+20 
1.4674181259e+27 
-6.1827759912e-36 
-1.7357571923e+23 
4.1479418690e-24 
-2.2108267398e+22 
2.7675302287e-19 
-1.6401125594e+26 
-7.8236973138e-31 
2.5652769615e-22 
-1.3805815642e+24 
4.2666087024e+32 
-5.6204020000e+07 
3.9168643958e-18 
-6.9017295953e+18 
8.8881411507e+15 
-6.4707006472e+29 
3.8330738281e+04 
-1.0197439294e-19 
-8.6771131211e-26 
6.1881543445e-08 
1.1202352653e-05 
-6.9511372660e+24 
-4.7458298190e+25 
-2.8366114871e-37 
5.7769279480e+01 
-5.1919061202e+14 
-2.3645302653e-01 
7.5347803127e+15 
-1.3516200950e+22 
1.1261834929e+21 
1.0868960604e-27 
-3.7449798584e+02 
3.0216945023e+28 
-2.1380329472e+10 
-7.0929739569e+22 
2.2482718341e-03 
-2.6361154588e+31 
-1.8927319666e-15 
-2.8640995424e-21 
1.7540603556e+19 
-1.3205471575e-20 
-6.6283228962e+37 
3.5955537762e+16 
-1.0342358750e+06 
-4.3747933054e-10 
7.0684118150e-21 
-2.5810611703e-38 
1.0198927272e+37 
-3.4649327681e+37 
-2.7645677328e-01 
-2.1738759293e+20 
2.2286598204e-17 
-5.1891349792e+01 
-2.8331040965e-28 
-9.0162540000e+06 
5.4488214270e+16 
-4.6460935367e-29 
5.9029778640e-05 
-9.8237097168e+02 
-4.3322547284e+33 
1.0351596400e-02 
8.0200302275e+18 
-7.2265220096e+10 
2.3297338867e+03 
1.8823036000e+07 
1.5924707533e+38 
1.4433638237e+22 
-1.3856264701e-14 
-1.4054187336e+12 
-6.4877103304e-38 
9.5354863616e+10 
-3.1166252800e+08 
1.9656978686e+37 
2.0659807864e-30 
2.2189985154e-23 
9.6067613702e-39 
-2.3528216453e-29 
7.5149768932e-16 
4.5209707750e+29 
-1.4272975065e+20 
5.9155645731e-19 
-9.3848056707e-36 
-3.6694282732e+12 
8.1749987500e+05 
-9.8669388632e-12 
3.0221339315e-02 
-5.9496630000e+06 
-4.0543345433e-35 
2.2003053741e+21 
4.6062001964e+30 
-1.5315455067e-12 
2.6647181511e+00 
5.0154886519e-23 
-1.4466509286e-38 
1.1246228661e+23 
-3.0821452550e+31 
1.5896655360e+09 
1.5178034702e-22 
-3.5257609491e-28 
1.4324988903e+13 
-6.6805307033e-32 
-1.3029576231e-30 
-1.0231701283e-13 
-1.5550231934e+03 
7.5354324992e+10 
1.5195735614e-04 
-9.4043212656e+22 
7.4973427734e+03 
-2.0481660217e-27 
-8.9039557476e-18 
-6.9997539482e+23 
-4.7546070489e+20 
3.5968663603e-09 
4.6629486084e+02 
-7.3168482384e-10 
-9.7238659668e+02 
6.5224853074e-08 
8.8677541044e-07 
1.5785796859e+37 
9.0607476562e+04 
-7.2188192891e-35 
-1.5451611464e+13 
-3.2588823536e-37 
9.9833649513e-20 
-6.4289257862e-03 
-2.7321967952e-18 
-1.1916729212e+00 
-4.1465954476e-13 
-2.4119458349e+23 
3.1666379935e+34 
-1.1050925446e+02 
1.5171824226e+17 
2.9245143728e-23 
3.1230001754e-26 
-7.4971172026e+31 
1.5067025244e+12 
-9.4920811338e+17 
6.9229032000e+07 
-4.6269549050e+27 
2.2777297014e+34 
2.4378004060e-09 
2.7886698921e-25 
1.2429648200e+12 
6.5153867006e-01 
5.5456212866e+34 
-3.3120231358e+13 
-8.1285616000e+07 
8.5045394897e+01 
-8.8010240000e+09 
-2.1426346573e-26 
-7.9140920639e+00 
-1.0171359943e+23 
-3.8353151083e-01 
-2.0704079993e-19 
6.8395002434e-20 
-1.1456282154e+26 
-1.6093246000e+07 
8.2527676334e+16 
2.7713410847e+33 
-2.4132187333e+30 
6.1569319537e+25 
-7.0761987500e+05 
-8.9627927988e+28 
1.4097795243e+21 
-1.3118505746e+13 
1.7888294503e-20 
-7.8182149120e+09 
-5.5486500811e-11 
-6.4504060000e+07 
-1.7406995766e+35 
5.2653852657e+28 
-2.9239911825e-08 
9.6196817179e-10 
1.3414759620e+23 
5.2088075373e+28 
-7.6838882475e-31 
-7.0754026638e-06 
1.8302199169e+33 
-7.4808478583e+25 
1.7773780883e-06 
-4.3322946520e+33 
-3.4011316964e+31 
3.1392764800e+08 
-4.6725208092e-36 
4.1488932533e+35 
-6.1310204000e+07 
-2.9946884678e-30 
3.2747360379e-11 
-3.7149232627e+28 
-7.6832715422e-05 
-1.1201278053e+24 
-7.7835741324e-14 
-2.3526721634e-05 
-2.8365113012e+18 
-2.4085781250e+03 
-4.5044622099e-36 
-3.1384973314e+22 
4.2071648113e-33 
-2.0010047592e-05 
3.1728584274e+24 
2.6114074725e-24 
4.5559302721e-21 
-1.1926067524e+33 
-7.6220580010e-23 
1.1364010763e-30 
-1.8370099293e+24 
-5.1389624484e+12 
1.3475950844e+35 
-1.6600373719e+25 
7.6630449075e-27 
5.7087949819e-12 
-5.1905543341e+34 
            nan 
7.2651897253e+16 
-4.3115494443e-33 
-6.6931160656e+20 
2.5489872435e-09 
1.3167490120e+18 
3.6840826416e+02 
-1.0147661824e+10 
-3.0474783444e+21 
3.5068911133e+03 
8.7902900440e+23 
-9.8728375465e+20 
-2.6476069435e+26 
-3.2653278234e+27 
2.7009404221e-05 
-4.2538642747e-11 
3.6278277279e-20 
-6.8831471206e+11 
1.0844115237e-31 
1.9379967076e-10 
1.8210162500e+06 
-1.6139880448e+10 
-2.4188557073e-35 
1.7356101083e+25 
-1.8661042500e+06 
1.8514314402e-35 
6.6173055008e+25 
-2.7831329141e+36 
-4.0356541636e+20 
2.6260817946e-20 
3.4466014569e-13 
-4.3538397926e+37 
2.1304548156e-37 
-4.2967937668e+30 
1.2246601781e+29 
-5.3165204823e-02 
-7.0357768510e-32 
4.0674666123e-15 
-2.2104552388e-01 
-2.3205641657e-02 
-1.5122889802e+30 
-5.3309500843e-17 
-6.8141485843e+31 
-1.5693382593e-03 
            nan 
-8.0613784790e+01 
1.5402568465e-07 
8.6649642760e+34 
-9.8586806946e-25 
1.1090473862e+36 
-4.0130215817e-10 
6.5322751066e+19 
-1.2817464171e+25 
1.9655004821e-34 
9.6307144165e+01 
-3.7390972924e-29 
3.9775059804e+24 
1.2972177938e-02 
-7.5008515625e+04 
4.9291968077e-12 
1.9785795862e-23 
8.1297256205e-26 
-4.8761959353e+22 
2.6531763200e+09 
-4.1401783260e-13 
-6.3053572372e+18 
1.6095748096e+11 
2.6083761075e+18 
8.7076959229e+02 
2.1360812251e-38 
-1.2555466355e-06 
-1.0525151449e+37 
8.8668069221e+28 
-9.0395458043e-02 
5.0553436218e-37 
-9.2038835795e-21 
-6.3363701202e+22 
1.4622881601e+25 
-2.4536254883e+01 
-3.0349822971e+26 
1.3448876418e-32 
-5.7519397245e-08 
8.9902386069e-02 
2.4734201856e+10 
-5.6982667595e+26 
3.4407560402e-15 
6.0352543111e-27 
3.7583704850e+31 
5.1532268979e-38 
7.2385383625e-27 
-5.8064687500e+03 
-2.7446492405e+32 
-1.1551803391e-34 
6.6978856921e-04 
-1.3808671875e+03 
-1.6220064895e-26 
7.6254788736e-30 
-1.7268633600e+08 
-4.5235239807e+14 
3.9682373047e+01 
-5.0943399012e+31 
-4.7408847258e+11 
1.3353526592e-02 
-1.7108689106e-17 
-5.1503011491e-06 
-1.2923327729e+24 
-9.3900964682e+35 
1.1146350217e+32 
7.5949132442e-03 
4.4140157284e-28 
-6.0852317244e-21 
-1.5857577324e-02 
-1.1259550000e+05 
-1.3985341373e+23 
1.1825391192e+38 
-2.4428445613e-06 
4.7348737717e-02 
3.3736083984e+01 
1.4199429188e-08 
9.8912522617e-10 
-2.7470294919e-15 
1.6341247647e-38 
-9.4558583186e-11 
-1.2437449186e-06 
-5.0050816000e+07 
1.0314556021e+35 
3.2172991722e+28 
2.2524731397e+36 
-4.9412376668e+32 
5.4930584799e+21 
-2.3968363925e+17 
1.0797456603e-28 
-6.7656679388e-35 
-9.5373614278e+14 
1.7894505322e-12 
-7.6917480469e+01 
-8.3852971822e+20 
-1.3612320155e+38 
3.1059546211e-15 
-1.3105244018e+17 
9.8057830400e+08 
-3.1817227680e+19 
-3.4264046497e+15 
-1.3035812946e+12 
-2.1668541508e-29 
1.7713807816e+32 
-1.1526014501e+13 
-7.5039034573e+11 
-2.5872343750e+03 
4.8768334091e-04 
1.3994000728e-15 
-4.5876023157e+18 
-8.2117955043e-27 
-1.8217228513e+33 
-5.7310436616e-28 
1.1909292996e-12 
2.8993096056e+36 
2.2127056122e-01 
1.8049642382e-23 
-2.0983062725e+15 
3.0771886495e-38 
5.1146140322e-05 
8.0623741555e-28 
-6.2788952618e+34 
-2.7106843034e+11 
-6.3704777009e-38 
-1.5744419102e-09 
3.7227670762e-37 
-7.6564200023e+26 
-5.6217959931e-37 
-2.9987480962e-18 
7.3832008094e-37 
-1.8068362806e-08 
-1.2886746025e-18 
1.2409425101e+11 
1.9688021421e+38 
1.0955047684e-17 
-5.6773954933e-20 
-2.5627807617e+01 
5.8236204771e-31 
-5.1783881600e+08 
-1.8002346488e+18 
4.3400342932e+23 
-1.3128943474e-18 
1.2814594048e+11 
-1.6487764658e-13 
4.0337590156e-36 
-5.2370411094e+13 
2.1425761812e+12 
-1.6520103854e+12 
7.4124475000e+06 
4.7540743992e-14 
-1.5790050387e+22 
1.1698593664e-21 
7.9557868323e-38 
-2.0858101023e-19 
6.6368070293e-06 
4.9132346708e+35 
7.0185448000e+07 
-2.4237661438e-14 
9.2141259687e+17 
2.7500949389e-24 
-2.0119147433e-16 
-2.3088533003e+17 
-7.5662573337e+34 
1.2770968532e-16 
2.2137059350e-36 
3.0515123047e+04 
-6.6052499200e+08 
1.5738928128e+10 
5.3889993750e+05 
8.7344735861e-01 
-6.1909420013e+01 
-4.3566121445e-23 
-3.4339729152e-37 
1.6178303318e+37 
5.7920450560e+10 
1.5898125871e-10 
-3.0554988374e+31 
-9.1467490420e-03 
-1.9702619667e+23 
-2.3042546972e-38 
8.6243735359e-31 
-1.0382472482e-07 
4.3834977315e-10 
-6.6704867722e+22 
1.3648603293e-28 
-8.0067876479e+21 
-3.4278054954e-06 
-3.0846983435e+19 
-2.3183630580e-15 
2.6604041877e+26 
4.6823397046e+27 
1.1969435819e-26 
-6.1964689475e-31 
6.5402026121e-36 
-2.9493455613e-19 
3.4587829606e+24 
7.1991457934e-14 
-1.1227757568e-07 
-7.9932351964e-30 
6.5059416188e-13 
-1.4495264900e-19 
-1.0728015476e+37 
-1.6706643250e+21 
-5.3724053504e+10 
4.5978018304e-27 
-8.1324062500e+03 
-5.5827911738e-13 
-1.4369297028e-01 
-5.4021612716e-30 
-3.1820692132e+35 
-4.7488119603e+11 
4.0718705885e+13 
-2.6684707401e+18 
-8.4681511007e-35 
-3.7554651499e-03 
5.0807299483e-36 
2.3064489776e+15 
3.8231925203e-34 
8.4740104263e-20 
-1.7956250757e+28 
-2.8936625000e+04 
9.6460432376e-27 
3.4423379685e-21 
3.4911371768e-04 
1.6590959717e-09 
-1.1479821406e-31 
-1.1880552098e-11 
-1.1268166542e-14 
-5.3531532802e+28 
-2.0550049162e-10 
-7.0411085851e-09 
-2.4330273914e+33 
6.6093141143e-37 
-1.2042675301e-08 
-1.7386019191e-35 
6.1641815991e-35 
6.2272972607e+23 
-5.3213681343e-30 
-6.2390835714e+14 
-3.9083359044e+29 
-3.5890404888e-06 
7.3744601926e+22 
-6.8459313762e-17 
9.2306797785e-14 
-2.1874562558e+18 
7.8705134392e+00 
1.0897663200e+08 
-5.9993340000e+07 
-9.3929620504e+16 
-3.3169232917e+20 
1.5925844430e+14 
-5.3275531530e-28 
-1.0098885745e-01 
-7.2430511297e-21 
-7.3817425749e+15 
2.1882178152e-33 
6.2024829302e-16 
-9.1375740674e-20 
1.4292769794e-19 
1.5674936289e-16 
-1.6993932278e+38 
2.6085428898e-22 
-2.2446439266e+00 
-1.0985819362e+24 
-6.9613422663e+33 
-9.6612817920e+36 
-6.1633059522e-04 
6.4329397389e+16 
-9.4768717824e+10 
-7.9960431345e-18 
-1.1028053354e+22 
-1.5336641167e-28 
6.9108247904e+36 
-1.8770140336e-13 
-1.1736690067e-02 
3.4322434699e-18 
1.2364052981e-01 
-4.0269657969e-01 
-5.1373797763e+17 
2.7014295070e-21 
1.9224928617e+00 
-9.2077877216e-32 
1.0563780785e+01 
4.9511820154e-14 
1.5214531130e+38 
1.3575754547e+11 
-3.1317349232e+20 
-3.9308699039e+29 
1.4200420010e-16 
1.3621483792e-28 
-1.5082529978e-32 
9.3030010619e-22 
-2.2369824215e-26 
2.5013924576e+22 
-4.9873879179e-03 
3.8918956347e-16 
3.0294305067e+22 
-1.0839647915e-15 
-1.1413314287e-31 
-5.6418649852e-02 
4.1374012051e+24 
-1.6279226052e+37 
1.7094089230e+32 
-4.2514330469e-32 
2.4497000904e-14 
4.2199999939e-07 
-5.0177365541e-01 
3.3678765411e+24 
-7.6772669229e-31 
9.4910401301e-31 
-3.8711613440e+09 
-2.1569510602e-36 
-2.6291396936e+12 
-4.4221730000e+06 
-1.9009326182e-20 
-8.8175543256e-12 
4.4728504206e-30 
9.1089049192e-08 
-5.0357959989e-13 
1.7453837188e-26 
-1.9104232030e-22 
-8.3989184400e+30 
1.7202683200e+08 
8.4017544985e-01 
2.8592804448e+38 
1.1481413346e+36 
-1.4781584735e+19 
-1.0589746269e+18 
2.1184785678e+13 
-2.3302452564e+00 
-4.4007728087e+14 
9.1330815291e-32 
9.5237091064e+02 
-7.2514772992e+10 
-4.1483738281e+04 
9.8052579165e-01 
-6.7713558691e-15 
1.8265824691e+36 
-1.2198413606e-04 
-2.0677846670e-01 
-1.1668819479e+15 
-7.6740398407e+00 
-2.4804914769e+21 
-4.7856730112e+10 
6.9843314857e-24 
1.4488391625e-15 
8.0598982522e-29 
1.4948461357e-33 
1.5588592189e-34 
6.3696216757e-37 
6.0851975264e-27 
1.6165471643e+34 
-3.2187450519e-17 
-1.8234811051e-38 
8.8407162225e+12 
1.2978034647e-05 
6.6153344848e+35 
-1.2847367765e-38 
2.1907783470e+29 
-2.1262285210e+11 
8.0162165807e-16 
-1.8913574706e-07 
2.8417746116e+33 
7.9587460104e+31 
4.2407358279e-33 
-4.3494756844e+12 
1.4253021629e+17 
1.8346456234e-15 
-6.8231671129e+33 
-5.6230917700e-09 
7.3272727963e+31 
-4.7577314921e+30 
-9.7894615832e-29 
-1.3706405761e+35 
-9.5315547660e-03 
-1.0360393030e-33 
4.6823683988e-06 
2.3732538466e-05 
4.8351515085e-02 
7.4159190990e-03 
3.3896800257e+31 
1.5080748800e+08 
8.3037823950e+33 
1.9950779168e-26 
-1.0833325517e-35 
2.0889274597e+01 
5.1234658449e+33 
-8.0433387950e-08 
-8.6068249040e-33 
2.9054341307e+33 
-1.1133682995e+33 
1.0350742587e+28 
1.3932938333e+16 
-1.9225837936e-11 
-1.2291920254e+30 
4.1591394693e-02 
-3.7672937232e-33 
-1.8045451955e+22 
3.1517823803e+32 
2.6114105670e-11 
-3.0584886801e+18 
-7.9658557640e+24 
-1.7862142118e-16 
4.7707703523e+34 
2.4357467279e-20 
-4.4549363852e-01 
6.4413066120e-39 
-3.4257958306e+37 
-1.7644355346e-32 
7.3830951986e-35 
-3.0140185329e+15 
1.1921446655e+38 
4.1616423849e-12 
-3.9925554182e-12 
-9.0223166626e-04 
-9.2283567454e-09 
-1.0736437744e-16 
-1.3732032652e-27 
1.3518829720e-33 
-2.2887135102e+27 
-1.4498706946e-07 
1.1474489368e-14 
-3.8621158546e+26 
1.5756071007e+35 
1.8318420207e+34 
2.2961555481e-14 
1.4284158976e+10 
1.2625122781e+23 
-1.3151099608e-14 
-1.0669925506e-19 
-1.0453428348e-21 
-8.7042172018e+26 
1.0011412926e-38 
-9.9763002860e-18 
-1.0634668005e-31 
9.8281354610e-08 
1.6233353776e+33 
-2.2608885193e+02 
-5.4228503163e+34 
1.4545972735e+35 
1.3557578324e+15 
-1.9252680242e-01 
-4.3684697526e-10 
-4.1477319428e-06 
1.3008504838e+31 
-1.0804373580e-27 
-3.1384281233e+18 
-5.7008177067e+18 
1.6990120687e+29 
2.8855267763e-24 
-8.4603779018e-02 
-7.3369682617e+03 
6.5661023814e+14 
-7.5781684750e+14 
4.3380847359e-08 
-3.2741307642e+24 
1.2734526956e-19 
4.3363680015e-04 
1.1607588805e-12 
-4.4047878273e-14 
-8.6530870825e-29 
4.1672733835e+30 
6.8401025799e+21 
-3.7900848808e+22 
1.6291047016e-13 
-2.4030477692e-36 
2.1241498438e+05 
-3.8043422726e-17 
5.5513952184e+14 
5.4216635000e+06 
2.4545936423e-21 
5.1412279718e-03 
-2.3699559720e+21 
-5.9384777467e-22 
-2.2703088075e+14 
6.1684912039e-28 
-1.0636164096e+10 
-1.3929138894e-21 
1.2572886009e-20 
-2.4701918503e-14 
6.9617846748e-04 
1.6860250900e+22 
-1.0380860800e+09 
1.4778303000e+07 
-9.7421519839e-15 
-2.1868080996e-23 
2.1532724798e-01 
3.4736692101e-07 
-1.6316608651e-24 
1.0203968831e+13 
3.7875452000e+07 
-9.3254510335e-23 
8.1320730624e+10 
3.2180054871e+30 
-8.7925142025e+25 
-3.2407090109e+25 
-1.0624988303e-22 
-6.1760758002e+26 
3.8697326268e-19 
7.2041476951e-11 
1.3976217756e+22 
-2.7487080464e-31 
1.2558269041e-13 
1.1081680462e-08 
-1.0516058093e+30 
5.8741216921e+25 
4.4182913675e-37 
-7.8018738424e+33 
2.4248166764e+20 
-1.9831550173e-20 
2.6385988215e-35 
-8.1189251137e+17 
-8.8838333629e+17 
-1.1484863000e+07 
-2.8916752754e-14 
-7.5985201498e-17 
2.3960223157e+26 
5.6205685250e-03 
-4.9234327298e+37 
-3.6954671022e+18 
-2.5997447987e+11 
4.9497666062e-26 
-3.0186274225e-21 
-2.6533232358e-06 
1.5514457793e+35 
-3.6091276278e+35 
-1.4022995491e+31 
9.9186235272e+15 
-4.8847660402e-33 
2.4900140512e-33 
8.9753612876e-02 
-9.8581304528e-20 
3.9639717441e-34 
-3.8492812445e-22 
-1.7550403294e-35 
-9.8440141900e+17 
-8.2517993330e+15 
2.5388462084e-22 
-5.3426968855e+13 
5.8517664703e+27 
3.1909243107e-37 
1.8380225269e+18 
-3.7267336426e+03 
-1.3337017298e+00 
-2.8438348770e+01 
-2.0089767526e+11 
-1.5804240996e-18 
-1.8590265774e-14 
-5.1600730091e+17 
1.5369287846e-27 
8.5083501296e+33 
2.3390899237e+15 
-6.0453154804e+20 
-3.6470902751e-17 
-4.5691128000e+07 
-3.5132042240e+09 
5.5663034775e+37 
9.7612241830e+13 
1.2459135797e-34 
-8.0330551147e+01 
2.3171686791e+15 
-3.3362336331e-12 
-1.4545388184e+03 
6.5017935429e-30 
-2.8987035000e+06 
-2.2730096875e+05 
1.7167346959e-04 
-8.3235189574e-11 
-7.9023059737e-36 
-2.1485686461e+19 
2.4143973932e-26 
2.4629837909e-27 
8.1512124890e-28 
-4.3253230148e+23 
8.2867703349e+27 
3.7273907938e+31 
2.9344623047e+04 
2.7561598000e+07 
-1.0862468596e-18 
-7.3547906375e+37 
-2.5685743350e+36 
-1.3051780494e+36 
-6.5425927751e-03 
1.1510213813e-31 
1.1500409516e+16 
-4.6801938633e-22 
7.4135131445e-32 
2.5764869704e+35 
3.3302935040e+09 
7.9158315202e-04 
1.4240247768e-28 
6.2004588574e-30 
-6.3911409016e-23 
-1.2402548805e-25 
3.0959822441e-24 
-5.4540692480e+09 
-1.0936518413e+32 
1.2044139404e+03 
1.1195664639e-23 
-1.6321026272e-24 
6.9972797686e+13 
-2.5819297262e-14 
7.6992096000e+08 
-2.4078463018e-01 
6.6349222367e+33 
-2.0453682617e-26 
-2.0456498392e+15 
6.5908825864e+23 
-4.0644632548e-08 
2.4005363302e+11 
-3.8513418136e-27 
-1.8365389404e+03 
-3.4690556678e+18 
3.4250502358e-04 
5.3360149601e-37 
-2.1766118830e-20 
4.5812134389e-35 
-4.8014843856e+16 
2.9197874069e+01 
9.5878111232e+10 
-2.4276445806e-01 
-2.4182652383e-27 
-1.0084199520e+34 
-4.2307839090e-27 
-5.9828007424e-28 
-1.2601249136e+38 
-5.1485848852e-22 
6.4521229889e+22 
9.5442572021e+02 
-1.1959098536e-17 
-9.6629018784e+00 
1.1397255409e+35 
-2.9404195515e-26 
3.5465603863e+15 
-2.3260496621e+17 
-3.6335766332e-20 
-6.7682185173e+00 
4.6643251372e+36 
-2.5309607936e+10 
3.4162301993e+13 
6.2258550722e+14 
-2.7824648206e-23 
8.6091001816e+27 
2.5885581237e+34 
-2.7134461178e-15 
-7.8432171635e-38 
1.0225625754e+30 
-3.1217288466e+35 
3.0397808070e+30 
2.5605996930e+25 
-1.1798419039e+34 
-1.0786491566e-35 
1.8112776801e-02 
-3.7657506611e+11 
-1.9023558770e-11 
-1.9746814371e+16 
1.0170690839e-29 
-3.9813541928e+31 
-1.1631543190e+15 
-2.4581328964e+30 
1.2096225284e-02 
3.1952932300e-27 
-2.6536916266e-04 
-8.8160899346e-19 
-1.0018455499e-32 
-1.6919215598e-27 
4.8502075000e+06 
-2.8896634359e+24 
3.9508993750e+05 
1.6531735161e-22 
-9.8225904576e+37 
4.0575297317e-04 
-2.3464462976e-32 
-1.0535060547e+04 
-2.4381117154e+17 
-8.8422434204e-31 
-3.6655568988e-13 
6.4180694383e-15 
5.2473881613e+35 
2.3502742797e+27 
-8.1910621643e+01 
2.7245978357e+22 
-1.3767326830e-30 
-2.3168418170e-21 
-1.4376395000e+06 
3.0671216545e-16 
2.3625724018e-02 
2.9626835576e+31 
1.5476594228e-07 
1.1867418213e+03 
3.8697403989e+34 
2.0537895312e+05 
-4.5736072536e-37 
-2.1371688693e-23 
-1.7821168213e+03 
-5.2251245865e-12 
-2.1904490558e+36 
-2.3683901876e-02 
4.6884790000e+06 
-4.1418330511e-04 
7.9077371077e-33 
-1.8492848919e-10 
            nan 
-5.9588443842e+35 
2.2336529848e-10 
-1.3967735859e-34 
-1.0176734577e-05 
-2.4421186683e+33 
1.0826810286e-38 
-4.0041050324e+24 
7.0201972267e-04 
-1.8959701807e-20 
8.1349918121e-12 
3.6589650421e-08 
-5.9448698236e-15 
3.1599743734e-20 
-2.0038404847e+21 
9.5203265138e+15 
-1.3385545654e+03 
            nan 
-4.8474637088e+34 
-7.7978332160e+09 
-6.6726707493e-10 
5.3779991757e+11 
5.2595746094e+04 
-9.2410756878e-18 
-1.8685491434e-20 
2.2056227580e+33 
3.9670892242e+15 
-1.1812590502e-21 
2.4187861292e+33 
4.7817173588e-22 
5.9852917067e-10 
-2.3941735261e-09 
-2.9567729791e+24 
-1.1045687193e-22 
-5.4905577211e+23 
-5.0435007366e-21 
1.3918886079e-32 
1.8877866664e-13 
-9.0057244524e-03 
1.6969397699e+12 
1.5830463000e+07 
1.7159747147e-33 
-5.3594555000e+06 
-4.4187388000e+07 
2.2221289472e+10 
-2.0891517405e-09 
3.8490466309e+03 
1.1733530829e+29 
-4.5397537183e-13 
3.6048937540e+36 
-1.6374332221e-28 
6.6662986696e+25 
-1.0922063740e+30 
-1.9032413547e-04 
-9.4115262458e-12 
-9.3703033938e-29 
3.7957556880e+17 
-2.3584786539e+20 
6.3438562231e-15 
3.1858058993e-15 
-2.0453287219e+24 
3.4484156022e+24 
-7.5746996715e+16 
1.2808050670e-21 
-1.5054361707e-27 
1.1396479597e-19 
-4.6906553296e+34 
1.4445915341e+11 
1.2263949219e+05 
-3.1563705188e+34 
-1.0568423895e-03 
1.5375570577e+34 
-1.7852400541e+00 
4.7874781768e+27 
2.8255065862e-14 
2.4881061776e-17 
2.6959312106e-37 
-4.8889679616e-17 
6.2717149823e-27 
1.1509698403e+30 
-1.2459009329e-27 
-3.9212564408e+28 
9.5689633994e-09 
-4.4661731328e+10 
-9.7511865234e+03 
1.0076260927e-16 
6.2101750928e+21 
5.3502275584e+10 
2.1420519873e+30 
-2.9289564107e-09 
-2.6848514317e-31 
9.2248015467e-35 
-3.4753595430e-29 
1.2950133324e+01 
-1.1796764027e-23 
-4.1784229527e-35 
-5.2035884857e+01 
6.1526955752e-10 
-4.1541104773e-22 
-6.5241320136e+18 
-1.3048534929e-14 
1.1501282765e-22 
-8.1552021205e-02 
-8.8157564131e-39 
2.1641619052e-10 
2.5144899644e-36 
-3.2618761421e+12 
-1.5198181554e+20 
1.8624756656e+18 
-4.3757636839e+15 
-2.2590686231e-21 
2.2310242542e-08 
7.0228019272e+31 
9.3275949553e+36 
8.1149385602e-19 
2.9450347697e-37 
-4.2433529600e+08 
9.7975888872e-28 
-5.8690452129e-14 
2.3587086670e+32 
-3.2504433173e-11 
-5.5903852687e-34 
4.8057919157e+15 
-6.0721585000e+06 
-1.4022718533e-13 
-2.8112592627e+26 
1.9316781844e+15 
1.0869972368e+24 
-2.0366118045e+31 
-1.2889955714e-29 
5.9782149083e+15 
-5.2455627445e+35 
-1.2936296295e+23 
-4.4099262044e-23 
-1.0009752659e-19 
1.4633996246e-30 
9.4776121105e+18 
-3.7089379959e-32 
-4.0170243010e-03 
-1.8568799496e+00 
1.4075099136e+10 
5.1919445099e+32 
5.1603892848e+22 
1.1751325684e+03 
-2.0363361951e-23 
-1.3418661546e+26 
1.0109924915e-04 
-1.2990692543e-22 
-1.6696097737e-04 
-1.8024444606e+26 
-4.2528273106e+23 
-6.3811168000e+08 
6.3765415689e-04 
-4.2130358989e-13 
-3.2998807430e+00 
1.8838391615e-25 
-1.8639749974e-30 
-1.3391251236e-14 
5.3142908740e-08 
2.6825266240e+33 
2.6959904629e-15 
8.9762734551e+29 
-5.7808842450e-15 
6.3404920203e-10 
2.5825573894e+38 
-2.0378015581e-33 
-2.9727211389e+13 
2.2630485182e-04 
7.3919687680e+09 
-1.6852989712e-16 
2.1937919367e-37 
1.4064892326e-36 
-5.4973652948e+16 
1.7163360135e+30 
-1.7186417331e+14 
-4.9275565850e-09 
6.1817651169e-39 
1.1029088290e-16 
-6.5312315000e+06 
5.2189359501e-09 
1.3706014404e+03 
2.9215065514e+25 
-2.9841029120e+10 
1.9632742079e-21 
3.0002699987e-06 
-8.9590329942e+31 
1.4041026939e-15 
-2.8468458330e+33 
3.0458278809e+03 
-3.5370610476e-06 
6.7262492188e+04 
6.2179411491e-17 
-3.7160496049e-06 
-1.6747547984e+31 
-3.7826769113e+16 
3.6149233136e+14 
-4.6234456554e+28 
7.8877159354e-22 
-1.3903121442e-38 
1.7101089209e-23 
-1.6959614000e+07 
8.7095827601e+17 
1.1134041293e+11 
-7.8392393750e+05 
-3.1355220949e-30 
4.4514355411e-15 
-4.6200307617e+03 
2.8272288591e-30 
2.3046551040e+09 
-2.4794405404e-19 
1.1317850294e-04 
1.7853298438e+05 
5.2167962624e+10 
8.5718359434e+17 
2.9638952558e-23 
1.3065990659e+35 
1.9389436617e-13 
3.3956228632e+31 
-1.2270407929e+19 
1.2268068187e+36 
-2.7701796875e+05 
1.7434473193e-05 
2.9180382727e-36 
-6.3548762152e-31 
6.8935673209e-21 
4.4522216950e-21 
-2.9581752402e+12 
1.0469072254e+32 
1.8936187871e-06 
4.2399359987e+36 
4.8769009085e+27 
1.3362318750e+06 
2.0634963221e-05 
-6.4315333960e-38 
4.1652061676e-15 
4.6477860083e+24 
3.4686541371e+21 
4.9417302012e-01 
2.6032561539e-28 
9.9590539838e-19 
-1.1046385729e-24 
5.9656057358e+00 
-7.6770888313e-08 
-2.6098074159e-04 
3.3465339740e+12 
2.0220388184e+03 
-1.8706556000e+07 
4.8606296936e+22 
3.0647393750e+05 
1.0624215476e+25 
-1.5501138854e+13 
-7.9629449930e-23 
1.3904219341e+11 
-5.5633869995e+18 
-9.9923781640e-29 
-1.4510002574e-11 
2.3781528830e-11 
-2.0011032104e+02 
-3.0521793750e+05 
-8.4128896954e-21 
3.1674144792e-28 
1.0478828102e-01 
1.9589527801e-04 
-3.0710517712e-34 
5.1397477315e-27 
1.2910909009e-09 
6.7173968970e+33 
-3.0219254400e+08 
-7.2397193427e-27 
-3.5744611483e-32 
-1.5073880445e+20 
2.3740427734e+35 
9.9536177916e-21 
3.6729103423e-24 
4.2311688730e-07 
-2.1050452348e+21 
-1.9696700621e+12 
1.1744877500e+06 
-1.8374696875e+05 
1.6364074435e+12 
6.8872192267e+28 
-2.3484211104e-11 
-8.8883815149e-33 
-3.1101436778e-24 
6.0698261976e+24 
6.3564346265e+33 
-5.2430523715e-38 
-1.6844700900e+37 
-2.6659097333e-20 
-3.2542067467e+38 
8.9080796053e-29 
3.0787227958e-23 
1.9388720000e+08 
-1.9117625494e+23 
5.8097103696e+20 
-5.0129590000e+06 
3.9193407488e+10 
-3.3982538734e-38 
5.2497621626e-02 
-1.1278348350e-20 
-5.6591584309e+16 
3.1172906478e-29 
3.8393625289e+37 
1.8885502000e+07 
-4.3274166107e+01 
-1.6354781470e+27 
1.4697665756e-04 
-2.0133548316e-16 
-5.0703233683e-06 
3.2030303416e+31 
5.0993129162e+20 
-2.0715387223e-26 
-1.2817550354e-09 
-2.2367656527e-07 
1.1482679891e+16 
-3.4801289439e-01 
-2.4420354848e-18 
2.3223169011e-28 
-3.6000996092e+31 
9.7446123520e+09 
8.5323485206e-33 
1.1085686523e+04 
-3.0023480884e+27 
8.6974453936e-35 
-1.6980122122e-23 
6.0867045180e+22 
-1.4097620709e+26 
2.9491380803e+29 
-5.6149642147e+26 
-1.0864018382e+36 
2.1962330720e-05 
3.2577519117e-17 
-1.1359757627e+18 
-3.8585872788e-22 
-1.9958457690e+37 
6.9704511942e-36 
1.2629625242e+11 
-1.5546045385e-30 
1.2726310043e-14 
-8.6412135739e-30 
-1.4059445035e-14 
-3.7125322240e+09 
-4.7714039683e-01 
2.5923376283e-30 
-5.1450670080e+09 
-2.2364093129e+36 
-3.1246872120e+21 
-6.4135755897e-14 
-9.2065301942e-06 
1.4179610014e+00 
-1.1333160435e+38 
-2.1680430663e-35 
2.4757322693e+02 
-7.3154793750e+05 
-1.6627255696e-15 
-2.1285315904e-13 
3.7639585789e-03 
-1.1942736086e+38 
2.7186272666e-02 
-1.9932373047e+04 
-3.9815531668e-27 
-7.2049492188e+04 
1.2993323685e-28 
5.7729815373e-10 
9.1326030388e+14 
2.4525000380e+37 
-7.7358361600e+09 
-1.1756358690e-12 
-1.4396926400e+08 
1.2276947701e+33 
-2.5235467328e+38 
3.7957760384e-27 
-2.3412200171e-20 
2.9925291669e+28 
4.3235657463e+24 
