2.3509887016e-38 
0.0000000000e+00 
0.0000000000e+00 
0.0000000000e+00 
0.0000000000e+00 
0.0000000000e+00 
0.0000000000e+00 
3.5873240687e-43 
0.0000000000e+00 
0.0000000000e+00 
0.0000000000e+00 
0.0000000000e+00 
0.0000000000e+00 
0.0000000000e+00 
0.0000000000e+00 
0.0000000000e+00 
0.0000000000e+00 
0.0000000000e+00 
0.0000000000e+00 
0.0000000000e+00 
0.0000000000e+00 
0.0000000000e+00 
0.0000000000e+00 
0.0000000000e+00 
0.0000000000e+00 
0.0000000000e+00 
0.0000000000e+00 
0.0000000000e+00 
-4.4236203410e-34 
7.1746481373e-42 
0.0000000000e+00 
0.0000000000e+00 
0.0000000000e+00 
0.0000000000e+00 
0.0000000000e+00 
0.0000000000e+00 
0.0000000000e+00 
0.0000000000e+00 
0.0000000000e+00 
0.0000000000e+00 
0.0000000000e+00 
0.0000000000e+00 
0.0000000000e+00 
0.0000000000e+00 
0.0000000000e+00 
0.0000000000e+00 
0.0000000000e+00 
0.0000000000e+00 
0.0000000000e+00 
0.0000000000e+00 
0.0000000000e+00 
0.0000000000e+00 
0.0000000000e+00 
0.0000000000e+00 
0.0000000000e+00 
0.0000000000e+00 
0.0000000000e+00 
0.0000000000e+00 
0.0000000000e+00 
0.0000000000e+00 
8.3369581477e-26 
9.3145873894e-37 
-1.2314350000e+05 
-4.7137736148e+21 
-7.2394551052e-29 
1.6011844238e+16 
2.3571883622e+11 
-6.3440364073e-11 
-2.2562112143e-26 
-2.2356082963e+32 
-9.7860845101e-33 
-2.4520640929e+34 
-8.3563282280e+23 
-2.1821770700e+27 
2.8309044459e+35 
-9.5723075225e+31 
3.8671379058e-25 
1.8175806997e-12 
-1.5947468800e+08 
-1.9026960000e+06 
2.4671304780e+28 
-1.4637144615e-28 
1.8607358607e+12 
-2.8802319711e+38 
-1.2457149073e-26 
-7.6494445801e+00 
-2.0363450050e-02 
7.7706941229e+37 
-4.6688710427e+13 
2.1552597286e+27 
7.4363392000e+07 
-3.9948113456e-26 
-1.0545812500e+04 
-9.5799220194e+20 
-5.7340055636e+20 
1.5909235900e+22 
6.5653196203e-35 
-1.1735310942e+15 
-2.0408481417e+33 
-1.5629959106e+00 
-2.9476797045e+38 
-4.6866766752e-06 
8.7311297521e+17 
-1.1995576117e+32 
-1.1581790214e-11 
-4.2895717433e+13 
2.6225706051e-09 
-2.3003443200e+08 
-9.4154545272e-13 
6.4680205636e-12 
-1.3336087790e-10 
3.4484314548e+22 
1.6628527304e-16 
4.3842933570e-16 
4.8834837541e-16 
-7.5855286924e-25 
-7.9810004414e-21 
-1.1994146784e+25 
2.4875482953e+37 
3.2648192000e+08 
-3.7231353502e+15 
3.3858773383e+16 
7.9844951630e-02 
1.5820893289e+22 
-1.1766579200e+09 
-4.5056930975e+18 
1.0537629503e+27 
2.1150089819e+37 
-4.2504641334e+16 
-2.1719046259e+18 
-1.9983005140e+34 
-2.5715513242e+16 
-3.0284116201e-20 
-1.7841432852e-34 
1.6432603744e-24 
2.4932523426e+29 
5.3365178368e+11 
3.7547951245e+21 
3.1256518921e-30 
-1.1764398621e-29 
4.4451295693e+28 
-1.2795269489e-02 
1.7417687923e-04 
3.2632109729e-19 
7.9107880592e-03 
3.7115136000e+07 
-6.3066189808e+23 
-3.5376220703e+01 
-7.6582740149e-11 
-6.2404952064e+11 
1.2885118440e-27 
-1.0386875488e+36 
-7.6328929515e-30 
-5.4676402364e+31 
1.1546637500e+06 
-8.6151873891e+15 
9.4175797363e+29 
-7.3810883083e-32 
2.9294107154e+30 
-2.7398988131e-27 
1.2951537983e-33 
-9.5877433483e-34 
-4.2867886818e+36 
-4.5741617214e-06 
3.3980707504e+14 
-3.1995567227e-24 
6.2130700076e+25 
5.0856874593e-16 
-1.3155099297e-15 
-6.7394297656e-28 
-7.0176696777e+00 
-3.1477569602e-24 
1.5228852135e-07 
-6.9777699635e+11 
-4.4128746129e+20 
3.7885159254e-03 
-1.3367600000e+06 
-2.8921580280e+37 
2.7506026883e-20 
2.7119285760e+09 
1.3350286677e+19 
1.7671062578e-32 
1.2434904694e+22 
-1.1606450960e-15 
9.0974490377e-06 
-1.1760758609e-01 
2.2507142597e+31 
1.5645868032e+10 
-7.3060922812e-29 
5.1153109547e+22 
-6.7568302155e-02 
-3.3874853740e+17 
2.4491178400e-15 
-4.3911818626e-12 
-1.5245338081e-37 
3.8924763816e-17 
4.0922352051e-29 
-2.7449031495e-27 
-3.1735085356e-25 
6.8226549762e-30 
9.4525390625e+02 
-5.7679304113e-19 
-2.4268112303e+31 
-3.1164626435e-11 
1.7885017105e+27 
-1.6853102446e+00 
1.2704561523e+04 
-2.2112204933e+37 
-1.1032736438e-05 
1.9513496875e+05 
-1.0719928832e-18 
1.0619729557e+32 
5.9664529562e-01 
-4.0236283228e-37 
2.3403808594e+02 
-1.4677925542e-11 
-4.5716915363e-22 
9.3265854836e-20 
8.6082618397e-20 
3.2613303346e+37 
4.6548890631e+35 
-1.7655987783e-11 
1.1690281992e-38 
6.9602109695e+16 
1.9530639648e+01 
9.9971875000e+03 
2.6567520000e+06 
-1.0827205799e-10 
1.8184794405e+27 
-1.0619732016e+23 
5.9795001289e-04 
-1.6644942809e+22 
-6.0999589128e-28 
2.7365909854e-18 
1.0153601322e+15 
-7.9543119847e-35 
1.2335823834e+26 
-1.1083158391e-08 
2.8328365616e+17 
-2.4951935524e-14 
-4.3139836192e-01 
-3.7284346276e-31 
-1.4658812500e+04 
3.4918139109e-24 
-5.3907476709e+13 
1.2986861439e+30 
1.1884094238e+01 
7.8464866567e-22 
-1.7804721642e+17 
2.6852438354e+26 
4.3429670496e-20 
1.7531227506e+35 
9.3266010284e-02 
4.0852172476e-20 
-7.7436330474e-38 
-1.1700986317e-12 
5.5399973650e+13 
4.6892241860e-38 
3.8159854246e+24 
-6.1748948396e+26 
2.1228632500e+06 
4.9218033105e-31 
1.7523647464e-11 
-1.2659076399e-30 
-3.3979088054e-19 
-1.7169525279e+29 
-6.6500754903e-10 
-2.8749334510e-11 
3.0258657802e-08 
2.5880597468e+24 
-1.4212575561e-11 
3.4566058001e-19 
2.1114660523e+15 
-2.3118722906e+27 
2.2873955334e-14 
-8.9616103244e+13 
-9.1246417920e+09 
-3.4047796905e+30 
3.6275375854e+22 
4.9497716719e+26 
-2.9623915230e-17 
-1.9921688674e-33 
-4.6986937810e+31 
3.2972984547e+35 
-8.3412167640e-26 
-3.0931867135e-38 
9.2938141833e-30 
4.5823242188e+04 
-3.1612791604e-16 
3.3148356300e-21 
-1.1378024379e+25 
1.3063283366e-23 
-1.3448583208e+34 
5.5540847477e-09 
4.5606544845e+25 
-1.3300922319e+14 
1.4621427703e+28 
-1.3436662116e+32 
-7.0465475868e+21 
-1.6282068379e+38 
4.2905952229e-12 
-2.0829359570e-08 
6.2404658820e-05 
-1.8447910502e+11 
1.1003846708e-16 
2.2115724377e+29 
-4.2371984571e-02 
1.4750241029e-08 
-7.0193128464e+30 
5.0457152505e+36 
1.7234836516e-28 
-1.3022448770e-24 
8.1564115754e+34 
-2.2096791278e-34 
2.1107386053e-01 
4.7968594575e+15 
-1.7844404753e+27 
8.6283948215e+17 
-3.5980278921e+16 
1.0686149219e+05 
-1.2516104969e+30 
-2.6122908579e+33 
1.1699251810e-11 
-3.5363826718e-15 
-1.6938520753e-23 
1.5629053407e+35 
-7.5966146768e+19 
2.4100387200e+28 
-4.0744980960e+24 
3.1186873047e+04 
-1.2360033994e-38 
-3.0237882137e+00 
7.9076807029e-19 
5.0387951859e-16 
8.3044794892e+13 
4.8448952822e-18 
7.0538787500e+05 
-9.5677053883e-37 
8.4943701378e-12 
-5.7479866682e-25 
-3.6163224064e+23 
-4.1930033404e-17 
-8.0521590672e-18 
-1.4850980228e-23 
2.9961116912e+33 
3.2316389564e-08 
8.2314601168e-03 
-1.1321486235e+00 
6.4308809564e+13 
-3.6939636639e+15 
2.4660313988e+26 
4.6110671181e-23 
-6.5610651970e+00 
1.1001199257e-10 
-6.4671291225e-19 
9.9820859247e-15 
7.6299501031e+31 
2.3720075149e-07 
-3.0715582892e-02 
7.9067649780e-13 
-1.9947752380e+02 
3.2950214735e+27 
3.7198075626e-34 
1.0450449219e+05 
-1.5937880278e+00 
-4.1840416493e+21 
-9.5819787588e+34 
8.2587039471e-01 
4.2339843218e+25 
1.8755119141e+04 
-6.1684897595e-28 
-9.9772994211e-34 
-6.6837999258e+26 
5.5791608989e-02 
-6.7312029954e-34 
-3.0329025822e-16 
1.1585451987e+20 
-8.0512922718e-11 
-1.0602658557e+33 
-1.8090726754e+29 
2.0091460858e+38 
3.2494122665e-37 
-1.5287965338e-09 
-4.0804113155e-07 
4.9180626556e+32 
-7.5395980835e+01 
5.7042901219e-13 
-8.3721246544e+31 
-3.2663959428e-13 
3.1028769771e+14 
-4.0992578059e+23 
-3.0771373723e+15 
-2.6095401040e-07 
5.6482556882e+31 
1.7946639404e+03 
1.0852233558e+27 
-3.6633838337e-34 
-2.5823594086e+11 
1.0039673293e+34 
-8.3508089332e-09 
2.2198070091e-25 
-3.0118218104e+25 
-3.5473951949e+11 
3.8463210493e+34 
-1.0003454228e-12 
1.8113919632e-26 
1.5220391137e-12 
-8.5574716576e-20 
-2.1168980703e-26 
-2.7201364136e+02 
3.5503508466e-10 
5.1983638726e+19 
6.2708866089e+12 
-8.9035252323e-30 
-2.0461904497e+22 
-4.8258609971e+11 
-1.8716315997e-10 
3.2385332344e-14 
3.5049141760e+09 
-5.2727746094e+04 
2.7119415948e+21 
4.9239251434e-38 
1.1108582993e-16 
-8.6522633863e-28 
-3.9618657386e+13 
-1.1781883822e+12 
1.2523656883e+26 
1.9333044993e+30 
1.8149500000e+05 
2.3592930708e-29 
-2.9056573395e+25 
-3.8192123175e-03 
-4.7669043200e+08 
3.5940267558e+37 
-3.3377832953e-32 
1.1236487987e+11 
8.5097789764e-02 
1.3450409125e-21 
1.2708293457e+22 
3.5888572941e+22 
4.5335618779e-05 
2.3845960851e-33 
-9.1026050748e-33 
-1.3360844197e-33 
-8.1574143374e+20 
-3.5946952266e-05 
-3.5914791107e+01 
8.2557509440e-11 
2.2040793149e-35 
7.0863727331e-08 
-4.2497542344e+22 
-4.5964077461e+29 
-1.2484336203e+22 
2.4195310338e+21 
-5.1807663711e-22 
-7.6741341036e-04 
4.9529104233e+00 
7.1066997093e+28 
1.9901502132e+00 
-1.7853608554e-22 
-5.7531062303e+22 
-1.4853673988e-17 
-6.6761080325e-19 
-3.7010984625e-25 
3.4334816430e-20 
2.5774320241e+26 
-7.3691185207e-06 
-1.2603377170e+34 
8.8335759190e+21 
-1.6253611587e+36 
-8.9619783239e-07 
1.9150129600e+08 
-1.4310969076e-09 
-1.9415441635e+27 
5.2954623243e-04 
-1.7702898438e+05 
1.5218757665e-30 
-6.9793869055e-24 
-2.0218051444e-30 
-4.4127363052e+32 
-2.3687239162e+28 
-7.0813608837e+12 
4.0648869999e-29 
2.8827365001e+33 
-1.2693797484e-25 
5.7786886387e-11 
4.3402179976e-17 
2.8810883891e+11 
7.6086706380e-13 
4.6554278603e+23 
5.5608871939e+20 
-4.8998069043e+11 
3.0433512221e+37 
1.2209446355e-23 
1.0892802376e+25 
-1.2121963501e+00 
-7.4012570959e-24 
-2.9720285477e-15 
1.5445327872e+10 
7.6146173058e-33 
-6.8514158895e-37 
-5.6890950284e-13 
2.5350163924e-06 
-5.1014694691e-08 
-3.6695857144e-36 
7.9997201107e-26 
-4.7675464782e-33 
-1.2089719365e+24 
-8.8313475789e+30 
-1.0433708663e+28 
6.6475415395e-08 
7.5126133243e-34 
-1.7661720094e-15 
-4.2517478578e-03 
2.4803516713e-33 
-2.9162941928e-07 
-5.2286032000e+08 
-1.2648829947e-25 
-1.0923195754e-27 
1.4355486321e+18 
7.8207252292e+20 
-1.3092949219e+05 
7.4911946221e-13 
-5.2437884298e+35 
-6.5153347449e-24 
9.9231954664e-05 
6.7858127295e-07 
-5.0793491510e-25 
1.3113587907e-14 
-5.5602969603e-16 
1.1830493184e+10 
-7.2990099614e-17 
3.0855689300e+14 
-5.2467177882e+11 
-5.2406976197e+14 
-3.1063085938e+02 
1.7540768080e-30 
-2.8201872718e-33 
-1.1049157274e+17 
2.3820262664e-30 
9.7026341468e-26 
-2.8753071092e-05 
9.1994334010e+14 
2.1825774209e+35 
-2.2302559105e-13 
1.0946823297e+30 
-1.7440167690e+12 
-2.1373873047e+04 
4.0773554133e-07 
-1.7392249479e-13 
4.9284854292e+23 
-2.1252883963e-37 
-5.5148548922e-11 
3.8757746094e+04 
4.4233909254e-18 
-2.1362107309e-34 
1.6711708899e+23 
-3.1152448889e-28 
1.0856883240e+02 
-1.3848411960e-31 
-2.9475664767e+29 
1.4009755143e-30 
-3.0198206158e-09 
-1.2608466902e+30 
5.0715750205e-30 
2.9161623047e+04 
3.9009304157e-18 
4.9327073686e+35 
-4.5148396210e-36 
-1.0403350694e+29 
1.9282649069e+37 
2.2394818881e+30 
-3.6038330078e+01 
-1.7933203125e+03 
6.4752400189e-34 
-1.4354288578e-02 
1.8264166400e+08 
3.0741281807e-04 
-1.4635216105e-21 
-4.1311660310e-16 
-5.7642616466e+23 
4.2902975386e+37 
-1.3597464896e-37 
-4.1568123680e+23 
-3.3296603637e+23 
-1.7176931860e+12 
7.0946040356e+33 
-7.4944148064e+00 
8.4267806903e-23 
2.7736319917e+35 
-1.7437461394e+18 
-4.2649227113e+16 
-2.4697772699e+30 
2.2254408269e-23 
2.5865851147e+36 
1.9248791167e-34 
2.9311907959e+02 
6.8398832063e-14 
-3.1307028480e+09 
1.5729241218e+25 
9.6791532569e+37 
-8.8750499507e+23 
2.6141870318e-17 
8.0031462143e-13 
1.4753358154e+03 
-3.6313588855e-12 
6.2619746094e+04 
-1.2503301560e+16 
-3.0610737969e+20 
3.6544673280e+09 
-4.8647274006e-26 
1.9776067936e-11 
4.6245280389e+33 
-6.5644012522e-28 
2.9049356107e+23 
-8.9165563821e-11 
2.6757130858e+15 
4.3739486517e-32 
2.0179564584e-34 
-1.1946549087e-32 
-2.2498685857e-15 
-4.8163054214e-38 
-6.9550292969e+01 
-3.5143382295e+18 
4.7197523667e-12 
-7.0628756687e+18 
-4.1326152331e+32 
1.9279265945e-26 
-6.5995352399e-30 
-1.1328271032e-29 
2.6476246140e+30 
4.9544949760e+10 
-7.1856452410e+34 
4.9666854858e-38 
6.2316789630e+18 
6.2033918274e+20 
-1.3798856866e+29 
7.4658965817e-31 
2.6873359729e+25 
2.8926152032e+24 
6.3031526636e-17 
-8.0374878577e-39 
8.6649346195e+13 
-8.6212533712e-01 
-4.8989430541e+21 
-2.4125651528e-20 
-8.0727554856e+37 
1.6456115557e-36 
-3.7300112272e-16 
1.7351999320e-17 
-1.7991036057e-28 
1.1490772031e+25 
7.3759699120e-35 
7.3154108540e-22 
-3.7569159055e+31 
-1.5538240000e+07 
4.6417382812e+02 
-8.7277200000e+05 
1.3535247684e-15 
3.2750024930e-32 
-4.3207937228e-12 
9.9440183460e+18 
-1.8764602731e+23 
4.9774404615e-02 
1.9935232938e-23 
-1.1729561789e-38 
1.4346693754e+00 
-7.6219057920e-28 
-1.8587807944e-38 
-4.8447629524e-05 
-1.7447400960e+09 
9.6400293888e+10 
-3.4157023926e+03 
-3.5521384856e-28 
-9.6556292587e+34 
-1.3716667829e+37 
-6.7433986313e+14 
2.9559166000e+07 
8.7448778993e-33 
-1.7339161356e+34 
-5.7885505906e-30 
-1.9415587154e-29 
-3.4901599097e-33 
7.4011230469e+01 
-6.7550822400e+08 
5.1858739525e-11 
2.2882055484e-33 
-3.0942537421e-10 
1.2508774400e+09 
1.4650222782e+17 
5.9740569837e+35 
-7.5344175343e-10 
1.0691614261e-11 
1.0723835406e+14 
4.9500774400e+08 
-1.3564294701e+32 
3.7503996436e-11 
1.4947059370e-17 
9.2617603809e+12 
3.9539128940e+34 
-3.1330772860e+26 
7.4505671681e-36 
-1.5304149375e+27 
-5.1124988000e+07 
2.4628782520e-20 
-5.1324578169e+13 
-2.9282707854e-26 
2.0548496875e+05 
            nan 
2.1280129864e-19 
8.0133457466e+18 
9.6582499963e+19 
-3.5504944640e+09 
1.8970018005e+02 
-2.6573811205e-33 
1.0962958750e+06 
-1.0273614620e+14 
-7.1735355000e+06 
-2.2316325538e+21 
3.1001802752e+10 
7.2890218998e+31 
1.3359065876e+38 
-8.7754380451e+35 
5.2330597481e+33 
-5.6169535689e-09 
2.1137926141e-28 
1.3652977640e-14 
-1.2104508375e+12 
9.0319128669e-38 
3.5599396875e+05 
7.6091550720e+09 
3.0342379761e+02 
-1.2632274628e+02 
-1.7291467896e+17 
1.8409011515e+17 
6.0592321089e-34 
1.8777130599e-17 
1.2249086720e+09 
-5.3425519803e+20 
3.3970663009e-37 
1.1497193750e+06 
-6.7248537526e+34 
-1.5682661333e-12 
8.9662339496e+21 
6.8889324656e-25 
1.6725956847e+25 
4.7211039189e-30 
-9.0145015008e-08 
-1.4066187326e-08 
-8.3999911193e-11 
9.2245740749e+11 
2.9191739559e+00 
1.0741881371e+01 
4.5572278775e+16 
-6.7339185443e-12 
-4.1894447911e-09 
-6.5357437344e-12 
2.6888641569e-20 
-1.2569719256e-21 
3.5958718194e+21 
-1.8882475219e+22 
1.1288399685e-12 
1.5661564507e-29 
-3.4289617906e-04 
4.4959594379e-04 
1.0285567045e+00 
3.2782815355e+17 
-2.9884776149e-18 
2.2038935040e+09 
-2.8720930345e-07 
5.6176925334e-09 
5.7721131442e+37 
1.3572272862e-20 
-1.6688553249e-31 
1.9376096875e+05 
-3.4512574921e+34 
-3.0603317261e+02 
4.5605435000e+06 
1.3000008386e+18 
1.8084065496e+14 
-4.3973846005e-06 
2.7045554099e+21 
-8.0268937381e-06 
-3.8681760760e+33 
-8.1859374988e-17 
-9.9054414967e+20 
2.3318079766e-03 
-2.3247186563e-23 
1.4941765694e-03 
2.3206377292e+13 
9.2258426880e+10 
4.7668148941e-27 
6.4349357314e+32 
3.6926403809e+03 
2.0777584529e-24 
-5.4428158132e+34 
1.0497878799e+26 
-2.7640424231e+28 
1.0448323320e+15 
-3.6049585239e+31 
1.6264846970e+33 
1.5702940941e+01 
5.8592720621e-15 
-1.2602071763e+18 
1.7640289837e-23 
-2.1988089201e+28 
2.4807711500e+36 
5.1559173145e+37 
-2.9219465736e-10 
1.3178795000e-20 
-1.1379350966e-13 
2.4726072693e+02 
-5.0642737821e+37 
-4.0058752214e-13 
-9.2044631546e-38 
-8.7440475077e-17 
4.3397720183e-37 
-1.7340414720e+09 
1.6756161280e+09 
-2.4934722160e+30 
-9.2265116727e+26 
-1.4370325168e-35 
4.2620192175e-07 
7.5839481600e+08 
-1.2345861704e-23 
8.4297258582e-05 
-2.8534768149e-02 
1.4441998044e+22 
-4.8885077693e-21 
4.3402487398e+12 
1.0557317824e-12 
-5.5642004921e+22 
5.2800396224e-04 
-1.3871609233e-02 
7.9102950047e-14 
-4.9418970408e-25 
-2.5100672818e+26 
4.1942191942e-09 
-3.0318106613e+30 
-1.5579277500e+06 
-1.2064037845e-02 
1.2521480177e-29 
1.1674312147e-22 
-3.4177438491e-15 
-3.7727151958e-10 
1.1284361466e-11 
-2.4946409225e+01 
-4.3047660132e-30 
-1.4789093222e+26 
7.8165584866e-19 
-4.4580183206e-22 
-2.4172348672e+16 
-1.9005508957e+37 
5.3397636313e-10 
4.3154019200e+08 
-5.3487547324e+36 
1.0386364531e+30 
6.8560609361e-04 
4.0963812278e-32 
2.4417021198e+13 
2.3576693375e-10 
-4.7152243149e-36 
2.9695566304e+25 
1.6974201550e+38 
1.2339480550e-29 
-3.0452331520e+33 
-3.6160153809e+03 
6.1728786451e+23 
-2.8262462013e+33 
-9.3945676088e-01 
-7.4010354575e-22 
-2.2934918750e-34 
-1.8754817107e+37 
1.7622693495e+32 
-7.7810133059e+37 
6.5949373740e-10 
-3.8281341869e+37 
-2.1571123105e-36 
3.5270485410e-23 
2.3352979994e-08 
1.5980886614e-09 
-2.0488036994e-13 
-1.3453306519e+19 
-3.8950485361e+12 
1.7258680080e+24 
-4.9009080976e-02 
-2.4153108585e+27 
-2.6744030990e-08 
-4.2451086384e-16 
3.9400211772e+27 
2.7457883835e+01 
1.3932164628e+38 
-1.3277756796e+31 
1.0960463330e+22 
4.5436135810e-39 
-1.5045315733e-21 
4.0490229114e-32 
-5.1604837179e-01 
4.5552742188e+04 
2.3411954564e+26 
1.6591440652e+26 
3.5545865296e-12 
-1.1105454648e-24 
4.5477265097e+31 
2.3378219604e+02 
6.4011322021e+02 
-1.5779597232e+27 
1.3097576707e+28 
3.4566658364e+23 
1.1927569784e+16 
1.6069769515e-07 
-1.1452101469e+00 
4.7839782277e-17 
1.5847499411e-34 
1.0639646080e+09 
-1.8371748490e-23 
-2.4579767677e-35 
-7.0027451128e-19 
-2.6037699784e+19 
1.8767614996e-36 
4.2342164638e+20 
-5.9228178114e-02 
2.8896444416e+11 
3.9018477857e-25 
6.0464055305e-21 
2.9812991969e-38 
6.6482919455e-01 
1.5406736755e+02 
1.1575457919e-34 
5.1895744324e+01 
-4.9504053101e+13 
7.7569038086e+03 
-1.1411359310e+00 
3.2845432126e+22 
-3.1805130751e-10 
-1.5160238750e+06 
6.1194116341e-33 
8.1882241322e-37 
-6.6071467400e+00 
8.7935844203e-04 
1.3637388442e-17 
-3.1335811036e-38 
-4.8292746094e+04 
2.7190339814e+19 
2.3908073490e-04 
-9.7848801544e-13 
-1.3650036530e-15 
-3.5978656540e+18 
-2.6748769424e-17 
1.6462630502e+38 
8.4710450154e+20 
-9.1373508824e+30 
-3.5554218165e+16 
-3.1154377373e-16 
9.3652899840e+09 
2.3001570388e+20 
-2.8596373047e+04 
5.6050005039e+15 
1.0604272321e-10 
1.7027643431e+28 
-5.3460590190e-37 
-3.4830354233e+29 
1.6851958257e-24 
5.1765825536e+10 
-7.0243757313e-31 
-7.4126771200e+09 
-1.2938804440e-32 
9.8279949086e-17 
1.5392457600e+08 
1.0893491595e-29 
-2.0559944702e-16 
-5.6361009375e+35 
-6.3123544748e-14 
1.5477484572e-10 
-4.3457796875e+05 
2.2803844954e+29 
3.1637108324e+20 
6.4816246094e+04 
4.9630440202e-08 
-3.3453006006e+31 
-3.2942877500e+06 
-3.4583904752e-27 
2.1243353548e+18 
3.8492489327e-22 
-3.9614999268e-22 
-4.2958315520e+10 
-1.2743811897e-21 
-5.3189581522e+29 
-4.8370827423e-20 
3.3720506387e-09 
-6.8395936850e+16 
-5.6999339055e+17 
7.5329713023e-35 
-7.0614512078e-03 
7.9527228351e+24 
1.2297983200e+08 
9.6824379369e-20 
-1.0949813573e-30 
1.4830101166e+17 
7.8860906150e+21 
1.5435255371e-18 
4.0148219899e-14 
-1.9767450665e+13 
-5.7813804800e+08 
1.0821789434e-38 
1.6005967993e+38 
-4.0967260953e-35 
3.8688320668e-13 
2.8414712723e+38 
9.6848233401e-35 
9.9343254089e+01 
-4.2845864664e-04 
2.0508158400e+08 
-7.5874456044e+14 
-2.7093350887e+00 
1.5944466233e-11 
-4.7744378091e-29 
1.4598684077e+29 
-4.1414564649e-14 
2.2140090836e+17 
4.5327464665e-36 
1.0366459975e+37 
8.6265250684e-39 
1.5791949964e-29 
-3.3818967939e+21 
-1.0743613612e+24 
2.2038196603e+16 
-2.7361333685e-11 
2.6956746929e+29 
2.1018533054e+28 
-1.2370295429e-29 
-4.6086308360e-01 
1.3623883653e+17 
9.1629928035e+28 
-1.5077184000e+07 
6.5973731729e-28 
2.8114845699e-30 
3.5774734019e+32 
4.2489591578e-07 
-1.6098547237e-37 
-3.6640250000e+04 
-9.1540886602e+21 
-1.6654855273e-10 
-3.0678408918e-31 
4.5960685553e+17 
-5.1143936000e+07 
8.6461200000e+05 
6.1667064273e+29 
1.1376813136e-23 
4.9328235431e+30 
-6.0065507889e-02 
-2.9560381920e-12 
-2.5870184281e+26 
5.8079275940e+17 
-4.4516941905e-01 
-1.2879291187e+11 
-1.8326263115e-25 
3.5669646033e-39 
3.7939603329e+00 
8.0775281004e-36 
-3.0152721887e+20 
1.6231004443e-34 
5.0012000499e-36 
-8.6321218150e-23 
2.0245818869e+37 
4.0270282768e-12 
5.6278994053e+22 
6.9675750993e+37 
-6.1166627265e-18 
1.9946390934e-14 
6.4219700668e-09 
-1.3501110933e-16 
1.9808987694e-34 
-3.0200920677e+22 
1.2337240951e-10 
-1.3096557017e+17 
-2.5972498438e+05 
-4.8478866888e+27 
-9.5165412430e-26 
2.1516623443e+34 
6.6450741242e-28 
-1.6752239076e+26 
-5.6786516325e-06 
-9.7507486529e-09 
-6.6658574042e-38 
-2.3211849191e-21 
            nan 
-8.3985637342e+16 
-2.1198748052e-01 
-1.8752419905e+27 
-1.3792232494e-04 
8.9050605469e+03 
4.5452506411e-29 
-5.3299978707e-24 
2.7954213867e+03 
2.3755923325e+20 
-2.0538071321e-25 
-1.1282099987e-33 
3.0657244863e-13 
4.3783211853e+32 
-2.4226017346e-35 
2.8608535147e-16 
-1.6988038580e-14 
-3.9128462959e-07 
2.6361728000e+07 
4.6677227632e-35 
4.4003292382e-24 
1.2116989270e-14 
-1.2300858998e-08 
-5.5058318683e-35 
-1.4015172761e-30 
-5.5295264395e+16 
-4.5863204291e+12 
-1.3727324967e+35 
4.5024877468e-36 
-2.7940033350e+36 
9.6043721038e+31 
-2.9683260942e+26 
-5.8376890278e-26 
-5.2673264170e+14 
-4.2408437500e+03 
-2.5193474085e+20 
2.5952762511e+17 
7.1164134125e-34 
9.9524110556e-04 
-2.5495577871e-12 
2.8842200306e-36 
-3.1194219205e+35 
1.2499811961e-31 
-1.5451340800e+09 
-2.1266213613e+23 
1.3503658876e-21 
-5.1946634054e-01 
9.3129384413e-12 
-3.9194161457e+25 
-1.6990352074e+14 
-1.5805984802e-30 
1.2094857941e+32 
2.3929280360e-05 
-9.9837492940e-08 
7.5517383349e-15 
-1.2896309152e+27 
1.3247631785e-32 
4.0120912666e+18 
-7.7615501788e+36 
2.1538341406e+29 
9.2772028011e-20 
3.4974384500e-12 
1.0784839688e-10 
-1.1376314107e-28 
1.1762548828e+02 
1.7896962451e-19 
7.5398468393e-16 
-2.9734192808e+13 
4.7793000000e+05 
-5.3519189080e-11 
1.7412669833e+13 
-2.4421939915e+21 
3.3544609797e+33 
-1.1392754658e+17 
-1.9862161739e-27 
4.3863355410e-31 
-1.4999313862e-06 
-9.4920038542e+26 
8.6550235748e-02 
9.2235093770e+12 
1.2580211375e-26 
-1.1107463983e-19 
7.4183147520e+09 
-8.4565120000e+06 
1.1821977011e-14 
-8.4406492188e+04 
-2.5590809336e+14 
-1.0077792862e+38 
8.0820553005e-02 
1.5318106558e+14 
-4.2814301717e+33 
-4.0275964146e+19 
-5.8205660311e+29 
-1.1582385722e-27 
1.7220118667e+38 
            nan 
-7.0273736830e-10 
4.1270105834e+34 
2.0202644398e-19 
7.2689165567e-36 
-2.0739096100e+23 
-2.9277873047e+04 
-1.0269384439e-16 
-2.4166088575e-10 
1.4841936523e+04 
-3.6046707109e+37 
-3.9804781373e-24 
-1.2330414719e+30 
-1.2876417659e+26 
-5.2398460024e-32 
2.1254004822e-16 
6.4568000000e+06 
-4.1566232889e+24 
-6.9228094929e-34 
-1.3095946233e+38 
3.1669996679e-04 
7.8528839680e+09 
4.5506442606e-33 
1.3745887642e+11 
1.3419253686e+26 
-1.0283690823e-38 
-7.3022439328e+28 
-4.2205953739e+15 
3.6570570248e-13 
-1.2213436523e+04 
-1.3304200135e-13 
9.3110261760e+09 
-2.8611413113e-33 
1.0200776143e-22 
-2.4797742407e-26 
3.1302189110e-32 
4.0872854342e+35 
-7.0349504341e+28 
3.9587734798e+33 
            nan 
-5.6138413891e+18 
6.1563641816e-25 
-1.1987917725e+17 
6.4225524000e+07 
-4.2080039634e-25 
-3.9354507185e+23 
-1.3417953191e+26 
6.9222801710e+26 
2.2565903104e+36 
-6.4047675000e+06 
-1.7967111477e-37 
-3.5806236251e-25 
6.5753168213e-29 
2.5270007357e+24 
-1.1333300660e+15 
1.4630444243e+16 
-9.3973714505e-32 
-1.2343436847e-36 
2.0107899751e+37 
-1.8511758505e-34 
7.4078798207e-08 
2.8765730867e-23 
2.0861756352e+37 
-2.8621052311e-29 
2.2739685965e-28 
-7.8322548013e-27 
1.9192268054e-31 
1.7131280000e+06 
4.5034475625e-04 
-1.6743789959e-18 
4.8234160493e-27 
-3.2572965690e+38 
9.5327923939e-26 
-1.8897626503e+36 
-8.0198744047e+20 
1.0109183200e+08 
5.6746615870e-13 
6.1568801273e-12 
-2.6902836530e-25 
-5.9456878602e-37 
-4.8127520276e+13 
1.6840800537e-14 
1.7212233921e-17 
-1.4234149392e-15 
-3.6197605040e-30 
-3.1703651200e+08 
7.3324362038e+22 
1.3259399990e-17 
3.2597434020e+33 
9.8763650656e-01 
-4.5346739003e-30 
-4.0333268292e-34 
-7.6377231626e+15 
3.2449648640e+38 
4.0889702565e-22 
6.6527392887e+32 
1.1908686885e-30 
5.4085043219e-27 
2.6638138789e+14 
-1.8433015794e-04 
-1.3094687130e-23 
7.0872000000e+06 
-4.2426895330e-12 
-3.1670284881e+38 
2.9652324697e-22 
1.6220996094e+02 
1.6908179861e+17 
8.1684812903e-04 
-1.4552984535e-37 
-5.8664640000e+06 
6.7707146233e+14 
-2.3136459137e-36 
2.1880140349e-26 
3.5048865987e-15 
-1.0912077571e-29 
3.4006754285e+24 
-6.9431602395e-13 
-2.0014285875e+15 
2.5678235000e+06 
1.6241870803e+33 
-1.0194380000e+08 
-6.7667649102e-23 
1.2760268106e-26 
-1.4724584704e+35 
-2.2648016966e-05 
-1.3953342112e+13 
9.2392652800e+10 
1.3573812480e+35 
2.1838721493e-30 
4.5421428736e+10 
7.3003600000e+05 
-5.8959062500e+03 
-5.0098914460e+13 
8.3452951903e-30 
-1.7115609076e+29 
-4.5116544904e+27 
-5.8968365192e-03 
-1.7893041660e-26 
-7.4104154554e-23 
-1.6327488000e+07 
1.4216239297e-11 
-3.3093557604e-21 
-2.1405443300e-26 
-6.3938433615e-25 
-1.1774299980e-25 
2.8893831387e+21 
1.2013043451e-16 
9.0222665011e-32 
-8.4843200040e+14 
-4.3444397939e-30 
1.6171249920e+09 
1.3494637500e+06 
1.8838728666e+00 
-1.3248388561e-17 
4.5436197979e-05 
2.0886948658e-36 
-6.2712565541e+16 
1.9287256192e-17 
5.9709824605e-24 
7.8653120000e+06 
3.4061111010e+18 
-4.9743313415e+18 
-1.1534052897e+18 
-4.8436879917e+32 
-6.5377911418e-13 
2.6845081382e+38 
4.5273104384e+11 
1.0424478678e-03 
-2.2247098438e+05 
-2.7478437808e-36 
1.9319174811e-02 
-6.3746335097e+25 
9.9723340696e-11 
-3.2522257243e-07 
-1.9225133274e-18 
-1.0725675237e+13 
-1.3342015848e-07 
4.1714173014e-16 
-1.8031006732e-07 
-1.7588282630e+32 
9.3841305215e-07 
-1.0347779925e-11 
-6.8201290000e+06 
7.5295715332e+02 
7.7709466103e-18 
7.1344754348e-20 
-3.2621968392e-26 
-3.0923128906e+04 
1.9693201695e-17 
-1.1559852270e-36 
2.5631919309e+11 
-4.1459786396e-19 
-1.5895648375e+33 
-7.2189068193e-26 
-9.6151441164e+31 
-4.9025880039e-33 
-5.4660552249e+14 
-2.4115974842e-32 
-9.9604552795e-20 
4.8721636858e-07 
-6.1142206192e-02 
2.0658133144e-04 
-2.1132423568e+14 
2.2605475825e-10 
-2.8956605085e+16 
2.7371722559e+14 
            nan 
1.0217994486e-06 
1.0046234555e-19 
-4.5806691942e+30 
8.7503284783e-13 
-2.6156759777e+13 
6.0926190186e+02 
1.1879195607e+12 
1.6270490893e-28 
7.1140823605e+15 
-3.7619927882e-21 
-5.0510509491e+01 
1.3664231391e-32 
4.4900960872e-24 
-6.4025856581e+27 
-1.0251087090e-08 
9.3927917597e-21 
2.7737227095e-20 
5.5809824722e+30 
-1.4093078873e+15 
8.2485468407e-19 
-4.2663533649e+16 
-6.4698532989e-12 
4.5244173517e+11 
1.8599624241e-07 
8.0356177668e+27 
-8.5656665760e-06 
-1.2750538798e-21 
-2.3016993174e-37 
-4.1866890083e-35 
-3.6567406250e+05 
3.8527051853e+36 
-1.3013301658e+11 
2.1031527853e-26 
-1.8103383758e+27 
-3.7229409122e+24 
-2.0964172073e-20 
-6.4079421702e-27 
4.0789200675e+31 
-2.9235817868e-13 
-1.6657337265e+25 
1.2650099168e+26 
4.1550851200e+08 
-9.6980851319e+31 
-1.1290320000e+06 
6.8710597687e-22 
3.1632958030e+32 
1.8734754719e+14 
2.2138815439e-16 
2.4048223203e+33 
-9.4089093887e+24 
-3.5705117043e-03 
-2.3440268916e+32 
4.4592973965e+33 
1.0044375945e+37 
-4.7165149559e+22 
6.0594010652e+34 
-1.8240937649e-08 
2.7392439736e+15 
-3.7094175408e+19 
4.6429046896e+21 
2.6593668301e+11 
1.8562320286e-37 
1.5060683200e+08 
1.3515320807e-10 
-6.3383032506e-22 
-3.8339724383e-30 
1.8997179333e+29 
1.0571732673e-05 
-1.3825171346e-28 
3.2910548252e-15 
2.3114096232e-33 
-5.8461019505e+17 
6.8008629495e-24 
2.8329964727e-02 
-1.4537084780e-07 
-1.6248781499e-34 
-2.1000558703e+17 
-1.1936261654e+00 
3.3222553940e-13 
3.8892280103e-14 
2.7998760997e+25 
-3.5457304745e-16 
-1.1692509508e-15 
-5.8152877356e-33 
2.4333964859e-37 
1.6235876816e-29 
3.7008973663e-07 
-3.3386878000e+07 
1.3922455582e-13 
-1.5993402898e-01 
-3.7571698890e-19 
8.2142642688e-10 
1.1463043666e-35 
-1.4892444684e-28 
5.3671009967e-23 
1.6175686523e+04 
-8.5045501053e+15 
-5.6764848088e-25 
1.2883549219e+05 
1.5511793172e+12 
3.2389730965e+30 
2.0052585464e-22 
1.2251863943e-35 
3.9541716309e+03 
-2.5955952054e-08 
4.5323439012e-28 
1.5131781245e-11 
1.7722112440e-29 
6.7518696189e-02 
3.1126893411e+21 
-1.2418561523e+04 
5.6878125135e-35 
-1.0518800254e-19 
1.8212404068e+13 
-1.5028657799e-04 
1.5118051076e+30 
-1.0198275838e-14 
-1.6302818025e+31 
1.5908607054e-07 
-5.4546417118e-22 
2.7512885091e-13 
1.3280175459e+17 
1.2647916399e+24 
4.0419583092e-04 
-7.5284564824e-13 
-2.1505122991e-19 
2.1940207651e+27 
-1.9473558321e-09 
2.7298924327e-01 
3.8875643941e+22 
-9.0843665259e-15 
2.3136735457e-19 
-1.4294897569e+26 
-3.5855174396e-20 
1.3163785620e-14 
-4.3489528000e+07 
-2.9562271870e-19 
-3.3633579108e+19 
-2.1827402893e-30 
3.3922599792e+01 
-1.7679880559e-01 
-8.2186354445e-28 
2.6527963546e+12 
5.0912374718e-05 
6.5795825840e+18 
-4.1009305520e+16 
8.9461131105e-28 
4.0184171625e-21 
7.2978779589e-25 
-8.3450949059e-13 
1.0088169719e-22 
-3.9116654895e-15 
5.2201033199e+27 
1.6470788047e-02 
-7.5490932617e+03 
-1.8556860460e-31 
2.1554969874e+34 
-5.2353928397e+11 
1.5393317685e+34 
-6.4601808054e-19 
-1.8820962856e+19 
            nan 
-8.4125894308e-01 
-3.4602215184e+24 
2.1579052760e+34 
-2.1122069411e-35 
-2.3213747939e+33 
9.1344436696e-17 
1.1783262253e+01 
1.3067956844e+28 
4.9634556610e-36 
-2.8322006404e-33 
-1.2649691801e-27 
4.2770122944e-28 
-1.1572912937e+19 
7.2393867829e-16 
2.0274652235e+26 
-6.1625367032e-09 
-3.2606846000e+07 
4.5481561293e+11 
4.6283028357e-34 
3.3484713347e-14 
-1.3131597938e+18 
4.0205771447e-16 
2.4005923274e-26 
-1.8057339693e-24 
1.1798652045e+16 
-1.1542927323e-24 
-2.5294191372e-25 
-1.2062013040e-17 
3.4411617747e+28 
4.4777111725e-06 
8.7663182647e+33 
1.9449296875e+05 
5.6349327788e-03 
6.0227256320e+11 
-8.0689047852e+03 
6.0414224512e-34 
-6.8177869543e-03 
-7.7529918063e-28 
-6.7468246460e+01 
-1.0018838654e-35 
6.7287790683e-38 
1.5107869229e+28 
-1.8948643381e-13 
9.2327593750e+05 
1.3529879001e+32 
-2.0936247557e+38 
3.2801569342e-36 
6.2760822475e-02 
5.9703399092e+25 
4.4758708604e+32 
2.6180826349e-38 
2.4555242205e-21 
-7.7687051491e+25 
1.8826622014e-32 
1.6353603867e+36 
-2.4828392304e+24 
-1.2016331506e-11 
3.5550110888e+18 
-1.8204532716e+28 
-4.1813767680e+09 
9.6004949115e+27 
-1.1146886973e-03 
1.8811489763e-35 
2.9271635770e+23 
-1.8789080467e-35 
1.7647014236e-35 
5.1801618886e+22 
-2.6004572378e+22 
2.5438986473e-09 
6.5189667969e+03 
5.9822219182e+26 
1.1604190904e-17 
-5.5677176000e+07 
7.1333918320e-26 
-3.2310328484e+00 
-1.8854390049e-08 
-1.2946160331e-30 
            nan 
3.4720587547e+29 
-9.9016874367e-17 
1.0874890542e-26 
-1.4117291622e+11 
-2.7577881723e+12 
3.5281989069e-33 
-1.1486144674e-10 
-7.2767791460e-28 
5.1015327586e+36 
-2.2043360216e-27 
-2.1404368780e+20 
1.5107764203e-35 
-2.7017449087e-35 
-1.3111141335e+12 
1.8738581566e-03 
3.3257304883e+12 
1.2946239000e+07 
-3.4958903809e+03 
-6.3234326115e+24 
1.5098858393e-27 
5.5121225119e-01 
-1.4836895667e+19 
7.8249340964e+22 
-3.5699581440e+09 
6.1787907954e+36 
-1.7329017658e-19 
1.1901317164e-02 
-1.9293261100e+18 
-1.4307727024e-24 
-4.9932378200e-30 
-3.8190224823e-29 
5.3969249077e+16 
-7.3018193740e+13 
-4.5017267532e+15 
9.7829366129e+30 
1.4217718981e-25 
5.8782466161e-37 
-3.4906527076e-24 
-1.7245635390e-03 
-3.9590986489e-08 
-4.6535169856e-23 
-2.4911963750e+11 
5.6359316480e+09 
3.3442474218e+27 
-9.5549592175e+13 
-2.8641072568e-03 
6.5458726352e-25 
1.8060466329e+17 
3.5240707359e+12 
1.6404567628e-23 
3.4281191862e-21 
1.2472648438e+05 
2.9033254405e+25 
-1.8921572800e+08 
3.2902878324e+28 
-3.0386909067e+20 
2.0995812674e-29 
2.5764531250e+03 
-5.4102800000e+05 
-8.3181286342e-35 
-6.0003922941e+16 
2.3400271318e+23 
-6.9426915395e+22 
2.0376700327e-11 
1.4121731987e+23 
-1.3642841125e+37 
4.6921968460e-02 
3.6561440000e+06 
-2.1060847819e+28 
-2.5944623310e-20 
-2.5036393857e-13 
-5.0391355000e+06 
-7.8526801881e-37 
1.0235170200e-20 
2.7294679695e+12 
8.9663848997e-23 
-2.9540756610e+37 
4.8697550665e-04 
-5.0016975425e-29 
-4.1443233394e-12 
-1.3711416984e-14 
-2.8959606249e-37 
7.8305185968e-38 
3.6896184428e-20 
4.9176065339e+21 
2.5531900000e+05 
2.1427484797e+30 
9.1495600000e+05 
7.9179382324e+00 
2.7261376090e-07 
-5.4951295212e-31 
1.5171566902e+38 
-1.9897982187e+15 
-1.6022078092e+22 
2.7966944199e-22 
5.5311798850e+19 
-6.0957666487e-02 
-1.3217139667e-06 
-2.0155744024e+20 
-1.2386249114e+11 
9.0651707519e-31 
-3.7161854561e-03 
2.1480888950e-15 
-2.4443225222e-11 
6.1429147672e+29 
2.9067111098e+23 
-2.7484629598e+16 
1.0028152466e+00 
6.2279329188e+37 
-1.1790567525e-24 
6.1518661721e-38 
2.9381480999e-05 
-5.7442809867e-17 
1.3211487460e-11 
-7.2115366792e-23 
1.6057017601e-23 
1.0918368056e-35 
5.9620308690e-11 
-5.7280504107e+18 
3.0250502192e-28 
9.4206352730e-20 
-4.0874185980e-11 
1.0820544434e+03 
1.4277364837e-32 
-6.6428912796e+13 
4.0549712470e+32 
-1.3439724635e-26 
-8.2315679085e-24 
1.6103399503e-08 
-1.0832773120e+10 
1.9979552663e+37 
1.0302520000e+06 
-6.2292497007e-16 
-4.0979155833e-14 
3.1252426319e-30 
-9.1626822489e+24 
-2.1063842773e+01 
5.8640302080e+10 
1.5748854887e-37 
-9.6716195873e-28 
2.0023427361e-11 
3.7551681316e-32 
-6.6729882812e-22 
9.1921833984e+10 
-1.4668316803e+13 
7.1195842450e-20 
-3.4664033445e+14 
2.9520517370e-35 
1.1250861057e+26 
8.7855625000e+03 
-1.1876181816e-06 
-1.0137711956e+15 
8.9731728612e-35 
8.1791503906e+01 
-4.2632227026e-17 
-6.5211822845e+24 
-6.3775231181e+12 
-1.0936751743e+24 
3.2785059390e-13 
3.5305180275e-16 
3.4619794457e-30 
1.1125850000e+05 
1.4696140800e+08 
1.9542542376e+18 
5.6639816016e-17 
6.7533187500e+05 
3.8527584000e+08 
-8.2427481309e-16 
-1.0248717308e+01 
-5.7017444780e+22 
1.1129715971e-36 
1.2525719936e-15 
2.3726773733e+16 
-1.6376827740e+12 
-6.0060319449e-26 
5.7337190551e-12 
-1.2182181070e+31 
3.8323870902e-35 
-1.2109558105e+01 
8.9420957293e-35 
-2.0252510780e-10 
1.5428915036e+12 
-2.1020923490e-30 
-6.2160546875e+02 
1.1535546875e+03 
1.3780669937e+31 
-2.5261564444e-18 
-8.9472491789e-21 
-1.9797298229e-32 
7.7939101637e+17 
-3.8168907562e+22 
-1.7189461660e-13 
-7.0012138448e-14 
-9.6158800000e+05 
-2.1634303918e+12 
            nan 
4.6203205000e+06 
-4.3620367383e+36 
3.2586355075e+35 
2.3784473442e+36 
9.8811334229e+02 
1.0944563477e+04 
-4.3719399912e+31 
-3.7535776807e-26 
-4.7502475733e+16 
1.3512839528e+13 
-3.1021134127e-20 
-4.3196836486e-05 
2.8899276093e-13 
-2.1093621798e+30 
8.6715688705e+00 
-3.6706268717e-31 
-1.5547671229e+35 
6.2484599452e-24 
-9.0147070959e+34 
1.0369261699e-10 
-6.7321108770e+22 
1.1826010139e-17 
1.3085255969e-11 
1.5830307171e-13 
6.2813236237e+01 
1.0620036717e+28 
-1.2444833221e+38 
-2.6762344000e+08 
1.1603638742e-20 
4.9251369302e-17 
7.3123660689e-38 
9.1294243997e-22 
-4.0246076947e+15 
4.4357590377e-04 
-4.6379952322e-22 
-3.1273105979e-35 
-3.6167073568e-13 
6.0832037732e+13 
-1.3251167275e-08 
5.4257583618e-01 
1.3966931062e+26 
1.8062239192e-29 
2.9036799590e+13 
8.7222507812e+04 
-4.2713941899e-33 
-7.1863043038e+22 
-8.0490006250e+05 
-1.2253679849e-08 
3.6109251700e-10 
-2.3446626434e+34 
-1.0757409915e+27 
-1.1393979538e-23 
-5.1790253906e+04 
-1.3192549301e-20 
-1.3189063477e+04 
-1.5808494302e+33 
4.2492527378e+13 
-9.4690420461e+30 
9.2555196336e+31 
-6.2035106288e-31 
1.9622633936e+21 
1.6492071005e+20 
4.0407865728e+29 
-1.3050255035e+38 
3.0956843495e-01 
-3.5955003125e+05 
-1.2589166113e+25 
7.8339865250e+15 
2.5954530192e-10 
-1.7742405852e-12 
-6.3513530452e-24 
-2.2869825745e+02 
-4.7418704987e+01 
-1.7646978000e+07 
-2.5201131964e+20 
-8.2332491717e+18 
-3.0853451551e+28 
2.9020538143e-12 
1.7752606762e-36 
1.3376300000e+05 
3.0304082687e-17 
3.2688628807e+29 
3.9922696192e+10 
3.8207113797e-13 
3.4152939048e+14 
2.0354231086e+24 
-6.3487782032e-24 
-2.4296962769e-31 
1.9433443958e-04 
-2.8696784000e+08 
-4.4123046905e-07 
-3.4893737329e-17 
6.0696532252e-18 
6.0408423263e-33 
9.7235977381e+17 
-5.5588892411e+17 
2.5891363632e-17 
6.8521428304e+19 
3.6452677846e-01 
-8.8900060197e+29 
6.2329878437e-26 
-7.5465784958e+26 
3.4226594382e+15 
-1.4459117500e+06 
3.7157212135e+37 
-1.1465813907e+19 
3.4090366086e-08 
-1.3537788559e+12 
4.3676183795e-31 
-3.9007742094e+32 
5.8757432320e-29 
6.1620161053e+18 
-3.3145838140e-29 
-4.1051283431e-28 
1.7538583841e+35 
-4.5790611839e-28 
1.1473599389e+37 
2.3636543777e-26 
-6.7903845289e+21 
1.9060363264e+10 
2.7835599360e+09 
4.3329973064e-16 
-1.9903241801e+26 
2.1638449988e+13 
1.6754015660e+16 
4.6364440918e+00 
-4.1920640028e+17 
1.8845841250e+06 
-5.0288253906e+04 
-2.3088086692e-26 
-1.3564482916e+22 
-2.0573124556e-27 
-1.6401445184e+25 
2.1254352113e+31 
-1.7448477734e+30 
7.9640231274e-31 
7.1239731188e-23 
-2.0825131520e+09 
-3.1918822400e+09 
-1.3901446437e-05 
-4.8960728026e+30 
9.2089547099e-10 
5.1220322266e+03 
-7.4384771729e+02 
1.0138016939e+00 
1.9414825854e+18 
-3.7249182063e-23 
7.3438446827e-22 
-1.4349434880e+10 
1.6880650958e+33 
1.1399681141e+20 
-2.5738630317e+23 
1.9199482208e+28 
-9.9656004459e-03 
-3.8071272002e-07 
-6.2848757812e+04 
-5.0997555256e-01 
-2.2188375878e-23 
7.2173978311e+21 
-1.9977454096e-02 
9.7053818906e+14 
4.8308725114e+14 
6.2950012500e+05 
-7.5107674862e+29 
-3.3448995541e+22 
-1.5724729597e-14 
8.9044904543e-30 
-5.9856710904e+26 
4.1849711971e-25 
1.9251940250e+00 
1.1161538000e+07 
2.5272065354e+30 
1.7780722500e+06 
1.4343325946e-28 
3.3979599360e+09 
2.9266160601e-31 
5.8630831604e+25 
1.3419350839e+36 
4.0162310308e-20 
2.0534031899e-14 
9.7740250563e+26 
5.1359190884e+34 
9.6490970006e-19 
-1.3999489551e+37 
-2.5858660916e-13 
9.0321824961e-26 
-3.9823137124e+37 
4.1834534103e-27 
-5.8099802885e-24 
8.0402568795e-37 
-1.2694307493e-32 
-6.7499373164e+15 
-2.3010229976e-21 
7.7254839896e-29 
2.6409884800e+08 
2.3177412608e+11 
5.4160363972e-02 
-5.3767847323e+15 
4.2548370342e+13 
-1.8384382656e-06 
1.3022786000e+07 
-1.2740342669e+28 
4.4776051370e+32 
1.0596905249e-31 
-4.7530347729e-06 
3.9935404596e-32 
9.8878632755e+11 
1.7825703125e+05 
6.1220633888e-18 
-6.1751671672e+32 
8.6990377167e-04 
3.7465806136e-28 
1.6228736303e+13 
-1.0184961548e+03 
1.0724506137e-04 
-1.5944750309e+00 
1.4497376469e-05 
-1.5007930767e-36 
-3.6470757812e+04 
-1.7540971915e+14 
4.2169278853e-18 
2.1665283200e+08 
1.7022596800e+20 
-4.8760094143e+26 
-2.3266122138e+11 
2.9024782251e+37 
-8.4430139835e-17 
-6.2170871538e+36 
2.2773520213e+32 
-1.1349186043e-24 
3.5911018781e-20 
-4.7114605660e+23 
-2.8762580309e+20 
-3.5905260766e-15 
-1.8278417800e+14 
1.6157326489e+38 
-4.0865163664e+37 
-6.5741549297e-32 
-3.0366646874e+29 
1.0979806003e-35 
-2.9297884529e+12 
-1.8063464000e+08 
-2.0014164680e+31 
-2.1697559197e-31 
9.8250014720e+10 
-9.4653731855e-24 
3.4930033689e+13 
-1.7547282500e+06 
5.4712860672e+12 
4.2214393919e+36 
-3.4039560090e+25 
-9.6604612190e-04 
-2.3991493069e+23 
-2.4142646576e-16 
1.6195489394e-08 
-4.5279477956e-18 
3.3091125288e+17 
-7.6127953711e+27 
3.9582384592e-10 
-9.1686805306e-34 
-1.1104292605e-38 
6.1297612765e+29 
6.3532560144e-23 
1.5905380431e-32 
2.3148459191e-17 
1.4658241000e+07 
5.1849533679e-15 
-1.3670546407e+13 
-6.1170031348e+31 
1.4883388711e-14 
-1.0013915598e-01 
-9.7789759068e-38 
-4.9030416464e+19 
-3.8898516412e+27 
1.2883441607e+33 
2.3312909567e+27 
5.2469985252e+26 
1.4850627051e+29 
-1.2990347292e-37 
-1.6430184000e+08 
1.5673525248e+10 
-4.4538849387e-18 
1.7264021153e-04 
-7.3592952075e+17 
6.5469554638e-18 
2.3351312848e-06 
-8.1766430721e+29 
-2.2320157134e+30 
-1.0776832800e+08 
3.1786660770e-07 
2.3282578092e-34 
-2.0080958557e+02 
-2.5990043200e+08 
-4.1165534447e+31 
-1.0591173917e-01 
-2.4302728160e+18 
-3.4576760864e+02 
1.6128341088e-30 
3.2780306339e+00 
-3.8321945736e-31 
-1.3628335182e-05 
7.3805497703e+32 
-4.6980179494e-16 
1.8524538040e+01 
-4.8852840938e+17 
3.0986579617e-27 
-3.3965168730e+35 
2.4122522556e-14 
2.1585052445e-28 
-4.8369025915e+21 
5.5581289530e-01 
9.1266050808e+28 
5.0256206899e+16 
-4.6305470391e-07 
9.0487295389e-01 
7.3752421202e-19 
8.8333315773e-08 
4.1978369565e-12 
-1.3701696091e+20 
-3.1413122000e+07 
-5.0444683089e-30 
-1.3065053081e+38 
2.1781524416e-24 
1.6276537081e-23 
-2.4123561362e-21 
-1.0782619936e-10 
1.9089746094e+02 
-7.1678508800e-19 
-1.1076848834e+15 
5.6232243200e+10 
-7.5611000755e+33 
-2.1001101587e+15 
1.2886664806e+12 
1.6652712891e+30 
            nan 
2.1676545815e-40 
-8.1538364579e-22 
-2.2886874154e-02 
1.7661357472e-22 
-8.0919213845e-24 
2.7432778271e-09 
3.6834715833e-10 
-1.5094557826e-09 
2.8184784000e+08 
-7.9942588384e+26 
-2.3882757760e-18 
-5.6835275994e-28 
1.3632002128e-21 
-5.6060117672e-37 
-2.3419984700e+19 
-2.1547399198e-33 
-1.8872461357e-35 
-9.6039789454e-09 
-1.7912348011e-19 
1.7179120000e+06 
-1.1525026698e+21 
7.2528631691e+17 
4.5665878802e+32 
7.0691099826e+36 
2.3988426619e-05 
-6.7433563074e-12 
3.4631753906e+04 
-2.2741775130e-09 
3.9100810519e-29 
1.2593191464e-12 
-6.2547075227e+33 
2.4818889013e-36 
8.7076195193e+26 
-1.0601452401e-26 
-6.2625142911e-25 
3.5217512449e+33 
-1.8345632858e+23 
1.2740321811e+32 
-5.2750009947e-30 
1.2795903695e-23 
1.2643203463e-31 
2.6843830675e-19 
-8.1861912804e-09 
1.2070331331e+34 
-4.3812655120e-20 
3.8330320269e-02 
2.3300985684e-30 
-6.7313614780e+22 
5.0060269379e-35 
1.5292751932e-29 
1.4915921250e+06 
8.1221719040e+09 
-2.8151127777e+17 
-7.5888328722e-18 
3.5613000000e+05 
-1.1595156991e+27 
3.4862383759e+13 
-1.6193257529e-33 
-3.7084969757e+32 
-2.0318328183e-12 
3.3802992415e-13 
4.9159044027e-01 
-1.3132182209e+28 
5.6167450408e-37 
-2.0966089067e+37 
3.4460296631e+00 
-2.4232016706e-32 
-1.0856964547e-36 
-8.0861184000e+08 
-2.5575829694e+20 
3.2554107273e+13 
6.8507797550e-06 
9.3621267621e+14 
-3.3504766179e-06 
-5.9980552309e+28 
-1.5826057576e+31 
-2.1989252416e-20 
-3.0041410355e-06 
3.8972080771e-14 
4.2121211271e-37 
-5.1381154106e-15 
1.0051322187e-37 
-9.3184533639e-24 
-2.8141963251e+32 
3.5689177507e+35 
8.1377890038e+37 
-2.0696232280e+24 
-2.5269723060e+28 
1.5602558779e+22 
3.2108007812e+02 
-3.4563835214e+16 
-2.3287002267e-35 
-3.8840319849e-12 
1.4265692252e+21 
2.1237532458e-36 
-7.4047692935e+31 
1.7766449403e+28 
-2.8929737195e-21 
5.4368450435e-35 
-2.4711863645e+22 
-2.5981515915e+27 
2.4571875633e-32 
4.0640183146e+15 
9.8166466275e-12 
-7.0186975059e-32 
5.4785585000e+06 
-6.5413957561e-36 
-2.6172799667e+35 
-4.4601404114e-30 
-1.0322206720e+09 
-1.4719513564e-18 
-5.7795169007e+17 
1.1013455788e+15 
-9.7220558407e-29 
2.2242624409e-12 
4.8342720000e+06 
2.7424603111e+29 
5.8244682062e-20 
1.7767500000e+05 
7.9679889678e+15 
6.9263921736e+35 
-2.3188043468e+29 
-4.3230371507e+34 
1.1106697159e-13 
2.6167600926e+20 
2.0473359153e-02 
4.9654903343e+37 
1.5462807032e-29 
-4.7551182826e-13 
5.6018796372e-12 
-5.2020060065e-19 
-7.9724113675e-06 
1.9158845540e-20 
-1.0244062500e+04 
-3.0414317735e-05 
-8.0025910530e-36 
4.2439259047e+15 
-6.0564743127e+12 
-1.8102265625e+03 
8.0307427375e-12 
3.3641406250e+03 
-1.8204560000e+06 
1.5356703338e-30 
-2.9067158699e-02 
8.0739319789e+29 
            nan 
-4.7354098511e+02 
-1.6150137349e+26 
6.6482338863e-17 
-4.0894748699e-10 
-9.6252811487e+37 
1.1415428864e+34 
-3.2924432453e+17 
1.1315451859e+32 
-1.2688691295e-20 
-1.8272008960e+09 
-5.4256746094e+04 
2.4430116864e+10 
-1.2146187766e-17 
-2.3837900800e+09 
1.4262000000e+06 
1.7417230852e-13 
9.1421338696e+36 
-8.2178473984e+10 
1.6961140551e-23 
1.2705234907e-20 
-3.5341908826e-20 
-4.3268473094e-34 
1.9514991506e-32 
-3.4695254726e-05 
1.4975150780e+37 
-6.9843760070e-26 
-9.1745803671e+33 
3.6723095774e-22 
-3.9410995708e+35 
-1.5870783000e+07 
-1.7073832232e+36 
7.2275515000e+06 
3.5231425326e-31 
1.5211660053e-33 
1.4612209134e-21 
-1.1400799416e-08 
3.0482142736e+30 
4.8853686167e-05 
-4.6138648759e-04 
-1.6296862066e-01 
-1.0802550316e+01 
3.6350555353e+18 
7.1161189079e+00 
-1.8224773757e+34 
7.0183090025e-13 
2.0042187834e+35 
3.6249533045e-36 
6.9406989496e-04 
-2.0160621094e+04 
1.5383697246e-05 
1.5363635401e-34 
6.7892765983e+23 
-3.2043029835e+28 
-4.8461014796e-14 
-9.1680722011e-17 
3.2737271786e+00 
-1.2923455008e-19 
3.5173680207e-36 
3.7295998524e-36 
2.0782620736e-33 
5.8898014372e-28 
1.4710866501e-24 
2.4797298787e+32 
-2.3046006383e-31 
-4.8482795487e-22 
-1.1617052127e+22 
-1.0393800405e+20 
4.2463311468e+20 
-1.1759290933e+20 
5.4791679479e+16 
3.8222042198e-10 
2.6012285390e+36 
-1.5390195847e+01 
-6.1984052734e+03 
-1.9245777634e-18 
-2.6419577325e+20 
-2.6910462434e+32 
-9.7643716030e-27 
-3.5390775204e+00 
-7.2164176374e+27 
4.1784740112e-09 
-5.0778276132e+35 
1.0035145166e+21 
-6.8323157661e+37 
2.5782283928e+13 
9.9090948096e+10 
9.3667575857e-04 
-3.8454290479e-02 
1.1397790164e-01 
1.8129093364e-31 
2.6471191236e+23 
-1.0457461808e-29 
2.2627027157e+27 
4.1343208369e-30 
1.5045106920e-05 
-1.8234385996e+14 
1.5403905365e-13 
-4.8402142334e+02 
-7.2243886378e+28 
1.3520945609e-33 
7.3957821201e-08 
-6.7917607302e-12 
-1.6571902400e+08 
-1.2550053855e+22 
-8.4063713506e-19 
1.1192228772e+25 
-4.2724842942e-22 
-1.3384420762e-14 
-8.7521732136e+31 
1.8959746740e-05 
5.3835567794e-36 
-1.0784862936e-01 
5.0438282170e+20 
-2.7212371094e+04 
-5.0660755501e-37 
3.9280071818e+27 
3.2721086426e+03 
5.7302145297e-21 
4.4059728794e-30 
-1.5365869927e-37 
4.2257041204e-32 
-3.9579035000e+06 
7.6498081908e-03 
-3.9125234793e+17 
1.2660060547e+04 
-5.0670793950e-11 
-4.0916598850e-16 
-1.8513022965e-35 
6.3926632448e+11 
1.8421094418e+00 
7.5816509646e-14 
-3.6395494342e-30 
5.7598237957e-28 
6.3466949785e+32 
-1.5337663051e-19 
-1.0464143998e+24 
2.3095076394e+26 
2.9862505600e+17 
1.5870040837e-09 
-1.1381400267e-09 
1.8302783328e-29 
5.8570923191e+21 
2.4269000580e-30 
8.6976528410e-12 
-1.2126622069e-20 
-4.2795369029e-01 
-4.3236299957e-11 
6.4536316000e+07 
9.8273023005e+17 
-1.3976492009e+26 
7.7842997009e-15 
3.0571231468e+16 
9.6481058140e+20 
4.8183283806e+00 
2.8169348317e+16 
-1.6640685511e-39 
4.5423287354e-09 
1.2593153542e-06 
-5.3749313879e-24 
8.4228083200e+08 
-4.5269752218e+13 
1.5650098777e+23 
-2.0781371094e+04 
4.3032570639e-23 
6.7182634612e+27 
-7.4330151199e+30 
3.0730498411e+30 
1.1902261963e+03 
1.0261117691e-22 
5.8861091336e-37 
7.9314274361e-25 
3.9226755932e+31 
4.3140627376e-26 
            nan 
-3.0357003532e-14 
7.4880427965e+34 
6.3283391812e+35 
2.9308797079e-28 
1.7331152301e-18 
-5.8867911241e+35 
5.7901432738e-03 
-1.1987979598e+35 
5.3516547051e+19 
-4.2332738489e+15 
1.0661761843e+11 
-2.4803836800e+08 
-6.7276953600e+09 
-7.7745431916e-18 
7.9765621191e-12 
8.0951060571e-29 
5.6694865967e-36 
-8.3927536000e+07 
5.3469888866e-02 
1.5939549407e-31 
-2.0795606804e-17 
-2.8014405632e+10 
5.9820576494e-30 
1.3485516250e+06 
-7.0644090656e+23 
5.1497023555e+21 
-3.3767417856e+10 
-2.8892950722e+20 
-3.6360370431e-19 
2.1755486720e+09 
1.2261849056e-15 
-4.6693540712e+23 
-2.0115697920e+09 
-6.8871358551e+23 
-2.6411379750e-08 
-1.1161735732e-23 
-1.5874836170e-22 
-3.5822590625e+05 
2.4281655293e-28 
-2.3257913714e+29 
-3.9691737498e+11 
9.9127560854e-01 
1.3339560985e+26 
-2.9810523185e+26 
-7.4779717141e-11 
4.4384780288e+12 
-4.2531764507e-01 
-6.0175666147e+34 
-9.1351073934e-05 
-1.2723963038e+37 
-7.9892751319e+12 
1.4463236536e+19 
5.0597941940e+34 
-4.0762122566e-09 
4.4451726353e-06 
8.3361855469e+03 
-2.4356121726e-33 
5.1607170105e+01 
-2.0509873658e+36 
1.4269597365e+20 
-6.0716982538e+23 
1.4512252238e+35 
2.9160712734e-24 
-3.8756695539e-15 
3.6177050750e+30 
3.7758021355e+00 
6.9335791121e+14 
1.0282809870e+27 
1.0270489747e+31 
-6.4498204383e-25 
-1.4397207337e-07 
5.0829341635e-03 
-1.4832539421e-24 
3.5034410928e-08 
-7.8986702572e+17 
-1.5267228454e-11 
4.8546243202e-37 
1.0203553467e+03 
2.2513484985e+17 
-1.0753511669e+22 
3.0274028649e-33 
2.0688664791e+24 
-1.6655620998e-36 
6.7602462801e+36 
3.9735155042e-06 
1.1688809570e+04 
-4.4552420752e+17 
-3.1347036826e-20 
1.8693337967e-26 
1.5051441561e-30 
4.4944787200e+08 
1.0241449242e-37 
-1.0758396818e-27 
4.0424417733e+17 
6.6035220388e-35 
-1.6200086531e+30 
1.1153899835e-18 
5.2249310466e+21 
-1.7977286597e+22 
-9.4836982039e+35 
-1.6421120699e-15 
-4.9610075660e-26 
2.9907621094e+04 
-4.4472568000e+07 
5.4693112000e+07 
7.7048815918e+02 
1.8007746935e-33 
1.3453898191e-06 
-4.3666879890e-08 
2.2345702207e-34 
2.7957909638e+22 
-1.0330762765e+19 
3.9472491520e+09 
4.3865865809e+29 
5.8396959623e-28 
-3.6545381189e-22 
2.5581786549e+14 
4.0827531041e+22 
2.3244984670e+20 
-6.1609471047e+31 
5.8126472587e+32 
-2.9832391739e+01 
-9.2745544406e+17 
-2.2951292000e+07 
-1.5624299997e+26 
-6.8281950208e+10 
1.6153199519e-14 
3.9948868866e-12 
7.2076526667e-35 
8.9219274355e-20 
7.8209935298e+28 
-1.0551478163e+23 
3.7647257962e-20 
-5.2142532198e+11 
-1.0517431733e+17 
1.6628629140e-08 
3.3478452311e+18 
-3.0953779518e+25 
-1.8107083904e+17 
-9.2710721133e+14 
-2.4730145466e+29 
-1.9799058933e+20 
5.9578394565e-30 
-2.3272938345e-14 
2.6311871094e+04 
1.7901982348e+37 
1.3585948784e+17 
2.5364181696e+15 
-6.1896822506e-15 
3.3086495657e+18 
7.0516635066e-12 
-1.3001286314e-30 
-9.7110499507e-34 
1.6679101947e-13 
-1.3760643730e-18 
-1.0692745855e-04 
-2.1362581515e-21 
-1.0400836752e+21 
-3.0935627176e-34 
-4.9612442243e-26 
1.5627680820e-34 
7.6612587802e-12 
-7.7059254050e-02 
-2.9810025223e+19 
2.8723294373e+37 
-6.5911992096e+35 
-8.5551448126e+21 
3.6434711858e+24 
4.6598665416e-02 
-6.4828470000e+06 
1.1515490942e+19 
7.5506628418e+02 
4.8458895091e-29 
1.3136573928e+38 
1.2172877500e+06 
1.4144974217e+29 
-3.1800414436e-03 
-1.0965639168e+11 
9.2991282765e+35 
7.7305589425e+26 
1.8403955655e+21 
-3.9975771484e+03 
5.6111084843e+16 
-1.9148565709e+11 
3.0427352500e+06 
-1.8740126909e-13 
1.7497296889e-31 
-5.3721109867e-28 
4.6220613032e+30 
1.9465735212e+36 
-2.8318028489e+17 
-4.7801682317e-13 
-8.9581512294e+11 
1.0851350734e+19 
1.1765773520e+36 
-3.0520892334e+02 
-3.6519331109e-23 
-1.4876896937e-10 
6.8627819419e-02 
-2.4156137842e-38 
4.3490633707e-18 
1.0248516311e+31 
-4.5937400000e+07 
1.3763933195e+38 
3.1154262643e-18 
-3.4548509866e-02 
2.4285352768e-18 
-5.2222967867e-26 
5.8425815229e-20 
-1.3071048438e+05 
-4.4544473579e+35 
-8.4403820000e+06 
-5.1383548000e+07 
-9.9666208029e-01 
-2.9701568512e+10 
-2.1687663585e-28 
            nan 
-1.7167283630e+02 
-2.0352518282e-10 
3.3382228558e+13 
-6.3194943642e-35 
4.5450418270e-26 
4.4423801165e+35 
4.0739459273e-25 
2.3096448000e+07 
-1.8600169983e+29 
5.9149026871e-02 
-2.2382987182e+12 
5.1760551401e-10 
-2.8716683388e-02 
2.7386761425e-32 
3.1252339380e-17 
2.3318409920e-02 
-1.2915561523e+04 
2.8194817903e+18 
3.2034046734e+32 
-1.1367864074e+14 
8.2204219851e+24 
2.5979544037e-14 
5.8166750000e+04 
-3.7473775200e+17 
1.3829311509e+14 
-1.7749998926e-16 
1.5981937500e+04 
-2.5347045898e+01 
9.3318545408e+10 
7.7436926634e-20 
-8.3421230316e-02 
-1.2900938029e-29 
9.1326522827e-01 
5.0616306648e-18 
-4.9545097351e-01 
-1.2003835904e+11 
2.0074378699e-04 
1.7175074491e-34 
4.1986834146e+20 
1.1313822465e-13 
4.7180465803e-29 
2.1760609046e+35 
-7.4951460490e+30 
-1.3143131314e+23 
9.2114492188e+04 
9.4414778964e+37 
-1.4055250495e-36 
9.8996758461e-03 
2.8510886264e+17 
-2.1494764849e-28 
3.9002723935e-19 
-1.6582796082e-28 
8.3563987813e-37 
1.6006426394e+19 
1.9349235532e+28 
-3.4673556866e-33 
6.8456757225e-37 
1.1535690760e+14 
1.7377790400e+08 
4.1505457893e+22 
2.2180871731e-38 
-8.1756634521e+02 
9.5151130350e-25 
6.6865975969e-03 
-1.4174180471e-30 
2.4137901670e+11 
9.9204042690e+32 
-1.3596174242e+17 
2.3128360234e+16 
3.1587893144e+32 
8.1825075025e-27 
-7.6226127046e-27 
-4.4525932544e+10 
5.9533687136e-07 
1.7011409865e-27 
2.2179915435e+25 
-2.0880058855e-26 
7.6302129726e+21 
2.3005179801e+33 
-5.3118885159e-12 
-6.1763451655e-26 
-7.6222750259e+29 
-8.0455183706e-06 
4.2661259195e+14 
1.4688489437e+00 
-1.4126035690e+01 
-5.4554536292e-19 
-1.8393098228e-32 
5.3429472652e-11 
2.8182683646e-21 
3.3068637677e-22 
-4.0775908019e-06 
-3.6784201642e-31 
-1.0958028363e-34 
-9.4124444092e-15 
-1.8147362011e+20 
1.9108318637e+21 
-8.4393337112e+15 
3.4706604053e+30 
-3.7950606546e-10 
2.8454853208e-31 
-3.2516884484e+27 
2.9689353966e+31 
6.6325251023e+24 
8.5086911475e-12 
3.5682225236e+36 
-2.6547270207e+21 
1.0976126568e+21 
-4.6294993750e+05 
-3.7770918007e+28 
-1.0248904038e+33 
2.2972413385e-38 
4.1020353035e+17 
-2.8408736474e-10 
6.4473522176e+10 
2.9862040676e-15 
7.7190934414e-36 
-6.6426590114e+29 
1.5689961859e-15 
-3.2859045757e+13 
-1.1532238703e+19 
1.7098433383e+16 
4.7115795400e+30 
-3.3060795595e+34 
3.8836494769e+26 
2.7741286564e+12 
2.0628870819e+31 
4.1849667969e+03 
8.8880974064e+18 
4.2037792969e+03 
-1.5297309570e+04 
-2.5789667130e+01 
-1.1514334413e+13 
2.3280526066e-14 
-1.0748870733e+26 
3.4850517605e+30 
-4.6862429986e-25 
3.1758539379e-02 
4.7036998685e-20 
-6.8440888512e-09 
8.4596176147e+01 
2.7533260725e+23 
5.1012108259e+16 
-5.0731148902e+11 
-4.1458823689e-27 
3.5400317676e+15 
-4.0584837605e-25 
-9.9057498325e+13 
1.0349663778e-24 
-5.7850547819e-06 
2.2448855450e+11 
-1.0298293351e-35 
-3.0790552500e+06 
2.4138738893e+11 
-1.0502721563e+29 
1.0984190074e+36 
1.9314596997e-38 
1.2280229784e-11 
-4.0084572602e-36 
1.0554918688e+22 
-6.0939464684e+25 
-1.5210088949e+17 
6.7633422852e+03 
3.4652738775e-19 
-4.0853310318e-11 
-1.0724928881e-38 
7.3397105485e+14 
4.4281738281e+04 
            nan 
-1.1300960643e+28 
-6.5109853273e-12 
-4.0436840268e+13 
1.8433324351e+13 
3.1582484245e+00 
-1.1944388187e-11 
-5.1477424753e-12 
-6.5725607707e+13 
-1.6844185775e-20 
-1.5192072030e+25 
1.3021221466e+15 
-9.8303330000e+06 
8.9458473206e+01 
-6.9076392346e+11 
1.7449949097e+18 
-7.6995566874e-26 
4.5671241865e+18 
-7.5401840643e-16 
7.1214555780e-31 
5.1021180116e-04 
6.7862167969e+03 
-4.6845164000e+07 
1.5454030784e+24 
-5.8345248517e+20 
-1.0348989619e+14 
-1.0031862577e+27 
4.3090694877e+25 
1.1379019696e+18 
3.2420324409e+21 
8.1430301369e+35 
-8.3386521510e-06 
1.0462096099e-22 
6.2173836161e-15 
1.4082263184e+03 
-1.7358712330e-28 
-6.8993406543e-09 
-1.3065872714e-02 
-3.2815032959e+02 
1.9108685997e-38 
5.0266420019e+11 
4.0837736236e-19 
7.1353192452e-12 
-5.5216003418e+02 
2.3605302882e-27 
-1.5366545369e-07 
3.2297429176e-09 
1.0796603747e-02 
4.0946352442e-07 
-2.8070520345e+23 
6.3554745913e-01 
1.8267309476e-15 
-7.4598548235e-04 
            nan 
3.0753579520e+09 
2.9812838485e+31 
1.1734258634e-23 
-3.5493825115e-39 
1.0000983252e-19 
-6.9220070400e+09 
-7.2534664906e-13 
2.5903878203e-20 
-2.3498773058e+27 
-5.3299128987e-27 
1.1205610876e+24 
6.1506991161e+29 
-6.9596267167e-06 
3.2118166618e-37 
-1.3163960266e+02 
-6.0738548777e-37 
8.0561019509e-31 
4.0960679347e-21 
7.1929851927e-37 
-6.8623407514e+11 
4.8713973105e+12 
-8.7956000291e-26 
-2.2144417855e+15 
1.1575220541e-28 
-8.6488099769e-03 
3.9188249275e+25 
2.4749309887e-05 
6.2139392853e+01 
-5.3767270564e+12 
1.1772145920e+09 
-4.1425912196e+27 
-4.6608756926e+14 
2.7768571442e-08 
1.5522113280e+09 
1.0018795776e+02 
-4.8824489117e-01 
-3.4463730572e-06 
-1.5077110768e+25 
-5.0005564840e-36 
5.2130559868e+19 
-2.9536550813e-27 
-2.2255959777e+18 
5.7577821846e-33 
7.1485331282e-03 
-1.1300540503e-09 
-1.1010287454e-24 
-5.3066744726e-33 
7.1965905590e-06 
-3.8337408000e+09 
1.3681647465e-19 
-6.7950903523e+30 
-1.4385403688e+17 
-8.7636150829e-21 
2.7408093676e+12 
2.8481324937e-11 
-3.0101150832e+34 
-1.5906477984e-06 
8.0716368473e+35 
-6.0067686025e+16 
7.5069304231e+22 
5.7386051725e+18 
4.1425378021e-36 
-1.8648872939e-29 
-5.1707110767e-24 
1.4402767014e-24 
4.8386865000e+06 
4.0519939733e-32 
-4.9262880559e-14 
-1.8316386257e+22 
1.4994599529e-12 
-2.2077969531e+12 
-7.3381302878e+26 
-7.8173619200e+09 
-1.0292845624e-27 
-1.3149846005e+14 
4.7751462262e-05 
3.0812827508e+36 
-9.1032750209e+33 
7.9463616000e+08 
-2.8809444427e+01 
-6.8027110928e-23 
-4.4173281100e+21 
-6.0336696785e+22 
1.9417256514e-25 
2.7422755139e-38 
-9.0192371891e+16 
-3.5959568656e-09 
4.9281780000e+07 
4.4787239948e+22 
7.6739102602e-01 
1.2896188000e+07 
-5.1778234375e+04 
1.9106659238e-05 
5.4437214902e+35 
-8.0520650752e+10 
8.3257738945e+29 
4.4072186178e+26 
-8.8913858914e-12 
8.5176890041e-34 
-5.5547802734e+03 
5.2897912906e+32 
1.9061831890e-35 
-7.2807459372e-37 
-1.9883028557e-08 
-6.7442221512e-13 
-6.8220153901e-21 
-5.3478198163e-24 
-2.6413564800e+08 
2.1248279360e+18 
-3.5733161535e+16 
6.9737807560e+36 
7.3028150000e+06 
2.8568908297e-25 
-4.9481588073e+16 
-1.4690000665e-20 
-4.5389782599e-07 
2.4779550720e+10 
6.9859587500e+05 
4.9540621127e-17 
-1.0321551688e+12 
1.1742634108e-29 
3.2551889920e+09 
-1.8275683113e+15 
-1.1783086200e+24 
1.0483131030e-09 
2.6401415687e+32 
2.0655039901e-09 
-2.1927766269e-09 
2.4432590028e+23 
1.6243219493e+30 
5.8162558625e-37 
-1.9158840171e+37 
-1.2598449931e-26 
-2.8108060922e-33 
-1.0777478474e+16 
4.6673543159e-24 
-8.3551639087e+31 
-2.8137248463e+20 
-2.9811616539e-22 
-1.2496297764e+22 
4.7246307492e+12 
3.4658872320e+09 
-1.4469143441e-20 
-6.7414846420e+00 
1.9316237500e+06 
2.8875968703e+26 
8.3597441488e-21 
1.2802343630e-09 
-1.0036884183e-19 
8.7621101158e+11 
4.5405837312e-08 
-1.0362499072e+11 
7.0493920144e-32 
1.4300486755e+02 
6.2249414623e-02 
2.9361611771e-33 
1.7469704069e-12 
9.0716911093e+18 
5.6366532323e+27 
7.9407120824e-26 
1.7670609477e+22 
3.0715559902e-38 
2.9325442748e+35 
-1.6652143487e-31 
3.9650797915e+17 
2.1540800412e+35 
5.6101700466e-05 
1.4939224575e+20 
5.3085708422e+37 
-8.1015150499e-06 
3.4003956983e-08 
-4.5657904479e-07 
3.4636967309e-34 
-1.1952677736e-09 
3.3444774019e+13 
9.7142256221e-34 
1.3340043448e+36 
9.3251457214e+01 
-4.2152420696e+23 
1.0370104290e+29 
2.5346681357e+37 
-4.7040955000e+06 
9.7542025003e-28 
1.3276800954e+35 
4.6523805708e-02 
-3.0695411909e-17 
2.6931359487e+29 
-7.5356283924e-04 
5.7723886289e-36 
1.5343894306e-17 
3.2561202635e+21 
1.4693761724e+17 
2.5852833453e+38 
-4.7402833476e-14 
-7.2876159304e+28 
-1.0115252768e+20 
5.0593525760e+10 
1.5232524964e-10 
4.4404609968e+18 
1.1960545654e+03 
2.4378726977e-28 
-3.2905318892e+12 
9.3669811031e-04 
-3.3840354815e-26 
-1.6444211611e-16 
-5.4153828106e+12 
-1.9441925242e+20 
1.8632095482e+27 
-2.3312754777e-33 
1.5881405566e-11 
-1.7091485762e+13 
5.4949535950e-36 
-8.5562980701e-08 
-7.0889115543e+18 
-5.7729745972e+26 
9.6107778549e+00 
1.8776908105e+17 
-2.2947158141e+18 
1.8757842944e+10 
5.5951236391e-06 
-6.0730377299e-05 
-4.7429881137e+20 
1.2410207419e-03 
-3.2463873047e+04 
-1.7857893705e+00 
6.1346672640e+10 
1.2665876752e+37 
-6.6603107578e-12 
2.1355647453e-16 
-4.7687004345e-10 
2.8463177487e+22 
-5.0673582284e+26 
2.1050621952e+12 
7.7507017518e+37 
1.9401417870e-18 
-4.9353789423e+36 
3.2457364603e+12 
-1.4953415442e-31 
6.8263392450e-07 
4.1035950982e+19 
-2.9471512787e+32 
-1.8998343633e+28 
-1.0328821537e-30 
-1.9940813459e-36 
3.3387011426e+19 
1.7260238750e+06 
5.8745728203e-27 
-4.7480053957e+13 
-4.8175259437e-18 
-6.6000659160e-08 
-1.5499179888e-18 
1.3787550976e-30 
1.0680870500e+26 
1.7539141700e-02 
-1.0970724871e-36 
-9.0015595333e-07 
-5.2346262400e+08 
1.0136137843e-18 
7.6876195157e+16 
1.4310549200e-01 
-9.3953317404e-01 
-1.0825243378e+02 
5.8185359657e-36 
3.3224830000e+07 
-1.1959232216e-10 
3.6988493055e-02 
-9.6090596344e-05 
1.9411404896e+35 
-6.1934615534e+35 
5.9511230467e-28 
4.0909978338e-07 
4.8119123094e-03 
-1.0629857963e+36 
1.7629975903e+36 
-1.2348386529e+36 
3.5196751053e+12 
-9.4724526256e-32 
8.8792867246e-06 
-7.7309270097e-11 
4.3829122020e+29 
1.0926372654e-13 
-3.4905948160e+09 
-3.3729124762e+11 
4.0172414566e+11 
2.3438839316e+37 
            nan 
-5.2194128691e+11 
-7.1810495917e+28 
-2.6885488986e-27 
1.6695946117e+13 
-3.9874284442e-17 
8.7198364085e-09 
-5.0244943724e-39 
-8.6277597297e-23 
-1.0373598274e+30 
2.5879672320e+09 
2.8205378180e+31 
-1.2303429983e+30 
4.2880128603e-04 
1.9004696875e+05 
-3.2670455754e-18 
2.3091284093e-03 
3.7912647599e-07 
-3.9956722186e-31 
-1.9840629146e+11 
4.4299071045e-22 
1.0338770964e-25 
-9.8797250150e+11 
1.9524506481e-18 
1.6791447997e-03 
-9.5084347392e+10 
8.2117338746e-28 
5.2915077120e+10 
4.5317742614e-13 
-7.1995688241e+27 
3.2993145690e+20 
-3.0811523438e+02 
7.8013613347e-09 
1.0880700188e+37 
-1.3982877820e+33 
2.7279582822e+12 
-2.5566802315e+32 
-3.1862996875e+05 
1.0466982900e+27 
-1.0265318871e+01 
-8.6457735263e-23 
1.0405068156e+25 
-2.0455618846e+37 
1.0421298985e+25 
-5.6380388560e-04 
-5.6824836915e+11 
3.3781001302e+25 
1.0814642202e+35 
-1.0390486604e-33 
-7.0331413927e-32 
2.2226591682e-05 
-8.0068562891e-10 
8.9309424117e-20 
1.2793112114e-24 
1.6277599436e-15 
-6.0024431964e+33 
-2.7079080125e+25 
-1.6300779086e-12 
-7.5560773862e-29 
-3.9575989358e-03 
-9.2682233799e-07 
2.9782046720e+10 
1.6583074457e-15 
-3.5313146891e+19 
2.2073373959e+25 
1.4991725978e-33 
2.6206066650e-08 
1.1783601416e-19 
2.6200200141e+38 
-9.3635546875e+02 
7.2908169129e+31 
-2.9698129920e+09 
2.2772873047e+04 
-4.4780035387e-04 
7.4033050396e-28 
-2.8224897513e-15 
3.5331268113e+31 
-1.2245988352e+10 
8.7344513946e-38 
5.1620366393e-19 
5.3332807617e+03 
-4.1132789596e+28 
6.1072299688e+25 
1.4802464988e-38 
1.9281944167e-31 
2.3238068302e+17 
-5.4002857196e+15 
9.2137232423e-04 
1.7986640000e+06 
-7.9159079291e-10 
7.4897865786e+27 
5.6803239027e-36 
3.1988041280e-31 
2.7864869336e-18 
7.1055078812e-31 
2.6937425920e+09 
-5.7954551553e+36 
-1.4553105505e-20 
4.7962075955e+11 
9.2469053925e-07 
-4.4752494677e+20 
8.5029372803e+37 
-2.4220392072e+30 
-5.4191820323e-02 
3.4699685755e-31 
-4.5087642670e+01 
-1.6537233023e-03 
1.6344967223e+30 
5.1063061340e-36 
6.2825143005e-21 
-6.2444406570e-37 
9.6016572040e+26 
-1.8766375000e+04 
-2.1441299078e-32 
1.6303936281e+29 
-2.3094514197e+33 
-3.6278218031e-03 
7.7703500000e+04 
-2.4823515107e+14 
-2.7489375000e+04 
-5.4699609375e+02 
-6.3650985830e+14 
2.9844145963e+36 
2.4109464425e-12 
-5.7432390700e-20 
2.9775850839e-15 
4.6213512561e+12 
2.4696807070e+30 
1.6061322261e+16 
7.6553526737e+23 
-2.9321876093e-39 
-7.8950384008e-09 
-1.0456397674e-32 
3.5155960320e+09 
5.8357473463e-02 
-1.8780924136e+25 
-7.0975462690e-34 
3.6498876155e-29 
-2.8949051936e+23 
-1.9601644132e+29 
-7.3427812500e+03 
1.2322562500e+04 
5.2161164390e-30 
1.9240387278e-15 
6.2087707520e+00 
-3.5771483386e+25 
-6.4949526242e+16 
-2.0633613193e+32 
2.6802926892e+18 
-3.6669368527e+33 
2.5741004944e-01 
2.5083329189e+24 
-9.6887207031e+01 
-3.2756818001e-25 
1.5054438994e-19 
4.0554070220e+19 
-3.2521042721e+38 
2.4090625328e-13 
-1.7223305612e-31 
7.4386956646e+23 
-1.9412979555e+33 
7.9884781093e+13 
-7.0193948432e-09 
-5.9706753430e-13 
9.5488706455e-35 
-7.5278221925e+19 
-1.7152451526e+35 
-1.7674559727e-02 
-3.8975313019e+12 
7.9235760098e+19 
2.7465696335e+01 
5.2253123783e-30 
1.6867949637e-15 
3.6038499049e-17 
-3.9480636625e+26 
-4.7975200380e+37 
-7.7129160930e-30 
-7.8450520981e+28 
9.3492481145e-38 
2.2690307617e+01 
5.9518314611e+13 
-2.2433311079e+30 
-6.4786982800e+22 
4.1951064463e+32 
-8.9316554153e-11 
7.4653712027e-19 
7.5275628542e+24 
5.5916416386e-08 
1.3568361582e+35 
1.3215880661e+23 
-1.9803522773e-17 
4.5058082801e-15 
2.1983179639e+31 
-2.1213141110e-07 
-9.4228492188e+04 
-3.4947390911e-16 
2.7588263271e-11 
-8.9580301062e-34 
-6.3342214761e+35 
-2.7618297626e-28 
6.9620832666e+11 
-3.8474300328e+26 
2.1782656250e+03 
1.5511948005e-37 
3.9255543260e-12 
2.1925766304e-20 
8.4814453125e+02 
2.6165245952e+10 
2.4524263129e-25 
-9.6882359090e-29 
6.9460287488e+10 
1.7116013184e+03 
5.1348913461e-02 
4.3634133181e-04 
-4.2595525156e-04 
-2.7242539821e-11 
4.3125789241e-27 
1.8725156603e+21 
-2.9793365454e-21 
1.9347567104e-08 
-1.1391784668e+01 
1.5066171875e+03 
8.9034154793e-38 
2.6702908825e-22 
-2.1302875000e+04 
1.8267259002e-03 
8.7230502227e-16 
8.3020544090e-39 
-3.4055137634e-01 
-3.9804947866e-36 
-1.3151698421e+24 
-5.8069343227e+18 
-1.6303132106e-22 
2.6120443241e+22 
2.1386095512e-31 
6.0559200874e+29 
-2.4089261507e+13 
-1.5414261760e+10 
2.8154963627e-02 
-2.9398508807e+19 
2.3812406063e+00 
1.2940443754e+00 
1.3404361531e-18 
2.4434759325e-05 
-2.8156556752e+24 
-7.8400592048e-20 
-2.5696695108e+31 
-2.5221284913e+16 
            nan 
2.4611001467e+12 
1.2937164229e-08 
4.7298537062e+11 
2.6187902220e+28 
-1.5351756324e+32 
2.4523098080e-23 
1.9377177201e+18 
3.2123008000e+07 
-4.5632629395e+00 
4.5461409637e-10 
-4.7809583568e-16 
1.6393702761e+38 
4.5067397536e+30 
1.2180265788e+20 
-3.8068891236e-29 
-1.1266420685e-08 
1.1818173409e+01 
-2.7176099296e-28 
3.5977805965e-03 
5.5870617966e-21 
5.4953311983e+16 
-7.8325684634e+11 
1.7414270245e+16 
-2.1643923898e-19 
6.0138423920e+01 
4.3392330170e+01 
-1.3838270681e+29 
-4.9871536057e-27 
-3.9439912885e-02 
3.5275594510e+15 
8.0510643245e-27 
4.4221995915e-30 
-4.6421306304e-22 
-5.6340511688e+17 
2.4807286440e+35 
-6.3901964350e-29 
-4.0809494124e+23 
3.5544637456e-08 
4.9880924044e-12 
7.3896784538e+29 
-3.9135343158e-31 
-5.6128821264e-19 
9.2527741723e-17 
-1.3340366602e+13 
1.6729351282e+00 
4.9844590625e+05 
-1.1750526394e-14 
-2.8326233458e-18 
1.0403209859e+34 
3.6745556413e-14 
-8.8255847168e+02 
1.0585735738e-01 
5.4778616000e+07 
5.0552527642e-30 
1.7690561712e-01 
2.1094241378e-20 
-4.7954103501e+11 
-2.2510256206e-35 
-5.1711298438e-11 
-7.0065801236e+18 
1.4663930393e+19 
-2.3533747715e-33 
3.3544465602e+36 
1.6464097899e-20 
2.2360215371e-04 
1.8111683131e+36 
-3.1063068556e-24 
-1.2108317275e+14 
-8.7307145397e+35 
-1.5798125382e-38 
7.1571484375e+04 
7.8961414413e-26 
-1.0897886588e-35 
-5.5912172684e-05 
3.1834267811e-29 
5.9764139354e-02 
-1.4167291881e+15 
5.1554637800e+29 
-7.8862991359e-05 
-1.8852049255e+02 
3.1347838821e-12 
5.9622481926e-24 
5.6461411925e+18 
-1.4640294175e+25 
-6.5020066130e-32 
-2.2123509760e+10 
-2.8626305167e-38 
2.6656654591e-17 
1.3558006344e-28 
-3.2414423585e-16 
-6.7184880826e+24 
4.2679548000e+07 
4.3442623138e+01 
5.2982654566e+11 
-6.9287634847e-29 
5.7988619663e+36 
2.0837942249e-23 
-6.7305678067e-22 
1.9858379723e+24 
-5.6719675000e+06 
-1.3744615136e-36 
-1.0201223528e+18 
2.3923459594e-05 
8.6103235834e+34 
2.6352484022e-26 
-4.6025202404e+15 
5.1143124189e+13 
-3.3128157500e+06 
3.5137944718e+26 
1.9289071108e+27 
3.5488232960e+09 
1.9456927021e-06 
-3.7203107209e-19 
-2.1362317142e-29 
1.2424349219e+05 
1.8421656000e+08 
-2.4764201740e-22 
-2.4311740912e-21 
8.4157152779e-27 
-1.2812332010e+33 
1.3353941917e+01 
-1.0733549219e+05 
-4.4756544740e+28 
-5.4538513811e-37 
1.8741405160e+31 
-1.6368025541e+00 
7.1783268817e+26 
4.5799901681e-38 
-4.3721704238e+28 
-1.7660751590e+20 
1.5213216242e-09 
-2.7587290853e-02 
1.0980960539e-14 
2.1772032407e-30 
-7.2888770384e+27 
-9.3334226200e+32 
-3.0153603110e+26 
-5.3190219387e-34 
-3.7128362197e-25 
-1.9282969570e+25 
-1.5744820840e+28 
1.3482185612e-27 
1.0189288232e+24 
-8.4116497323e-21 
1.9352344054e-30 
1.6726137655e-25 
4.2674992687e-30 
-1.2325867871e+16 
-3.3276300690e+25 
-3.9025713873e+20 
2.2473464292e+22 
-2.8558312692e-07 
-8.7220492188e+04 
8.1881109694e-14 
1.4562758207e+00 
8.4345096241e+13 
2.1227211200e+08 
-6.5550808369e-38 
-1.9455483489e+30 
2.9784987672e-24 
3.0949269765e+17 
-6.8451554779e+20 
2.4018378724e-35 
1.7012002354e-04 
-2.8858178317e-19 
-1.3581847191e+01 
-6.0430872454e+28 
4.6086237078e-26 
-7.5612829259e+24 
-7.4653584514e-34 
3.6606956542e+35 
7.7675560960e+11 
1.4789262338e-20 
-7.1556648091e+34 
-1.8822714500e-36 
6.9267932160e+09 
2.0917085266e+02 
1.1343677720e-29 
5.8577502024e+15 
1.3739999493e+35 
-2.2859402514e+22 
7.6313492188e+04 
-2.7528533272e-11 
1.5119193397e-10 
1.7343087820e-03 
1.5844227946e+38 
-4.0854053761e-28 
-2.6510329650e-17 
-3.2840394293e-10 
7.4545777869e+11 
2.9739892398e-06 
3.3096595456e+10 
2.1752461466e+32 
7.4577595000e+06 
-1.3463794695e-13 
-1.3349481905e-24 
1.4984883405e+11 
6.4473790751e-09 
-7.4075115616e-13 
-5.7976410745e+20 
-4.1225851964e-19 
-2.0221954727e-26 
1.0770005167e+26 
-1.8413500724e-09 
1.9169896647e+15 
2.8751303997e-19 
-1.5749504525e+32 
-5.2165330544e-07 
5.8137644005e-12 
5.5238982655e+25 
1.8236857951e+15 
-1.1784066543e+23 
-5.9281163690e-27 
-1.0756436457e-15 
-5.5202487131e-16 
3.0480381190e-28 
-6.6004020483e+28 
-4.5617197286e-21 
-1.6802292813e-29 
1.5865796177e-10 
1.4074802605e+34 
-3.7017319765e-10 
6.5908731381e-13 
-1.7975062240e-25 
-2.1315975578e+11 
-5.8425050302e-36 
1.5177746213e-11 
-2.2901723560e+24 
7.0925115000e+06 
-2.0816503610e+24 
-1.6890133736e-07 
-9.5040233800e+12 
8.6030566036e+19 
-3.1896604538e+01 
-4.9530608878e+24 
1.0053861574e+30 
8.5070149327e-18 
-5.1290231443e+17 
3.8303285255e+18 
-1.0412536708e-35 
1.5531192638e+33 
-6.7353981018e+01 
1.4113767686e+30 
-1.1123207017e-14 
5.4627606200e+12 
-1.4180383801e-07 
2.4830443257e-10 
7.2813949585e+01 
1.5553714539e+23 
5.0181483917e+17 
-9.4263171959e+15 
-2.0511298355e+11 
-8.4150748971e+13 
2.9407213905e-29 
-5.5414287360e+09 
-2.0718260193e+02 
2.5242819959e-35 
-7.7898970316e-32 
9.6399618247e-19 
5.0849672407e-02 
-2.5183857593e+30 
2.3312025456e-31 
2.6720096285e-26 
-1.9231150818e+02 
-5.9162199299e+34 
-3.3748293579e-34 
2.6138150692e+00 
-1.3326463318e+02 
-1.7471795603e+25 
2.2878966086e+17 
1.1380548197e-12 
-4.7079018527e-26 
5.3040573440e+09 
6.0754125634e+25 
1.3183169144e-30 
2.9154831360e+09 
2.3150972000e+07 
-1.6431674200e-16 
-1.0956528337e-17 
8.0906972932e-22 
6.9080529749e-25 
3.9023857425e-06 
-4.4984422535e+28 
-7.0304140800e+08 
-9.7190807258e+23 
3.2857836271e+19 
            nan 
1.6275086402e-26 
2.8601790177e+23 
-2.7436123047e+04 
3.3247430675e-36 
-6.5342416582e-22 
1.1216751498e+30 
-4.8907043791e-17 
-5.1713356515e-04 
6.8387083729e-07 
-7.6477591716e+12 
3.8809982593e+37 
9.1292529643e+14 
1.5768390325e+23 
-4.7163830151e-22 
2.5895322518e+14 
9.5687851265e+17 
-1.6793298906e-32 
8.5656842066e-15 
-2.1489330097e-17 
1.8125569405e-12 
-3.5391084850e-02 
8.0557417794e-31 
2.2824539230e+18 
-2.1623595705e+28 
-2.1016211808e-01 
-1.2575049017e-15 
-3.3585040304e-10 
-4.2213194072e-02 
2.0131783393e-11 
-3.1526259859e+15 
-3.0823945962e-22 
3.0901868857e+19 
1.2200858154e+03 
1.5378196194e-19 
3.1670566775e-29 
-9.7912235870e-18 
8.0630607746e-10 
1.9742883793e+25 
-9.6543849443e-31 
-2.0330930710e+01 
1.7390059052e-14 
-8.0285780714e+16 
-3.4140077407e+23 
-1.7241709076e+24 
-1.1576688136e+16 
6.0047774250e-33 
2.2246960670e-26 
1.6495948043e-25 
1.8190459769e+27 
8.3615622898e+26 
-4.8421424251e-18 
1.0644969007e-04 
5.3496530122e-11 
3.1518596246e-16 
-1.0366872291e-11 
-1.2759358000e+07 
-2.5118438783e-23 
-2.4069539097e+38 
-4.6264265903e+27 
-5.4054349764e-30 
-2.2244965981e+38 
-3.9653059095e-02 
-6.0370335622e-26 
6.4483482573e-13 
2.3100413704e-36 
3.1746349350e-27 
-1.5301411964e-15 
1.9840543897e-28 
1.6833358750e+06 
-5.1404219096e+33 
2.4514800870e+32 
1.0192871096e+12 
2.3778666503e+20 
-8.4794156800e+08 
-2.2420308596e-05 
1.7302496875e+05 
-2.9437505042e+35 
-2.8795191815e-26 
3.0449536370e+19 
1.8830581009e-01 
-2.0340875000e+06 
-2.5802869141e+04 
5.1323370382e+21 
-4.2475793750e+05 
-3.4046511270e-12 
3.7431657341e+34 
-2.7806119760e-04 
-2.0289454912e+23 
-1.0451716744e+26 
2.9075476564e-14 
3.9481186264e-38 
-6.0714175925e-03 
2.6913555221e+28 
-3.9086014961e+21 
-3.1345044480e+09 
-1.7760609894e+12 
6.2936034579e+18 
1.7981214122e-25 
2.8500579834e+02 
-1.4509424249e+21 
-4.8349926493e-12 
4.3200021450e+17 
6.2052849974e+16 
1.6421668231e-02 
1.0212541076e+19 
2.7582977702e-21 
5.7977424606e+32 
-1.0061794065e-08 
2.5576895202e-12 
2.9665386386e+22 
3.9310070906e-38 
1.2397759839e-33 
-6.7160057273e+26 
2.4192302400e+08 
-3.8326034265e+30 
-8.6377818478e-19 
-5.0716836642e+31 
-3.5996046662e-01 
-1.7674796250e+06 
2.1499726370e-13 
6.6964252003e+24 
-3.6236857692e+21 
-6.0601108937e+17 
4.4605501274e-20 
-3.3843064923e-18 
-4.0584610542e-04 
5.6533512665e-33 
-1.9818601769e+23 
-6.0271346941e-19 
1.4283631025e-35 
-1.1892622764e-37 
-7.6325310169e+13 
-7.4120919964e-38 
-6.6672056320e+09 
-1.6428235911e-32 
1.9315601950e-33 
2.3374662830e+19 
-1.6681860971e-12 
2.6220027904e+10 
-1.3996458596e-26 
-5.7553044996e-08 
-3.0924956761e-23 
-1.2500366325e-25 
-1.0650617241e-06 
1.2022436182e-30 
2.3525503930e-03 
4.5595144967e-17 
8.6088310000e+06 
1.2006590205e-21 
-2.1683840442e+37 
2.0503448000e+08 
9.4359201193e-01 
8.1746812791e+21 
1.5177279000e+07 
5.6715482864e-33 
-4.4151760177e+36 
5.1725595441e+18 
-2.1551551605e+19 
-2.7383702739e+26 
5.9130096543e+14 
-4.3980371914e+37 
-2.0338514404e+03 
-8.8282448224e+32 
-6.2449284736e-21 
-2.7276030938e+26 
2.2715863376e-19 
1.0352597500e+06 
-4.6810324573e+16 
-4.4484513998e-01 
-1.4653130202e-03 
8.5608305651e-34 
1.0228530176e+10 
1.1410697248e-20 
3.9909061759e-26 
1.1634677068e-38 
2.5789228708e+31 
-4.7604861407e-20 
3.7167197500e+06 
-1.0922974608e+27 
-2.8757548068e-35 
-8.0453971168e-04 
-5.2393130668e+23 
5.7624974572e-38 
-1.1824583179e-29 
1.1052528043e-20 
-2.4577989672e-21 
2.4924559023e+32 
-9.5745006106e+34 
1.2355340049e+23 
-1.7460673701e-33 
3.7976058404e-29 
-4.1012464000e+07 
-1.6987765997e+27 
4.4079356000e+07 
1.0713928876e-11 
1.6519758750e+06 
1.0078706196e-31 
-1.4639451904e+03 
5.1458691072e-28 
-1.6702183836e+26 
-5.8663189411e-03 
-5.7252685803e+20 
-2.4626960794e+11 
4.4001795637e+17 
-3.3336200116e+34 
-1.3466688000e+07 
-5.7769407283e+11 
-2.5428889600e+08 
-1.6358941579e+25 
-6.7215331217e-32 
8.5359447415e+30 
-3.2541581260e+33 
2.8668582672e-06 
-4.1442865318e+33 
-4.1479032177e+18 
-1.0761854886e+17 
2.9215039062e+02 
-1.0848364896e+33 
3.2911801332e-16 
5.1580246094e+04 
2.1941668968e-11 
6.0195166107e-30 
-1.5244407226e-18 
-1.6129758078e+25 
-2.7882366000e+07 
7.6265492188e+04 
1.1962523425e-25 
1.4518384485e+26 
4.6575150918e-06 
-7.1475937500e+03 
-8.3253109195e+13 
-3.2909965515e-01 
6.8433408000e+07 
-3.1061217967e+25 
-5.3882300854e-03 
-1.7741169870e+17 
-6.6934354770e-27 
-1.4184455913e+16 
3.6515061808e-13 
-2.3403100000e+05 
-1.1751350000e+05 
-4.4069565705e-14 
-1.0307621690e-19 
6.6288751794e-23 
-1.1263601163e-11 
-2.6564572474e+21 
1.4201644835e+38 
4.2701130510e-16 
4.1168394685e-01 
-1.0381277491e-16 
1.1870992684e+31 
1.5555191040e+00 
-1.3839300748e-17 
-6.4983846398e+19 
2.4002637902e+19 
-1.8823522026e+33 
-8.0231394445e-14 
6.1284608501e+30 
-2.8245405505e-19 
-1.7019321883e-22 
5.2891662189e-34 
7.1886187729e+32 
-7.1094282926e+27 
-1.7890203208e-12 
-8.1931790264e+22 
6.3479132677e-21 
1.2713267870e+36 
1.6884500000e+05 
-7.4050865156e+30 
-9.9068746442e+16 
2.0098126953e+04 
-4.7256440832e+10 
7.7913795207e-12 
-1.6922555270e-17 
-9.6294806250e+05 
-3.1996327381e-14 
3.8343500188e-32 
1.4242690996e+20 
1.0771203485e-08 
-8.9763436800e+08 
5.1860708928e+18 
2.0680669695e-04 
1.2108418333e-35 
-4.4594590607e-15 
4.0750909680e-32 
-9.5698125000e+03 
3.5138720000e+06 
-1.3843457031e+02 
-3.2402604120e-06 
1.1975305073e+35 
-1.5054224327e+28 
-9.1140464065e-07 
1.4759219200e+08 
1.8357126471e-37 
-9.5048879801e-29 
2.1905650099e-17 
-2.0467488176e+36 
-1.6169542980e-17 
-3.1818519860e-33 
1.6009000970e+17 
-1.3469871069e+23 
-2.3802257441e-32 
1.5433813477e+04 
-2.8335561300e+28 
-5.6266849518e+01 
-4.4291253906e+04 
-2.2867557234e+30 
2.3000403167e-21 
5.5173519772e+23 
1.9360314438e-17 
5.9945999401e+12 
3.9250657377e+26 
-8.5301953125e+02 
1.5064171992e+26 
2.8741921145e+16 
8.7401108289e-30 
-1.3311365898e-12 
3.1978678603e-15 
-5.2590398218e+26 
9.2435841920e+21 
-1.0016679526e+11 
-3.3763499232e-06 
4.5244961234e-35 
-3.5256385803e-01 
4.1808896000e+08 
-4.2528041974e-17 
1.9555506883e+23 
1.4040749211e-33 
3.6229143006e-05 
2.2809604941e+14 
1.1804923415e-03 
8.5756875000e+03 
4.0895025108e-25 
6.6834544303e-19 
7.9751365000e+06 
-2.9679846191e+03 
-2.5364334117e+13 
1.5525951898e+11 
-2.2314069203e-16 
-6.8643074223e-21 
6.7614508502e+33 
5.8567175060e-35 
2.9885102788e-38 
2.6768796602e-07 
-7.4660411337e-04 
-1.7312965010e+36 
-6.7830995200e+08 
2.0562653305e-18 
-2.1544367892e-32 
2.2787277842e-08 
-7.7111515999e+00 
5.3402941532e+15 
3.4161526489e+02 
-4.9071638508e+31 
-3.6216343869e-04 
9.6347765665e+20 
-8.2740510367e+34 
1.3046122086e+11 
3.4191611529e-33 
-2.1714089751e-26 
1.4394206702e-35 
-3.8969996242e-30 
-4.3750207956e-36 
-1.6617884160e+09 
4.3382814414e+35 
-9.7731750304e+26 
6.4638509568e+24 
1.8562485814e+18 
            nan 
1.9563575648e-08 
-4.0331878509e-24 
3.8282804407e+32 
-1.4256543723e-09 
1.1893200099e-37 
3.4868005663e-02 
5.0523206897e+14 
3.6552657979e+22 
-4.7721215196e+15 
-6.4823442383e+03 
5.0782267379e+17 
-9.4600712000e+07 
7.2812182027e-25 
5.7647350730e-35 
-1.1788234920e-19 
1.4024881209e+13 
-7.8981043428e-38 
-5.8582726994e+31 
1.7353502892e+35 
-4.9178828800e+08 
1.5956176680e+30 
-1.4992243444e-22 
-3.2576800154e+25 
-2.9732342527e+19 
-1.6687748642e+34 
1.5034939827e-20 
-3.2863209966e+35 
-3.1044581886e+24 
5.1351843797e-35 
5.4941253906e+04 
-1.6609384990e+30 
-1.4353053468e-10 
1.1218482769e-20 
-3.6978010097e-31 
-1.0911418166e-30 
-1.4694597721e+00 
1.5661972135e-18 
3.8254476788e+13 
-2.5567043609e-38 
-1.3520762343e-24 
1.0070211882e+27 
1.8040611668e+13 
4.8327798831e+33 
-5.8592206642e-07 
1.5516020491e+24 
1.2014382714e+28 
-2.9853441674e-07 
-5.6979890176e+10 
1.8930596095e-16 
-1.4938399909e-12 
-1.3754978526e+29 
9.1810833305e-37 
1.2571886221e-31 
2.1933054093e+34 
            nan 
7.8994423589e+35 
-1.9466227968e-04 
-5.5203834393e-08 
-7.7585614153e+34 
-4.8514900208e+01 
-1.3508645440e-24 
-3.8964432407e+22 
-8.4168447321e+28 
5.1880846059e+14 
8.3670053482e+00 
-2.5244575685e-37 
-6.0395317383e+03 
-1.0529089000e+07 
            nan 
-1.2546519523e-29 
-3.6820560455e+01 
3.4107018094e-36 
5.5023080291e+18 
1.8829953720e-38 
-2.4308694203e-31 
2.0821375000e+04 
7.4694041792e+22 
-1.0649338961e+00 
-6.0314838030e-18 
-7.3580406250e+05 
6.5077080228e+13 
1.4503563317e-28 
-7.7038636664e-04 
1.6191051277e-10 
-1.2822079007e-03 
1.7344114426e-12 
3.1230008801e-08 
7.0502090000e+06 
-4.1285171785e+18 
-4.5992324111e-27 
-2.0817802350e+30 
1.9460214096e+27 
-7.7860842773e-11 
2.0495745565e+19 
2.1425497323e+31 
-3.0046466219e-16 
1.7773271542e-36 
-8.1318873959e-35 
-1.0426447866e-28 
7.4225086886e-17 
2.1404663300e+30 
3.7804468245e+32 
9.1148498515e-29 
-4.3215059200e+08 
-1.4843703520e-37 
-6.2599387938e-37 
-1.7950196367e+12 
5.1570076800e+08 
-4.3109949652e+34 
1.5070373520e+32 
-4.4819430285e-12 
4.3424024308e-28 
-1.5602473979e-07 
-1.2409550781e+05 
5.6601206250e+05 
1.6886230860e+16 
6.5094812841e+22 
-3.6067341309e+03 
-1.2344181233e-11 
3.0561455967e-23 
4.7794487280e+36 
-8.1618983794e-10 
-1.2489553684e+36 
2.9142042982e+15 
8.8931598200e+15 
-1.6228331571e+30 
-1.0248096466e+02 
3.3885123873e-11 
1.6849534659e+18 
1.7239383965e-07 
-9.0575861122e-07 
1.7212875379e+34 
-2.9837180697e+22 
-9.2404764396e-11 
-4.9880014558e-05 
3.6244005000e+06 
-2.5250923239e-23 
-8.7933153776e-18 
2.5068288890e+33 
-1.0991762500e+06 
1.6108874708e-15 
4.2172594306e-08 
-1.3259369115e+27 
-2.1821690880e+09 
1.2508846962e-21 
5.8748782510e+12 
1.4981155205e-09 
-1.9914147977e+38 
-1.1405512168e-27 
1.3043180933e-30 
1.9863682000e+07 
-1.5323919356e+31 
-4.5404672901e+25 
-8.5583830092e+30 
-2.8815482873e-21 
9.5340500000e+04 
2.2475913083e+34 
-2.2516772221e-37 
7.4042114535e-17 
-3.1936121194e-22 
8.7114586652e-37 
6.2413439322e+15 
3.2650498196e+35 
3.2483803125e+05 
2.3411044103e-15 
-3.1596071243e+01 
-2.1042218240e+09 
1.5342024213e-33 
-4.8813809913e+14 
-9.2803428459e+32 
-1.5756000211e-25 
1.0783514952e+12 
3.1705970379e+31 
4.6148032525e+28 
-1.1659952517e-11 
3.0240006795e-18 
-5.3361753406e+19 
-2.2674122395e-17 
1.6476060800e+08 
1.5950544000e+08 
-2.9880268627e+28 
-7.7938066553e-30 
-1.6557336058e-10 
-1.0626988188e+16 
1.5491573478e+21 
-1.3838583398e+11 
9.3668752909e-01 
-3.1903331309e-38 
1.8129452506e+19 
-4.3651883885e-08 
-2.5325142540e+13 
-2.6262563123e-26 
-2.1253871918e-01 
-2.7576442305e+29 
5.7360378129e+19 
1.1610438366e+23 
6.0631880817e-38 
5.0948953342e+17 
9.6456920793e+13 
-1.9236441087e+18 
4.5997878137e-36 
4.7074902909e-07 
-1.1932193068e+36 
2.4390106193e+36 
-4.0148283691e+03 
-8.2059736783e-09 
9.9189638609e-33 
1.5672697695e-20 
-3.2806435618e-34 
4.6175373788e+16 
2.4605178833e+02 
7.3204037059e+12 
-2.8965847498e-09 
2.9005663175e+13 
-7.1504823157e+16 
6.2871530541e+25 
-7.1639786508e-39 
2.1389067520e+09 
-3.0847114923e-37 
-3.9767507464e-02 
3.6004747350e+16 
-2.1230458630e-16 
3.8832256389e-21 
2.8674330228e-30 
-9.4530227405e+12 
3.7465337664e-02 
8.9898714796e-03 
1.8077565730e-01 
7.4640750885e-02 
-6.2703765091e-31 
-3.3853574994e-37 
2.9130737305e+01 
2.3671262153e-18 
4.5192976406e+28 
1.0110063477e+31 
6.7757748197e-12 
-9.9254018245e+13 
-1.6454945271e-24 
3.4131338299e-14 
1.0684365600e+08 
-2.1360115104e+27 
-6.9321576175e+17 
6.3188409547e-34 
-3.6213766885e-20 
1.6538842508e-27 
1.6516273546e+36 
-2.2412796436e-38 
7.4522986324e-06 
1.2518841519e-09 
-2.0089463426e-09 
-1.2963163555e-19 
9.1279966835e+33 
6.0928757812e+04 
-6.5008061210e-26 
-2.2420113475e-30 
1.6533361250e+06 
2.5357323121e-13 
1.2192319593e-24 
-2.1395126378e+25 
5.6107253822e-20 
-4.5951748000e+07 
1.5149460388e-35 
1.7025201900e-32 
4.0873593067e+27 
-2.3326086426e+03 
-8.3110047826e-38 
1.4780078125e+03 
-8.7877633431e-27 
1.2810674017e-13 
2.7859348620e-22 
9.1280225075e+11 
-1.9260130560e+09 
3.6309950797e-31 
1.3604815872e+10 
1.1707926542e-01 
-1.1305454294e+17 
5.2697679461e-24 
-1.8073694082e-03 
-1.1608291017e+13 
-6.4752253906e+04 
-9.9080113824e-20 
2.2626501561e-07 
-2.9518319058e-35 
-2.4331861572e+33 
-1.3574083917e+14 
9.8076106622e+35 
2.1491450401e-23 
-6.5219419177e+12 
-1.4760067279e-04 
-6.4570322585e+35 
-2.2760500724e-04 
2.4524031895e+37 
1.2569797662e-32 
3.3871653676e-01 
-4.2553136579e+24 
-8.7020179490e-04 
-1.1320328355e-13 
1.6003091168e-27 
-2.6290149774e+25 
2.6920097300e-24 
-5.2583456039e-02 
-1.1542355355e-33 
-7.0856759863e+21 
-1.3620839380e+18 
-3.5289334546e+13 
2.2816711153e-14 
3.4786250752e+10 
-3.5908269041e-34 
-3.0667076995e-21 
2.7168346732e-15 
5.2169667470e-05 
-7.6336072753e+13 
-2.3971202000e+07 
-1.1141297208e+17 
-1.0408219420e-27 
4.9733158112e+01 
-6.9426516045e-20 
-5.3693442921e-12 
9.3614047323e-31 
-1.1710823514e-02 
1.5768052340e+00 
1.0894331367e-20 
-1.8698673096e+03 
            nan 
-2.6780844738e-26 
-2.1450912929e-29 
-9.8012223653e-20 
4.4648959787e+28 
3.8900460722e-27 
-4.1088382425e-16 
-1.5781065343e-10 
3.4376697747e-18 
-2.9796180659e-30 
3.6054795228e-28 
1.3577830400e+09 
-5.7545553318e-06 
2.8255620608e+29 
-1.8931495731e+12 
2.3321953870e-29 
-1.4927081528e+17 
-4.4131245325e-09 
-3.2564734600e+26 
6.5698917505e+15 
5.1198194306e+34 
3.1600382924e-01 
7.2975546122e-01 
3.3474069332e+22 
9.1383527764e-34 
-4.2146459512e-32 
2.0617593443e+20 
-4.1214231402e-02 
2.5706693408e+32 
-8.2401759923e-02 
1.0386715838e-32 
-6.0590253906e+04 
3.2908451080e+01 
2.1165231158e+20 
-3.2263279168e-32 
-4.3662478788e-07 
1.0079021422e-06 
-4.2069550946e+15 
1.4732955593e-24 
1.3406567523e-12 
2.9561087522e+21 
-4.1696361679e-38 
4.4887995000e+06 
8.0223046875e+02 
-4.3359352276e-05 
2.1521821817e-15 
-5.5625451875e-18 
1.4512405830e+38 
4.1370955263e-16 
3.4639470238e-28 
-9.6107094138e+30 
-8.8578495117e+19 
-3.5779003125e+05 
-1.8601660347e+32 
1.3821485596e+03 
-2.1723938698e-04 
-3.8155038157e-11 
2.0654241371e+15 
-9.6697264981e+22 
-1.3684161000e+07 
-9.2099064901e+24 
-1.0570087557e-12 
-4.0028352642e+36 
1.6887538565e+26 
-9.2172170000e+06 
1.3189208836e-08 
-2.3098891378e-21 
1.2485436643e+16 
7.7971507812e+04 
2.1961509667e-38 
-5.4761285954e-34 
2.2927605760e+09 
1.8156974181e-28 
-7.8750277410e-09 
-1.3487846060e+26 
9.7125625610e-01 
8.6798646615e-21 
1.4836830070e-20 
-3.9582603125e+05 
-4.0509989858e-01 
-3.2399310771e+24 
-6.7507821149e-24 
-2.2138558392e+17 
3.9054614831e-07 
1.6932608560e-02 
-5.6817924000e+07 
4.1691068560e-02 
-4.1128249822e-19 
-3.1811399026e-07 
-2.2525616128e+11 
2.6287242307e-14 
4.0514771827e-03 
-1.2749283852e+25 
6.4970872262e-18 
-2.4199591707e-26 
4.8979047686e-02 
9.2129348559e-06 
2.3079795643e-22 
            nan 
1.6973649263e+00 
-3.9279823360e+09 
4.2668776587e-05 
1.3699062657e-26 
3.4712818378e-32 
-3.2666485287e-18 
-8.7216061088e-26 
3.4117647374e-08 
-9.2329296875e+02 
-2.2999844251e-09 
-3.3471356061e-15 
6.7909855843e+00 
-7.2333974989e-18 
1.8957213893e+15 
5.2578052000e+07 
1.2098753000e+07 
-5.5475647695e-29 
1.2072550138e+13 
-1.0455774194e+22 
-1.6223336000e+08 
6.4600009233e-28 
3.0083770980e-04 
3.7151492000e+07 
-1.0430420277e+35 
-1.1343771284e-26 
-2.7591580912e+32 
2.5738221807e+34 
-8.8534002554e+17 
4.4592616236e-32 
-3.7679137860e+24 
-2.3521738708e-27 
2.3989635333e+30 
4.7357417388e-30 
7.3890842032e-06 
-2.0943280000e+06 
-4.2843784434e-36 
3.8439974400e+09 
1.1966643378e+18 
-9.7197444288e-20 
1.1556808425e-35 
3.6134300024e-28 
9.1372982941e+31 
3.4223350231e-03 
-1.7791949554e-12 
-1.0162902759e+25 
1.6655177307e+02 
-1.3187022004e-12 
-1.9851805642e-02 
-8.9107981248e-14 
-8.9810355348e-06 
1.2914240781e+33 
-5.8012477287e+23 
-5.9531306761e-05 
9.1543690000e+06 
-4.9589514251e-15 
-1.1879151734e-35 
5.1014257316e-26 
-1.6430801250e+06 
2.0764872529e-25 
8.4854942235e-28 
-1.0526664866e+15 
-4.7391314917e-22 
2.8904379825e-34 
1.3249289361e-15 
6.4161585725e-29 
-1.3887191537e-36 
-1.7071379650e+22 
-4.5822504960e+10 
1.2543340987e-29 
8.4205932617e+00 
-3.9089661469e+18 
1.1174257083e-36 
-2.8318376953e+04 
2.8711254387e-31 
9.6880179542e+18 
7.0037847744e-10 
3.0096890405e-02 
8.0483961509e-12 
-5.7366447436e-05 
-3.5798791796e-02 
3.8652440027e-22 
-2.4886011108e+36 
-2.4980838589e-06 
-1.6331538031e-17 
4.3284869221e-17 
3.3821657600e+09 
-9.0399507812e+04 
1.4558018422e+27 
8.5035110875e-30 
-1.5052821306e+24 
2.8890082484e+16 
-4.1593839534e+34 
-8.0902240368e+22 
8.7036701089e-16 
3.2370607484e+19 
-3.1880064000e+07 
1.7901216325e-35 
-1.3502449509e-15 
-2.3737811716e-06 
-5.1626758424e-12 
2.6442292575e+16 
1.8746000388e+22 
2.8074852665e-08 
2.1073161933e-13 
1.1192519724e-27 
-1.7141924864e+10 
-5.3137920947e-27 
1.1160973727e-38 
-1.0132487882e-27 
-1.5350421636e-22 
-1.6097100156e-16 
2.4921537907e+34 
1.8699524184e-16 
1.3258872248e-17 
1.8012898950e-09 
1.2008850781e+05 
-7.1255286144e-25 
4.9972058273e+35 
-2.7994224271e-38 
5.7690581603e+23 
9.5449544203e-22 
-3.5391256859e-23 
1.1253263022e+31 
-2.9720366793e-14 
3.3269498090e-07 
-1.0300791473e-06 
-1.4052878750e+06 
-1.2743216988e+12 
-6.4944320000e+06 
-5.2233345677e-23 
-1.1926626353e-11 
6.9020904310e+28 
1.3840106840e-04 
-2.2872090931e-35 
4.9406686105e+35 
5.7640809097e-25 
-1.4997501562e+05 
5.3827434046e-13 
9.5775717882e-15 
2.7087172427e+22 
8.7839507812e+04 
-1.6198384484e+32 
2.0671338419e-08 
-2.1891268312e-11 
-7.7114382746e+11 
-4.3098045457e+19 
8.4846063259e+18 
1.0875444000e+08 
-1.7782704979e-21 
-5.7490405665e-12 
-2.0712522382e-04 
-1.4078532570e+17 
1.0247402942e-19 
-3.7755225509e-35 
4.0061990997e-30 
1.5784483375e+19 
1.0454367155e-30 
5.4741471163e-29 
-1.6704234440e-07 
3.4165191650e+00 
-4.1267360000e+06 
-3.4682968803e-37 
-3.3233428292e+16 
-3.3703818428e+13 
-1.4090743546e-12 
2.3775472702e-09 
-5.4874667166e+32 
6.2912271360e+09 
1.8875267289e-13 
1.2040720769e+29 
1.6671026746e+36 
-1.5157362600e+35 
8.4165128000e+07 
7.3979015412e+21 
-1.6642552669e+16 
2.8666536808e+00 
-1.1135091507e+11 
-1.4387160600e-15 
-1.9543516483e-22 
-1.4550157962e+35 
1.0515326152e+15 
7.5850269805e+33 
-2.4009474688e-26 
-8.9457631111e-03 
-9.1801631819e-37 
4.2191875473e+13 
8.1836667034e+23 
-2.7881418399e+27 
1.1238683873e+15 
3.9505954064e-11 
4.3443594199e+15 
-2.0345445435e-13 
-9.4658066108e-11 
3.5934813740e+24 
-1.0492932915e+12 
-2.6342064983e-18 
7.7811003945e+28 
-1.0948706186e-16 
1.3559298096e+03 
5.0441979167e+13 
3.7371822970e-08 
1.1674161250e+06 
-2.6096165606e-32 
2.2573702335e+00 
-1.6433157180e-25 
-1.3983349392e-24 
-3.8046520352e-16 
-3.4478701428e-21 
-1.2758936310e+02 
-6.7280147050e-05 
1.1865557015e+33 
-2.5588796674e+16 
-2.7065756027e+38 
5.7426750000e+04 
1.8218680052e-03 
3.0244979847e+15 
4.0774645527e-07 
1.3985583487e+26 
1.5833377017e+28 
1.3186953125e+03 
2.2819322060e+32 
1.9181536699e+19 
-5.7693872901e+14 
-3.8600158691e+03 
4.9060317383e+03 
-3.4422991094e+12 
2.6162502456e+26 
1.7180520875e+36 
-6.3529376000e+08 
-5.7846682410e-38 
-6.3836941289e-10 
7.7660876737e-35 
5.0846292508e+27 
2.6610467757e+23 
4.8829473941e+21 
-7.0462490737e+29 
2.0480809764e-36 
-3.3459682941e-11 
3.7940822795e+25 
4.7024741434e-08 
-4.4855816489e+35 
-1.1190676127e-30 
-1.7579170052e+38 
8.7503582118e+36 
-7.7161787702e-14 
4.2754638672e+01 
4.7913376458e-38 
1.3154282237e+17 
-1.6526965436e+16 
8.6482069491e+19 
2.5888321424e-27 
3.1192523723e+36 
6.0147307520e+09 
4.7462307739e+02 
8.2957611150e+16 
-5.2837099955e+36 
-3.1540310442e+14 
1.6686786593e-35 
-1.4741559185e-15 
-4.3097547223e-16 
9.2327820736e-12 
5.7956753906e+04 
-1.9678157916e+24 
3.5131340784e+26 
1.1283040987e+14 
-7.7997761552e-20 
4.4828442383e+03 
7.0657507812e+04 
8.4730771218e+15 
-2.3788596727e-33 
7.6690561568e-19 
1.5762127872e+10 
-3.7036581776e+33 
3.9043245091e-13 
3.7382421990e+33 
3.6661064801e-22 
-2.8738081813e-35 
7.1384970566e+33 
8.3053717390e-03 
-3.1750451682e+22 
4.8279904542e+15 
-6.9359843619e-03 
5.4934357649e-06 
-1.6493214616e-06 
2.5313005764e-15 
8.5207527161e+01 
4.6821281792e+10 
-5.5127036269e-09 
-1.2698787334e-11 
-2.9823042081e-38 
-1.2623662646e+31 
6.3560253906e+04 
-1.5738668008e-37 
6.3738439323e-18 
1.0311319552e+12 
9.9526994166e+29 
2.3394751130e+25 
-2.9362080822e+32 
1.1252179744e-12 
6.4568452710e+12 
-3.3644336330e-31 
-7.1082415771e+02 
-7.4458753896e+36 
1.9697221632e-10 
-1.1599547686e+33 
-2.5972171462e-14 
-8.5350320306e-27 
-2.4655268269e-16 
5.9502255486e+35 
-2.6915638224e-17 
-3.7299248253e-30 
4.0413663663e-24 
3.7218302201e-25 
-1.8561077947e-22 
1.3603963699e+11 
-1.1980526217e-24 
-1.0149442502e-21 
1.9245349197e-14 
-7.4978835367e-18 
-1.2416791346e-36 
3.7101328451e-20 
2.5531934783e-30 
-1.8385621788e-28 
-3.4967552942e-15 
1.2720794545e+34 
-5.9210301482e+22 
3.1406801980e+18 
1.7553379749e-17 
-3.3025669770e+29 
-8.2504572928e+10 
1.1093084482e+15 
-7.8654454677e+30 
1.8638653266e-25 
4.7164298941e+18 
-3.1537917601e+31 
-8.3098591718e+31 
1.1915063477e+04 
1.2212694121e-18 
-2.0294300334e-23 
3.2935938560e+09 
-3.5844048398e-05 
-9.8560130937e-06 
-5.8972253906e+04 
5.2841984387e-30 
-7.7449170930e-31 
-4.5419442779e+30 
3.9467413120e+17 
1.3456230925e-17 
1.1213543621e-04 
-2.0242289918e+14 
-2.7360928735e-13 
2.3154266692e+22 
-1.6164580785e-10 
2.5282241404e-04 
1.6013744744e+19 
3.9115093190e-20 
-3.7925111712e-25 
1.1340796016e-02 
-1.0702237487e-03 
-1.2842918631e-35 
-3.5427324474e-04 
7.4180306342e-10 
2.4094768674e-14 
4.2313489518e-11 
1.5157155762e-20 
-1.6559287104e+30 
-5.3039316088e-02 
4.4385899520e+09 
-4.2522043365e-34 
-2.7455274903e-05 
-2.2702164480e+09 
4.5066083134e+21 
-2.4704115021e-18 
3.3215175055e-09 
-4.3872664593e+19 
5.7107877455e-11 
-9.7766612992e+10 
4.3721132755e-19 
-2.0576515155e-30 
1.7495378726e-28 
-4.0190343498e-08 
-3.6835529316e+15 
-3.0548600252e-34 
-2.2358481709e+15 
1.3782760472e-17 
3.8127866221e-27 
2.2111951929e+15 
-1.4483320914e+26 
-9.7130625000e+03 
3.0878540185e-24 
-6.9435174081e-38 
-1.0713893772e-07 
4.6588086037e-13 
1.6496874396e-12 
3.6538842778e-06 
5.6739827176e+30 
-8.4297287124e+32 
1.3410114171e-34 
4.4994904252e-27 
-8.1131027230e-08 
-5.7378573497e-31 
-4.4799950007e+24 
1.1922304186e+33 
-1.2693647911e-08 
1.8699162874e+31 
1.0532730310e-30 
3.5571992887e+14 
1.7063417346e-10 
-5.9220984020e+20 
-8.9663371434e-38 
2.6661449090e-11 
1.8103075180e-18 
2.8823007980e+16 
-4.8412254842e+21 
            nan 
-2.5821271660e-36 
2.1401774575e-07 
6.7893985280e+10 
-1.3547616684e+15 
-2.3661705200e-03 
-5.5749164697e+21 
1.1182374493e-07 
2.4889955330e+18 
-8.8582244965e-23 
3.8191957345e+24 
1.1348879987e-29 
3.9829254478e-11 
-1.7108895401e+24 
6.6002511376e+20 
-2.1296979487e-01 
1.6066115011e+12 
-6.2734663680e+09 
-4.1880957724e-07 
2.6581256459e+29 
1.3693257196e+27 
-2.5881752498e-32 
2.4650854400e+08 
1.0386373292e-33 
-6.2265588000e+07 
1.2994542592e+10 
-3.0904288605e-24 
-3.5948005461e-08 
-6.5533902848e+11 
-3.0136903902e-21 
-1.6057580811e+26 
8.8156273856e+19 
4.3071768923e-35 
1.9603472021e+23 
-1.6088657349e+38 
-5.5343327522e+00 
1.0704765399e+33 
-1.4924311786e-09 
5.1736974083e-25 
4.4909054897e-17 
1.0011007386e+12 
-8.1448049201e-28 
5.7607817383e+03 
6.9622432819e-13 
3.7136616615e+34 
1.3737738240e+09 
4.8160972800e+08 
-9.3778125000e+03 
5.7866354282e-34 
-8.8664902205e+12 
-8.7338387990e+25 
5.7623074390e+35 
-4.6010196542e-08 
1.2118097794e-34 
-1.1813396462e-18 
-3.9446718750e+03 
-8.0411987305e+00 
-1.9069317918e-39 
-6.2824710399e+22 
-5.1868153515e-20 
5.0824298111e-19 
2.0577808417e-27 
2.3751301371e-36 
1.6982934528e+10 
1.1901199740e+38 
-7.9210419200e+09 
-1.1407041000e+07 
2.1239184929e+31 
-1.6518582643e-30 
1.6041851109e-17 
1.6928240657e-03 
9.1011320693e+29 
1.1172884840e-10 
2.8314468627e+20 
-1.7914867401e-01 
-2.3392942031e+13 
2.9193904538e-06 
-1.1233831021e-34 
6.4188602846e-04 
-2.6040451804e-13 
-2.1765125000e+04 
5.2003153057e+30 
-1.3030050000e+05 
-7.9917255789e-05 
1.1027192685e+30 
-2.2625136096e+14 
2.2037437197e+32 
-3.0090763277e+31 
-1.5129799635e-09 
5.0062592000e+07 
2.3320430388e-35 
-8.5844713936e+15 
-1.6430205789e-19 
3.9763407774e+31 
1.6154885399e+31 
-1.2348184900e-23 
-1.1093418109e-27 
1.9457025087e-19 
5.7745471218e-36 
-3.9947700500e-01 
7.7567204668e-32 
1.8868027516e-28 
2.8279052197e-38 
3.9084487507e-20 
4.6132824553e-27 
-1.7561467303e-06 
-3.5151377920e+09 
1.5294853431e+21 
-2.0003984375e+03 
-1.1021248000e+07 
1.1203582371e-19 
3.3429678297e-06 
-1.9505057104e+14 
-3.5991211778e+23 
-7.9502146544e+24 
1.5706457281e-25 
