2.3509887016e-38 
0.0000000000e+00 
0.0000000000e+00 
0.0000000000e+00 
0.0000000000e+00 
0.0000000000e+00 
0.0000000000e+00 
3.5873240687e-43 
0.0000000000e+00 
0.0000000000e+00 
0.0000000000e+00 
0.0000000000e+00 
0.0000000000e+00 
0.0000000000e+00 
0.0000000000e+00 
0.0000000000e+00 
0.0000000000e+00 
0.0000000000e+00 
0.0000000000e+00 
0.0000000000e+00 
0.0000000000e+00 
0.0000000000e+00 
0.0000000000e+00 
0.0000000000e+00 
0.0000000000e+00 
0.0000000000e+00 
0.0000000000e+00 
0.0000000000e+00 
-4.4236203410e-34 
7.1746481373e-42 
0.0000000000e+00 
0.0000000000e+00 
0.0000000000e+00 
0.0000000000e+00 
0.0000000000e+00 
0.0000000000e+00 
0.0000000000e+00 
0.0000000000e+00 
0.0000000000e+00 
0.0000000000e+00 
0.0000000000e+00 
0.0000000000e+00 
0.0000000000e+00 
0.0000000000e+00 
0.0000000000e+00 
0.0000000000e+00 
0.0000000000e+00 
0.0000000000e+00 
0.0000000000e+00 
0.0000000000e+00 
0.0000000000e+00 
0.0000000000e+00 
0.0000000000e+00 
0.0000000000e+00 
0.0000000000e+00 
0.0000000000e+00 
0.0000000000e+00 
0.0000000000e+00 
0.0000000000e+00 
0.0000000000e+00 
-4.4340590625e+05 
1.4203720644e-24 
3.1628948349e-09 
-1.2837102667e-30 
1.0621114821e+17 
-7.0751025000e+06 
-2.0346122024e-30 
1.1061884020e+33 
-2.6968420570e-05 
6.0742164480e+10 
-8.8026220000e+06 
-4.6593009560e+23 
4.4959606217e+22 
2.0413639396e+17 
-6.7872020480e+09 
-2.4832487249e-18 
-7.4454012793e-04 
-4.3003903211e+30 
-7.5409305096e-01 
-9.6612098048e+10 
-9.0631020544e+10 
-1.0003838287e-16 
-4.9799957892e+15 
-1.0038813463e+17 
1.5792123703e+37 
-3.2071190000e+06 
2.5431992472e-35 
-4.1494036821e-34 
-3.0124413367e-15 
-7.9419538277e+22 
1.7381072775e+20 
9.8061465253e-34 
1.6036972952e+37 
-5.7043243750e-32 
-6.8882559748e-18 
4.5984416243e-27 
1.7241780352e-34 
-6.7975727143e-04 
-1.5650370355e+12 
2.0655357838e+00 
4.1605880225e-21 
-1.8828285656e+22 
-1.0102717000e+07 
-1.1060793859e+33 
-4.4653989707e-12 
8.8716124724e-11 
7.3699793812e+23 
-5.2740630571e-23 
-7.5921388800e+08 
5.0060728421e+31 
-1.2179789543e+00 
-1.1587416992e+03 
-5.0902841001e+32 
2.8419153750e-06 
-1.9581828117e+00 
-4.7795276623e-04 
-9.1089327556e+20 
-1.1179959380e-30 
-4.7088005149e+21 
5.9105926877e+32 
4.2016723528e-22 
1.2103819383e-35 
-8.6409149748e-32 
1.4308984950e+19 
3.3388435588e+27 
-5.2397231519e-12 
-2.9938728814e+16 
-5.3116244736e-10 
-1.7406712286e-03 
-1.0218328680e-04 
-3.3860286777e+22 
1.1570722426e+15 
3.4999116777e-14 
1.3627887969e+22 
2.5118531255e-08 
1.4907079165e+29 
5.7562232207e-20 
8.0256262210e+13 
1.1607077196e-19 
8.8007203881e+12 
-1.2740383193e-09 
2.1988349628e-34 
2.7881752500e+06 
2.4461393428e+33 
-2.6486460301e+17 
3.8346996000e+07 
7.1896455351e-31 
3.1185299456e+10 
-2.3341820240e+00 
7.3656489375e+31 
-1.2492939397e-17 
1.1917413528e+15 
3.6186977075e+11 
-5.5072116147e+15 
-8.3952334702e-38 
1.0256003577e+14 
1.1600447656e+05 
-8.2786006335e+13 
3.2072190625e+05 
-2.1369088013e+29 
7.8622521430e-15 
3.9623273926e+03 
-7.3677600000e+08 
-3.9431832500e+06 
1.0084976274e-28 
2.2689842153e-03 
-7.9393786610e-25 
-1.7829909368e-25 
-4.0567813865e-12 
-8.4502203597e+11 
1.6750817117e-19 
-4.9459803584e+29 
-2.2331621458e+25 
8.6969637210e-32 
1.6562320384e+10 
1.8764392448e+10 
5.0976312525e+14 
3.8964248657e+02 
2.9862010000e+07 
-1.3167022721e+33 
3.8729310720e+09 
7.5500661525e+24 
-1.7139359877e+19 
-2.3403444624e-25 
7.5947330333e-03 
1.0784576088e-01 
6.4738427741e+26 
6.6104423897e+27 
1.2572832000e+09 
6.3835845490e-27 
-5.9420684635e+15 
5.4512169984e-24 
-8.5272690059e+14 
1.3157084420e-34 
1.1678117769e-23 
3.0168858827e-23 
2.6477922226e+27 
-4.9872524661e-29 
-3.4772767327e-35 
-1.0458211337e-38 
2.5821368552e-20 
-1.3942972923e+20 
1.0130352749e-17 
1.7464886726e-18 
-4.3593488099e-34 
-9.6627264415e+25 
1.1076589794e+15 
2.3963573435e-14 
1.0891833600e+09 
-1.6812092488e+27 
-9.5384287017e-15 
-6.8289548159e-01 
6.9024476562e+04 
-4.5518382243e-29 
-1.5387968961e-32 
2.9828446507e+35 
-1.5185872647e-14 
6.0141897966e+31 
2.8291768089e-21 
-1.3815905600e+08 
2.8057593354e+18 
6.6796547852e+03 
-1.0165744616e+37 
1.9720356694e-23 
2.5215522172e-29 
-1.1287115194e-04 
-1.6141304777e-37 
-3.2628374010e+32 
-4.4673084259e+01 
5.1173255779e-03 
-3.4652827890e-04 
-1.6617453195e-14 
-5.9856739654e-07 
1.3931484440e-32 
-2.6343309836e+13 
-3.0890106000e+07 
-9.2058459006e+24 
4.4576075425e-37 
-7.9754251469e+11 
9.9039113619e-31 
-1.1294735909e+01 
5.2272812032e+10 
-4.8790972046e-24 
1.6467431348e+38 
8.5781475911e+15 
3.0366768251e-23 
-4.8680603331e-20 
-2.8218840273e-30 
3.2467034680e-23 
-1.0745458343e-11 
-3.8687045146e-23 
1.1688515951e-04 
1.8936335573e+17 
1.9019954904e-35 
1.0049837104e+20 
-2.2661702750e-26 
2.4614921838e-37 
-9.6359526400e+09 
-1.2642526146e+16 
1.3866942438e-37 
-1.0876627190e+14 
2.1004957489e-06 
-1.2443667013e+17 
5.8771449600e+08 
2.3547595088e-26 
1.3852189299e-35 
-3.0753869503e-12 
2.5705716610e+00 
-2.1859557376e+11 
4.9540097418e+34 
6.1467903815e-17 
2.0482185514e-28 
1.6091241268e-03 
1.8056180976e-33 
2.5373079928e-25 
-3.0719508480e+09 
-9.9175223226e-28 
4.4719378608e-32 
-1.5846968182e-10 
-3.1270658329e-21 
-1.4168482757e+18 
1.9290831234e+20 
1.7333594653e+16 
1.3190676072e+17 
-5.8152668939e+23 
2.9621992048e-23 
-9.3212747743e-08 
-3.6394887104e-10 
2.5017378852e-02 
-2.1762117398e+32 
8.3685953128e+23 
3.5379503694e+13 
-1.3583750620e+17 
8.5946324046e-15 
-8.4602716160e+09 
-7.9634317767e+35 
-1.5243984375e+03 
-2.4631741091e-11 
-1.8975616000e+07 
5.0716553753e+28 
1.2105238529e-36 
-2.7556964929e+20 
-1.0339818601e-07 
-5.7864442166e+23 
1.0726173096e+03 
-5.3576319530e-17 
2.0653357343e-20 
7.0381667734e+16 
7.7554105047e-26 
-1.0499965998e-18 
-3.3742894132e-25 
4.9290391918e+23 
-6.5832799397e-31 
2.3197494867e+38 
-2.4817334518e+26 
-1.7046188327e+14 
-3.7710772283e-09 
-1.5861817519e-04 
-3.4598557500e+06 
-3.9881796875e+05 
-4.5417178713e-19 
-1.0784018635e+15 
-3.0881834603e+38 
-2.2751123652e-08 
1.0779241928e-26 
9.2925987002e-21 
3.4441864337e-26 
-1.2410209205e+21 
4.9659200000e+06 
-3.3503150940e-01 
-1.5382862091e-01 
3.7773424992e-06 
-1.5795078125e+03 
9.6613811817e-37 
2.8175260589e-19 
4.1578936474e-14 
-7.5741684189e-38 
6.6201155671e+27 
1.4693010598e-04 
-3.2884817920e+09 
-6.8922553086e+33 
-1.8133047042e+33 
-1.3668529931e-18 
1.6634728039e-09 
-1.3555174255e+02 
-6.8980320000e+08 
8.9650907636e-35 
-4.3706592666e+28 
-5.5839246094e+04 
5.8357473463e-02 
-2.2656402761e+23 
1.4625641704e-01 
1.3290841409e-13 
7.2462484375e+04 
-4.4214821173e-06 
2.0662313527e-10 
2.0217606425e-01 
-6.0649146136e+27 
-6.0552432070e+27 
8.4859915111e+28 
-7.8069421033e+20 
-1.0724002930e-14 
-1.5267531376e-25 
2.5790887777e-14 
-3.5385760838e+19 
-5.0399952941e+36 
-2.7619869141e+04 
-1.7935406491e+37 
3.0098447041e-06 
-1.7550510820e-03 
1.2505822720e+09 
2.8276788018e+25 
2.5562221890e+36 
3.7323916180e-10 
-6.4439072958e-06 
2.5244017353e-25 
-1.9126949238e-14 
5.2025531778e-35 
-6.0220649466e-03 
8.0945445272e-38 
1.7716919997e+34 
7.1797678561e-32 
-1.5054065633e-11 
7.2268387500e+05 
-3.3578418176e+12 
5.2740829489e-37 
-2.6722193750e+05 
9.7854721023e-37 
1.2004831191e+37 
-9.2802843290e-24 
-1.0082053270e+31 
1.3880856934e+03 
7.9659800977e-03 
1.0110977697e-17 
4.8756216545e-28 
-3.6266686439e+34 
2.5449183464e+26 
-9.9364497890e+16 
-4.5925698593e+23 
5.3815230806e-38 
-1.1871660881e-28 
4.2484618254e-12 
-1.5163592068e-32 
-5.5142507553e+00 
1.0412261202e-35 
-1.6927433600e+08 
-1.3386867107e+27 
-3.7351310730e+01 
-3.7356772950e-38 
-1.0816290780e-24 
-6.2050584379e+15 
9.3199574061e-23 
-1.7804236606e-35 
-1.2648368215e+38 
-8.6909483343e-07 
1.4788330198e+34 
2.9362053009e-16 
-1.3420372847e+19 
-1.5677886000e+07 
-1.1137569004e+20 
-4.7959665344e-21 
-4.7672046148e+26 
-1.5817435547e+04 
-2.5718471711e+35 
-4.2451598591e+20 
-1.6705482440e+37 
-2.7387019264e+11 
1.3956767745e+35 
1.2337102765e+20 
6.7996539694e-15 
-5.4142885238e-35 
1.8512385164e+22 
-2.3295754567e-02 
1.7588252224e+34 
-3.5020956160e+09 
3.9647767741e-33 
-2.0851097361e-04 
-8.9998849262e-07 
-3.8114154903e+31 
2.8532392122e-22 
1.5743407164e+25 
2.4933690205e-02 
-6.5670517506e-04 
8.5364303356e-16 
-1.9884002214e-13 
4.7291708921e-21 
1.7720931984e+17 
-1.9999590777e+30 
4.5581514397e+30 
-1.4879105981e+32 
-5.2695384064e+10 
1.7716779863e+36 
-1.7238318838e-29 
1.4261935146e+30 
3.7888540331e+31 
            nan 
9.2129977247e-07 
6.4565312641e-05 
6.7096811032e+29 
-5.4225814357e+36 
-1.3030099295e+22 
-1.1996844701e-19 
-3.0952418587e-23 
8.7396121890e+14 
3.8218836808e-33 
3.7144160160e-05 
4.0980227686e+11 
-2.6340666413e-01 
-2.7146872632e+14 
5.2732090716e+21 
-1.2996010174e+29 
-1.7230050123e-13 
5.8272342192e+26 
1.1323295234e-23 
-3.0791287439e+13 
-3.2512931824e+01 
-6.3301707382e+34 
1.6022965312e-01 
-1.4751478576e-13 
2.0494837020e+33 
-3.8674045980e-21 
-6.6998778106e-21 
4.7689553920e+09 
1.9226076214e+30 
-8.6678152042e-15 
1.2751261268e-22 
-2.2769439451e-33 
2.8442724477e-17 
-6.4285821958e-18 
1.8306901692e-37 
-3.4723681727e+36 
2.4619235229e+02 
-6.5425711723e-12 
-2.8428640775e-08 
-2.3749886502e-09 
-1.2196248438e+05 
-3.7680255365e-16 
4.6360105765e+36 
-6.8355980729e-24 
-1.4404671084e+22 
1.1256252600e-15 
7.7109848022e+01 
1.0461204409e+23 
-4.4613968550e-29 
4.6981368000e+07 
5.4362531430e+12 
-3.5832837288e-20 
-1.4581240024e+16 
3.1710611200e+08 
3.2338118242e-24 
-3.0010658454e+23 
-3.2921014665e-23 
-3.2597190442e+19 
4.2107059982e-17 
-1.7579956726e+18 
-8.8802456060e+30 
-2.1156658531e+38 
9.1524463951e-38 
8.3200552468e+12 
5.0512391093e-32 
1.9019173069e+11 
-1.4490969988e-05 
-3.2048165408e+28 
-1.3612930783e-09 
-1.6543953642e+15 
2.5970734181e+35 
-1.2243643597e+11 
-1.9048785986e-12 
5.3199432998e-37 
4.5801751709e+02 
2.1503473604e+17 
-3.7528566400e+08 
-2.0551520852e+14 
-7.3370826801e+21 
-8.2861829216e-16 
4.6947209476e+16 
-1.0765719168e-31 
2.5890088550e+12 
7.7644618455e+37 
-5.3086781250e+05 
-1.0411038943e+28 
1.9144417205e-31 
-1.2842671204e+02 
-5.7876919955e-34 
5.5803581250e+05 
-1.7292414265e+34 
3.3108619200e+35 
-3.7166343162e+25 
8.8123968688e+32 
-7.6949620686e+28 
-1.0871534489e-29 
-2.6428984619e+15 
4.5452995069e+26 
7.1239720585e+34 
-5.9070133353e-24 
3.7505897880e-01 
-5.5965697573e+31 
-4.8878728620e-08 
2.2491333474e+30 
-6.8475397748e+24 
-1.9637505037e+37 
-3.4373708307e-13 
-5.7521658381e+35 
-1.8752639880e-04 
2.0737439125e+36 
1.2069534098e+34 
4.1359092800e-13 
9.8103355951e-14 
1.3599370041e+18 
-1.3314643836e-24 
1.5059459580e+31 
-5.6941596672e+10 
7.7175227674e-35 
2.7931869141e+04 
2.2751153205e+35 
6.6523662202e-21 
-1.3775034747e-36 
2.2122905568e+35 
2.5231531966e+14 
1.8984574975e+37 
-6.4507856374e-27 
-1.2036893055e+28 
5.2749072487e-38 
7.6874172621e-28 
3.0259593041e-04 
5.6117341196e-25 
-1.3244298854e+11 
7.1352759586e+20 
7.5964517389e-28 
-7.5645367288e+29 
1.4034240435e-36 
9.3954345703e+03 
3.9374705928e+15 
-4.6535379283e-07 
9.8487784000e+07 
-1.2494910421e+29 
2.2507256692e+15 
-1.9694666276e-34 
-3.3444735051e+27 
-9.2657518553e-15 
3.4518610739e+12 
6.9035523759e-38 
-3.6926476780e+12 
-2.3268698664e-36 
-1.0734753267e-32 
9.1018752051e-14 
1.0356473882e+18 
1.0549230865e-29 
1.1700652445e+27 
4.1027416382e-13 
-6.2283934954e-11 
7.3647389671e+13 
4.1838174989e-36 
-1.5299525592e-22 
3.6411652275e+25 
3.2947290689e-02 
-6.8141249635e-22 
6.2083095166e-27 
-3.4398912123e-22 
-1.6963200818e-33 
1.4490128715e-11 
-2.8854038795e-18 
-1.3148732769e-08 
1.7603116250e+06 
1.8124084609e+13 
-1.0493610149e-18 
1.5740899210e+38 
1.6228979944e+24 
-4.1301488582e+29 
2.5825973895e+15 
7.4785100208e+30 
8.5894531534e-29 
-1.3748798889e-34 
2.3108477440e+09 
-7.6751183600e+26 
-5.1468073252e-06 
1.1791097253e+21 
1.2674722699e-30 
-2.1014325569e-07 
1.5655684570e+04 
3.9786650450e-04 
1.7116023791e-29 
-6.8337172852e+03 
-5.2722316820e-26 
-6.4898738281e+04 
6.6939304872e-24 
-1.3158489466e+00 
-6.7704271160e-37 
9.0742931019e-14 
7.3644893352e-13 
1.2342705392e+27 
2.1014704632e+30 
-2.0216988367e-38 
3.4356246033e-05 
3.9938259551e+31 
2.9279216949e+24 
-1.0202401731e-19 
-6.2723022461e+02 
-2.0000983482e-32 
-1.1788164889e-10 
1.5273966789e+00 
1.2559752291e+28 
-1.5156281723e+32 
4.3140968680e-01 
-3.1146466807e+37 
5.3419167808e-38 
-2.6134664677e+34 
-2.5963572547e-30 
-3.1036939521e-36 
-1.2186280047e-20 
7.5078150392e+18 
9.3470916923e+14 
-1.7222613336e+13 
-3.1521673492e+28 
-2.0579779053e+02 
-1.2128046875e+05 
-6.0050944000e+09 
2.1762643025e-14 
5.7697580196e-03 
-2.1523594648e-36 
-2.8833722090e-31 
3.7235342407e+02 
4.9169625281e-24 
-8.8131142350e+26 
1.6671903503e-35 
2.2920793332e+22 
-2.1824676424e+37 
-2.0926973747e+27 
2.9979722666e+15 
1.1203048378e-01 
-2.2991153230e-37 
-3.1762569714e-19 
-9.1108032161e+27 
-4.2961585518e+29 
2.4874443796e+36 
1.1639258481e+33 
-1.7398770469e-28 
8.6814730028e-28 
2.2849296787e+29 
1.3174557050e+37 
-8.5164564417e+28 
-2.9652211466e+12 
3.3688499928e+00 
-1.1500748027e-30 
-4.2242711531e+32 
5.7071576503e-15 
-4.9059145379e+27 
-9.5286781250e+05 
-2.3120015366e+36 
-3.4488611948e+26 
-3.4329476591e-19 
-1.2794262528e+10 
5.9004330542e+28 
-4.5130563422e+21 
-1.0573839582e-08 
2.7465148926e+03 
            nan 
4.7413718088e-17 
-2.9131436157e+02 
-9.6193076390e+27 
1.6709474915e-09 
1.0577720920e+37 
2.2431437984e+19 
-1.8387664383e+34 
-2.6714986794e+28 
-9.5151453934e-06 
-1.9210461065e-24 
9.1830453896e-24 
-1.0137603432e-01 
-4.6753220558e+00 
-2.2574574738e+33 
2.7607276132e-21 
5.9760061905e-34 
1.1318928767e-29 
-1.0499879440e-34 
-1.6047249085e-09 
1.0741868728e-08 
-1.8620192167e+27 
3.1804629986e+22 
1.9966110121e+32 
8.2148964371e+15 
4.1929809989e-22 
-1.2510884864e+10 
-4.3180762441e-04 
6.9194083483e-38 
1.2715622142e-04 
8.3386117996e-31 
-1.5458163805e-02 
2.6483197971e-37 
1.4604809570e+04 
4.5323066143e-23 
-1.9562860000e+24 
-2.2991788869e+31 
3.8024610045e-13 
2.8651611346e-33 
5.3994634285e-13 
5.8896430190e+14 
-1.7502824210e+35 
-2.9734518910e+25 
1.5281138565e-32 
-2.1349540258e+17 
-8.7115673108e+12 
-6.8807496722e+14 
-5.4386163454e+30 
4.7504572297e-15 
-2.0761080000e+08 
-3.0131406438e+28 
6.4196741650e-27 
-3.7206310255e-10 
1.0013620915e+22 
9.7360770636e-15 
1.0704499717e-19 
-8.6338330071e-27 
2.1016302490e+02 
-1.1438211021e+36 
-4.3922828800e+08 
6.7643612623e-02 
7.0617942918e+34 
-6.3188539683e+26 
3.2461723313e-03 
-5.8603225625e-05 
-9.0654936837e-30 
-1.7625504058e-38 
-1.0871465201e-04 
-3.5814681281e+31 
-2.1183443194e-21 
-1.3150796641e-12 
2.5655180789e+34 
-5.4255370525e+29 
1.9411195403e-19 
-6.3392532008e-25 
8.1388931937e-19 
8.6554594377e+18 
-4.3410861793e+20 
-2.3883253655e-17 
7.4994369470e-07 
7.8773014778e-09 
7.4210520736e+32 
9.4948028564e+02 
1.8060567021e+26 
-1.7545442168e+32 
2.7976300904e-18 
5.3069092041e-33 
-3.7572590625e+05 
-8.9028271507e+33 
-5.2605738281e+04 
-6.1628244490e+23 
-2.7079186311e+33 
2.2167742827e-24 
-4.0948502364e-22 
1.4547711367e+32 
1.5352186747e-02 
-3.6008200226e+33 
-6.0193122605e-23 
-1.0487402490e+19 
4.4952834287e-05 
2.9108250214e+11 
1.3799170081e-17 
1.3825811806e-38 
2.3021870400e+08 
1.8999381363e-01 
-2.0853359415e-32 
1.8194208145e+01 
5.8004326025e+20 
-6.8276832581e+01 
-4.5385850566e+17 
1.0463813851e-05 
5.9783289959e+22 
5.9101621790e-20 
6.7865476562e+04 
2.9930716239e-10 
3.8079299429e-06 
-4.0794358253e+00 
-2.4807081242e-27 
-1.1847267328e+10 
2.2571179421e-26 
1.1275060418e+26 
4.0505005750e-38 
-2.1997074549e+32 
-1.3459923200e+38 
3.7843853334e+26 
-2.9070817400e-03 
1.4390293757e-07 
-2.0739848565e+33 
-1.1196982781e-36 
-9.2092854671e-25 
-1.8152466631e-14 
-4.5333446198e-12 
-3.4327826289e-22 
-2.6760143360e+09 
1.6358200251e+25 
-1.3429064425e-34 
-2.0396944213e-18 
3.0638406315e-05 
6.8313359078e+34 
-7.9585078289e-17 
-5.5112668077e-35 
5.8372138623e-26 
2.4171352500e+06 
-3.0757799003e+25 
-9.1706029437e-09 
1.9039843579e-26 
-5.1996522643e-07 
9.3742717581e-05 
-3.2577961426e+03 
-4.4097542842e+30 
1.3748355741e-05 
-2.8121793823e+12 
2.4298352697e+21 
3.9244993241e-04 
1.6000707321e-21 
-7.6338653564e+02 
2.8671828480e+09 
-2.4861181364e-13 
2.2698470275e-04 
-6.7245381326e-21 
5.9091205913e+34 
6.0752728477e+14 
1.2452878985e-21 
-1.2795326000e+07 
-3.7769029409e-22 
8.3766341009e+13 
-5.0451345444e+00 
8.3880950777e-22 
4.8111517334e+02 
-7.6651744507e-08 
4.7621880000e+07 
-7.6424955615e+32 
8.9172429970e-26 
-3.6954227496e-31 
2.8845666304e+10 
3.9210760472e+37 
1.3443892778e-24 
-2.1660053359e-15 
-2.6823239136e+02 
1.7829588684e+14 
2.8302996875e+05 
6.1835932617e+03 
-2.4365218075e-36 
-8.5315412774e+35 
-1.8935148961e+36 
-1.9998998476e+15 
1.9191635813e+38 
1.8845111039e-21 
-1.1736686523e+04 
7.3986668412e-19 
5.1606011322e-30 
-2.1945732731e-10 
-3.7657610108e+17 
6.4896584757e+19 
-9.7234989158e-12 
8.0479424000e+08 
-2.6118285270e-23 
-3.5227425421e-09 
3.5530480060e-26 
-1.0112603927e-25 
-9.5829940690e-28 
-3.3450061610e+15 
2.4014337962e-35 
1.9817778897e+37 
-4.6066270373e-13 
-6.7436910962e-30 
-1.7929648061e+38 
-3.4302870317e+15 
-1.4668854490e+21 
-5.2406556754e-28 
1.5542033658e-33 
3.5457945405e+28 
7.4005239217e+36 
7.9680662772e+14 
-1.7808761807e+28 
-8.7232702151e+29 
1.2676828192e-06 
1.8736207626e+12 
1.3796946783e+17 
-2.0874720868e+38 
1.5670326219e-25 
2.7374896873e-36 
1.0780400832e+21 
1.3343262376e-21 
-1.8509370425e-10 
-4.0985719385e-16 
1.3478182256e-01 
-4.4059106448e-27 
2.6927607366e-10 
-5.1829076290e-28 
9.3694024300e-15 
-5.8589908597e-22 
1.6684691753e+18 
6.2489420784e+21 
-2.5613375627e+25 
1.2329710064e+24 
2.0374512975e-32 
-5.0549336579e-38 
3.8788710400e+11 
-1.2053065794e-12 
1.6049363694e-05 
-9.9696031689e-37 
-1.6820830240e-07 
5.1380484993e-35 
1.2268913277e+32 
3.5426415709e+24 
-1.6793933305e-33 
2.8264551505e-20 
7.6174824911e-13 
3.8606217668e-24 
-4.2064691593e+14 
1.1017092020e-17 
1.8791581094e+23 
-2.5492926464e+34 
1.8722725144e-05 
1.9770180833e-22 
5.9172177734e+03 
6.9413123367e-25 
9.8519973738e-18 
9.6704408370e-11 
-1.5087686441e+21 
-1.2481591435e-25 
1.4429004373e-37 
2.3330288435e+11 
-6.2687530666e+34 
2.1769682241e-32 
4.9011819993e-13 
4.8595203309e+25 
-4.5138305291e-15 
-2.1437518101e-20 
7.2799121962e+35 
-9.6660220129e+34 
-5.6307084892e-28 
-2.4800546817e-04 
-5.0774392832e+10 
1.4378808594e+04 
6.0349936996e+27 
3.6790581330e+12 
4.6510813104e-35 
-9.9450719995e+36 
-5.2465250784e+28 
1.5623869162e+34 
-1.4503258959e-14 
2.1872613218e+33 
9.2890246276e-13 
-7.5026402764e+37 
-1.8560807794e-26 
1.9349535266e-13 
-1.3161329080e+30 
4.5637413329e-22 
5.8922805524e-10 
6.4615465012e-17 
-4.1581508413e+33 
-1.4669749859e-08 
6.5875067525e-18 
3.2984581814e+20 
-1.1788137442e+30 
7.1951442249e+25 
-4.1666330314e-33 
3.0941686713e-11 
-6.0217992719e-35 
-2.7805284511e-21 
8.6243359379e+14 
-6.4711674059e+28 
-5.5061043200e+09 
-1.1031635457e+19 
-1.7272717953e+00 
-6.1120654209e-06 
-4.0825511936e+10 
-5.3284763075e+12 
2.1056611856e+28 
3.5298796138e-04 
6.8021252744e+25 
-1.7954421191e-22 
1.0908048438e+05 
2.5093476159e+22 
-4.1152911790e-37 
-1.8920351483e-38 
-1.1202681897e+13 
4.0979824689e-07 
3.4534154900e-26 
-1.3931781950e-06 
-5.3995764000e+07 
-1.9545312171e-05 
-3.5766475757e-39 
-3.5926048756e+00 
-9.8186057585e-05 
-3.3058047597e+16 
-5.3503718063e+28 
2.7422359973e-39 
5.2916333795e-34 
9.0455212219e+27 
5.7277973475e-09 
-6.3211699238e+34 
-2.4009843011e-20 
-2.6199523926e+03 
-1.4370707333e-20 
1.2673494664e+18 
-5.7088913918e+00 
8.8539396515e-19 
-5.1211073452e-23 
-4.7188376978e-22 
-1.9148826503e+18 
-4.8530238281e+04 
2.2168663144e-26 
-5.6943233462e-10 
4.6234414913e-03 
-4.3135504169e+18 
3.5171154689e+33 
6.9049184503e-07 
-5.6428644614e-15 
-1.5239313034e+15 
-4.0051990509e+01 
-2.9903994000e+07 
1.4334154404e-37 
6.3084879213e-24 
1.5407812187e-31 
-7.8776207084e+15 
2.1014899193e+28 
-1.3675208089e-27 
3.4466076948e-36 
2.3419981931e+30 
2.5930982201e-31 
-2.9416455523e-25 
-1.0685342480e-36 
3.2851956859e+12 
-1.0270080648e+24 
-2.1255517775e+20 
9.5882712881e-10 
1.2473770301e+19 
-1.9311046163e-36 
-5.6478638504e-24 
3.0173677952e+23 
3.0159935035e-30 
9.6879781333e+37 
1.0057871360e+10 
-2.4594987614e+13 
-1.9908281175e+18 
-1.0759820412e-07 
3.4634990625e+05 
4.4041777297e+24 
1.5101148405e-21 
-1.8939620109e-13 
1.2494252139e+24 
-1.9013322472e-08 
-3.1521549087e+26 
-6.2950868880e+28 
-4.9678971754e+20 
-2.1823475417e+14 
2.1450037339e+17 
3.7690194377e+24 
-3.4627868445e-04 
-9.4750949762e+37 
            nan 
-1.4074461215e-11 
2.6248945505e-04 
7.0952074816e-15 
-4.4930264282e+02 
4.7173785528e+19 
-4.5458486067e+11 
1.5730076280e-15 
-1.2474122924e-14 
-3.3457338939e+18 
-1.0699293213e+03 
8.7760184060e-24 
-3.3289176351e+12 
-6.2969806078e+18 
9.1700116825e-31 
4.1533390625e+05 
8.3680014516e+37 
-1.5309032984e-02 
-4.9566983032e+02 
-1.8473782691e-32 
-1.4245780800e+08 
1.3357945559e+15 
1.6849475087e-29 
4.0667922261e-28 
-1.5257906234e-15 
6.5352167660e-21 
-9.4024781749e+28 
-2.4976295312e+05 
6.6197798587e-03 
-1.6555954930e+13 
-5.0484304937e+12 
1.2183139942e+11 
1.9898548571e-20 
3.1668271125e-19 
-3.5621940228e-38 
5.4528922203e-36 
-8.0202877982e-18 
-5.6084212000e+07 
3.2804556961e+36 
-8.9260246862e+21 
-2.4428530341e-33 
1.0151137195e+26 
-5.0151708274e+21 
5.1054419617e-14 
3.2299586824e-25 
3.0229441057e-39 
-1.1449778029e-13 
3.4556991191e-25 
2.3311271695e+32 
2.9056590625e+05 
-5.8410240200e-08 
6.5784909291e-37 
1.8190838099e+00 
5.5839098678e-08 
6.9799577696e-26 
-3.0821869141e+04 
2.4737923499e+27 
4.6914828549e+19 
-1.1322000409e+13 
1.1198667488e-14 
2.0711517223e-10 
-1.9520713171e-11 
-1.3353316000e+08 
2.2501899921e+34 
5.1498367070e+19 
-4.2968626651e+16 
3.5026697758e+36 
1.4414067273e-08 
5.0508590625e+05 
-2.9580467258e-19 
2.3614998761e+28 
-1.6909340769e-32 
2.1426642920e+15 
1.7921939428e-19 
9.9922068841e-08 
-3.8409582674e+12 
4.1724387739e+34 
-1.2627801119e+15 
-2.9653648749e+15 
3.7769490908e+29 
8.5471845703e+03 
1.1158627510e+01 
-1.1686992147e-14 
5.1767983444e+34 
-1.2839795864e+23 
4.8791621206e+13 
5.6453755170e+26 
4.6392502785e+00 
1.5375037491e-01 
1.1338992077e-33 
-7.4275504858e-07 
-3.4873017099e-31 
-1.3256732658e+36 
-4.7927424092e+16 
4.8648233032e+02 
1.5139154357e-06 
1.6164488637e-09 
4.5837002652e-16 
-1.9959517744e+25 
-1.0653596123e+13 
4.2175408999e-32 
8.4901303053e-02 
-2.8449208984e+03 
-5.7364723955e+29 
-4.0324276300e+22 
4.4773359465e-23 
-2.3987590049e+37 
2.8494825471e+28 
-6.9632370454e+20 
1.3822071254e-01 
6.5127372248e+19 
-3.7446085761e+15 
-2.4603073441e-29 
-1.1942152791e+27 
1.0207097651e+11 
4.8211988774e+22 
-8.3174975146e-19 
-3.5421113721e-29 
-1.6527141748e+38 
1.4457964992e-22 
-1.0212133639e-03 
6.4145833984e+10 
4.8607078362e-09 
-4.6629204481e+27 
-5.1871547852e+03 
-1.8325164274e-04 
-1.1349821000e+07 
-5.7024445312e-38 
9.5287768841e-30 
-2.0878627513e+37 
-3.3817627783e-28 
2.7424432755e+01 
3.9204548249e-19 
2.3523962000e+07 
3.4473451145e+24 
-2.2606305120e-13 
1.8332555403e+36 
2.0066324350e+21 
7.4682516480e+09 
-3.3882843074e-37 
1.8240891692e+27 
3.1019179733e-04 
6.5792378211e-39 
-2.1353905201e+00 
-5.0639661138e+33 
-7.7726733375e+35 
5.2426013947e+01 
4.8953989021e+29 
5.5714155383e-15 
-1.1088481978e+25 
-1.0681579262e-01 
2.5929865843e-23 
5.5157182606e+36 
1.9553955635e+31 
-3.4249851761e-13 
-7.2473789858e+13 
9.2934943936e+37 
-2.5862552500e+06 
-2.2169277147e+30 
-2.5504166662e+38 
1.0772438785e+20 
6.2582222807e-18 
-1.0300469281e+13 
6.6254238002e-36 
1.4723551048e-30 
3.4783779907e+02 
4.7979724884e+01 
-1.7828005175e+18 
2.1943192500e+06 
1.2278460026e-08 
9.3646876529e-30 
4.1208151027e-29 
-6.3266707716e-15 
2.5969647682e+13 
-9.5505418909e-32 
1.6759700520e-14 
8.0117014287e-25 
6.7431018688e-03 
-1.3467678400e-05 
4.4674363136e+00 
4.2184531614e+20 
-1.1112270406e-24 
-4.9667659424e-26 
2.0373175651e+17 
-1.5274489962e+27 
2.0823750769e-30 
-3.7253930349e-20 
-1.4980307915e-14 
6.0721203456e-13 
-1.3306809570e+04 
1.6519260626e-08 
-7.7861950331e+22 
-4.0968180799e+24 
-2.0685529531e-27 
1.8158619141e+04 
1.8883695411e+11 
-4.3736238281e+04 
2.8054134580e+37 
-5.0333705289e+16 
-3.4864446129e-33 
-4.3042557186e+35 
-1.7010745035e-09 
-9.7327979010e-10 
5.5775926448e-03 
1.9997834226e+24 
-9.3969541692e+24 
-3.5672303886e-30 
-1.6686882117e-38 
3.1846458398e+37 
2.4992487420e+36 
-6.5322729076e+19 
-6.1795629751e+15 
-1.2210139737e-32 
1.3190807200e+08 
-7.3991678532e-27 
-7.7249265680e+15 
-6.9001606400e+08 
-1.0711883350e+27 
-1.6892787797e+19 
-4.3829323366e+13 
7.6289262450e+19 
-1.1338530751e-25 
-6.1114839411e-08 
3.1063599558e-25 
2.1528186423e-36 
6.1047987988e-38 
-5.0716222507e+31 
7.5991192505e-11 
3.9807577600e+08 
1.9858665699e+37 
6.5149295761e+28 
3.3759660242e-14 
5.8239582494e-18 
1.6263220546e-38 
-5.4116293108e-17 
-7.2055032714e-27 
1.4386983716e+26 
-8.8951323775e-16 
-9.1226643982e-24 
2.3931942400e+09 
-9.8901457677e-26 
7.8675600000e+05 
6.7917021287e-22 
-1.9185378973e-19 
7.5128436797e-23 
8.3028770973e-21 
3.0701196465e-06 
-1.0234746844e+14 
-2.4832201628e+23 
4.5849177019e-20 
-2.4287716727e-08 
5.5519255859e-09 
-1.3429313000e+07 
7.5477848615e-17 
-1.3191761449e-02 
-3.0431874812e+16 
-2.6620334080e+10 
5.0850831883e+27 
2.7938821120e+09 
-3.1692377293e+11 
-4.0652373959e-25 
8.1565410350e-14 
-2.3391270638e+00 
-4.0162926962e+21 
-8.9585036980e-14 
-3.0655313501e-16 
-1.9991681616e-22 
3.6959730317e-21 
-3.2920271158e-01 
-8.1016933918e-01 
-9.9669297081e-30 
3.2992898000e+07 
1.0643293158e-21 
2.8555412967e+20 
9.7153773494e-32 
-4.9221190262e-34 
-1.4088643550e-37 
-2.9482681089e-16 
2.8047409297e+35 
-1.3378882648e+29 
-4.4796087144e+25 
1.1353118538e-29 
5.0325939178e+01 
-3.0481774215e+38 
3.6316068540e-30 
-2.4589557820e-11 
4.2265750421e+15 
1.0128949600e+08 
6.0232365507e+13 
-8.1789279273e+12 
-4.9919419288e-38 
3.2406863859e-09 
5.2221060811e-28 
-1.8231684000e+07 
5.7559863369e-18 
1.0627765403e-16 
-3.5422255667e-32 
3.2736008784e-19 
-3.2104994367e+28 
1.7726330566e+03 
-3.7816206250e+05 
-8.9956515625e+04 
-2.5894322395e+00 
-5.9013892177e+15 
1.3866019598e-27 
2.0089213164e-25 
-3.8393020909e-23 
2.3252153648e-20 
4.2390028406e-31 
2.7505748637e-33 
-4.1910835913e-10 
-9.3330407424e+11 
-2.4586487513e-08 
-2.3131952599e+33 
2.9569128906e+04 
8.9488511484e-33 
3.2413850485e+21 
-2.1603488922e-14 
-1.2005939784e+30 
-2.0070358596e+36 
9.9768047167e+37 
-2.4533996292e-37 
1.0931626093e-07 
9.6791503906e+01 
7.1283447340e-19 
-6.5913797940e+16 
1.5257700000e+05 
-2.0547228849e-11 
-1.2167438750e+06 
-2.6103601488e-26 
9.3727350000e+06 
4.9764075797e-33 
1.9051132000e+07 
            nan 
1.2583133459e+15 
2.0281905074e-26 
4.2310400035e-23 
1.1013832150e+38 
1.0210677621e+13 
-7.8059350365e+29 
7.0359963805e-38 
4.7335156000e+07 
-4.0755956000e+07 
4.7305408140e-33 
-2.7172930004e-06 
-5.6209581432e+31 
-3.0942811281e-04 
-1.2709316798e-02 
-1.4289052797e-12 
-1.8054096629e-12 
-2.2740897212e-23 
-4.7846469174e+33 
2.4869817495e-01 
1.2580807495e+02 
3.6959990401e+29 
-3.5785448509e-30 
-3.4737162675e+30 
5.2806255903e+12 
-9.6718569721e-21 
-1.6881182955e+23 
-2.8876213993e-24 
2.2064902794e-08 
2.1649756813e-18 
-3.9048930353e-23 
-3.9484752388e-32 
-5.6222080129e+19 
4.8031436157e+02 
1.6804128245e-04 
1.7803489699e+37 
2.9670769268e+25 
-4.4921872219e-26 
1.8831192320e+09 
4.9182509968e-26 
-1.1848971264e+10 
-3.7983753285e+37 
-1.4906804081e-26 
-9.1283363936e-35 
-6.5281368792e-02 
-5.6799246487e+36 
1.1130339012e-10 
-4.0061734322e-18 
2.0971225033e-23 
2.3872908428e-35 
-3.7274349365e+28 
2.5555085488e-37 
-1.2752589770e-02 
-5.2276053272e-35 
-8.1642848589e-29 
-6.2477924402e+37 
1.1753021239e+16 
2.3721815296e-18 
-6.4682963057e-06 
            nan 
-3.6837929506e+28 
-7.1695527293e-10 
1.2577457298e-08 
1.8561949200e-10 
-1.7460580223e-24 
5.6661825220e-32 
-5.0562860800e+08 
-8.2487888048e-12 
1.3198062088e-10 
-8.5486363450e-17 
8.6470743099e-07 
6.7268413528e-38 
-7.5671118677e-12 
-1.3860555719e+14 
6.3236379374e+20 
-2.3452397436e-02 
1.9571526622e-08 
7.6219546795e-01 
1.4833082877e-19 
4.3382447958e-01 
3.0040185617e-11 
3.8533304262e-37 
-2.6305171110e+34 
1.6868668240e-07 
1.1036242995e-06 
-1.0556303329e+37 
7.0716386618e+31 
4.9291829707e+14 
7.1240463384e+19 
-5.1843339049e+16 
3.6015671511e-14 
2.6110351428e-06 
-1.9536727578e-16 
4.2086147202e-18 
3.2180044527e+19 
-9.2303437532e+24 
2.4432767934e-17 
-3.1797434203e-03 
6.1478413982e+25 
1.0223094564e+15 
-9.6888930304e+10 
-1.3597089037e-06 
3.9653887219e+33 
1.9693833325e+24 
1.9125065979e-27 
-3.0781417415e-09 
-7.6797618572e+20 
1.9505676535e+24 
-8.3388323840e+09 
-8.3409820697e+18 
3.3433201452e-07 
1.7769776000e+08 
-6.3882131577e+00 
-2.9390235000e+06 
-4.3591144213e-37 
9.0624620000e+06 
1.9810533968e+15 
2.3386755197e+35 
2.0980091734e-35 
1.0235779840e+09 
6.0456011039e+12 
5.0019262265e+31 
2.3207202344e-38 
1.2497114660e+16 
2.3459749959e-38 
3.8476134495e+30 
-3.2306166400e+08 
3.2841553920e+09 
-2.3763064000e+07 
2.8600002068e+24 
-1.6321591431e-12 
8.7394756868e-23 
2.8327913736e-29 
-4.3776397742e+29 
-7.8353979190e-26 
3.1456040878e-17 
3.3415941636e-36 
1.7983013391e+00 
1.0029725400e+32 
3.5102882937e-25 
2.9580468312e-02 
9.0214280135e-06 
1.8692525033e+25 
-9.5534284642e-33 
-1.0596168213e+03 
-4.8694392594e-23 
-1.4406430244e+01 
1.1820910047e-32 
2.2251587082e-30 
-4.6674232217e-36 
1.2296752800e+08 
-3.1302389837e+31 
-3.6162269872e+13 
-1.1684232613e+17 
-7.3879561656e+24 
-1.7538121232e+23 
3.5828575764e+12 
-1.6928035985e+21 
-1.3030706345e+29 
1.0502664412e-13 
-7.0297089106e-22 
-5.3122370089e-15 
1.2715751836e-05 
9.7990853714e+32 
-4.2221632600e-01 
-3.4829712000e+08 
-7.3743660759e+16 
-1.6775524735e-22 
-2.0612626181e-16 
2.8532389598e-22 
4.5576246788e+14 
-4.9585541668e+26 
2.9853194569e-12 
4.7932218057e-16 
-9.2878934765e-08 
1.3998120570e-31 
9.9098407486e+16 
-2.3498609155e-23 
8.1317402422e-02 
-3.9736111032e-24 
-1.0903509994e+16 
-1.8151733244e-28 
-1.6755236672e+27 
-2.3163615501e-26 
1.5067832398e-11 
1.5275849728e+10 
1.1497005203e-26 
-1.2769137000e+13 
3.8063757122e-02 
1.1934556584e-15 
1.0279041154e+25 
-7.4953923320e-34 
3.1359900644e-25 
-6.0082097355e+28 
8.4250725105e+32 
-1.1189603060e-01 
-3.7606616388e-04 
-1.0005335223e+18 
2.7513568173e+21 
7.0745455687e-17 
-2.6340593467e-04 
-4.1163497740e-27 
1.1143278750e+06 
-4.1971937686e-23 
2.5685005735e+35 
-9.7925166428e-23 
4.0986899408e-15 
-2.3075439337e-09 
-9.4161193364e-34 
3.2210748838e+22 
4.9029272972e+19 
-3.4385390625e+05 
-1.4739239936e+10 
1.2583355713e+03 
4.4414101094e+11 
6.6113993145e+25 
3.3804957785e-38 
2.2190176000e+08 
-6.1849704025e-08 
1.6144308109e+13 
-1.0188920320e+09 
7.3187402450e-04 
-8.7674326315e-16 
-2.0737734211e+22 
1.4741351559e-32 
-3.7752260687e-04 
4.0906083840e+09 
5.6388722618e-32 
-3.8331248683e-22 
2.5886345137e+17 
-1.4831526869e-06 
4.5098482797e+29 
-5.0372748507e-12 
8.4043894278e+16 
-2.3785732507e-36 
1.3626032099e+20 
1.5664258171e-05 
2.3354201761e+14 
1.1491878577e-35 
-6.3931113415e+37 
1.5300680616e-06 
-2.6464639282e+02 
5.4179539327e-11 
-6.4940280062e-24 
4.9316544789e+25 
-7.7130993649e-13 
-5.3600304845e+36 
3.9774641395e-02 
1.7095621896e+27 
1.9698600769e+01 
3.3179400103e-31 
-1.9818393886e-01 
-8.0091400047e+19 
1.3645953869e+33 
-6.3262972445e+13 
-2.1845003562e+18 
1.1430724408e-04 
1.1204587155e-34 
1.3205074463e+03 
2.7949952055e-03 
5.0628869744e-21 
4.8989008974e-06 
-4.1142591160e+12 
4.1348487578e+11 
2.0161059576e-14 
-9.6824684143e+01 
8.4145064250e-08 
-1.9138162793e-20 
1.0394852915e-15 
-1.2917475050e-23 
1.2775712621e+13 
4.3513969012e-13 
-9.2508722446e-05 
-1.7721061376e+10 
2.0015208241e-11 
8.1673038006e-01 
-1.6019625882e+22 
-5.1068404329e-33 
3.9836029708e+14 
-2.2176230400e+09 
4.6751094287e-27 
1.3704798962e+32 
-4.1235785074e-35 
-4.1001373715e-23 
-1.8853121094e+04 
-4.9328361511e+01 
2.1633297729e+02 
4.4937591862e+14 
-1.8553347303e-08 
3.6323647396e-16 
2.5266443917e+17 
1.6423124104e+34 
1.2793588199e+15 
-5.3031280936e+25 
1.0405359790e-02 
-8.4532885179e-19 
-5.9023780271e+33 
-1.3916063424e-32 
5.1820114215e+13 
-2.9187255685e-26 
-1.2501120451e+12 
-4.5541994274e-02 
-2.5676157164e-13 
2.8037208136e+30 
1.1472227097e+01 
-1.9392073385e+19 
-8.5020884288e-25 
-1.0681031829e+35 
2.1126439014e-16 
-7.9302940879e-16 
1.6095113154e-30 
1.2216556897e-27 
-3.4448957922e-26 
1.3066381310e-09 
4.2576897386e-07 
-2.9626362880e+09 
-3.5255410471e-17 
-2.8112795000e+06 
-4.3741793750e+05 
9.4488754458e+34 
-1.4333791916e-30 
8.7007048499e+11 
-8.8809619498e+20 
1.8219849467e-01 
-1.1639746092e+26 
-5.0740472000e+07 
-3.9525291700e+30 
-8.4241904619e+14 
2.6161546575e+19 
-1.2049729533e+34 
5.8303910425e-30 
2.8795998890e-15 
-1.6022152368e-38 
3.1662670432e-34 
-8.4020111573e+24 
1.4775437500e+06 
-4.1668635000e+06 
-4.7397725528e-37 
5.1557535444e+29 
-2.6112999424e+11 
5.8524743832e-37 
-5.6357996646e+28 
-8.8046247428e-22 
2.0179023325e+29 
-1.7345787234e-29 
-4.4253428000e+07 
2.5207674670e-27 
7.3631882668e+00 
-7.2223187846e-20 
5.0523650011e-18 
2.6118273926e+03 
-3.2229374225e-39 
1.4756093211e-14 
2.4405470700e-11 
4.1910762015e+19 
-2.9127021484e+03 
4.0420203209e+00 
-8.3292282904e+18 
-1.2216523095e-13 
2.2561985534e-03 
4.1221063584e-03 
2.9224778700e-05 
-1.4098979492e+03 
-1.7783427730e-30 
7.8019788800e+10 
2.0203317361e-17 
8.3875879453e+15 
-8.4680050611e-02 
-9.3618790400e+09 
7.5342108253e-26 
2.0407423022e+14 
4.4421052898e+37 
6.1082131497e+12 
8.0322104318e+25 
1.4175503608e-30 
-6.4678329240e+31 
-7.4857075560e-06 
5.3664104129e+23 
1.0208396743e-16 
-4.8535719514e-01 
-5.6095839193e+29 
-2.8397826232e+18 
2.5824510719e+24 
7.0070053757e-27 
-1.2467264497e-29 
-2.0763402194e+36 
-5.8011629861e+18 
-1.3979480522e-25 
-1.7392632365e-01 
9.6842408458e+36 
3.9163028401e-31 
-1.6884143331e-29 
1.3681062052e+12 
-8.2026124673e-18 
-2.8008866847e+19 
-8.5158309424e-35 
-5.2427679447e+31 
-1.4534744444e-15 
-2.7831786537e+13 
-6.7953720345e-31 
1.2622748438e+05 
-7.3655307293e-01 
1.1188077500e+06 
-5.3911283166e-20 
3.1378294508e-27 
3.7993185222e-02 
3.5880469795e-07 
2.5094801347e+15 
-1.7075999713e-31 
-8.9620057600e+08 
-1.1748544845e-11 
-5.1687869645e+11 
8.3148900403e+16 
-8.6169930771e-32 
3.5717999890e-23 
-1.7063420800e+08 
-1.2472649464e+34 
-1.0079277875e+11 
2.1752831340e-01 
1.0153502853e-36 
6.5100188652e+35 
-2.3116995622e+24 
2.5491945489e-20 
-1.3036816957e+12 
9.5456284035e+29 
1.4518856927e-32 
-1.4942441103e-27 
-3.5378328974e-37 
3.1458871094e+04 
-9.6714221456e+19 
3.0499551554e-15 
-1.9060749933e-26 
-3.2832561269e-23 
3.5495381913e-26 
3.8015347375e-29 
-2.4734902660e+27 
1.5789997500e+06 
5.3187289835e-34 
-1.5478436475e-32 
9.0212310511e-08 
8.9820353151e-29 
7.7382319789e-20 
1.5882736099e-11 
-6.0087587500e+05 
-4.0761003064e-24 
-1.5679885775e-12 
1.9423443832e+26 
8.0301593197e+35 
1.8295808340e-36 
2.7869564000e+07 
1.0958769447e-09 
4.4610711201e+25 
-5.7154312049e-38 
-2.9566332000e+07 
1.3396873574e+22 
6.2414264342e-31 
-1.2331724528e-23 
1.2544601802e-08 
9.2602501379e+16 
-5.1911927614e-31 
-1.5976181658e-06 
1.9826153197e-24 
-1.9472758950e+16 
-1.3540263045e+18 
-2.5664801797e-05 
1.4133972581e-03 
1.0411213338e-01 
9.8774681137e+34 
3.6870191927e+23 
-1.5506457965e-34 
-8.7556760378e+14 
1.4519821518e-36 
1.0135646154e+37 
4.4362439090e-29 
-6.7519476562e+04 
-2.1883820171e-33 
4.0856425814e-30 
-1.3936083997e-03 
1.2884619520e+09 
1.0021440770e-14 
-5.5892149248e-05 
9.7100454953e+12 
1.0467771868e+26 
-3.6205186662e-14 
-4.2986159744e-15 
-9.3854335938e+03 
-2.4257366948e-11 
1.8125671287e+24 
3.6014832006e-08 
1.3793707974e+21 
2.1010651179e+14 
8.0396841197e-23 
1.3087232219e-05 
-2.6951603900e+24 
1.4204144308e-16 
3.3739666681e+38 
1.2406026240e+10 
-1.6345184000e+08 
2.7177021484e+03 
-2.3675493417e+12 
6.4508681442e-26 
1.7423240314e+25 
-8.6109833682e+23 
-4.7281523052e-07 
7.1400636428e-37 
-1.5449914784e-25 
-4.0725841736e-16 
1.8751921474e+26 
2.6712478258e-13 
5.4249705422e-11 
2.7160152500e+06 
1.7448694623e+17 
9.3125314387e-31 
1.0724512245e+35 
1.3330548349e+35 
9.5958843231e+00 
2.1251733778e-37 
-4.5710651111e+18 
6.5254985614e+21 
2.6442332160e+10 
4.7106055209e+12 
-1.9421307467e-28 
2.7512756642e-03 
1.5876489795e-19 
2.3713988739e+13 
-3.5329892400e+23 
8.2681075426e+27 
4.9803074745e-36 
-6.8801193750e+05 
-5.7841862486e+37 
-1.9286982018e+32 
-5.5336767393e-22 
2.6129792000e+07 
-1.0179000476e-35 
-5.6434562728e-19 
-4.1225069720e-28 
1.4587480109e-05 
4.0853873686e-27 
1.0658999092e-30 
-2.6628876953e+04 
3.8083919509e-29 
-3.4967118978e-08 
2.2465372829e-30 
4.0775180616e+12 
-1.9676457074e-28 
7.5848952292e-06 
9.3192729282e-33 
2.3246337421e-30 
-7.2007885876e-08 
-1.6521835146e-21 
-1.3913399972e+23 
2.0457521250e+06 
1.6735587037e-26 
1.4230318811e-05 
-2.6334645227e-02 
-2.9624563886e-27 
5.7121219470e-06 
4.8586884980e+24 
3.2495663137e-21 
-5.8655086582e+14 
-6.9988969132e+22 
4.4308383459e+19 
4.7640070915e+00 
-5.7423069737e+28 
-6.5633547789e-25 
-5.1668022336e-19 
-7.5587336905e-03 
-4.2473835174e-17 
-2.9569311300e-04 
7.2819346689e+18 
3.0534758389e-20 
-1.5006241099e-15 
3.8037961043e+26 
6.7462988321e-12 
-1.7590485936e+22 
-3.0331012000e+07 
-1.2576688128e+10 
-3.1953009502e+38 
3.2289432284e-07 
1.7803290486e-01 
7.8497188407e-22 
4.3630205338e+11 
2.2223102250e-26 
5.9453931932e-25 
1.9211844774e-03 
6.6190972764e-17 
-1.7983912812e-06 
6.7623458963e+13 
-8.5449990439e-35 
-7.4986061804e-10 
-8.4127213506e+29 
3.0691952964e-31 
2.5614685439e+27 
-9.3862458902e+29 
-3.5881739057e-36 
8.5895124264e-36 
-5.4678470612e+01 
-3.0592582192e-18 
3.4596271803e-07 
8.2276896116e-35 
1.7062209497e-16 
-4.7510099175e-32 
-3.9486608848e+37 
5.0050455912e-28 
-1.1407974541e+24 
-1.4305614947e+19 
-5.4832768608e+29 
7.9446854651e-10 
6.6326915711e+13 
1.9422850618e-28 
-4.7502839336e-12 
-3.2691138262e+24 
2.1769793359e+14 
1.8440452834e-36 
2.2692035131e+33 
-8.9735507913e-10 
2.0118401707e-23 
-1.4960388484e-10 
2.1020562542e-16 
1.7159233150e-18 
1.7085153000e+25 
5.6806305193e-28 
-1.4995446458e-16 
-1.0437762993e-26 
-4.0104851813e-14 
1.9871230400e+08 
-1.3801056094e+26 
1.0346409344e+29 
7.3419844540e-24 
1.6388522539e-08 
-1.2560062433e-35 
-6.5019235326e-37 
-2.1842763635e-38 
-7.4082932472e+00 
-1.0169699916e+22 
-9.2066861745e-38 
-1.9398755200e+08 
-1.2110373942e-14 
3.2382598122e-13 
2.7196007318e-24 
7.3512705708e-17 
-8.9062858108e-14 
-2.6856522823e+30 
5.1304600700e+35 
-3.6250297559e+22 
-6.4147120313e-18 
-7.8473712000e+07 
6.9008254666e-10 
2.9636027591e-37 
4.1893275000e+06 
-1.5646659159e-25 
-3.0514253346e-09 
-2.9016993750e+05 
-1.3592606225e-34 
1.3430603456e+37 
3.4242005512e-36 
-3.2876992009e-06 
-2.5583808512e+10 
-3.5398825596e-30 
-6.6843717016e-30 
1.2137785961e-04 
-2.3436692816e+13 
-9.0720750356e-11 
-7.3740911782e-32 
-8.7413054526e-35 
7.0409373339e-26 
3.5717518767e-04 
-5.4036672011e-17 
2.4446788873e+37 
1.9557707125e+34 
-6.7376500736e+10 
            nan 
6.5266651540e+32 
-1.1710498774e-22 
1.5146542549e+01 
3.8883153373e+29 
-6.7978321459e-24 
1.1491408682e-13 
4.3087968773e-32 
-6.9904420356e+29 
-1.7915308032e+10 
-6.1763596535e+00 
-6.3015142400e+09 
-5.8970868000e+07 
-1.1815024640e+10 
2.8103275864e-14 
2.5009699192e-20 
8.1939952000e+07 
-1.7179302876e+25 
3.4218705645e+25 
-2.3691244871e+35 
2.4627180295e-08 
-3.5009715127e-09 
-8.6508830899e+27 
-1.0041171298e-29 
6.1790601080e-08 
-4.6717470878e-24 
-1.0458077529e-33 
-7.3337447247e-05 
8.1133972168e+02 
-2.7225606658e-08 
3.9990679784e+30 
9.8555318617e-22 
1.2477106934e+03 
-1.3607366123e-29 
-2.7920678522e-38 
-5.7381721639e+35 
7.8622183725e+28 
2.8213137339e-29 
3.6244356405e-09 
3.0868634383e-37 
6.6186901359e-27 
5.1057284660e+31 
-2.7692271006e+21 
3.8395935017e+28 
-4.2346164918e+26 
6.6599621853e+31 
-1.2749976776e+32 
8.6793949121e+32 
4.3367839285e-32 
-6.0841204686e-05 
-5.6157428929e-08 
-3.9305008864e+27 
-7.5746471994e-03 
3.3995998249e-33 
3.1879038000e+07 
3.8987977608e+33 
7.2129334166e-25 
2.8131936446e-30 
4.1352985354e-14 
4.5865269271e-07 
1.4570699722e-14 
-1.3482277313e+14 
4.8560892000e+07 
1.7504866898e+28 
1.0906009205e+30 
1.0204787424e-17 
-2.2847846489e+27 
-1.4570699722e-14 
-5.1729227003e+14 
4.7676746094e+04 
-2.9576138519e-18 
-2.2522947693e+02 
9.2709612128e+29 
2.4978436917e+30 
-4.6148432617e+03 
3.2107424358e-11 
-9.0604393750e+05 
1.2987493253e+12 
-1.0978526560e+38 
-4.3903407487e-15 
-3.5341215607e-06 
-1.1487358747e+13 
-1.9144201088e-23 
-7.6815968000e+08 
2.6035526512e-10 
2.1511533962e+33 
-9.4027128968e-32 
1.2302824359e-07 
-3.6990942886e-31 
1.8561426160e+18 
-2.0863265242e+25 
-1.5456411795e+37 
5.1505464207e-27 
6.5026311531e-31 
-7.1096463992e-35 
-1.5656987772e+34 
2.6494503021e+01 
1.9622408624e-13 
            nan 
-6.7647389653e-36 
2.2232804172e+20 
1.1787056545e-32 
2.9857532189e+14 
3.9660936951e-33 
-3.7540618635e+17 
2.9422580306e+31 
2.5378286469e+13 
2.8122770571e+13 
-8.8764325018e-20 
3.7953295116e-28 
-7.2458840550e-15 
6.1433861636e+13 
-9.0315517193e+16 
-7.3713371753e+32 
6.3138072246e+16 
4.8699166565e+23 
-3.4390776000e+07 
-1.5478857026e-22 
1.2466945611e+37 
-7.0312000811e-02 
4.7482839142e+17 
-6.1574627587e+25 
-5.2536543775e-25 
1.4763220971e+25 
2.0808469728e-26 
5.3015469639e-36 
3.1087055423e-31 
8.4000832270e-19 
2.1037619141e+04 
-2.2610098677e+14 
4.7935964160e+09 
-3.4524453401e-30 
-7.8021881074e-26 
9.4547799668e-25 
1.9180568969e+14 
2.8141768416e-04 
1.6270797500e+06 
2.8930195548e+29 
-3.2801941925e+38 
-1.5602497984e+33 
3.5093877804e-10 
8.6643657042e+14 
-1.6984815247e-12 
1.4378847937e+37 
1.4574225547e+26 
4.7144326662e-19 
-1.3332270638e-14 
2.3907356633e+27 
1.4754534572e+24 
-8.5225778225e+17 
-2.3495243112e+36 
2.2306510805e-10 
8.8650870000e+06 
-7.4590712000e+07 
9.2303818968e-18 
-2.7809623047e+04 
-4.2360160256e+11 
3.3980839625e+13 
1.7047065805e-17 
1.2446067080e-27 
-4.7743374125e-06 
-1.1886534691e+01 
5.2522573354e+32 
-1.1484854736e-23 
-9.2244734988e-03 
-4.1397206565e-25 
-2.8178471894e-06 
2.3315680983e-11 
3.7825699906e-07 
-1.9485653301e+17 
5.7486944000e+08 
6.2878297790e-31 
-2.5844628693e-29 
9.5027456284e+00 
-6.0400738174e-23 
2.9143357622e-18 
8.3502990763e-13 
1.6720957491e+24 
1.4059156706e-25 
-1.2020510252e-30 
-3.0327737324e-30 
-1.1144511000e+07 
7.1891169548e+00 
-9.8570907550e-16 
2.6884305477e+00 
-1.1036550477e+38 
5.4825384521e+02 
-9.5452654866e-27 
5.7192048755e+13 
3.1970408664e-38 
1.4116884996e-30 
4.3919705391e+27 
-4.4501925217e+26 
1.2522055990e-36 
2.5606123047e+04 
2.1679399667e-22 
-6.2931347200e+08 
3.7236360367e-03 
2.7953599256e-25 
-7.0215162708e-29 
9.5079356076e+31 
2.6108012329e-24 
-8.8932651465e-08 
2.4388091702e-19 
3.8517967330e-39 
5.4551245465e-11 
-2.5347800693e-04 
-8.1948815918e+02 
1.3802930676e-36 
9.0585028205e+23 
4.9803247619e+36 
-6.9963719074e+31 
-2.0070299715e-36 
-5.4339173161e-09 
-1.1243560547e+04 
1.2287538508e+36 
-2.0151042834e+13 
-9.2694521187e-16 
-3.1246114846e-18 
-1.6377180979e+11 
1.1060269589e+15 
8.9561569894e-07 
3.8818607508e-38 
-1.1943848438e+05 
-2.7720993675e+17 
1.4315662611e-06 
1.3934096875e+05 
-4.7822947024e-25 
2.7497489426e+38 
-2.8419690942e-26 
1.5258700463e-21 
-1.0369187164e+02 
4.1040647775e-02 
3.2854362764e+22 
4.3842788086e+03 
-8.4899599608e+35 
1.8282637411e+27 
5.5391340403e-09 
6.4053416793e-08 
1.3744055213e-21 
3.0675967870e-16 
-2.2233080744e+16 
-3.8596233617e-15 
8.1562787500e+05 
6.9605584152e+18 
-4.0532681378e-11 
1.0813854392e-29 
5.1541410711e-20 
1.5506645125e-22 
-1.3628799085e-14 
1.8922829526e-08 
1.6070653440e+09 
4.0992116891e+23 
-3.9767362736e-09 
-1.1370935547e+04 
-6.4454070000e+06 
-1.2536221723e-31 
5.3960086177e-08 
-3.4643811257e-12 
3.1753973467e-15 
-2.6429310894e+12 
-2.4307765871e+13 
1.1538498029e+37 
-1.0120464453e+36 
-4.8111742188e+04 
7.5459515408e-24 
-4.2646191301e-24 
3.3447977155e-02 
3.1602145386e+02 
1.3211067922e+37 
-4.8943169961e+27 
-8.8390659538e-14 
-1.9418798750e+06 
6.1426414455e+26 
-1.7438941313e-06 
-1.5365545654e+03 
-2.7142872179e+17 
1.1587555118e-22 
-1.7191794688e+10 
3.6742164751e-22 
1.8900742792e+32 
-8.3058529811e+20 
-8.7776378336e+32 
-1.4211228943e+02 
-7.7414692324e+27 
-1.7612944989e-34 
4.5823239136e+02 
4.8613306135e-02 
6.3535206020e-02 
3.8751763426e+23 
-9.8065334099e-31 
-1.7330206720e+10 
1.0252221269e-17 
-1.7430952787e+00 
-2.7656352075e-27 
-2.5516439552e+10 
-1.6227498923e-24 
1.2334301180e-31 
1.9113658436e+26 
-5.6736763085e+11 
-3.3388811969e-19 
-7.7264249870e+34 
2.9672978446e-02 
-3.0368114325e-18 
-1.7481358030e-23 
4.9553446312e+17 
3.6372797658e+28 
3.6137068548e-28 
-1.6452042684e+15 
5.0098634855e-29 
4.5546868958e+19 
1.6862959606e-29 
-1.8134239627e+26 
5.3121773456e+23 
-7.0131658033e-22 
2.4816885206e-34 
1.8650999607e+33 
-1.9894169867e-08 
-6.6963851957e-37 
-5.3443577600e+08 
-4.5805005083e-26 
-6.3104965214e-38 
-2.9673532867e+28 
4.3518951702e+20 
1.1117037500e+06 
2.2393306073e+23 
-3.1907869850e+34 
-3.0575835000e+06 
2.7358993750e+05 
4.8860804171e-27 
-1.7828001280e+09 
3.0129275167e-25 
-3.1052149548e+26 
2.2071901104e-33 
8.3154186606e-02 
3.5946600139e-02 
-2.4233786546e+32 
3.5568918101e-03 
-1.0391003379e+24 
3.9653802005e+23 
8.8981608933e-33 
2.4499386149e-14 
1.4066012698e+31 
8.3321466064e+02 
-1.9338472285e-23 
-1.7981235546e+35 
-5.2065208845e-33 
1.3520485594e-14 
-2.0756464005e+01 
-1.5832577705e+01 
-6.0482468605e+00 
1.1285625078e-04 
-6.1345455470e-04 
2.4333043805e+33 
2.0386982050e+21 
-1.3202491333e-32 
4.8742716259e+16 
1.4045920573e+27 
-4.2895584329e-07 
-1.4830885243e+26 
3.7042398976e-31 
-2.2163538781e+16 
1.4067531053e+21 
-4.0018276734e-17 
1.9398817429e+27 
6.2795268985e-10 
2.0016017964e+31 
-9.9932071358e+31 
1.2643065475e-06 
            nan 
-1.2828478000e+07 
-5.6587351258e-18 
-8.3235530342e+11 
1.9561097421e+28 
1.6288940789e-20 
-3.7680288187e-06 
9.2873913174e-33 
            nan 
4.2464487255e-02 
1.5718862616e-37 
-2.6109606417e+26 
9.7495708466e+00 
-5.4751216888e+01 
1.3510493352e-29 
-3.8932366187e+26 
-3.7640385186e+29 
-1.2623597954e-26 
3.8432120668e+36 
1.0038540501e-13 
9.9237645517e+11 
2.0605855778e+27 
1.0674830336e+10 
1.6961876847e+34 
-3.9067878834e+15 
-6.8499079795e+34 
-1.1206977913e+13 
5.5304322504e-27 
-2.4175298438e+05 
-2.5433754969e-14 
-7.9066398720e+11 
3.1418750161e-24 
-1.1066638750e+06 
-6.4009182155e-02 
1.2694555629e-08 
9.2828860506e-03 
1.7881207206e-26 
-3.1901139659e+18 
1.3682094497e-32 
-7.7170868492e-38 
-9.1453417330e+24 
1.8340599039e-09 
-5.7061356714e+32 
2.2132932663e+01 
-1.7438524071e-28 
1.5040849887e-30 
2.3204783630e+02 
2.5477123047e+04 
-2.8630769100e-17 
-8.5309540846e-30 
9.3991213482e+35 
-3.6648782978e-17 
-1.6742199212e-21 
6.2009088695e-02 
4.5563681241e+23 
2.0655756876e+21 
1.9666902721e+33 
5.3729972587e-23 
-1.6972773040e+32 
-4.4173786267e-35 
4.7138967514e+00 
6.9804518198e-20 
-4.8494496348e-32 
-2.2651941650e-30 
-4.6161420711e-33 
-7.5043215770e+11 
-2.8614821836e+26 
-2.9733782959e+02 
1.6605664399e-08 
1.6031038000e+07 
-2.7933901367e+03 
-4.5415008000e+08 
-2.4491508122e+17 
4.1159723721e-21 
1.4801165161e+34 
-2.4690812000e+07 
2.3821481985e-35 
1.9619352197e+17 
-1.3168082749e-22 
2.7491204738e-26 
-1.2633189359e-15 
-1.6285084422e+19 
-7.2443072396e+30 
-1.9162527282e-17 
5.3405238281e+04 
5.9901771776e+11 
4.4240811157e+02 
-1.2717808026e+11 
2.4874788030e+32 
2.5489725522e-04 
9.3835875058e+13 
-3.0622961874e-22 
-2.2182934337e+27 
4.3670969063e-08 
9.5132157800e+28 
1.7002805025e-17 
-4.5523508645e-18 
1.9866203504e-33 
6.1026115417e+01 
2.1070816735e+28 
-3.9236011809e-21 
8.5179123562e-04 
4.7051209323e-34 
8.1860272775e+16 
2.7679521869e-11 
-1.6281204698e+29 
-1.0363669434e+03 
6.5482547507e-03 
-5.9358391445e-04 
3.7560577017e-23 
3.6527023461e-32 
9.4179058075e+00 
-2.5577602258e-08 
-1.7689488566e+22 
3.5082733471e-37 
2.4562545655e+38 
-1.3034656294e-14 
-5.9093742188e+04 
8.8338444426e+14 
6.2795092800e+35 
-2.9272831110e+20 
4.6819617164e+17 
-9.3634740075e+18 
-1.9293744564e+00 
9.4519677418e-08 
5.1688168412e-08 
2.1122790497e-38 
-1.0138400295e-25 
-2.4365175237e-32 
-1.2041315785e+14 
-1.3437998750e+06 
1.0099736095e-26 
8.3638894420e-29 
1.7141699971e-07 
1.9719943997e-34 
-3.2613082886e+02 
1.8330532478e-17 
2.6638996875e+05 
4.9827580000e+07 
6.2279398553e-03 
-1.1692564964e+01 
-3.1828303034e+32 
1.7858046639e-11 
-2.7750203013e-01 
-3.5168912411e+00 
-1.4983592990e+17 
            nan 
4.0084815142e-16 
6.3733378192e-04 
1.9825355200e+08 
7.0432355415e-07 
1.3102497228e-16 
-1.4760455410e-21 
-5.4142278776e-26 
2.2885996483e-12 
-3.0866810679e-01 
-9.0352883562e-03 
-8.5629761745e-13 
1.2812271103e-27 
1.5248705126e+11 
-1.4637178752e+16 
1.2111429533e-04 
1.1592882971e-20 
1.3037678109e-38 
-2.5897594880e+10 
2.4992061615e+01 
-1.2567593786e-30 
2.4279910323e+28 
1.1707494510e+33 
2.4349793980e+30 
3.1409848944e-27 
-4.4256649665e-33 
-3.8019768532e-22 
-2.8937734270e+19 
3.1829804800e+08 
-1.0928924026e-37 
-1.5004477973e-05 
9.8331017231e-16 
1.5397293764e-14 
-4.2853248467e-39 
5.6937485837e-09 
-2.5007715836e-29 
2.6313205126e-06 
3.2319447200e-05 
-2.0313606516e+18 
-7.8297795709e+36 
-5.5645994032e-27 
-1.0691755961e-05 
4.7741868442e+11 
-1.1119778651e-15 
2.9353032320e-14 
-3.3527263737e-23 
-7.6541255124e-23 
4.0496457980e+36 
1.5634344139e-37 
-4.2706938783e-36 
-5.2145774677e-12 
2.4788858000e+07 
8.0460375000e+05 
-6.8203411102e+00 
-7.2785177569e-33 
2.2155517698e-10 
-2.7026398926e+03 
-2.1924413618e+24 
-2.0943577292e+28 
1.7354685678e+13 
2.6575272673e+12 
-1.9792433782e+30 
-8.6930461053e+17 
            nan 
9.9241464305e+27 
1.2902731571e+27 
-8.2481543044e-38 
7.8838269246e-07 
1.5976964731e-33 
1.6796220207e+24 
-7.5087004916e-06 
-8.6730118766e+35 
-7.8600436593e-28 
8.4755241668e-19 
9.6688073664e+28 
-3.3733544506e+18 
-2.7298662993e+37 
6.8152568541e+17 
-4.3692236800e+08 
-2.4719687680e+09 
-2.3864806907e-21 
-7.5563093560e-08 
-3.4508859633e+16 
1.8052119799e-09 
-4.6525069281e-23 
-4.2740996875e+05 
3.2512584199e-25 
-1.5398998997e+19 
-1.5661788996e+22 
-6.1330859752e+19 
-5.4075105421e-29 
-5.6547548866e-09 
3.1670374124e+36 
2.3585264737e-26 
-4.0057796509e+23 
5.0040000000e+06 
4.6333877391e+19 
7.9262284030e-38 
-3.0510277300e-36 
-3.9521024000e+07 
3.0001625099e-31 
3.5973792772e-25 
-3.2560775168e+10 
4.2464970125e+29 
4.6665888931e-09 
4.1428147241e+12 
5.5832418866e-07 
-3.0895982796e-36 
2.1522453816e+38 
-8.0754109790e+18 
2.4439238026e+18 
3.1635010534e+34 
3.3663146207e+22 
1.4530396160e+09 
1.4649504010e-07 
-1.0970377040e+33 
-1.2358806270e-18 
-1.7793452632e+24 
4.4615322720e-28 
7.3460669196e+34 
1.8983425613e-34 
4.3510434628e+13 
-1.5736406055e+29 
-7.2843261067e+18 
1.4465427399e-01 
-2.1082628518e-04 
4.4787680269e+34 
-5.9608086643e-18 
-7.4875752946e-34 
-3.7579407723e+30 
9.0362696550e+17 
-2.4581911205e+19 
-8.1803509521e+02 
2.3418194913e+35 
4.8786333008e-21 
-9.0232783155e+36 
-3.3233190505e-11 
-7.8404823271e-21 
-5.4797246094e+04 
8.1793528000e+07 
6.8433008640e+09 
-1.7597304013e+11 
-1.5480347464e+19 
8.6347051820e-07 
-1.2533077134e-20 
1.1989701266e+29 
1.1527940535e-14 
9.8721900000e+06 
1.1073866896e+23 
-1.0280181619e-22 
1.4061729792e+10 
-9.1371826398e+19 
7.8751721466e+24 
6.8726065941e+25 
7.2098030164e-37 
-6.6306879744e-03 
-3.5953688105e+29 
8.6802652650e-17 
7.0815792697e-07 
-1.4498226896e+16 
-3.4106862136e-29 
3.2995604556e-20 
-4.9782150744e+36 
2.2052611922e+14 
-1.1122655512e+31 
1.2406223398e-33 
-8.0284321825e-26 
-2.1501557363e-29 
-3.9902120004e-30 
-2.6713737488e+01 
-1.9834037125e-01 
-2.1287521188e-17 
-1.1026127789e-09 
-6.1929668345e-25 
7.6681400119e-10 
-5.8770403396e+28 
-9.3332364173e+26 
3.1067183648e+31 
-8.6373625274e+21 
3.3524502892e+22 
1.2434412901e+33 
3.8771884283e-04 
-1.4974585405e+12 
-1.0255897010e-23 
2.7539229625e-30 
-5.2337030505e-19 
-2.9044643210e-13 
4.8626304761e-07 
1.6274857727e+17 
-9.1203898588e+36 
-7.9915988445e-01 
-2.0695299243e-16 
4.2404045105e+01 
-5.9786797366e-14 
7.1812997823e-34 
4.0184423570e-16 
-1.5763743644e-09 
-8.9920246199e+17 
9.8986855469e+03 
-8.2291781902e-01 
3.1531101611e+22 
1.4307650070e+15 
1.1951548513e-03 
-1.3053768266e-18 
-1.2615627200e+08 
4.9549545998e-37 
-2.8897910731e-09 
-8.1329187500e+05 
-8.7376855469e+03 
1.6702485527e+23 
-6.2600725432e-28 
            nan 
-6.6869723797e-01 
3.5648593750e+05 
-9.2024789375e+23 
3.6134165967e+18 
8.9544366981e-35 
2.5260071372e-33 
-1.4955995562e+28 
8.1260656217e-28 
1.4522774979e+12 
-3.0665431023e+00 
-1.4171509018e-12 
7.2827549913e-21 
-2.5974096875e+05 
1.6501117393e-27 
3.0235615388e+19 
1.5768368983e-30 
-4.0815024259e-24 
-1.1839799754e-06 
2.4449621282e-32 
-3.5153656362e+14 
6.7393051147e+01 
4.8759002681e-15 
-5.8046051308e-37 
2.2757793777e-03 
2.8859475626e-38 
-6.1658738281e+04 
8.3698880000e+08 
-2.5520921807e+22 
1.1697996431e+12 
-8.2280307795e+20 
1.5715867734e+17 
-5.4301115000e+06 
2.6343179214e-33 
-6.3789677540e-08 
-3.8924600000e+05 
-6.0520937500e+03 
9.5926057760e-17 
-5.3914561704e-09 
-8.6577128868e+18 
6.6938671875e+02 
-1.7213807769e-27 
3.9752209679e-32 
-1.1953892794e-27 
-3.3784836117e-32 
-1.4580922852e+36 
-1.3719719064e+35 
-3.2941314607e-14 
2.1190307945e-16 
1.9778036836e-36 
-7.1246664630e+19 
-2.2352576256e-02 
3.6899793187e+21 
3.1372906850e-32 
1.6074950503e-27 
2.5197999219e-29 
7.5166749411e-06 
2.8054429509e+18 
2.6969681709e+24 
-4.7687063217e+00 
-1.0576529008e-17 
-6.5676021908e+34 
-1.2761504154e+12 
-1.0753480178e-33 
-1.0383920016e-04 
2.1952755200e+09 
-1.3011963127e+16 
6.1185999653e+24 
-1.5295561523e+04 
4.9562600000e+05 
3.2937446502e-29 
9.2242868305e+18 
6.8556525164e+33 
1.0096987216e-27 
1.2318783000e+07 
5.1282463860e-26 
-2.5037664323e+16 
3.2457430811e+30 
-8.0951404637e-15 
3.5895726085e-01 
3.5442798553e+18 
2.4796146723e-17 
-1.0794859896e-36 
2.2708792150e-23 
-4.6857880231e-23 
-1.2954443740e-08 
5.2351442785e+26 
-2.8188995350e-25 
5.9335307617e+03 
5.5948683137e-21 
6.3428415002e+35 
4.7940770611e+31 
2.0087516249e+20 
1.3496329068e-31 
-8.9231990000e+06 
-7.2428784385e-23 
3.0936758473e-20 
2.3315375238e-12 
-8.2029011062e+27 
4.7153079794e-31 
1.1183167950e+20 
-4.2492459973e-17 
2.9229880738e-07 
-5.2834672401e-12 
2.5560182333e-01 
6.5893115617e-12 
2.0779304107e+30 
-3.4971384639e+27 
-9.3257287233e+21 
-5.5427453788e-16 
-2.3503339319e-19 
3.4515512604e+24 
-1.2135399453e-22 
-4.0289528000e+07 
1.0094341893e-20 
2.9828958025e+23 
1.0324248438e+05 
1.6858496875e+05 
2.1518522443e+34 
3.9142601590e-22 
1.1042385021e-23 
1.3008253218e-21 
-2.4606435331e-18 
-2.8522838820e-25 
1.0205445863e-11 
5.3809083192e-18 
-1.8781907941e-25 
1.6184805791e+34 
-3.1872118784e+10 
1.0421989858e-01 
-1.0357083567e-22 
-1.9939103363e-19 
-1.3323836852e+37 
4.8510604451e+22 
-3.0158590224e-24 
-8.5962900699e+15 
-2.5984780289e+19 
1.1251250938e+38 
5.7761957869e-03 
1.8457715511e+00 
-4.6706282296e+22 
-2.9449355281e-12 
3.0600927287e+38 
-6.6865929848e-34 
2.9604924370e-38 
-1.8557747412e-17 
-2.7912316000e-05 
-8.3930652511e-35 
2.8159478912e+17 
-5.2064195320e-18 
-3.1673343619e-04 
1.4704759239e-25 
-1.7303935764e-34 
-5.5722354843e-26 
-3.9943764181e-21 
1.2736745754e-16 
9.4285161733e-32 
2.7205319640e-30 
-3.2055192500e+06 
1.9592244084e+27 
9.6995737136e+36 
-2.8528033491e+17 
-4.1323533058e+00 
1.0245809570e+04 
-1.6179772000e+07 
-4.7201288115e-28 
4.8207642238e+20 
-1.6581584896e+10 
-5.9052526922e-06 
-9.4217395200e+08 
-5.8352734375e+04 
-3.3417452716e+37 
-5.7657613347e-35 
-3.8349449635e+00 
7.4165964662e-32 
2.0156870620e-26 
-2.3233652865e-23 
2.2318058819e+18 
6.1274319887e-01 
5.1110903546e+13 
-4.5878008000e+07 
1.9718448000e+08 
1.6788883709e+37 
1.1497908135e-14 
1.5879766650e+25 
-1.4088246498e+16 
-1.5775572467e-19 
1.5262123942e-01 
-2.7235914126e-14 
1.4294309076e-03 
4.8396109775e-29 
1.0912149329e+19 
1.8482573238e-17 
-1.4111992717e-01 
-5.7972201830e-06 
-1.8541526713e+34 
1.6718869338e+38 
1.6457871094e+04 
3.0949092865e+01 
3.9381686260e+18 
-2.7393652342e-28 
-3.0755196000e+07 
-4.8568438281e+34 
-8.7582978245e+35 
-1.7171896875e+05 
3.6886264000e+07 
9.0853418550e+36 
3.9999939125e-12 
-3.4670562267e-39 
5.0238943100e+00 
-1.5873390469e-30 
8.2803517030e+11 
-3.3149798462e-09 
-7.9386288921e-16 
8.7884895879e+14 
-3.7672283435e+16 
9.5027623395e+19 
1.9001509859e-33 
1.3592803573e-14 
-5.7658035426e+15 
-1.0901182902e-30 
8.5829021156e+19 
-9.7720441721e+20 
2.7229699384e-08 
-4.2963283303e+30 
5.1744950000e+06 
-3.0329011028e+34 
1.8748118067e-17 
-1.1840847166e-32 
1.8065095637e+29 
-5.3689466453e-26 
1.0338748438e+05 
3.6275197393e+31 
4.1785736084e+02 
-2.7833686909e-04 
8.6783120822e-21 
2.0842602582e+25 
4.6203268310e-33 
1.3048577816e-24 
-8.9012643561e+13 
-1.5566114303e-34 
-5.4725466961e-18 
1.1552603212e+25 
7.8120996045e+11 
-3.2856276595e+30 
-1.0657593918e-07 
1.0645603615e+12 
3.1251458579e+19 
-3.0036369146e-20 
-3.0287918747e+36 
1.8865231934e+03 
1.5452657648e+36 
-6.3476164198e+11 
6.1411680256e+10 
7.3799152000e+07 
3.5089282482e-24 
8.3820137661e-04 
4.0895608332e-31 
5.0431297368e+21 
-1.6177265690e-12 
-1.2709700126e+34 
-2.7443690300e+00 
9.9865775555e-03 
-1.4664067647e+26 
-1.6013636239e+27 
-5.8171721230e+31 
1.0879756931e-30 
-8.5946636200e+00 
3.7589089425e-30 
-5.3704243035e-36 
9.4568286435e+15 
-1.8130156150e-06 
-5.9293427734e+03 
-3.6973667834e+18 
2.7772577506e+22 
2.9819431802e-05 
3.4248607506e-08 
1.0382852182e-22 
-1.2975535212e-23 
-2.8848253919e-07 
-2.5315870310e+11 
5.0213640650e+23 
-2.7189225094e-08 
-8.2848371154e+32 
-2.9243703094e+22 
2.2411188111e-03 
4.6214417287e+30 
-1.2796889868e+32 
-1.2963422518e-14 
-1.8974193559e-18 
2.6475557325e-29 
-1.2232842147e-30 
1.0423135245e-03 
-1.2295023756e-35 
3.6017790625e+05 
-4.2143567872e+10 
2.1823044927e-23 
-9.0593321519e-21 
-3.1077354314e-36 
-9.3980966111e+36 
1.0688147086e-05 
-5.9456790041e-05 
6.0039238065e-38 
-1.1957240961e+14 
2.0652474025e-26 
4.6502365230e-18 
1.8382999210e+28 
9.6400605469e+03 
3.9716327367e+32 
2.5554112835e-32 
3.4605920525e+15 
-6.2050726314e+13 
2.5119043094e+23 
-4.9763306300e+28 
-2.9682297579e+28 
-1.0149919574e-14 
2.0105550654e-28 
-1.8148167413e-08 
1.4218067375e+36 
-1.0743471879e-20 
2.3847891684e-17 
1.5588914541e-25 
1.3018285319e+16 
-1.2149782241e-24 
7.1305258598e+11 
-8.4374071672e-19 
2.9619041077e-22 
-1.7043514404e+03 
2.3510642742e-20 
2.2449441942e-17 
2.4359643873e+22 
-6.2417950212e+13 
-3.7741007206e+16 
3.5079859610e+26 
-2.5869280971e+33 
1.7703540520e+37 
2.8420504761e+02 
1.0218400041e+23 
1.7681625396e-26 
9.9768026884e+37 
-1.5700543935e+16 
1.4553298438e+05 
1.0971921639e-15 
-4.6109223244e-28 
-5.7781490326e+01 
4.1650084803e-24 
-6.3952393339e+12 
5.7539362907e+00 
-4.6601862907e+00 
-1.8137174409e-19 
3.0890256882e+01 
7.9240148668e-28 
1.4762283088e+38 
-3.1745066809e+27 
-6.1085281584e+25 
-1.5951046022e+25 
-1.3819877868e-37 
1.2088332451e-13 
-6.8984773476e-32 
1.7652455886e-10 
-1.4424718750e+06 
1.5408272546e-36 
1.4690246971e+34 
-1.0543657722e+36 
1.2190978050e+01 
1.3795200772e-16 
1.2096613489e+14 
-2.6012498438e+05 
5.4953977600e+08 
-1.0673926254e+18 
1.8225164720e+22 
5.3919683427e-33 
4.2304299323e-37 
-1.5347059917e+11 
-8.7580779168e+33 
8.6643528723e-13 
-1.0144547957e-07 
6.0960387500e+05 
-6.5767411200e+08 
-1.2005351891e-04 
-5.5949110000e+06 
-2.6630727916e-06 
3.3454316093e+23 
-7.3596587800e-35 
-3.0492031105e+22 
-3.2021397651e-16 
1.1832339727e+24 
1.3030434725e-22 
-1.6119481509e-13 
6.7605132320e-18 
4.1666636800e+09 
4.8880335207e-30 
-4.8011047964e+17 
1.5989439201e+12 
7.3229404897e+31 
8.9130504126e+30 
-4.6352797852e+03 
-8.7626850000e+06 
6.2793316147e-07 
2.0113465344e+11 
9.9093843056e-28 
4.4392338859e-25 
2.0110450061e+32 
-2.1079836339e-26 
1.3977955259e+18 
1.0675343030e-23 
5.6441146419e-38 
8.5651889942e-19 
4.8382258833e+36 
-3.1312841394e-26 
4.4024410931e+12 
-1.1886742802e+20 
-2.9045906438e-29 
-5.5002128983e+22 
1.1904642203e-11 
-3.0375319299e-35 
-8.5786971609e-34 
-1.8806637500e+06 
-6.6227826755e-04 
2.8641673995e+35 
-1.8270310986e-37 
5.1433623735e-23 
-8.8184726238e-01 
-1.3551688090e-28 
2.6955481619e-02 
1.1307831008e-32 
-2.2202782919e-26 
1.4564813584e-16 
-1.0700847335e-26 
7.8574291518e-10 
6.1800668710e+30 
-5.2309037550e-20 
-1.0166410812e-20 
-1.2690380000e+08 
-4.6420932617e+03 
-1.7533750080e+20 
8.2339122915e-37 
-2.3234614524e-26 
-2.1215440533e-30 
-1.0454516883e-32 
-8.5671395108e-13 
-5.5915503339e-08 
2.5762954327e-36 
-2.2787660634e-21 
2.3092572604e-29 
-2.4840932597e-16 
6.9668641178e+11 
-5.1844795000e+06 
1.6319256220e+23 
1.4826687000e+07 
-7.1238904461e-23 
1.5670307014e-18 
-6.6966693872e+14 
-1.7487077064e-10 
-3.6844841309e+03 
-8.5842901189e-31 
4.6775257004e-27 
-1.2065184784e+02 
-1.0037510190e+36 
-4.6142973963e-21 
-4.0053423305e-26 
4.1893323761e+19 
1.2116336864e+25 
9.2539303997e-10 
-2.4261023162e+32 
1.1271022976e+21 
3.5091902383e+27 
4.3783923154e-09 
-7.8263720126e-17 
2.6425451248e-28 
-5.7774225404e-09 
6.6450407045e-16 
4.2299905029e-23 
-7.7052912712e+00 
-1.5241679010e-34 
-3.9193183226e+27 
8.4440181760e+09 
-1.6778007137e-28 
-2.9790923062e-09 
6.2486822717e-03 
-1.0234198397e+17 
3.4025010772e-31 
-1.1104855705e+34 
-1.0876325204e-13 
-6.3739097960e+28 
7.2198637605e+33 
1.8033102809e-22 
3.5812463955e-34 
-5.5842560000e+07 
2.5504345339e+29 
-1.1251468095e-06 
-1.2240603546e+11 
-6.4357178356e-28 
2.6603059906e-29 
4.4841091072e+11 
4.3857669120e+09 
-1.8604346642e+23 
4.4221228563e-06 
1.5364920654e+03 
4.9870829934e-25 
5.7399350000e+06 
-2.2784527848e-37 
-2.0922483620e+20 
1.6888622445e-10 
-3.6903144896e+31 
-5.4792447154e+28 
-6.5242420533e-07 
-7.6852319720e-38 
-2.6656445312e+02 
3.0024513553e+19 
5.4594371584e+10 
-2.6506200346e+25 
5.7845203457e-18 
1.2656772874e-15 
-1.7105023228e+19 
1.5117763374e+34 
-6.5843494912e+10 
2.9339790344e-01 
-1.4237353294e-16 
3.0352150603e+34 
1.0752786142e-16 
2.1793338245e-09 
-2.5258699983e+15 
2.3301079162e+38 
1.1995359802e+02 
-9.9632670123e+20 
1.3772057929e-24 
-2.3586566786e-35 
1.5196851904e-25 
1.9867476225e+00 
-5.2584505283e-06 
2.0595865059e-20 
3.2198873047e+04 
3.1968938421e-37 
1.3090735528e-24 
-2.3900501953e-33 
3.1216356292e+22 
-1.1749949219e+05 
-1.9689012731e-07 
-1.1587149219e+05 
1.1406881989e-38 
5.0599650604e+14 
8.0937465063e-11 
            nan 
1.1324388628e-28 
7.9922327720e+31 
-3.0600919606e+34 
-5.6281996088e+31 
8.8932110371e+20 
6.3116552734e+03 
5.7551411200e+09 
-3.6798293900e-35 
6.7474612678e+15 
2.1088766479e+02 
2.7345054720e+09 
-3.2024819663e+15 
-5.2177633734e-06 
1.4446503371e-07 
1.9865011870e+16 
-2.0558839680e+32 
            nan 
4.0304675409e+28 
-1.4663754962e-02 
-1.7630904770e-16 
3.0329319835e-01 
-1.2721468327e-20 
1.7558485760e+09 
3.6295443105e-13 
1.9805068939e-16 
-7.3427802196e-14 
-8.9580408987e-31 
9.0048957665e-27 
1.2102455054e+18 
7.9360504000e+07 
-2.8572170283e-27 
1.1193196059e-07 
1.6040767864e-19 
-1.5309047835e-37 
-5.0284048846e+25 
3.2983339725e-22 
9.8550603442e-12 
-1.7207656256e-31 
1.1560106747e-20 
4.2823932000e+07 
-5.3071569361e-09 
-1.8143592799e-36 
3.5596170869e+15 
5.7514624320e+16 
-7.8759223090e+32 
-2.9476505911e-31 
6.8018207094e-04 
4.7279186646e+24 
8.4902414329e+19 
1.9837035975e+25 
-3.0099300202e-03 
-4.1768541337e-07 
-1.7141782125e-22 
-1.2768787200e+09 
-3.1035317690e-19 
4.2072638528e+23 
3.2723442093e+29 
1.1259581566e+01 
7.4600120005e-29 
-3.2563813083e-29 
-1.2051249228e+36 
-5.3298171888e+24 
-7.5004408000e+07 
2.3929689825e-01 
-1.1028080735e-05 
-1.5624768734e+00 
5.3906986615e+26 
5.1158820884e-24 
-1.2555988217e-23 
-1.6987887385e-15 
1.1337588646e-08 
1.2670605385e-17 
1.4379810547e+04 
-9.8465975388e-18 
2.3779061235e-20 
-1.2877069666e-17 
-7.7525971753e-11 
-9.5100791155e+23 
1.6964430098e+33 
-1.3752315111e+29 
9.0085973667e+33 
1.3807144172e+36 
5.4212290109e+17 
-4.2968384406e-08 
-3.7840721607e+00 
1.7111592648e-29 
6.7744818505e-35 
-2.6200497816e-28 
5.9990855680e+10 
-5.7058071767e-36 
3.9329444799e+33 
-4.5768313437e-24 
-2.7672366620e-09 
-1.6887995191e-29 
2.2299213867e+03 
4.5046128605e-08 
7.5822517453e+11 
-2.1531102494e-24 
7.8625782507e-15 
-9.0499749943e-20 
-3.1015676831e+17 
-4.8005900946e-31 
-3.6690643106e-30 
1.3628856243e+23 
-1.8291211360e+23 
-2.0212029152e-30 
1.5635794988e-36 
-1.3165613283e+23 
1.1320263434e-18 
1.4853507664e+16 
2.0023186555e+12 
1.8264229382e+34 
7.6115897840e+30 
-5.0832614136e+02 
-3.2489683719e+33 
1.8795731612e+23 
-1.1838118752e-07 
7.9468200977e-17 
1.0657746276e+36 
-1.9240196402e+36 
1.6006055070e+29 
2.5009841309e+03 
1.7743039688e+29 
2.1432305800e+33 
-2.7900884677e-36 
1.8855849980e+15 
1.0371073636e+16 
-3.1785372157e-26 
-1.0859427590e-16 
-3.5934914268e+14 
3.2195579828e-26 
-6.6129445155e+19 
5.1606647052e+33 
-1.6636788219e-37 
6.8660096236e+17 
-9.4987105591e+28 
-1.9453038750e+06 
-2.6096915874e+21 
-8.4197750000e+06 
-1.2146916233e-27 
-8.2609170675e-01 
1.1439245863e+32 
1.1673973846e+02 
3.8205320036e-25 
-3.0118382250e-31 
1.2122947546e+36 
1.3486817214e+23 
9.0201755893e-24 
2.8514921595e-15 
3.8767423761e-23 
-1.0776797887e-19 
4.0372161011e-15 
3.7695550274e+25 
-1.2714153230e+19 
6.7656638755e-13 
-1.2235101798e+31 
-2.7570599936e+10 
1.0078048797e+27 
-1.7935652209e-20 
7.7650852453e-38 
-8.1418306363e-32 
            nan 
5.6721212965e+13 
2.0417789179e+33 
5.2279609405e+37 
6.2212362354e+31 
-2.3748157885e-33 
-1.7369973026e+17 
-9.2430500753e-11 
2.0531366765e-01 
-1.7115902281e+24 
-2.3230924858e+27 
-2.2640477500e+06 
-5.0632614136e+02 
1.9753048814e+24 
-4.9348160111e+27 
-7.1357080732e+29 
-3.7861025248e-06 
-9.6884370748e-08 
3.2259517670e+01 
-6.1855593750e+05 
-6.2791784668e+02 
2.4194943873e-14 
-2.9392965576e-18 
4.5218595589e-21 
1.1170670462e+20 
4.9376882791e-12 
2.0525356415e-10 
-1.5659900393e+38 
2.2853091169e+23 
1.0330191954e+12 
-8.5734685900e+30 
3.4097378436e-30 
-8.6854421037e-29 
-8.2150298747e+12 
3.7787483505e+12 
2.1711606124e-10 
8.7356697548e-29 
2.0276295312e+05 
-8.3982700080e-14 
6.1842799174e-30 
-5.2589643747e-02 
2.0972698505e-29 
4.1613021927e-15 
-2.1680141799e-03 
4.3787232683e-14 
-8.1922035200e+08 
-3.5491432016e-08 
-1.5099546988e-37 
-1.6415970739e-15 
-5.0935188483e-05 
-6.0102851702e+36 
-3.9718497588e-12 
1.5701054593e+25 
-2.1477844771e-20 
-9.6339874546e+15 
-2.1986192602e+15 
1.8296643256e+12 
9.4314035109e+15 
1.5838923200e+08 
3.9946833367e+28 
1.9738829291e+27 
-1.9103347879e+31 
6.3143627749e-27 
-1.9269405303e-16 
1.6954131984e+33 
1.9942457734e+27 
3.9875833191e-10 
5.1502137094e-24 
-5.7649543302e-35 
6.5967581546e+34 
-1.9066796800e+09 
-5.7229564000e+07 
2.1854530132e-05 
-8.0646302720e+09 
-2.1570471581e-03 
-9.7992050514e-38 
-1.4032358863e+32 
-3.3479774481e-36 
-5.8272047454e-07 
-1.9763291445e+28 
-9.4723136902e+01 
7.7619835014e+24 
-2.2558713913e+01 
4.6440523519e-29 
8.4693058847e+12 
3.6275903800e-39 
6.6970382148e-13 
2.3690993322e+35 
1.3961896916e-10 
2.6763997084e-05 
-3.5285397690e+29 
4.5463976880e+16 
-3.8257420924e+29 
-5.4430331935e+14 
-2.4818647531e-21 
4.5944606418e+33 
7.2380178439e-34 
-1.0810456573e-32 
-7.3409759521e+02 
-1.0032368758e+37 
1.3872760450e-35 
3.5278613808e-08 
4.5921441363e+15 
-4.9233664577e+23 
-4.7788503840e-13 
1.3921916901e-16 
9.8574748263e-03 
3.7858654951e+16 
3.9376531689e-36 
6.2366491679e+17 
-2.7067373950e-12 
4.0119290453e-20 
-1.3173210789e-07 
-4.0788945004e-33 
-9.3029132113e-03 
-2.6180728671e-30 
7.7719569080e-19 
-1.2503811523e+04 
-8.3333278720e+09 
4.7853987191e+24 
3.5271073013e-25 
2.8186539724e-23 
4.2400731078e-37 
9.7300748312e-23 
9.5355656552e-37 
3.6892458884e-20 
2.5783051672e-19 
1.9561190093e+18 
-1.6165526010e-24 
5.2640399360e+11 
7.9374489310e+24 
6.3245846060e-11 
-9.1103149766e-18 
8.8062025728e+10 
1.7448970163e-24 
4.0645132400e-18 
2.1608215487e+18 
3.9815680623e+13 
-3.9716391893e+19 
5.0227318651e+26 
3.3817481252e-15 
1.5098033581e+35 
-1.7192234507e-13 
-2.0063762693e+37 
2.7992063469e-38 
4.8852999424e-10 
-5.5894912358e-21 
2.9162334921e-27 
-1.0192819977e+02 
1.1221198375e+24 
-5.3956565402e+11 
2.1237071425e+29 
-1.2417052631e-07 
-2.3719038391e+02 
-5.5855945123e-36 
2.7628050617e+25 
5.2170927734e+03 
3.9883967037e+12 
-8.2672710419e+00 
4.4675758108e-03 
1.8115204832e+22 
3.4927557490e-36 
2.4839070572e-19 
-1.4026701282e-14 
-1.1763988063e-02 
1.8863669434e+03 
2.8949780147e+29 
1.2679149863e-27 
-6.3321667647e-24 
-8.2106675163e+34 
-1.8501548008e-25 
-1.9656499200e+11 
2.7367944355e-08 
3.0200282444e+17 
-6.0243142609e+23 
4.6142275855e+36 
-7.6095207214e+01 
6.6856110983e+21 
1.7290547603e-26 
-3.3154620834e-24 
-2.2801619306e-21 
-2.6755702990e+22 
2.3019864559e+00 
-6.4164893510e-28 
-2.8238780870e-21 
5.5727166513e+25 
-2.9300168991e+01 
-6.5342795776e+10 
8.4088835638e+36 
-2.4308401871e+30 
1.8117352156e-03 
-1.2141911783e-21 
7.9882425070e-01 
1.4596635648e+10 
-3.7217232343e+28 
-3.9406557500e+06 
-2.0956331110e-29 
3.3196879323e-23 
1.6764476295e-25 
1.8622340677e+34 
-2.7549362366e+29 
-3.6890395214e-32 
3.9586824787e-34 
7.2089762116e+36 
-1.5801712667e-19 
-4.6203978533e-21 
2.0379272755e-03 
-1.0058392271e-23 
-7.3204709352e-25 
6.4199824769e+13 
-4.4587306532e-20 
-1.4784527769e-10 
1.1465076736e+11 
-2.2217044204e-07 
-4.3688302753e-07 
-6.1855389769e-34 
-1.4861518142e+33 
5.8453972451e-03 
2.2930332153e-14 
4.6204960006e-36 
-2.6517257184e-19 
9.2495456000e+08 
-5.8687979486e+20 
-5.9203784747e-17 
-2.5384810289e-23 
1.4877564496e-37 
-2.0545499325e+00 
5.2472573952e+10 
-1.0718140281e-20 
-1.0396436523e+04 
-9.7712394714e+01 
-1.2835903827e+16 
2.5025498438e+05 
4.6925432918e+15 
9.4938310400e+08 
-9.0534081683e-03 
2.3004478518e-31 
-7.7425595000e+06 
-4.5687567477e-31 
8.5402232161e-12 
2.2553973541e-32 
1.1218829199e-09 
3.8859125227e-02 
2.3854160314e-10 
-1.3508290623e-12 
-2.0691988087e+24 
-5.2029715910e-30 
-8.1504815341e-08 
8.6800349663e-07 
-5.1676791898e-16 
1.9254296532e+32 
5.7986639019e+26 
2.6592709901e-07 
3.7578539532e+13 
1.0528975592e+33 
7.6601145795e-31 
-3.9898715000e+06 
-7.7456690692e-14 
5.5924596729e+37 
6.9863808696e+13 
2.8044538340e-04 
-8.1693919195e-27 
-6.3173455260e+15 
6.1320040808e+13 
7.2649936026e-34 
3.6240592094e-19 
-2.1012230400e+09 
4.8548980240e+36 
9.1709398528e-30 
-3.4422163200e+08 
2.6349746682e+18 
4.6036110144e-20 
1.2843454798e-27 
-3.7394121080e+18 
-2.8378528257e+16 
-2.9491007422e+18 
-2.6657985833e+17 
-9.5593410069e+37 
3.6885949446e-36 
4.8717934314e-32 
-2.4499180711e-31 
3.1447287239e-18 
2.6062237500e+06 
-2.1156963334e-11 
-2.1744489989e+17 
2.5110772234e+22 
-1.4827319048e+23 
5.3068092136e-31 
-2.5105338564e-24 
6.2890835787e-16 
2.8931028714e+36 
1.6090774897e+12 
-2.5187911785e-30 
-1.7444514759e+27 
3.9993662204e+31 
-2.4972957500e+06 
2.1822195322e-06 
1.3447232786e+26 
-1.7916622848e+10 
3.1493406423e-30 
-7.5442763566e+17 
2.5360840262e+13 
-2.6271462783e-09 
-6.2948885756e+36 
-1.3550613547e-36 
1.0946805412e+16 
-8.4024231918e+17 
7.3463091394e-04 
-1.1783437312e+10 
-9.1118391788e+12 
-1.7617957223e+18 
4.3748407119e-35 
2.3191124574e-35 
1.1518264021e-29 
-7.2909669458e+21 
-8.8886390000e+06 
-2.4929193960e-15 
-8.2475820800e+08 
6.0786966462e-28 
7.7829473621e-33 
-3.9149712698e-22 
2.3974419310e+25 
-5.5146350001e-37 
-4.8380095908e-27 
-1.6359352628e-07 
-4.7730137990e+15 
5.9854126100e-09 
-1.2582860565e+02 
-2.8161005655e+21 
-9.3517078525e-09 
-6.2529993750e+05 
5.5779810660e+14 
1.0383652896e-01 
-3.2997634867e+11 
1.0994120144e-23 
-1.2782665253e+02 
-2.7025415836e+37 
-4.3458609156e-08 
4.9722973600e+26 
9.5283413254e+14 
1.2459967722e+14 
-1.8874444690e+34 
-3.5799913541e-37 
-1.3273670055e+36 
3.1899596706e-20 
4.6896222934e+35 
1.1007882757e+27 
1.4445127765e-13 
-8.5773511557e+12 
6.0914410331e+35 
1.7254655672e-18 
-5.2353496845e+19 
6.6762154367e-20 
1.7009823239e-07 
7.5515894981e-21 
8.1683214301e-33 
-1.3163643923e+15 
8.9973193750e+05 
-5.1159805274e+21 
2.2674844601e+35 
4.5628319596e+36 
-3.1633426972e+30 
3.1609033600e+08 
-6.4313705079e-03 
-4.9353317261e+02 
2.9201700737e-39 
1.3757277889e-14 
3.5759221445e-20 
1.2012820815e+33 
-6.0787653638e-05 
-9.1059764143e-20 
3.3808789062e+02 
-2.3840249277e+33 
-3.6409196868e+37 
1.1100504467e+17 
1.7364378707e-15 
4.3031501770e-01 
6.3004263211e-06 
-1.3212255577e-31 
1.5137504204e+29 
1.1141880886e-31 
-5.1696052308e-30 
-4.2408839027e-15 
-5.6592371848e-15 
-2.2287833504e-35 
-2.9481773728e+24 
-2.4072354267e+13 
-4.5718603125e+05 
-6.6162617607e-09 
            nan 
-3.2803872404e-36 
-2.4982146000e+07 
-3.5076502864e+29 
1.4129380469e+26 
-2.9382074643e+37 
1.8626971637e-20 
-1.9090857647e-35 
1.8635124555e-09 
2.4856016666e-15 
2.1268111716e-09 
-3.1406330880e+09 
3.1332005000e+06 
3.6493800717e+20 
2.4131740162e-08 
1.1737408116e-02 
7.6433892056e-16 
-6.9965854287e-02 
-8.4893212500e+05 
-1.6799030400e+08 
-7.3171136705e-08 
2.2744485332e-13 
-3.9837600528e-32 
7.4051290751e-01 
-1.8219138000e+07 
2.8079050196e-10 
6.2347536270e+16 
-4.3701312308e-16 
-3.0565176320e+09 
1.1727609035e-06 
-1.6758107519e+19 
5.5356664923e+31 
9.7978095868e+14 
1.7725958605e-04 
1.4126303125e+05 
-2.3126685619e+00 
8.9081022440e+37 
1.0030399912e+29 
-8.3347131597e+11 
5.3263439178e+01 
-2.4901752535e-11 
7.7337295000e+06 
-6.6405969254e-37 
-2.2838068242e-11 
2.4067074675e-37 
1.9710819244e+01 
1.9372315420e-28 
2.8979878906e+04 
2.5820126224e+19 
3.6478562038e-07 
-1.1005239348e+30 
-6.0526361379e+22 
-1.3070972518e+11 
-3.8835778592e+29 
-4.4534141352e-07 
-3.8066196816e+31 
1.2058489323e+00 
8.9920292058e+27 
9.9362303207e+24 
-1.6223362785e-29 
6.0453357093e+36 
5.6460964680e-01 
-4.2970151364e+18 
-3.4294861824e+10 
5.8789455891e-01 
-9.4613684240e+15 
-1.8847501906e+17 
1.6786971034e+11 
2.6596173332e+23 
-1.5614154375e+13 
-8.6110504723e-19 
-9.4859441449e+24 
2.9392200679e-29 
-1.4764827029e-27 
-7.6013546553e+31 
9.3361154688e+36 
-2.6194854082e-24 
1.7191603665e+30 
2.7377906455e-17 
-4.0169112565e+36 
1.3979528829e+14 
-3.4854116373e+22 
-8.6340192513e-17 
-1.2800313477e+04 
-1.3950016000e+07 
7.6286546524e-13 
-1.6386411725e+11 
1.4351987525e-22 
-4.2661851977e-29 
1.0086132812e+03 
3.3322470713e-26 
-3.4296934264e+20 
-1.6879821936e-35 
-4.4343473063e+15 
-1.7790092230e-26 
-2.1247092484e+14 
-1.0809122204e+18 
-8.5604406896e-10 
-3.7770746094e+04 
2.0179356160e-36 
2.1375657664e+33 
-1.1052879162e-17 
-1.8810864927e+12 
8.8900400000e+05 
1.3180096142e+30 
1.0090663913e-34 
-2.2772907160e-35 
-2.5760762807e+23 
1.0410447089e+30 
3.5324413982e-31 
4.9921080564e+28 
-2.6770230801e-35 
-1.8392322752e+33 
1.1269578562e-37 
-6.0558958428e-25 
5.8535858989e-04 
2.9194790420e-22 
-2.3736616367e-32 
5.4070246544e-14 
-9.5809539425e+35 
3.0303278147e+25 
1.2783413976e-22 
-2.9128434647e+12 
1.5610042701e-24 
7.4961199370e-28 
-1.4102757428e-38 
8.9701401862e-10 
-3.2393310547e+01 
3.0651718750e+03 
-2.1254230907e-33 
-3.8089208166e-16 
2.4936756031e-27 
3.2500314008e-21 
-2.9202996271e+26 
-7.6780319214e-01 
-4.0466652345e+37 
-3.3661162827e-30 
-2.3844799434e+15 
1.5970187500e+04 
7.7146672333e+12 
7.4204429984e-04 
1.7820705848e-14 
9.7647281288e-32 
-5.7848627200e+10 
-1.1215301543e+30 
-3.1636802553e-14 
-2.3260544000e+07 
2.8733069257e-09 
-6.6584248320e+09 
-1.3179165623e+25 
-7.5655698040e-34 
-1.0437800741e-27 
4.7844486619e-15 
-2.1671950404e-28 
2.0438319104e+11 
9.4569753855e-05 
-1.9197177322e-36 
3.4618080000e+06 
1.7972356733e-22 
6.3683433527e-13 
-5.4125283540e+23 
1.6903273290e+16 
1.9847453630e+21 
4.7712373091e+28 
-2.8333597584e-06 
-1.5392263227e-28 
1.7409667969e+02 
4.7324101615e-07 
2.9163236703e+31 
1.4081437500e+04 
-1.4006981092e+32 
-3.8327052370e-16 
-2.0030804728e+36 
9.0280402449e+37 
-3.2684183042e+15 
2.6716672897e+01 
2.8737584554e-27 
2.6105671444e-11 
1.1032471339e+33 
-1.5641795654e+03 
-1.0027669191e+21 
7.3559520050e+17 
8.6281077245e+15 
-1.2394983255e-30 
-1.7873910242e-26 
-6.3388504749e+28 
-1.2542558649e-23 
-7.3367484375e+04 
1.0400882642e+17 
2.4667878256e-32 
-2.8638233532e-27 
1.1258840506e-29 
9.7452252344e+37 
2.7633199701e-26 
1.2749449219e+05 
8.6712372923e+29 
-1.0823908024e+19 
-4.9414045122e-18 
-3.2563123047e+04 
-3.7248991493e+25 
-6.5702723136e-39 
2.4049358543e+36 
1.0988653789e+36 
-3.7139567474e-24 
6.1509030947e-23 
2.7656676601e-33 
-1.9593886137e+00 
-2.8831507478e-21 
3.2425967765e-24 
7.4743432727e+37 
1.0613555089e+31 
1.1785043347e+30 
-1.7765042909e-13 
-1.5239760000e+06 
-1.0310628293e-34 
7.8626842214e+11 
-1.6660545149e-16 
-3.1564039317e+24 
-1.1115567759e-04 
-3.7782548357e-15 
1.3224100000e+05 
3.4264531250e+03 
4.2292812500e+03 
3.4227809408e-33 
6.7607045847e+16 
-8.7822932619e+32 
-4.3956935562e+17 
-5.3191474767e+22 
-1.2840161675e+33 
1.0735834999e-21 
2.3913030852e+25 
-1.1310204996e+21 
-9.8501914181e-06 
1.8768417906e-20 
5.6942179799e-04 
1.5736874135e+22 
-1.4892395020e+01 
-2.6319148812e+20 
-1.2686508759e+16 
1.0537269191e-07 
4.8450044507e-23 
2.1536685263e-23 
1.5235174400e+08 
3.4145571824e-32 
-5.0632639849e-37 
-1.3751700000e+05 
-6.1698880000e+06 
8.7782604800e+08 
-1.2779605547e+38 
6.4079977471e+17 
2.2980252331e+32 
1.9786733978e+11 
-3.0248839856e-23 
-8.9706464479e-11 
-5.1065673828e+01 
-2.0057545044e-05 
6.1772027493e-09 
-4.0476417542e-01 
-2.6508829853e-13 
3.0662848135e+21 
3.9408111572e+00 
-3.5701136727e+23 
2.1179974143e-16 
2.9648168765e+33 
-3.6340504885e-03 
-3.6831509244e-21 
-2.8365698074e-30 
3.2254457474e-02 
2.8114845699e-30 
1.4586833309e-23 
3.4980607837e-18 
2.3177888072e+20 
1.7853751779e-03 
1.6613702201e-06 
7.4847783012e+30 
1.7651123047e+04 
2.5011592612e+23 
1.9169380800e+08 
-2.4436563059e+32 
-3.4938532101e-30 
-7.7793821846e+20 
-1.4033069362e-22 
-5.8398177313e-32 
-4.6293900927e+15 
-1.6621428109e-15 
5.6578280956e-30 
4.2212666880e+17 
-2.1863843358e-05 
4.2409753929e+35 
7.2383872630e-37 
-2.0487455186e-03 
-2.8941574328e-06 
1.7290380850e-15 
-2.3616797500e+06 
2.7672607494e-24 
-1.0521726749e+26 
-1.2810866550e+14 
4.0319998859e-13 
1.7890328979e+02 
-5.6645703680e+09 
-4.8328718094e-07 
3.4499279469e+24 
-1.5890121600e+08 
1.4648252487e+01 
6.9187071858e-06 
-9.6214876143e-17 
-1.5768796602e+15 
-9.9832717642e-19 
1.4435561553e-36 
2.9390110866e-21 
1.8148240614e-13 
-3.9750198749e+29 
-5.7316224873e+30 
2.7325231172e+25 
-1.1322495404e-13 
8.1631109120e+10 
1.8939576962e-36 
-6.3046627045e+01 
2.0295728973e-05 
-3.6335764577e+32 
-1.7127512395e-01 
1.0456021729e+12 
-4.4929746094e+04 
5.8157592375e+26 
2.7441127424e+11 
-1.9515987290e+21 
-2.2377754637e+21 
3.4504020755e+34 
4.0747966309e+03 
2.5337612534e-17 
7.6778634157e-30 
1.5220183859e+11 
1.0927416017e+14 
-9.6830203222e-27 
-2.4396086519e-04 
2.6384596875e+05 
-4.1507339612e+36 
-8.6385033842e-23 
-1.1593038398e+19 
2.2146914663e+29 
2.0998265882e-06 
-9.2319776768e+13 
2.0029392641e-12 
-3.3011562598e+21 
-2.9357661400e+18 
-7.0115515000e+06 
-6.8173670043e-25 
-5.8230759122e+30 
-6.0801333158e+22 
5.2459898784e+19 
4.1518961493e+31 
-7.2209735738e+33 
1.4758476123e+22 
-1.3970904433e-09 
2.6053600000e+06 
1.2491039019e-14 
-4.3845937500e+03 
2.4236804680e-25 
-2.4923529907e-10 
4.3524918505e+27 
-2.0284761690e+32 
3.4996831821e-13 
-7.7864024206e-07 
5.0627683202e+35 
1.4034173129e-13 
-2.2200683594e+02 
-4.9000219477e+18 
3.3854050763e-35 
-1.0815436523e+04 
1.4322868774e-33 
1.1406129920e+09 
-4.0028915216e-22 
-6.0970154292e-19 
1.5469640281e+28 
-7.4108393750e+05 
-9.2903331414e+24 
3.6371013076e+29 
-8.3056020737e+00 
-1.6792798279e-28 
4.4483317198e+15 
-2.0401678655e+28 
-1.3377699837e-08 
-7.9844987427e-36 
-4.5439513605e+17 
-2.6725217102e-24 
3.2515676263e-10 
-1.0703840557e-19 
1.7277098438e+05 
6.4273582787e-19 
-5.8704814826e-25 
-1.9860486395e-24 
-3.7659818243e-22 
-1.6090741405e-23 
-2.3781197602e+32 
-5.0432157021e-30 
-2.3559603269e+23 
-7.5406341734e+36 
4.9302275444e-19 
-1.1210978558e+20 
1.3682252903e+16 
-3.5277926636e+02 
-3.8471544953e+22 
-2.6624408766e+38 
1.2838105309e+36 
-2.7444373064e-16 
1.3035544866e-09 
2.0870075432e-20 
5.0756046347e-27 
7.2838173205e+15 
6.6762700151e-17 
1.4236525412e+15 
-4.9059083685e-03 
-1.1053818066e-33 
3.4322212979e+37 
1.5081350758e+11 
2.6499577643e-07 
-1.7083971383e-34 
1.9314642375e-23 
-4.9989827200e+08 
7.1061266627e-18 
3.3001015398e+14 
-3.3133116364e-01 
-7.4801778283e-06 
-2.4924764666e+26 
-7.9173826807e+19 
1.4517744240e-22 
2.6029692000e+07 
-6.2056246679e-04 
-1.6475875854e+02 
-5.5329363400e+26 
-7.4737134855e-04 
-9.8177138719e+17 
2.0831626243e-28 
-3.8830739850e-17 
7.8266719494e-11 
7.1095625047e-12 
1.5266950349e+11 
1.6227020787e-21 
8.5497208832e+10 
-1.2092142545e-28 
-1.3269835472e+01 
-2.1616075933e-01 
6.7739593750e+05 
-1.6935127745e-38 
7.9417636911e-09 
-2.0379849782e-27 
-1.6634998131e-18 
-8.6117862605e+11 
4.2840578106e+15 
2.1429306778e-22 
-2.1331646172e-10 
-1.2545128661e+13 
2.5909796975e-08 
-3.2137512103e-15 
-4.2694448000e+08 
-3.2328520151e-14 
-1.3104753214e+22 
-5.2782733919e-37 
3.5904537201e+01 
2.3821142392e-08 
2.0217593604e-13 
2.6182386136e-05 
1.1652889600e+10 
-1.6504344215e-37 
-1.4853087425e+01 
3.9749365697e+18 
2.4106296959e-09 
-3.1244784486e-34 
5.9858783111e+16 
3.0318288705e-25 
-7.0127547534e-15 
-3.0217732457e-35 
-3.8067108107e-05 
-4.9463281175e-04 
-7.5596981345e-29 
-9.4229702400e+08 
-5.4889240395e-30 
3.3892615041e+15 
7.7266470337e+25 
1.3406158750e+06 
7.1837281156e-17 
-6.5491342127e-08 
4.4816021971e-20 
1.8279958710e-12 
1.3965398005e-29 
-6.5442413879e-27 
-3.9589340070e+21 
-2.2456768782e+25 
-3.9714055992e+14 
-3.1530603774e-22 
1.1136372915e+35 
4.5208887624e+12 
3.9786985630e+36 
-2.1869812697e+24 
-7.2472929506e+22 
            nan 
-2.7457943846e+35 
2.3853453965e+19 
5.6420560685e-27 
8.5270235317e-09 
-5.5812761059e-34 
6.5280471702e+37 
-2.5847318172e+00 
4.6366307139e-01 
1.5074227675e-20 
4.2882323578e+16 
-1.1185167910e+15 
-2.4365020224e-08 
-1.3764708800e+08 
2.7723200000e+09 
2.1870630200e-24 
5.2899439843e+37 
1.1695419033e-07 
2.0216042901e+30 
1.0728201904e+03 
-1.9301681600e+08 
-8.6826533250e+33 
4.7532140611e-29 
-3.5160301580e+19 
2.5599251818e-32 
-4.4028143761e-13 
1.1757706106e-01 
-9.8133099868e-08 
4.0408057600e+08 
-9.7563317068e+28 
-1.4254826940e+33 
3.8800776367e+03 
-2.0909842694e+24 
2.8487574356e+13 
4.7904433450e-04 
1.4487983126e-19 
6.2638380983e-25 
-5.0156482697e+01 
1.3359134744e-36 
5.2510657809e-37 
-2.5656418318e-21 
2.1310413472e+13 
-3.0877393893e-15 
4.5097101480e-02 
6.3478261875e+13 
5.4760849430e-38 
-1.7616743694e+13 
-4.0578690630e-08 
2.2772296875e+05 
8.6108628582e+11 
-2.0652511283e+27 
4.5558091620e-26 
8.4807484375e+04 
3.8337298584e+02 
-2.7224229416e-04 
3.3392843760e+24 
9.4376568192e-13 
-9.3937308495e+16 
1.8807043573e+25 
-7.5706472629e-27 
-1.6382804554e-37 
3.0442667398e-22 
3.2772959345e+14 
-1.6413059691e-31 
-1.9011118750e+06 
-3.4545133114e+00 
4.2603958001e+35 
-1.0649343200e+08 
-6.2443432617e+03 
1.3647257241e+15 
-4.5208022215e-08 
-2.5022336960e+01 
-4.3209245852e+13 
-2.7026689111e+35 
-6.4778348051e-31 
-4.1264453188e-08 
-4.6606537600e+08 
8.0924506047e-16 
5.6245137436e-09 
3.2278398000e+07 
-1.0312833918e+37 
-9.6047728961e-14 
-7.8679389692e+22 
1.3123634124e-10 
5.1580914968e-14 
2.3771062403e+25 
-2.6520668072e-22 
4.4431095890e+12 
1.8488011200e+08 
1.5508718750e+06 
-3.0894028526e+33 
1.2300403363e-08 
-3.0575447823e-15 
4.9329830170e+01 
-8.3006395000e+06 
1.7918993763e-05 
1.2765575409e+02 
9.6927965438e-33 
5.8446746094e+04 
1.9083965338e-19 
1.2703738656e+19 
1.6464908326e-09 
1.7475632526e+25 
3.7885958259e-10 
4.4772263080e+31 
5.1730142256e+22 
-2.8563375391e+12 
7.3415115336e-15 
1.2484669039e-18 
7.1568654045e-19 
-7.8127550403e+30 
-1.2693449098e+31 
1.0024716125e-35 
-2.8469346398e-36 
1.4636168480e+01 
-1.6492477055e-25 
2.4304530049e+15 
6.6172850363e-38 
4.4376352889e-05 
-2.7312303469e-28 
-2.8887446255e-11 
1.5723458180e-22 
-1.1650372831e-20 
-3.5713759717e-03 
8.6815228271e+02 
-3.5595117755e+27 
-3.6734626700e-37 
-1.0991697112e+30 
-2.3647505389e-22 
-4.0903199381e-33 
2.5911732612e-13 
-5.9605742188e+04 
-2.3647963867e+03 
2.8280850323e+28 
2.6444548773e-09 
1.0724877557e+23 
-1.8494125545e+23 
1.4519776356e+30 
1.5627655726e-30 
-1.8215891632e+13 
7.3965062180e-27 
-1.8973227590e-02 
9.1783144233e+23 
-8.1631942671e-16 
-2.8468962759e-02 
3.0314301831e-20 
6.7877077737e-29 
-1.0835631162e-34 
-8.2389069525e-12 
-4.1303616677e+14 
6.8126672239e-29 
-2.0483524002e-13 
-4.1787451346e+21 
-1.2663813406e-31 
-3.0048485863e-16 
-2.2808519589e-06 
-6.8450565420e+35 
1.2559100800e+08 
6.9808945223e-38 
3.7819347382e+00 
2.1495660946e-25 
3.1078445147e-34 
1.2479230533e-15 
-5.2499238281e+04 
-3.0009219004e-15 
-3.0900619141e+04 
6.3784677309e+34 
-8.4002365989e-36 
-1.0077373851e+18 
4.2568688223e+33 
-1.2232888255e+32 
1.1795262595e-18 
1.9392208099e+01 
-1.5295487858e-13 
7.0483689472e+10 
3.4447628586e+24 
-1.3840147018e+01 
-1.3060247164e+38 
3.4990517417e+25 
2.0931969934e-35 
1.0603244338e+23 
1.3746164229e+28 
2.2001282196e-04 
-2.9338744924e-38 
1.7765437270e+22 
2.5145392435e-09 
1.7818445665e+25 
1.9305802616e-12 
-1.1649188688e+22 
-1.3664037435e-32 
-3.4682674586e-15 
1.1352278116e+20 
-2.9789251709e+02 
2.0121921280e-32 
4.9990530014e+00 
1.0640065218e-10 
-4.5295404800e+08 
-3.6942382734e+15 
5.7730282685e-14 
-2.0916356763e+32 
4.1693650040e+15 
8.6459761880e-28 
-4.6976527360e+09 
-7.2110304797e+28 
2.7313379105e-03 
-3.1796261587e-13 
1.8538247680e+09 
7.9159418500e-26 
1.2428612809e+18 
2.3262235000e+06 
1.9932869196e-22 
-2.7268560370e-04 
2.5696675721e-07 
-1.2613122048e+10 
-1.9143431849e+27 
2.3209482503e+15 
-1.7805091709e-33 
1.8116454646e+12 
-4.1300705113e+21 
-9.6896642382e+31 
1.1092538072e-15 
2.4667125475e-36 
-7.2438975037e+12 
2.0088186830e-06 
-2.9772550790e+33 
-1.3465412974e+26 
-6.6945133790e-14 
5.2294380964e-28 
1.3408230689e-12 
2.5229317398e-30 
9.0025605469e+03 
-3.6358182616e-34 
3.2303818054e+15 
2.5463868951e-05 
-6.4032784786e+23 
-3.0595950340e-31 
4.2097549585e-23 
-1.0590894222e+00 
-4.2205906944e+26 
-7.3101047696e-17 
-6.2698382449e+33 
1.3013560007e-08 
3.1737494577e-11 
1.6616098995e+19 
-2.4461032104e+02 
3.9146478999e-22 
-1.5331638184e+03 
-5.9684558911e+30 
1.0038927486e+21 
3.4140193750e+05 
-6.6619542524e+22 
5.6053281250e+34 
1.4148920908e-36 
-1.9161145652e-13 
1.2308566099e-14 
-1.4899976254e+00 
-8.7091601618e+28 
            nan 
-3.3015526512e-23 
1.2265981059e-04 
4.4484843520e+09 
1.2233072749e-18 
1.1843846016e+20 
-7.1290648369e+28 
-1.6111647001e+35 
9.7344484375e+04 
2.0928717105e-22 
4.1959561157e+02 
-3.0112910386e-27 
5.5221954653e-07 
-6.7074403551e-31 
3.1829907456e+10 
-1.5775184147e-03 
5.2388337290e+20 
-5.4576222273e+18 
6.3657769611e-37 
4.3961738281e+04 
3.4289800319e+26 
5.5753829300e+22 
-1.2595030447e+31 
2.0760094881e+31 
1.2151902771e+02 
1.6631416887e-22 
-5.0215423584e+02 
5.9187430787e-30 
6.4665446574e-17 
-1.3110487572e-21 
-2.4105263702e-23 
-3.1151528614e+25 
4.8227915473e+20 
-1.1337485786e+29 
2.9161615786e+13 
4.3714599451e-04 
8.7625856515e+26 
-1.6594878000e+07 
1.5611360615e+23 
6.5086742188e+04 
-1.1975104922e+13 
9.1528104540e-11 
-3.9770424570e-15 
-3.7285927204e-23 
9.2350082124e+21 
-1.3854942929e-35 
-6.4582751741e+37 
-6.7502966076e+18 
3.9253515266e-26 
-2.2728559427e-22 
8.5327713112e+30 
7.5299215360e+09 
5.6434771140e-33 
-2.3845516693e+16 
9.4389987500e+05 
1.9602481155e-38 
7.9466892800e+08 
2.1347164917e+02 
-1.4973630000e+07 
3.0692978297e+24 
-2.0170653671e-35 
-8.4623974004e+20 
-1.1612597106e-08 
-3.2695714698e+34 
5.6156173409e+16 
5.8748810062e+24 
-1.2892147968e+14 
1.3551741063e-07 
1.2935109987e+19 
-2.0366470068e+23 
-2.4797166698e-03 
6.0975719250e+32 
1.2408159533e-21 
2.2250680542e+02 
9.8416136878e-32 
4.5826445076e-38 
-7.2479677734e+03 
3.1992872794e+23 
-1.4102699905e-22 
2.9607422338e+17 
-1.3587855174e-30 
6.9112209289e-09 
8.4190060000e+06 
-2.8099685122e+13 
1.5623814775e-29 
-7.8599959143e+20 
-5.9507741928e+00 
-4.3458898587e-34 
-9.6421987500e+05 
2.1453960273e+31 
1.3066962765e-06 
-2.2633429899e+22 
2.1236578907e+19 
2.5429349525e+26 
1.2884854107e-28 
4.5336223677e-33 
-4.2851835959e-38 
3.4865797212e-31 
1.8664590991e-31 
8.0220612802e-32 
4.0616113253e+33 
-1.8154659271e+01 
9.8330725800e+30 
-7.4746662400e+08 
-3.3194621678e-36 
-1.3513007987e-12 
-9.8090987520e+09 
-3.3627698773e+15 
2.7219897447e-07 
4.2027751519e+14 
-4.3231263862e-37 
-2.8389730566e-09 
-6.5677714122e-20 
-2.1409656569e-23 
-1.7413096875e+05 
4.6530072358e+36 
4.5023071982e-33 
-3.9980446249e-19 
-1.1126153717e+15 
-1.8332840287e-35 
4.1504766881e-14 
7.0900424420e-10 
-1.2274478988e-20 
-2.5170080506e-35 
5.0900862552e-03 
-1.1493511221e-12 
-6.8644753408e+10 
3.8950531788e-24 
4.6472487937e-29 
1.5545952474e-37 
-3.1981520978e-34 
-6.0553329831e-31 
1.8330566651e-19 
-4.2368961741e+11 
2.0459391549e+12 
3.4104683553e+26 
3.1568542480e+02 
6.1548240442e+26 
-2.0515150212e-28 
1.5007734170e+11 
3.2005118555e-05 
-4.9276796789e+20 
-1.9948351502e+20 
-7.5478258597e-28 
5.1568945000e+06 
-2.2749139344e-36 
-1.0072461312e+11 
1.5107817948e-01 
-2.6375390625e+05 
-8.7902928031e+14 
-1.8242792130e+01 
-1.3241060405e-33 
-5.8268072129e-33 
-1.7935500364e-04 
-1.2944994494e-02 
5.1692371172e-20 
-5.9677625999e-28 
-1.3743508800e+17 
-2.3510487011e+23 
3.0205996469e+17 
-9.5493187500e+05 
-3.6952909054e+18 
9.5597686327e+27 
-4.0819720459e+02 
-2.0814360576e+10 
2.0811692266e-29 
-4.5027308271e-11 
-2.8720065422e-30 
2.0946346668e-27 
-1.4680966377e+01 
1.4976224681e+19 
2.1669658963e-05 
3.1998108160e+09 
-1.2569830233e+35 
1.8263757292e+12 
-1.6443023118e-16 
2.0044134121e+28 
-2.6254806375e-34 
-1.9179419396e-19 
5.8198202401e-02 
-1.5180144385e-26 
4.6625837022e+37 
8.1518031255e-25 
-2.5298428943e-29 
-1.9034690355e+11 
4.3233396654e+13 
1.5969341136e-31 
3.1633542747e-31 
-1.5462966263e-01 
9.4684670902e-36 
-9.3881913148e-14 
-8.2845105604e+36 
1.7283430091e-32 
2.9915646783e-12 
1.5468600842e+33 
3.1706413793e+12 
-4.2131505000e+06 
3.6760234244e+16 
-7.7855537927e-18 
-6.9353572885e-10 
1.1213538796e-01 
3.7068698496e-36 
-4.7254846572e-30 
-3.6871998600e-28 
2.8560134709e+20 
2.6966284275e-29 
-4.5428008577e-10 
-2.4111204950e+33 
-1.0120893721e-23 
1.9381636754e-02 
-1.2311384178e-14 
8.0306460623e-33 
-2.2627630400e+08 
-7.2382834333e-05 
-3.6672443033e+21 
1.9725464751e-12 
-1.5007278944e-31 
5.7953241558e+27 
5.8318238281e+04 
-1.0893730527e+36 
8.0154509438e-23 
-3.0525159223e-12 
1.3162095425e-17 
1.6342604233e+15 
1.5519806916e-14 
-1.4620063149e+36 
9.4045508376e-06 
-9.1189541141e-26 
1.2043581000e+07 
-1.1555787185e+23 
-2.2556968477e-29 
3.5876262649e-35 
3.8578722058e-14 
-7.9995135138e-07 
-8.9840586952e-06 
1.1574142020e-28 
1.5929576640e+27 
-1.1192568863e+21 
1.3412364226e+29 
3.1032757445e+29 
-1.9479741121e-17 
5.2589007658e-31 
5.0756031873e+13 
2.5298623950e-04 
-3.0196572241e+35 
-8.1058574455e+19 
-3.2416398926e+03 
-2.4955729135e+29 
3.6220572056e-28 
-1.0751213306e+14 
6.2539931142e-25 
-2.1715352500e+06 
-2.3352436829e+02 
7.7333100691e+32 
5.8409526750e-18 
-2.5850494321e+12 
-2.4162055806e-37 
1.0520554352e+02 
1.7485253426e-22 
3.1473202410e-27 
-7.0009818255e-12 
-4.7336262112e-34 
2.1376919552e+10 
-7.7203880349e-35 
-7.6815273977e-13 
3.9624453563e-18 
-3.1069984717e-38 
2.5179848000e+08 
-4.3818432582e-37 
-1.7610150894e-34 
2.7628829367e+15 
-4.5941105999e+18 
-1.1754310121e-38 
-6.2471209853e+16 
-1.5153754709e-30 
-1.1245391215e-04 
-6.3601197353e-23 
-3.0327551581e-10 
4.7593741023e-26 
1.6719802431e-08 
3.2552755183e-15 
9.1543436263e+13 
-5.9624747137e+37 
-1.4975423832e+38 
9.3833157943e+18 
-9.2737739794e-29 
-5.7361486437e+19 
-2.1613017669e-35 
1.3699607129e-22 
-1.1176022940e-25 
5.6048015749e+31 
-2.6464632563e+37 
-9.0205624700e-02 
3.4420892607e+22 
-6.8931048369e-11 
-2.9931054812e-29 
7.5844692886e+33 
-9.4476821404e-20 
-6.6455806218e-18 
8.9465652481e-36 
4.4015357425e+16 
-4.0880157030e-05 
-6.0366145045e-24 
-2.0272930851e-04 
9.8254377693e+15 
2.7874802405e-24 
1.2171146875e+05 
-1.2990007282e-16 
2.2668543475e-19 
-1.0548354492e+03 
-3.8847911358e-01 
7.8089696000e+07 
9.6973082323e-37 
-4.3915306162e+16 
1.7872652792e-21 
1.5903854026e-13 
-2.3799623702e-35 
1.1528495038e-19 
-1.8210792466e-23 
2.3543067675e+28 
-9.1483203235e-09 
-8.5071570221e+24 
2.4764679968e-27 
-2.3044495964e-26 
8.2775085103e+32 
2.6333531904e+25 
4.6083695555e-32 
1.7630573047e+27 
1.2345696266e+22 
-1.2345247126e-16 
-7.6242697661e-15 
-2.0708735349e-07 
-2.5125551573e+28 
6.5924497562e+17 
-2.0053948891e+14 
-4.8484738281e+04 
1.0185362363e-27 
-4.1187672500e+06 
8.8935088920e-30 
-2.7048314000e+07 
6.6212066335e-20 
-3.5750659521e-24 
-1.4450842199e-18 
4.0065995425e+21 
7.4815360131e-04 
4.4392351878e-35 
7.4295462089e-15 
3.4978114652e+34 
1.3755428775e+32 
-5.8790005824e-06 
5.5339349516e+22 
-3.8869958687e+15 
-3.2403578000e+07 
-8.2628924720e-29 
-3.7687943680e+09 
1.0519554965e-33 
-1.2856094769e-24 
-7.2814554144e+29 
-5.6165719524e-37 
5.3623588714e+33 
1.8801955586e+23 
-6.5063316331e-23 
-5.5818815730e+28 
-1.3788502065e-14 
1.2089341846e-18 
1.0436595757e-15 
-8.4496859136e+10 
-2.1185383309e-11 
8.2631115220e-05 
5.7253713608e+00 
8.9957011686e+24 
-8.4307725873e+18 
7.9206136616e+20 
1.2902646065e+01 
-1.9539787066e-28 
