2.3509887016e-38 
0.0000000000e+00 
0.0000000000e+00 
0.0000000000e+00 
0.0000000000e+00 
0.0000000000e+00 
0.0000000000e+00 
3.5873240687e-43 
0.0000000000e+00 
0.0000000000e+00 
0.0000000000e+00 
0.0000000000e+00 
0.0000000000e+00 
0.0000000000e+00 
0.0000000000e+00 
0.0000000000e+00 
0.0000000000e+00 
0.0000000000e+00 
0.0000000000e+00 
0.0000000000e+00 
0.0000000000e+00 
0.0000000000e+00 
0.0000000000e+00 
0.0000000000e+00 
0.0000000000e+00 
0.0000000000e+00 
0.0000000000e+00 
0.0000000000e+00 
-4.4236203410e-34 
7.1746481373e-42 
0.0000000000e+00 
0.0000000000e+00 
0.0000000000e+00 
0.0000000000e+00 
0.0000000000e+00 
0.0000000000e+00 
0.0000000000e+00 
0.0000000000e+00 
0.0000000000e+00 
0.0000000000e+00 
0.0000000000e+00 
0.0000000000e+00 
0.0000000000e+00 
0.0000000000e+00 
0.0000000000e+00 
0.0000000000e+00 
0.0000000000e+00 
0.0000000000e+00 
0.0000000000e+00 
0.0000000000e+00 
0.0000000000e+00 
0.0000000000e+00 
0.0000000000e+00 
0.0000000000e+00 
0.0000000000e+00 
0.0000000000e+00 
0.0000000000e+00 
0.0000000000e+00 
0.0000000000e+00 
0.0000000000e+00 
-7.0574438221e-13 
6.7945857048e+00 
-1.5397180526e+29 
-3.8449943531e-06 
-4.6134346121e-08 
6.8295753685e-20 
2.6076382274e+21 
-3.2824972193e-29 
3.6147954327e-22 
3.0625198042e+22 
-1.7770925403e+16 
1.2233591080e-01 
-1.8174986640e+25 
6.1881139200e+08 
-6.2312698364e-01 
-8.3206687123e-05 
1.5334346765e-36 
-3.5835728340e-07 
-9.4661331177e-01 
-1.3892744554e-32 
-2.5929512049e-07 
-5.3331091713e-15 
-2.0366323976e-28 
-2.7793437480e+33 
7.9916495840e-21 
-5.3287923483e+13 
-3.6577318679e-04 
-2.2469755289e+25 
-8.6684874556e-11 
1.3515550890e-19 
6.0414949579e+30 
1.4590528838e-33 
3.8491992661e-14 
-4.9896799630e-23 
-1.6988202485e-37 
9.1301787713e+16 
2.2030447491e+36 
-7.0660918252e-14 
-5.0220995233e+32 
-3.9159673904e+28 
-8.6997622648e-12 
1.0634818318e-04 
-4.1680547014e-08 
9.0519077667e-32 
-6.7922603306e-12 
5.3282241629e-14 
1.9830928068e-04 
-2.5470667124e+20 
1.4501126963e-38 
3.7624400400e-25 
6.6158991835e+34 
-2.4311771346e-11 
8.1653076228e-13 
5.0243893607e-30 
1.5568281006e-19 
-4.6060697338e-38 
-1.0816927144e+14 
1.7680299934e-03 
-8.8942628354e-03 
3.1701070128e-20 
-1.0347810547e+04 
1.8966079893e-15 
-7.9565302734e+03 
3.0425786959e+28 
-6.1374367873e-29 
-7.5154449330e-10 
-1.1792571863e-22 
-4.7611916783e-15 
-3.1966042116e-06 
3.4194343320e-13 
4.0903910685e-19 
1.1818033600e+08 
1.9389450684e+03 
-5.5798967877e-12 
8.4711335169e-11 
2.1603983251e-13 
5.6155693056e+10 
5.9273483886e+26 
-2.1328096488e-14 
-3.8021810278e+18 
-3.4337157558e-05 
5.7886148744e-22 
3.8873599264e-21 
-1.4377232904e+33 
-1.6711464434e-09 
1.2730061595e-36 
1.3529346099e-28 
1.4777656852e-28 
3.4405157459e-37 
-5.0090690562e+35 
-1.8091841034e-19 
1.3987862756e-34 
3.5555880960e+10 
-3.4072673321e-01 
1.8597260788e-22 
-3.9995547209e+16 
7.7735032348e-31 
1.7278851613e+13 
-1.3095016595e+13 
1.3079659814e-29 
7.9491778564e+02 
4.1527648068e-23 
-2.9300948943e+25 
9.6868497133e-01 
-2.6244696346e+32 
-1.4022798108e+14 
-9.4697255908e-39 
-5.8604222426e-27 
4.1732856000e+07 
-4.8117435680e+33 
1.7652717274e-37 
4.0625154725e-06 
4.2480745229e-26 
1.2710492956e+19 
4.4963700890e+23 
1.3966733932e+01 
1.1682435573e-17 
3.0092024521e-14 
2.2965862516e+34 
-1.1702852119e-34 
4.8067978646e-35 
-1.5457612560e-21 
-4.3163742188e+04 
1.7194670810e+19 
-1.1111597500e+06 
-6.1484932294e+21 
9.0319618563e-37 
1.0779983768e-06 
-3.3218706958e-03 
-2.1168955280e-27 
            nan 
1.1037660931e-35 
-3.5138768437e+31 
-5.7115664384e+10 
-5.3527026074e+12 
1.0700703967e-07 
-2.2325151421e+15 
1.4924141765e-01 
1.3295096875e+05 
9.1237242011e+27 
-1.5047655785e-38 
2.9231395586e-21 
8.7388683313e-32 
-7.3487515396e+31 
-1.9788121575e-20 
-2.2544838867e+03 
-2.1665803729e+32 
7.3094585940e-10 
-1.3689193599e+28 
3.6462901335e-05 
8.0392974631e+30 
-8.7065150808e-16 
1.1727910896e-04 
5.6734068494e-05 
-7.2677134360e+36 
6.1779958200e+35 
-3.7907526625e+28 
-9.3654194844e-35 
1.0829060427e+14 
8.4614753898e+25 
-5.2172917872e-19 
2.9647212463e-10 
-9.5464894609e+30 
-1.2712497119e+13 
-1.6377446590e-22 
6.5589987876e-25 
-6.2702734541e+11 
-6.3472678885e-03 
-1.3247185547e+04 
            nan 
1.0132113058e-22 
-1.3498487809e-13 
-1.4928520170e+26 
6.9301863564e+15 
-1.5932137502e-28 
-3.4450744124e-07 
1.2621505081e+20 
2.4388086946e-17 
3.7981183452e-24 
1.4292991161e-13 
2.2010979200e+08 
1.5709345882e+22 
4.6657365561e-01 
-6.9075195637e-19 
-3.1499683224e+18 
-5.3801084884e-15 
1.4174970087e-09 
-6.9381993486e+34 
5.7607220572e+31 
1.4886550659e-08 
5.7736475430e-27 
-1.9318556678e+28 
-4.1148849736e-13 
-1.7286126308e-07 
4.5939330936e+34 
1.6609765808e+19 
-3.3452914795e-04 
1.8406993431e+36 
-1.3379613999e-30 
9.6301495048e-23 
-4.4732815542e-12 
-4.1341766683e+21 
1.4655323754e+33 
2.2411535267e-38 
1.5734544970e+28 
4.5092150000e+06 
-3.7771908218e+20 
-4.6382226060e-07 
-1.4896244347e+38 
-3.2154415849e-12 
1.2099509679e-29 
1.8679474018e-19 
3.0116365505e-27 
7.8421096462e-24 
7.6753194662e-06 
-4.0544417358e-24 
2.2827698438e+05 
1.9875143285e-31 
5.3025505280e+09 
-9.5484665508e-08 
-3.8756731158e-10 
-2.4603679094e-09 
-1.6161314479e-25 
-1.4263066296e+12 
-1.5061587533e-09 
-9.5568536813e+22 
1.9392922946e+36 
1.3353521000e-14 
-4.5259282812e+33 
2.7326398926e+03 
5.2388679309e-28 
-8.3111219670e-25 
-4.9816393658e+16 
-2.5180274532e-12 
-5.0481798808e-20 
2.9968092365e+11 
-5.5090665817e-02 
3.0183633370e-11 
-1.3567730784e-03 
1.7421296477e-32 
2.2856806400e+08 
-3.7520824121e-12 
3.6669887944e+20 
-2.5879446738e-27 
-4.6042509475e+27 
-2.5851314230e-23 
3.5018724065e+19 
-3.2727447258e-17 
-8.9058982411e-11 
3.9859151002e-06 
-9.3573631330e+21 
4.8847000000e+05 
8.9934042210e-36 
-3.2341636874e+28 
-1.4261055948e-18 
-8.4031949359e-34 
5.8918688471e+18 
1.5338138017e+32 
7.2768631974e-25 
-1.2874228842e+28 
4.0246528000e+07 
7.2304116287e+32 
-3.5725860596e+00 
-2.9306646810e+18 
2.9674414061e+29 
4.6968295933e-38 
-3.4682934657e+14 
2.9790938277e+24 
-2.6800964559e+26 
5.7576000690e-03 
6.7929077754e-17 
1.0629833290e-29 
-4.3272583935e-17 
-1.7445897370e-35 
-6.4089953861e-18 
4.9086585837e-23 
2.6360973742e+23 
3.5052001953e+01 
-3.4929253161e-04 
1.2075012618e+18 
7.3595697021e+02 
-1.5775332522e+29 
-4.6056395352e-38 
-3.7813759913e+35 
2.2795923701e+26 
-5.6087319592e+24 
-9.2307982611e-36 
-1.5328971200e+08 
3.4118712087e-13 
9.8707643193e-37 
6.0946110170e-04 
5.0586822908e-04 
-5.0539924708e+17 
2.8869275000e+06 
6.8714427843e+12 
1.0279218789e-17 
2.5135148926e+03 
5.7671340182e-03 
8.2252030582e-27 
-2.6056424454e+28 
-2.9824590625e+05 
2.9033651368e+36 
8.2275816000e+07 
5.7379476726e-02 
2.3632670720e+10 
1.3007749557e+01 
-7.1738359862e+35 
-8.7193571826e+37 
1.8792374581e-28 
-1.1421282773e+33 
-1.8245597297e+38 
-3.7206007916e-34 
5.8630591701e-12 
2.7796176218e+18 
-1.1769222493e-35 
1.2489278403e+33 
-1.1137661811e-21 
5.8750687894e+30 
-4.2455793750e+05 
7.6807404813e+15 
-2.9399375308e-06 
-9.8038282645e-16 
7.1257443324e-07 
-1.2715261781e-33 
-2.8354408448e+10 
-3.8219564800e+08 
9.9157129296e+24 
2.0596746697e-36 
1.2129412419e-27 
1.3908798585e-25 
2.5369151648e+33 
-7.0316850398e-17 
-4.0875902403e+23 
-1.4175858770e+24 
2.1496488855e+21 
3.1536901943e+27 
-6.5940847397e+00 
-1.6413561268e+38 
7.6349674196e-13 
-2.1064393152e+36 
-4.2740117668e+12 
7.1403678211e+28 
-1.1256756777e-30 
-1.3188828996e-14 
1.0081181503e-36 
1.1765911200e+08 
9.0852840000e+07 
4.2003937269e+20 
-3.0852126325e-35 
2.7371384000e+07 
-1.5461767104e+34 
-1.6414604492e+03 
-4.4738332783e-36 
-3.4090118288e-14 
3.8920123905e+15 
-6.7109609774e-18 
-2.3387217054e+18 
-8.5274215261e-14 
-5.4122797852e+03 
-2.5537725991e+26 
-1.0373088369e-33 
-8.2493879608e-23 
-1.1778301035e+23 
-7.0271890707e+32 
1.2117449160e-06 
3.8435058518e-24 
6.8396547852e+03 
2.9189387355e+29 
-1.6466126635e-25 
-4.1105432500e+06 
6.1763126989e-24 
9.6253970905e+16 
-3.3134156172e-28 
-1.5426310547e+04 
-3.0444956208e+15 
1.4513811194e-20 
2.9697385884e-08 
2.2296453826e-03 
7.2533253115e-04 
-1.2906357646e-01 
-3.5684395567e-28 
-8.0995471628e-39 
-3.6003160069e+31 
4.1724877430e-28 
-1.0416388238e-11 
5.6131994622e+14 
4.9408308935e+20 
-1.3967137373e+22 
-2.6793079499e+25 
-3.5662689209e+02 
-1.0601764275e+17 
1.5673525099e-34 
8.7774519038e-35 
-3.9777675235e-37 
-2.1760566354e-24 
-4.5794432523e+17 
1.8008644627e-34 
-1.3730738835e+24 
-9.8067508363e+13 
-6.1800330635e+22 
            nan 
6.6151635195e-33 
-2.0949823683e+35 
1.7527811762e-35 
-1.8686178364e-13 
1.8287379556e-31 
9.0462696152e+34 
-3.2211474038e-38 
1.5658097648e-12 
1.7783234213e-39 
-1.0872720404e-26 
2.1721015855e+32 
2.5744544000e+15 
-3.4840305912e-30 
-1.1552364164e+19 
-9.2012836729e+17 
1.9568764000e+07 
2.1200057488e-19 
-2.4249494891e-04 
2.5353541374e+00 
1.3977860264e-33 
5.0350420177e-02 
-1.9385266858e+18 
-1.1029044676e-19 
1.6502366840e-28 
4.9197242188e+04 
1.5885995703e-34 
-1.2697742204e-04 
2.8721276000e+07 
-5.9695485740e+19 
3.4770337080e+25 
-1.2500062408e+34 
4.8680797513e-26 
2.6290772616e+20 
-1.8739602277e+25 
-2.2333947200e+08 
1.4127237499e+17 
1.0945359039e+02 
7.9645066261e+00 
-2.8669723734e-24 
-3.0682020480e-08 
-1.0790652283e-07 
1.6072253440e+11 
-2.1871407096e+37 
8.6733414825e+17 
-2.0780779110e+11 
-2.6636497974e+00 
-3.5526268482e+00 
-3.3934696960e+09 
-3.3755276531e+37 
3.8975939104e+22 
-7.1359730651e+24 
2.7901585042e-08 
2.9674616000e+07 
-4.2314534085e-16 
-5.5880910467e+19 
2.2512365234e+04 
-7.4433161313e+27 
1.1323352953e-19 
3.1863714961e+22 
6.8214925845e-36 
-2.7804953163e+24 
4.2857902618e-29 
-5.5968953600e+08 
7.5093584770e-37 
-1.0855714274e+26 
-2.3138115130e-28 
8.2509958781e+23 
4.5523637597e+21 
-8.2054691585e+34 
-6.9966778564e+02 
-2.3469766384e-34 
6.1688891525e+19 
-6.2023646351e-19 
-5.8956646783e+35 
3.9813112659e-13 
1.3099906560e+09 
8.5321119171e+13 
1.0260662950e-26 
1.2485312974e+19 
3.0236191011e-16 
-2.6043129598e-27 
-1.2058608562e+27 
6.5448099966e+21 
-1.8207817692e+34 
-1.5223830348e+14 
-9.5512252301e-03 
-3.1864499808e+17 
-6.4430874296e+12 
-1.0269239681e-07 
2.7552539906e-25 
1.0563358677e+18 
-5.6222577968e+35 
8.1850571162e+11 
2.3147836211e+11 
9.1014418285e-04 
6.5593096130e-19 
-1.2871299392e-22 
1.3087334544e-15 
-2.0696654496e-16 
-3.5656831215e+22 
-5.8818640059e-26 
-1.2111467356e-16 
-2.7687861002e+34 
8.9256629532e-24 
2.0467833336e-35 
-9.9787668761e-39 
6.7011627834e-04 
1.5910399664e-09 
-1.3461610706e-06 
4.2380416778e+12 
3.7633115000e+06 
-4.8156408000e+07 
3.7163142582e-23 
-5.1192816652e-10 
-7.2911301950e-21 
-5.6224820721e-27 
-7.1721581281e+12 
-5.1108422615e+12 
1.8546928708e-31 
6.0704284668e+02 
1.9717260689e+24 
-1.0793281680e-23 
2.9199740000e+07 
6.0987378054e-16 
1.2207926458e+15 
-8.6922736000e+07 
1.2790332655e+32 
-1.6940765671e-29 
-3.9388006246e-21 
2.8657163493e-03 
1.9998019420e+12 
-3.1413360375e-06 
-5.5652973549e-12 
9.5772247051e-29 
-9.0972910178e-18 
2.1623730469e-15 
-5.1098244820e-19 
-3.9827631554e-04 
-2.8869432211e-01 
7.7967714433e-24 
8.9504417317e+13 
-1.0356458764e-16 
-3.3982413537e+12 
-3.6339675000e+06 
5.1417440586e+30 
-9.0153110027e-01 
-1.7511999656e-25 
-1.9537725489e-15 
1.2153220782e-36 
2.0583245158e-01 
-2.4221396068e-20 
5.7799640685e+28 
6.9281776136e-17 
-1.9318159409e+27 
3.1430952251e-02 
1.2098763546e-04 
-1.0436550829e-34 
3.5819802193e-25 
-3.4231466403e-13 
1.7656731006e-34 
2.4111126429e-09 
-1.8505050872e-14 
-1.5079152624e-25 
8.6272625720e+19 
5.3924387500e+05 
-2.4436849960e-21 
-2.6547793750e+05 
-1.7478010705e-05 
7.4561148283e-26 
-1.2633723672e-03 
-1.0146101328e-33 
-3.2375913968e+38 
1.3667685547e+04 
-1.8593124818e-09 
-4.7462369285e-30 
1.6440095458e-25 
-1.1825144958e+02 
2.6704141386e-34 
-1.8188383089e-29 
-1.1298613468e-20 
-2.9435064270e+18 
-1.2879421596e+24 
1.3032847436e-25 
2.8366467523e-18 
4.7117328694e-24 
-3.4379021963e-04 
-5.7740949226e+29 
8.2681677802e-14 
-4.6942912763e+26 
-1.1719069548e-26 
-4.5494934209e-11 
5.6574458659e-12 
1.0907072000e+09 
-1.1301977907e+26 
2.2564329729e+24 
-2.7135039836e+23 
-1.7162063532e-31 
-9.3279008458e-37 
1.8036484392e-28 
-3.8971086426e+03 
1.1211013483e+31 
-2.4129470892e+36 
-7.5740325772e+18 
-1.5557192959e+16 
1.1906327886e+28 
1.5359110832e+00 
-3.1852820191e+20 
4.5695751636e+37 
-1.1609547588e+15 
-1.4216297082e+17 
-4.2210058077e-38 
-7.6988557138e+14 
9.3159909656e-29 
4.7066592407e+02 
-2.3976869430e+22 
1.6524186798e-25 
3.5444944099e-14 
2.2514113828e-28 
-9.4472217466e+17 
-3.4968154907e+02 
8.6243712727e-39 
7.1934191730e-14 
-3.2861736141e+11 
-1.6180401363e-35 
9.5669849600e+08 
7.5809146586e+37 
-2.8072673970e+36 
-1.8045027446e-06 
5.2780619508e-23 
4.3462966377e+36 
1.0050448438e+05 
-2.5736496875e+05 
5.3103396726e-27 
7.8557169699e+37 
-6.1851929867e-35 
3.7128522479e-08 
3.1352752701e+12 
-2.4939083099e+01 
-2.7890365882e+19 
-8.6989236133e-29 
-1.9832093440e+33 
8.2579897550e+33 
-2.3965562567e+25 
-8.0047973073e+13 
-2.3937191451e+20 
-1.8981711983e+14 
-1.0334442556e-01 
-4.2373051885e-15 
-3.7010535424e-14 
-2.6211544037e+01 
-6.6647255103e-19 
-2.1891303483e-23 
-5.2221052491e+28 
            nan 
2.1481752145e-23 
-1.9111771229e-33 
-1.9547788673e+14 
-1.5607634128e+16 
4.5476853349e-14 
9.9557524523e+23 
-5.7307249790e-07 
-5.0757793750e+05 
1.6747992831e-14 
2.1782380544e+11 
-1.1752510020e+29 
-6.3028778974e+31 
1.2274292490e+12 
-7.6971830000e+06 
2.3557890250e+15 
-2.4519085058e-18 
-4.1453242188e+04 
-3.7274398845e-11 
2.1949673936e-32 
2.1414162887e-08 
3.8894939282e-32 
1.4162237055e-36 
2.3977816289e+17 
7.9721827039e-32 
3.7711316097e+16 
2.9279553059e-15 
-1.0895417525e-29 
-4.1449755000e+06 
-1.0297007654e-35 
7.7112406416e-07 
2.4178236809e+24 
1.5973772574e+16 
-1.2293529608e-06 
3.9258922661e-25 
4.6727330891e-37 
6.7528029416e-28 
-1.8538615255e-28 
1.3481978339e-32 
-3.1075933505e+17 
-1.7643555111e-05 
-5.3364106422e-20 
-1.2356262047e-23 
5.4044565623e+16 
2.4960778809e+03 
-7.4943050778e+15 
1.4894059069e+27 
-2.2099406796e-36 
2.4101273061e-11 
1.1929248438e+05 
1.3144430748e-13 
-4.9797064209e+02 
5.9232871534e+26 
-1.7264316437e-26 
-1.6185662000e+07 
8.5216778240e+09 
5.9689146352e-32 
1.4562080956e-33 
2.3378019200e+08 
1.2392497876e-38 
6.4531510000e+06 
-4.4416460131e-36 
-2.4892445654e-02 
2.2556115696e-34 
4.4297998572e+18 
-4.5602297041e+31 
-1.8311803259e+24 
-1.9576691145e+17 
-3.6426593750e+05 
-4.9121793750e+05 
-1.0272683938e+36 
1.5480347464e+19 
2.1252798673e+37 
1.9296218591e-19 
-2.8247256271e-27 
-1.0361942049e+13 
-1.0292676813e-13 
1.2360037463e+33 
1.6121545600e+08 
-1.2962510330e-23 
            nan 
1.3781721163e-28 
3.7744305459e-09 
1.1851597500e+06 
-4.4117994768e-36 
2.4149233447e+22 
2.5980940711e-31 
-1.3279209329e-11 
6.2121161879e-31 
-4.9300891238e+11 
6.8423126575e-20 
1.6205104000e+08 
-3.4868043661e-01 
-8.0040631900e-09 
2.9440665184e-11 
5.1487102840e-17 
-6.4763072000e+08 
3.9488927212e+30 
-5.7290334702e+00 
1.9132358892e-11 
-1.8124877500e+06 
-4.8566070000e+06 
-1.5848089014e-17 
1.0353617815e+16 
-6.2553564759e-12 
-8.1748399191e+26 
-2.9866658767e+28 
-3.5378062080e-07 
-8.9659350615e+28 
1.3106191251e-17 
4.2398194872e-13 
1.3910799223e-14 
-1.6103737516e+27 
1.5075562487e-06 
1.4079725846e+30 
-2.4843667765e+33 
-1.2773518234e-17 
-4.1580809421e+12 
4.0234938532e+12 
5.4404022341e-36 
1.9950547218e+15 
-4.1934811300e+12 
-5.9132895836e+30 
-1.9792383781e-31 
7.0241770522e-18 
6.4713650942e-01 
3.7207266627e+32 
-1.0270493483e-10 
-1.2277606572e+30 
-3.1618371094e+04 
3.7134427333e-16 
2.2914473155e-15 
3.1798263850e-20 
3.6986161831e-06 
8.3464775531e-22 
-3.9153760681e+34 
1.9661351540e-12 
3.8786804553e+35 
2.5145371094e+04 
2.9472748793e+32 
-1.1624459469e+11 
-4.0234693652e-17 
2.8165753463e+23 
1.2402306947e+14 
4.0679929953e-05 
            nan 
1.9558703915e+35 
1.6294952305e+12 
9.7723466403e+32 
-5.1205606422e-10 
7.7248882289e-23 
1.0290932338e+17 
6.7147253109e-17 
2.0103904445e+24 
1.1590860216e-10 
-3.4459043608e+32 
-2.8262316273e-26 
-4.0723112124e+34 
-2.4454975447e-29 
-4.6143228000e+07 
1.3871958270e-11 
4.1060309660e+34 
1.6813072953e-17 
-3.3694934881e+29 
-6.6219158791e-14 
-3.3974777856e+10 
7.9250191286e+13 
-8.9034063829e+34 
-6.8032519160e-38 
7.7885956148e-13 
-2.8725711163e-03 
3.4516525290e+17 
1.1769713402e+01 
-1.5575886804e+16 
9.8688957214e+01 
4.1023989243e-30 
-2.9779920701e+28 
-3.9243884573e+33 
7.8810555000e+06 
7.1529682617e+03 
-2.9423062116e-34 
3.5141833600e+08 
-8.6635540771e+02 
8.8676510845e+33 
3.2563918848e+10 
-7.3736060585e-05 
-3.6766584269e-27 
-3.0473281034e+25 
1.0658180187e-19 
1.8279802752e+29 
8.2575479380e-23 
4.2680047977e-40 
-1.2683691627e-29 
-8.7072729710e-30 
3.1234254452e-37 
1.6644337228e+16 
-5.9345984474e-29 
-6.6568149415e+20 
-7.4391795666e-36 
3.8630982052e-39 
2.0588324192e+13 
-4.7139153358e+29 
-2.4754478400e+08 
6.2017722467e+18 
7.0163248737e-26 
-5.2197407588e-19 
-1.5242071243e+21 
9.8538985476e-03 
1.3933662538e-21 
-1.8352185236e-28 
-2.4665127322e+11 
3.3031817228e+27 
5.9195644000e+07 
-1.3948197739e+30 
-3.8997090996e-06 
1.0209257975e-22 
2.5210528827e-23 
9.5308908674e-39 
9.0350622011e-37 
-4.7880915488e-18 
1.2143074063e+16 
1.2837785823e-27 
-6.2691947121e+17 
2.6548901367e+03 
6.5886952469e-14 
1.1621404382e+15 
3.7018178435e+35 
-6.4580532163e+21 
-4.8596128933e-18 
-2.4599898802e+35 
-1.0162588221e+12 
-3.0357988307e+24 
6.4183652744e-18 
2.1680605641e-05 
-5.6252983693e-34 
3.3760074479e+23 
5.7982230128e-12 
3.7256359064e-07 
-5.6137603872e-37 
2.7120343624e-30 
6.1469926371e-13 
2.7955412865e-02 
5.7837698919e-25 
1.6739743519e-21 
1.1764405876e-14 
1.1633217722e-09 
-9.9939783544e-35 
2.6402060982e-08 
1.0589421502e-26 
-9.6628071676e+22 
6.7126104675e-09 
8.8638665771e+02 
1.3237284124e-01 
-1.2697024858e+34 
2.2400563443e-15 
-3.5599774945e-14 
5.7564768000e+08 
4.4873543680e+10 
6.1099165445e-25 
2.9854842880e+11 
1.4846669897e+30 
1.3935086827e-05 
-9.5400852809e-32 
-8.1810620031e-05 
2.1948208541e-17 
-6.3859494400e+08 
-2.5063156928e+30 
1.2903624960e+09 
-8.5043830201e-22 
3.4561706484e-27 
1.7470827031e-13 
9.3636309814e+02 
-1.8864894876e-25 
3.8711727815e-24 
3.8732072140e+20 
-5.7878242188e+04 
-2.4765109963e-09 
-4.2671892686e-08 
1.5465264640e+09 
-5.9875317760e+09 
1.9543479655e+20 
1.4193356285e-15 
8.7894787500e+05 
-2.3787887757e-33 
1.3699137287e-28 
1.7496121094e+04 
7.3037405014e+00 
-5.2117925325e+35 
-1.5872669778e+12 
1.5615370867e-13 
-7.6272187587e-26 
8.0797096449e+24 
1.4120896875e+05 
-9.4493302072e-08 
1.6339857316e+27 
5.5125917697e-07 
3.9481749000e-32 
1.7287806619e-25 
1.1967858832e+33 
2.9658692711e-06 
8.0265397322e+20 
3.9482192515e-10 
-2.2138602826e+28 
-1.5433733050e+17 
5.5740919114e+27 
9.0592998749e+36 
-4.6015488647e-39 
-2.6141492618e-27 
-4.0339528809e+03 
1.8219257673e+25 
3.4574798587e-15 
1.4924773681e-37 
3.8847680509e-17 
3.0429310000e+07 
-1.1823186010e+35 
8.7315593750e+05 
-1.4318064880e+02 
-8.3314073600e+10 
1.1001886488e-14 
3.1535658854e-25 
2.8973546903e+35 
-9.8327633168e-05 
-6.8462975600e+28 
-5.1830206604e-18 
-2.5441100942e-21 
1.3579702549e+21 
-4.6980816589e-13 
6.4055816118e-25 
1.1466317830e-15 
-3.1027565395e+22 
3.5756505395e-11 
-2.7505902108e-03 
-9.9328242483e+11 
6.9595432322e-34 
-7.5719840190e+22 
-9.6166291200e+08 
-2.9632725215e+35 
3.4371876115e-29 
8.2587816794e-12 
-1.5143201904e+03 
5.4715487049e-23 
9.6533110000e+06 
1.4710768461e+00 
-3.9404254165e-11 
1.1420101591e-30 
2.5275218707e+18 
-8.8571158871e-13 
-4.4000931808e-27 
-8.1057807617e+03 
3.7967246094e+04 
-3.5363985560e+18 
9.7775911114e+35 
1.4517744301e+16 
-1.9174186244e+20 
-3.9247246094e+04 
-2.9597888800e+16 
1.4979481160e+18 
-1.1135454336e-08 
-1.0062724222e-22 
-5.3728795718e-11 
-1.0867580313e-19 
1.0760067680e+30 
-2.1215094625e+36 
1.8064696068e-18 
6.9887075929e-25 
2.0268322539e-19 
9.5204213618e+22 
1.1818617582e+00 
9.4730064969e+16 
-1.8614276854e+22 
-3.6916654110e+00 
-5.2695600497e-22 
1.5766384583e-21 
2.8738703355e+17 
-8.0990176065e-36 
-4.0302411572e+35 
-1.2581388357e-34 
9.1354371534e-07 
4.6812566400e+08 
2.3356536320e+09 
-6.0876559140e+19 
5.0522471623e-11 
1.3831486233e+36 
2.0659216963e-16 
1.8017063515e+22 
-2.3624040255e-27 
-2.6240797500e+06 
-7.8495063853e+30 
            nan 
-6.6469970943e+20 
1.9177043513e-20 
8.1587400678e-21 
6.5673219014e+36 
5.8956143684e+35 
-6.0210285425e-34 
1.3215610484e-14 
3.8667495014e+11 
1.1257532155e-33 
3.7559974958e-22 
-5.0049378444e-30 
5.4024395685e-27 
3.7851144098e-36 
4.0443242188e+04 
7.2044355918e+19 
1.1857343424e+25 
1.2056455612e+01 
-4.0642939594e-36 
-9.5227672384e+28 
1.8456073082e+15 
2.1897818653e-28 
5.1437078093e+18 
-4.5833813080e-31 
6.7726935171e-09 
2.6462253714e-15 
3.6072484712e+31 
-7.9365940903e-12 
-8.6331024480e-25 
9.3478675321e-13 
-1.0881448438e+05 
-7.4071665397e-16 
2.9023210018e-22 
-4.3308750062e-37 
-3.2942655998e+27 
3.3954715000e+06 
-1.1284030000e+07 
7.2306149503e+23 
2.8397583790e+19 
4.2903233592e-28 
2.2853898926e+03 
7.3509273352e-04 
1.9692158060e-12 
9.8071594622e+15 
-5.3505268000e+07 
-1.9739146233e+00 
-9.5328624640e+10 
3.2855113968e-03 
-9.5265972888e-10 
4.0194647369e+26 
1.5327899912e+37 
-1.9521358141e-10 
6.1033735662e+27 
5.0759345000e+06 
-4.8631881671e-14 
-1.8099392370e-38 
3.3099933192e+15 
1.8902908000e+07 
-1.8693768978e+00 
1.1491774000e+07 
1.1241863681e-38 
-1.6711965194e-29 
1.1452797968e+24 
8.3473491669e+00 
-5.0041813301e-28 
-3.5124017334e+02 
7.7288083535e-32 
-3.7570053407e+12 
-1.8410516758e-34 
-2.9382069281e-20 
-1.1461319459e+13 
7.2529091992e-35 
3.2597435356e-37 
4.5541654810e+21 
-2.2803933885e+31 
-5.0739513899e+28 
-6.6675045218e-07 
3.1264849650e-12 
1.1764810354e-17 
4.6870715000e+06 
-6.1292406172e-02 
-4.4926003022e-12 
-4.2763955890e+15 
-6.6086652000e+07 
-5.1626728455e+19 
4.6984210737e-34 
-1.0480883038e-33 
-1.8504044088e+28 
2.8333950000e+07 
-1.6299332731e+13 
2.7780570510e+37 
2.5438826037e+18 
2.3876091309e+03 
1.5139411001e-34 
9.3727712738e-06 
-1.8929571442e-33 
6.5032174961e+12 
-1.3921872134e+33 
-2.3066779313e-35 
2.4858550882e-16 
5.2756282960e-21 
-9.0120976537e-24 
1.8032713318e+02 
-9.3733978271e+02 
1.2539839000e+07 
2.3875581472e-33 
            nan 
4.9276694571e+32 
-1.5532051787e-19 
-1.0008616521e-13 
1.6058141773e-04 
-7.6548069217e-08 
-6.3213071360e+09 
-4.3141419845e+28 
-6.9746148960e-12 
5.7756522438e-04 
7.5806483386e+18 
3.7843544851e-04 
3.2106486615e-03 
-6.5033096397e+11 
3.6420967717e-06 
-3.9897103226e+19 
-1.4799740292e+34 
1.6773463448e-20 
1.1162838431e-09 
2.2067419369e-20 
5.9351829422e+27 
2.1910639346e+13 
6.4808916697e-13 
-6.9884686852e-27 
6.5535559598e+13 
-1.0864725795e-34 
-6.2172016276e-25 
3.8792785507e+14 
-1.5832922425e-38 
-1.4384468888e-30 
1.1790082559e+38 
-8.3219448856e-14 
2.4484246315e+23 
-1.0904255000e+07 
1.3627539511e+33 
7.5371085876e+14 
8.8213993750e+05 
3.4280843541e-19 
-1.1977778681e-30 
-9.6916732146e+21 
7.9756988980e+30 
-5.1314918477e+23 
3.1408950568e-21 
5.9177013231e+19 
4.1212782435e-36 
-3.8361269535e+12 
-6.4073305852e-14 
-4.3172005928e+22 
-3.1183671886e-20 
5.8062252045e+01 
-5.2139661728e+16 
-2.8550732986e+32 
2.6385721774e+30 
-2.6834233209e+36 
1.2886580267e+36 
-1.6017937073e+31 
-2.5874990419e-16 
4.6666856855e-02 
4.6342666062e+36 
-7.7349335859e+12 
3.1900061799e-37 
-6.7460854325e-07 
5.9930853521e+17 
9.5954567617e-27 
-1.4643777449e+32 
-1.6031070116e-27 
1.5007438001e-11 
-1.5527418081e+32 
7.8069010129e+36 
2.9204621709e+29 
-7.7079677734e+03 
1.2925368715e-14 
-6.3339951170e+18 
-3.4166632343e+16 
2.3828256422e-38 
-5.9079284668e+02 
1.4585005403e-30 
6.7718427734e+03 
-2.6170467200e+08 
-1.2159934000e+07 
-3.3248755926e-07 
-3.1334489584e-01 
8.6176629009e+17 
-3.2861024420e+12 
-9.5532030902e+34 
2.8115621331e+29 
-7.4055846813e+25 
2.3531367530e-30 
4.7213545442e-01 
1.0877230962e+28 
5.0640760465e-21 
-4.4376062788e-30 
-1.3696378916e+14 
3.8769980893e-03 
1.2615435000e+06 
-6.7600945000e+06 
3.8630120976e-32 
1.7168481600e+08 
-1.4819464229e+24 
1.9628536224e+01 
9.3163097600e+08 
-2.4063950832e-07 
-3.6839610919e-32 
-4.4657912000e+07 
-2.1934509424e-29 
5.0989304000e+07 
1.8133755773e-02 
-4.1690596586e+14 
6.2834291299e-36 
1.3038848438e+05 
-3.9114262778e-20 
-2.6442582808e-20 
3.1369714051e-35 
3.0344610158e-10 
3.1943047154e+34 
-8.1885750000e+06 
-1.0498187320e+25 
-4.6793939209e+02 
-4.5111822611e-10 
-1.4481639404e+03 
5.6712914556e-31 
1.1185927595e+26 
2.4348916904e+32 
-3.2204027693e+35 
4.3367802367e-34 
-9.7665880626e+36 
-1.0103325079e+26 
-1.8780669294e-12 
7.5382102670e+35 
-6.1680214003e+21 
-4.7776938797e+30 
-1.1863146510e+24 
1.4468265119e-32 
1.9106202899e-17 
1.8045529528e-32 
-3.2824354180e-15 
2.3104315712e-21 
-4.5736246094e+04 
-1.8881818331e-09 
-1.1928435864e+17 
6.6082218366e-20 
1.8911515555e+22 
8.1764202315e+20 
-2.8585412537e+15 
-1.6359679047e-16 
3.6993203261e-37 
-3.2019894958e-28 
4.1617581093e-32 
-5.7652720954e-36 
-8.9833985840e-05 
-1.4874591836e-10 
6.7204854486e-35 
2.7320810871e+25 
-2.7247681169e+32 
-3.5028102729e-07 
1.0561884269e+15 
2.2889731171e-38 
1.4067879670e-36 
1.9924278292e-14 
-1.1812509969e-02 
1.1869138321e+38 
1.0578888704e+10 
-3.9958975018e-10 
-4.6072252095e-02 
1.3947612527e-20 
-3.5270085617e+19 
-9.1702757825e-23 
6.0445767709e-35 
-2.1218252849e-11 
4.2492109537e-01 
1.6385195169e-38 
-4.2689448447e-30 
-8.6042724866e-14 
1.9505231670e-31 
-7.0856894602e-29 
-6.4193347903e-23 
3.2823447552e+10 
-1.1774145906e-25 
1.0157930908e+03 
7.4411573587e-04 
-3.7411422818e-04 
-3.8137215731e+22 
1.5295283164e+19 
5.5761645422e-34 
2.5419964614e+23 
6.2543698220e-08 
-5.9746709802e-09 
1.0414532219e+18 
4.8337811042e+35 
-5.7477443584e+10 
-1.1254988931e-04 
1.9727318878e+19 
1.7694067331e+28 
-3.1621616640e+09 
6.0157402808e+12 
1.4245964445e+27 
-2.7554423411e-20 
-1.8202129867e-14 
2.6262168519e+17 
-1.6430347999e+16 
-8.9383118045e+13 
-1.4020841779e-11 
-9.6344896000e+08 
-5.8766205674e-15 
3.8862314907e+24 
1.1975608777e-32 
2.1469150670e-03 
-1.4652398477e-06 
-1.7479174174e+31 
4.8949184799e+24 
-6.1267266815e-09 
1.3144237982e-06 
7.9554977650e-15 
4.7236704463e+27 
-2.1837912034e-10 
-1.1981547391e-17 
2.1045003520e+09 
7.9803761305e+33 
-3.0013405947e+15 
1.7737523885e-03 
-7.6808108114e+15 
-1.9021674513e-10 
-1.6853110997e-32 
-1.0314105126e-10 
3.4851357505e+16 
2.9038281250e+03 
-6.3000640000e+06 
3.2044417962e-37 
1.2914625320e-16 
2.1214891422e-17 
1.0236722956e-22 
-3.0017116616e+23 
4.0618550520e+30 
1.4453230426e-02 
-1.3821117629e+28 
2.5332896621e-04 
3.7069232464e+00 
-1.1655514526e+02 
3.5746933672e-30 
-2.2150770401e+21 
4.3582373821e-10 
1.9706334435e-33 
6.8836222684e-39 
1.4183353432e+20 
7.2887171559e-13 
-9.1532070400e+08 
-1.7009135336e-02 
-1.0368379150e+27 
-4.4152980316e-23 
5.3776205061e+14 
-2.6508818391e-18 
-9.9870728852e-32 
2.5489759649e+30 
1.4475571349e-12 
-1.3811452886e-17 
-6.0129759470e-34 
-3.5572454834e+02 
-2.3134896159e-01 
-1.2785558264e+18 
-8.9355738441e-27 
-5.3665193750e+05 
4.4142969494e+17 
-8.8571399311e-25 
7.5949254400e+08 
9.1548584871e-17 
2.9741821203e-24 
-1.9187421455e+15 
-1.7716139477e-19 
-4.2060210953e-18 
-1.3634108252e+17 
4.4632025381e+28 
6.8427720757e-16 
-6.1070739455e-19 
3.6913274811e-35 
-1.8219337765e-15 
6.0822560243e-24 
5.6687762123e-11 
1.1949247000e+07 
1.1627733154e+03 
-1.6523498438e+05 
9.6478456398e-33 
-5.9598678818e+15 
2.6157268181e-19 
1.0920865792e+11 
3.7639609311e-12 
7.9110172880e-34 
8.0236783251e-03 
2.7062142000e+07 
-3.0116007970e+33 
-4.2211575495e+29 
-4.2274723578e-32 
1.9633839551e+16 
-5.7497344753e+23 
1.1563570081e-19 
-3.4491997500e+06 
1.6440727779e-25 
-2.3053051734e-07 
-4.4794101685e-20 
-1.5498858201e+13 
1.2153067603e-34 
7.5052513514e+35 
8.1193267387e-11 
1.3498531849e-23 
3.9418093509e+22 
-4.7792165309e-21 
-1.6273373594e+11 
2.4867241723e+25 
6.8413496592e-06 
-3.8473743562e-35 
-7.3067928382e-28 
-3.0115462901e-10 
-8.8492101158e-37 
-1.0511508969e-27 
-3.7049841309e+03 
3.6102647258e-38 
4.0538594127e-01 
5.3636562287e-14 
2.1377754642e-14 
-3.0384873060e-35 
1.5503135613e-13 
-8.6563297690e+11 
2.7185324374e-35 
5.3493024981e-36 
2.3648561600e+08 
4.5113076339e-04 
2.9118329394e+15 
3.0108061555e+32 
4.9446165450e-20 
2.2807829633e+24 
1.5151398406e-14 
6.4535516889e-34 
4.5607768410e-24 
-4.6061436605e-17 
6.2353099453e+30 
1.1276922972e-11 
-1.0814727380e-27 
-6.5112583339e-02 
3.8887067541e-17 
2.0947420187e-10 
-6.3325923920e+01 
-5.0934522869e-31 
2.0791851788e-14 
2.0870960347e-38 
9.6038194575e+27 
-3.9354436460e-24 
7.9221717489e+32 
1.0598568952e+13 
-6.7875300935e-09 
-2.4095914364e+00 
1.8929716735e-12 
-6.5555733064e-10 
5.8632550191e+17 
-4.8277089000e-01 
7.4316516101e-31 
1.0467597774e-19 
-5.9363430011e+32 
9.7377654551e-11 
8.2621908778e+35 
8.2073587179e-01 
1.7116316557e+00 
-2.4066476403e+26 
-1.1200246412e+34 
6.7635719251e+24 
-4.8970897682e-21 
-1.0542913324e-32 
2.4146713867e+03 
8.4221449094e-20 
8.1465246587e-16 
7.7399705540e-33 
-2.2794576719e+27 
2.9078975677e+01 
1.6704546406e+11 
-1.1788231786e-03 
2.0725707410e-35 
-2.3643995321e+23 
1.6431268790e-08 
2.1034170933e-11 
3.0822208121e-25 
-1.0927428325e+37 
-1.8919600319e+18 
3.0135786840e-33 
2.4527750140e-26 
1.1020671809e-03 
1.7738199463e+03 
-1.5344181972e-30 
-4.5400061638e+21 
5.7225812378e+11 
2.3099916567e+34 
-6.1002271129e+31 
1.0823202073e-19 
3.6550225015e+19 
-2.2082578389e-25 
4.5439196982e-33 
-4.7189251698e+21 
7.8602550000e+06 
-2.2722230065e+27 
-4.3743867984e-14 
1.9939780668e-35 
3.2754535890e-32 
-2.6786318140e+28 
8.8641835295e+27 
-8.6739452861e+29 
6.1504009011e+11 
3.6433587608e-22 
-1.1947051072e+34 
-1.4058098438e+05 
-1.9790087782e+11 
-6.2123612757e-24 
-3.3661839366e-01 
7.6815262635e+33 
-4.1241890792e-27 
-7.8228991776e-17 
1.3681963551e-17 
-4.2242320816e+27 
2.6243437152e-14 
-3.6112576369e+17 
5.9813606975e-13 
1.6171156398e-33 
2.6399600958e-23 
-1.6303164781e-32 
8.3235647216e-35 
4.5361226512e-05 
5.1582271787e-09 
-8.4340611906e-35 
9.6207364096e+10 
2.1936931627e-20 
-1.7183911864e-36 
7.5903360597e+35 
-2.0560607232e+10 
-1.3183521102e-25 
-4.0816032352e-38 
3.8104277389e+20 
8.8072839219e-25 
-3.6173080712e-35 
-1.4897142176e-31 
5.7185725440e+09 
-5.4631032829e+32 
-4.2427600100e+18 
-1.6449768372e-24 
-6.7978153388e+33 
-6.0051593750e+05 
2.4590153745e+29 
5.6415012754e+20 
1.4284454720e-22 
-1.5285937041e+18 
8.8358091323e-25 
-5.8057395448e-26 
8.9268965564e+27 
2.0052100984e-13 
1.2147844186e+13 
1.7877830505e+02 
-2.4569752649e+28 
3.2749519505e-06 
6.7735503761e-23 
-3.9190199502e+15 
5.3935532321e-21 
1.7101198750e+06 
5.5622715000e+06 
-4.2914335280e-11 
-6.1992807617e+03 
-1.5571971130e+02 
-2.0100818065e+31 
3.0197419019e-34 
1.2466739229e-37 
7.8509149161e+28 
-7.0042740496e-09 
-1.3791075706e+01 
7.5086557617e+03 
1.7829713770e+22 
-6.4017606400e+08 
-1.7342243831e+24 
-3.1622429597e+35 
1.4619640947e-13 
4.3217515677e-10 
8.5290492188e+04 
-2.9446432418e+26 
-4.4433246094e+04 
6.2744266916e-27 
4.2473187043e+29 
7.2889522382e-31 
1.1365468140e-31 
-4.1213334400e+08 
2.5803591534e-36 
4.3454989833e-16 
-2.9621760405e-05 
3.3490588976e-05 
9.0106167174e-29 
-1.8929770626e+24 
2.0938737836e-16 
-1.2718880694e+28 
-3.1818596875e+05 
-1.8495781927e-36 
4.2750879911e+24 
1.6374070261e-38 
2.1388533176e-17 
2.1370577699e-35 
6.0189063661e-03 
-1.2662161901e-12 
6.0078332000e+07 
-5.6606528945e-16 
1.0406734742e+29 
-1.6440753652e-13 
-1.0628652403e-09 
1.6480861837e-21 
-4.0061069740e-05 
-6.0293372000e+07 
-1.0934875906e-01 
-4.7021270723e+34 
-2.1677590369e-29 
-3.0190231887e+25 
-1.5778144096e-34 
-1.9505990203e-03 
-5.5462584320e+10 
6.1736135483e+00 
4.0579270400e+08 
1.7814201377e-16 
-5.1237732454e-34 
-8.6269143503e-04 
-3.7598511247e-31 
            nan 
-4.5107183798e-38 
-7.6453161150e+18 
-3.7223529910e+35 
-1.4360854492e+03 
-7.1232477504e-19 
-1.0842886316e+17 
-3.7134357540e-25 
1.7095442861e-02 
1.9570226868e-05 
-1.8828805542e+02 
-1.1026832072e-17 
1.3978160496e-05 
1.3876849154e+26 
1.0134206000e+07 
-4.4562624020e+12 
-2.5809472850e-25 
-3.7365822568e+31 
9.7553581387e-23 
-2.8132570220e+24 
5.9170383115e+29 
3.3154791424e+10 
-1.4775675959e+19 
3.2344089971e-13 
-1.0543145488e-16 
4.3914868270e-11 
1.0681339923e-35 
-2.8075088630e-04 
-2.0783747301e+13 
-5.4159682617e+03 
-5.6361469663e+30 
2.3520205228e-10 
-1.6405559068e-22 
-4.7152635714e+28 
-2.2163360924e-08 
7.6505618047e+31 
2.8921361306e-08 
1.1236795654e+03 
4.6822239528e-04 
5.4921148594e-34 
3.7884796600e+12 
-1.7191282272e+01 
2.1816014848e+10 
-1.0640726950e+14 
-4.8093097807e-36 
-1.1617023200e+08 
2.1548956152e+30 
-1.3795635525e-27 
-5.7221707372e-09 
2.2863873047e+04 
2.0833869635e+28 
-1.1352824453e+36 
-1.3986507838e-04 
-2.2056465202e-14 
6.7368293270e+28 
6.4712397767e-12 
3.8433826695e+27 
-2.5102490079e+34 
3.3155216164e-19 
-8.6725389605e-26 
-1.6946053199e+21 
-2.7352208179e+11 
1.8095091414e+32 
3.2280063056e-27 
-3.0620734767e-19 
-1.3276117920e+38 
9.1519328082e+19 
-1.1104847217e-20 
7.0637775560e+15 
1.0097186523e+04 
9.5937310683e+35 
-1.7334798758e-04 
3.4193930240e+10 
-5.4613947868e+00 
2.2534344395e+32 
-6.0156190435e-38 
-2.0594954076e+12 
-2.6158060162e-09 
1.6457140169e-34 
4.9592314032e-32 
8.7493045492e+25 
3.9606770013e+23 
1.0622667333e+26 
-3.0157502702e-31 
1.7257839360e+09 
-6.5576151280e-12 
1.0533772223e-19 
2.0084020304e+35 
6.9319823524e-04 
-2.8359099868e+32 
7.8404851196e+25 
3.2914064718e-07 
2.1880560484e+36 
9.3561352162e-38 
-3.3111149874e-17 
-4.7025746094e+04 
1.8038825544e-07 
2.3825684535e-36 
1.8035410345e-01 
-1.3035804481e+34 
1.5596555386e+38 
5.4613432617e+03 
2.4033567913e-33 
-8.0744333876e-35 
2.2646057587e-36 
-5.9181338669e-32 
5.1404884442e-27 
-3.5455967969e+25 
-8.8991438922e-29 
-5.1081579568e-24 
3.4858313319e-18 
-4.8306449630e+19 
1.6111107359e+27 
-5.0854158793e-16 
-6.4568430731e-34 
5.1741949506e-35 
7.9747866624e+10 
-2.2645081879e-28 
1.2442224954e-17 
3.4837475000e-26 
2.9519830491e-07 
4.0491207886e+02 
-4.0912271756e+20 
1.2356923751e-35 
6.9595407667e+23 
-7.0479862392e-02 
-8.2520690118e+30 
-2.3745750771e-38 
-4.2055017810e-19 
1.2791222638e+17 
8.5673387691e+16 
1.8268382007e-07 
-3.1287296352e-22 
2.1316295172e-33 
7.5840445414e+28 
-2.9534196577e+34 
4.5885963118e-06 
-5.0896792845e-24 
6.0003188659e+24 
3.2926545369e-24 
2.0356840230e-15 
2.4410845086e+13 
4.6038463511e+37 
-5.7299933087e+29 
4.8834296000e+07 
4.5147401492e-30 
-7.9511926272e-28 
-5.9591085522e+29 
1.3728621335e-16 
-1.9480693750e+05 
-1.7921853531e+38 
-5.0015307690e-28 
6.3372081030e-18 
-4.1242503989e-34 
6.6202960908e+16 
4.2810338852e+15 
-8.3709501462e-14 
6.2457102104e-06 
-1.8321037500e+06 
2.7643067499e-34 
1.9184536626e-08 
-1.3304258347e+01 
1.7287176241e+20 
-2.0384315280e+33 
6.2471581100e+14 
-1.3791966140e+31 
4.3431328987e+36 
-7.4632916514e-10 
-6.0502069323e+25 
-4.7728688867e+28 
1.3709259367e-36 
4.6736665600e+09 
-7.1434443162e+11 
-1.1788201904e+03 
2.3925490520e+27 
-9.6303512040e-12 
-4.3085716728e+36 
-6.9093683682e-13 
4.6095271111e+00 
1.9864658400e-19 
7.7400057600e+08 
2.9318479538e+01 
3.8795025184e-21 
-5.3051057980e-19 
-1.1055391628e-12 
2.7387220508e-17 
-3.5668526367e+12 
-1.3291220028e-26 
1.7961501603e-20 
-1.7123537927e-29 
1.4651562812e+18 
-4.8253979154e-29 
-9.8493512231e-18 
-8.9233342888e-20 
-2.4849510826e+17 
-3.3604335469e-16 
-5.3015364321e-10 
-6.0337441355e-25 
4.3567806427e-20 
5.9306077642e+34 
-7.1253084184e-40 
1.7545546890e-26 
3.0272797500e+06 
-7.4887199402e+01 
6.7118220329e+00 
3.4874821744e+25 
-1.5261471557e-12 
-1.3631223729e+21 
-1.7796498438e+05 
5.4841581172e-35 
7.4145077336e+18 
1.9540847273e-35 
5.3054057617e+03 
1.4544155328e-31 
-1.6407457663e+33 
-1.4172555352e-09 
7.1461047692e-23 
7.0005912544e-16 
-1.5381862976e+21 
1.5460248836e+15 
-1.2343337350e-23 
2.9650712585e+19 
5.1694711393e-33 
1.1868398085e-29 
1.0625002663e+35 
-1.6857047302e-28 
2.3206481496e+37 
3.7225644523e-14 
-8.3994707680e+29 
-3.1981041820e+38 
-2.9512330002e-05 
-1.4303507831e-32 
-3.7663569193e-26 
1.9556115538e-22 
-7.9020223933e+18 
-9.4773560593e-30 
-6.4289212151e+34 
3.5144191376e+29 
8.7497597379e-28 
4.6411038643e+17 
-3.3696562282e+13 
-3.4157199622e+13 
            nan 
-3.9441267243e-26 
4.2315566764e-29 
-1.6539920654e+03 
1.0278231710e+14 
6.2525146484e+01 
7.5813416321e-36 
-6.2285190699e-28 
-6.6741407961e+33 
-6.4569189539e-28 
-3.3433915087e-16 
-2.9877689169e+18 
-8.7710855602e-28 
-1.7625832434e-12 
1.0464805111e-21 
3.1044338989e+02 
-7.5457556054e-29 
-3.3318417545e-22 
1.0662301454e+27 
-4.5930385632e+15 
1.5829901562e+05 
-2.1769675255e-18 
6.6932631171e-07 
-1.0696340524e-07 
1.0595416723e+14 
-1.2421814919e+01 
2.3954037271e-32 
1.2859644812e-05 
-1.3326466617e+17 
-1.0333850305e+30 
1.0349497643e-05 
-2.4597858760e-30 
-7.5182381818e-15 
-5.6405956805e-24 
1.8446663680e+09 
2.4477018620e+15 
6.7112341640e-07 
3.4425977618e-02 
-9.7800070047e-01 
2.0923459398e-28 
-1.7548481312e+24 
-8.7030507812e+04 
-5.1455511454e-38 
-1.3139546742e-11 
-1.5368259998e-09 
8.3262812500e+05 
2.2232131958e+02 
-6.9467778228e-32 
-6.0360412500e+05 
5.7436257812e+04 
-2.5854531225e+34 
5.7255395000e+20 
-3.2458234500e-07 
-1.3475067568e+37 
-1.3574100495e-21 
3.3155118926e+18 
-1.4457463630e+23 
-1.0121357065e+18 
-3.9802365401e+37 
2.6049609505e-25 
1.2904896435e-20 
-5.2070641921e-30 
2.4659655393e+12 
-7.6982931948e+12 
-1.9880251254e+37 
3.4790412124e+12 
-7.9595080945e+28 
2.0628919645e+21 
1.0914841890e+00 
-2.9771750150e+22 
3.6404597370e-37 
-8.5868466264e-22 
8.7719285585e+27 
            nan 
-3.1165113175e-35 
-3.6779492878e+16 
-4.2554316616e-24 
5.7178798585e-08 
7.0308008960e+09 
2.8720113638e+27 
1.2103206749e-30 
-4.2493284352e+10 
-4.7431263011e+27 
8.2480320707e-03 
7.0786436608e-12 
-3.6557956662e-10 
8.3809792000e+07 
-2.2168133995e-10 
-8.2516270738e+26 
-7.4372064063e-11 
4.6254078698e-20 
-6.9713671875e+02 
6.0861363889e+19 
-3.3682881622e-06 
-7.4863623537e+12 
4.4488444000e+07 
4.9818620800e+08 
2.4887784960e+09 
1.1897472969e-24 
-7.0499979611e+33 
-2.9470011565e+37 
-1.1161744441e+13 
3.7587163700e-25 
1.7895992704e+16 
1.3948411334e-22 
-1.1707732765e-13 
2.3243296875e+05 
-6.1489803264e+10 
2.4182216017e-13 
1.9592033655e+33 
-4.0757046113e+18 
1.8337240464e+16 
-9.9104216161e+14 
2.1114496049e-03 
-2.6843733636e-34 
-6.2960599868e+19 
1.3808122857e+28 
-9.2793763501e-24 
-1.5489491419e+31 
-3.6985000132e-27 
-9.8564058170e-25 
5.9815961428e+19 
6.7287444480e+09 
-1.8740901169e-06 
-6.0335075561e+26 
8.4830358016e-11 
1.1627198336e-11 
-1.6817033844e-26 
7.4405269996e+12 
-9.8019807548e-11 
-1.8541467391e+36 
8.3650587612e-07 
1.3372534436e+17 
9.8056884671e-36 
6.2261894552e-23 
-1.5507934413e+12 
-5.3996980220e-09 
-1.0203706061e+38 
-1.7526476447e+28 
-2.2531357500e+06 
-6.2811071263e-26 
1.4150877380e+02 
-6.6287627598e+16 
-9.0802169600e+08 
3.4994815360e-04 
1.3328518103e-33 
5.4992190122e+26 
-8.0125569536e-14 
-1.7981338426e-31 
1.6018516964e-18 
1.2718198377e-05 
3.4511805170e-33 
1.0481700854e-36 
9.9357036878e+22 
-9.8266522957e-13 
-3.7578889467e+27 
-9.4210890734e-26 
-9.2894134521e+02 
-4.6431151718e+11 
-1.0694975000e+07 
-2.7874563412e+29 
1.2241364883e+27 
8.1927786775e+19 
1.9191486966e-34 
9.9246034125e+11 
-2.3432603017e-21 
-7.3022961260e-06 
2.4343902609e-31 
-4.0574362502e-03 
5.8268141465e-35 
-4.2364914205e-30 
3.0666437427e+11 
9.6700378418e+02 
-1.5072402419e-13 
5.1936744280e+17 
-4.3395438346e+12 
2.4887026367e+03 
-6.0882345968e-16 
-6.0966370868e+31 
6.9300025912e+20 
-7.2258603669e+35 
5.0769315809e+29 
1.6740954665e+16 
-6.4306457600e-15 
5.5709760605e-17 
-4.0065917766e+32 
-9.6712460938e+04 
2.9185168218e-37 
-7.5038643324e-25 
-1.0486953532e+35 
4.3032947654e+31 
2.8261390625e+05 
-7.6969385714e-23 
2.6805504483e-09 
4.3970441770e-32 
-5.9726224234e-23 
-1.0639834727e-05 
-7.9731657487e+35 
1.0283420980e-01 
2.5909227133e-01 
1.1786662683e-13 
-8.9085325488e-13 
4.7659763442e-27 
9.7681083693e-26 
9.4226880864e-29 
-8.0793342732e-38 
1.1713517500e+06 
1.0882032606e+19 
-4.0967796875e+05 
-5.4356293772e-11 
-5.7853374339e-36 
1.9560719033e+34 
3.6948041848e-10 
-3.8693746094e+04 
-3.7363927345e+27 
-1.2874749267e-08 
1.1074192682e-23 
-2.4113955885e+32 
1.5866559242e+26 
7.0895559842e+27 
6.7179964587e-19 
1.8887858851e+27 
-1.9944799849e-24 
-2.8864860312e-24 
-4.3524625531e+12 
1.4892849262e-17 
8.0426765789e-19 
-4.1068177381e-17 
1.3600725859e+23 
5.3240442920e-20 
-4.9699772826e+11 
1.3224941453e+13 
-1.8968945042e-28 
2.1227477757e+25 
2.2288314107e-16 
1.0807559971e+27 
8.0417955000e+19 
-5.7246843615e+35 
-1.6590882406e+11 
-9.0827814181e+14 
7.0694548086e+22 
            nan 
-8.5375863178e-31 
-5.0229969897e-35 
4.5940761320e-32 
3.7935769857e-38 
2.8752937706e-38 
            nan 
-6.2265933520e-23 
-4.5530892834e-08 
-3.0004869120e+10 
-2.1211990665e-16 
-4.6297461154e-07 
2.8990785893e+23 
-3.4749210282e+28 
1.4164030835e+19 
-2.2504102367e-34 
-9.1619288675e+36 
2.7190467162e-35 
2.4267625222e+38 
9.7409195722e-30 
-7.4222305557e-04 
5.1837186884e+31 
3.5058467206e+22 
-1.1528548002e+00 
-3.1552414556e+33 
7.5123106250e+25 
4.5122082528e-24 
1.2181484688e-15 
1.2730954510e+30 
3.8027746094e+04 
-1.8098984902e+25 
-3.9153458253e-09 
1.0509974887e-35 
-1.5415327516e+35 
2.4948152996e-21 
-8.6053872807e+37 
6.9553052996e-33 
-1.4102896273e-07 
-1.3271160837e-09 
8.4079032952e+18 
3.4304560631e-25 
1.4919262867e-05 
-2.7679604041e+36 
1.8842776161e-37 
-1.8080394323e-33 
-2.1012386517e+30 
3.1425689600e+10 
3.4349409398e-03 
7.6128722522e-22 
4.5307331563e-13 
1.4780115263e+16 
-5.6580746094e+04 
1.5348313198e-25 
-3.8365936916e-07 
-6.7505927734e+03 
1.3424335048e-02 
-5.6563060014e-08 
6.3160832724e-06 
-1.1249585138e+21 
-5.2006993750e+05 
1.4626519040e+10 
3.0482742570e-38 
-6.1790219964e+31 
2.0311257243e-01 
4.0512297517e-08 
1.2106247956e+32 
7.4222080410e-02 
5.8306123335e-36 
8.4743544783e-32 
8.2654277630e+32 
2.0146249881e-05 
-3.3590501547e-01 
1.5293685547e+04 
6.3762357458e-03 
2.2333741355e+15 
1.2827945468e+17 
2.9446101166e+31 
-5.8838857512e-05 
3.3224667422e-03 
-6.0662915006e+13 
4.7060027451e+26 
-5.8365215512e-17 
-2.1960343820e-35 
-3.4462158946e-19 
4.6289574835e+27 
-7.6023809101e-14 
-3.8628953333e+34 
-2.4131371179e+35 
1.3763699960e-31 
6.5146085659e-18 
-4.8210273962e-04 
7.6360152000e+07 
-8.1866230461e-10 
9.0971944155e-04 
-1.0885202789e+02 
6.7265727710e-11 
-2.1560794816e-10 
5.0516790000e+06 
-8.6832623929e-03 
2.9567893206e+36 
-3.4953276367e+03 
4.4486905479e-12 
-4.0094873764e-14 
7.1532198831e-08 
-1.0563168799e+29 
1.0734570678e-03 
1.1438648273e+19 
2.0304262200e-31 
-1.7299634896e-14 
5.5922789990e+33 
5.1326038765e+22 
-4.3668555034e-24 
-1.4276849522e+35 
2.2407949344e-38 
-2.0410584693e-04 
5.4406715000e+06 
1.3007067866e-30 
-1.5321648137e+35 
4.4547459483e-01 
-1.8023281189e+18 
-8.9641268466e+34 
2.0956360054e+17 
1.0691332506e+11 
1.4944815359e+28 
1.4749631447e-32 
-1.0799836367e-01 
-1.1067204772e-16 
1.6788956441e+23 
1.3433358746e+11 
-3.6468662084e-16 
-5.6176183541e+36 
3.2737897138e+27 
2.7790630585e+37 
2.8773785481e+30 
-5.1326347602e-05 
-8.0689527815e-37 
1.2691454720e+09 
1.2997545480e+18 
2.4044849600e+08 
8.5467075849e-24 
-8.3406057149e-17 
9.5973464025e-33 
4.2745656893e-27 
-3.7074263933e+25 
9.8965444565e+00 
-5.2118074515e-37 
-1.2063583096e-34 
6.0531526006e+26 
2.5415640086e+19 
1.7392976264e+37 
-1.0318016815e+02 
1.4876274697e+34 
-2.4644945562e-01 
-3.0795675797e-13 
2.8993212223e+28 
8.4454306659e-08 
5.8053290068e-23 
3.0175468790e-09 
-8.8308377304e+21 
-1.1917379938e+24 
-1.3656873136e+23 
-9.8928955642e-24 
2.7624238369e+17 
2.8377141348e-07 
-1.4082487646e-38 
1.4435644242e-20 
-1.8948122964e-13 
-1.0156531429e+16 
8.5662590027e+01 
-2.0674335280e+20 
4.5493204759e-09 
2.3991789295e-29 
9.9128660835e-09 
-1.1026988842e-20 
-3.5272477500e+06 
-2.0627830505e+02 
1.7128498438e+05 
7.6882807617e+03 
-4.0131432897e-24 
3.4652284895e-35 
-1.8068013972e-29 
3.1827425034e-35 
7.5030109404e+22 
2.9951164390e+25 
3.5888282459e+22 
-1.4036240464e-04 
-1.6446388634e+11 
4.2703408744e+19 
-1.4408127493e-36 
-3.2187212316e+31 
1.2684148724e-38 
1.4027378648e+22 
4.1788254748e-04 
2.7563941990e+20 
2.5702471976e-17 
-7.3357984545e+34 
2.9473024784e+25 
9.1400229607e-09 
-1.7411082607e-31 
2.1659194596e+14 
-2.0090621094e+04 
-9.5703250389e+33 
-1.1352407866e-34 
9.4246340421e+32 
1.7818153719e-04 
-6.0154438129e-22 
-5.3932660649e-07 
3.5170557639e+25 
1.7227377194e-20 
-1.8088514923e-22 
2.6849352932e-17 
9.8768499598e+37 
3.0813098010e-26 
-1.6393056570e-23 
-1.7861409416e-27 
1.1402161966e-16 
-7.0672066604e-38 
3.5422065612e-27 
5.4620868452e-31 
8.5660975669e+21 
-1.7394145690e+13 
3.1983175165e-35 
-2.5873503027e+11 
-4.1839221146e+11 
-2.1316038557e+24 
2.8544593533e-06 
8.3875382860e+21 
1.3188712949e+29 
-1.6788224409e+29 
-7.0172325728e-09 
-2.5155389806e+17 
-4.2056321058e+35 
2.3120963584e+10 
2.6694020456e+34 
-8.6960791055e-16 
-3.7043336769e+31 
3.9074875786e+18 
-5.6039350000e+06 
-1.2850199081e+28 
1.8155431030e-28 
-4.4397532525e-12 
-3.8069031002e-24 
-5.7601694248e-11 
2.2280006402e-18 
-4.2763247685e+20 
1.1493472118e-16 
7.8876003623e-02 
-1.4209123833e-07 
1.7796820992e+10 
-5.5684344058e-15 
1.4391890807e+17 
2.0134306548e-12 
-2.2890075000e+06 
-2.2157479542e+30 
2.2507100832e+13 
-5.6453225748e+25 
5.6115530001e-09 
2.3881068230e+00 
-4.4602781064e-26 
1.0187365120e+09 
-1.8794185104e+28 
-1.8685587565e-04 
9.3654616983e-38 
2.5935278973e-04 
-4.4230412518e-13 
-1.0652256043e+13 
-1.6050377305e+21 
5.6930865925e-19 
7.7614584000e+07 
1.0216089449e-13 
4.9015766571e+19 
-8.4426165771e+02 
2.9468050345e-30 
1.7986458319e-34 
1.7754147978e+31 
1.6959073434e-07 
1.5598526976e-30 
-2.5252704887e+25 
-3.8479884687e-29 
-4.9215292745e+32 
-5.7805813157e+34 
-8.6680657494e-25 
-5.4788998568e-18 
7.5668635368e+00 
2.0585573566e-06 
-3.0275112278e-11 
-1.4513769057e-33 
-3.0448216046e+31 
-4.1995195000e+06 
1.6810298438e+05 
1.5448718080e+09 
9.3262021048e-21 
-2.4007715833e-28 
-2.2596562911e+30 
3.3536152622e-23 
5.6254177072e+19 
-2.6275339980e-30 
-1.0301987680e+33 
3.5488449626e+30 
2.2444724653e+15 
1.9082398500e+33 
2.6115602632e-36 
-3.8055357587e+31 
-6.9864032781e-34 
-5.1561714933e-30 
1.8349802333e+20 
-1.4559167000e+07 
9.3188640398e-13 
2.9911610484e-01 
1.5384104688e+36 
-1.4681476521e-11 
4.9391697843e-08 
-1.7539604760e+20 
2.4390501022e+01 
7.7757280451e-16 
-1.3667649241e+26 
-3.2202658531e-06 
-2.3606142000e+07 
2.2162142720e+09 
-6.7698729955e-10 
-4.5176104146e+30 
-8.9520918456e-10 
-1.3087984595e+36 
1.6153035407e+13 
-1.6324946203e+31 
1.0404690944e+10 
-3.8342637776e-16 
-2.1111650495e-31 
1.0498940013e-02 
3.7000582886e+02 
-1.9496571005e+28 
-2.9811188094e-18 
3.3453049367e+27 
6.0801077714e-12 
-3.8544838867e+03 
4.0051608804e-16 
1.1057076729e-20 
-1.0397157903e-15 
1.1811556919e+17 
1.5604602432e+38 
-6.8241995217e-18 
-1.6358101448e-15 
5.0463597635e+23 
-8.9902100821e+16 
-7.7816840350e-19 
-5.0324664141e-13 
-4.9578117423e-15 
-1.5517954235e-22 
1.3252556311e-18 
1.4603855034e-22 
1.5234634664e+27 
-6.1661608008e-18 
4.7330230000e+06 
4.7317066612e+37 
6.4330021527e-17 
-1.5768063784e-21 
1.3264341354e+01 
6.4914639961e-14 
2.2529371334e-26 
-8.0507579696e-06 
1.9969496875e+05 
-2.7225801263e+19 
8.3498093028e+35 
1.1857022919e-08 
1.6206474916e+24 
3.4421487362e-04 
8.0850282972e+19 
-1.8180156600e-27 
5.7528963206e-39 
1.1515960630e-08 
-1.5702388337e-23 
8.1284348141e-09 
9.1242984000e+07 
-4.7542735615e-07 
3.5153511876e+20 
-6.9450528000e+08 
-5.7189462220e-38 
-5.9292966127e-01 
-1.2461997223e+22 
-5.6212970742e+25 
3.8134951178e-25 
-7.0831329755e+27 
-3.1703276367e+03 
-4.6430390048e+17 
1.7737578453e+23 
-3.6299347067e+12 
1.5085771664e-37 
-1.4958987660e+34 
2.1834361067e-29 
-5.2144400407e-17 
-6.4801699994e-37 
1.1256283405e-10 
-2.1332355327e-10 
3.1222406878e+22 
-1.3745827232e-07 
6.3577186411e+31 
-3.7231004536e+15 
3.9043140692e+21 
4.6639309914e+13 
-2.4029536017e-29 
8.1753075089e+13 
-5.1376440787e-34 
-1.0085061064e+38 
4.1012453374e+34 
-1.3072984948e+16 
4.4418637207e+21 
-1.9616263036e+25 
5.9484693958e-23 
-7.6988137343e-31 
2.5541761628e+17 
8.2628648303e+26 
1.4678219798e-33 
1.5538562322e+30 
-1.1915863070e-05 
-6.9444150000e+06 
-5.2606303313e-08 
-4.3401414400e+08 
-1.1472759768e-02 
7.3107305923e+13 
-1.3619824503e-18 
3.4731898865e+19 
4.0797597500e+06 
1.8561014404e+03 
3.4564503040e+09 
-5.5349233791e+21 
3.2500306026e+28 
-4.5904728770e-01 
-1.3361051861e+14 
8.8493363707e+36 
-6.0954151796e-35 
-1.5180013137e-31 
-5.2771092922e-27 
-1.3319892683e-34 
-5.9378562582e-05 
1.6548067644e-14 
-1.3147044577e+12 
-3.6934164818e-03 
1.2881121243e+16 
-1.3255882103e-27 
-4.2572264708e-32 
1.7897393584e+21 
-2.4807028809e+03 
-2.2552875827e+11 
-5.1684635155e-29 
-7.1064096119e-05 
-6.7058298377e-26 
-2.2877563279e+22 
-1.3593535375e-38 
1.2618142576e+36 
-7.1803472647e-22 
-7.4763705184e+17 
8.5228579840e+09 
1.7110946284e+13 
2.6821006716e+24 
1.7752974606e-34 
-7.0485165343e-03 
1.2685634053e+28 
4.7898937635e+18 
-3.6424935255e-36 
8.6251933256e-32 
1.8705510165e-35 
6.0821719509e+32 
3.4427241510e+17 
5.5809309706e-03 
5.8390577272e-30 
-2.1584638543e+36 
3.2680420766e-24 
-8.2065070490e+12 
-1.1779645425e-18 
1.0575219086e-12 
-2.9477046319e-28 
5.8451226082e-09 
-8.9045297933e+22 
-1.1810688205e+13 
1.6844023599e-34 
3.8594747894e-03 
8.6943774402e-10 
3.5023332946e+31 
-3.3583675395e-04 
2.4580690261e-10 
2.8826123047e+04 
1.3348782529e-13 
7.6753400000e+07 
-6.4744298717e+34 
-5.7759694380e-13 
1.5251509407e+19 
-1.2406696004e+32 
3.0172280320e+09 
1.3717849592e+16 
1.9705997149e+17 
-3.7331834808e+34 
-1.2056545984e-08 
-1.4919757447e-18 
1.5500109486e+38 
-2.0172580356e+36 
-2.7304718560e+34 
-1.4041787222e-24 
-1.4226144874e-35 
1.8764900000e+05 
-3.3967758933e-26 
-2.5860039142e-29 
5.7846230042e+30 
4.2612380616e+20 
1.5456986140e+19 
8.8786891921e-28 
1.0834497577e-30 
7.1336244848e-22 
6.8815040000e+06 
-1.8974756343e-34 
2.4693407078e-29 
-3.6117420166e-10 
-1.7755428416e-07 
1.0040098555e-21 
6.7634997494e+14 
1.3436239448e+25 
1.3273376860e-17 
-3.1824968755e-04 
4.5336199800e-36 
6.3914723920e-18 
-4.6004597298e+15 
-2.7599587567e+27 
-1.4720498863e-28 
-1.1033273958e+11 
2.3270909015e-33 
-2.0353107282e-30 
-5.2813616000e+08 
-1.6846530754e-17 
1.3001451284e+29 
-6.6124943702e+22 
2.7631961751e+28 
-4.2730614602e-09 
-3.3675112276e+29 
2.2654678133e-10 
1.6190654284e-19 
-2.8864800000e+06 
-8.4054968099e+30 
-2.0220686687e+30 
1.4376068174e-18 
4.2876548437e+32 
-1.1719080950e-25 
4.5614002175e-36 
-3.3593008095e-25 
3.3687785799e-29 
-4.7718806267e+00 
-3.4089728316e+25 
2.3242838835e+11 
-1.4668776421e-03 
-4.0664050179e-27 
1.9178390004e-22 
5.7182355278e-31 
4.4237039757e-24 
-4.4359010244e-32 
5.0613390625e+05 
-1.4292260699e+33 
-8.3966652026e-35 
8.7962956363e-11 
-6.6676601768e-02 
1.8827184744e+37 
2.2542564012e+24 
2.0305544374e-19 
8.2736012444e-29 
6.9320543974e+23 
-6.7351701094e+11 
1.4278120895e-35 
-8.4028334014e+13 
7.7045834330e-36 
5.6817612769e+27 
1.9228887351e+14 
-3.3188202575e-18 
-1.4671042633e-23 
-3.2734310400e+10 
4.7990331709e-09 
1.3334400090e+23 
-1.4380892078e+22 
-1.4897400912e+22 
-7.1906665966e+31 
-6.3627314528e-10 
-4.9551937263e-04 
-2.3805186693e-22 
-1.2754537309e-25 
-4.5627687949e+27 
1.3233927287e-09 
-9.5157131553e-02 
2.9496771616e+22 
1.9382140000e+07 
8.4748034668e+02 
-7.4109081600e+09 
6.3728946605e-37 
-1.6424762467e-23 
-1.1159089600e+08 
-1.1865650784e+14 
-9.5761832199e-05 
-8.7771168948e-25 
-1.4444277368e-25 
8.4374889731e-02 
1.0188828510e+16 
-1.4728868452e-34 
1.4664894000e+07 
-4.1903249079e+36 
3.8023702800e-02 
-3.6470597982e-01 
1.9529496875e+05 
-2.9926803200e+08 
4.4430480267e+20 
-1.6206704148e+12 
-4.1815229868e-15 
9.1429110345e+29 
-2.5138542368e+16 
1.0729219976e-13 
4.0414078474e+28 
2.0276334217e-32 
-1.2280631585e-23 
1.5040509701e+00 
-3.8616380812e+17 
1.0445033283e-08 
3.4559912510e+33 
-3.9571910820e+12 
5.5907740475e+17 
-3.4808915854e-01 
1.5315498619e+24 
-7.3000308475e-05 
-1.3190957500e+06 
9.5560884476e+00 
-1.0737553102e+17 
3.9003341030e-13 
1.5660235632e+35 
-2.5002282889e-32 
-9.9279126338e-38 
6.0491762625e-22 
-2.2176654688e+13 
-2.6133981433e+36 
1.9972916066e-21 
-1.3428200820e+18 
-1.8298108578e+00 
-3.3494931106e-15 
-2.1448347955e+33 
1.8346965306e+31 
            nan 
-3.5396300347e-38 
-1.8908247057e-06 
-1.9706593664e-29 
-5.5035479212e-13 
-1.2126857131e-29 
5.2570730004e+12 
-6.1974311549e+19 
-4.3794334732e-37 
-1.0276904320e+09 
-4.1507703043e+19 
-2.2120024078e-03 
5.3410703344e+14 
1.6277828979e+02 
4.0872136061e-31 
-3.7316357120e+09 
1.0088117701e+20 
-5.1833366434e-18 
1.1175763607e+00 
2.8977077601e+32 
2.6367195000e+06 
-3.5806860338e-23 
1.4727718162e-18 
-4.0372355214e-21 
8.3550003200e+10 
-1.2474775139e-14 
3.0372027595e-06 
-2.5995039396e-37 
4.9391072051e+11 
-8.6330453262e+13 
2.4991272491e-38 
-3.9012899226e+12 
1.9314075973e-25 
-8.2840188355e+12 
6.4254400000e+06 
3.2494533349e+31 
-9.7308010511e+18 
1.6550128334e+35 
-4.4441049852e-21 
-2.6033405716e+14 
2.0176954993e+24 
-5.9136109498e+14 
4.6370804855e-29 
-2.2057689446e-35 
2.3949559914e-23 
1.1754050030e+34 
-6.7298209159e-27 
-7.4762688046e+28 
-8.1305277744e+36 
5.3571391324e+13 
-4.0287256241e-02 
3.3671795285e+27 
6.6915011256e+29 
1.6163625993e-11 
1.9341407816e-14 
4.3954464960e+27 
-5.0585891812e-15 
-2.0628322760e-17 
-7.2299826570e-08 
-1.2834476627e-23 
-4.2636562500e+03 
2.3530182661e-35 
-6.0641666662e+11 
1.2312364578e-01 
2.5771039597e+33 
1.2817932129e+01 
-1.0980891346e+16 
-6.2592182668e+30 
5.0985348511e+02 
-3.2771330576e-25 
7.7095562240e+09 
-1.3219319020e+27 
-1.2457820239e+14 
4.0248572000e+07 
-2.3959283858e-19 
-6.1775041975e-33 
9.0734439713e+16 
-3.8767007645e-03 
-1.1194810547e+04 
2.2839907998e-14 
-4.6081548594e-27 
3.7716400386e+35 
-2.1052234032e+17 
1.2693526313e-24 
9.1360634056e-31 
2.5333724086e+13 
8.3699840204e-15 
-4.6238951067e+27 
-1.1647284683e-31 
-7.3058427734e+03 
9.4703963531e-36 
-4.2419137029e-18 
-2.9280253033e+18 
2.0827901841e+36 
-1.1552189291e-01 
3.3685372910e-04 
-2.2561456360e+26 
2.3732816752e+16 
-3.2185518622e-23 
-4.3327930997e-27 
7.4521336808e-34 
-1.3027626744e+18 
4.5800711159e-31 
-3.7650168000e+07 
6.1644372736e+30 
-1.7948733212e+21 
-3.9873941707e+35 
7.6370744507e+17 
3.2847740853e+32 
            nan 
-1.5477058476e-38 
8.1309097359e+25 
2.6106735987e-16 
-1.3198920691e+17 
-6.0971472168e+02 
-3.0775627117e-26 
2.1493645752e+15 
3.1507676840e-01 
-9.2306245519e-15 
-3.3643482785e-18 
1.0268158029e+35 
1.4254220438e-26 
-3.6086481651e+15 
1.4024713817e+35 
6.0114662105e-25 
-1.8335076414e-31 
-1.0298532781e+19 
-5.0507847904e-10 
-9.2843876138e-38 
1.5358361560e-24 
1.1876419573e-22 
-1.0751697846e-04 
-1.3441307980e+24 
1.5552805136e-28 
-4.0418478875e-07 
-1.3863352872e-37 
-1.8704235000e+06 
-2.4582167279e+29 
-1.9526811058e+20 
2.1300282137e+17 
3.0052621194e+23 
3.5723979331e+26 
-8.7572432976e+34 
1.3124639881e+29 
4.5252146088e+33 
5.1730498560e+09 
5.2523020825e-17 
-6.5705059814e+02 
2.5467557659e-31 
4.1000303846e-11 
8.8523352331e-14 
-1.0478630498e-21 
1.7504128611e-26 
-2.3441267120e+38 
-7.5604764810e-30 
1.4441157518e+18 
3.2070515688e-10 
3.2234591086e+32 
-3.3953599818e+16 
1.0203621099e-17 
4.2673536823e-14 
2.9745492787e+12 
4.1489470193e-10 
-3.4246600149e+23 
-1.2634335646e-37 
-5.5867052785e+25 
-4.2438148443e-31 
-1.6003894719e+35 
2.0966246255e+37 
-6.6813836657e+13 
-2.4361655723e-24 
-2.0949269473e-14 
-6.1674698640e-25 
3.6616024205e+36 
7.1835522461e+02 
-1.1880997880e-30 
1.8922942218e-06 
3.4016665814e-16 
5.1078298994e-30 
1.2615897785e-20 
4.9435065633e+35 
-6.2348313332e+00 
-2.3153297335e-10 
3.0454695082e-24 
2.4141976190e-31 
3.1093622208e+01 
2.7239127667e-04 
1.6367751805e-22 
-2.0211035819e-36 
3.5099714432e+36 
1.5960745735e+27 
-3.2623468670e-16 
-6.2475786466e-15 
-1.2584766296e-07 
3.4408890424e+24 
3.2769515990e-09 
-1.6282416387e-11 
1.4500231934e+03 
-9.2023416632e-20 
6.9940986336e-09 
4.0675914654e+31 
4.4127531346e-16 
-3.5324949592e-37 
1.7065817600e+09 
4.7022390366e+00 
6.8158656000e+08 
2.1067928594e+15 
-2.3574937076e+13 
-1.3721616745e+01 
-2.4615951089e+30 
1.4078727221e+36 
4.6039203266e-13 
9.8398604800e+08 
-2.7714082848e-37 
2.2754346408e+18 
1.3276023032e+34 
9.0444561157e+29 
-3.6276097358e+36 
-5.6904208660e-01 
-2.3492773121e-17 
1.5913311557e-08 
1.8702810707e+26 
1.5745689922e-20 
9.2337420491e-32 
2.4526681786e-15 
1.6227937821e+28 
-5.2673093975e-02 
9.8101969090e-24 
1.0182526636e+25 
-2.5643707947e+22 
9.1496810190e+29 
6.8093081510e-20 
3.6174225868e-31 
1.1471601070e+31 
7.3887547944e+26 
1.7130114325e-18 
-1.0853662389e+17 
-1.5448391287e+13 
1.4655496756e+35 
3.6555611484e-32 
-8.2680502441e+37 
-1.2063454720e+09 
2.0434054519e-34 
9.3547646157e+11 
5.5002963543e-01 
-2.5009883437e-25 
4.8157200595e-16 
-2.8296164506e-21 
8.3174886137e-28 
-1.3981766904e-29 
-1.9869476811e+31 
2.5692249106e-24 
3.6270185455e+22 
-1.0794797500e+06 
-5.9647162101e-33 
6.0139547207e+22 
-4.5957146214e+12 
-6.0841739409e-35 
-5.5276656640e+09 
3.7602695933e-18 
-2.4288098470e+17 
1.0329805441e+25 
4.1980269945e+35 
-2.8963869559e-38 
1.2289331391e-35 
4.8550495430e-33 
-1.5697263455e+32 
1.1352548898e+37 
-3.6840988666e+19 
2.2391675621e+36 
-2.4009607809e-25 
4.7405850624e+10 
-4.5584454131e+35 
-2.3031515000e+06 
-6.7643610739e+37 
1.4471372604e+01 
9.2318860050e-39 
1.0972767583e-08 
-1.1228721996e-04 
-9.8600300000e+06 
-3.6082278400e+10 
-2.6176357683e+22 
-1.1430986252e+13 
1.0908909872e+30 
4.8125154781e-20 
-2.2063255108e+29 
5.4762156006e+29 
2.7779741995e+32 
2.5649082368e+10 
-1.9380672711e-06 
-2.9282963867e+03 
-2.1213078071e-05 
9.2776767382e-32 
-3.0387366508e-32 
-6.5432605331e+22 
3.0288165931e-07 
6.9777863763e-30 
1.0117565000e+07 
-7.3235072811e+13 
-3.6360759245e-26 
-1.2845112839e-24 
-8.4661811223e+16 
-7.0380762918e-04 
6.1381769001e-07 
-2.6415612076e+26 
-2.7777098003e+25 
4.6847035971e-38 
5.8860063611e+19 
-9.1434097751e-31 
-1.2469052315e+01 
-2.5421264894e+24 
-2.2491797914e+13 
-1.6216761906e-33 
1.0535897666e-23 
-8.8827581250e+05 
4.2172671232e-23 
6.2942955992e-05 
4.8666175256e-11 
-9.4671319040e+09 
-4.6474006894e-27 
-1.6166991812e-25 
-9.8715290427e-02 
2.4015629850e-18 
3.2797460535e-33 
1.0375920026e+11 
-2.4123184929e+36 
-6.8305630249e-12 
5.1422172838e+17 
3.8040569600e+08 
-2.8819473776e-33 
4.2798218602e-25 
2.2159480396e-16 
-5.1626448071e-14 
1.6281446483e+29 
3.2237753322e+23 
-6.7112515440e-21 
-6.4522749675e-37 
1.2860966381e-03 
6.1224075058e-15 
-7.2075947641e-12 
1.0792955782e-25 
-7.7693166733e+00 
9.5328619998e-11 
-2.7686650128e-07 
-5.6714726792e+25 
3.5676514225e-16 
3.8195229232e-29 
1.0752617976e-18 
-2.1855925085e+30 
4.1872788849e-28 
1.5108404019e+11 
1.2339447439e-01 
3.3217669833e+34 
-4.8598872752e+21 
5.1528495303e-22 
1.4118718218e-38 
1.8825007137e-03 
-5.3539065049e+19 
-4.3536218153e-29 
3.7643675000e+06 
-6.1885718091e+25 
8.0359398064e+35 
-2.2067522370e-14 
-1.4896353772e+13 
-1.2733507309e-27 
5.9893125126e-07 
-4.6354930212e-17 
-1.2208711673e+33 
1.2781354943e-17 
-3.8325701872e-35 
-1.4900785971e+11 
-1.7849256798e-26 
2.3595156956e+35 
7.5328429716e-08 
5.7245699718e+26 
-9.4629922387e-06 
-1.1862079488e+10 
2.1138426856e+29 
6.1220568181e+20 
6.0651591048e-03 
-1.5252798000e+07 
-5.7549453202e+23 
4.7587900973e-20 
7.3714266165e+33 
2.4581567386e+36 
1.6337817440e+20 
2.8660820431e+30 
-2.5727064872e+33 
-3.1844193686e-31 
6.4574564362e-08 
-1.0112822565e-05 
7.6933160717e-20 
3.5076794208e-20 
-8.2165155915e+31 
1.3970836207e-12 
1.7797743279e-09 
2.8786614788e+36 
-6.7516064894e-36 
-2.1610142106e+12 
-7.5844644944e+15 
4.5562549289e-09 
3.0492084413e-09 
3.7064603097e+28 
1.0716977920e+09 
-1.8945081234e+00 
1.2959806646e+32 
6.4625242188e+04 
1.0622370841e+19 
-3.0653074322e-36 
-2.1117758829e+27 
-4.0445975032e+19 
-5.8735625667e-16 
-1.9495459921e+26 
-1.3745296875e+05 
-1.9740875217e-29 
6.8215078126e+13 
-5.3653503418e+02 
-2.2915454654e-16 
8.1447940110e+18 
-5.3202466721e+25 
-1.1945695422e+29 
-2.8823885994e-17 
8.1989215417e-09 
6.6381490534e-21 
1.6800381020e+27 
2.0064155579e+02 
8.0856007116e-05 
-1.1107871681e-01 
7.7095437518e-06 
-8.6770656988e+21 
-4.1942906756e+24 
9.5707349500e-21 
3.3665304184e+00 
-1.2487786359e-32 
-3.8499843849e+19 
9.0934897029e-22 
-1.2361263275e+01 
-2.9234000720e-20 
2.5206496890e-09 
-2.8908054528e+10 
6.9151023642e-32 
5.2906006511e-30 
1.0856168213e+03 
-2.7503475249e-34 
-1.5173053530e+27 
1.4869355196e+37 
2.8569003946e-24 
-8.1313264000e+07 
-3.3649065158e+38 
-8.2192723738e-09 
-6.0144571762e-05 
-5.1265143061e+20 
9.6158972168e+02 
-4.5845915768e-14 
9.1965987500e+05 
-7.4823231367e+25 
-1.4414190703e+24 
-1.2061715661e+11 
-3.6561186140e-15 
-1.6616924153e+30 
-7.4012147712e+10 
7.8193440611e-10 
-1.8873234572e-11 
-3.5745295947e-16 
-1.0468638187e-17 
-1.7182304743e-36 
2.8742346654e+38 
8.0290128827e-24 
-8.5974851390e-04 
-2.7223211377e+12 
-1.0308896432e-24 
8.9090929407e+14 
-4.2681492518e+15 
3.5609101137e-34 
-1.2394693084e-32 
-9.2206023500e+30 
-3.1269266735e-37 
3.2404382282e+19 
-8.6913835008e+10 
-8.7367679476e+13 
3.5031091309e+03 
1.6717775729e-25 
1.3419202970e+11 
9.5815936859e-17 
2.4141623488e-13 
9.6883034713e+31 
-3.7068123571e-10 
-3.3905409262e+13 
1.1883361837e+28 
-6.1719361870e+15 
-5.7651165771e+02 
1.4057837500e+06 
3.0414209261e-25 
-4.1899256000e+07 
3.4675013714e+13 
6.9919823003e+26 
5.7783556616e+22 
-9.3659915616e+14 
1.6096521882e-27 
7.9356250353e-06 
-3.5764581326e+36 
-2.9950984754e-05 
-1.1066624572e-28 
-6.1322265625e+02 
-2.3086622626e+21 
1.6964130671e+30 
1.3305446400e+10 
9.4299362427e+12 
-8.0142593384e-01 
3.2230815320e-36 
-2.3455167906e+26 
1.1131967000e+07 
1.4805084502e-28 
-6.6590044440e+29 
1.1396658116e-38 
-2.3489113897e-02 
1.5367170036e-10 
-7.1259296777e+23 
8.8733176000e+07 
9.2387579727e-38 
9.6196915180e-14 
1.4117964506e+00 
4.2432551384e+00 
-1.3669420262e-08 
2.0335873047e+04 
-1.9097023624e-31 
-2.7024314866e-36 
2.1148152127e-35 
-5.6234883232e-05 
7.1083492188e+04 
-8.7218669786e-11 
8.9956873892e-19 
4.6317390895e-11 
3.5193928934e-12 
7.0130688768e+28 
3.4824797500e+06 
8.8420476605e+31 
-2.6166945658e+17 
1.5506469035e+38 
-1.1800897770e+26 
-1.0847437049e+16 
-2.2164305862e+18 
2.6096776355e-36 
-3.1888008415e+26 
-3.4467784417e-29 
-9.4976088626e-13 
6.7880969220e-34 
-6.0321537668e+23 
1.4707456589e+01 
6.9889146880e+10 
-7.8987190000e+06 
-4.6341003674e+12 
-4.2364632674e+21 
2.4517495312e+05 
-4.6156532000e+07 
5.4936003835e-07 
5.7574076884e-21 
1.6336369757e-11 
2.0499733466e-07 
-9.3081610695e-19 
5.3064381250e+05 
3.1658737352e-28 
2.8781687732e+18 
-1.1315418458e-23 
-1.2511861165e+36 
-9.5490811910e+17 
-1.9380872250e+00 
-1.9512203979e+02 
1.7633379200e+08 
-1.8782265261e+27 
-6.8147359242e+35 
1.6164101595e-33 
1.0078192769e+14 
-3.7557508865e-20 
-5.0047849708e-14 
-1.4299560547e+04 
-1.4199483189e-07 
-2.4706974105e+25 
            nan 
-1.0786644895e-25 
-8.4024649318e+12 
-3.6005840635e-16 
-5.1271818041e-38 
-8.8545095629e-30 
4.7862402087e-27 
4.8215875584e+10 
3.0704929237e+14 
3.5345256968e-19 
-2.2216553280e+18 
-2.6706661536e-32 
2.7249184072e-20 
-1.0556003360e-07 
-6.9244539359e+36 
4.0758975178e-35 
-4.8070593750e+05 
5.8682853699e+01 
1.2857752902e-27 
-7.1823149663e-36 
1.8167953253e-10 
1.7133997673e+25 
-2.8118080298e-27 
7.0976894067e-13 
-8.4278877210e-09 
-3.2887694442e-22 
3.7212154880e+09 
1.3270182363e+23 
2.7313352419e-15 
1.2191117500e+06 
2.4727657318e+01 
3.4276849782e+25 
            nan 
-2.5962621094e+04 
-1.8729610443e+01 
-1.7017507030e+37 
-3.8022698047e+37 
2.2301168065e-04 
1.2747788606e-30 
-8.2478909868e+35 
2.1386096875e+05 
-7.6853028336e-25 
3.8641435000e+06 
-6.5589039485e-31 
3.1327363050e-29 
1.5783659819e-06 
7.1750811601e-31 
1.4074362132e+26 
8.8330713484e+14 
-6.5652764800e-14 
6.7143384800e+15 
1.7026325684e+03 
4.8798330554e+26 
-8.4910629272e+01 
1.4613584518e+01 
-4.5746045801e+28 
-1.2039614376e-03 
-6.1573107200e+08 
1.3492181594e-08 
1.0340616917e-30 
-1.5165579971e-03 
2.2851780938e-17 
-1.6300488786e+12 
3.8055874959e-27 
1.6854442220e+34 
5.2986006733e+11 
1.7573460574e+13 
1.2987441600e+08 
-7.0019735589e+37 
3.6823450136e+20 
1.1527529483e+14 
2.3197000611e-35 
3.7661624563e+19 
-2.4868603323e+24 
            nan 
-2.3384177488e-14 
2.0326778412e+01 
-3.4284677319e-09 
-1.0978392064e+10 
-1.1851370018e+14 
6.6207992000e+07 
1.1157085937e+16 
1.2098076873e-18 
1.0204129393e+36 
4.7374481462e-36 
-3.6006423136e+23 
2.9828644078e+17 
2.8583654217e+26 
-6.2142098614e-19 
-4.2924216613e-19 
-6.1822542508e-35 
1.4412453305e+22 
-2.2804011678e-05 
-9.1644669264e-24 
-1.0621459200e+09 
4.6597071021e+29 
-1.9385021205e+21 
1.3125402587e+26 
-6.8421544784e+24 
2.3479346245e-10 
1.9013170806e+23 
4.5695500324e+35 
-1.3093386061e-31 
-1.6013454879e-03 
-6.4020213904e-04 
1.7808916510e-28 
-2.9931037648e-09 
-1.3592536947e+37 
1.9115415326e-20 
-1.5068059570e+04 
-2.3891637929e-29 
-2.2520586208e-04 
2.5745283435e-23 
4.9827700899e-31 
3.0487556915e+15 
6.3461538086e+03 
-2.0387013795e-35 
-4.9310260736e-12 
3.0347155591e-24 
-4.5315179520e+09 
-7.5716629147e-12 
-1.6208021199e-19 
-8.7333214636e+19 
1.4133469542e-18 
5.8934280082e-21 
-1.8888155758e+30 
-2.2649369526e+13 
-6.1043498300e+16 
-1.4194429016e+02 
4.4587168755e+17 
1.4178317107e+11 
2.2372650630e-18 
9.3868825006e+26 
3.3803620634e+15 
3.0901365760e+09 
8.8888530731e+00 
1.1771050394e+11 
5.3026823293e-26 
2.7199720653e+12 
6.8833571277e-05 
2.5557706348e-20 
-1.5959069133e-01 
6.2184633120e-25 
1.9424809804e+20 
6.1158888042e-02 
9.6400000908e-30 
-2.7814878086e-14 
-3.4366968756e+23 
-6.5339753549e+14 
-5.1791219256e-20 
-1.2545936804e-21 
4.6202993750e+05 
-1.6418274668e-15 
-4.0942186117e-01 
1.4631561871e+21 
3.4770503671e+15 
8.0716668644e+24 
1.8129773594e-07 
9.6358018026e+28 
-1.6302687582e-03 
-9.5284327097e-38 
1.2897852744e-16 
-6.0543033760e-04 
-2.7150894834e+18 
-4.3861934911e+28 
-9.6192289645e-32 
-1.9229677500e+06 
-9.0948081835e-20 
-7.9253133931e-32 
1.9387201848e+30 
-3.9017289877e-01 
-1.2087861360e+23 
-4.3903154135e-01 
-2.5310895600e-23 
3.0905315295e+36 
1.3046385437e+22 
2.8034051649e-21 
1.5092935547e+04 
-2.9461407194e+17 
-1.2774590152e-35 
7.9354666521e-34 
-7.8707307310e-16 
2.7635340691e+00 
-2.3067892704e-20 
-1.6003247374e+13 
-7.8917600824e-32 
-1.6987487722e+23 
-3.2044641048e-39 
-5.3978499182e-07 
8.4330000696e-23 
4.0334479056e+18 
1.2401333220e-24 
2.7744621786e-14 
-4.0549185379e+31 
5.8911114771e-24 
-1.0401494712e-15 
-1.1815006207e+16 
2.3474960683e-22 
-2.9397302116e+13 
-6.0616470805e-30 
-4.1836431577e-22 
-3.2749537897e-37 
2.4189663833e+16 
4.0588549688e+24 
2.4909128301e+36 
4.7432904356e+33 
-8.8000900464e+36 
-1.1890900848e-37 
2.5427632321e+17 
-9.9714793578e-07 
-1.8373494726e-08 
2.7679068889e-13 
5.5934771338e-29 
7.2513255744e-28 
5.7772060761e-25 
-5.5318521704e-33 
3.0660984832e+11 
-1.6155496875e+05 
-8.5331440000e+07 
-3.1696643736e-14 
3.5031884060e-09 
-2.1000864242e-11 
4.4002816798e-13 
-1.0516363264e+10 
-1.5644216186e-19 
-4.3698257457e-08 
4.6507742188e+04 
1.9556675674e+35 
1.5125830333e+32 
1.6889351880e+27 
-9.3323310790e-39 
-6.8854201217e+35 
1.7385286868e-14 
9.1142151604e-09 
5.6126420924e+24 
2.4895165188e-26 
-1.0281719948e-29 
2.4736411117e-22 
3.5830646552e-19 
-3.6522098804e+22 
4.8756742188e+04 
2.7815394668e+32 
-3.9058395000e+06 
-8.3298597019e-04 
3.9530207155e+36 
9.0899166140e+18 
-1.4341169434e+03 
-2.1795989304e+14 
1.7055856934e+03 
-5.5388355646e+19 
-4.3719547003e-24 
1.6729440692e-15 
3.5409998038e+27 
3.6377435000e+06 
3.4997791290e+01 
-7.4724225812e-36 
1.5190628564e+37 
-8.9872019089e-06 
1.7327313149e-18 
-2.7028575531e-34 
8.6887078478e-13 
-6.3404806963e+20 
-4.1039980827e+33 
1.3942160147e+28 
-4.6112962337e-08 
1.0685488174e+22 
3.4019219603e+13 
-3.5932401610e-26 
-1.9058424243e+33 
-3.4050523791e+12 
-3.2746471631e-34 
-5.0692278523e+30 
-1.5933599990e+31 
2.1974603996e+37 
-7.5234862925e+31 
4.0374467200e+08 
1.4333152720e-10 
-4.0356824549e-09 
4.8325267039e-33 
-8.7505295596e-06 
2.4720769876e-09 
6.0772162541e-34 
-6.1395848636e-26 
-4.1631258441e-09 
-3.8936407040e+09 
7.8045690918e+02 
1.1021803144e-16 
-4.4339874665e-33 
-7.2586308420e-16 
-3.4944650659e-34 
1.0907846017e+30 
-5.8069373962e-12 
7.3671263559e+26 
-3.5580776367e+03 
-1.8772225974e+22 
3.3522427783e+14 
1.3021994979e-35 
-5.1486855347e-15 
-1.5501212314e-26 
-3.5584117875e-09 
1.9102496875e+05 
1.1667587785e-07 
-4.3297985604e-21 
-4.1067612787e-23 
4.9727111378e+23 
-8.5847253418e+02 
2.8745223278e-37 
-8.2518843484e+29 
-1.0883272581e+18 
-1.1072951779e-30 
3.7215346897e-19 
-4.1142698462e-22 
-1.5890258307e+32 
1.5685140287e-24 
2.2305021170e-17 
-2.9704900226e-04 
1.7846049815e-16 
3.1687804000e+07 
1.1929714539e-32 
2.0510898913e+12 
1.0523855426e-20 
3.6203548712e+32 
1.1049922518e+26 
1.9915410432e-32 
2.5193121094e+04 
-9.9816556809e-37 
-7.6857962901e+34 
-1.8753071715e+23 
-2.8248315225e-25 
-3.2510678255e-35 
1.6706582159e-02 
1.1055358400e+08 
3.2111121094e+04 
1.6424171406e+17 
-4.6795849242e-16 
1.5676905166e+38 
-6.4609488928e-38 
-1.9766104100e-16 
-3.1729621094e+04 
3.6080162295e-12 
1.5813154331e-15 
7.5158190918e+02 
-1.0770616995e+15 
3.9910316491e-30 
1.0887402704e+29 
1.3572347816e-03 
1.5566036317e+36 
-3.0747269786e-24 
2.8335959040e+09 
3.2483753236e-34 
-1.9726683381e-19 
1.7381365236e-09 
1.4420867072e+10 
6.0023429120e+09 
-1.9732877500e+06 
-2.4853493087e-03 
-2.0590001062e+17 
7.2811904829e-04 
3.0966204976e+21 
5.7994500479e+14 
-4.7748935542e+29 
-8.0036974303e+37 
9.8866408609e+24 
9.5810143673e-13 
-1.8786638184e+03 
-5.0811128000e+07 
-5.4171350249e-17 
-3.5178669670e+11 
-9.1648496000e+07 
8.6398910522e+01 
-4.3371877670e+00 
-2.1978219604e+02 
3.2463136346e-11 
-1.8151390525e-26 
-4.3482252465e-08 
8.8741764426e-02 
2.8260194870e-32 
-3.0136735948e+38 
-7.3589786887e-02 
3.0376103621e+31 
-2.5461055756e+01 
-4.6314281620e+17 
1.0170535815e+17 
-2.2441442585e-31 
2.7483278905e-24 
2.9623061360e+36 
1.9965026160e-11 
-1.1402932418e-11 
-1.1348332670e+17 
-6.3516861417e-25 
3.5349497600e+08 
-1.0410133429e+28 
1.5680689388e+25 
1.3966431221e-35 
-3.3914008068e-16 
8.1235426502e+18 
-1.5098496875e+05 
5.7676330413e+22 
-3.6998648738e+18 
-6.2071134543e+19 
-5.6172920771e+22 
-3.1600189171e+24 
3.8069900965e+31 
1.9650102315e+36 
6.9711677999e+22 
9.2177914607e-12 
-3.1091630778e+37 
1.1810534869e-20 
2.2981444942e-29 
1.2279165500e-32 
1.5226234346e-33 
-1.3493802701e-13 
-1.2333272695e-13 
-2.5727023926e+03 
-4.7940312457e+34 
3.1824432230e+18 
-3.4780109765e+30 
6.5689055992e-37 
-1.7420301868e-09 
-1.2137053553e+12 
-1.9918643557e-12 
2.3027224412e+12 
-4.1315240651e-07 
1.7958945830e-38 
-1.0102790620e-26 
-7.9960009378e-34 
-3.8445816218e+12 
-6.6555380821e-01 
-1.7924992000e+09 
6.3472078731e-29 
1.0830977645e-25 
7.5476409704e-28 
9.9465207193e-22 
3.8409717492e-16 
2.2078953043e-04 
1.4209409019e+29 
2.4233402980e-15 
2.1767423396e+18 
-2.6797047546e+14 
1.8046345154e-28 
-2.4868328266e+21 
1.8456921751e+38 
1.6896014210e+24 
2.9999019139e-16 
-1.0628106902e-11 
2.3626060960e-13 
-6.5458493472e-35 
8.9047159690e-07 
-3.9140692491e-19 
-1.4548171993e-30 
-5.3968602399e+12 
1.2223675513e+23 
2.2001905304e+13 
-3.3367705580e-37 
-2.3867260000e+07 
-5.4208695778e+20 
1.5386505970e+27 
1.5579556312e+27 
-2.7096366292e+27 
9.0149484375e+04 
6.0528007445e+21 
2.1076512979e-08 
3.9289428274e-28 
-5.5612644514e+25 
1.7945168307e+29 
-2.8697688845e+38 
-2.2108755365e-04 
-3.3262467678e-16 
9.7862091064e+02 
1.5144803632e+26 
-2.5561721200e+19 
-1.4030089024e+26 
6.0974335368e+14 
-2.0052377616e+20 
1.4491109130e+26 
2.1606179612e-38 
1.6991524411e+28 
7.3393425402e+37 
-4.3896991476e-30 
-1.0260169912e-26 
-1.3716748288e+10 
-1.8931401600e+08 
2.3207809585e-25 
-3.2451529883e+27 
-5.2190611314e-05 
-1.7345656157e+00 
9.4044134521e+02 
-1.6114801852e+15 
1.2889360209e-31 
-1.4082543829e+19 
-6.5486851824e-28 
9.4478667734e-07 
8.8896163350e-34 
2.8298224864e+24 
1.3816924469e-35 
5.4258056641e+01 
-3.8192030814e+35 
-4.5711400000e+05 
-4.2924085334e+32 
3.0134773013e+29 
4.6351842268e+33 
3.5779300557e+11 
1.3486378362e-27 
-2.4309888982e-36 
-7.6351499348e+31 
2.6744006989e+35 
1.0415456991e-15 
-3.0901701120e+09 
6.4762833706e+25 
3.4704644000e+07 
-2.9273576249e+18 
-4.1026413568e+28 
2.9537252432e+33 
-1.6170021057e+02 
-1.4455936439e+20 
7.6312068131e-07 
-2.4195992467e+16 
1.4199697686e-35 
3.0079143031e+37 
8.3702392240e-11 
-1.0960180549e+24 
-5.1296480000e-02 
-8.9033712722e+18 
-1.3507970364e+32 
-2.2230765899e-04 
2.9668005000e+06 
-1.1858447623e-33 
7.1688227715e-37 
-2.5288510100e-16 
8.6800699164e+19 
1.1330714839e-10 
8.2378586217e+34 
-7.9290927015e-29 
-5.1070928736e-11 
1.7012284370e-03 
-6.0018103140e+23 
4.0612433734e-23 
-1.4397243334e+25 
9.1421870728e-18 
-9.0051198976e+10 
4.4938858696e-22 
3.6084627632e-33 
7.9557263555e-11 
-1.1795793774e-33 
-9.7705614690e-15 
1.9905932672e-24 
-5.5664280876e+36 
-2.2874947034e-29 
-1.5746344607e-15 
1.9155725022e-04 
1.6066598619e-05 
-1.3205627994e+28 
1.4858473430e+38 
-1.5471486816e+03 
-3.3797205026e+16 
1.2559547791e+26 
-6.4252482443e-18 
4.0641214428e-30 
-1.1259221414e-20 
2.6375017492e+29 
-3.1828988905e+36 
-1.7987899800e-29 
6.5183409298e-31 
4.2124586856e-26 
-8.7878410963e-17 
7.1694100480e+09 
9.7409188244e+31 
1.0991698527e+36 
2.1164903125e+05 
3.2234659468e+19 
1.1443069920e-26 
1.8062600708e+02 
1.4981286400e+09 
-2.6274311615e-09 
9.0570644531e+03 
-1.1048385155e+31 
-3.3022939995e-16 
-1.5072871019e-35 
1.0517966842e+25 
3.7424944609e+24 
2.1751146232e+34 
3.3346671505e+22 
3.7287351289e+33 
-2.0881203135e+32 
-2.5216451064e-37 
-4.6472934061e-30 
-2.3971592600e-04 
-1.7249250086e+17 
-9.3000046988e+18 
1.8427008818e-29 
-4.1966587241e+35 
2.8899560613e+27 
2.1466845013e+25 
1.8506607829e+33 
-5.0014587158e+36 
-7.2764042186e+22 
-1.0547224205e-09 
-1.4527170151e-36 
9.0880653691e-22 
8.4001948156e-24 
2.2529066762e+35 
3.1649468594e+19 
-5.5747601103e-24 
-8.9217024000e+08 
3.2895285488e+32 
4.8409862110e-38 
8.3649608797e-22 
1.5192599782e-14 
-3.2842213605e-19 
1.6084278857e-19 
-1.1903888341e-22 
1.2620300293e+01 
2.2160570958e+15 
-5.9467051402e+37 
-3.1123042107e-02 
1.4280498028e-02 
-5.3994007689e-20 
1.6939583610e-19 
1.1269511001e+14 
-2.2582858801e-03 
7.3712649802e-27 
3.1555162194e-30 
-4.1602137685e-01 
-3.7377753906e+04 
-9.0229343935e-30 
-9.1221583041e-36 
-2.8481096191e+03 
-8.5124384766e+03 
            nan 
1.6550685159e+34 
2.9278556902e+23 
5.3022429347e-04 
-3.4894479360e+09 
5.8180943661e-37 
-1.6304164507e-15 
-4.6005239710e-05 
4.6372461426e-11 
-9.4580899840e+09 
-4.4037780762e+00 
8.0816313252e+27 
3.3988096723e-34 
3.2106895946e+34 
1.3495280010e-29 
-7.2025200000e+05 
1.8778324298e+24 
7.4893910518e-13 
3.3070035635e-34 
5.4782023653e-05 
-1.0450393064e-19 
3.8576343348e-21 
2.2235063393e-33 
-3.8082600876e+34 
1.7411081959e+33 
5.9049343690e-05 
1.4542072069e+16 
-4.2392492294e-02 
-1.2293891075e-22 
4.2469580858e+37 
-5.6099085155e+23 
-1.3593875586e-30 
6.5138437500e+03 
-1.8533005069e-26 
-1.4549001742e+18 
7.5047574176e+13 
1.3399915123e+29 
-6.3054346352e-23 
1.5679978265e-37 
4.6452330626e-22 
-7.8500731970e-26 
-1.8170729112e-37 
-2.2221395087e+32 
3.6404836553e+28 
-2.3945919070e+13 
-2.8730601233e+20 
-1.2766540051e-02 
1.2447553421e+13 
-4.9910836626e+22 
1.1408064000e+07 
1.3044416000e+07 
-1.9630251424e-25 
4.8669659067e+33 
1.6103647649e-01 
1.7268629851e+26 
6.0674723709e-13 
-1.1246929539e+15 
-3.6167720795e+01 
8.6205109160e+30 
-2.7569700241e+01 
-3.3543654306e+36 
-6.8330438016e-39 
3.2223207951e-37 
9.5803600902e-26 
-4.4406428337e+00 
1.9376187246e-20 
-8.5155528799e-38 
1.0890961979e+15 
-1.2482351052e+36 
5.1442505162e-37 
2.2780265549e-16 
-1.5450723675e-26 
-5.8433780000e+07 
1.3216318002e+20 
-3.8173936871e-15 
-7.6909800634e+31 
-1.8344599329e-30 
-8.5927127696e-25 
-9.2394770786e-17 
-5.0320859998e-02 
-8.1878330839e-27 
-6.7850050209e+28 
8.6213316963e+18 
-1.1079059186e-04 
5.0573078528e+10 
1.4832445575e-33 
-6.0911648978e+14 
5.9092442928e+25 
7.2916473131e+36 
3.4503284101e-22 
2.6514623632e+37 
1.6854898438e+05 
4.2916842092e-29 
-6.0591255981e-31 
7.3938235000e+06 
-2.1446298151e+23 
5.5980387383e+22 
-3.7421384020e-37 
5.6970971940e-08 
5.8299193512e+15 
1.6496526811e-08 
3.3757723240e+24 
1.4675926171e+33 
1.3330056099e-03 
2.6508519053e-01 
-1.1955330310e-37 
-4.9644500574e-29 
-1.1185149473e-09 
2.4289797246e-01 
-6.3491009521e+02 
-2.9361173299e+11 
2.9385024239e-31 
-3.9882165453e+11 
-4.5255863828e+12 
-4.2702003671e+16 
5.2691465916e+36 
1.0185621513e+20 
1.5864282481e+12 
-7.5852280000e+07 
-5.7160979004e+22 
-5.0148130412e-27 
-2.7303837500e+06 
-5.4110761732e-02 
-2.5441176000e+08 
-4.6650553040e+36 
4.1866904212e-05 
5.3392792828e-30 
-1.8300832793e+34 
-1.7056135905e+12 
9.4320056320e+09 
-2.2702099139e-21 
-5.7434453482e-19 
1.3609519514e+11 
1.2891006484e-08 
1.6316047769e+19 
2.1963639938e-06 
1.0208263536e+21 
-3.6583097246e+21 
-1.1113758881e+23 
-1.9448520556e-29 
-1.5214023106e+22 
-1.0838822037e+27 
1.5623178939e-21 
1.7908520803e-12 
-2.0369976816e-09 
4.5218009949e+01 
5.4193371568e-08 
1.2729231593e+23 
1.3743805292e+33 
4.1113065882e+12 
-3.9453055282e-28 
-2.5254286286e+34 
1.1511840014e+18 
1.4263668263e+15 
-2.9912650921e-34 
1.3367568771e-12 
1.6120607340e+25 
3.8138072558e-31 
-1.8176881373e-36 
-2.8568751986e-06 
1.7023681444e-22 
-1.9665206783e-03 
-1.6315995253e+25 
5.1982325281e+25 
8.9714253550e-14 
7.4782589218e-04 
-3.8289844014e-33 
8.6161893466e-35 
2.8172942166e-06 
-4.7474384981e-27 
5.3706475590e+18 
1.9047299840e+09 
1.7270125151e+00 
-5.0016779900e+00 
1.0980197957e-32 
-2.2692434513e-36 
4.8400924989e+36 
-7.8000315000e+06 
3.0278084800e-02 
-6.2635220090e-14 
5.2454110225e+35 
-2.8808216608e-19 
3.2481190871e+12 
1.0947220864e+18 
-3.8404274381e-38 
-3.3770032669e-13 
7.2544440826e+30 
-3.4672565248e-14 
-3.3673634819e-37 
            nan 
-6.6460290691e-04 
-2.8878229663e+17 
-1.2639970720e+20 
1.2170179488e+28 
-2.5188552362e-21 
3.3301887983e+36 
-2.5684211712e+10 
-1.2339184468e-04 
5.0885695426e+14 
1.1027436520e-26 
7.0504130441e-28 
-5.6070316933e-30 
7.5143733025e+00 
-1.7273532757e+16 
-4.6023091084e+18 
3.2371822357e+01 
7.0564294281e-24 
-6.9883492188e+04 
-5.1542007365e+15 
2.6165030913e-39 
1.2402992087e+13 
4.4140745600e+08 
-1.0359621134e-31 
-4.9171635872e-30 
2.6632966309e+03 
3.1731541793e-23 
-1.0414511989e+23 
-5.4985106572e+26 
4.8169189336e-30 
1.2568436523e+04 
5.6471046589e-11 
-2.0250583475e-04 
1.6259169058e-15 
6.6490093013e-04 
6.4492761132e-10 
1.4720529731e+32 
1.1522446738e-26 
3.7930043813e+29 
2.2456458700e+22 
1.8138663334e-19 
-3.3224214859e-37 
-1.5446406799e-16 
1.6885859214e-28 
-5.4330988402e+16 
1.0830386267e+28 
3.4248959139e+30 
5.9306183492e+14 
-1.5963908285e-02 
2.4088253021e+01 
2.4886238519e+22 
4.3104424660e-29 
1.2551888418e+30 
2.2566769760e+27 
-1.0109324646e+02 
-5.2937997680e-05 
2.4210432382e-26 
2.6907384888e+38 
-1.6170180784e+17 
3.7745079000e+34 
-6.8141336627e-34 
7.9051103967e-05 
-1.7780557500e+06 
-2.8236312033e-36 
2.5360233652e+35 
-7.7975698195e+16 
-7.8781963592e-12 
-5.3631421772e-23 
-1.0709169567e-28 
-1.1939699777e+24 
8.3520706560e+09 
1.4079560547e+04 
1.5624402754e+16 
5.7997381203e-11 
-6.2516163865e+33 
-1.3928862843e+12 
1.0526886507e+35 
-5.0778207854e-38 
4.0509613455e+15 
8.0556620515e-33 
5.6166298243e+35 
2.9139099819e+29 
-7.0160308496e-06 
2.2260491695e+14 
4.2926155963e-09 
-6.6989953630e-03 
-1.8218346943e-25 
-8.1485262522e-32 
-3.2293512817e+15 
-1.3016068366e+27 
3.0032262063e-34 
-4.0761638204e-19 
-2.3091115520e+09 
2.8324263074e+33 
9.5074882126e+24 
-2.0287432354e-32 
-1.2640992000e+09 
1.5647607025e-25 
-3.5687832587e-22 
-2.6087771050e+29 
3.0862523214e+37 
-2.2106109440e+09 
2.2337854152e+26 
-3.6554120375e+15 
-4.3178380533e-23 
5.0611890321e+16 
-7.5941493378e-06 
1.2209190907e-12 
3.6237703513e+24 
4.9019116011e-18 
-1.0869779686e+25 
2.7098725084e+38 
-2.8633277308e-33 
-2.5048779200e+08 
-1.0591398350e+30 
-1.0970444912e+16 
3.7234892147e-07 
-2.5861943707e+29 
-3.3291949718e-16 
1.5866500827e+17 
-8.3530664745e+14 
1.6634945334e-25 
-5.4306249390e+16 
3.4211776523e-08 
-1.8883653766e+24 
1.7350393516e-28 
-2.0800523377e-29 
2.2323888893e+38 
1.6599910528e-37 
-1.7447667911e+16 
2.4394627380e+02 
1.6627217088e+34 
9.3245265920e+09 
1.6075965233e-32 
-3.0795431293e+21 
-2.0725973006e+28 
2.5975623047e+04 
2.9741331100e+01 
-1.6344635556e+38 
-7.2719675000e+06 
-5.5014057617e+03 
2.2314498438e+05 
-4.8723396875e+05 
2.1639185434e-04 
8.0847385838e-20 
-4.3522074842e-16 
6.7060115200e+08 
2.9181207716e+15 
5.1649014511e-16 
9.5066391306e-23 
-6.3049162571e-29 
-3.3221225753e+15 
-3.5803002230e-10 
3.6565782394e-23 
-1.2433986804e+21 
5.9447581880e-03 
-3.1378241536e+10 
-5.4266264184e+14 
4.1939139670e-16 
-4.0006820927e-04 
-1.0636830809e-21 
4.3565826485e-26 
-1.7956260394e-12 
-1.0835951567e+00 
-2.8389082729e+36 
-4.4396302168e+21 
5.2385661308e-24 
-1.0702430824e+25 
2.5413814733e-24 
3.0521540867e-21 
-3.4916322271e-15 
8.2260201456e-25 
1.3958888732e-11 
8.5371774435e-01 
4.2267171096e-08 
9.2059552229e+18 
-4.7455150809e-30 
-1.1697649219e+05 
-8.7098600781e+23 
1.1574998098e-32 
-3.8054686751e-30 
6.4448308754e-35 
2.1135549105e-05 
-6.2818050978e-29 
2.2302372806e+37 
-1.7049295868e+31 
4.9613472805e+25 
1.4354048936e-24 
2.7768871291e-07 
1.3232690086e+16 
1.9499905188e+12 
2.6464089504e-20 
3.0387056148e+12 
-2.7754510149e+38 
2.8341997842e+17 
3.7525366001e-27 
9.3789535522e+01 
-8.2239077661e-32 
-1.4320294298e+11 
-2.5665059048e-30 
4.1384193750e+05 
8.1054812132e-25 
1.1575632278e+14 
3.3575438429e-03 
-1.8267063487e-31 
2.2000450551e+15 
-3.1361036082e+35 
4.6152384924e+26 
1.3380159041e+25 
3.7883995000e+06 
7.3381874245e-04 
-3.0163049688e+26 
8.5536146049e-21 
-1.6313622449e-38 
-3.9980415421e+19 
5.1654742188e+04 
-1.5114726616e+22 
5.9120455446e+37 
4.7492667906e+14 
5.5365932617e+03 
-5.9677343067e-09 
-2.0597171823e+24 
1.1096435415e+17 
-6.2528048089e+33 
7.6061036225e-07 
2.0336754704e+15 
-6.4720774447e-37 
1.2621517799e-18 
-2.4262894714e-26 
6.1125682790e+11 
-2.4229183037e+21 
-2.2554616423e-26 
-2.1456875755e+22 
1.8628452601e+14 
-2.3180219626e-31 
-8.9546262924e+27 
1.2070135488e-19 
-1.9634389307e+16 
-1.2351710205e-29 
2.9048172939e+38 
-3.0892943885e+24 
1.7804295654e+03 
-2.3015441007e-13 
7.2331063329e+26 
-9.4490032012e+34 
-9.3522609062e-38 
1.0232564628e+27 
3.5878976818e-36 
-4.6225163815e-36 
-3.4609410139e-31 
2.5992872785e-11 
-1.2373357622e+20 
1.1211376504e-27 
5.6993295500e-11 
1.4178457731e+37 
-4.9715711082e-30 
-3.3228591309e+03 
-5.2061451245e-21 
8.3435233403e+35 
4.4329174797e-35 
-9.6572738392e-31 
-1.6209389814e+12 
3.0307364126e-31 
3.2389012597e-16 
3.0342770386e+02 
2.6884167719e+23 
-5.3547091891e-13 
4.6882739303e-27 
-5.6125824483e+19 
4.4369168438e-36 
-1.4946887677e-04 
6.9862414288e-37 
1.8841260149e-11 
8.7129822590e-20 
2.4616917052e-14 
2.0941757002e+24 
-5.0130378022e+32 
1.4668835765e-38 
-2.0929563505e-07 
3.6066766828e-02 
-2.1840696335e+01 
6.2382521018e+37 
-2.3294334000e+07 
-2.8234210646e-38 
2.1438405218e-10 
-5.5908432617e+03 
-6.4235048391e-09 
-4.1003899208e+34 
7.9573387879e-09 
5.2618020773e-01 
-5.6351863976e-36 
1.5250624301e-06 
-6.2971185620e-20 
-6.9346689179e+37 
-1.4674565226e-36 
2.1713962667e+19 
-3.0160239211e+24 
1.2997358750e+06 
-3.6951552000e+10 
-7.5818678848e-25 
-1.7857249590e+27 
-1.0493915271e+37 
5.1612405314e-37 
1.7835676799e-22 
-4.9137069780e-23 
-1.4937190826e-05 
-2.8987298597e-36 
1.3596660686e-08 
8.1432415771e+02 
-3.6542597155e-14 
-5.1015945421e+11 
-2.3990477259e+13 
2.1414364164e-04 
8.6586294174e+00 
2.4427378012e+22 
1.5428451970e-22 
1.9081245716e-29 
-2.0568177139e-31 
4.5228427975e-35 
-3.6327870956e+12 
2.7906379612e+12 
3.6027964610e+25 
1.4636693586e+12 
2.1734648215e-07 
-3.1167265176e+30 
4.5123796875e+05 
-6.2580973011e-23 
-2.4991017153e+14 
-4.7257340000e+07 
-1.8602540691e-36 
-4.9046312279e-22 
-5.2678635636e+28 
1.0759530319e+33 
1.4440967197e+15 
2.1899869442e+00 
-4.7955210321e-03 
3.2179841309e+03 
2.7650183077e-39 
2.3168120320e+09 
2.4812341309e+03 
1.3876490046e+22 
-4.0639837500e+06 
1.6275433629e+15 
6.3485412142e-36 
4.3585559300e-17 
-1.7575722465e+29 
-9.9588555290e+26 
-9.3915942400e+08 
-1.4148613811e-01 
-8.3560467285e-16 
5.8493735130e+16 
-3.6768423161e-04 
-4.0957581459e-21 
-2.0208877500e+06 
9.8212463510e+13 
-9.0140741257e+24 
5.1212148508e+15 
-1.3247791750e-18 
1.1103580892e-01 
6.6481485213e-17 
3.4708494511e+29 
-1.2775105835e+25 
-3.9712289587e+11 
-1.3767870227e+34 
-2.3776596153e-38 
-1.7416364528e-07 
1.0740616396e-08 
1.5995738795e-04 
-1.3338340476e-14 
-2.3189284995e-35 
7.7644104523e-27 
6.2344898379e-27 
-9.2597791312e-38 
7.5618726452e+24 
6.0160354918e+24 
3.8687361036e+30 
-9.6106418290e+24 
-1.3268174766e+12 
2.3660156000e+07 
1.4978334159e-32 
8.7128192460e-27 
1.0279978303e+30 
-4.1873419832e-05 
-2.9186113069e-25 
1.3996096875e+05 
-2.8661594143e+30 
            nan 
1.5546499747e+27 
2.0127766373e+17 
-2.2784436330e+31 
1.4744298529e-21 
5.0765814209e+02 
-1.2563952356e-16 
-3.9117817208e+31 
-3.2338315087e-31 
-5.5057346712e-17 
-4.5822746769e-37 
-6.5889820457e-02 
-2.0966867422e-35 
-2.6260254990e-23 
-8.7908003840e+09 
6.0351351947e-21 
1.3886167435e-03 
1.8066223158e-28 
9.8626409307e-32 
1.2667666467e-23 
1.1656594090e+14 
1.8614512017e+38 
3.9800381740e-11 
-2.0224125965e-36 
-5.0195551254e+37 
-7.8014384701e+12 
-1.7140358535e+36 
1.1173399810e-20 
-2.3610294220e+18 
-3.0368669611e-16 
-3.5921837025e-06 
1.4405042170e-37 
-1.1088740169e-11 
2.7750963230e-36 
5.2742311958e-33 
-5.1315449677e+21 
3.8234761201e-30 
2.3816653311e+21 
-2.4456102074e-11 
-5.5364141008e-04 
3.9760996875e+05 
-3.7865020906e-13 
-9.8773390351e+20 
7.8029810467e+20 
-6.8528253387e+37 
-9.9987652924e-31 
-9.3735861810e-06 
-9.5591620384e+34 
1.6110747509e-24 
-1.4908330922e-04 
-5.9505501130e+29 
-4.3822797902e-14 
-2.4631802593e+12 
-1.3336713043e+34 
5.0057456605e+27 
-1.5563933712e-36 
-1.1228320729e+29 
5.6119737786e-17 
3.1731065170e-27 
-3.8473093291e+29 
6.5763277840e-30 
2.9403709314e-28 
-8.0696245370e+15 
-2.8102283250e-04 
-3.6769081000e+25 
-1.8718311500e-27 
-3.9644768549e-05 
7.4654793750e+05 
-1.3023607193e-17 
-3.2351695743e+22 
-4.9127497673e+00 
-5.0013428830e-15 
2.0313117491e+11 
-1.0508357547e-02 
3.8322905928e+32 
3.3274630881e-12 
1.0470221417e-36 
-4.6216867151e-17 
4.4657609978e-26 
8.7618492188e+04 
-4.5897873946e-08 
-1.7890336131e+32 
2.1426541805e+00 
2.8309185719e-38 
-8.7138437274e+14 
-7.6718258962e-28 
-1.5233864170e+18 
-2.5891233444e+01 
-3.8956631162e-25 
3.3303427072e+10 
3.2498120704e+10 
2.2023384370e-17 
1.3836026252e-35 
2.1620158714e+23 
6.0238230617e-06 
-7.2314828634e-01 
-2.3539747851e+28 
-4.5981522330e+11 
-3.5158268000e+07 
3.7137266248e-02 
-2.3008082106e-09 
-2.7688423046e-26 
1.8887889404e+03 
7.5312607419e-23 
8.1159106339e+34 
5.0801147976e+25 
-2.5644419715e-02 
-2.1613685419e-07 
-1.4530694433e+20 
4.6664088049e-38 
-1.3966856998e+14 
-2.6689653486e+17 
-1.2443667013e+17 
1.4221790724e-34 
-1.4831273028e+24 
-2.8374719477e-05 
6.5736699854e-19 
1.2904951672e-32 
-8.0814654001e+30 
-3.5433738240e+10 
2.7699386778e+11 
-2.5984012609e-05 
-4.0540049029e-17 
-6.3735588074e+01 
1.0691633600e+08 
9.5169323691e+24 
-3.6487929845e+33 
6.1679293125e-37 
9.0173901679e-10 
-3.1260854320e-33 
-6.9773236078e-08 
9.2696296509e+34 
1.0608756096e-09 
-1.8357462463e+22 
-1.4673398972e+01 
3.9331218065e-26 
-5.5478331600e-19 
-1.4877375767e+32 
-2.5935826911e+13 
-1.8850413138e-31 
9.0559618351e-30 
-3.8798338855e-16 
3.0962681600e+08 
-3.1843866472e+21 
-1.2372978848e+23 
5.1593126216e-08 
-7.4332049116e-03 
-7.9593182524e-22 
1.6512914076e-21 
-1.6291805239e+16 
3.9291650844e-16 
            nan 
-4.5998384720e-23 
3.2324068248e-02 
-1.4331960756e-06 
4.4925211283e-14 
-1.5570982310e+38 
1.0212162195e+24 
-1.2396826958e+17 
2.4171876625e-15 
-1.2594460160e+09 
5.9400511176e-09 
1.8948336841e+29 
-1.4872763909e+37 
2.5264853612e-02 
-1.3492933400e+35 
-3.8570221390e+19 
-3.0784257551e+16 
-5.5769484266e+26 
-1.5637023166e+36 
-3.4250687841e-24 
-1.7261568530e-07 
-1.3534137365e+14 
7.0268887906e+17 
-1.0991851930e+11 
-3.3498337391e-25 
2.2111720000e+17 
-4.0453838348e+01 
-3.5084944932e-13 
-7.5101286400e+09 
5.0195731496e-14 
1.1178184704e+11 
2.5130879536e-20 
-1.3857389741e-18 
-8.0822325209e+16 
-1.5270890817e+26 
-3.2327184809e+26 
-2.7499361019e-34 
4.3552964257e-07 
1.1172223835e-24 
1.6449808592e+22 
6.9377598777e-08 
1.0699839339e-29 
-2.1977408440e-24 
7.2329386275e+22 
-1.7930371094e+04 
-1.0017570773e-08 
2.5092786088e+19 
1.1335052493e+11 
9.4503027295e+24 
2.2116075289e+24 
-6.9887759280e-24 
-4.3965887992e+16 
-6.4487897986e-14 
-2.1574431894e-33 
6.4665824526e+13 
-7.2249246879e-18 
-5.1802956185e-14 
-4.2374194515e+24 
-6.4799675205e-28 
-1.4938413548e-30 
4.6194786391e-18 
2.2549932130e-24 
2.1865199569e+24 
-7.7670332198e-30 
-8.6975720790e+30 
9.9215434833e+33 
4.0471246466e-03 
-2.0565741579e-04 
4.8883396367e+18 
-2.2185033548e-26 
-3.3217174671e-12 
6.1346449590e+29 
-1.9559871094e+04 
-1.5397987200e+08 
1.1284552837e-38 
-5.7606436867e+27 
-3.2444118736e+35 
-3.7597437152e+28 
-6.9354980713e+17 
4.5467796875e+05 
-3.6320262158e+19 
-5.1754352345e+29 
9.3377298117e-01 
6.9194636184e+18 
-3.3443620670e-31 
1.2522140196e-06 
-4.1097431528e-20 
-6.1285750501e+33 
-6.5656287396e+12 
-3.9987696916e-36 
4.8696596643e+33 
-1.7218150172e-21 
-2.2655209653e-10 
-3.2772344045e-22 
2.8211064274e-17 
-1.5610057068e+02 
-6.8008035421e-01 
-5.2956284680e+31 
7.7085620796e-33 
2.9078426012e-17 
-3.7153159274e+28 
-4.2208596875e+05 
-1.3816579012e-03 
4.4890339486e-03 
-3.4985440160e-15 
-2.3288523200e+08 
3.9864892634e+27 
-1.5508890730e-19 
-1.1409599000e+07 
-2.3151611739e-09 
9.8810415268e+00 
-2.4427997500e+06 
4.6371778180e-34 
9.1611733660e-03 
-4.9785920239e+31 
3.8109537214e-02 
-2.1208996781e-24 
1.3094064275e-25 
8.6903938656e-24 
-2.4005273644e-06 
2.9200739101e+18 
2.2750345524e-03 
-8.6118569598e-03 
-1.5972333190e+35 
-1.5827114493e-15 
-2.4715873047e+04 
1.3597326080e+09 
7.6075460584e-28 
1.0521789504e-17 
-2.4091570179e-35 
3.9339796875e+05 
2.9927817485e+32 
1.0772670258e+16 
-1.6333203361e+21 
5.5548686893e+13 
-8.5187330942e+36 
2.4577358071e-36 
-5.5319726577e-09 
1.1756331074e+13 
1.0911333120e+09 
1.9842833269e-38 
-3.6017732782e-05 
4.1227499171e-32 
3.9697110653e+00 
6.0632587071e-38 
-4.4633181958e-30 
-1.9332001795e-29 
1.8283395941e+27 
-3.6872596875e+05 
-2.3616024969e+31 
-2.0268751023e-22 
9.8760328735e-24 
2.5395634225e-35 
-8.5690309959e-08 
-1.0204111480e+15 
-9.7809200033e-35 
-6.6788117757e-17 
-9.1209619707e-30 
1.9862437888e+11 
6.9011351168e-30 
5.6598805686e-24 
-1.0820925522e+12 
-2.7730029599e+18 
-2.1403546901e-31 
-5.1988678400e+08 
-7.5321187500e+05 
-1.8864406223e-31 
4.6745382520e+15 
9.4657351988e+34 
5.1420642341e-20 
-2.7635970979e-21 
6.6828444431e+32 
-2.9332637656e+34 
9.7490935336e+35 
-2.2554441870e-08 
-1.1638091819e+22 
-1.1268768611e-38 
7.2248640109e-23 
8.8074389836e+27 
-5.6575939000e-36 
5.7930615096e+17 
5.4921063359e-36 
7.8800372141e+21 
-1.5708485517e-26 
-4.8820813676e-20 
6.1805854458e+14 
-1.8609800963e+33 
-2.4268307607e-04 
2.3487718109e+25 
7.4705259347e+28 
-1.0617216945e-29 
5.4820741107e+14 
9.3014441984e+10 
1.4480058819e-10 
-9.7074119305e-37 
-9.3139114760e+30 
2.6100795132e+35 
3.4723630051e-06 
5.8175190490e-37 
-6.7260837581e-16 
-2.8335630268e+20 
4.4269243517e-05 
-3.5742354534e-32 
1.4714889080e-35 
8.6882051686e+11 
5.2723220901e-31 
-5.5313749932e-34 
7.4409795976e+20 
-1.4975464957e+23 
-3.0440845280e+17 
4.1693503894e+24 
-2.1430345599e+32 
-2.1659773745e+15 
-3.0896366950e+38 
-3.8265621514e-21 
-7.4664434814e+02 
-4.4927019909e+12 
-4.7980877276e+34 
7.8211581250e+05 
-1.0552024216e-29 
-2.3646905460e+14 
6.2278556824e+01 
-4.9995808004e-14 
3.0012511354e+35 
3.4330635777e-32 
-4.2587650167e+16 
-1.6051156480e+09 
-4.9454634256e-32 
-4.2496716990e-22 
9.3762454291e+28 
-5.8534780692e-05 
6.5293426622e+13 
-2.1514964810e-10 
-2.1779403294e+22 
-1.3277265631e-33 
4.5265537181e+24 
-2.1366896875e+05 
-3.5681337118e-01 
-1.3864112552e-03 
2.5214599771e+37 
6.3233969172e-08 
-9.4445965121e-26 
-6.4172980041e+23 
1.4908810547e+04 
1.6149830697e+12 
9.9144393750e+05 
1.2044775186e-34 
-3.2567986475e-35 
-3.5886009318e-37 
-1.5077752161e+35 
1.2761450496e-17 
-6.9386051365e+16 
3.5062906456e-31 
3.1412670864e-07 
-2.1962629506e-29 
8.3119038464e+10 
8.5154819021e+33 
-5.5547058582e-03 
-4.1803185127e+13 
-8.1762721593e-13 
6.9705724145e-31 
-1.1622275181e+26 
-2.6598560000e+06 
-1.4916528016e-04 
2.1334353119e+26 
1.3959741579e-36 
-3.1446406250e+03 
5.8400702464e+10 
-8.9761046546e-29 
2.3162449390e+16 
-2.4802684515e+14 
2.1668383512e+18 
-1.0714828968e-02 
1.9067083624e-24 
-3.5913515327e-32 
-8.7405280196e-20 
1.1125147343e-02 
1.1451216415e-04 
1.9925120000e+07 
3.1995054140e-37 
5.7883222883e+26 
