2.3509887016e-38 
0.0000000000e+00 
0.0000000000e+00 
0.0000000000e+00 
0.0000000000e+00 
0.0000000000e+00 
0.0000000000e+00 
3.5873240687e-43 
0.0000000000e+00 
0.0000000000e+00 
0.0000000000e+00 
0.0000000000e+00 
0.0000000000e+00 
0.0000000000e+00 
0.0000000000e+00 
0.0000000000e+00 
0.0000000000e+00 
0.0000000000e+00 
0.0000000000e+00 
0.0000000000e+00 
0.0000000000e+00 
0.0000000000e+00 
0.0000000000e+00 
0.0000000000e+00 
0.0000000000e+00 
0.0000000000e+00 
0.0000000000e+00 
0.0000000000e+00 
-4.4236203410e-34 
7.1746481373e-42 
0.0000000000e+00 
0.0000000000e+00 
0.0000000000e+00 
0.0000000000e+00 
0.0000000000e+00 
0.0000000000e+00 
0.0000000000e+00 
0.0000000000e+00 
0.0000000000e+00 
0.0000000000e+00 
0.0000000000e+00 
0.0000000000e+00 
0.0000000000e+00 
0.0000000000e+00 
0.0000000000e+00 
0.0000000000e+00 
0.0000000000e+00 
0.0000000000e+00 
0.0000000000e+00 
0.0000000000e+00 
0.0000000000e+00 
0.0000000000e+00 
0.0000000000e+00 
0.0000000000e+00 
0.0000000000e+00 
0.0000000000e+00 
0.0000000000e+00 
0.0000000000e+00 
0.0000000000e+00 
0.0000000000e+00 
6.7709228085e+23 
-9.4004970970e+24 
-3.9576768875e-02 
-3.4153667107e-20 
1.2163629403e-38 
-4.0582501735e+14 
1.4698731121e-10 
6.4481216430e+12 
3.0860189595e-18 
6.3982189546e+20 
2.4871552000e+07 
-5.7097356652e+21 
-1.2146140025e+17 
3.1528090956e-16 
8.2500675842e-28 
3.2259714109e+14 
1.0199809037e-20 
1.9011092480e+09 
5.0192380518e+26 
-1.0525053257e+30 
1.1833468246e-27 
8.1244153540e-25 
1.6136035156e+02 
1.3262777543e-09 
-7.8321870086e-28 
-8.7364837743e+28 
1.4754500000e+05 
-2.7303624511e-23 
-1.1325930701e+11 
-4.7461158550e-17 
5.3320265849e-20 
2.5223967587e+33 
-1.5888117058e+33 
1.6856898438e+05 
1.3732561523e+04 
5.9541324175e-30 
-7.1666491392e+10 
4.9997165082e+25 
-4.6678407535e-32 
1.1243386731e+28 
-2.0900717276e+36 
-6.7597054745e-28 
1.4234438919e+27 
5.6388889870e+13 
1.3070194005e-17 
-9.1929951685e-20 
-1.4844601104e-08 
-5.3259195575e-38 
-1.0003623444e+12 
-1.1301269091e-26 
-9.9009997211e-04 
2.3901003233e-26 
1.7802639242e-34 
-5.5185639777e+35 
-5.3100816905e-02 
-9.3307450001e+25 
3.7618161878e-04 
-4.7518867207e+14 
7.2561794935e-37 
4.8004467407e+22 
5.8606097111e+14 
-2.2225941955e+12 
-5.9097909145e-24 
-3.6286384054e-12 
4.8226687401e-12 
4.3524039363e+21 
5.5626687693e+15 
-3.3939353550e-09 
-4.2112756593e+23 
-1.7078356934e+03 
-6.3336031010e-16 
-4.3699941443e-07 
-1.2676404367e-05 
-2.4591571274e+25 
-1.5744272455e+27 
4.9596666576e-35 
-1.5559501414e+11 
3.2565562618e-24 
-1.8534318258e-07 
2.6373080203e-15 
-2.4915171332e+21 
2.5244858368e+10 
3.1803997500e+06 
3.8040446566e+11 
3.9903934637e+37 
1.4418641513e-04 
-6.7510514012e-33 
1.5736746160e-18 
-9.5875102315e+37 
-7.2993885364e+20 
-6.6652467200e+10 
-8.6936626758e-05 
-4.8300716780e-27 
6.0291371143e+15 
1.1651765082e-23 
-1.6121662431e+35 
-2.7560380954e+32 
8.3982016512e+10 
4.3283342421e-24 
-5.6414319007e-32 
-2.0706814400e+08 
4.4541396875e+05 
2.9756178939e-32 
1.0330515615e+17 
9.7681233471e-21 
-7.4837265020e-14 
-2.3190524090e-38 
2.2631823085e-36 
-3.6885466309e+03 
8.7963688652e-16 
-1.4350631794e-08 
-4.1236936957e+21 
6.5822520992e-04 
1.1627489471e+02 
-1.2747408280e-35 
2.0012537946e+38 
-1.1455281920e+09 
-2.3786966790e+33 
-3.4004509563e-32 
1.2798734749e-14 
1.1509467130e+18 
-2.9326360576e+11 
1.8549226240e-34 
-7.6965628315e-10 
2.8251370134e+24 
-1.0970795187e+14 
-6.5403800950e-37 
1.2087653600e+08 
-6.8033568346e-25 
9.9388695735e+16 
-1.6119938909e+38 
1.2963234825e+28 
6.8759922886e-13 
3.9585192503e-32 
-4.3322453264e-11 
-1.2280439099e+25 
4.8644596875e+05 
-8.3261005580e-02 
-3.5478943826e+12 
5.8440421918e+32 
1.3358827822e-08 
1.7403375548e-29 
-6.7435238992e+22 
-1.0094453855e+28 
3.6842671689e-03 
-2.6402686000e+07 
-1.7296094027e-12 
-1.6490856091e+26 
-1.6289435158e-18 
-6.9092961723e+15 
-1.9092878143e-25 
3.8304293977e-37 
1.1378549482e-32 
-1.3046618399e+38 
-7.2504331001e-06 
-1.8904765632e-24 
4.2167025634e+28 
-4.2494997863e-13 
4.1190741916e-36 
-2.9101072554e+35 
2.1271678342e+18 
1.9534960977e+37 
2.4062512442e-02 
-4.3416425287e+22 
3.1142237500e+06 
-8.8821478271e+02 
1.0848329290e-29 
-1.6024262583e-31 
3.4826166448e+15 
-1.1979896914e+14 
9.3168843094e-18 
7.1865895069e-34 
-2.5637155635e+11 
2.7289685428e-33 
-1.8057664505e-39 
-1.6861765567e-38 
1.0552397005e+13 
-3.1300898081e-21 
-6.2721709881e+32 
-8.8012640254e+18 
-1.7919411765e+31 
6.2465390981e-35 
-3.8677236082e-30 
4.6956398931e-35 
-1.4649191270e+26 
7.1362583223e+37 
7.5393199901e-28 
1.9409082349e-36 
3.5566201690e+30 
-1.8516495312e+05 
1.5414120082e+16 
-2.3164967722e-09 
-8.8614963091e+37 
-1.9849483927e-13 
-1.5824655484e+21 
-2.4684845812e-06 
-7.0981267739e-12 
-1.9578638941e-30 
            nan 
-5.9369634881e-37 
1.7826098438e+05 
-1.2254399615e+16 
-7.2591335424e+10 
2.4593904262e-24 
1.6375093765e-05 
1.1362071103e-29 
1.7559234544e+13 
3.2023213720e-26 
3.7377722375e-30 
1.0283837128e+02 
-4.3028967038e-33 
3.9526848266e+13 
1.4285658598e+00 
1.0848317829e-20 
3.7696588606e-06 
-1.1309948102e-26 
1.3307859384e+35 
-1.7206347656e+02 
-5.7625041065e-19 
1.3880432129e+01 
2.8607174347e+29 
3.8205029418e-13 
-1.6325411639e+31 
-5.5794836953e-05 
-1.2075880737e-30 
2.0921362250e-38 
2.5723501152e+33 
-5.0558847189e-01 
6.2851377473e+26 
2.5168334327e+36 
9.3071509203e+36 
1.2586212329e+25 
-4.0820565774e+23 
1.2224830236e+23 
-2.9010790430e+38 
-2.4824635130e-30 
-1.1283736172e-18 
-1.8767693901e+35 
1.1861194340e+29 
1.3290062101e-22 
-1.2866148609e-06 
1.5388807970e-33 
-3.6503244871e-10 
-4.1772629800e-10 
-2.8406176328e-18 
3.4518942625e-35 
4.1746536858e+11 
7.1601074219e+01 
-3.6556549584e-34 
-1.9844149435e-08 
1.8570721759e+31 
-8.9880492188e+04 
1.3542764821e+28 
-2.1540563466e-07 
1.3556138923e-37 
-8.7128030544e+24 
-7.2265544243e-14 
5.7757578061e+32 
-2.3716632979e+23 
-2.6438829082e-07 
3.9964455814e-21 
7.1086234485e-26 
-6.9122507812e+04 
-7.3348254281e+28 
8.4015609851e-18 
-3.3661330521e+30 
3.1555019066e+29 
1.0419244063e-06 
-1.2094792241e-36 
4.3896678397e-36 
1.2599402881e-27 
-1.3401806355e-02 
-9.2962279551e-20 
2.7244415283e+00 
-2.1633744240e-02 
-1.6764336194e-32 
-6.7668198664e+26 
1.6007769680e-15 
-8.3692492188e+04 
-3.3363977005e-37 
3.2891383030e-20 
-3.6663476522e-35 
-6.2262545873e+24 
-9.0848506142e+18 
-2.8224355412e-15 
2.1896632456e-13 
3.8772584183e-14 
-3.8434305122e+17 
2.0792965087e-33 
-4.4109337590e-28 
-3.1631115368e+26 
-1.6578310946e-09 
2.7466671840e+29 
1.0452915443e-11 
1.4157413467e+24 
3.4504194628e-04 
-1.3267620234e-03 
-1.2258087725e-18 
2.0193673563e-38 
-7.1082660826e-16 
-2.0084516616e-39 
-7.2743744359e-22 
1.8234174603e+14 
-4.5110876672e-03 
-1.6254828453e-32 
-2.7007177600e+08 
-4.5677304357e+22 
-1.4678104946e+33 
-3.0609558733e+13 
-3.3181313066e-20 
2.0622436800e+08 
2.9295534820e+29 
-1.4643579230e-23 
4.9010598811e-24 
3.0322141647e+01 
1.3947295103e+19 
-1.8250621500e-11 
-1.9682358024e-33 
2.3700611962e-07 
-1.1264222519e-25 
-6.1220746354e-12 
1.0318709595e+28 
1.2153434419e+27 
-4.4274872893e+33 
6.0954273042e-14 
-2.5816495419e+00 
-7.6614668097e-24 
8.1137097271e+37 
3.0288639886e+18 
8.6448121600e+08 
-2.9526749827e+22 
1.2935970654e-12 
2.2877113764e+21 
-5.6693435000e+06 
7.8530627868e+34 
1.9467545476e+34 
1.9639048297e+32 
6.9772192802e-29 
1.6270059018e-21 
1.2627378426e-34 
2.6737130349e-32 
1.1254148438e+05 
-3.1519088554e-12 
-2.1266001888e+36 
-1.5536194718e-21 
-1.6706943497e-15 
-1.6031918488e-26 
-5.3240819276e-31 
4.1750356119e-32 
-1.3170657679e-02 
2.9669871094e+04 
-2.2172867482e+23 
-2.9171605178e+33 
-3.8330497162e-27 
2.3404759797e+37 
-8.0308856222e-30 
-3.4204951760e-08 
-7.0767864585e-02 
2.3525143137e+14 
2.2038649185e-37 
1.2294457008e-07 
3.6415490261e-34 
2.4342752350e+33 
-7.5790453498e+29 
1.6019652962e-28 
-2.3229069046e-37 
-2.4349486744e+33 
1.1431843283e-23 
-8.9006327642e-08 
-2.7337518986e-03 
-3.7820302272e+32 
-9.7195004234e-35 
3.1472734463e-06 
3.0236255166e-10 
-2.0241184767e-35 
-4.5193268200e-16 
1.0989089385e+37 
-1.2712349219e+05 
-3.7660739136e+02 
5.7695146650e-02 
-2.3608876132e-23 
3.8328121407e-29 
3.1413536103e-15 
-3.2795666183e-09 
2.9090146169e-38 
-6.9398002983e+27 
-5.1760540771e+02 
-5.9811705588e-10 
-3.6088326778e+19 
-8.8742069010e+13 
4.1098433899e-22 
-1.1419384094e-37 
-4.4714470278e-04 
-2.8225775206e+11 
-3.7658025394e-04 
-4.5395868228e+14 
3.5310158711e-15 
1.5005851238e+29 
-3.2231351810e-08 
8.4644699457e-38 
2.6849118906e+23 
5.5804706161e+12 
2.0574322002e-28 
2.2537172917e-15 
2.9259669418e-24 
-8.3958360619e-07 
-9.0326931069e+15 
-1.1011840742e-29 
-1.5948582187e+19 
1.1810858782e+25 
1.2742215086e+33 
-1.0319883703e+38 
-7.5303539947e-19 
-2.9213873047e+04 
-1.6834707390e-36 
-4.6635401096e-10 
-1.5836690328e-23 
-2.4862502223e-29 
3.5612746094e+04 
2.2984192885e+30 
-7.5840445414e+28 
-1.2337554005e+20 
-1.5933137032e-09 
-8.6576150693e-08 
-3.9268609163e+13 
3.1295116779e+27 
1.4968557500e+06 
-2.8080181467e+24 
-9.5616801891e+21 
-4.7513374634e+26 
1.9737789917e+02 
-1.9532659802e+30 
-4.5190742239e-03 
-2.7005390625e+05 
-3.8406150753e+17 
6.2257517129e-02 
1.4167215619e+29 
9.9484663594e-29 
-1.7838264841e-14 
-1.4461149376e+23 
9.9821263329e-26 
            nan 
1.1753969739e-18 
-9.4325436100e+16 
1.6645641153e-05 
9.1069989786e-30 
8.4950896195e+18 
-3.2139975126e-09 
2.9800854663e+22 
1.2493049219e+05 
-6.9006430044e+13 
-1.3250853625e+29 
4.3022588000e+07 
-2.3009242136e-33 
2.4080407384e+26 
1.0896810043e+19 
4.9869366961e+26 
-1.4023788702e+16 
-4.9536521547e-03 
1.2094970299e+35 
1.2688089468e-09 
1.2958945263e-05 
8.6554752356e-29 
4.2163106732e-37 
2.4950115109e+18 
-6.7149890920e+22 
1.6612718870e-26 
-9.9072073728e+10 
2.2318479538e+01 
5.2869951121e+36 
-1.3429426844e+28 
-2.6381645625e+25 
2.9603777324e-26 
-3.8221131309e+27 
-6.4536529483e-37 
-1.4915498696e-31 
2.2019528809e+03 
-1.8815738301e-08 
2.5662877500e+06 
1.9243337869e-22 
-8.6838962169e+19 
-1.0035056914e-21 
5.2246671116e-23 
1.0708171430e-05 
-2.6451623047e+04 
3.7565480898e+30 
-1.1036469368e-03 
1.8989710568e-23 
-4.0612860800e+08 
6.0056367986e-35 
-3.3327521578e-06 
-4.6091710101e-04 
-5.4753614677e-05 
2.6251972927e+28 
1.2430507282e+26 
5.1944556052e-18 
8.2801485103e+19 
-1.5244141398e-13 
-9.7178015234e+22 
-1.8609451904e+03 
-2.8929191127e-20 
-3.9194551611e-25 
4.3586193879e+23 
-2.7184593932e-18 
-3.2254231295e-13 
1.5120755746e+32 
-1.0835321496e+34 
-2.4938770070e-20 
-2.3400062000e+07 
5.4631067648e+10 
-3.3313936368e+37 
-3.8852876936e-20 
-7.0862185662e-26 
3.6133734636e-22 
-3.3611054614e-34 
2.4706218180e-31 
-1.2500561523e+04 
-2.3403945787e+13 
7.5474667938e-06 
1.2218544350e+31 
2.7229528809e+03 
-9.1192950000e+06 
1.2954060310e+17 
-7.2515096690e-05 
-5.5261460955e+13 
-2.1803687812e+33 
-7.1112120320e+09 
-2.7575139698e+22 
-8.5249994299e-05 
7.4240981405e-34 
5.0219001423e-05 
1.0264764274e+31 
-2.2329128124e+13 
-3.0914180756e+01 
-1.6147083428e-23 
1.0744993039e-25 
-1.2138511963e+03 
-2.1747119240e+22 
-1.7730386309e+34 
-3.0456712593e-24 
-4.0152797737e-05 
-4.1416345641e-16 
3.8255607605e+01 
-2.2747989836e+26 
-4.8850992319e+29 
9.8091877359e+32 
-5.9651011526e-17 
7.2451359583e+31 
-1.1334129333e+02 
-6.9568050807e-39 
5.7399813603e+13 
1.2705249362e+13 
6.8441310387e-35 
-3.1641465922e+23 
3.1559241404e-27 
-6.1989511198e+19 
-4.0255985354e+34 
2.0952202014e+34 
-1.3369060034e+38 
-2.0167278750e+06 
1.4210993611e+32 
7.1129187197e+36 
-8.4868333794e-33 
2.7620805554e-07 
8.1635782578e-08 
2.3409562481e+16 
2.4834734453e+23 
2.9041752064e+10 
-4.1620855983e+19 
4.2315516000e+07 
3.4218117655e+25 
-2.1129748429e-19 
-1.6447290737e+12 
-8.2185783824e-35 
3.6856142475e+15 
8.2465113006e-24 
-3.0822073938e+31 
-1.0522638113e+33 
-4.5066387068e-27 
-9.8079768053e+27 
-1.2213328706e-31 
-6.0951416136e-10 
-1.4683525140e+14 
1.8423855265e+18 
-2.4862469325e+11 
-1.0460511987e-13 
3.7127943382e+24 
-3.9802102947e-06 
3.7688931302e-33 
7.4173782195e-05 
-5.5775441155e-08 
2.0009378795e+20 
-6.3094715000e+06 
-8.7414411370e+20 
6.6186604808e-11 
-4.1308395386e+02 
1.6952907345e-06 
-3.8376380190e-19 
-7.6733516304e-23 
1.2211425079e+27 
-1.9124821386e-27 
1.6564946575e+36 
-2.8535113590e-14 
-1.0230683557e-29 
            nan 
1.3414865574e+37 
1.1558606997e-19 
-6.0082068210e-09 
8.6580832000e+08 
2.1029145501e-05 
-1.4593533630e-12 
8.0259739131e-32 
-1.3574295088e-35 
-4.5001741499e-02 
-1.2018061852e-06 
3.4520127479e+16 
-6.7533083503e-33 
7.0232443664e+26 
-8.1243130208e+21 
9.4408474617e-31 
-5.0123877870e+31 
-4.8683432617e+03 
8.2312464904e+21 
9.3629923867e-06 
3.3735163676e-29 
1.4184238390e+31 
4.4066175205e-31 
4.1004747152e-01 
1.2224481460e+13 
-5.7189357459e+27 
1.1849717764e-15 
-1.5389544424e-03 
1.4740753821e+18 
5.8563001498e-23 
-1.5181912111e-22 
1.6823495230e-15 
-1.4101980774e+11 
1.5739499720e-34 
5.1152783671e+13 
-1.4145139634e+35 
7.8757994496e+10 
8.1340318720e+09 
-1.1491146088e+01 
-1.6659671912e+28 
1.2877005188e+26 
8.2144453017e-07 
5.7291883520e+09 
5.3038012826e+11 
2.5441916000e+07 
-7.0431682628e+16 
5.7456070825e+19 
4.5831686626e+21 
-2.2388904320e-23 
-4.6287143749e+19 
7.6645059122e-22 
1.3231260300e+01 
-2.1185492079e+20 
-1.0883903755e+20 
2.2953999597e-27 
1.0187403177e+33 
3.8338415846e+24 
2.5877700608e+11 
-2.6158908360e-37 
-3.2621777251e-16 
-6.0645435000e+06 
-6.7940642816e+10 
1.4130238649e-28 
4.8056443909e-15 
-2.1851886967e-09 
5.7608312547e+22 
-3.5392653809e+03 
-2.3378507298e-27 
1.7179361165e+38 
1.1244238750e+06 
-7.6682860963e-03 
1.2713048133e+22 
3.4069322138e+12 
-2.0292168533e+35 
-1.3842104363e-27 
-1.1294788565e-20 
5.4348779486e-06 
-3.2244618215e+28 
1.6358412504e+00 
7.9781821553e+19 
1.9796631730e-36 
7.4796066338e+22 
4.6250673939e+32 
5.3259057617e+03 
-3.2249663114e+35 
-9.7387491434e-35 
7.1463862521e+25 
-5.1596117742e-38 
8.2123693359e+19 
2.4339539645e-30 
6.4455032422e-09 
-1.0591856956e+01 
-1.9137554768e-13 
-2.2960038170e+29 
-4.7211685228e-07 
-1.1054797082e+18 
-8.2184125170e+30 
-8.5687701845e-32 
-5.6230542765e-18 
-1.6085823000e+07 
6.6030304395e-24 
2.1441464584e+17 
-1.0599698167e-35 
-6.0559584586e-25 
-1.6182439188e-24 
1.2534376225e+36 
-1.0077714175e-01 
1.3481736925e-36 
8.9680921842e-29 
2.2389221136e+19 
-5.9688821583e+31 
3.0865817261e+02 
            nan 
9.3824348891e-26 
6.2039535835e-12 
2.7200505137e-01 
-1.7025096130e+02 
5.4917115974e-29 
-1.0207849499e-07 
-2.3589429508e+30 
-2.5852804647e-20 
-1.0961591728e+20 
-1.5820860863e+01 
3.6905378369e+16 
-2.8047530630e+14 
2.3492260880e-05 
-9.2216716679e+15 
-1.1665264859e-22 
8.1601925941e-15 
8.5132967746e+36 
2.1819077101e-10 
-9.7775450587e+13 
3.0127163976e-02 
2.1132679362e+24 
-1.3744443963e-21 
-7.1998775081e-31 
1.0623427508e-37 
2.1377942971e-07 
-2.0465709056e+10 
-2.6415621094e+04 
8.2672113926e+20 
-1.0898681073e-28 
2.1517207605e-15 
-1.1377185247e-17 
-3.7111672199e-34 
-5.5930100000e+07 
-1.3627133133e+11 
3.2623487981e+22 
-2.7376169674e+32 
-8.5765655775e+33 
8.1810391350e-08 
3.1761096227e-32 
1.6958234310e+00 
7.8475842462e-22 
-8.0296213545e-31 
1.3140868338e+26 
3.6689904443e-16 
2.0082858936e-35 
9.9911029970e-13 
1.6060986941e+22 
4.9510540647e+20 
1.3316308056e-08 
1.3155284480e+09 
1.0226085256e-10 
-3.2601908554e+34 
-7.4711031855e-26 
-2.0664559759e+32 
-1.9067003505e-25 
-1.2230925450e-35 
1.5996740853e-20 
-2.8929901412e-36 
1.4786712333e+16 
-1.5534334264e-27 
2.2445327649e-34 
-1.0553789994e-19 
2.4697626007e+20 
5.3611041264e-17 
1.5062026761e-20 
4.6705887319e-26 
2.3403743696e+35 
-1.2847753429e+38 
3.2603338240e+09 
3.5059483644e-18 
9.0809492188e+04 
1.4958371094e+24 
-2.3974756186e-04 
-2.1596375799e-09 
-6.0512398209e+27 
-6.9822688103e+00 
1.2319944033e-19 
2.3284959746e+21 
-2.5447339794e-05 
-1.7909567443e-31 
5.2576663483e+17 
-1.3207344701e-25 
2.6269527960e-28 
1.1836470366e+00 
-8.4908002864e+37 
1.4934581111e-34 
1.4570567500e+14 
-1.1959563153e-06 
3.0622184960e+09 
7.4386003294e-17 
-1.2482539301e-25 
-2.2902964056e-01 
1.8175569545e+30 
-1.2376289280e+11 
1.9790164889e-21 
-5.9873975352e-13 
8.9586896860e-36 
-5.0339770368e+10 
1.4071421031e-37 
2.8595037500e+06 
2.0165721301e-33 
4.7821050997e-22 
4.2765808861e-28 
-1.1842107028e-01 
-8.0707251200e+09 
-5.0913183216e+14 
3.2181630000e+07 
1.1347649572e-13 
1.5872095525e-01 
1.0152511453e+36 
7.1643898493e+16 
-6.8580192548e+24 
2.6053025389e+30 
4.6457667935e-08 
1.8064280084e-05 
-1.0133504122e-01 
-1.0297638060e-28 
-1.4445915341e+11 
-1.4738603656e+32 
3.2380781812e-24 
-1.3680097636e-12 
-9.4040297722e-16 
3.4479931532e+37 
-4.0685095024e-38 
2.0932684129e-04 
-1.7681148961e-18 
1.3551278750e+06 
7.4618538941e-35 
-2.0611240359e-07 
1.1333999711e-10 
1.0730534863e-21 
1.2905349219e+05 
2.1865364909e-01 
-6.0543134073e+14 
2.1031485125e+14 
-8.7705064000e+07 
-1.7659125339e+38 
-8.1766194746e-17 
4.4201223270e-34 
1.3067338686e+29 
2.4161252975e+01 
-3.4756449789e-32 
1.2346298206e-07 
1.5275935855e-28 
1.1309560544e+29 
-4.3739328271e+34 
2.0104124069e+01 
3.5220628998e-32 
6.2834918366e+25 
1.9681387791e-26 
3.2798951342e+12 
-8.7558212657e-17 
4.0740108422e+33 
1.0293768453e+37 
1.0323254757e-19 
-2.1834592819e+01 
-2.6171492800e+08 
6.8536389897e-09 
-1.0698615573e-02 
1.5138225933e+31 
9.6187067662e+14 
1.4488411213e-16 
-7.8042791081e+18 
-3.6648711950e+32 
3.9448647077e-17 
2.8884218480e-18 
1.3881550226e+29 
-1.9688219602e-38 
2.9624855458e-08 
-1.7816050677e-03 
-2.7872457675e-09 
4.8852596875e+05 
2.1044305990e+20 
-1.1854578450e+13 
-2.3904298438e+05 
-1.1295260923e-13 
4.6837938963e-19 
4.5145786612e+34 
-4.1129378944e-37 
-8.3771709440e+09 
1.5620421120e+09 
-2.2500930828e-32 
-8.6909061323e-35 
-8.4470533327e+29 
-2.9620048648e+23 
3.6769664747e+27 
1.3402654437e-17 
-2.3567101916e-17 
1.1903649219e+05 
-4.8751147298e-14 
6.0300140573e-30 
-4.8580025419e-11 
4.4966138611e+33 
-5.3845686351e-31 
-1.4660811520e+09 
-1.8540093310e-18 
5.5769481931e+37 
3.7896609669e+33 
-9.1311907173e+35 
3.1184156160e+09 
-1.2367491722e+01 
9.6551228384e-13 
-1.4256923541e-33 
3.2789799571e-01 
-4.0822277943e+29 
-6.5916144871e+14 
9.5483212786e-23 
-2.3695730837e-33 
-7.6837375021e-30 
-2.2456215949e-37 
2.4798373466e-34 
3.2584745500e-15 
5.1960863914e-30 
1.5537079185e+20 
-3.6633623403e+28 
3.3515875111e-04 
-2.7114895638e-03 
1.1472492956e-09 
-2.0084536805e+24 
-1.5186395549e+23 
3.5328880640e+10 
-1.0629505035e-25 
2.1399597715e-35 
1.1289179804e+17 
1.4644480903e-29 
-9.3882160641e-17 
1.0396153712e+21 
-1.1745704393e+37 
1.0345249643e-21 
6.4764005074e+25 
-6.0019621480e+26 
-2.0320880948e+30 
2.5004579363e-16 
6.8547355652e+01 
1.4486779946e-05 
3.7386027194e+29 
1.9334456110e-16 
-1.9301361724e-12 
-4.1485426087e-21 
-3.7932649677e+11 
1.9222123241e-20 
-6.9660334621e+13 
-3.1976111140e+32 
2.1339880224e+19 
-7.0016743978e-16 
1.3305879268e-17 
-2.5258884120e-20 
4.3595113630e-11 
1.1398581347e+38 
1.1530842312e-04 
-2.0389803520e+09 
-1.9759230976e+10 
-1.6122372064e+32 
-5.8438129336e-11 
3.7484039838e-22 
1.4335808303e-23 
3.1163817820e-17 
2.8961533952e+10 
7.7606240485e-31 
-1.8604048778e-22 
-3.8617050450e-05 
8.4171705290e+19 
1.4298696070e+14 
-2.2441593464e-03 
-3.3674171090e-11 
-1.4306563139e+00 
-1.0016134961e-29 
2.4828870664e-04 
-8.7141492188e+04 
-4.5419880291e+21 
-1.2455068566e+13 
-7.6132316589e+01 
2.0072610560e+09 
3.4427833831e-37 
-4.7569980673e+14 
-3.9483962880e+09 
7.2526449912e-06 
-3.1234536236e-29 
3.7711325709e+30 
-1.5277937517e+23 
-3.0086258414e+34 
1.9777757180e-21 
-6.4302459354e+16 
7.3000669121e-19 
-6.0045967285e+31 
-3.9695895386e+02 
3.6955886481e-35 
-3.4561005887e-03 
-7.0458808964e+24 
-2.1402088393e+19 
4.3918486458e-35 
9.7248115425e+12 
-3.5969225600e+08 
5.7562641587e-07 
-2.6103707886e+02 
            nan 
9.4090787210e+30 
8.4273094134e+15 
-5.5370142522e-36 
-7.5815235112e+36 
-4.2365580800e+09 
-2.2737271786e+00 
1.2033777921e-06 
-2.9745363506e-08 
-3.8088969887e+15 
-8.1450874183e+31 
-2.5908070952e+31 
-4.2874752045e+01 
-4.1313524006e+28 
4.6740498052e-38 
-3.7469811949e+31 
-6.3244619622e+32 
-1.6837712723e-21 
1.0729036696e+38 
-2.1214305482e+17 
-2.7742765723e+17 
1.3631170654e+03 
-3.8509217557e-03 
-2.1620691763e+11 
-4.2867658076e-36 
8.6369294382e-18 
5.7023510154e-19 
5.6558444966e+34 
5.9469298077e-15 
-1.2197635769e+27 
1.9545780018e-29 
1.1927797768e-22 
-2.3911313863e+24 
-2.5819997798e-17 
-1.4324913670e-17 
-4.1707260000e+07 
-1.8698352146e+37 
-3.5870921600e+08 
1.0255989573e+35 
-2.9979995000e+06 
-2.1287375898e-28 
-2.9402609915e-02 
3.6361517334e+02 
4.0001677111e-24 
3.0605798539e+13 
6.2400812355e+28 
7.3939050171e-33 
1.0100078592e+10 
8.0438427734e+03 
-1.0940251872e-02 
4.6409757981e-11 
-1.9415027603e+36 
-1.5607085138e+12 
3.1115462458e-36 
4.0111837574e+28 
5.1875862906e-26 
7.4708662867e-11 
-8.5174764805e+14 
-5.0153870002e+21 
3.2057317867e-07 
5.8898203075e-02 
1.9387770097e-22 
-3.8128166199e+01 
1.3633568621e-32 
3.7857684480e+09 
2.3158665746e-02 
-3.5184508640e-09 
-8.6430192000e+07 
-1.2464304192e+22 
-2.0089973341e-30 
-3.2840425812e+21 
-1.1044764404e+03 
-7.6307165031e-09 
2.9914612367e+12 
7.4396452107e+25 
4.5492064535e+27 
6.1088796705e-02 
1.2180593312e+13 
2.4015906902e+24 
4.6089343806e-32 
-1.2356449219e+05 
3.2722302380e-14 
-6.4320073043e-22 
-3.1701082731e-11 
-6.9514460564e+00 
1.3966339220e+16 
-1.1327856747e-27 
2.1349413411e-29 
2.2819119750e-20 
4.0204134318e-24 
-1.3846495628e+01 
-1.2454813762e+14 
-2.7512325895e-33 
3.1770949136e-04 
-6.5943193128e-09 
-1.2715968963e+20 
1.7498192640e+09 
2.0250918295e+31 
-1.3781684004e-22 
-4.8860180178e+18 
2.9441150000e+07 
-1.6765898049e-15 
-1.2481298065e+02 
-7.5300420168e+33 
-2.9789018340e+29 
-1.5890135345e-12 
-2.5544071445e-24 
2.2230242193e-01 
-3.7939099129e-03 
1.1026606298e-14 
1.5463276452e+14 
-1.1356878750e+06 
4.1536295184e-28 
-1.3898187831e+28 
-1.8064361294e-25 
2.4235539428e-30 
1.7261464000e+08 
4.4770474848e+23 
-2.6071813229e+29 
9.5390986902e+22 
-1.9846675200e+09 
-2.1161903821e+15 
8.3348197212e+12 
4.2541140556e-30 
-4.2799195431e-35 
-1.2726835779e+26 
5.5495883485e+19 
6.3092260078e+13 
-2.1124918526e+28 
-2.4428149146e+11 
-7.2485713079e+19 
-3.0223463546e-04 
-1.2554366877e+35 
1.3920063000e+07 
-2.5302248909e-17 
1.0628866900e-13 
-1.4429363441e+20 
-8.0223047054e-25 
-9.6482360784e-35 
-1.9241942791e-03 
-5.0357260761e-07 
2.3401433253e-19 
2.7505404150e+12 
-9.3736615924e-21 
1.5119961555e+13 
-6.1559323335e+14 
1.6499838455e+36 
8.8882950473e+26 
-1.9867076852e+32 
-9.3208105469e+03 
-1.5069411328e+10 
2.1515473843e-37 
1.3791801178e+28 
7.1975596587e-36 
-4.7893385000e+14 
-4.8882423054e+36 
5.7283175172e+22 
-1.0210267913e+16 
1.0232456922e+15 
7.3732790000e+06 
6.1648860495e+28 
2.7805163885e-38 
-1.7510878858e-10 
-1.2136700916e+25 
6.2215964643e+34 
3.7750536667e+22 
-9.6908310741e+33 
-4.8710421542e-29 
1.1067336909e+28 
1.8549066978e-17 
-7.6416712560e+21 
-1.1723186523e+04 
4.9894479473e+28 
4.0846228515e-26 
1.7265832097e-09 
1.6267420654e+03 
-2.1194218110e-18 
1.7935391608e-17 
-4.4663859278e-09 
-6.4708559473e+19 
2.0252220995e+26 
-4.2321141802e+31 
-2.2202000318e-34 
-2.1579388299e-36 
1.3691369723e-26 
-3.9913612640e-19 
8.5426558730e+12 
-9.5402212143e+00 
8.7822014260e-29 
6.8713149196e-35 
-6.2416386079e-13 
4.4127641083e-36 
3.3752842934e-37 
4.8366592094e-34 
-7.1808865520e-09 
-2.0452375724e+21 
-1.7569385427e+31 
2.8462962291e-05 
-2.9340961914e-29 
1.7675458703e-16 
5.1969531778e-16 
-9.6852785906e-26 
-9.8540424233e+17 
2.0294449355e-35 
-3.3976339483e-34 
-1.1007488949e-16 
-1.9303909582e-08 
1.3722120784e-02 
2.4907381838e+25 
9.1089167247e+18 
-6.1013201971e-15 
4.1764645386e+02 
1.6383929794e-25 
5.1679273932e-36 
1.5497707922e-24 
2.0844343903e+38 
-1.8267284809e+18 
4.3598613608e-09 
-2.2496635147e-26 
-4.9697994232e+01 
8.7233710310e-27 
9.3345218736e+35 
1.8021984246e-29 
1.8505912644e+37 
8.3199572091e-25 
-6.2174494378e-03 
-1.4411205299e-26 
-1.2075560768e+24 
2.0779097133e+18 
1.8545117379e+19 
7.0833488464e+01 
6.6141047478e+00 
-1.0014317153e-09 
1.7987665559e+16 
-3.9308932963e-16 
-1.3499827589e+27 
-8.7722014278e+13 
2.4365607300e-35 
4.2263139200e+08 
6.5798195885e-12 
5.1392233098e-30 
6.2203975447e-17 
-1.2586463816e-10 
-1.7470997019e+34 
1.4044351000e+07 
3.0281091309e+03 
-2.3747210435e-05 
1.6036607065e-34 
-1.8012307713e+22 
-9.7208754176e+10 
-3.5508802565e-09 
-2.3108141854e+27 
-4.4393042079e-36 
5.2235320236e-11 
2.0289287094e+13 
-1.8849131145e-09 
-3.4557195175e+21 
-1.8473786768e-03 
8.1548909142e+20 
5.0196906661e+31 
-3.0460727296e+10 
-1.5028608704e+02 
2.1385338608e+21 
-3.2351097814e-15 
-3.2388629734e-06 
-1.6601013184e+03 
-7.4677794743e+31 
-1.5016457287e-26 
1.9658951885e+12 
-2.5848346900e-12 
3.2405897410e-10 
3.8059764110e+15 
3.5115778809e+03 
8.8509472107e-07 
3.9056470973e+34 
7.7504316830e-25 
2.0563981291e+14 
-4.4419206327e+24 
5.0472863736e-14 
1.7986046680e-13 
-2.9409720623e-26 
4.1350430025e-13 
-1.4493198308e-12 
2.8685126953e+04 
-1.7312807251e+38 
-1.4384430664e+16 
-7.9886838478e-08 
-2.0087634209e-25 
-1.8640110377e+33 
-1.5572531442e+36 
5.2741249114e-20 
-2.0496103125e+05 
-6.4037022573e-18 
-3.9050877663e+28 
5.0375696209e+20 
-1.6967748971e-34 
-1.4727238127e+38 
-1.0479986013e+30 
1.1584834843e-37 
9.9473873583e-10 
3.8499937830e-13 
-4.1741990172e+30 
6.8254941917e-16 
1.7665432317e+29 
3.5827971631e+33 
-5.2140481770e-02 
3.9391441715e+11 
-2.9274294560e+28 
4.5965319373e-07 
4.3516772279e-27 
-3.8245847532e+12 
1.1324384907e-32 
-4.2904139983e-29 
-5.0832389759e+36 
3.4653107763e+28 
-7.8877988891e+34 
-9.0050101785e-38 
1.3166271906e-37 
8.8846336664e-22 
-1.3696026535e-08 
1.8698082304e+10 
-1.3628426165e-09 
1.6043975256e-33 
-5.6381254392e+15 
2.3251664060e+24 
-5.4776661682e-38 
2.1544393591e+29 
2.9791181788e+33 
-1.1996223032e-01 
-4.9527825174e+36 
6.7187746049e-15 
-1.6289679024e-12 
1.4322571754e+01 
3.9174503222e+17 
8.2079537155e+24 
8.1269296115e-23 
-1.2704385970e-24 
-9.5315711792e-19 
7.5966509667e+31 
-3.4531726007e-22 
4.6323068440e-02 
3.8478960971e+15 
-9.7448189201e-17 
-1.2789595253e+21 
-1.7889734649e-33 
1.3455704557e-28 
5.1286369266e-17 
1.9833642568e-26 
1.0653734261e+34 
-1.8209170283e-10 
8.3215830443e+32 
3.9880252389e+37 
3.5158273246e+31 
6.7510764358e+22 
-1.3978334047e+36 
-4.6884868090e+28 
6.0210830100e-08 
7.3383051335e-31 
6.2634938022e+34 
9.5370895288e-29 
3.8873329915e-25 
-1.8294556980e-09 
5.2740098909e-05 
4.5745742264e-14 
-9.9499746410e+16 
-1.9045158227e-30 
5.4943647222e-19 
6.3412066424e-20 
-3.2979432942e-17 
-7.2945707486e-32 
-3.0069478348e+24 
-2.3995081600e+08 
3.0978068111e-08 
6.6332312523e-36 
-1.2940983471e-37 
-1.9563923498e+38 
-2.7861474082e-02 
-7.1979304461e-11 
-6.1074625453e+28 
1.3682870055e-25 
2.5695276082e+36 
3.1015877713e-22 
3.0214014000e+07 
-6.0922678813e-07 
2.6691842223e+32 
1.0972161626e+30 
-2.4205420238e-18 
1.6305030117e+32 
7.7570418262e+28 
2.4103082247e+21 
-8.4005869994e-21 
5.8437922816e+10 
-1.3208790344e-13 
-2.7947586126e-14 
-1.0191196698e+27 
1.4587805204e+35 
1.9718368935e+24 
1.0132809416e+31 
-2.1043585567e+31 
2.5861746524e-30 
3.4026326201e-09 
5.0009621246e+26 
-1.3067953606e-20 
-7.4527164688e-31 
-1.6949759692e-26 
2.9797597500e+06 
4.4031268974e-13 
1.5716248000e+08 
-4.2484383350e-35 
5.8527593750e+05 
-1.6979100792e-06 
-1.4704981766e-07 
-5.8648534917e-08 
4.0303039332e-23 
5.1044940145e+25 
-6.5769212000e+07 
-6.8069705428e-09 
2.6329982000e+07 
4.8900360799e+32 
-1.2384827507e+19 
1.1083461896e+32 
-1.6234266677e+27 
7.5953155497e+36 
-4.1599267039e-17 
1.2431682336e+17 
2.0301358750e+06 
-9.5932923827e-09 
2.0491498173e-32 
3.9647538203e-21 
-3.1671984393e+19 
2.1757810850e-33 
-5.9896478271e+02 
-9.3957096735e+12 
1.1551619840e+09 
7.0116729241e+17 
-7.9973164800e+08 
8.9003643344e-10 
-1.3100118966e+13 
1.1782199136e-34 
1.2591886500e+12 
-1.4836246555e-04 
-5.5785802711e+19 
-4.3211227136e+12 
2.5345877233e-37 
-3.5423985002e+35 
-9.7051134015e+16 
5.7726010605e+20 
-2.2409840265e+25 
-1.0505328516e+27 
-1.4039129859e-08 
-1.1691477113e+35 
1.0308491127e-29 
1.4689097588e-04 
-4.4940318720e+09 
2.6749229498e-09 
-4.5285105483e-30 
-1.8369635674e-11 
5.8002359411e+35 
2.8549345174e-33 
-8.2414702428e+12 
7.1535403008e+10 
-2.8705257421e-22 
-3.9448092344e+12 
2.8829769807e-24 
-3.4133671015e-37 
-6.3414070000e+06 
-2.3452121155e-28 
-5.6852868511e-06 
-4.5816951447e-36 
1.7726237403e+19 
2.0943603660e-38 
4.3858146822e-20 
5.5907129754e+11 
8.3056492188e+04 
-7.9002390895e+28 
-2.1653450426e+17 
1.3912574322e-37 
2.9931844815e-32 
7.1128079435e-04 
1.5771578252e-01 
-1.7739324988e-16 
-5.4076748369e-14 
-6.5773639625e-25 
3.1843689075e+24 
9.4528667629e-02 
-9.7565484800e+08 
2.2830700279e-20 
-6.2107284389e+16 
6.8819263872e-32 
-9.5859027383e-09 
7.2938874337e-31 
-1.3676237658e+35 
-2.0426019817e-12 
-8.7079018840e-07 
1.0969712916e-09 
-6.1897427288e-12 
3.3549703963e+19 
3.1666128052e-05 
1.0768369975e-04 
2.2869671739e-05 
-7.3156875108e-16 
1.3812768598e-27 
-1.5637362603e+17 
1.2929382811e-28 
-2.1487309995e-29 
2.2594349866e-04 
1.3676761294e-38 
8.6627459253e-34 
4.4082636130e+19 
-5.4330092508e-11 
5.1987545013e+01 
5.1189796875e+05 
2.0330655140e-36 
1.0251103900e-02 
1.2885792557e-06 
-4.4577012979e-13 
-7.0104635000e+06 
2.6003298438e+05 
-1.0241785027e+17 
-2.5625229312e+10 
3.6522397500e+06 
-1.9927291041e-35 
7.8990147584e+12 
-1.4289775658e-18 
1.2649223269e-14 
-8.6343241459e+33 
5.6866004937e+23 
5.8710581491e+26 
-2.9796073941e-10 
-3.2949275197e+12 
1.2349791273e+12 
8.0760014339e-29 
-1.7499635665e+21 
-2.5318172744e-25 
-1.9668612035e+17 
1.0518284895e-30 
7.1016442880e+09 
1.0078204243e-10 
9.2779195313e+37 
4.6068525301e-25 
-2.0167837191e-33 
-1.2435064889e-07 
5.2872791743e-30 
1.2205252813e-13 
1.1030561523e+04 
-3.7544934914e+26 
1.4591164997e+32 
1.2416535425e+36 
-3.5245336135e-19 
2.8960519558e-05 
-2.8986041717e+15 
-4.9211780379e-39 
1.2596398785e+13 
-5.6608522946e-18 
1.1000582904e-14 
-4.8678872678e+11 
-3.0844329834e+02 
2.3586370261e-17 
-2.2090696875e+05 
4.7001652441e-38 
-1.3746243109e+13 
1.6742015521e+27 
-5.4950493411e+15 
-2.1433817325e+22 
1.3713886881e+35 
6.1467735602e-30 
-8.9994424582e-01 
-6.7653432617e+03 
-8.0006695837e-23 
6.4262388022e-33 
-6.9993356010e-04 
2.8593800661e-09 
7.2265651765e+28 
9.4602728271e+02 
-7.9076739833e+28 
-1.0929773279e-15 
-9.5694365234e+03 
-3.4477379159e-28 
1.7853807068e+02 
1.2055333121e-10 
-1.4914448602e-17 
6.6736511768e-20 
1.8586662655e+31 
1.7689003898e-38 
-8.6238120811e-11 
3.7451592256e-14 
-5.6138009086e-07 
5.8986795656e-37 
1.2204307332e+23 
-6.9447907781e-34 
-3.5929372406e-14 
-2.1582178752e-11 
-2.3178912858e+17 
-2.3997732581e+34 
1.0349164172e-30 
1.0955954707e-20 
3.9020669141e-36 
3.7994233426e-03 
1.3227848839e-17 
1.3086728682e+20 
3.2266304290e-23 
4.9854165241e-10 
4.1790676035e+14 
2.0228259437e-33 
-1.0055952500e+21 
3.5318600468e+18 
-1.6876800602e-18 
-9.2824609375e+02 
-6.4241940265e+27 
-1.5605957041e-32 
-3.5771954572e-06 
-2.3524912942e+21 
-2.6924291189e+23 
4.4391784668e+00 
2.1768191025e+25 
-2.3305125888e+11 
-1.1281557286e-13 
1.0424873470e+15 
-3.5290978849e-04 
4.0057860315e-04 
8.3911979364e+36 
5.5853096862e-32 
-7.1407546511e-37 
-2.8099195637e-30 
-8.8646303839e-12 
3.7092684124e-06 
9.2176853627e+19 
-1.8049104906e+25 
-4.2386852331e-34 
2.3066887782e+11 
-4.5674688847e+24 
-4.2137947726e-14 
-1.9133323018e+12 
2.6297326539e-09 
-1.7538716821e+28 
3.8114483101e-35 
1.1299528613e+31 
-5.6634275112e-29 
1.0771374434e-13 
-1.8953726625e+32 
3.6010348213e-35 
-2.8337873047e+04 
-2.0831932068e+02 
-1.6731154374e+28 
-5.7227468510e-34 
2.8666304391e-37 
1.1958462972e+13 
1.5959489247e-05 
-4.1537466799e-09 
-4.9719041586e-01 
1.0204548438e+05 
1.2574623648e-16 
2.5182920000e+08 
4.6821975227e-24 
4.9192373657e+02 
6.7574427376e-18 
-6.5556348994e+26 
-8.4666188904e+30 
-1.7267500288e-28 
6.4328541088e+26 
-1.7143630466e+30 
6.7765187618e-34 
-2.0431651586e-35 
1.2777625583e-02 
-2.1233135432e-25 
-7.8399016972e+21 
-2.6325060420e+13 
2.9027266701e-10 
1.1363422616e-17 
-5.8428183975e+26 
4.6465292557e-23 
-3.5884281993e-01 
-1.4277976468e-21 
-5.8180002839e-21 
-9.8426504492e+25 
3.0080698252e-06 
-3.5614596875e+05 
8.1408751043e+12 
9.2877980303e+33 
-1.1232946919e-27 
-1.0027840000e+07 
-1.1728056190e+26 
1.8695835024e-04 
2.2958178304e+10 
5.4794439181e+23 
1.7301815063e-27 
-4.2874590946e-19 
-5.5877342848e-21 
-1.1807151988e-35 
-2.1319200000e+06 
1.8476319752e-19 
-1.4760422177e+36 
1.0384262894e-12 
5.4831916785e-11 
1.2695375206e-25 
9.1853751140e+16 
3.3695763268e+13 
-4.7071718485e-37 
1.9962434310e+38 
-5.3877636000e+23 
-8.7841043575e-16 
2.2495896632e+24 
1.9506103296e+20 
2.4428260892e+35 
5.3494874004e-16 
8.6476487234e+36 
1.1127078504e-20 
2.1140217781e-02 
-4.8924629372e+20 
5.9722463520e-15 
3.4236200000e+05 
9.5100279124e+17 
-9.3749452645e-11 
3.8006264802e-11 
4.8462652558e-08 
1.6255344665e+25 
5.1759920564e-37 
5.7222085820e+29 
-5.0845344688e-20 
-1.5723244928e-09 
5.8436328125e+02 
3.6880026282e-17 
-1.5316275200e+08 
-5.4539131278e-27 
-1.2019357912e+33 
8.1926230883e-38 
2.1414713442e-18 
-1.6038558720e+10 
-8.2226712674e+14 
-2.1023736571e-11 
1.0592849219e+05 
6.0383341730e+33 
7.7701557617e+03 
-1.5621965437e-33 
            nan 
4.6315822560e-19 
1.9767464892e-06 
-9.3305168152e+01 
2.0059774070e-21 
9.0379770289e+29 
1.0460704689e+25 
4.3376106607e-14 
1.2403049219e+05 
-2.2245476800e+08 
-2.3397960712e-36 
-7.1251654845e+29 
-4.2967616309e-07 
1.8352316200e+23 
6.8190199808e+10 
5.8143570636e+28 
-1.1587693438e+27 
1.4763001224e+26 
2.0751316419e+12 
1.7430182546e-02 
-1.4714802887e-07 
-1.4165833306e-07 
3.8002923136e-18 
-9.4008824000e+07 
1.0138001028e+14 
9.7310842478e-18 
1.4376872616e+23 
7.7937906762e-37 
-9.6579188879e+27 
-1.5609074611e-22 
1.2531587333e-14 
8.7155910400e+08 
2.9626759372e+24 
1.4838250240e+09 
8.7241738317e-18 
-1.6016421283e+25 
4.6140160000e+07 
2.4400256659e-25 
-2.3993387448e-23 
-4.4884098865e+22 
6.1788342997e-16 
2.9574629404e+15 
4.3203750844e+34 
4.9105488361e+35 
3.4088592529e+00 
-1.6186141968e+00 
-9.9660246633e-06 
1.0815233707e-26 
-2.7472596023e-33 
-1.6469884506e+37 
6.6690620632e-30 
-2.7049716633e-13 
1.0312968378e+28 
1.3602539384e+16 
-2.4593594615e+20 
2.6677611231e-09 
-4.7666992188e+02 
-3.8455468750e+03 
-3.6946403270e-07 
-8.6272839489e+24 
-7.6514398450e+18 
3.4359312432e-30 
-1.8742340889e+35 
1.3076642063e-05 
7.0153415820e+19 
1.2302247342e-05 
3.5365501236e+19 
-1.4169687500e+04 
2.2402627762e-31 
1.2504955574e+24 
-6.3991144551e-22 
-7.6828737613e+33 
8.8179343360e+09 
2.1662968750e+03 
-5.7296220228e-18 
6.1127853605e+13 
3.9004960247e+14 
-2.1578984259e-14 
9.6781160952e+28 
-1.9829756631e+14 
4.1727417962e-15 
-5.9744960000e+06 
4.1699061232e-24 
-7.9415512085e-01 
7.9942078662e-23 
6.8909450628e-15 
8.0402187500e+03 
-7.9922691617e-23 
-1.9392754069e-10 
-3.5677400000e+05 
-5.8326424050e-18 
-4.9098454296e-30 
1.3264088530e+27 
-5.9251171875e+02 
1.9339950377e+31 
7.6332595199e-05 
4.0196806093e-30 
-1.5618187500e+04 
5.0709428344e+31 
7.7401193750e+05 
-3.8332656156e+31 
7.4913334000e-13 
1.0980118252e+18 
5.4632785117e+13 
7.3955515000e+06 
-1.0325017751e-11 
-4.8312695939e-14 
-9.2131001519e+26 
-1.3928557466e+17 
-4.1928714810e+31 
3.2523577848e+28 
2.7861460968e-12 
1.8363970056e+32 
2.3506007045e+15 
-5.4213270094e-26 
-4.6094030814e-09 
-1.9825390583e-14 
-4.3501550435e-35 
-7.6670843896e-08 
1.8682225729e+36 
-5.0614524000e+07 
3.2840817261e+02 
7.7597736526e+21 
-3.7070306965e-25 
2.4267649272e+17 
2.1746505482e+38 
-8.5114634253e-14 
-1.0198709519e-14 
1.5666061523e+04 
3.1258036807e-33 
2.2931539413e+20 
2.1089049786e+33 
1.6250610352e+01 
1.5874062500e+04 
-6.2554564472e-22 
-7.9009018950e-38 
-2.6305763123e-12 
1.1224983635e-32 
-3.9873970381e+21 
-3.8807445438e+13 
-1.8461515880e+22 
-6.3142573348e+27 
5.2180352363e+36 
-7.5180417447e-12 
1.9491527957e+14 
-1.6571132650e-27 
1.1110855256e-35 
2.9829526981e+32 
-5.8106122270e+26 
1.9635086060e+00 
3.5992258063e-09 
-5.1009196866e-11 
-1.4788830384e+21 
-7.1819600000e+05 
-2.3797271875e-29 
-8.5299097838e+30 
-7.7605965887e+33 
1.4873282115e-26 
1.3999618277e-19 
-1.2121914583e-11 
-3.5154450173e+22 
5.7677027598e-09 
3.1025976562e+02 
-8.5982579971e+23 
-6.6464320456e+37 
7.3642622989e-27 
4.5817901613e+13 
7.9651923558e+11 
-2.7194090180e-15 
4.6483637252e-12 
-3.0705267288e+25 
3.4165902849e+23 
1.9347770816e+35 
6.0399874765e-27 
-3.0297711367e-23 
2.2980538400e-32 
-1.9623503457e-18 
-3.3521064324e-06 
2.9146802830e-18 
-9.1551339264e-14 
1.0412200556e-32 
1.4421021232e-35 
-2.9084636170e+18 
1.0148049935e-11 
-4.1673297987e-35 
1.8444723466e+36 
-1.1440809611e-36 
-4.8496153410e-28 
-1.0613455427e-11 
-1.3818184960e+09 
-1.3480005918e-30 
2.6253623197e+20 
-4.1734889150e-01 
3.8659876624e-13 
5.5958298947e+31 
-7.8428148600e+31 
-1.6767528384e+32 
-7.3357442684e-25 
-1.3638557694e-38 
6.6302651092e-35 
8.5880276837e+28 
4.2408778563e-21 
-4.0950752446e-13 
6.3821379209e+17 
-9.2092165723e-03 
-6.7235825796e-09 
4.1367444091e-28 
-1.9376924026e+24 
-2.2958946744e-08 
-3.1839539322e-27 
7.1070718755e-11 
1.3246093176e+17 
-6.2349709045e+25 
-5.8059399302e-12 
4.9448479372e+18 
-6.8788273807e+12 
1.5428019043e-21 
3.1096684371e-15 
-7.5608536163e-25 
-1.2586450781e+05 
-9.1066714775e+25 
-1.6340885799e-27 
-2.7066983672e+25 
-1.0831650000e+05 
-5.2571799699e+36 
1.8178068202e-17 
-3.4835109757e-31 
4.7132968120e-39 
-2.0334905344e+10 
-1.0982153565e-17 
-4.7524753906e+04 
4.3543283828e-03 
6.1285404456e-20 
1.8800959879e-05 
-3.4416615553e+36 
3.8718537534e-36 
-1.8513562158e-02 
-4.1882082500e+06 
5.7329565850e-21 
1.8185956493e-30 
7.5700230400e+08 
-9.2146695466e+31 
9.4562880499e-20 
-6.1997616858e-29 
-3.7134837077e+33 
-9.4444009243e+24 
-2.0782324219e+02 
-7.3231175019e-29 
-7.3833992298e+34 
8.0612405640e-11 
4.8759211799e-34 
-7.7520580111e+36 
8.7662956954e-23 
-8.3849089594e+15 
-5.1042897686e-10 
2.5445272000e+08 
-2.0367021821e+17 
-1.9443572421e-27 
-8.5561440745e-15 
2.8689941048e-14 
-6.4827600000e+05 
1.4233683676e-12 
-6.9800080382e-07 
-1.4374032617e-03 
2.1297336513e-19 
1.4634598400e+09 
-3.3427098523e+38 
-8.2703288662e-12 
-4.1822458566e-20 
3.6105879552e+10 
2.2817538048e+11 
-7.0596070145e-07 
7.9426619777e+30 
6.3258010652e+29 
3.2719528951e+31 
1.1178710380e+28 
1.1075700602e+14 
1.0843216698e-28 
-3.9946474135e-04 
3.8471601190e-17 
-2.6783906250e+03 
2.5477248000e+07 
7.6506403275e-06 
4.8605000000e+05 
2.4793855857e-10 
-1.3254561155e+26 
-5.0632725207e+14 
7.0997795534e+30 
-6.0330911066e-28 
5.0051481600e+09 
7.3993881068e+36 
-1.2808203125e+03 
-1.7857996514e-25 
-4.2994253990e-13 
3.3722668886e-03 
3.8901413358e+24 
9.6894176173e+31 
6.7623148764e+27 
1.7629623047e+04 
8.6543415202e+20 
-3.9032196875e+05 
3.4376450044e+36 
-3.1792297022e+25 
-6.1223989781e+37 
3.8574528809e+03 
3.9230433141e+36 
1.1743048148e+33 
1.2581991541e-05 
6.3580736871e-39 
-1.6412042896e-04 
1.9930396160e+09 
9.8626426470e-11 
-1.2650489577e+13 
3.4389341283e-38 
3.8799843855e+25 
-3.0839708058e+12 
4.2539536211e-14 
-2.9541603791e+33 
2.0431543610e-11 
-2.0859839463e-12 
2.4438451788e+38 
-1.1561043447e+31 
1.0230502741e-33 
-2.9328162782e-05 
1.7684484988e-09 
1.6281026560e+09 
-3.9705462702e+12 
7.0445937500e+03 
-1.1988191319e-37 
6.7875589593e-07 
3.8970750000e+04 
-4.7887044361e-30 
2.4521640012e-21 
-6.8765381346e+16 
1.8832521526e-34 
-2.7476770859e-12 
8.2187519633e-29 
-3.0505488997e-32 
1.4056112805e+31 
1.8980443883e-09 
7.8353920000e+07 
8.0383577120e+15 
-1.5432346221e+32 
-1.1185817376e+23 
5.0602914726e+28 
4.6399787122e+23 
4.9129638672e+01 
6.6390533783e-23 
8.0621999377e+21 
1.1200563677e-07 
1.0148956328e-13 
7.1122363251e+30 
-5.1054938055e-11 
1.0371347878e-13 
-2.4982428790e-33 
1.6943772607e-08 
-2.6053576046e+22 
4.3556708363e-27 
-1.3168642291e-29 
-2.1003200967e+17 
-1.7325998080e+09 
2.3609373335e-30 
-3.3510542959e-36 
-1.6801505243e+18 
3.1480326425e-28 
-1.0176052243e+20 
1.6879386624e+10 
6.2758848071e-04 
-3.0999335043e-13 
-7.1708369643e-36 
-2.9038506710e+19 
-3.6300606618e-14 
-5.7987051765e+22 
-1.9919004322e-36 
-1.3982376268e+35 
2.4133298811e+23 
2.2405322029e+31 
1.1549219489e-03 
-1.0318489268e-38 
-1.1235007663e-34 
9.5759059921e-19 
-6.2969920691e-06 
5.6486865743e-36 
-2.7129530907e-02 
-2.6854560708e-25 
2.0572876800e+08 
-1.4508888125e-03 
-5.0705086289e-16 
-1.5328801603e+28 
4.3828821432e+33 
4.7978346629e-08 
3.4014109988e-39 
-4.9919331140e+14 
-7.2681198761e-27 
1.2377957234e+16 
4.7767551045e+22 
-1.5753929944e-24 
            nan 
-3.4945320127e+27 
1.5546477316e+18 
-2.8608144137e-32 
-7.6207313248e-38 
1.8767867450e-25 
-6.1200763038e-21 
3.3266026652e-12 
1.7761834568e+15 
-1.2041982400e+08 
4.5198598144e+10 
-3.4023805772e+30 
3.9318049941e+14 
7.0260172297e-37 
-1.1039602538e-20 
1.5084091392e+10 
-5.4546291098e+11 
-2.3989205124e-32 
-1.6585659583e-32 
-9.3469142189e+21 
-3.9528815719e+31 
4.8449893626e-30 
-1.2600901993e+20 
-1.7081860028e-35 
1.6211011978e+22 
6.2000307617e+03 
4.2597346549e-13 
-2.8013123047e+04 
-1.0498114307e-06 
6.5410006420e+35 
6.0800390625e+02 
2.8051801382e+27 
1.1902197266e+02 
-1.0235558285e-33 
9.1463974268e+17 
-3.1448179043e-31 
5.3906113814e-34 
2.8840714244e+20 
6.4392640143e-32 
7.4525822796e-23 
7.8779179603e-05 
5.0724886650e+36 
-3.1633587416e-32 
8.1149210018e-08 
-1.6084330401e+14 
-4.0828847059e+33 
-2.8638845691e-18 
2.2013990286e-21 
1.0084403200e+08 
-7.8251467701e-24 
3.8738123820e-11 
9.5876971129e-26 
-1.9289396605e-16 
1.6794999849e+13 
4.1343504563e-05 
3.3193499843e-24 
-1.5194562500e+04 
2.5349053269e-20 
1.3224506378e-01 
-1.5239835812e+12 
-6.4695088177e-21 
8.5368028052e-23 
-4.0240974093e+33 
1.0105875254e+18 
1.6151142120e-01 
-1.3088996721e+12 
-1.6331920000e+06 
-1.7981348629e-29 
6.9849985796e+19 
-3.1167626381e-02 
-4.4257545979e-35 
-1.7425326218e-35 
4.2549683666e-16 
1.3002688347e+34 
9.4974771371e-33 
-1.2264454741e-17 
-4.9389946802e-32 
1.2796560000e+06 
-6.8692864684e+21 
-4.1041709483e-04 
-8.6258405186e+15 
4.9664929829e-16 
1.5018830624e-10 
-1.1542080000e+07 
-1.4110736909e+31 
1.9288324052e-36 
-3.3017822266e+01 
-9.7776297480e-05 
3.5537165658e-15 
7.5236129721e-27 
-8.3460672880e-37 
-4.0032383800e-01 
-7.8205193750e+05 
2.3950498438e+05 
2.8160030562e+38 
1.9203871489e+00 
-2.1071337163e-01 
2.1736170535e-13 
3.5850319360e+09 
-2.2125075287e+18 
6.2011002061e+13 
-1.0993170463e-06 
2.5394603840e-22 
-4.6013027200e+08 
-1.4647419608e+28 
-1.0359864877e+30 
-8.7704659235e+29 
1.6404463677e-03 
-1.9570366279e-20 
2.8874568732e-36 
5.7946347319e+37 
9.7655211073e+26 
-1.3370655509e+24 
-3.4578893885e+29 
1.3564048335e-02 
-1.4463444861e-21 
6.3600895774e+15 
-1.0342195199e+33 
-6.6968292023e-10 
-1.2753362793e-22 
5.9071675000e+06 
1.4928587200e+08 
-5.0467911769e-16 
-6.7808136919e-06 
-1.3861590381e-29 
6.8975524658e-27 
3.2586091309e+03 
2.7730800823e-27 
-5.9934351988e-16 
1.3088516597e-21 
-1.9500400947e+32 
9.1836207461e+35 
8.1569682617e+03 
-3.3111105024e+26 
1.6300398750e+06 
3.4205569055e-31 
1.0491989087e-05 
-1.7774850575e-25 
6.5539840542e+22 
-2.3790908942e-24 
-1.3847734876e-33 
1.0097493279e+12 
2.6678592012e+13 
-5.2364026524e+14 
3.2454249284e+13 
2.0132645531e-20 
-1.4975959040e+10 
-7.1191429120e+09 
-1.0708624779e+16 
2.1687041171e+29 
4.1712997257e+16 
9.0238146816e-14 
-2.3889231633e+20 
6.8742828650e-23 
-1.1599189725e+20 
-1.9290373974e+33 
-7.5949677238e-37 
6.5630106760e+14 
-5.8704754338e-05 
-1.0184894479e-33 
7.5595345955e-14 
-3.5003331613e-15 
7.7854339213e+29 
-2.3300269013e-25 
-1.6423263550e+00 
-2.4010620725e+36 
2.0720910790e-26 
1.0484848022e+00 
2.2531585693e+00 
1.8950927720e+31 
-2.0503875000e+04 
-1.5815449971e-35 
-6.5585449219e+01 
-5.3765053215e+22 
4.7122450173e-30 
-9.5452996902e-06 
4.5979454734e-20 
-3.6893768311e+00 
-1.7532796224e+34 
2.5327606201e+00 
1.2207687508e-30 
-2.5970484612e+35 
1.0907309442e+35 
2.8447031975e-02 
-5.0673770602e-07 
-4.9386536527e-13 
4.5871796875e+05 
-1.5548936523e+04 
1.2393177248e-33 
-6.7188502125e-18 
-1.5437131107e+35 
-3.0019468194e-25 
-1.4690599043e+13 
-1.2617909646e-30 
5.7258506558e-07 
8.6933137837e+14 
-1.1910684883e-08 
-5.5787376686e+25 
-3.0364818299e-11 
-8.5721200971e-11 
4.6380221008e-24 
2.7426420736e+10 
2.2442427507e-05 
5.0391608320e+09 
1.8222980800e-16 
4.4389484350e-19 
2.4574467645e+32 
-3.3588315284e+38 
4.2471981895e+32 
-3.5945193075e-16 
-2.1942490712e-02 
6.7423993205e+30 
7.4627893980e+37 
-7.5986106462e-30 
-1.5408383547e-07 
2.0315770998e+36 
-8.5010609957e+26 
-1.1453310547e+04 
-4.7611129761e+02 
1.4295549542e+11 
3.4638436677e-34 
2.7959483800e+14 
2.8905699328e+10 
-1.3387527919e-33 
-1.3345064284e-24 
-7.1356215411e-15 
4.3727849386e-28 
-8.7278771433e+27 
3.3300695263e-36 
2.6505184463e+33 
1.1903756786e-05 
-2.4772738089e-36 
5.3803654637e+31 
-7.1926200704e-38 
-2.3566285642e-12 
-2.6451295265e-21 
-3.6165924579e-23 
7.0770027520e+09 
1.7637106066e-04 
2.7384441582e-27 
8.6884618550e+23 
1.6413606585e-12 
4.3217150960e-06 
-4.9521855807e+37 
2.4221897125e-01 
1.5102853120e+09 
1.9282607293e-35 
-2.2656400688e-05 
1.9250177638e+13 
7.1228515625e+02 
-7.0632710338e-29 
-1.2441870451e-13 
-2.8623180697e-06 
1.9930744171e-01 
8.4102856749e+23 
-8.6142953716e+18 
-3.0421507620e+17 
1.5968374879e-24 
-2.2679464794e+23 
7.1345381455e-28 
-1.7517547897e+31 
1.4031508747e+31 
5.3949783429e-33 
-1.3079592964e-11 
-1.1000323926e+14 
-6.9400970381e-21 
-1.8993160000e-30 
-3.5350250000e+04 
-8.3204697324e+27 
6.3768798828e+01 
1.5592225720e+23 
-1.3275041510e-08 
-8.9640799306e+13 
1.4575794339e-03 
-2.2177700885e-05 
-6.2270570103e-20 
-3.6933914991e+18 
-2.2779354006e+30 
-9.2571600000e+05 
-1.5138938579e-05 
6.1646948970e+26 
-7.4366101762e-04 
-3.8908395806e+21 
-8.8216811468e+35 
9.2757825889e-14 
-3.3926287584e+15 
3.7750076502e-12 
-4.1576167524e-15 
-1.2511658687e-29 
1.3239807749e+19 
1.9701428149e+27 
1.9507811123e+11 
-1.9082459865e-34 
-4.0293285554e-27 
1.5477677581e-35 
-3.3170528412e-30 
-3.3203903809e+03 
9.5352884751e+27 
6.3835519552e-01 
8.1702101503e+35 
1.4537935750e+23 
-1.7082913853e-23 
5.6864666540e+25 
-6.8593568956e-32 
1.6429611418e+11 
-1.8373609710e+15 
5.0347956869e-14 
-9.0889352012e-20 
7.0012765570e-17 
4.7990469488e-35 
2.7520679836e+18 
-1.4395494084e-31 
-6.6218516271e+27 
-1.0028074592e+38 
3.0571064320e+09 
-2.0251438738e+30 
-6.5264174273e-12 
-7.2913348198e+11 
2.1230870395e-09 
-4.1217719058e-32 
2.4039647077e-26 
-6.6583700413e+28 
-8.6824873652e-22 
-7.5336793333e+25 
-3.4398079475e-26 
-1.0481346704e-21 
-6.3183432617e+03 
-6.1846487931e-09 
-5.1792810407e-22 
1.3803461390e+19 
1.3661226855e-34 
2.4094435336e+21 
-9.3827743484e-37 
1.0496411888e+19 
7.0707062719e-19 
-5.8907388000e+07 
-4.2686517515e-11 
-2.0209623672e+15 
-5.3945064545e+01 
-3.9916371902e-21 
-9.3582537072e+25 
7.2365308326e-31 
-6.3829443699e-27 
3.9833464290e-38 
1.1561674989e-35 
3.4047696590e+00 
            nan 
-7.3185024923e-28 
2.9684596875e+05 
-2.2027175173e-16 
-8.1355016278e-33 
1.6872677775e-14 
-4.6940542040e-33 
-1.4847097600e+09 
1.4417855000e+07 
1.2070374595e-20 
-3.6440755354e-37 
7.1622576922e-34 
1.9114471205e+30 
1.4805997870e-33 
-6.8667876609e-27 
6.2393870476e+29 
2.1392972941e+36 
3.6950165150e-12 
4.0683809276e+13 
-8.7889833350e-25 
-4.9873031101e-18 
6.1092936221e-07 
2.4915188676e-33 
3.0716716309e+03 
2.4432499808e-26 
-4.5447863185e+27 
4.3413599134e-24 
-1.1493602408e+38 
-1.9104880220e+28 
-2.2017667294e+00 
-7.8908723928e-19 
-3.6209164382e-30 
-7.3043963544e+13 
9.8961209327e+29 
-4.6802040521e+14 
9.8562333657e-18 
-4.0855914199e+18 
3.4388356198e-06 
-4.5350786299e-02 
-1.7527266173e-03 
-1.1325361394e+30 
-8.7170708152e-11 
-2.3731596160e-29 
8.8405851505e+12 
8.6190604615e+21 
-1.1950884761e-21 
-2.9192623514e-21 
4.4736076961e-04 
1.0180836469e-35 
-4.3870851117e+30 
1.3723013965e+35 
1.1981951784e+22 
4.8082759857e+01 
-9.8797130437e+35 
-5.6160608074e-04 
-1.0164212435e-01 
-7.5972513908e+34 
-1.0583972476e-16 
9.0034188438e-11 
1.9636452065e+13 
6.7875277996e-01 
1.9686371400e-29 
-9.4144387468e-33 
-1.1741357500e+06 
6.9270048594e+16 
-6.4761911189e-36 
-1.2016869714e+25 
4.4812671184e+32 
1.8094307410e+12 
9.3593672383e-36 
1.2493331243e+24 
2.4136612397e+16 
3.3179421907e+38 
1.5905816767e+23 
-4.8036226813e+33 
-7.3637734384e+13 
-6.0156972777e+37 
5.6537983976e+17 
1.4423568081e+18 
2.6483237768e-38 
-6.3253128424e-37 
4.8851986649e-17 
2.4662000203e-21 
-2.0625961176e+33 
3.4005076787e-23 
-9.5193484375e-15 
1.1036179972e-13 
6.5560091608e+24 
-2.0246428058e+11 
-4.1898745298e-18 
-2.6444623047e+04 
7.9544668502e+27 
1.0074553984e-27 
6.7177902130e-10 
-1.6395573438e+33 
-5.2908810646e+32 
1.6226881742e+00 
-3.6784826678e-27 
-4.1660246094e+04 
2.0582020091e+37 
-2.3998438926e-31 
1.1868830823e+18 
-5.4901290365e-39 
-4.7714618161e+35 
3.2139239920e-05 
3.1944994781e+36 
-1.6603242894e+35 
4.5745410281e-21 
-2.0893754481e+26 
-2.2176481485e-10 
2.0873196911e+19 
-4.1719732634e+12 
4.9819096155e+19 
2.5856318382e-34 
-1.4277006485e+14 
-4.9492696970e-28 
-8.6336503955e-06 
-3.2264399057e+34 
5.9605820375e+13 
3.6473035162e+11 
3.2767465701e+25 
-1.8843090817e+27 
3.5949645322e-30 
-2.1878656753e-06 
-1.2886143763e-32 
-1.2315278080e+09 
-1.3212658921e-36 
-2.5773771200e+08 
-2.3732846816e+17 
-4.9517941830e-11 
-1.4992567929e+28 
3.6209423811e+12 
1.2169385044e+30 
-5.5898427686e-30 
-4.8670954704e+00 
-2.1366166568e+30 
2.5235387651e-37 
2.5841633753e+29 
-3.2263926448e+13 
-1.1560049974e+29 
-2.8903601691e-02 
-6.2016557617e+03 
-2.7785510782e-33 
1.6536323310e+17 
-4.0485841134e-13 
-1.6735318596e-18 
2.1366912000e+07 
1.7844140625e+03 
1.5733431573e+14 
-1.1192498150e-19 
-1.8965068506e-31 
-1.0494587869e-31 
-2.1872914665e+17 
5.5235593899e+18 
4.1855504959e+18 
7.7321827412e-03 
-1.6134261245e-20 
1.2892839712e-23 
1.1868006400e+08 
1.6148481518e-04 
2.6777643622e+16 
1.5105086868e+34 
-6.9837588750e-34 
2.8578699194e-13 
3.2266396102e+35 
-2.5141495321e+30 
5.0463430583e-02 
-4.7237518999e-38 
-2.0658483200e+08 
7.2558278830e-13 
-1.2814906738e-28 
1.5770006216e+23 
-6.8518262039e-23 
-3.3068851932e-26 
2.0853460846e+36 
1.5147691119e-36 
-1.2973885077e-08 
1.0269671361e+26 
-1.0492467880e-01 
1.9387906662e+38 
1.2546048727e-15 
1.1846132111e-05 
-5.0182357811e-23 
2.8098412201e-17 
-2.6017903110e-13 
1.9031217574e-13 
-4.1563410968e+34 
-1.0519946840e+24 
-1.9117566400e+08 
2.1605318528e-24 
3.7178384865e-30 
2.8908845056e+10 
4.4014490492e-38 
-8.6253568307e-13 
9.3754551116e+26 
3.2192240825e-36 
-1.7614179803e-22 
9.7579883209e+36 
-4.7749906460e+29 
2.5357007894e+23 
-2.2805597065e-27 
-3.2993312037e+37 
6.0654481437e-09 
2.1611620809e-16 
-7.3820595972e+14 
-7.1888404625e-29 
-8.4070729784e+37 
-6.0785551833e+30 
-3.8638981428e-23 
2.0802117329e+27 
-2.1667555250e-10 
-8.2359783259e-15 
7.3691303842e-03 
-4.1196860241e-14 
-3.5796913430e+22 
7.9920947528e+12 
4.0041314216e-23 
4.0252148337e-23 
4.8108416791e-16 
-2.4166322630e-14 
-7.2853828046e-35 
2.9532541745e-08 
-5.6822828131e-26 
1.6903973011e+30 
-1.0004855511e+36 
-3.6275516894e-33 
-1.0614024860e+18 
-5.5468746094e+04 
-2.1653108113e-30 
6.5150455120e+17 
-6.0192977093e+17 
2.8499793687e+34 
4.1527804337e-26 
1.1687996422e-21 
4.8754175077e-04 
-4.5728045898e-37 
7.7804082943e-33 
-4.6301099133e-07 
-1.3114161449e-12 
-7.5143796741e-10 
1.2667261601e-30 
-1.0282896996e+01 
-2.6978856296e-36 
5.2144998312e-01 
-3.4333194066e-08 
-9.2819917396e-23 
4.8844594777e+21 
2.5025417239e-20 
-3.5154919106e+33 
8.9214841705e-33 
-4.5389759845e+16 
6.3218688062e-09 
-2.9157187471e+26 
-8.5566578908e-32 
2.1801161879e+29 
1.1108134234e+33 
-4.1065085665e+12 
-2.5213371094e+04 
2.1125905931e-28 
-5.5929284668e+02 
-2.9708285795e+26 
1.1197103824e+32 
-8.2652099356e-32 
2.1686397552e+01 
-1.0051036468e-18 
9.8027291942e-27 
1.0747440800e+08 
-1.5207744837e+00 
1.3647190430e-26 
4.9880916777e-05 
-2.9007532376e-08 
-7.7089738625e-05 
5.8439564449e+22 
-4.8331199452e+35 
-8.5833110809e+00 
-2.1145296875e+05 
-3.4251989564e-04 
-1.5406609920e+09 
-9.2179189402e+16 
-1.2053899246e+18 
7.0441698009e-19 
-7.6972514351e-18 
-6.9450307617e+03 
6.0781596423e-10 
-9.5613831220e-39 
-1.5409393987e+24 
-8.4896021166e-26 
-2.4682685305e+30 
2.5732864373e+15 
-2.3183159836e-09 
-2.1143159973e-15 
1.5376791730e+26 
3.1148447769e-28 
-2.1743197465e-07 
-1.1215665793e+24 
-2.5258525331e-38 
1.6947411968e+10 
4.9470060712e+35 
-2.4648623047e+04 
-2.8429083479e+20 
9.3493650322e-11 
-1.3307216022e-06 
4.3405922064e+25 
3.5843212956e-16 
8.1868828391e+27 
-1.6717671890e-30 
-6.2146633451e+25 
2.6123989083e-10 
6.3989460177e+18 
1.1017581504e-18 
8.7061702400e+08 
3.6360996875e+05 
-7.3862602181e+24 
6.4583197021e+02 
8.9067297178e+11 
-1.1399633275e-17 
8.0207735872e-28 
-1.2151299976e-02 
-5.5243136454e-11 
-9.5449027781e-35 
-8.7839216000e+07 
1.1361462882e-08 
3.6004105421e+11 
-1.8761393920e+09 
-2.3235495526e+11 
3.2601608967e+17 
1.0981382605e-24 
5.1362059139e-07 
-1.6384519373e+11 
1.5261021241e+13 
9.1636320395e-31 
3.1764604000e+07 
3.1698882423e-37 
7.1519606372e-14 
2.3059229574e-34 
-1.3089187453e-33 
-4.7414646094e+31 
-9.6809996251e+31 
4.1997929214e+23 
1.6319951507e-14 
-1.2955538864e-09 
1.0419170503e-33 
1.8667099116e-13 
3.0093342066e-03 
7.8399044531e+14 
7.6484139890e+18 
-4.9829000000e+05 
-1.7288390884e-37 
4.9088227132e+22 
-1.4077772287e-16 
4.2925109870e+18 
5.3637775507e+31 
2.0874679502e-25 
-2.0507400222e-08 
-4.6957029554e-07 
1.6836477017e-35 
-1.1265347616e-14 
1.2623901966e-05 
9.6432297911e-12 
5.9192420690e-27 
3.5270857600e+08 
8.6503237906e-10 
4.0823065956e-13 
-4.7645280000e+08 
-2.2915675000e+06 
-6.8859897600e+08 
9.9774486343e-25 
            nan 
-1.5093252227e+13 
-3.7637103358e+16 
-1.3011570395e+38 
-2.7415244457e-19 
2.3535873047e+04 
1.2986221917e+31 
4.5101576697e-28 
-4.8263168537e-06 
1.3406587129e-07 
5.3622120679e-29 
-3.6581193180e-32 
1.0068218715e+15 
-8.4578993039e+26 
-2.3291922210e-11 
-4.4734720348e-35 
5.5729626956e+22 
4.2021014507e-38 
-4.4509105064e-25 
-6.4902084598e+28 
2.3139019200e+08 
3.9541155829e+30 
-1.0287330042e-05 
2.4669423055e-06 
-2.1100598067e+11 
-3.6838800192e+27 
2.1103460093e+28 
-4.6551598964e+15 
-5.9395917340e+22 
1.2487218400e+08 
-8.2793150953e-25 
-2.6574657722e+21 
1.0337221508e+29 
6.1091165542e+27 
2.7924490947e+24 
4.6530219192e-30 
1.3077915034e+15 
2.7040032746e-19 
-1.9707068086e-35 
1.4529915827e-16 
-9.3257385743e-06 
-2.9611281207e-05 
-9.4033392000e+07 
1.4061966404e+34 
9.0116929680e-24 
5.3384496885e+24 
-1.9940572631e-12 
2.2589826602e-13 
5.0998427734e+03 
-2.3695788535e+29 
5.4631242818e-16 
3.2560475114e+29 
-5.6167560137e+32 
7.8804261219e-40 
6.4692409416e-12 
-4.0519961082e+21 
6.9674820775e+34 
-7.1538046635e-38 
-8.3688257660e-31 
6.3212661269e-23 
-2.4165317281e-17 
-1.6869812484e+34 
-1.7358669434e+03 
-5.0307753050e+13 
1.5022463273e-08 
3.3214773168e-19 
-2.0241518750e+06 
-1.5845681600e+08 
5.5116669692e-13 
2.2802550372e+18 
-1.1975187942e+38 
4.9599228000e+07 
-4.0811012347e-09 
7.9122550964e+01 
1.9295790803e+37 
-3.3836642824e-37 
2.8939162011e-26 
-1.2757739850e+20 
2.7420439668e-18 
4.3270286655e+36 
9.2039030466e-29 
2.8116400404e+27 
-7.1707028213e+21 
1.2322568148e-01 
4.4385487519e-33 
8.6683773378e+15 
-2.8263870847e+31 
6.1874711364e-24 
-9.8793258262e+22 
-4.1603013301e-07 
-2.3966696241e-25 
8.7748795070e-17 
3.9894254208e+00 
2.7199001309e+22 
6.4301820000e+07 
3.0255495377e-25 
1.2751580650e+21 
-2.8348324820e-02 
1.1831077136e+14 
5.9104817152e+10 
5.9403242631e-05 
-1.0994135402e-02 
-1.7589924857e-02 
2.3360603372e-28 
1.6350629722e-19 
-6.0213084354e+31 
6.1827924886e+13 
1.6081842659e-24 
-3.2313202780e-08 
5.6272803840e+09 
2.1976697521e+36 
-2.8840035915e-10 
7.0904852303e+17 
1.0874492541e+24 
-1.0689726000e+07 
7.6967345000e+06 
-1.5605908120e-03 
-3.8836515635e+11 
-2.3223174503e-04 
4.9205732375e-37 
-1.0569105972e+24 
6.0063354283e+28 
-4.2845154792e-36 
-2.1384091037e+18 
2.6969807331e+17 
-2.0164097036e-14 
4.6681553931e+23 
1.0534575434e-09 
-3.0295626063e+36 
-1.4619008670e+28 
-8.7826550000e+06 
3.8307396875e+05 
-1.4335613227e-31 
9.2449065070e-10 
5.3781769342e-26 
4.2604141014e-20 
-8.1273571889e-26 
-7.6448186519e-06 
1.4685515812e-30 
3.8945893053e-15 
-3.5428454956e+34 
5.1590197308e+26 
-6.1376806349e-02 
1.5736159086e+00 
-1.9230159353e-26 
9.2543536333e+11 
-1.3963861262e-35 
2.2865240272e-30 
-1.0179079375e+06 
-2.1381363686e-28 
2.3606098438e+05 
9.6689270000e+06 
-3.9840359846e-15 
-3.0616586323e+16 
4.1258608316e-19 
5.7850164570e-21 
4.7367995000e+06 
4.2819376434e+19 
4.2714444249e-38 
1.3990939651e-26 
1.1926787777e+24 
-1.5378898160e+34 
-1.5538606704e-06 
-2.9418397500e+06 
9.5662793750e+05 
2.9778379792e+29 
2.5197518077e+29 
-1.2184380740e-01 
-2.0480168930e-25 
1.3923429525e+35 
-5.9162738295e+14 
1.4251268005e+02 
1.7844212152e-06 
-1.5531364751e+22 
-4.8067969423e+24 
1.1988172714e-20 
-1.2943064880e+02 
1.7541686519e+31 
-5.5596366134e-14 
1.8411136628e-19 
1.3982104132e+14 
5.5863751186e-05 
3.3235396875e+05 
1.6860246612e+33 
1.8174908515e+19 
5.4329282207e-22 
3.3416996875e+05 
-1.0348774348e+37 
-2.1944342172e+32 
7.2890886804e-04 
-1.0928212665e-02 
-6.6934051582e-33 
-2.5415801274e+37 
-2.2371950514e-35 
5.2194552823e+34 
3.3622989785e-35 
3.6127955126e-23 
-1.6342884077e+14 
-1.4601850468e+26 
-4.8687742212e-30 
-2.2479089437e-30 
1.4878222967e+35 
-4.2095403568e+26 
-8.2621580539e+32 
-1.2354794502e+01 
-1.6152972355e-02 
2.4428674468e+18 
-1.0908293029e+25 
6.5209716516e+37 
5.1153694674e+14 
-1.3578413567e-11 
3.6267823975e+17 
6.7187084800e+08 
5.6666753113e-34 
-1.0844458302e-04 
6.2676613214e-17 
-4.1331505234e+12 
-1.2041142716e-28 
-1.5240568246e-05 
2.5841916280e-34 
-4.5876150131e+00 
-2.7336990449e-09 
-2.5622224349e+34 
2.0703917142e-17 
2.4315686557e-33 
-5.8831262026e+33 
-4.8261550918e-18 
1.6370134933e-35 
-3.8012947243e-06 
-1.9880431620e-36 
-6.5816236713e+30 
-2.7014314253e-17 
7.9358906323e-27 
7.0877129833e-33 
-1.2059607601e+17 
1.9003903507e+34 
1.7702737160e+15 
-9.9064751884e-26 
-1.3505787748e+20 
-1.0557405347e-30 
-3.6213248418e-26 
-5.1357248270e-32 
-2.2675481187e+19 
4.3869565092e+12 
-5.3755817051e-25 
-1.4543281687e+27 
2.5672727585e+01 
1.2961908156e-27 
-1.4534510303e-29 
-2.0264512623e-30 
1.1412534185e+18 
1.6015165244e-29 
            nan 
-6.2683899236e-31 
1.4951302999e-12 
5.5727088196e-22 
2.6292037801e-24 
6.0664937304e+31 
-2.8960120841e-14 
8.4344022499e+13 
-3.3664764000e+07 
-6.1203926173e-25 
7.4728839783e-10 
-3.6388501596e+33 
-3.5176867096e-37 
4.9802383827e-35 
-2.4755794869e+36 
-4.4039484113e-02 
-2.0063201373e-04 
4.6695754902e-11 
7.8030015201e+26 
-1.6124768881e-03 
2.9953190282e+38 
-1.1077313331e+11 
4.9541406551e-25 
-9.4520553007e-33 
1.9674281066e-04 
-1.4014756781e-34 
-2.7767698760e-23 
-5.4317929425e-06 
-5.6083609937e+16 
1.6733105344e+15 
6.1940393750e+05 
-4.0462376841e+24 
2.4432657659e-01 
2.2127457305e+37 
-3.7408319768e-03 
1.8839595162e-10 
-1.0241395559e+19 
7.3012383359e-29 
-5.0523189545e+01 
5.6864231206e-12 
5.0168688076e+19 
-5.2118061693e-26 
-1.6714207488e+15 
-3.2959997708e+28 
-1.0132836070e+28 
3.7991160000e+07 
-6.2591973765e+32 
-4.6384729044e+26 
6.7533232033e-37 
            nan 
4.0760811888e-35 
-8.8436208000e+07 
1.4255172697e+35 
-2.5210299182e+33 
2.9987069865e-05 
7.7170870000e+06 
3.3282929184e+29 
-4.2599195039e+16 
3.5423455720e-15 
-8.9408973029e-17 
7.8147878647e+00 
-1.0560727119e+01 
-2.8638662078e+15 
1.1002173530e+34 
-1.2540835021e-29 
1.1009890196e+20 
-2.4145440273e+18 
-3.7516545956e-23 
6.1961265000e+06 
2.1581813155e-22 
-2.4882289655e+25 
1.0406295964e-10 
-7.4092888064e+10 
-9.2901626533e-19 
-3.3122825871e+38 
-3.6785312226e-38 
-3.5285563867e+13 
-7.0045933127e-02 
7.4087011028e+19 
2.7200505785e-19 
1.8381294148e-20 
5.6799176399e+18 
-4.8862454447e+30 
-1.3923186575e+31 
2.9100907396e+16 
1.0382013780e-23 
2.4761281319e+25 
-1.3882610185e+35 
1.4923794851e-24 
-1.2746326299e-27 
2.4375608444e+01 
7.7137878924e+16 
3.8472983006e-23 
5.2749363969e+32 
1.0013730165e+27 
-4.0835260203e+20 
-1.4079960217e+17 
6.6051947021e+02 
9.3133036800e-24 
3.7756077376e-08 
-6.8829659854e-12 
8.0094230652e+01 
5.1193979835e-37 
-1.2017264404e+03 
-8.5213742523e-32 
9.3025405946e-38 
5.5901146841e+17 
1.4034792776e-15 
4.2137820856e+12 
-1.0594052168e-16 
-1.0257520874e+33 
-1.0912300375e+18 
9.1289350530e-04 
1.2503546880e+10 
1.2655447048e-36 
5.7825668119e+25 
3.5006023687e-12 
1.5333556175e+01 
-8.5721877871e+17 
-1.2010073099e-36 
1.0262061523e+04 
-2.3150467106e+35 
-6.4481545762e+26 
2.0454899859e+16 
2.1634931826e+33 
1.1068398318e+14 
-2.3532908630e+02 
1.0989896990e-30 
2.5972310596e-19 
-2.6536226602e+18 
-4.0011246094e+04 
1.3457678750e+06 
6.2772333913e+27 
-3.9969219856e+25 
-2.4027952194e+01 
1.2129536642e-27 
-3.7466707768e-31 
7.1579773930e-07 
2.3152106939e+31 
9.9155895412e-02 
2.9003509400e+13 
1.0662058813e+19 
-1.0403417042e-33 
-8.4042780782e-36 
2.5969296875e+05 
-3.9175002522e+11 
-4.7205778381e-32 
1.3057570300e-28 
1.8089174887e-36 
4.1154450596e-23 
5.9157258085e+22 
-2.2056456655e-02 
1.7815198106e+11 
7.5686856521e+18 
-7.7070495384e+13 
6.7418317536e+36 
3.5633294213e+12 
-1.8054737191e-25 
2.0732662013e+34 
6.9292472839e+01 
-1.7320060884e-15 
-1.0324963848e+33 
2.5975411590e-26 
-1.2859724760e+00 
-3.6180050228e-19 
2.5687651079e-27 
5.8515450880e+09 
8.6037842516e+21 
-7.5338799554e-18 
2.1019564618e-31 
-4.9046713139e+11 
2.7863421565e-05 
2.1650022507e+01 
6.2990664706e-30 
-1.5789477995e+33 
2.8245242537e+17 
3.8167516362e-17 
3.4249591891e+32 
1.5143109793e+15 
5.0728803211e-16 
1.4539175347e-34 
8.4887482775e+30 
1.6963691451e-05 
-9.5223218248e+29 
-5.5079486764e-36 
-1.5913090205e-32 
-1.0042182744e+20 
1.2042532109e-17 
-9.8988530226e-06 
-4.9221526034e-28 
-9.7220549199e+20 
2.1756670462e+32 
-8.8635638566e-17 
3.7344510555e+00 
1.3415024102e-28 
2.4996598933e+14 
-1.2584703200e+08 
1.7315457742e-22 
-1.4559685253e-02 
-5.5260740169e+20 
-1.2317454278e+30 
6.8068334617e-27 
5.1407485040e-12 
-3.1224560521e-28 
-4.6697182617e+03 
5.5710534255e-26 
3.1763359053e-32 
8.7609853734e+24 
-6.7171193116e-28 
-2.0515765617e+12 
3.0574495106e+15 
1.2059467459e+21 
-2.4988754577e+26 
-1.0716182802e-10 
8.7193733300e+13 
-1.0870267170e+38 
1.3916571258e+37 
1.0197864727e+38 
-2.8102830586e-18 
2.5203462699e-16 
-1.0478749729e+21 
7.4952502249e+21 
4.3047655648e-36 
8.4964036878e-15 
-6.6253352165e+00 
-9.0164412416e+10 
2.3717640600e+33 
-1.0846599660e-11 
6.7226731065e-37 
-3.2671941386e-35 
-6.8603810735e+28 
4.5018087424e+11 
-1.5919056482e-34 
6.6377910000e+06 
-2.1140421741e-03 
-3.1865827739e-02 
2.3320167202e-06 
-2.1669061773e+17 
2.9027963867e+03 
1.7537893200e-06 
-1.7854696875e+05 
-2.9258782064e-08 
-1.8724569634e+17 
-1.1314173977e-27 
9.8928439617e-01 
-1.6717120161e-05 
-9.8923484375e+04 
5.3387076578e-28 
            nan 
3.2464475000e+06 
3.4605514401e+19 
-1.7010385464e+24 
1.0243478750e+06 
-9.9200580025e+23 
3.7754459281e-11 
-2.8592938977e-20 
1.8268397500e+06 
-1.0986369280e+09 
4.3482166290e+01 
-1.4634044830e-27 
-4.8642822255e+21 
-1.3370338234e+28 
-2.6707907951e-37 
8.0690216064e+02 
-1.3023094506e-15 
-6.1358330321e+37 
2.1559709982e+19 
-1.2677878571e+02 
-9.5583185207e-33 
-1.4426032706e+28 
4.0206100298e+20 
-3.1245461426e+03 
2.4273693331e-37 
-3.5314953804e+33 
1.0188540012e-09 
-1.9315916800e+11 
-1.7642248346e+38 
1.7813089328e-13 
-1.4875113724e+21 
-1.0271413120e+09 
2.9312319384e-05 
7.7995690617e-07 
8.3964785822e+27 
7.6513672773e+18 
1.4543055161e+26 
3.2653936958e-19 
-3.6241092926e-21 
5.9293390648e-34 
5.3369474962e-39 
-4.9020051614e-27 
2.0633979809e+17 
8.0634125379e+14 
3.5337278242e-11 
4.8918165445e+24 
-1.1386268083e-26 
2.5353208963e-21 
2.9186416096e-17 
7.7032356388e+19 
-1.4746087731e-27 
-4.1907116393e-25 
-2.3032935496e+21 
9.7774799470e+25 
8.3700584123e-27 
1.0950497714e-23 
-3.3087276388e-03 
-1.0481446407e-28 
2.8323495936e+11 
3.8771328595e-36 
            nan 
-1.3961216583e-16 
4.9300138282e-29 
-3.5696142536e-29 
-2.1454058855e-37 
-3.1512432882e-19 
6.4560950000e+06 
-2.1032584872e+13 
-9.5480351266e+20 
8.5631356133e-23 
4.6990090240e+10 
-4.0635548271e-35 
-2.3704060800e+08 
6.0500957373e+37 
1.6773316677e-12 
9.4426940918e+02 
-6.9480273920e+09 
1.0346761032e+34 
-6.9622771175e-36 
-1.4934305069e+26 
1.9696769038e-26 
-6.7115738971e+25 
-2.3683462289e+36 
2.5154687636e-21 
-3.9996197447e-03 
5.0577802734e+03 
-1.7243797240e+36 
-3.0678738805e+20 
-2.2129558400e+08 
2.3325202964e-35 
5.8882425390e-20 
-1.3047272243e+11 
-2.5482372870e+32 
-2.6719525064e+14 
-2.1045731524e+28 
-4.3358030915e-01 
-4.3976505688e+15 
3.7320489600e+08 
-1.8945843301e-20 
1.7426936590e-16 
1.4932220774e+21 
3.2413557196e-36 
4.7203995648e+10 
2.7061872786e-33 
-1.3421373000e+07 
1.1227302347e+20 
4.2454130408e-16 
-1.0889987493e-30 
9.5850493951e-15 
2.3734105040e-24 
4.0021638909e+22 
1.1812895487e+30 
-3.6821534595e+17 
1.2173093414e+02 
-2.2912034878e+14 
-2.5672975885e-32 
3.1218567109e+23 
3.8740773926e+03 
2.0346977600e+08 
-1.7891107178e+02 
6.0746113001e-12 
1.5061888000e+09 
4.6574281672e+36 
5.2105452000e+07 
4.9991740525e-05 
-1.9488781543e-16 
-9.5987848890e+18 
1.4870881466e+22 
2.2084496312e+28 
-5.6587646213e-07 
7.7440605040e-09 
-2.0973749149e-15 
-1.3519039245e-27 
1.6569339322e+30 
1.0629870592e+10 
-1.6305651681e-26 
-3.8376375020e-19 
7.4081749517e-06 
1.2964080802e+23 
-4.6341279583e+26 
2.2324361737e-07 
-1.5674897766e+02 
-1.5806370987e-17 
3.8153904384e-37 
2.5561074524e-12 
-5.7385716000e+07 
3.5408192546e+21 
-4.2366192925e+19 
-2.0790556136e+33 
-3.2164739091e+26 
1.3149461446e-13 
1.4999410718e-23 
1.6231280764e-09 
-5.7258817833e-04 
-2.0352631362e+38 
1.4198192157e+14 
4.7472747350e-18 
6.0797500105e-25 
1.3401667096e-32 
7.1773817107e+30 
-2.3905647542e+25 
4.2544624565e-35 
-8.9620056437e-29 
-3.8617693376e-26 
3.2817329156e-06 
2.9170619427e-18 
2.8634852975e-35 
4.8026583763e-27 
4.6729976000e+07 
6.3216024619e-20 
8.0569982810e+27 
2.5175188210e+24 
1.8605753140e-36 
2.2110609720e+23 
-5.0761742188e+04 
1.5783143672e+16 
-5.8421842754e-02 
3.0891001600e+08 
6.8204182833e+27 
-1.3679454235e+26 
4.2709958691e+25 
-4.1604692009e+36 
3.1098411652e+32 
1.4545088676e+12 
-7.3038395891e+24 
-6.1506559845e-09 
5.9628427734e+03 
1.4541728540e-20 
7.6591811430e-30 
-8.0948622314e-31 
-2.0623740000e+07 
1.0668071680e+09 
-1.9274152692e-06 
8.9886818942e+23 
1.2480084907e-19 
-2.0445523968e+10 
-4.7792502288e-18 
1.5033898875e-02 
4.6230278932e+17 
-1.3713632360e+35 
5.4633401969e-11 
-2.8520823562e+22 
-3.3616827568e-04 
2.1193825523e-04 
-9.1245484375e+04 
-2.2572471824e-17 
-1.0108449388e-27 
-1.5914003931e+34 
7.2048185742e-17 
2.6160292682e-11 
-1.9804239360e+09 
1.1760774349e+11 
-9.8252290479e-25 
6.3658856380e-25 
2.1454737032e+25 
2.3369189250e-07 
-1.2510620284e-25 
-7.4948419936e-17 
-2.5721657051e-23 
-1.4460946785e-31 
-1.2074184570e+04 
-1.0493547871e-11 
-4.6834154637e-04 
4.5334052042e-26 
1.6899655577e-31 
-1.8410341841e-16 
-3.9315564693e-10 
1.4616253000e+07 
1.0632691949e-10 
-2.4227038011e-06 
1.6102199795e+26 
2.8732171282e-02 
-4.9003672647e-11 
-2.5882367893e-29 
2.1610530032e-10 
3.2006946120e-39 
1.0627772847e-17 
-2.1521295312e+05 
-6.9835661189e+30 
-1.6400815150e-09 
8.4236599505e-02 
1.5021482963e+22 
-6.7369488368e-30 
3.0677793461e-07 
-6.5210259483e+25 
-9.6909566048e-20 
8.3591253169e+31 
8.8610065394e+18 
-6.8253302102e+21 
5.9869749248e+10 
-1.7121325845e+32 
-4.7069052734e+03 
-2.7993045278e+15 
-5.3830810416e+27 
9.9026091537e-26 
2.2534340581e-33 
-4.8402550495e+27 
-1.3942553992e-35 
-1.4451101978e+15 
-6.0419270409e-17 
1.1090693691e-32 
-1.2190329415e-22 
-1.6291201674e-38 
7.3520799483e+20 
2.4457642436e-01 
-1.8797546630e-08 
-7.4143146926e+36 
-1.1554730506e-08 
6.8616387500e+05 
-1.3519635437e+20 
2.7849252166e-16 
-3.0627097600e+09 
-7.4768055078e-29 
2.4523028515e-06 
-5.4118834207e-17 
9.1009520000e+07 
4.6520989806e+17 
3.0194000896e+22 
3.6522064209e+02 
-2.9705826008e+23 
1.2439010341e+19 
2.2415753454e-02 
-1.0230402040e-05 
-7.6926748326e-31 
2.7869742224e-28 
-7.3753907924e+27 
1.1789972574e+35 
            nan 
5.7149843057e+28 
7.3975684728e-35 
-4.8765329408e+10 
-5.2456694288e-23 
-4.2254609477e+29 
-8.4797367454e-02 
-1.4412216079e-32 
3.6191972884e+12 
-4.9901793750e+05 
-2.3926896875e+05 
4.0275393750e+05 
1.5376684380e-27 
7.1284858070e-21 
1.8566052914e+00 
-8.1997329391e-14 
4.9257702084e-11 
-8.2973812249e+24 
-1.2943413499e+19 
2.2409309963e-07 
-5.2170544214e+33 
4.3382772093e+15 
9.0950273738e+23 
-1.4765440964e-30 
-1.4866648242e-02 
8.5713206594e+27 
-2.3888493888e-03 
6.9115882722e-13 
-1.2719290368e+10 
2.5683276367e+03 
-3.7731077341e-16 
3.7987013497e+28 
8.9154369868e-32 
4.1029682573e-33 
1.7008423731e+11 
4.5432873963e-29 
7.3127267184e+34 
-1.6606369968e-07 
5.0489772829e-18 
5.3513836954e-16 
6.5195482346e-10 
2.1226394215e-27 
1.8214499840e+09 
-4.6169934861e+30 
-1.7086870152e-38 
-1.6515988389e-15 
5.2245506640e-27 
-3.9659289612e-15 
1.1838717600e+08 
-6.2332410737e+14 
-8.3035430001e+27 
-3.1912544715e-33 
1.7771882013e+30 
-2.2250013423e-36 
3.1979012636e-38 
-2.2440576828e+35 
-1.4670288436e+23 
-2.1924868342e-34 
2.1928332483e-09 
-4.2489925466e-21 
1.1393698120e+02 
-2.4693116885e-08 
-1.5182594304e+29 
1.3888539841e-12 
3.2697855922e+22 
2.6505461426e+03 
-2.4291510880e-01 
4.4947190285e+00 
-4.4711943425e-21 
3.6751905697e+27 
3.1229756755e-35 
6.2635695897e-18 
9.7577179947e-34 
-7.1268347168e+02 
-3.6173814535e-01 
4.3273737779e-37 
-6.5609006825e+22 
2.8072177689e+17 
-1.2024518118e+21 
8.0246161360e-07 
-2.3507533073e+00 
1.4809664747e-35 
1.0186058935e-03 
3.3358326486e-20 
1.6493903862e+30 
-4.9462308960e-16 
-2.7754642781e+26 
-7.1524013379e-08 
7.9033372292e-20 
-1.1399223044e-27 
4.4716150782e-09 
2.1878696875e+05 
3.7566296935e-34 
-2.4168649292e+02 
-1.6226422787e+00 
1.9640172832e-03 
-4.8878286169e-22 
2.8164023197e-11 
2.6422771949e+16 
-1.0637377522e-23 
4.6124054414e+26 
2.0141794434e+03 
-4.1879014923e+16 
-4.3157848028e-16 
-1.0802550222e-36 
3.6940045156e-32 
1.1981098851e-06 
-1.3288589898e-21 
4.9967072635e+29 
3.4194491699e+23 
-1.7482321167e+02 
3.2286765692e+14 
-1.2926161933e-27 
2.6715516000e+07 
4.1571825857e-24 
-5.8572813802e+31 
-1.6160411278e-32 
-3.2143879390e+22 
-1.3017146309e+20 
-4.2846878173e-30 
-4.0961689002e+30 
1.3470341855e-06 
3.9841624540e+37 
-1.5869669186e+38 
            nan 
-1.4320935547e+04 
-2.6219112396e+01 
3.3629171550e-02 
-6.4061017600e+08 
-5.0062739200e+08 
-2.3273301334e+22 
-1.1454992615e-31 
-2.7646565513e-33 
1.7990688143e+16 
-6.5672044544e+10 
2.4010085269e+38 
1.2974371346e+29 
1.4719880158e-28 
-3.1943225793e-30 
6.2539174744e+36 
-3.6226150340e+35 
-1.8964649295e-10 
-1.0890797986e-10 
3.4581722546e-31 
1.7858720724e-08 
2.2370133064e+18 
4.6250673155e+16 
3.2033871094e+04 
4.2673981230e-21 
-3.7937749770e+28 
-1.7085389210e+11 
-2.2613960763e+18 
6.6585498681e-35 
-1.8492475891e+02 
2.0479120300e-26 
-2.6586369141e+04 
-5.7271589032e+24 
4.4601559771e+26 
3.1332973126e-37 
-6.4109262430e-24 
2.2079687245e-16 
1.2498040771e+03 
-7.1398626881e-34 
-8.8033773424e-39 
8.8892848432e-14 
-1.3648147185e-34 
2.6861613668e+17 
2.1293445466e-27 
9.9327507710e-29 
4.6649588000e+07 
2.0512764723e+11 
-3.8968839179e+35 
9.1896110724e-38 
-5.6100401313e-29 
-5.2751769178e-34 
-5.6420506010e+11 
6.7354042343e-09 
6.1153248036e+23 
1.9670003637e+35 
-7.6948216067e-35 
-6.7996312282e-05 
9.5169436932e-01 
-9.3467565918e+02 
2.0658135142e+25 
-9.1428388259e-05 
-5.4122649386e+34 
-1.0378194061e+23 
1.4534742149e-05 
1.2117418876e-20 
6.0832667256e-32 
1.4797360229e+02 
-1.1492007616e-04 
-3.6090104531e-15 
1.3693680640e+10 
7.2502068368e-13 
5.4402840093e-38 
-4.7938411496e-37 
7.5784728681e-21 
1.5649515024e+19 
3.5905255658e-08 
1.3839561523e+04 
4.2028023017e-05 
2.3395956736e+10 
            nan 
7.6950055144e+29 
-9.7955817698e-33 
1.8051646880e-17 
-2.3174298937e+35 
-5.9474440192e+10 
2.4569796026e-01 
6.9669739348e-29 
1.5584811983e-16 
-1.5528779931e-22 
2.9738088669e-29 
-2.0869553915e-12 
-1.8349963284e-05 
-1.8657443840e+10 
-3.4093828767e-27 
1.4792722602e-11 
4.5077557813e+17 
-3.9966023957e+23 
1.9741331336e-37 
1.9735820734e-26 
-4.4491517564e+24 
5.2298560000e+06 
-3.2586889953e+12 
6.0292482812e-14 
2.0746100150e-14 
1.3444665819e-04 
-1.3703272216e-24 
9.5529535335e+17 
6.3987921749e-05 
1.7627395888e+34 
5.4515317383e+03 
-6.3173112040e-19 
6.9962816437e-25 
-1.5885704346e+03 
2.7493950708e+18 
1.6074992332e-15 
-4.1592549194e+17 
-1.7606970002e-15 
-1.5390414400e+08 
-2.1527344133e+14 
-5.1446325602e+29 
2.2023053945e+21 
2.3951870828e-14 
-4.7649998713e-36 
1.2704791694e+34 
-9.4424837016e-07 
3.4345353583e+14 
-1.0439920188e-38 
-3.1053469859e+15 
4.9183041126e+11 
9.6322864730e+29 
-8.6399909973e+01 
2.6570286751e+00 
-2.4871580992e+32 
-1.9599045942e-08 
2.5394057145e+34 
1.4235674888e-27 
-3.5409955934e-18 
-3.6462891464e-25 
3.2648194044e-12 
8.0594770303e-31 
2.2559905943e-08 
-3.6840907569e-07 
2.1077249146e+02 
-1.0381416234e+33 
1.1442417629e-36 
2.7906779200e-02 
-1.0826060819e-31 
-1.1428392647e-32 
-1.0143293081e-25 
2.8296170564e-21 
-1.1568249509e+25 
-5.8581139939e-11 
-1.0146646160e+15 
3.1920770027e-08 
-4.8036526562e+20 
-2.9060370432e+10 
-1.7872140996e-38 
-7.0276965332e+02 
-1.2255782489e+26 
-2.2917703125e+05 
-8.8770810928e+33 
-1.5110761771e-34 
-1.2039756118e+20 
3.3077368622e-10 
-7.7370193321e-04 
1.9742580566e+03 
-1.2303187915e+22 
2.4174988548e+20 
-5.6723957444e-33 
1.1792172703e+33 
-1.3916813259e-05 
-7.0220809092e-34 
-5.0155816637e-32 
1.7129184332e-22 
-6.1858095567e+27 
-1.5102734034e-15 
-4.0120820631e-04 
-1.9987869263e+00 
3.2516210971e+20 
1.1115820629e+22 
-3.5881081203e+22 
-6.4351033600e+08 
-2.5777776497e+28 
-2.1963641979e+12 
-4.6117597128e-20 
-6.5362367978e-24 
1.5048468400e-22 
-7.0464874575e-19 
            nan 
5.0968674259e-06 
-4.7983928154e+36 
3.3509504900e-23 
2.6156591573e-20 
-6.6715181600e-24 
-5.4260505676e+01 
-7.1586840508e+26 
9.3517166999e+23 
3.0400584365e-05 
-1.0201159362e+30 
-5.2223712364e+27 
-1.4021214547e+38 
5.0115525000e+06 
6.0981097620e-24 
-3.5839495615e+34 
8.2345408294e-25 
4.3127253652e-01 
-2.0260664169e-03 
-1.4375579340e+14 
-2.1225296813e-35 
3.7530930826e+14 
-2.0976199944e-10 
-2.2010254896e-15 
1.4185454885e+35 
3.7974670015e-36 
-1.2123975372e+02 
-1.6052947612e-03 
-7.2430078872e-03 
1.3137438477e+04 
-3.6923322243e+22 
-1.0720716334e-19 
-4.6602324967e-20 
-2.1143400269e-18 
5.1573921267e-32 
-1.1494624697e-12 
9.2232183184e-31 
-6.0275032064e+10 
3.9682008154e+13 
-1.2307609536e+37 
-4.9434306675e-06 
-1.0027770042e+01 
2.2925280237e-16 
1.6127551000e+07 
2.2211105349e-32 
-9.4502877745e-13 
1.4296743538e+16 
6.2915385553e+37 
9.5222759441e+20 
1.4781081440e+31 
6.5196838379e+00 
-4.1821203359e-38 
1.1560297012e-01 
9.4419266318e-39 
9.4466031442e-08 
3.6844491959e-02 
-6.5782831494e+37 
-8.7198828125e+02 
2.3876597314e-12 
-7.0544821081e-36 
-1.2282542012e+30 
-2.5284532675e-33 
-1.1728466505e-12 
-7.9509926656e-25 
-2.0687291905e-23 
-2.0009889603e+01 
-4.1224955569e+31 
-6.4607204276e-21 
-2.6117838400e+08 
5.5863609665e-38 
1.2882770039e-02 
-9.9114934520e+16 
-7.9960784359e-14 
-5.5431608111e-02 
-5.4864173100e-12 
6.7527817383e+03 
-1.4640536576e+24 
5.9605014258e-07 
-1.4137649385e-12 
-1.5420553723e-09 
-7.1592601816e-34 
1.7116524161e-17 
-1.1210689624e-32 
-8.3507494841e-32 
6.4522414225e-21 
2.0030150260e-23 
2.2065072361e+14 
-6.6228356133e-11 
-6.5956256871e+33 
-1.7373824000e+07 
-2.5057115987e+38 
-1.6192522433e+27 
-7.9168457031e+01 
3.1664086108e-21 
-2.1087577283e-24 
4.7504895041e-36 
8.6120016479e-35 
2.6982448866e-24 
1.4519983951e+29 
1.6103565429e-29 
-1.4824830976e+10 
-4.9841208824e-26 
-9.6990064400e+36 
6.4698683673e-06 
5.9579571872e+36 
-3.6190638139e-19 
-6.1193664881e-14 
2.5372328750e+29 
6.4723629763e+23 
7.5477498766e+37 
1.5650241519e-13 
3.4984797239e-03 
2.9029112447e-11 
-2.1498458800e+15 
-2.4672487627e-27 
-7.0975924163e-37 
-7.6200640000e+06 
-1.6288462031e+29 
            nan 
6.7791667200e+08 
2.7599694725e+12 
-1.0372292333e+14 
6.2525854905e-27 
1.8891476327e-38 
6.4960478737e-19 
-8.7507861504e+11 
1.7808403641e-09 
-4.1557646213e-11 
-1.8418589325e+29 
-1.2179839386e+12 
3.5175740211e+11 
-7.7418960132e-10 
1.8736900920e-11 
2.3659906172e+34 
3.2275257861e-26 
-3.9617821371e+27 
4.8939986373e-31 
-5.7908476382e-29 
-7.9040329837e-11 
-2.6367126353e+14 
-3.4836066760e-28 
-2.2480594058e-38 
-1.1036962120e-36 
4.6865152000e+07 
-1.0675523342e+27 
1.2971002561e+13 
-6.3400657382e-06 
7.0349209600e+08 
2.0796492781e+17 
6.0558609377e+14 
4.0228842281e+32 
5.4899775216e+14 
2.9966182345e+24 
1.5421092659e+11 
-1.9616337486e-35 
-9.1030859375e+02 
-9.5718405646e-08 
-1.1105419253e+28 
7.3614540800e+08 
-1.5373577738e+16 
3.8677930832e-02 
4.0700665540e+23 
-1.4924083200e+08 
2.7932707146e-15 
4.9705375653e-17 
6.9566066103e+25 
-9.8747276510e+20 
1.2194496000e+07 
1.7757580741e+20 
1.3257302835e+11 
-1.8811118867e-38 
5.4493905048e-12 
-5.2027155637e+20 
-7.8657529600e+08 
8.5427751841e-14 
-2.1146360397e+01 
-1.3258757008e-06 
-1.3716962337e+00 
1.1433553482e-05 
-1.3020976676e+27 
1.8159609744e-20 
2.0403690368e-37 
4.1534001939e-03 
1.8236820948e-14 
4.9151506779e+18 
1.1032226431e+13 
-5.5081602186e-02 
7.5645773995e+35 
-3.4416470923e+30 
-5.9455926530e-03 
-1.3499302368e-24 
-1.1023926347e-32 
-2.6882097226e+16 
-7.7332500000e+04 
3.6696091381e-29 
2.5397275479e+22 
2.1871011014e+21 
-2.4789212826e+27 
3.7746862347e+37 
-9.0403156292e-34 
-1.6577226861e+17 
3.1760833963e-09 
-1.9920263356e-13 
3.3122323691e+33 
-1.0254194094e-18 
7.4373456856e+33 
-3.5010466748e-12 
-4.6472618167e+17 
-1.2156312457e-18 
3.8918733597e-02 
2.3093670052e+12 
1.1861287327e-23 
-4.0572212257e-11 
-1.2328713384e+36 
1.1800004840e+34 
-1.4161675305e-13 
-6.0763194516e-26 
4.8828702749e+27 
-1.0521533203e+02 
2.6402385637e-25 
-1.6044521811e+38 
-8.2152369100e-26 
-2.1954120243e-33 
-2.4280768884e-27 
-2.2164730174e-38 
-1.2534258076e-08 
-7.5653786795e+25 
3.8223520000e+06 
-1.2790308258e+25 
-9.1520124812e-11 
1.5956687451e+28 
-1.3228073833e-18 
1.9967722258e+20 
4.8879680000e+06 
9.3358315225e-38 
4.0118681600e+09 
6.4976507248e-15 
-2.0277622955e+37 
1.5729995599e+14 
-7.1485117551e-35 
-3.0227987761e+23 
1.0797581788e-29 
5.4029468126e+18 
9.2316555543e+13 
3.6584994306e+31 
2.1884861755e+02 
-6.3818103823e-27 
-4.0583495866e-04 
-3.9211166323e-13 
2.7392439736e+15 
5.1307696887e-38 
6.0864936919e-19 
-6.6873590579e+23 
-1.5876863897e-01 
-4.8916946033e-23 
9.6050357354e-29 
-1.7036895165e+25 
-1.1395795496e-23 
7.8721252125e-32 
-1.3032196430e-18 
2.0810807817e+23 
-3.3768674857e-29 
5.9173305257e+15 
5.8604057617e+03 
-5.3765372000e+07 
-2.5205955505e+02 
4.5171972364e-02 
-1.2616758984e+25 
3.8345295545e+22 
-8.3523453962e+35 
8.7240781266e-10 
3.9994489170e+19 
1.0476679017e-04 
7.4410584361e-09 
-1.6283650917e-37 
-2.0835134833e-12 
1.0710598703e-25 
-1.5532525139e+25 
8.8292155866e+36 
1.9822790192e-14 
-8.7405740109e-17 
-5.5876844169e+28 
7.6940118358e+18 
-1.0445545472e+11 
8.1762637695e-38 
-7.3672854900e-01 
3.7426942587e-01 
-1.7568063361e+16 
5.2145242188e+04 
-1.8508305288e-07 
-5.2631800000e+07 
-7.0816749448e+28 
-8.3304687406e-19 
1.1821790720e+09 
-1.3706139357e+36 
1.2215450624e+10 
-2.1111287534e+22 
1.5797113157e+22 
1.2426185512e-26 
-5.9276320995e+26 
5.7876163737e-06 
-5.7104932204e+32 
1.1192297755e-08 
1.6223202252e-12 
1.1978883414e-24 
1.3376832960e-18 
-1.5800820064e+35 
-2.6301377914e-24 
-6.7644974403e-31 
2.6599257600e+09 
-6.3161548576e-15 
-3.2519344018e-07 
-1.5655061523e+04 
3.4913832388e-35 
1.5250467598e-27 
-5.8910320088e+21 
2.3135833429e-30 
-5.3592035135e-18 
3.0491440640e+09 
2.7039085398e-04 
3.3166796692e-19 
1.5546798874e-12 
2.1262779428e-20 
-7.0723049343e-02 
-1.5086628507e-13 
5.1840585564e+12 
8.9291242067e-17 
-1.9276932897e-38 
-2.4975408106e+34 
3.7066370221e-17 
-3.6227019162e-09 
-1.4264925995e-23 
6.8789371782e+34 
-6.5261551754e-06 
2.5332446720e+09 
2.5726130336e+27 
-5.5576449841e-24 
1.5736208297e-05 
-9.8881033419e+21 
3.6161406250e+03 
2.4734850985e-19 
1.7395085372e-11 
1.0437148017e+12 
-4.7903977669e-37 
-3.4604032000e+08 
1.9302442670e-03 
-1.2766332213e+28 
4.1329260056e+36 
-1.2777918548e+17 
-2.3870486750e-12 
1.3740334001e-39 
-9.9476519095e+31 
-8.1225319014e-29 
            nan 
4.9622607807e-34 
-1.0287231435e+33 
1.1621857564e-31 
2.0440851347e+19 
-3.7562277377e+14 
-2.6498877030e+11 
-1.5975900619e-18 
-8.4831404124e-09 
-1.9559967621e+12 
-1.3027392987e-14 
-1.0426742109e+35 
-3.1581964914e+14 
3.2171355636e+18 
-1.8193967819e+01 
1.2933089165e-03 
-8.4778115234e+03 
1.3665750718e-31 
-6.0831252452e+35 
-5.0928582031e-34 
-1.0110129521e-28 
-3.1317055923e-18 
-1.2058264000e+08 
3.1066197852e+12 
-7.1142873764e+00 
-1.3584619696e-18 
-1.7443789622e+21 
-1.5109295312e+05 
-1.1958744542e-13 
-5.0975576782e+02 
4.6521270512e-37 
9.8013111797e-24 
1.9231436554e-33 
3.1512338867e+03 
-1.0661989107e-14 
9.5929128168e+30 
6.5533430247e-26 
-5.6189692000e+07 
4.5736034404e-10 
1.5163021772e-06 
-2.5622827593e-07 
1.5668971448e+37 
8.1871339085e-35 
1.3571871932e-05 
2.1583333763e-23 
-3.9987321943e-02 
-3.8907217215e-38 
2.1222420798e-07 
1.0187701056e+33 
3.8269322543e+16 
1.3194052292e+15 
2.1562329661e+12 
1.1966540537e+37 
6.4591976936e+20 
-5.3743931333e+20 
7.9673100117e-08 
9.8220972714e+26 
-1.7955626177e+15 
1.3480780172e+31 
-1.6196562191e+16 
4.7618357797e-35 
-1.2966962692e-17 
-1.3346065652e+19 
8.3954452693e+24 
-8.1036753880e-39 
1.5727097766e-38 
1.7554391040e+09 
4.2245400000e+05 
1.5950906924e+33 
-8.3021633946e+11 
1.6834145974e-38 
6.4784708803e-27 
-1.5598300000e+05 
3.6375957078e+13 
-2.1131859283e-14 
-6.4126222490e+31 
3.2295036316e-01 
1.9226173663e-38 
2.3557618078e-08 
2.2957954662e+28 
-2.1723248015e+32 
3.2626074819e+14 
-5.1052399632e+32 
-1.2841559201e-30 
-3.8642310485e-36 
-1.2585388184e+01 
-4.1421308848e+14 
-1.9276485546e-06 
3.0162688357e-26 
-6.4994728045e+35 
5.5108337402e+00 
3.4042091116e-38 
1.0154027684e-15 
1.8086358120e-35 
-1.7991583888e-35 
2.4122577621e-25 
-1.1831481934e+01 
            nan 
1.7709722096e-39 
3.0923593750e+03 
1.4565898902e-37 
-1.9051915274e+20 
2.6492285542e-05 
-5.7988567278e-05 
-1.4682847148e-24 
-4.5617750000e+04 
2.8840445571e+35 
-1.3688293166e-08 
-3.2059469959e-06 
-2.1601283504e-24 
-2.0810857947e-32 
-2.1236051112e-13 
8.8431846415e+24 
-2.8458003098e-15 
5.6815682737e-35 
2.0106370662e+30 
1.4360285795e+29 
2.2775179349e-29 
-5.2993453090e-27 
-2.3756591597e-34 
-1.5596109005e+31 
3.6569289598e-16 
-2.4892979621e+35 
-2.9130090843e-04 
1.3998601205e+35 
6.9910922680e+35 
-2.7590967951e+12 
-2.1762404638e-30 
-5.5939720175e+31 
2.1136759222e-01 
-6.1594589969e+37 
-3.9748746094e+04 
2.0888890900e+12 
1.5876647694e-06 
-2.9532295101e+34 
-2.4526912396e+17 
5.7061112000e+07 
-1.1042750000e+07 
4.2956388446e-10 
-2.3116530332e-34 
1.1933477984e+19 
5.4783494345e+15 
4.0572397411e-02 
1.4694704001e+36 
-5.6034266491e+34 
2.6960607959e+38 
8.7268691804e+12 
-8.8174480128e-31 
-3.2279871050e-12 
8.9449283768e-32 
-7.5796366505e+17 
8.5784099824e-09 
            nan 
-1.2109706969e-32 
7.4211099223e+25 
5.8726715054e-31 
8.4976010546e-32 
2.8906723681e-09 
1.5697090930e-05 
3.3392734548e-33 
-1.0868949171e-32 
-3.2965246094e+04 
-9.5519134521e+02 
-3.0328553180e-07 
-1.9532742954e-05 
1.9810395352e-19 
2.1047294720e+09 
-3.0835069538e-06 
-1.3209105271e-14 
-9.5451535265e+20 
-9.9034036529e+30 
9.8411122524e+13 
8.2408203125e+02 
-7.5946352156e+24 
3.1980976853e-35 
-2.1286528096e-10 
-3.3778063658e+23 
-7.1079004556e-05 
3.5546923478e-15 
5.5821958382e+13 
1.0429580102e+37 
-2.2102434265e-28 
-1.4304495954e+14 
-4.1020528411e-35 
-1.8013291992e-05 
-7.7126733905e-20 
-1.1261529754e-33 
-1.0476640801e-24 
1.1561457138e-32 
3.1579280705e-29 
-3.9111255654e+11 
-5.1759920564e-37 
7.4306500000e+04 
5.6415010246e-21 
7.8206658363e-03 
-1.1212378950e-28 
4.5843117171e-16 
-5.3224139800e+26 
-7.9938500000e+04 
-2.6524599574e-15 
7.2463269848e+18 
-1.7688083649e-01 
-1.1418746880e+09 
2.6129641505e+13 
6.9796562500e+03 
-2.3993068816e-14 
-5.5037219227e-09 
-1.3762479974e-23 
-2.0277303391e+17 
2.0204009682e-26 
2.9219227144e-06 
4.5015830680e-18 
1.5045384057e+29 
-1.9873775340e-36 
5.5313694720e+10 
-5.9875000320e+10 
4.2066682967e+21 
5.7156864000e+07 
4.7690467909e-05 
-2.0220913516e-36 
-1.8304494372e+35 
-1.3812979608e+23 
2.8904148936e-01 
3.9474000294e+24 
-8.9033269646e-09 
-1.3632200616e+23 
3.6001954196e-10 
1.7878186620e-23 
2.2131374080e+10 
6.8486794874e+36 
            nan 
1.2785414804e-24 
-1.6285709448e-09 
-5.8025565894e-36 
5.4093071958e-04 
1.8270589309e-33 
2.9931452035e-29 
5.5299794534e+11 
8.3071709581e+27 
-2.2833078592e+34 
2.1899042433e+35 
-1.6695501675e-20 
3.2569948160e+10 
-2.2795487720e-09 
4.2145246094e+04 
-1.3169698438e+05 
3.9339824000e+08 
-3.8641683201e+24 
1.2151230317e-27 
1.3366751261e-07 
9.3267192000e+23 
-7.0512390236e-35 
6.8859393475e+12 
-2.5290778967e+25 
2.9167421941e-33 
2.1825123140e-15 
-9.1655638244e-05 
6.4763301723e-31 
8.5266741451e-38 
-1.3026904768e-20 
2.3523903809e+03 
-1.4121885300e+01 
3.3040040174e+37 
2.2239526598e-33 
-6.7035248503e-03 
-4.4423630461e-03 
1.3823404252e+14 
3.7079248121e+22 
-5.2313035848e-11 
-7.9114060800e+09 
-5.5473914880e+09 
3.9419583510e+28 
8.8483847454e+37 
-7.0660149756e-25 
2.6911533214e+17 
2.8951663608e-25 
-1.3385332339e-12 
4.9394272000e+08 
-1.4238629265e-27 
-5.2967503721e+20 
-2.2848689841e-20 
8.0387080362e+21 
6.7437516800e+09 
-5.9566047353e-21 
-8.5639593750e+05 
1.0672080211e+14 
4.9594386071e-28 
1.3807663457e-08 
-5.1424455680e+09 
1.2762828874e-06 
-8.0600751610e+25 
-1.5951238941e-10 
-2.8349396875e+05 
8.5467156447e+13 
-5.0961334109e-28 
3.4731069474e-13 
-1.6353807068e+02 
-2.5060999697e-27 
-2.6603517440e+09 
3.1722365078e-13 
-1.0198837438e-22 
8.4389055693e+12 
1.5925349419e+24 
6.9325489911e+14 
6.9995726287e+37 
-1.9794564599e-10 
1.9504665395e+11 
-9.6967556299e+27 
-7.4396204240e-20 
1.7314361989e-37 
2.1121129173e-36 
-8.2394745791e+35 
-1.5960061777e-13 
3.3897517875e+32 
4.9750960835e+37 
1.5818440407e+35 
7.3227321574e-36 
-2.9949801636e+02 
-3.3869473934e+00 
7.1732515479e+28 
-9.2691960000e+07 
-1.0164479501e-11 
4.3166207886e+02 
-1.4097976794e+21 
2.7594120509e-30 
-1.9607126386e-33 
-3.8701106678e-04 
1.5861468632e+25 
-4.0549712470e+32 
-4.6459644067e+35 
1.8297079325e+22 
1.1128530986e-07 
-1.0306659852e-34 
-1.2294501171e+11 
-1.9388434002e-24 
8.8115625907e-12 
7.3246657848e-03 
-1.4641088538e+24 
-7.8605726263e+32 
-1.2770761910e-23 
1.1724458002e-18 
1.8001819958e-38 
-5.2870763323e-12 
5.7432461934e+24 
1.4353856000e+07 
7.3068482422e-21 
1.5302219845e+24 
1.0881187500e+04 
-4.0845829277e-24 
-2.4936862041e+24 
2.6864628671e+29 
7.4974650488e-08 
-3.3270091903e+28 
7.3898109854e-12 
-2.9279216309e+03 
-3.2498013973e+00 
-2.8134575832e-12 
3.0463484245e-35 
-6.9107182617e+03 
4.6993777077e+27 
4.2189715610e-10 
3.3589218551e+15 
6.2631676000e+07 
3.1680020107e+29 
2.5007172813e+11 
-8.3641466839e-36 
-2.6863373047e+04 
-9.9102819487e+23 
-2.9992498827e-13 
2.6682273528e-05 
3.3328256875e+16 
7.3080171520e+09 
4.0785240815e-24 
9.3294277301e-33 
1.1408941352e+26 
2.0301229652e+38 
-3.1236258801e-03 
-7.5005566347e-22 
-1.6152457295e-31 
9.7543806987e-06 
2.2511063589e-17 
1.1560282461e-23 
-7.6203986946e-35 
8.0774181263e+35 
2.6789523806e+38 
-1.6348080378e-37 
-1.6608971781e-26 
-1.7468568578e-28 
-6.7309260368e+00 
5.5369074087e-22 
2.2642210672e+26 
5.0929169778e-34 
-3.7809265162e-19 
-1.6316562432e+10 
1.1439701197e+11 
-9.9634550000e+06 
-7.1392217606e-25 
-2.3401877576e+14 
-1.5452155360e-30 
-1.2208420265e-29 
-6.6346970542e+27 
1.1276886999e+12 
5.2619147457e-37 
-5.5853755648e-11 
5.6481192811e-27 
1.1440924477e-17 
1.0691797562e+29 
6.3360168802e-17 
5.8554567885e+11 
-8.5365731917e+26 
-1.1652611196e-01 
-3.8847753909e-21 
5.9599972504e-28 
-1.8054947510e-35 
1.3709142225e-16 
-1.9239364564e-29 
-3.2475353517e-09 
-1.7617889404e+03 
-6.8535879047e-19 
1.4591539703e+30 
3.5419060805e-13 
-1.6206740141e+00 
-2.1219345217e-04 
6.7333980188e-13 
5.4513925314e-01 
1.9705415669e-23 
-1.4871755776e+10 
-3.6129353677e-25 
2.7070686681e+38 
-5.8291752594e+27 
-7.8030488913e+27 
2.0086950672e-38 
4.4614179226e+11 
2.3025917533e+19 
-4.1572542991e-29 
8.6198293982e+27 
1.0335956755e+33 
2.2261308797e+28 
-2.4585061794e+13 
-1.0848377228e-27 
7.3700805576e+16 
-5.4806386069e+31 
4.1725171489e+20 
1.6879345487e+23 
-3.9751340954e+33 
2.7415489672e+37 
1.0408950720e-15 
-4.1872323363e+15 
2.1161768174e-36 
3.5498704339e+31 
2.8596619144e+20 
-6.0653552480e-30 
4.8365793046e-17 
-4.4474337006e-24 
-8.5401415299e+24 
2.4377705811e+27 
-2.6175767950e+36 
-2.3512298719e-20 
1.1185665639e-18 
2.3856828234e+23 
2.1721266093e-23 
2.6495996508e-09 
2.2744561790e-10 
1.0063750751e-21 
-7.3539550781e+01 
6.0576000000e+07 
-6.1472400000e+05 
-1.3728519364e+15 
-1.0265791087e+34 
6.1349339055e-19 
6.1608370925e+28 
-9.1022683994e-24 
1.2014436722e-01 
-6.8941972131e-08 
3.4004415284e-08 
-5.2189372615e-14 
-1.6154365712e+27 
2.3928761482e-02 
-4.4814554632e+17 
2.4771034901e+16 
5.3718666632e-26 
1.6210715330e-05 
3.7476344500e+34 
-2.7994627768e+12 
3.2468903809e+03 
-1.0850238639e-26 
-2.6987214716e+32 
6.3154265367e-22 
-4.4431535461e+16 
-1.8424147367e+00 
1.0555053120e+23 
-1.0945974395e+24 
-5.9908197021e+02 
1.3561024098e-03 
-2.6390500544e-18 
4.5028729265e+23 
1.0792784691e+01 
1.6863870000e+07 
2.9988682906e-31 
3.4698323297e+25 
3.8274080415e-28 
2.2271612574e-26 
-2.7064859989e-28 
1.9885645486e-07 
4.9562411132e+32 
-6.3864018240e-11 
9.3620410189e-03 
6.7316023048e-28 
-5.8350616183e+13 
-1.6492285035e+29 
1.2002603895e+24 
8.0608963060e-08 
1.1235155832e+38 
-5.2668907969e-21 
2.8857051849e+01 
9.5471713561e-25 
1.4052326008e+14 
7.2162513835e+20 
2.3701164970e-23 
3.8763235132e-26 
-3.2718152896e-28 
-8.0170127275e-28 
4.2924588908e-36 
5.2492363749e+32 
-4.1410337365e+22 
-5.5339165259e+37 
-1.9155871094e+04 
-1.1212203788e-07 
-4.1938732691e-28 
-1.6032166298e+35 
6.5997200425e+12 
-9.3655853271e+02 
-2.5261013767e-11 
-7.7128974598e+17 
-2.4633162921e+38 
1.6864080036e+14 
-6.7032141785e+24 
1.6718622338e+17 
2.4677524100e+37 
1.2141184340e+24 
1.1876045726e-02 
-1.0551911345e-07 
7.9955128740e-07 
-7.7137421783e-08 
-5.7530935571e-09 
1.6080812800e+09 
5.8859889371e-17 
-8.2211682530e-30 
7.5143492188e+04 
-6.7770932617e+03 
-1.9224591073e+12 
1.1333130698e-36 
2.9643091276e+32 
-4.4894215465e-01 
-1.4112904983e+37 
3.8041543031e-29 
2.0409281150e-24 
4.9092166900e-33 
6.0564483035e-28 
3.0425189664e+20 
2.5217152043e-13 
-1.9564060965e-19 
2.5804260971e-32 
-3.7077513989e-03 
7.1990594119e-17 
2.5757193565e-02 
4.7047664387e-24 
1.8891051199e+22 
-3.0987404264e+18 
-3.8402929688e+02 
-2.1488958048e+23 
2.4017383641e+34 
3.1288416138e+22 
-1.6292035662e+35 
2.7065620443e-26 
1.0257807000e-22 
-2.0205019008e+30 
-1.4228820221e+36 
1.8255603302e+11 
1.4664880000e+06 
-1.2900800930e+34 
-7.0619538382e+19 
2.7118146860e-31 
3.1898655514e-34 
1.7585302218e-35 
-6.6873126366e+36 
3.2346097287e-03 
6.1331957410e-15 
-3.3616421180e+24 
-2.7074151616e+26 
-7.1389698182e-25 
6.3923513835e-13 
1.5190145716e-15 
-1.1469853957e+36 
1.1024684100e-30 
-1.2287370035e+11 
-7.1977074258e-03 
1.3050292832e+29 
2.8764645386e+02 
-5.3790847390e+28 
-2.1599102000e+07 
-1.6528654462e-24 
-7.0606607199e-01 
2.6345856897e-27 
-1.6202712593e+34 
1.7688881600e+08 
-5.4465562885e-36 
1.4424611226e+30 
-7.7225449904e-30 
-7.9783518208e+10 
-1.0189168780e-19 
1.4186085083e-34 
1.1762508970e+30 
-2.2363160797e+28 
-4.0221991466e-17 
-1.1379658245e-02 
-3.9029829632e+10 
-8.4911461819e+30 
3.8640592098e+00 
-1.0696801145e+28 
-9.4697674058e-07 
-1.4493266690e+29 
-3.5378519999e-35 
-4.5565115000e+06 
1.1628999502e+23 
6.2292334482e+23 
2.7743617887e-27 
8.0877718211e+36 
-1.9487594706e+38 
6.9683420070e+13 
3.0715361644e-19 
1.5000557500e+06 
-1.1704324609e+33 
3.6724585810e-17 
3.7608131766e-01 
-1.6175973901e+32 
-1.7706386704e-11 
-2.1806735229e+02 
-6.8181966946e-35 
2.3051158204e-10 
2.0089259148e+00 
3.5367736148e+22 
1.1289622608e-25 
1.1052296331e-16 
-3.4228649701e+22 
7.9170672987e+15 
8.3137625101e+24 
5.7466134660e-30 
-7.7522895933e+23 
9.7503203296e-31 
8.0577821806e+31 
-5.0960381391e+17 
-6.2981327579e+23 
5.6410857496e-07 
-2.0471557121e-13 
1.2018455891e-03 
7.8136477775e-31 
-8.9935237246e-16 
1.3791911313e-36 
-1.7368576577e-09 
-8.6717198386e+33 
8.7107879436e-29 
-2.4502143945e+29 
1.6794500000e+05 
6.6325891213e-36 
-1.5408448000e+07 
-6.7184751645e+37 
5.8814548227e+18 
7.7356938269e-19 
-8.7507441640e-04 
-8.0229087717e-22 
5.1122130319e+34 
1.7978900000e+05 
4.7679012864e+10 
-3.0601776202e+13 
-1.7677024007e-03 
-1.0049181291e+34 
-4.7847487051e-21 
-4.8511527145e-30 
-2.4074893190e-08 
4.0225088596e-03 
8.7147841373e+16 
-2.4046524219e-17 
2.1554078068e-24 
-1.7282164227e+25 
-5.8910325718e+21 
2.5817580597e+36 
8.1320285797e-02 
-3.7238958770e+25 
1.9341407210e+36 
-9.6494670978e-16 
-4.4772212277e-04 
